#	Frequencies and overlap
#	bins	MYC	shuffle	overlap_MYC	overlap_shuffle	SIGN_MYC	SIGNshuffle	SIGNoverlap_MYC	SIGNoverlap_shuffle
	0	0	0.000165289	1	1	0.587149	0.61593	0.860465	0
	0.001	0	0.000103306	1	0.987603	0	4.13223e-05	0.860465	0
	0.002	0	0.000103306	1	0.979339	0	0.000103306	0.860465	0
	0.003	0	0.000103306	1	0.971074	0	0	0.860465	0
	0.004	0	6.19835e-05	1	0.971074	0	2.06612e-05	0.860465	0
	0.005	6.19835e-05	2.06612e-05	1	0.966942	0	0	0.860465	0
	0.006	0.000103306	4.13223e-05	0.997934	0.966942	0	4.13223e-05	0.860465	0
	0.007	0.000165289	6.19835e-05	0.997934	0.964876	0	0	0.860465	0
	0.008	0.000247934	2.06612e-05	0.997934	0.964876	0	0	0.860465	0
	0.009	0.000206612	8.26446e-05	0.997934	0.96281	0	0.000103306	0.860465	0
	0.01	0.000206612	4.13223e-05	0.997934	0.96281	0	2.06612e-05	0.860465	0
	0.011	0.000227273	8.26446e-05	0.997934	0.960744	0	4.13223e-05	0.860465	0
	0.012	0.000144628	2.06612e-05	0.997934	0.960744	0	2.06612e-05	0.860465	0
	0.013	0.000227273	4.13223e-05	0.997934	0.958678	0	2.06612e-05	0.860465	0
	0.014	0.000165289	4.13223e-05	0.997934	0.958678	0	0	0.860465	0
	0.015	0.000123967	2.06612e-05	0.997934	0.958678	0	2.06612e-05	0.860465	0
	0.016	6.19835e-05	6.19835e-05	0.997934	0.958678	0	4.13223e-05	0.860465	0
	0.017	6.19835e-05	4.13223e-05	0.997934	0.956612	0	0	0.860465	0
	0.018	4.13223e-05	4.13223e-05	0.997934	0.956612	0	4.13223e-05	0.860465	0
	0.019	0	4.13223e-05	0.997934	0.956612	0	4.13223e-05	0.860465	0
	0.02	0	8.26446e-05	0.997934	0.956612	0	2.06612e-05	0.860465	0
	0.021	2.06612e-05	2.06612e-05	0.997934	0.956612	0	0	0.860465	0
	0.022	0	4.13223e-05	1	0.956612	0	0	0.860465	0
	0.023	0	0	1	0.954545	0	4.13223e-05	0.860465	0
	0.024	0	2.06612e-05	1	0.954545	2.06612e-05	2.06612e-05	0.860465	0
	0.025	0	6.19835e-05	1	0.954545	0	8.26446e-05	0.860465	0
	0.026	0	4.13223e-05	1	0.954545	0	2.06612e-05	0.860465	0
	0.027	0	0	1	0.954545	0	6.19835e-05	0.860465	0
	0.028	0	6.19835e-05	1	0.954545	2.06612e-05	2.06612e-05	0.860465	0
	0.029	0	0.000103306	1	0.954545	0	2.06612e-05	0.860465	0
	0.03	0	4.13223e-05	1	0.954545	0	8.26446e-05	0.860465	0
	0.031	0	0.000103306	1	0.954545	2.06612e-05	8.26446e-05	0.860465	0
	0.032	0	2.06612e-05	1	0.952479	0	0.000103306	0.860465	0
	0.033	0	4.13223e-05	1	0.952479	2.06612e-05	0	0.860465	0
	0.034	0	0	1	0.952479	0	4.13223e-05	0.864486	0
	0.035	0	6.19835e-05	1	0.952479	0	4.13223e-05	0.864486	0
	0.036	0	4.13223e-05	1	0.952479	4.13223e-05	0	0.864486	0
	0.037	0	6.19835e-05	1	0.952479	0	2.06612e-05	0.864486	0
	0.038	0	2.06612e-05	1	0.952479	4.13223e-05	2.06612e-05	0.864486	0
	0.039	0	6.19835e-05	1	0.952479	2.06612e-05	2.06612e-05	0.864486	0
	0.04	0	8.26446e-05	1	0.952479	4.13223e-05	4.13223e-05	0.864486	0
	0.041	0	8.26446e-05	1	0.952479	2.06612e-05	4.13223e-05	0.864486	0
	0.042	2.06612e-05	6.19835e-05	1	0.952479	6.19835e-05	2.06612e-05	0.864486	0
	0.043	2.06612e-05	6.19835e-05	0.99793	0.952479	6.19835e-05	0	0.864486	0
	0.044	2.06612e-05	2.06612e-05	0.99793	0.952479	8.26446e-05	8.26446e-05	0.864486	0
	0.045	4.13223e-05	2.06612e-05	0.99793	0.952479	6.19835e-05	4.13223e-05	0.864486	0
	0.046	2.06612e-05	0	0.99793	0.952479	0.000103306	4.13223e-05	0.864486	0
	0.047	0	0	0.99793	0.952479	6.19835e-05	2.06612e-05	0.864486	0
	0.048	4.13223e-05	8.26446e-05	0.99793	0.952479	0.000103306	4.13223e-05	0.864486	0
	0.049	8.26446e-05	4.13223e-05	0.99793	0.952479	0.000144628	2.06612e-05	0.864486	0
	0.05	0.000103306	8.26446e-05	0.99793	0.952479	0.000123967	2.06612e-05	0.859813	0
	0.051	8.26446e-05	0	0.99793	0.952479	0.000123967	6.19835e-05	0.859813	0
	0.052	0.000103306	0.000123967	0.99793	0.952479	0.000103306	6.19835e-05	0.859813	0
	0.053	0.000123967	8.26446e-05	0.995859	0.952479	0.000103306	2.06612e-05	0.859813	0
	0.054	8.26446e-05	4.13223e-05	0.995859	0.950413	0.000165289	4.13223e-05	0.859813	0
	0.055	0.000144628	4.13223e-05	0.995859	0.948347	6.19835e-05	4.13223e-05	0.859813	0
	0.056	0.000144628	0	0.995859	0.948347	0.000144628	4.13223e-05	0.859813	0
	0.057	8.26446e-05	4.13223e-05	0.995859	0.948347	0.000103306	2.06612e-05	0.859813	0
	0.058	0.000165289	2.06612e-05	0.995859	0.948347	0.000103306	0	0.859813	0
	0.059	0.000123967	2.06612e-05	0.995859	0.948347	6.19835e-05	0	0.859813	0
	0.06	0.000103306	0.000123967	0.995859	0.948347	0.000144628	6.19835e-05	0.85514	0
	0.061	0.000165289	8.26446e-05	0.995859	0.946281	0.00018595	6.19835e-05	0.85514	0
	0.062	0.00018595	6.19835e-05	0.993789	0.944215	0.000123967	4.13223e-05	0.85514	0
	0.063	0.00018595	2.06612e-05	0.993789	0.944215	0.00018595	6.19835e-05	0.85514	0
	0.064	0.000227273	8.26446e-05	0.993789	0.944215	0.000144628	4.13223e-05	0.85514	0
	0.065	0.00018595	4.13223e-05	0.991718	0.944215	8.26446e-05	2.06612e-05	0.85514	0
	0.066	0.000123967	2.06612e-05	0.991718	0.944215	0.00018595	0	0.85514	0
	0.067	0.000144628	2.06612e-05	0.991718	0.942149	0.000123967	4.13223e-05	0.85514	0
	0.068	0.000165289	8.26446e-05	0.991718	0.942149	0.000103306	6.19835e-05	0.85514	0
	0.069	0.00018595	6.19835e-05	0.991718	0.940083	0.000103306	6.19835e-05	0.85514	0
	0.07	0.000123967	6.19835e-05	0.991718	0.940083	0.000144628	0.000103306	0.859155	0
	0.071	0.000206612	8.26446e-05	0.991718	0.940083	6.19835e-05	2.06612e-05	0.859155	0
	0.072	0.000103306	2.06612e-05	0.991718	0.938017	0.000165289	4.13223e-05	0.859155	0
	0.073	0.000165289	6.19835e-05	0.991718	0.93595	6.19835e-05	6.19835e-05	0.859155	0
	0.074	0.000309917	2.06612e-05	0.991718	0.93595	0.00018595	0	0.859155	0
	0.075	6.19835e-05	8.26446e-05	0.991718	0.933884	0.000165289	8.26446e-05	0.859155	0
	0.076	0.000206612	2.06612e-05	0.991718	0.931818	8.26446e-05	2.06612e-05	0.859155	0
	0.077	0.000247934	0.000123967	0.991718	0.931818	0.000206612	4.13223e-05	0.859155	0
	0.078	0.000330579	2.06612e-05	0.991718	0.929752	0.000165289	4.13223e-05	0.859155	0
	0.079	0.000289256	6.19835e-05	0.991718	0.929752	0.000247934	4.13223e-05	0.859155	0
	0.08	0.000144628	4.13223e-05	0.991718	0.929752	6.19835e-05	6.19835e-05	0.859155	0
	0.081	0.00035124	4.13223e-05	0.991718	0.929752	0.00018595	2.06612e-05	0.859155	0
	0.082	0.000227273	4.13223e-05	0.993776	0.929752	6.19835e-05	0.000103306	0.859155	0
	0.083	0.000268595	8.26446e-05	0.993776	0.929752	0.000144628	4.13223e-05	0.859155	0
	0.084	0.000227273	6.19835e-05	0.993776	0.929752	8.26446e-05	2.06612e-05	0.859155	0
	0.085	0.000206612	2.06612e-05	0.993776	0.929752	0.000103306	4.13223e-05	0.859155	0
	0.086	8.26446e-05	2.06612e-05	0.993776	0.929752	6.19835e-05	6.19835e-05	0.863208	0
	0.087	0.000227273	0.000103306	0.993776	0.929752	6.19835e-05	2.06612e-05	0.863208	0
	0.088	0.000144628	6.19835e-05	0.993776	0.927686	6.19835e-05	2.06612e-05	0.863208	0
	0.089	0.000227273	4.13223e-05	0.993776	0.92562	6.19835e-05	2.06612e-05	0.863208	0
	0.09	0.000123967	4.13223e-05	0.995842	0.92562	8.26446e-05	8.26446e-05	0.858491	0
	0.091	4.13223e-05	0.000123967	0.995842	0.92562	8.26446e-05	0	0.858491	0
	0.092	0.000103306	2.06612e-05	0.995842	0.921488	8.26446e-05	0	0.858491	0
	0.093	0.000123967	4.13223e-05	0.995842	0.921488	6.19835e-05	0	0.858491	0
	0.094	0.000165289	0.000103306	0.995842	0.921488	0.000103306	0	0.858491	0
	0.095	4.13223e-05	6.19835e-05	0.995842	0.921488	4.13223e-05	2.06612e-05	0.858491	0
	0.096	0.00018595	8.26446e-05	0.995842	0.921488	0.000165289	4.13223e-05	0.858491	0
	0.097	4.13223e-05	8.26446e-05	0.995842	0.921488	0.000165289	4.13223e-05	0.858491	0
	0.098	2.06612e-05	0.000103306	0.995842	0.915289	0.000123967	4.13223e-05	0.853774	0
	0.099	2.06612e-05	0	0.995842	0.911157	6.19835e-05	0	0.853774	0
	0.1	4.13223e-05	6.19835e-05	0.995842	0.911157	0.000103306	0	0.853774	0
	0.101	2.06612e-05	8.26446e-05	0.993763	0.911157	0.000123967	2.06612e-05	0.853774	0
	0.102	2.06612e-05	6.19835e-05	0.993763	0.911157	0.000144628	0	0.853774	0
	0.103	4.13223e-05	6.19835e-05	0.993763	0.911157	0.000144628	4.13223e-05	0.849057	0
	0.104	4.13223e-05	0	0.993763	0.909091	0.000123967	0	0.849057	0
	0.105	0	2.06612e-05	0.995833	0.909091	0.000206612	6.19835e-05	0.849057	0
	0.106	2.06612e-05	6.19835e-05	0.995833	0.909091	0.000227273	0	0.849057	0
	0.107	0	0	0.99375	0.909091	0.000165289	8.26446e-05	0.853081	0
	0.108	4.13223e-05	6.19835e-05	0.99375	0.909091	0.000433884	4.13223e-05	0.853081	0
	0.109	0	4.13223e-05	0.995825	0.909091	0.000330579	4.13223e-05	0.853081	0
	0.11	0	2.06612e-05	0.995825	0.909091	0.000165289	4.13223e-05	0.853081	0
	0.111	4.13223e-05	4.13223e-05	0.995825	0.909091	0.000289256	4.13223e-05	0.853081	0
	0.112	0	0	0.993737	0.909091	0.000227273	6.19835e-05	0.853081	0
	0.113	8.26446e-05	0.000123967	0.993737	0.909091	0.000330579	0	0.853081	0
	0.114	8.26446e-05	6.19835e-05	0.993737	0.909091	0.000206612	0	0.853081	0
	0.115	0.000165289	6.19835e-05	0.993737	0.909091	0.000371901	6.19835e-05	0.853081	0
	0.116	6.19835e-05	2.06612e-05	0.993737	0.909091	0.000206612	4.13223e-05	0.853081	0
	0.117	0.000165289	4.13223e-05	0.993737	0.909091	0.000330579	6.19835e-05	0.853081	0
	0.118	0.000165289	8.26446e-05	0.993737	0.907025	0.000268595	0.000103306	0.853081	0
	0.119	6.19835e-05	4.13223e-05	0.993737	0.907025	0.00035124	2.06612e-05	0.853081	0
	0.12	8.26446e-05	4.13223e-05	0.993737	0.907025	0.000268595	8.26446e-05	0.853081	0
	0.121	0.000165289	4.13223e-05	0.993737	0.904959	0.000289256	2.06612e-05	0.853081	0
	0.122	0.000144628	2.06612e-05	0.993737	0.904959	0.000475207	0	0.853081	0
	0.123	0.000123967	4.13223e-05	0.993737	0.904959	0.000268595	2.06612e-05	0.853081	0
	0.124	0.00018595	6.19835e-05	0.993737	0.904959	0.000309917	6.19835e-05	0.853081	0
	0.125	0.000123967	4.13223e-05	0.993737	0.902893	0.000289256	6.19835e-05	0.853081	0
	0.126	0.000144628	4.13223e-05	0.993737	0.900826	0.000371901	4.13223e-05	0.853081	0
	0.127	0.000227273	4.13223e-05	0.993737	0.900826	0.000227273	4.13223e-05	0.853081	0
	0.128	0.000206612	2.06612e-05	0.993737	0.89876	0.000247934	2.06612e-05	0.853081	0
	0.129	0.000103306	6.19835e-05	0.993737	0.89876	0.000227273	4.13223e-05	0.853081	0
	0.13	0.000268595	6.19835e-05	0.993737	0.896694	0.000206612	0	0.853081	0
	0.131	0.000247934	6.19835e-05	0.993737	0.896694	0.000227273	2.06612e-05	0.853081	0
	0.132	0.000289256	0	0.993737	0.896694	0.000165289	2.06612e-05	0.857143	0
	0.133	0.000309917	2.06612e-05	0.993737	0.896694	0.000289256	4.13223e-05	0.857143	0
	0.134	0.00018595	2.06612e-05	0.993737	0.896694	0.000123967	0.000144628	0.857143	0
	0.135	0.000330579	6.19835e-05	0.993737	0.896694	0.000123967	2.06612e-05	0.857143	0
	0.136	0.000165289	6.19835e-05	0.993737	0.896694	0.000103306	2.06612e-05	0.857143	0
	0.137	0.000330579	4.13223e-05	0.993737	0.896694	0.000206612	8.26446e-05	0.857143	0
	0.138	0.000268595	0	0.993737	0.896694	0.000144628	6.19835e-05	0.857143	0
	0.139	0.000206612	4.13223e-05	0.991649	0.896694	6.19835e-05	4.13223e-05	0.861244	0
	0.14	0.00018595	0.000103306	0.991649	0.894628	6.19835e-05	8.26446e-05	0.861244	0
	0.141	8.26446e-05	6.19835e-05	0.991649	0.892562	6.19835e-05	8.26446e-05	0.865385	0
	0.142	0.000165289	8.26446e-05	0.991649	0.892562	0.000165289	2.06612e-05	0.865385	0
	0.143	0.000165289	6.19835e-05	0.991649	0.892562	2.06612e-05	4.13223e-05	0.865385	0
	0.144	0.000144628	6.19835e-05	0.991649	0.892562	6.19835e-05	0.000144628	0.869565	0
	0.145	0.000144628	4.13223e-05	0.989562	0.890496	6.19835e-05	4.13223e-05	0.869565	0
	0.146	0.000144628	2.06612e-05	0.989562	0.890496	8.26446e-05	4.13223e-05	0.869565	0
	0.147	0.000123967	8.26446e-05	0.989562	0.890496	2.06612e-05	6.19835e-05	0.869565	0
	0.148	0.000123967	0	0.989562	0.88843	2.06612e-05	6.19835e-05	0.869565	0
	0.149	6.19835e-05	4.13223e-05	0.989562	0.88843	0	0.000103306	0.864734	0
	0.15	2.06612e-05	6.19835e-05	0.989562	0.88843	4.13223e-05	4.13223e-05	0.864734	0
	0.151	6.19835e-05	4.13223e-05	0.989562	0.886364	2.06612e-05	0.000103306	0.859903	0
	0.152	2.06612e-05	2.06612e-05	0.989562	0.884298	4.13223e-05	4.13223e-05	0.864078	0
	0.153	0	8.26446e-05	0.989562	0.884298	6.19835e-05	2.06612e-05	0.864078	0
	0.154	2.06612e-05	4.13223e-05	0.989562	0.884298	6.19835e-05	8.26446e-05	0.864078	0
	0.155	0.000144628	2.06612e-05	0.989562	0.884298	6.19835e-05	8.26446e-05	0.864078	0
	0.156	0.000103306	2.06612e-05	0.989562	0.884298	4.13223e-05	6.19835e-05	0.864078	0
	0.157	0.000123967	4.13223e-05	0.989562	0.884298	4.13223e-05	0.000103306	0.864078	0
	0.158	0.000165289	2.06612e-05	0.985386	0.882231	4.13223e-05	4.13223e-05	0.864078	0
	0.159	4.13223e-05	2.06612e-05	0.985356	0.882231	0.000103306	0	0.864078	0
	0.16	0.000165289	4.13223e-05	0.985356	0.880165	6.19835e-05	6.19835e-05	0.864078	0
	0.161	8.26446e-05	4.13223e-05	0.983264	0.880165	0	4.13223e-05	0.864078	0
	0.162	0.000103306	4.13223e-05	0.983264	0.880165	4.13223e-05	6.19835e-05	0.864078	0
	0.163	0.000103306	0	0.985325	0.880165	0.000103306	0	0.864078	0
	0.164	0.000103306	6.19835e-05	0.985325	0.880165	6.19835e-05	6.19835e-05	0.864078	0
	0.165	0.000123967	2.06612e-05	0.985325	0.878099	0.000123967	8.26446e-05	0.864078	0
	0.166	0.000165289	0	0.985325	0.878099	0.000227273	6.19835e-05	0.863415	0
	0.167	0.000144628	6.19835e-05	0.987395	0.878099	6.19835e-05	0.000123967	0.863415	0
	0.168	0.000206612	0.000165289	0.987395	0.876033	0.000123967	0.000144628	0.863415	0
	0.169	0.000206612	6.19835e-05	0.985294	0.873967	0.000103306	0.000123967	0.863415	0
	0.17	0.000165289	0.000165289	0.985294	0.869835	2.06612e-05	0.000123967	0.863415	0
	0.171	0.00018595	8.26446e-05	0.985294	0.869835	8.26446e-05	8.26446e-05	0.863415	0
	0.172	0.000268595	2.06612e-05	0.985294	0.867769	0.000247934	2.06612e-05	0.863415	0
	0.173	0.000206612	6.19835e-05	0.985294	0.867769	0.000123967	6.19835e-05	0.863415	0
	0.174	0.000227273	2.06612e-05	0.985294	0.867769	2.06612e-05	8.26446e-05	0.863415	0
	0.175	0.000103306	4.13223e-05	0.985294	0.867769	0.000103306	2.06612e-05	0.863415	0
	0.176	0.000123967	2.06612e-05	0.985294	0.867769	0.00018595	0	0.863415	0
	0.177	0.000268595	4.13223e-05	0.985294	0.865702	0.000103306	4.13223e-05	0.863415	0
	0.178	0.000268595	4.13223e-05	0.985294	0.865702	0.000206612	4.13223e-05	0.853659	0
	0.179	0.000413223	6.19835e-05	0.985294	0.865702	0.000247934	4.13223e-05	0.853659	0
	0.18	0.000413223	0.000123967	0.985294	0.865702	0.000144628	8.26446e-05	0.853659	0
	0.181	0.000227273	6.19835e-05	0.985294	0.863636	8.26446e-05	4.13223e-05	0.853659	0
	0.182	0.000433884	8.26446e-05	0.985294	0.863636	0.000144628	2.06612e-05	0.853659	0
	0.183	0.00035124	0.000123967	0.985294	0.859504	0.000165289	2.06612e-05	0.853659	0
	0.184	0.000227273	0.000103306	0.985294	0.859504	0.00018595	0.000165289	0.853659	0
	0.185	0.000413223	0	0.985294	0.857438	0.000227273	6.19835e-05	0.853659	0
	0.186	0.000289256	2.06612e-05	0.985294	0.857438	0.000289256	6.19835e-05	0.853659	0
	0.187	0.000392562	6.19835e-05	0.985294	0.857438	0.000227273	0.000103306	0.853659	0
	0.188	0.000289256	2.06612e-05	0.985294	0.857438	0.000206612	4.13223e-05	0.853659	0
	0.189	0.00035124	0.000103306	0.985294	0.857438	0.000268595	0.000123967	0.853659	0
	0.19	0.000433884	4.13223e-05	0.985294	0.857438	0.000165289	0.000123967	0.853659	0
	0.191	0.000309917	0.000103306	0.985294	0.857438	0.000227273	0.000123967	0.853659	0
	0.192	0.000330579	8.26446e-05	0.985294	0.857438	8.26446e-05	0.000103306	0.853659	0
	0.193	0.000371901	8.26446e-05	0.985294	0.855372	0.000144628	8.26446e-05	0.853659	0
	0.194	0.000330579	0.000103306	0.985294	0.855372	0.000165289	4.13223e-05	0.853659	0
	0.195	0.000309917	6.19835e-05	0.987368	0.853306	0.000144628	0.000103306	0.853659	0
	0.196	0.000268595	6.19835e-05	0.987368	0.853306	0.000247934	0.000165289	0.853659	0
	0.197	0.000371901	0.000103306	0.987368	0.853306	0.000227273	0.000123967	0.853659	0
	0.198	0.000165289	0.000123967	0.987368	0.853306	0.000289256	6.19835e-05	0.853659	0
	0.199	0.000289256	6.19835e-05	0.987368	0.85124	0.00018595	0.000103306	0.853659	0
	0.2	0.000247934	8.26446e-05	0.985263	0.85124	0.000165289	4.13223e-05	0.853659	0
	0.201	0.000144628	0.000123967	0.985263	0.85124	0.000227273	6.19835e-05	0.853659	0
	0.202	0.000144628	6.19835e-05	0.985263	0.85124	0.00018595	8.26446e-05	0.853659	0
	0.203	0.000227273	4.13223e-05	0.985263	0.85124	0.000165289	4.13223e-05	0.853659	0
	0.204	0.000247934	6.19835e-05	0.985263	0.85124	0.000165289	4.13223e-05	0.853659	0
	0.205	8.26446e-05	0	0.985263	0.85124	0.00018595	0.000123967	0.853659	0
	0.206	0.000227273	4.13223e-05	0.985263	0.85124	0.00018595	0.000206612	0.853659	0
	0.207	0.000206612	8.26446e-05	0.985263	0.85124	0.000144628	4.13223e-05	0.853659	0
	0.208	0.000247934	8.26446e-05	0.985263	0.85124	0.000144628	6.19835e-05	0.853659	0
	0.209	0.000103306	8.26446e-05	0.987342	0.85124	0.000289256	0.000123967	0.853659	0
	0.21	0.000123967	6.19835e-05	0.987342	0.849174	0.000247934	8.26446e-05	0.857843	0
	0.211	8.26446e-05	0.000103306	0.987342	0.849174	0.000309917	0.000144628	0.857843	0
	0.212	0.000206612	4.13223e-05	0.987342	0.849174	0.00018595	6.19835e-05	0.862069	0
	0.213	0.000227273	2.06612e-05	0.987342	0.849174	0.000309917	8.26446e-05	0.862069	0
	0.214	0.000227273	0.000123967	0.987342	0.849174	0.000144628	0.000103306	0.862069	0
	0.215	0.000144628	6.19835e-05	0.987342	0.847107	0.000123967	0.000103306	0.862069	0
	0.216	6.19835e-05	2.06612e-05	0.987342	0.842975	0.00018595	0.000103306	0.862069	0
	0.217	0.000144628	4.13223e-05	0.987342	0.842975	0.000206612	4.13223e-05	0.862069	0
	0.218	8.26446e-05	2.06612e-05	0.987342	0.842975	0.000206612	0.000103306	0.862069	0
	0.219	6.19835e-05	2.06612e-05	0.989429	0.840909	0.000165289	0.000144628	0.862069	0
	0.22	6.19835e-05	6.19835e-05	0.989429	0.840909	0.000123967	8.26446e-05	0.862069	0
	0.221	0.000144628	8.26446e-05	0.989429	0.838843	0.000103306	2.06612e-05	0.862069	0
	0.222	0.000144628	8.26446e-05	0.991525	0.838843	0.000144628	0	0.862069	0
	0.223	8.26446e-05	6.19835e-05	0.993631	0.838843	8.26446e-05	0.000123967	0.862069	0
	0.224	8.26446e-05	8.26446e-05	0.993631	0.838843	0.000144628	0.000103306	0.862069	0
	0.225	6.19835e-05	4.13223e-05	0.993631	0.838843	6.19835e-05	4.13223e-05	0.866337	0
	0.226	8.26446e-05	6.19835e-05	0.993631	0.838843	6.19835e-05	0.000144628	0.866337	0
	0.227	0.000144628	8.26446e-05	0.993617	0.838843	8.26446e-05	6.19835e-05	0.866337	0
	0.228	0.000123967	4.13223e-05	0.991489	0.834711	0	0.000103306	0.866337	0
	0.229	6.19835e-05	0.000103306	0.991489	0.832645	2.06612e-05	0.000144628	0.866337	0
	0.23	0.000103306	0.000103306	0.991489	0.832645	4.13223e-05	2.06612e-05	0.866337	0
	0.231	0.000144628	4.13223e-05	0.991489	0.832645	2.06612e-05	0.000103306	0.866337	0
	0.232	8.26446e-05	0.000165289	0.991489	0.832645	0.000103306	0.000144628	0.866337	0
	0.233	4.13223e-05	6.19835e-05	0.991489	0.830579	6.19835e-05	0.000123967	0.870647	0
	0.234	0.00018595	4.13223e-05	0.991489	0.830579	4.13223e-05	0.000144628	0.870647	0
	0.235	8.26446e-05	4.13223e-05	0.991489	0.830579	6.19835e-05	8.26446e-05	0.875	0
	0.236	0.000123967	4.13223e-05	0.991489	0.830579	4.13223e-05	0.000123967	0.875	0
	0.237	0.000165289	0.000103306	0.991489	0.830579	0.000103306	4.13223e-05	0.875	0
	0.238	0.000103306	8.26446e-05	0.991489	0.830579	0.000103306	0.00018595	0.875	0
	0.239	0.000165289	8.26446e-05	0.991489	0.830579	8.26446e-05	0.000165289	0.879397	0
	0.24	0.000103306	6.19835e-05	0.991489	0.830579	2.06612e-05	0.000123967	0.879397	0
	0.241	0.000123967	6.19835e-05	0.991489	0.830579	4.13223e-05	0.000103306	0.879397	0
	0.242	8.26446e-05	0.000144628	0.991489	0.830579	8.26446e-05	8.26446e-05	0.879397	0
	0.243	0.000103306	4.13223e-05	0.991489	0.828512	0.000103306	0.000227273	0.879397	0
	0.244	0.000123967	6.19835e-05	0.991489	0.828512	4.13223e-05	4.13223e-05	0.879397	0
	0.245	0.000165289	8.26446e-05	0.993603	0.828512	4.13223e-05	0.000103306	0.879397	0
	0.246	0.000165289	4.13223e-05	0.991471	0.826446	4.13223e-05	0.000103306	0.883838	0
	0.247	0.000144628	0.000103306	0.991471	0.82438	8.26446e-05	0.000123967	0.883838	0
	0.248	0.000123967	2.06612e-05	0.991471	0.82438	0.000123967	6.19835e-05	0.883838	0
	0.249	0.000247934	2.06612e-05	0.991471	0.82438	4.13223e-05	8.26446e-05	0.883838	0
	0.25	0.000123967	0.000103306	0.991471	0.82438	4.13223e-05	8.26446e-05	0.883838	0
	0.251	0.000165289	0.000123967	0.991471	0.822314	2.06612e-05	0.000123967	0.878788	0
	0.252	0.000165289	4.13223e-05	0.991471	0.822314	6.19835e-05	0.000144628	0.878788	0
	0.253	0.000206612	6.19835e-05	0.991471	0.822314	8.26446e-05	0.000103306	0.878788	0
	0.254	0.000247934	0.000103306	0.991471	0.820248	2.06612e-05	8.26446e-05	0.878788	0
	0.255	0.000165289	0.000103306	0.991471	0.820248	4.13223e-05	0.000103306	0.878788	0
	0.256	0.000206612	2.06612e-05	0.991471	0.818182	8.26446e-05	0.000206612	0.878788	0
	0.257	0.000123967	0.000144628	0.991471	0.818182	0.000165289	0.000123967	0.878788	0
	0.258	0.00018595	0.000123967	0.991471	0.816116	8.26446e-05	8.26446e-05	0.878788	0
	0.259	6.19835e-05	8.26446e-05	0.991471	0.816116	4.13223e-05	0	0.878788	0
	0.26	0.000123967	0.000123967	0.991471	0.81405	8.26446e-05	0.000206612	0.878788	0
	0.261	0.000103306	0.000123967	0.991471	0.81405	8.26446e-05	0.00018595	0.878788	0
	0.262	0.000206612	2.06612e-05	0.991471	0.81405	0.000103306	0.000144628	0.878788	0
	0.263	0.000103306	0.000165289	0.991471	0.81405	4.13223e-05	0.000165289	0.878788	0
	0.264	0.000165289	6.19835e-05	0.991471	0.81405	8.26446e-05	0.000123967	0.878788	0
	0.265	0.000330579	6.19835e-05	0.989339	0.81405	0.000103306	0.000165289	0.883249	0
	0.266	4.13223e-05	2.06612e-05	0.989339	0.81405	0.000103306	0.000165289	0.883249	0
	0.267	0.000103306	0.000165289	0.989339	0.81405	0.000123967	0.000165289	0.883249	0
	0.268	0.000144628	0.000165289	0.989339	0.81405	8.26446e-05	0.000144628	0.883249	0
	0.269	0.000165289	6.19835e-05	0.991453	0.811983	0.000123967	0.000123967	0.883249	0
	0.27	0.000123967	4.13223e-05	0.991453	0.811983	8.26446e-05	0.00018595	0.883249	0
	0.271	6.19835e-05	2.06612e-05	0.989316	0.811983	4.13223e-05	0.000165289	0.883249	0
	0.272	0.000227273	8.26446e-05	0.989316	0.811983	8.26446e-05	0.000165289	0.883249	0
	0.273	0.000103306	0.000165289	0.987179	0.811983	0.000103306	0.000247934	0.883249	0
	0.274	0.000123967	0.000103306	0.987179	0.811983	0.000289256	0.000206612	0.883249	0
	0.275	0.000165289	4.13223e-05	0.987179	0.811983	8.26446e-05	0.000123967	0.883249	0
	0.276	8.26446e-05	6.19835e-05	0.987179	0.811983	0.000123967	0.000103306	0.883249	0
	0.277	0.000247934	0.000123967	0.987179	0.811983	0.000123967	0.000165289	0.883249	0
	0.278	0.000227273	0.000123967	0.987179	0.811983	8.26446e-05	0.000123967	0.883249	0
	0.279	0.000144628	8.26446e-05	0.987179	0.811983	0.000165289	0.000268595	0.883249	0
	0.28	0.000144628	0.000103306	0.987179	0.811983	0.000165289	8.26446e-05	0.883249	0
	0.281	0.00018595	6.19835e-05	0.987179	0.811983	0.000165289	0.00018595	0.883249	0
	0.282	0.00018595	6.19835e-05	0.985043	0.811983	0.000123967	0.000144628	0.883249	0
	0.283	0.000144628	0.000103306	0.987124	0.811983	8.26446e-05	0.000165289	0.883249	0
	0.284	0.000103306	0.000103306	0.987124	0.811983	8.26446e-05	0.000165289	0.883249	0
	0.285	0.00018595	0.000103306	0.987124	0.809917	0.000165289	8.26446e-05	0.883249	0
	0.286	0.000247934	8.26446e-05	0.987124	0.809917	6.19835e-05	0.000144628	0.878173	0
	0.287	0.000227273	0.00018595	0.987124	0.809917	0.000123967	0.000144628	0.878173	0
	0.288	0.000144628	2.06612e-05	0.987124	0.809917	0.000144628	0.000123967	0.878173	0
	0.289	0.00018595	6.19835e-05	0.984979	0.809917	0.000247934	0.000165289	0.882653	0
	0.29	0.000227273	8.26446e-05	0.982833	0.809917	0.000165289	0.000247934	0.882653	0
	0.291	0.000103306	0.000123967	0.982833	0.809917	0.000165289	0.000289256	0.882653	0
	0.292	0.000165289	8.26446e-05	0.982833	0.809917	8.26446e-05	8.26446e-05	0.882653	0
	0.293	0.000309917	0.000144628	0.982833	0.807851	0.000206612	0.000227273	0.882653	0
	0.294	0.000268595	8.26446e-05	0.982833	0.805785	0.000247934	0.000165289	0.882653	0
	0.295	0.00018595	6.19835e-05	0.980687	0.805785	0.000144628	0.000227273	0.882653	0
	0.296	0.000268595	0.000103306	0.980687	0.805785	0.000289256	0.000123967	0.882653	0
	0.297	0.000289256	0.000103306	0.980687	0.805785	0.000144628	0.000165289	0.882653	0
	0.298	0.000289256	0.000103306	0.978541	0.805785	0.00018595	6.19835e-05	0.887179	0
	0.299	0.000123967	6.19835e-05	0.976395	0.803719	0.00035124	0.000123967	0.882051	0
	0.3	0.00018595	6.19835e-05	0.976395	0.803719	0.000247934	0.000330579	0.882051	0
	0.301	0.000371901	0.000227273	0.976395	0.803719	0.000206612	0.000206612	0.882051	0
	0.302	0.000247934	0.000268595	0.976395	0.801653	0.000247934	0.000144628	0.876923	0
	0.303	0.000289256	4.13223e-05	0.974249	0.801653	0.000165289	0.000309917	0.876923	0
	0.304	0.00035124	6.19835e-05	0.974249	0.801653	0.000247934	0.000123967	0.876923	0
	0.305	0.000289256	6.19835e-05	0.972103	0.801653	0.00018595	0.000165289	0.871795	0
	0.306	0.000206612	0.000165289	0.972103	0.801653	0.000268595	0.000206612	0.871795	0
	0.307	0.00035124	0.000165289	0.972103	0.799587	0.000371901	0.000247934	0.871795	0
	0.308	0.000454545	0.000144628	0.972103	0.799587	0.000289256	0.000123967	0.876289	0
	0.309	0.000309917	0.000103306	0.972103	0.799587	0.00035124	0.000309917	0.876289	0
	0.31	0.00018595	6.19835e-05	0.972103	0.797521	0.000309917	0.00035124	0.876289	0
	0.311	0.000206612	6.19835e-05	0.972103	0.797521	0.000165289	0.000289256	0.876289	0
	0.312	0.000392562	6.19835e-05	0.972103	0.797521	0.000227273	0.000268595	0.876289	0
	0.313	0.000103306	0.000103306	0.972103	0.797521	0.000309917	0.00035124	0.876289	0
	0.314	0.000413223	2.06612e-05	0.972103	0.797521	8.26446e-05	0.000227273	0.876289	0
	0.315	0.000413223	6.19835e-05	0.972103	0.795455	0.000289256	0.00018595	0.876289	0
	0.316	0.000247934	6.19835e-05	0.972103	0.793388	0.00018595	0.000227273	0.876289	0
	0.317	0.000289256	6.19835e-05	0.972103	0.793388	0.000268595	0.000227273	0.876289	0
	0.318	0.00035124	0.000103306	0.974194	0.793388	0.00018595	0.000206612	0.876289	0
	0.319	0.000413223	4.13223e-05	0.974194	0.793388	0.000165289	0.000247934	0.876289	0
	0.32	0.000309917	6.19835e-05	0.974194	0.793388	0.000103306	0.00018595	0.871134	0
	0.321	0.000433884	0.000165289	0.976293	0.793388	0.000392562	0.000309917	0.871134	0
	0.322	0.000454545	4.13223e-05	0.976293	0.793388	0.000330579	0.000247934	0.871134	0
	0.323	0.000309917	0.000165289	0.976293	0.793388	0.000392562	0.000247934	0.865979	0
	0.324	0.000227273	0.000165289	0.976293	0.793388	0.000371901	0.000227273	0.865979	0
	0.325	0.000413223	0.000123967	0.976293	0.791322	0.000413223	0.000413223	0.860825	0
	0.326	0.000371901	8.26446e-05	0.976293	0.791322	0.000392562	0.000165289	0.860825	0
	0.327	0.000413223	0.000309917	0.974138	0.791322	0.000289256	0.00035124	0.860825	0
	0.328	0.000247934	6.19835e-05	0.974138	0.789256	0.000454545	0.000123967	0.860825	0
	0.329	0.000330579	8.26446e-05	0.974138	0.78719	0.000413223	0.00018595	0.860825	0
	0.33	0.000475207	0.000165289	0.974138	0.78719	0.000454545	0.000268595	0.860825	0
	0.331	0.000392562	6.19835e-05	0.974138	0.78719	0.000475207	0.000206612	0.860825	0
	0.332	0.000640496	8.26446e-05	0.974138	0.785124	0.000557851	0.00035124	0.860825	0
	0.333	0.000247934	6.19835e-05	0.971983	0.785124	0.000392562	0.000268595	0.85567	0
	0.334	0.000557851	0.000103306	0.974082	0.785124	0.000392562	0.000371901	0.85567	0
	0.335	0.00053719	0.00018595	0.974082	0.785124	0.000392562	0.000206612	0.854922	0
	0.336	0.000516529	0.000165289	0.974082	0.785124	0.000454545	0.000289256	0.854922	0
	0.337	0.000454545	0.000123967	0.971922	0.785124	0.000475207	0.000330579	0.854922	0
	0.338	0.000475207	0.000123967	0.971922	0.785124	0.000371901	0.000206612	0.854922	0
	0.339	0.000413223	0.00018595	0.971922	0.785124	0.000371901	0.000247934	0.854922	0
	0.34	0.000454545	0.000165289	0.971922	0.785124	0.000392562	0.000309917	0.854922	0
	0.341	0.000227273	0.00018595	0.971922	0.783058	0.00035124	0.000268595	0.854922	0
	0.342	0.00035124	0.000123967	0.971922	0.780992	0.000392562	0.000289256	0.863874	0
	0.343	0.000557851	0.000165289	0.971922	0.778926	0.000392562	0.000268595	0.863874	0
	0.344	0.000475207	0.000165289	0.969762	0.778926	0.000330579	0.000330579	0.863874	0
	0.345	0.000309917	0.000165289	0.969762	0.77686	0.000371901	0.000165289	0.863874	0
	0.346	0.000557851	0.000123967	0.971861	0.77686	0.000413223	0.000330579	0.858639	0
	0.347	0.000495868	0.00018595	0.971861	0.77686	0.00053719	0.000330579	0.858639	0
	0.348	0.000330579	0.000144628	0.97397	0.77686	0.000413223	0.000413223	0.853403	0
	0.349	0.000289256	0.000144628	0.97397	0.77686	0.000289256	0.00035124	0.853403	0
	0.35	0.000516529	0.00018595	0.97397	0.77686	0.000392562	0.000433884	0.857895	0
	0.351	0.000433884	0.000227273	0.97397	0.77686	0.000144628	0.000371901	0.857895	0
	0.352	0.000475207	0.000123967	0.97397	0.774793	0.000227273	0.000392562	0.857895	0
	0.353	0.00035124	6.19835e-05	0.97397	0.772727	0.000475207	0.000268595	0.862434	0
	0.354	0.000475207	0.000103306	0.9718	0.772727	0.000413223	0.000309917	0.846561	0
	0.355	0.000371901	0.000227273	0.9718	0.772727	0.000454545	0.000330579	0.84127	0
	0.356	0.000392562	6.19835e-05	0.9718	0.772727	0.000495868	0.000433884	0.84127	0
	0.357	0.000413223	0.000144628	0.969631	0.772727	0.000392562	0.000371901	0.84127	0
	0.358	0.000247934	0.000123967	0.969631	0.772727	0.000661157	0.000392562	0.84127	0
	0.359	0.000371901	0.000123967	0.969631	0.772727	0.000413223	0.000165289	0.835979	0
	0.36	0.000433884	0.000227273	0.971739	0.772727	0.000475207	0.00035124	0.835979	0
	0.361	0.000475207	0.000247934	0.971739	0.770661	0.000599174	0.000475207	0.835979	0
	0.362	0.000330579	0.00018595	0.971678	0.770661	0.00035124	0.00035124	0.835979	0
	0.363	0.000330579	0.00018595	0.971678	0.770661	0.000309917	0.00018595	0.840426	0
	0.364	0.000206612	8.26446e-05	0.971678	0.770661	0.000495868	0.000227273	0.840426	0
	0.365	0.000289256	0.000165289	0.969499	0.770661	0.000371901	0.000516529	0.84492	0
	0.366	0.000247934	0.000227273	0.969499	0.770661	0.000454545	0.00035124	0.84492	0
	0.367	0.000433884	8.26446e-05	0.969499	0.770661	0.000578512	0.000392562	0.839572	0
	0.368	0.000289256	8.26446e-05	0.969432	0.768595	0.000475207	0.000289256	0.839572	0
	0.369	0.000289256	8.26446e-05	0.969432	0.768595	0.000516529	0.00053719	0.833333	0
	0.37	0.00035124	0.000144628	0.971554	0.768595	0.000557851	0.000330579	0.833333	0
	0.371	0.000330579	0.000144628	0.971491	0.768595	0.000516529	0.000475207	0.833333	0
	0.372	0.000268595	0.000165289	0.971491	0.768595	0.000599174	0.000371901	0.827957	0
	0.373	0.000371901	0.000206612	0.971491	0.768595	0.000578512	0.000227273	0.832432	0
	0.374	0.000413223	0.000144628	0.971491	0.768595	0.000495868	0.000578512	0.832432	0
	0.375	0.000206612	0.000123967	0.969298	0.768595	0.000785124	0.000454545	0.832432	0
	0.376	0.000289256	0.000144628	0.969298	0.768595	0.000495868	0.000475207	0.832432	0
	0.377	0.000371901	0.000123967	0.969298	0.768595	0.000495868	0.000433884	0.831522	0
	0.378	0.000371901	0.000268595	0.967105	0.768595	0.000619835	0.000454545	0.831522	0
	0.379	0.000227273	0.000268595	0.969231	0.768595	0.000578512	0.000578512	0.826087	0
	0.38	0.000371901	0.000206612	0.969231	0.768595	0.000495868	0.000309917	0.826087	0
	0.381	0.000413223	0.000227273	0.967033	0.768595	0.000371901	0.000599174	0.820652	0
	0.382	0.000371901	0.000165289	0.967033	0.768595	0.000681818	0.000433884	0.820652	0
	0.383	0.000475207	0.000206612	0.967033	0.768595	0.00053719	0.000433884	0.820652	0
	0.384	0.000433884	8.26446e-05	0.969163	0.768595	0.000785124	0.000619835	0.820652	0
	0.385	0.000268595	0.000165289	0.969163	0.768595	0.000578512	0.000309917	0.820652	0
	0.386	0.000330579	6.19835e-05	0.969163	0.768595	0.000619835	0.000433884	0.825137	0
	0.387	0.000144628	0.000103306	0.969163	0.768595	0.000702479	0.000475207	0.825137	0
	0.388	0.000330579	0.000123967	0.969163	0.768595	0.000681818	0.000557851	0.824176	0
	0.389	0.00035124	0.000268595	0.969163	0.768595	0.000578512	0.00053719	0.818681	0
	0.39	0.00035124	0.000165289	0.969163	0.766529	0.000867769	0.000475207	0.813187	0
	0.391	0.00035124	0.00018595	0.969163	0.766529	0.00072314	0.000475207	0.807692	0
	0.392	0.000371901	0.000144628	0.969163	0.766529	0.000495868	0.00035124	0.802198	0
	0.393	0.000371901	0.000144628	0.969163	0.766529	0.000805785	0.000599174	0.802198	0
	0.394	0.000309917	0.00018595	0.96696	0.764463	0.000826446	0.000495868	0.802198	0
	0.395	0.000826446	0.00018595	0.96696	0.764463	0.00053719	0.000578512	0.802198	0
	0.396	0.000433884	0.00018595	0.966887	0.764463	0.000557851	0.000702479	0.801105	0
	0.397	0.000454545	0.000144628	0.966887	0.764463	0.000785124	0.000454545	0.79558	0
	0.398	0.000413223	0.000144628	0.969027	0.764463	0.000681818	0.000702479	0.79558	0
	0.399	0.000475207	0.000206612	0.969027	0.764463	0.000640496	0.000599174	0.790055	0
	0.4	0.000454545	0.000123967	0.969027	0.762397	0.000681818	0.00053719	0.794444	0
	0.401	0.000578512	4.13223e-05	0.969027	0.760331	0.00072314	0.000743802	0.794444	0
	0.402	0.000578512	0.000144628	0.969027	0.760331	0.000702479	0.000557851	0.798883	0
	0.403	0.000433884	0.000247934	0.969027	0.760331	0.000681818	0.000433884	0.797753	0
	0.404	0.000392562	0.000289256	0.966814	0.758264	0.00088843	0.000475207	0.80226	0
	0.405	0.000413223	0.000206612	0.966814	0.758264	0.000661157	0.000661157	0.80226	0
	0.406	0.000268595	0.00018595	0.966814	0.756198	0.000454545	0.000475207	0.80226	0
	0.407	0.000475207	0.000165289	0.966814	0.754132	0.00109504	0.000578512	0.80226	0
	0.408	0.000433884	0.00018595	0.966814	0.754132	0.000764463	0.000495868	0.79096	0
	0.409	0.000268595	0.00018595	0.966814	0.754132	0.000702479	0.000702479	0.79096	0
	0.41	0.000392562	0.000330579	0.966814	0.754132	0.00088843	0.00053719	0.79096	0
	0.411	0.000413223	0.00018595	0.964602	0.754132	0.000909091	0.00088843	0.79096	0
	0.412	0.000661157	0.000144628	0.964602	0.754132	0.000950413	0.000681818	0.795455	0
	0.413	0.000330579	0.00018595	0.964602	0.754132	0.000971074	0.000661157	0.794286	0
	0.414	0.000371901	0.000247934	0.964602	0.752066	0.000805785	0.000516529	0.794286	0
	0.415	0.000371901	0.000247934	0.968889	0.75	0.000867769	0.00053719	0.794286	0
	0.416	0.00035124	0.000247934	0.968889	0.75	0.000702479	0.000702479	0.782857	0
	0.417	0.000454545	0.000268595	0.971047	0.75	0.000743802	0.000867769	0.782857	0
	0.418	0.000495868	0.000247934	0.971047	0.75	0.00107438	0.000640496	0.771429	0
	0.419	0.000454545	0.00018595	0.971047	0.75	0.000991736	0.000702479	0.771429	0
	0.42	0.000371901	0.000268595	0.971047	0.75	0.000681818	0.000743802	0.770115	0
	0.421	0.000392562	0.000227273	0.971047	0.75	0.000702479	0.000516529	0.774566	0
	0.422	0.000475207	0.000165289	0.971047	0.75	0.00088843	0.000640496	0.774566	0
	0.423	0.000309917	0.00018595	0.96882	0.75	0.000557851	0.000681818	0.774566	0
	0.424	0.000227273	0.000165289	0.96882	0.75	0.000929752	0.00088843	0.768786	0
	0.425	0.000392562	0.000144628	0.96882	0.75	0.00123967	0.000702479	0.763006	0
	0.426	0.000227273	0.000206612	0.96882	0.75	0.00088843	0.000764463	0.757225	0
	0.427	0.000454545	0.000144628	0.966592	0.75	0.000991736	0.000991736	0.739884	0
	0.428	0.000330579	8.26446e-05	0.966592	0.75	0.000950413	0.000909091	0.739884	0
	0.429	0.000371901	0.000227273	0.966592	0.75	0.000578512	0.000826446	0.734104	0
	0.43	0.00035124	0.000103306	0.966592	0.75	0.0010124	0.000681818	0.738372	0
	0.431	0.000330579	0.000144628	0.966592	0.745868	0.00107438	0.000785124	0.738372	0
	0.432	0.000289256	0.000206612	0.966592	0.745868	0.000909091	0.00088843	0.738372	0
	0.433	0.000247934	0.000227273	0.964365	0.745868	0.000950413	0.000909091	0.736842	0
	0.434	0.000268595	0.000289256	0.964365	0.745868	0.000805785	0.000681818	0.736842	0
	0.435	0.000206612	0.000309917	0.964365	0.745868	0.000743802	0.000991736	0.745562	0
	0.436	0.000165289	0.000247934	0.964365	0.745868	0.000971074	0.000826446	0.75	0
	0.437	0.000289256	0.000227273	0.964365	0.743802	0.000640496	0.000785124	0.748503	0
	0.438	0.000247934	0.000206612	0.964365	0.741736	0.0010124	0.000681818	0.753012	0
	0.439	0.000144628	0.00018595	0.964286	0.741736	0.00103306	0.00103306	0.753012	0
	0.44	0.00018595	0.000289256	0.964286	0.741736	0.00123967	0.000702479	0.757576	0
	0.441	0.000165289	0.000227273	0.966368	0.741736	0.00105372	0.000826446	0.751515	0
	0.442	0.000309917	0.000123967	0.966368	0.741736	0.00119835	0.00103306	0.756098	0
	0.443	0.000227273	0.000289256	0.966292	0.741736	0.00109504	0.000847107	0.760736	0
	0.444	0.000371901	0.000247934	0.966292	0.741736	0.00115702	0.000909091	0.760736	0
	0.445	0.000289256	0.000247934	0.968468	0.741736	0.00105372	0.000805785	0.760736	0
	0.446	0.000247934	0.000165289	0.966216	0.737603	0.000909091	0.00103306	0.748466	0
	0.447	0.000309917	0.000289256	0.963883	0.737603	0.00113636	0.000826446	0.742331	0
	0.448	0.000371901	0.000247934	0.963883	0.737603	0.00121901	0.000805785	0.740741	0
	0.449	0.000371901	0.00018595	0.961625	0.737603	0.00109504	0.00088843	0.740741	0
	0.45	0.000247934	0.000206612	0.963801	0.737603	0.00103306	0.00103306	0.740741	0
	0.451	0.000227273	0.000103306	0.963801	0.737603	0.00109504	0.000826446	0.745342	0
	0.452	0.000247934	0.000247934	0.965986	0.737603	0.000971074	0.000867769	0.745342	0
	0.453	0.00035124	0.000227273	0.963719	0.737603	0.00103306	0.00109504	0.75	0
	0.454	0.000330579	0.00035124	0.963719	0.737603	0.000950413	0.0010124	0.75	0
	0.455	0.000227273	0.000289256	0.963719	0.737603	0.00113636	0.000867769	0.74375	0
	0.456	0.00035124	0.00035124	0.963719	0.735537	0.0011157	0.0010124	0.73125	0
	0.457	0.000330579	0.000165289	0.963719	0.733471	0.000929752	0.000929752	0.72956	0
	0.458	0.000268595	0.000206612	0.963719	0.733471	0.00132231	0.000826446	0.721519	0
	0.459	0.000309917	0.000227273	0.963719	0.731405	0.00119835	0.000991736	0.707006	0
	0.46	0.000371901	0.000330579	0.963719	0.731405	0.00119835	0.000826446	0.705128	0
	0.461	0.00035124	0.00018595	0.963719	0.729339	0.0011157	0.00105372	0.705128	0
	0.462	0.000392562	0.000247934	0.965909	0.725207	0.00154959	0.00132231	0.709677	0
	0.463	0.00053719	0.000206612	0.963636	0.721074	0.00113636	0.000991736	0.723684	0
	0.464	0.000495868	0.000309917	0.963636	0.721074	0.00115702	0.00109504	0.723684	0
	0.465	0.000413223	0.000330579	0.963636	0.721074	0.0011157	0.000950413	0.723684	0
	0.466	0.000433884	0.000309917	0.963636	0.719008	0.00119835	0.00113636	0.723684	0
	0.467	0.000619835	0.000289256	0.965831	0.719008	0.000867769	0.0011157	0.721854	0
	0.468	0.000371901	0.000268595	0.961276	0.716942	0.0010124	0.00103306	0.721854	0
	0.469	0.000371901	0.000123967	0.961276	0.714876	0.00123967	0.000929752	0.721854	0
	0.47	0.000599174	0.000309917	0.958998	0.714876	0.000971074	0.000929752	0.726667	0
	0.471	0.00053719	0.000309917	0.958998	0.714876	0.00113636	0.00103306	0.731544	0
	0.472	0.000578512	0.000206612	0.95672	0.71281	0.00115702	0.000929752	0.734694	0
	0.473	0.000619835	0.00035124	0.954442	0.710744	0.00105372	0.000681818	0.739726	0
	0.474	0.00035124	0.000268595	0.954442	0.710744	0.00117769	0.000929752	0.739726	0
	0.475	0.000702479	0.000227273	0.954442	0.706612	0.00109504	0.000909091	0.744828	0
	0.476	0.000991736	0.000206612	0.954338	0.706612	0.000826446	0.000991736	0.75	0
	0.477	0.000743802	0.000206612	0.954338	0.706612	0.000826446	0.000847107	0.743056	0
	0.478	0.000805785	0.000144628	0.956522	0.706612	0.000785124	0.000867769	0.748252	0
	0.479	0.000371901	0.000289256	0.956522	0.706612	0.000764463	0.00107438	0.741259	0
	0.48	0.000661157	0.000330579	0.956522	0.704545	0.00113636	0.00088843	0.734266	0
	0.481	0.000619835	0.00018595	0.956522	0.702479	0.00128099	0.000826446	0.727273	0
	0.482	0.000578512	0.000247934	0.956522	0.702479	0.00115702	0.000971074	0.732394	0
	0.483	0.000867769	0.00018595	0.956522	0.700413	0.00103306	0.000805785	0.725352	0
	0.484	0.00053719	0.000330579	0.956522	0.700413	0.000991736	0.0010124	0.71831	0
	0.485	0.000495868	0.000227273	0.954233	0.694215	0.00119835	0.000867769	0.71831	0
	0.486	0.000640496	0.00035124	0.951945	0.694215	0.00107438	0.000909091	0.71831	0
	0.487	0.000578512	0.000144628	0.947368	0.690083	0.00121901	0.000929752	0.723404	0
	0.488	0.000640496	0.000309917	0.94508	0.690083	0.00103306	0.000661157	0.728571	0
	0.489	0.000557851	0.000289256	0.94508	0.683884	0.00103306	0.000764463	0.728571	0
	0.49	0.000516529	0.000227273	0.94508	0.683884	0.00105372	0.000991736	0.733813	0
	0.491	0.000599174	0.000330579	0.94508	0.683884	0.00132231	0.000991736	0.726619	0
	0.492	0.000909091	0.000330579	0.94508	0.681818	0.000929752	0.0011157	0.719424	0
	0.493	0.000661157	0.00035124	0.94508	0.681818	0.000991736	0.000909091	0.719424	0
	0.494	0.000578512	0.000392562	0.942792	0.681818	0.000847107	0.000826446	0.710145	0
	0.495	0.000640496	0.00018595	0.942792	0.681818	0.000867769	0.000847107	0.710145	0
	0.496	0.000557851	0.000392562	0.942792	0.681818	0.000950413	0.000599174	0.710145	0
	0.497	0.00072314	0.000371901	0.940503	0.681818	0.000991736	0.000785124	0.713235	0
	0.498	0.000433884	0.000371901	0.940503	0.679752	0.000950413	0.00128099	0.713235	0
	0.499	0.000661157	0.00018595	0.940503	0.677686	0.000743802	0.000867769	0.718519	0
	0.5	0.00072314	0.000557851	0.940503	0.677686	0.0010124	0.000929752	0.723881	0
	0.501	0.000475207	0.000475207	0.938215	0.677686	0.000847107	0.00109504	0.723881	0
	0.502	0.000578512	0.000309917	0.938215	0.677686	0.00088843	0.000805785	0.734848	0
	0.503	0.000619835	0.000330579	0.93135	0.67562	0.000909091	0.000599174	0.751938	0
	0.504	0.000743802	0.000268595	0.928899	0.673554	0.000661157	0.000950413	0.751938	0
	0.505	0.000867769	0.000330579	0.926606	0.673554	0.000661157	0.000909091	0.751938	0
	0.506	0.000785124	0.000247934	0.928736	0.669421	0.000785124	0.00105372	0.757812	0
	0.507	0.000826446	0.000247934	0.924138	0.667355	0.000971074	0.000826446	0.76378	0
	0.508	0.00103306	0.00053719	0.921839	0.667355	0.000909091	0.000681818	0.76378	0
	0.509	0.000599174	0.00035124	0.921839	0.665289	0.000764463	0.000950413	0.76378	0
	0.51	0.000640496	0.000309917	0.921659	0.663223	0.000661157	0.000950413	0.769841	0
	0.511	0.000743802	0.000495868	0.923788	0.659091	0.000743802	0.000867769	0.769841	0
	0.512	0.00072314	0.000268595	0.923788	0.654959	0.000867769	0.000764463	0.769841	0
	0.513	0.000743802	0.000371901	0.923788	0.652893	0.000785124	0.000599174	0.761905	0
	0.514	0.000681818	0.000289256	0.925926	0.650826	0.000867769	0.000764463	0.761905	0
	0.515	0.000702479	0.000330579	0.925926	0.64876	0.000764463	0.000867769	0.761905	0
	0.516	0.00072314	0.000289256	0.928074	0.644628	0.0011157	0.00113636	0.768	0
	0.517	0.00088843	0.000247934	0.923434	0.644628	0.000764463	0.000971074	0.768	0
	0.518	0.000764463	0.000392562	0.923256	0.644628	0.00109504	0.000867769	0.768	0
	0.519	0.000702479	0.000309917	0.92093	0.642562	0.000950413	0.000743802	0.768	0
	0.52	0.000764463	0.000309917	0.92093	0.640496	0.000681818	0.000847107	0.766129	0
	0.521	0.000826446	0.000371901	0.92093	0.63843	0.000847107	0.000785124	0.766129	0
	0.522	0.000847107	0.000371901	0.918415	0.632231	0.00053719	0.000950413	0.766129	0
	0.523	0.000971074	0.000330579	0.913753	0.632231	0.000971074	0.000909091	0.766129	0
	0.524	0.00088843	0.000371901	0.913753	0.628099	0.000702479	0.000991736	0.785124	0
	0.525	0.000991736	0.000371901	0.913753	0.621901	0.000743802	0.000681818	0.785124	0
	0.526	0.00103306	0.000392562	0.911422	0.619835	0.000909091	0.000950413	0.785124	0
	0.527	0.000929752	0.000309917	0.911422	0.613636	0.000413223	0.000950413	0.791667	0
	0.528	0.00088843	0.000330579	0.913551	0.613636	0.000867769	0.000805785	0.791667	0
	0.529	0.000950413	0.000371901	0.913349	0.613636	0.00053719	0.000454545	0.783333	0
	0.53	0.00072314	0.000268595	0.911007	0.613636	0.000599174	0.00088843	0.783333	0
	0.531	0.00121901	0.00035124	0.910798	0.61157	0.000619835	0.000785124	0.783333	0
	0.532	0.000847107	0.000371901	0.910798	0.609504	0.000495868	0.000867769	0.775	0
	0.533	0.00119835	0.000330579	0.910798	0.607438	0.000640496	0.00072314	0.781513	0
	0.534	0.0011157	0.000495868	0.910798	0.607438	0.000578512	0.000785124	0.788136	0
	0.535	0.0011157	0.000433884	0.908451	0.599174	0.000847107	0.000826446	0.794872	0
	0.536	0.00103306	0.000268595	0.910588	0.599174	0.000475207	0.000785124	0.794872	0
	0.537	0.000929752	0.00035124	0.910588	0.599174	0.000557851	0.000640496	0.794872	0
	0.538	0.00109504	0.000516529	0.905882	0.595041	0.000454545	0.000909091	0.794872	0
	0.539	0.00119835	0.00035124	0.903302	0.595041	0.000392562	0.000681818	0.815789	0
	0.54	0.00121901	0.000413223	0.900943	0.592975	0.000619835	0.000867769	0.807018	0
	0.541	0.00105372	0.000289256	0.896226	0.588843	0.000578512	0.000599174	0.798246	0
	0.542	0.0010124	0.00035124	0.896226	0.588843	0.000495868	0.000743802	0.803571	0
	0.543	0.00105372	0.000392562	0.896226	0.586777	0.000454545	0.0010124	0.810811	0
	0.544	0.00115702	0.000433884	0.896226	0.580579	0.000516529	0.000805785	0.801802	0
	0.545	0.00113636	0.000433884	0.895981	0.580579	0.000599174	0.000702479	0.809091	0
	0.546	0.00115702	0.00035124	0.895981	0.580579	0.000619835	0.000785124	0.809091	0
	0.547	0.00128099	0.000661157	0.895981	0.580579	0.000454545	0.00088843	0.807339	0
	0.548	0.00119835	0.000454545	0.895981	0.57438	0.000371901	0.000971074	0.814815	0
	0.549	0.00142562	0.000495868	0.895981	0.568182	0.000371901	0.000991736	0.814815	0
	0.55	0.00117769	0.000475207	0.893617	0.566116	0.000454545	0.00088843	0.82243	0
	0.551	0.00107438	0.000433884	0.895735	0.56405	0.000413223	0.00107438	0.82243	0
	0.552	0.000971074	0.000495868	0.897862	0.561983	0.000413223	0.000743802	0.82243	0
	0.553	0.00117769	0.000495868	0.893112	0.555785	0.000413223	0.00072314	0.82243	0
	0.554	0.00119835	0.000371901	0.892857	0.555785	0.000454545	0.000619835	0.82243	0
	0.555	0.00113636	0.000619835	0.890476	0.551653	0.000268595	0.000743802	0.82243	0
	0.556	0.00109504	0.000557851	0.888095	0.547521	0.000206612	0.000950413	0.82243	0
	0.557	0.00113636	0.000475207	0.890215	0.545455	0.000454545	0.000702479	0.82243	0
	0.558	0.00132231	0.000413223	0.890215	0.541322	0.000392562	0.000661157	0.82243	0
	0.559	0.00126033	0.000413223	0.894231	0.539256	0.000557851	0.000867769	0.830189	0
	0.56	0.00117769	0.000413223	0.894231	0.530992	0.000371901	0.000661157	0.838095	0
	0.561	0.00134298	0.000475207	0.894231	0.528926	0.000413223	0.000640496	0.838095	0
	0.562	0.0010124	0.000433884	0.894231	0.520661	0.000371901	0.000785124	0.838095	0
	0.563	0.00109504	0.000495868	0.894231	0.516529	0.000475207	0.000826446	0.846154	0
	0.564	0.00128099	0.000454545	0.894231	0.516529	0.000392562	0.000785124	0.846154	0
	0.565	0.0010124	0.000557851	0.891566	0.512397	0.00035124	0.00072314	0.846154	0
	0.566	0.00121901	0.000454545	0.891566	0.508264	0.000371901	0.000743802	0.846154	0
	0.567	0.00115702	0.000413223	0.889157	0.497934	0.000454545	0.000743802	0.836538	0
	0.568	0.00134298	0.000454545	0.891304	0.495868	0.00035124	0.000847107	0.836538	0
	0.569	0.0011157	0.00053719	0.888889	0.491736	0.000599174	0.000557851	0.84466	0
	0.57	0.00128099	0.000268595	0.888889	0.489669	0.000330579	0.000929752	0.843137	0
	0.571	0.00123967	0.000557851	0.888889	0.487603	0.000413223	0.000702479	0.843137	0
	0.572	0.00134298	0.000557851	0.891041	0.485537	0.000330579	0.000702479	0.833333	0
	0.573	0.00134298	0.00072314	0.899756	0.485537	0.000475207	0.00072314	0.85	0
	0.574	0.00126033	0.000392562	0.894608	0.477273	0.000475207	0.000661157	0.85	0
	0.575	0.00107438	0.00053719	0.894608	0.477273	0.000454545	0.000702479	0.858586	0
	0.576	0.00146694	0.000330579	0.892157	0.47314	0.000454545	0.000681818	0.858586	0
	0.577	0.00107438	0.000578512	0.887255	0.471074	0.000371901	0.000909091	0.858586	0
	0.578	0.0011157	0.000413223	0.889435	0.469008	0.000516529	0.00072314	0.867347	0
	0.579	0.00119835	0.000454545	0.891626	0.469008	0.000413223	0.000681818	0.876289	0
	0.58	0.00107438	0.000433884	0.8867	0.469008	0.000516529	0.000909091	0.885417	0
	0.581	0.00132231	0.00053719	0.8867	0.466942	0.000516529	0.000578512	0.875	0
	0.582	0.0013843	0.000392562	0.884236	0.466942	0.000578512	0.000805785	0.875	0
	0.583	0.00113636	0.000392562	0.884236	0.466942	0.000309917	0.000619835	0.875	0
	0.584	0.00132231	0.000268595	0.881773	0.466942	0.000475207	0.000640496	0.864583	0
	0.585	0.00136364	0.000433884	0.883951	0.464876	0.000433884	0.000578512	0.864583	0
	0.586	0.00119835	0.000413223	0.886139	0.464876	0.000392562	0.00072314	0.864583	0
	0.587	0.00117769	0.000495868	0.886139	0.464876	0.000289256	0.000619835	0.864583	0
	0.588	0.0014876	0.00053719	0.885856	0.46281	0.00035124	0.000681818	0.854167	0
	0.589	0.000950413	0.000454545	0.883375	0.46281	0.000433884	0.000640496	0.854167	0
	0.59	0.00121901	0.000557851	0.883375	0.456612	0.000454545	0.000661157	0.84375	0
	0.591	0.00128099	0.000578512	0.885572	0.450413	0.000413223	0.000764463	0.84375	0
	0.592	0.00130165	0.000578512	0.880597	0.446281	0.000330579	0.000909091	0.833333	0
	0.593	0.00121901	0.000454545	0.882793	0.444215	0.000392562	0.00072314	0.822917	0
	0.594	0.00103306	0.00053719	0.880299	0.444215	0.000330579	0.000764463	0.822917	0
	0.595	0.00136364	0.000578512	0.880299	0.442149	0.00035124	0.000764463	0.822917	0
	0.596	0.00113636	0.000619835	0.877805	0.442149	0.000371901	0.00072314	0.831579	0
	0.597	0.00126033	0.000578512	0.877805	0.442149	0.000392562	0.000743802	0.810526	0
	0.598	0.0010124	0.000557851	0.875312	0.438017	0.00035124	0.000578512	0.810526	0
	0.599	0.00167355	0.000475207	0.875312	0.429752	0.00035124	0.000743802	0.810526	0
	0.6	0.00121901	0.000557851	0.881612	0.42562	0.000557851	0.000681818	0.8	0
	0.601	0.000950413	0.000433884	0.883838	0.423554	0.000247934	0.000640496	0.789474	0
	0.602	0.00107438	0.000578512	0.878788	0.423554	0.000330579	0.00053719	0.789474	0
	0.603	0.00121901	0.000495868	0.876263	0.423554	0.000392562	0.000599174	0.789474	0
	0.604	0.00115702	0.000516529	0.878481	0.423554	0.000475207	0.000661157	0.789474	0
	0.605	0.00126033	0.00072314	0.878481	0.417355	0.000516529	0.000619835	0.789474	0
	0.606	0.00117769	0.000578512	0.875949	0.415289	0.000557851	0.000909091	0.806452	0
	0.607	0.00130165	0.000413223	0.875635	0.413223	0.000371901	0.000599174	0.806452	0
	0.608	0.00119835	0.00035124	0.875635	0.413223	0.000268595	0.000764463	0.806452	0
	0.609	0.00140496	0.00053719	0.875635	0.411157	0.000371901	0.000867769	0.806452	0
	0.61	0.00119835	0.000599174	0.877551	0.409091	0.000371901	0.000433884	0.806452	0
	0.611	0.00159091	0.000578512	0.869898	0.407025	0.000557851	0.000619835	0.795699	0
	0.612	0.00119835	0.000475207	0.872123	0.404959	0.000516529	0.000743802	0.795699	0
	0.613	0.00105372	0.000495868	0.874359	0.402893	0.000475207	0.000764463	0.804348	0
	0.614	0.00130165	0.000557851	0.876607	0.400826	0.000557851	0.000702479	0.804348	0
	0.615	0.00117769	0.000578512	0.878866	0.39876	0.00035124	0.000640496	0.804348	0
	0.616	0.00130165	0.000681818	0.878866	0.39876	0.000413223	0.000681818	0.793478	0
	0.617	0.00128099	0.000475207	0.878553	0.392562	0.000516529	0.000764463	0.793478	0
	0.618	0.00107438	0.000475207	0.875969	0.392562	0.000454545	0.000743802	0.802198	0
	0.619	0.00115702	0.000805785	0.870801	0.390496	0.000495868	0.000619835	0.802198	0
	0.62	0.00128099	0.000475207	0.870801	0.386364	0.000330579	0.000702479	0.811111	0
	0.621	0.00146694	0.000764463	0.873057	0.386364	0.00053719	0.000681818	0.8	0
	0.622	0.00134298	0.000805785	0.873057	0.386364	0.000413223	0.000661157	0.8	0
	0.623	0.00117769	0.00072314	0.87013	0.384298	0.000433884	0.000454545	0.8	0
	0.624	0.00165289	0.000557851	0.867532	0.380165	0.000495868	0.000743802	0.8	0
	0.625	0.00126033	0.00072314	0.874346	0.380165	0.00053719	0.000578512	0.8	0
	0.626	0.00132231	0.000867769	0.87664	0.378099	0.000578512	0.00072314	0.8	0
	0.627	0.00130165	0.000475207	0.878628	0.376033	0.00053719	0.000433884	0.808989	0
	0.628	0.00088843	0.000619835	0.878307	0.373967	0.000578512	0.000702479	0.808989	0
	0.629	0.00130165	0.000785124	0.878307	0.371901	0.000475207	0.000433884	0.818182	0
	0.63	0.00142562	0.000640496	0.877984	0.369835	0.000557851	0.000433884	0.818182	0
	0.631	0.00117769	0.000516529	0.87766	0.369835	0.000454545	0.000702479	0.818182	0
	0.632	0.00105372	0.000764463	0.874667	0.367769	0.00053719	0.000619835	0.806818	0
	0.633	0.00132231	0.000557851	0.872	0.365702	0.000433884	0.000743802	0.806818	0
	0.634	0.00157025	0.000681818	0.869333	0.365702	0.000557851	0.000619835	0.795455	0
	0.635	0.00130165	0.000661157	0.866667	0.365702	0.000413223	0.000599174	0.795455	0
	0.636	0.00152893	0.00072314	0.864	0.363636	0.000475207	0.000578512	0.795455	0
	0.637	0.00109504	0.000619835	0.86631	0.36157	0.000392562	0.000661157	0.793103	0
	0.638	0.00136364	0.00053719	0.868633	0.36157	0.000557851	0.000599174	0.781609	0
	0.639	0.00107438	0.000619835	0.873315	0.36157	0.000433884	0.000661157	0.781609	0
	0.64	0.00115702	0.000867769	0.875676	0.36157	0.000599174	0.000681818	0.770115	0
	0.641	0.00107438	0.000805785	0.878049	0.36157	0.00053719	0.000661157	0.758621	0
	0.642	0.00154959	0.000867769	0.875339	0.359504	0.000495868	0.000599174	0.776471	0
	0.643	0.00115702	0.000681818	0.877717	0.359504	0.000454545	0.000619835	0.776471	0
	0.644	0.00128099	0.000743802	0.872283	0.359504	0.000599174	0.000578512	0.776471	0
	0.645	0.00163223	0.000867769	0.869565	0.357438	0.000413223	0.000619835	0.776471	0
	0.646	0.00121901	0.000702479	0.871935	0.355372	0.000640496	0.00053719	0.776471	0
	0.647	0.00123967	0.000702479	0.874317	0.355372	0.000454545	0.000661157	0.776471	0
	0.648	0.00161157	0.000413223	0.871585	0.355372	0.000557851	0.000702479	0.776471	0
	0.649	0.0013843	0.000640496	0.871585	0.355372	0.000557851	0.000826446	0.776471	0
	0.65	0.00128099	0.000743802	0.871585	0.353306	0.000413223	0.000805785	0.776471	0
	0.651	0.0013843	0.000805785	0.868493	0.35124	0.000495868	0.000661157	0.764706	0
	0.652	0.00113636	0.000764463	0.865753	0.35124	0.000805785	0.000454545	0.764706	0
	0.653	0.00117769	0.000826446	0.865753	0.35124	0.00053719	0.000557851	0.764706	0
	0.654	0.00173554	0.000950413	0.865753	0.35124	0.000475207	0.000495868	0.764706	0
	0.655	0.00130165	0.000764463	0.865385	0.35124	0.000557851	0.00053719	0.764706	0
	0.656	0.0013843	0.000681818	0.865385	0.35124	0.000516529	0.000702479	0.752941	0
	0.657	0.00128099	0.000640496	0.865385	0.347107	0.000495868	0.00053719	0.741176	0
	0.658	0.00144628	0.000805785	0.867769	0.347107	0.000495868	0.000433884	0.75	0
	0.659	0.00130165	0.00088843	0.872576	0.347107	0.000578512	0.000743802	0.759036	0
	0.66	0.00163223	0.000599174	0.875	0.347107	0.00053719	0.000661157	0.759036	0
	0.661	0.00150826	0.00109504	0.877437	0.345041	0.000619835	0.000681818	0.759036	0
	0.662	0.00142562	0.000743802	0.877437	0.342975	0.00053719	0.000640496	0.768293	0
	0.663	0.00117769	0.000929752	0.877437	0.342975	0.000475207	0.000599174	0.768293	0
	0.664	0.00154959	0.000805785	0.877437	0.342975	0.000413223	0.000557851	0.756098	0
	0.665	0.00150826	0.000909091	0.879888	0.340909	0.000454545	0.00053719	0.756098	0
	0.666	0.00157025	0.00103306	0.871508	0.340909	0.000599174	0.000702479	0.756098	0
	0.667	0.0013843	0.00103306	0.871508	0.340909	0.000475207	0.000805785	0.743902	0
	0.668	0.00128099	0.000764463	0.871148	0.340909	0.000578512	0.000433884	0.743902	0
	0.669	0.00128099	0.00115702	0.865169	0.340909	0.000454545	0.000929752	0.731707	0
	0.67	0.00126033	0.000929752	0.865169	0.338843	0.000681818	0.00072314	0.731707	0
	0.671	0.00117769	0.000681818	0.865169	0.336777	0.000516529	0.000557851	0.740741	0
	0.672	0.00144628	0.000805785	0.864789	0.336777	0.000661157	0.00072314	0.75	0
	0.673	0.00107438	0.000826446	0.866856	0.332645	0.00053719	0.000661157	0.75	0
	0.674	0.00115702	0.000867769	0.866856	0.332645	0.000413223	0.000702479	0.769231	0
	0.675	0.00117769	0.000929752	0.866856	0.332645	0.00053719	0.000681818	0.789474	0
	0.676	0.00115702	0.00107438	0.863248	0.330579	0.000454545	0.000599174	0.789474	0
	0.677	0.00136364	0.000929752	0.863248	0.322314	0.00053719	0.000640496	0.789474	0
	0.678	0.00123967	0.000743802	0.865714	0.320248	0.000475207	0.000681818	0.776316	0
	0.679	0.00105372	0.000950413	0.862857	0.320248	0.000495868	0.000599174	0.776316	0
	0.68	0.00126033	0.000991736	0.862857	0.320248	0.000433884	0.000516529	0.776316	0
	0.681	0.00136364	0.000661157	0.867816	0.316116	0.000619835	0.000454545	0.776316	0
	0.682	0.0010124	0.00117769	0.867816	0.316116	0.000433884	0.000805785	0.776316	0
	0.683	0.00123967	0.0011157	0.870317	0.31405	0.000392562	0.000702479	0.776316	0
	0.684	0.000929752	0.00103306	0.875362	0.309917	0.000557851	0.000702479	0.786667	0
	0.685	0.000971074	0.00109504	0.875362	0.307851	0.000805785	0.000619835	0.786667	0
	0.686	0.00109504	0.000826446	0.875362	0.305785	0.000702479	0.000495868	0.786667	0
	0.687	0.00109504	0.00105372	0.877193	0.299587	0.000433884	0.000619835	0.786667	0
	0.688	0.00103306	0.00123967	0.876833	0.299587	0.000413223	0.000599174	0.786667	0
	0.689	0.000909091	0.000929752	0.876833	0.295455	0.000661157	0.000475207	0.786667	0
	0.69	0.0011157	0.000950413	0.882006	0.291322	0.000413223	0.00072314	0.786667	0
	0.691	0.00119835	0.0011157	0.87574	0.291322	0.000702479	0.000847107	0.773333	0
	0.692	0.00119835	0.00113636	0.880952	0.285124	0.000516529	0.000661157	0.773333	0
	0.693	0.00109504	0.00109504	0.877976	0.285124	0.000681818	0.000743802	0.794521	0
	0.694	0.00107438	0.00115702	0.869048	0.285124	0.000619835	0.000702479	0.794521	0
	0.695	0.00113636	0.000929752	0.871642	0.278926	0.000371901	0.000826446	0.794521	0
	0.696	0.00113636	0.000805785	0.871642	0.27686	0.000433884	0.000640496	0.794521	0
	0.697	0.00103306	0.00115702	0.868657	0.274793	0.000619835	0.000619835	0.794521	0
	0.698	0.000991736	0.00107438	0.873874	0.272727	0.00053719	0.000764463	0.794521	0
	0.699	0.00107438	0.00105372	0.873494	0.268595	0.000413223	0.000702479	0.794521	0
	0.7	0.000971074	0.00115702	0.875758	0.266529	0.000495868	0.000681818	0.794521	0
	0.701	0.00103306	0.00117769	0.875758	0.264463	0.000413223	0.000578512	0.794521	0
	0.702	0.00136364	0.00113636	0.872727	0.262397	0.000433884	0.000681818	0.805556	0
	0.703	0.00144628	0.000971074	0.869697	0.260331	0.000330579	0.000702479	0.805556	0
	0.704	0.00109504	0.00119835	0.875	0.254132	0.00053719	0.000578512	0.791667	0
	0.705	0.00152893	0.00117769	0.874618	0.252066	0.000413223	0.00053719	0.791667	0
	0.706	0.0010124	0.00123967	0.876923	0.25	0.00035124	0.000516529	0.814286	0
	0.707	0.00107438	0.00128099	0.87037	0.247934	0.000371901	0.000702479	0.8	0
	0.708	0.00115702	0.00115702	0.87037	0.243802	0.000268595	0.000764463	0.8	0
	0.709	0.00126033	0.0011157	0.87037	0.243802	0.00035124	0.000785124	0.8	0
	0.71	0.00157025	0.00126033	0.87037	0.243802	0.000371901	0.000619835	0.8	0
	0.711	0.00103306	0.00140496	0.867284	0.243802	0.000247934	0.000826446	0.8	0
	0.712	0.00146694	0.000929752	0.867284	0.239669	0.000330579	0.000702479	0.8	0
	0.713	0.00113636	0.00130165	0.866873	0.239669	0.000289256	0.000764463	0.811594	0
	0.714	0.0013843	0.00123967	0.863354	0.239669	0.000330579	0.000805785	0.811594	0
	0.715	0.00159091	0.00159091	0.863354	0.239669	0.000433884	0.000867769	0.782609	0
	0.716	0.00140496	0.00142562	0.866044	0.237603	0.000268595	0.00072314	0.794118	0
	0.717	0.00132231	0.00109504	0.859813	0.233471	0.000599174	0.000764463	0.794118	0
	0.718	0.00134298	0.000991736	0.859375	0.233471	0.000144628	0.000619835	0.80597	0
	0.719	0.00161157	0.00150826	0.858934	0.229339	0.00035124	0.000640496	0.80597	0
	0.72	0.00128099	0.0013843	0.858491	0.229339	0.000371901	0.000578512	0.80597	0
	0.721	0.00130165	0.00119835	0.855346	0.227273	0.000268595	0.000661157	0.80303	0
	0.722	0.00132231	0.00152893	0.855346	0.225207	0.000289256	0.000599174	0.80303	0
	0.723	0.00126033	0.00113636	0.849057	0.225207	0.000227273	0.000805785	0.80303	0
	0.724	0.00132231	0.00146694	0.849057	0.221074	0.000371901	0.000599174	0.787879	0
	0.725	0.00165289	0.00144628	0.845912	0.214876	0.000309917	0.000764463	0.8	0
	0.726	0.00167355	0.00134298	0.839623	0.214876	0.000227273	0.00088843	0.8	0
	0.727	0.00173554	0.00140496	0.839117	0.214876	0.000330579	0.000785124	0.784615	0
	0.728	0.00134298	0.00150826	0.844444	0.21281	0.000413223	0.000826446	0.784615	0
	0.729	0.00146694	0.0014876	0.844444	0.21281	0.000413223	0.000619835	0.784615	0
	0.73	0.00177686	0.00121901	0.84127	0.208678	0.000516529	0.000661157	0.784615	0
	0.731	0.00142562	0.00115702	0.834921	0.208678	0.000557851	0.000578512	0.809524	0
	0.732	0.00123967	0.00167355	0.834921	0.208678	0.00035124	0.000578512	0.809524	0
	0.733	0.00173554	0.0017562	0.834921	0.204545	0.000392562	0.000557851	0.806452	0
	0.734	0.00121901	0.00165289	0.831746	0.204545	0.000454545	0.000619835	0.806452	0
	0.735	0.00146694	0.00152893	0.83121	0.200413	0.00035124	0.000702479	0.806452	0
	0.736	0.00161157	0.00188017	0.828025	0.200413	0.000309917	0.000619835	0.790323	0
	0.737	0.0013843	0.00181818	0.830671	0.198347	0.00035124	0.000578512	0.790323	0
	0.738	0.00152893	0.00167355	0.836013	0.194215	0.000433884	0.000764463	0.790323	0
	0.739	0.00161157	0.00159091	0.826367	0.188017	0.000557851	0.000661157	0.790323	0
	0.74	0.00136364	0.00150826	0.825806	0.18595	0.000371901	0.000578512	0.803279	0
	0.741	0.00167355	0.00173554	0.825806	0.18595	0.000247934	0.000681818	0.803279	0
	0.742	0.00142562	0.00167355	0.822581	0.183884	0.000495868	0.00072314	0.816667	0
	0.743	0.00202479	0.00154959	0.822006	0.181818	0.00053719	0.000516529	0.816667	0
	0.744	0.00161157	0.00163223	0.818182	0.17562	0.000578512	0.000599174	0.816667	0
	0.745	0.00173554	0.00150826	0.820847	0.171488	0.000599174	0.00072314	0.816667	0
	0.746	0.00167355	0.00132231	0.81759	0.169421	0.000392562	0.00053719	0.816667	0
	0.747	0.00171488	0.00161157	0.820261	0.169421	0.000289256	0.000599174	0.816667	0
	0.748	0.00192149	0.00165289	0.822951	0.167355	0.000495868	0.00072314	0.816667	0
	0.749	0.00161157	0.00146694	0.831126	0.167355	0.000392562	0.000557851	0.830508	0
	0.75	0.00177686	0.00134298	0.833887	0.167355	0.000309917	0.000681818	0.830508	0
	0.751	0.00196281	0.00194215	0.833333	0.163223	0.000247934	0.000640496	0.830508	0
	0.752	0.00163223	0.00167355	0.833333	0.154959	0.000475207	0.000475207	0.830508	0
	0.753	0.00192149	0.00167355	0.823333	0.154959	0.000516529	0.000619835	0.830508	0
	0.754	0.00183884	0.00179752	0.822742	0.152893	0.000433884	0.00035124	0.830508	0
	0.755	0.00165289	0.00159091	0.828283	0.152893	0.000433884	0.000599174	0.813559	0
	0.756	0.00177686	0.00188017	0.831081	0.150826	0.000268595	0.000785124	0.79661	0
	0.757	0.00165289	0.00179752	0.824324	0.14876	0.000475207	0.000578512	0.79661	0
	0.758	0.00202479	0.00173554	0.810811	0.142562	0.000371901	0.000764463	0.79661	0
	0.759	0.00198347	0.00206612	0.810811	0.140496	0.000599174	0.00053719	0.79661	0
	0.76	0.00183884	0.00173554	0.813559	0.134298	0.000268595	0.000268595	0.79661	0
	0.761	0.00188017	0.00181818	0.812925	0.134298	0.000268595	0.000516529	0.79661	0
	0.762	0.00177686	0.00179752	0.811644	0.128099	0.000289256	0.000681818	0.79661	0
	0.763	0.00165289	0.0014876	0.804795	0.123967	0.000433884	0.000516529	0.79661	0
	0.764	0.00206612	0.00142562	0.80137	0.119835	0.00035124	0.000475207	0.810345	0
	0.765	0.00198347	0.00173554	0.797945	0.119835	0.000247934	0.000475207	0.810345	0
	0.766	0.00181818	0.0021281	0.8	0.113636	0.000330579	0.000433884	0.824561	0
	0.767	0.00179752	0.0014876	0.796552	0.109504	0.000165289	0.000475207	0.824561	0
	0.768	0.00157025	0.00177686	0.798611	0.107438	0.00018595	0.000454545	0.824561	0
	0.769	0.00206612	0.00144628	0.795139	0.105372	0.000206612	0.000557851	0.839286	0
	0.77	0.0017562	0.00231405	0.797909	0.105372	0.000330579	0.000516529	0.839286	0
	0.771	0.00167355	0.00219008	0.783972	0.105372	0.000206612	0.000392562	0.839286	0
	0.772	0.00190083	0.00202479	0.777003	0.105372	0.000309917	0.00072314	0.821429	0
	0.773	0.00146694	0.00202479	0.773519	0.103306	0.00035124	0.000640496	0.821429	0
	0.774	0.00179752	0.00206612	0.770035	0.103306	0.000227273	0.000495868	0.821429	0
	0.775	0.00171488	0.00233471	0.763066	0.10124	0.000330579	0.000495868	0.803571	0
	0.776	0.00190083	0.00198347	0.765734	0.0929752	0.000289256	0.000413223	0.803571	0
	0.777	0.00194215	0.00206612	0.761404	0.0929752	0.000289256	0.000475207	0.8	0
	0.778	0.00256198	0.00210744	0.757042	0.0847107	0.000289256	0.000371901	0.8	0
	0.779	0.00171488	0.0018595	0.762411	0.0847107	0.000103306	0.000475207	0.8	0
	0.78	0.00169421	0.00231405	0.760714	0.0785124	0.000330579	0.000599174	0.8	0
	0.781	0.00210744	0.00196281	0.75	0.0743802	0.000227273	0.000413223	0.8	0
	0.782	0.00206612	0.0021281	0.75	0.0743802	0.000309917	0.000309917	0.8	0
	0.783	0.00210744	0.00179752	0.749104	0.0702479	0.000206612	0.000475207	0.814815	0
	0.784	0.00188017	0.00241736	0.748201	0.0661157	0.000268595	0.000392562	0.814815	0
	0.785	0.00208678	0.00243802	0.747292	0.0661157	0.000227273	0.00035124	0.830189	0
	0.786	0.00198347	0.00235537	0.746377	0.0640496	0.000247934	0.000413223	0.830189	0
	0.787	0.00237603	0.00221074	0.742754	0.0640496	0.000144628	0.000454545	0.826923	0
	0.788	0.00221074	0.00200413	0.738182	0.0619835	0.000206612	0.000433884	0.826923	0
	0.789	0.00260331	0.0022314	0.739927	0.0599174	0.000206612	0.000247934	0.843137	0
	0.79	0.00190083	0.00227273	0.736264	0.0599174	0.000227273	0.000495868	0.86	0
	0.791	0.0025	0.00243802	0.732601	0.0599174	0.000268595	0.000413223	0.86	0
	0.792	0.00229339	0.00262397	0.735294	0.0578512	0.000123967	0.000371901	0.86	0
	0.793	0.00241736	0.00268595	0.743494	0.0578512	0.00018595	0.000413223	0.86	0
	0.794	0.00252066	0.00245868	0.74812	0.0557851	0.00018595	0.000619835	0.86	0
	0.795	0.00297521	0.00239669	0.750943	0.053719	0.000289256	0.000475207	0.86	0
	0.796	0.00297521	0.00256198	0.74717	0.053719	0.00035124	0.000413223	0.86	0
	0.797	0.00289256	0.00202479	0.75	0.0516529	0.000247934	0.00053719	0.86	0
	0.798	0.00262397	0.00245868	0.75	0.0516529	0.000309917	0.000475207	0.86	0
	0.799	0.00229339	0.00254132	0.755725	0.0475207	0.000289256	0.000289256	0.86	0
	0.8	0.00260331	0.00221074	0.758621	0.0454545	0.000268595	0.000433884	0.84	0
	0.801	0.00262397	0.00272727	0.758621	0.0454545	0.000268595	0.000330579	0.84	0
	0.802	0.00258264	0.00278926	0.758621	0.0454545	0.00018595	0.000289256	0.84	0
	0.803	0.00252066	0.0027686	0.754789	0.0433884	0.000289256	0.000475207	0.84	0
	0.804	0.00266529	0.00278926	0.760618	0.0433884	0.000227273	0.000475207	0.84	0
	0.805	0.00272727	0.00266529	0.766537	0.0433884	0.000330579	0.000413223	0.84	0
	0.806	0.00260331	0.00270661	0.761719	0.0392562	0.000309917	0.00035124	0.82	0
	0.807	0.00299587	0.00272727	0.757812	0.0392562	0.000330579	0.000475207	0.82	0
	0.808	0.00252066	0.00289256	0.755906	0.0392562	0.000247934	0.000433884	0.816327	0
	0.809	0.00254132	0.00293388	0.754941	0.0371901	0.000330579	0.00035124	0.816327	0
	0.81	0.00274793	0.00258264	0.750988	0.035124	0.00018595	0.000392562	0.816327	0
	0.811	0.00235537	0.00318182	0.753968	0.035124	0.000227273	0.000289256	0.816327	0
	0.812	0.00274793	0.0031405	0.763052	0.0309917	0.000516529	0.000454545	0.816327	0
	0.813	0.00243802	0.00291322	0.759036	0.0309917	0.000371901	0.000413223	0.816327	0
	0.814	0.0021281	0.00280992	0.757085	0.0309917	0.000268595	0.000433884	0.816327	0
	0.815	0.00254132	0.00274793	0.753036	0.0289256	0.000475207	0.000330579	0.816327	0
	0.816	0.00181818	0.00283058	0.748988	0.0268595	0.00035124	0.000392562	0.795918	0
	0.817	0.00179752	0.0032438	0.752033	0.0247934	0.00035124	0.000454545	0.795918	0
	0.818	0.00181818	0.00307851	0.739837	0.0247934	0.000433884	0.000392562	0.77551	0
	0.819	0.00208678	0.00295455	0.741803	0.0247934	0.000268595	0.000413223	0.77551	0
	0.82	0.00210744	0.00283058	0.744856	0.0247934	0.000165289	0.000433884	0.77551	0
	0.821	0.00171488	0.00365702	0.744856	0.0227273	0.000330579	0.00035124	0.755102	0
	0.822	0.00150826	0.00289256	0.744856	0.0227273	0.000454545	0.000454545	0.755102	0
	0.823	0.0014876	0.00338843	0.746888	0.0227273	0.000371901	0.000433884	0.770833	0
	0.824	0.00163223	0.00332645	0.75	0.0227273	0.00053719	0.000268595	0.787234	0
	0.825	0.00192149	0.00322314	0.743697	0.0227273	0.000289256	0.000268595	0.765957	0
	0.826	0.00163223	0.00293388	0.742616	0.0227273	0.000371901	0.000268595	0.765957	0
	0.827	0.00140496	0.00334711	0.745763	0.0227273	0.000144628	0.000227273	0.765957	0
	0.828	0.0014876	0.00322314	0.744681	0.0206612	0.000454545	0.000371901	0.765957	0
	0.829	0.00161157	0.00369835	0.757576	0.0206612	0.000413223	0.000433884	0.765957	0
	0.83	0.0014876	0.00316116	0.755459	0.0206612	0.000371901	0.000330579	0.765957	0
	0.831	0.00142562	0.00334711	0.754386	0.0206612	0.000289256	0.000144628	0.765957	0
	0.832	0.00150826	0.00334711	0.756637	0.0206612	0.00018595	0.000371901	0.765957	0
	0.833	0.00136364	0.00340909	0.765766	0.018595	0.000578512	0.00035124	0.765957	0
	0.834	0.00128099	0.00347107	0.764706	0.0165289	0.000268595	0.000309917	0.765957	0
	0.835	0.00152893	0.00334711	0.768182	0.0165289	0.000330579	0.000268595	0.782609	0
	0.836	0.00152893	0.00342975	0.763636	0.0144628	0.000392562	0.000371901	0.8	0
	0.837	0.00126033	0.00371901	0.762557	0.0144628	0.000433884	0.000165289	0.8	0
	0.838	0.00161157	0.00299587	0.752294	0.0144628	0.000475207	0.000227273	0.8	0
	0.839	0.00146694	0.00328512	0.75463	0.0144628	0.00035124	0.000247934	0.8	0
	0.84	0.00192149	0.00402893	0.75814	0.0123967	0.000433884	0.000227273	0.8	0
	0.841	0.00196281	0.00365702	0.760563	0.0123967	0.00053719	0.000289256	0.8	0
	0.842	0.00171488	0.00421488	0.766667	0.0123967	0.000371901	0.000289256	0.818182	0
	0.843	0.00179752	0.00347107	0.770335	0.0103306	0.000516529	0.000268595	0.818182	0
	0.844	0.00159091	0.00345041	0.772947	0.00826446	0.00053719	0.000330579	0.818182	0
	0.845	0.00192149	0.00369835	0.771845	0.00826446	0.000516529	0.000289256	0.772727	0
	0.846	0.00194215	0.00336777	0.77561	0.00826446	0.000413223	0.000289256	0.790698	0
	0.847	0.00188017	0.00365702	0.783251	0.00826446	0.000392562	0.000227273	0.790698	0
	0.848	0.00181818	0.00336777	0.798995	0.00826446	0.000413223	0.000289256	0.767442	0
	0.849	0.00177686	0.0038843	0.788945	0.00619835	0.000413223	0.000227273	0.767442	0
	0.85	0.00159091	0.00376033	0.778894	0.00619835	0.000413223	0.000144628	0.744186	0
	0.851	0.0022314	0.0035124	0.778894	0.00413223	0.000309917	0.000165289	0.744186	0
	0.852	0.0021281	0.00392562	0.773869	0.00413223	0.000247934	0.000413223	0.744186	0
	0.853	0.00190083	0.00392562	0.772727	0.00206612	0.000433884	0.000309917	0.744186	0
	0.854	0.00181818	0.0036157	0.762626	0.00206612	0.000454545	0.000454545	0.744186	0
	0.855	0.00208678	0.00438017	0.757576	0.00206612	0.000309917	0.000454545	0.72093	0
	0.856	0.00227273	0.00421488	0.752525	0.00206612	0.000309917	0.000289256	0.72093	0
	0.857	0.00183884	0.00378099	0.742424	0.00206612	0.000247934	0.000330579	0.697674	0
	0.858	0.00200413	0.00392562	0.737374	0.00206612	0.000247934	0.000309917	0.697674	0
	0.859	0.00194215	0.00349174	0.741117	0.00206612	0.000330579	0.000309917	0.697674	0
	0.86	0.00169421	0.00384298	0.739796	0.00206612	0.000289256	0.000289256	0.697674	0
	0.861	0.00179752	0.00413223	0.729592	0.00206612	0.000392562	0.00035124	0.697674	0
	0.862	0.00231405	0.00421488	0.733333	0	0.000247934	0.000268595	0.697674	0
	0.863	0.00194215	0.0042562	0.733333	0	0.000247934	0.000144628	0.714286	0
	0.864	0.00190083	0.00402893	0.728205	0	0.000392562	0.00018595	0.714286	0
	0.865	0.00183884	0.00431818	0.734375	0	0.000413223	0.000309917	0.731707	0
	0.866	0.00204545	0.0042562	0.742105	0	0.000330579	0.000268595	0.75	0
	0.867	0.00190083	0.00475207	0.744681	0	0.00035124	0.000144628	0.75	0
	0.868	0.00208678	0.00431818	0.744681	0	0.000413223	0.00018595	0.769231	0
	0.869	0.0021281	0.00409091	0.723404	0	0.000165289	0.000371901	0.789474	0
	0.87	0.00198347	0.00431818	0.712766	0	0.00035124	0.000247934	0.789474	0
	0.871	0.00204545	0.00520661	0.715054	0	0.000227273	0.000247934	0.789474	0
	0.872	0.00221074	0.00444215	0.709677	0	0.000454545	0.000289256	0.789474	0
	0.873	0.0021281	0.00438017	0.711957	0	0.000413223	0.00018595	0.789474	0
	0.874	0.00233471	0.00417355	0.710383	0	0.000433884	0.000227273	0.763158	0
	0.875	0.00225207	0.00460744	0.710383	0	0.000475207	0.000309917	0.763158	0
	0.876	0.00225207	0.00477273	0.693989	0	0.000268595	0.000227273	0.763158	0
	0.877	0.00192149	0.0042562	0.690608	0	0.00053719	0.000206612	0.763158	0
	0.878	0.00192149	0.00466942	0.692737	0	0.000227273	0.000227273	0.783784	0
	0.879	0.00159091	0.00495868	0.692737	0	0.000516529	0.000206612	0.783784	0
	0.88	0.00194215	0.00491736	0.700565	0	0.000413223	0.000247934	0.805556	0
	0.881	0.00198347	0.00417355	0.704545	0	0.000578512	0.000227273	0.805556	0
	0.882	0.00216942	0.00469008	0.698864	0	0.000330579	8.26446e-05	0.777778	0
	0.883	0.00252066	0.00518595	0.693182	0	0.000495868	0.00018595	0.777778	0
	0.884	0.0022314	0.0047314	0.697143	0	0.000661157	0.000227273	0.777778	0
	0.885	0.00210744	0.00446281	0.68	0	0.00035124	0.000227273	0.777778	0
	0.886	0.00229339	0.00417355	0.678161	0	0.00035124	0.000247934	0.777778	0
	0.887	0.00262397	0.00460744	0.686391	0	0.000392562	0.000289256	0.777778	0
	0.888	0.00252066	0.00491736	0.680723	0	0.000371901	0.00035124	0.777778	0
	0.889	0.0025	0.00551653	0.674699	0	0.00035124	0.000309917	0.777778	0
	0.89	0.00262397	0.00440083	0.662651	0	0.000557851	0.000165289	0.777778	0
	0.891	0.00285124	0.00448347	0.666667	0	0.000309917	0.000289256	0.777778	0
	0.892	0.00254132	0.00469008	0.658537	0	0.000475207	0.000268595	0.777778	0
	0.893	0.00291322	0.0046281	0.652439	0	0.00018595	0.00018595	0.777778	0
	0.894	0.00256198	0.00458678	0.656442	0	0.000309917	0.000123967	0.777778	0
	0.895	0.00266529	0.00407025	0.650307	0	0.000330579	0.000206612	0.771429	0
	0.896	0.00245868	0.00450413	0.635802	0	0.000206612	0.000165289	0.771429	0
	0.897	0.0031405	0.00479339	0.623457	0	0.000206612	0.000103306	0.771429	0
	0.898	0.00262397	0.00433884	0.621118	0	0.000165289	0.00018595	0.742857	0
	0.899	0.00264463	0.00466942	0.6125	0	0.000144628	0.000247934	0.742857	0
	0.9	0.00278926	0.00475207	0.603774	0	0.000289256	0.000289256	0.742857	0
	0.901	0.00252066	0.00479339	0.594937	0	0.000165289	0.000206612	0.742857	0
	0.902	0.00342975	0.00427686	0.592357	0	0.00018595	0.000103306	0.742857	0
	0.903	0.00293388	0.00506198	0.583333	0	0.000165289	0.00018595	0.764706	0
	0.904	0.00307851	0.00438017	0.594771	0	0.000206612	0.000144628	0.764706	0
	0.905	0.00270661	0.00415289	0.592105	0	0.000371901	0.000247934	0.735294	0
	0.906	0.00326446	0.00493802	0.582781	0	0.000227273	0.000247934	0.735294	0
	0.907	0.00322314	0.00411157	0.569536	0	0.000330579	0.000165289	0.78125	0
	0.908	0.00291322	0.00495868	0.569536	0	0.000227273	0.000247934	0.78125	0
	0.909	0.00297521	0.00450413	0.566667	0	0.000371901	0.000165289	0.78125	0
	0.91	0.00299587	0.00413223	0.567568	0	0.000206612	0.00018595	0.862069	0
	0.911	0.00295455	0.00409091	0.560811	0	0.000309917	0.000103306	0.862069	0
	0.912	0.00305785	0.00460744	0.558621	0	0.000123967	0.000247934	0.862069	0
	0.913	0.00357438	0.00502066	0.5625	0	0.000330579	0.000123967	0.862069	0
	0.914	0.00301653	0.00440083	0.552448	0	0.000247934	0.00018595	0.862069	0
	0.915	0.00278926	0.00411157	0.556338	0	0.000227273	6.19835e-05	0.862069	0
	0.916	0.00283058	0.00427686	0.564286	0	0.000330579	6.19835e-05	0.862069	0
	0.917	0.00291322	0.00415289	0.572464	0	0.000247934	8.26446e-05	0.862069	0
	0.918	0.00318182	0.00427686	0.576642	0	0.00035124	0.000123967	0.827586	0
	0.919	0.0022314	0.00415289	0.58209	0	0.00035124	6.19835e-05	0.827586	0
	0.92	0.00266529	0.00444215	0.586466	0	0.000289256	0.000144628	0.827586	0
	0.921	0.00264463	0.0039876	0.572519	0	0.000330579	0.000103306	0.793103	0
	0.922	0.00266529	0.00431818	0.581395	0	0.00035124	6.19835e-05	0.793103	0
	0.923	0.00272727	0.00413223	0.574803	0	0.000330579	0.000227273	0.793103	0
	0.924	0.0025	0.00419421	0.559055	0	0.00035124	0.000247934	0.793103	0
	0.925	0.00245868	0.00413223	0.563492	0	0.000309917	0.000165289	0.793103	0
	0.926	0.00291322	0.0039876	0.564516	0	0.000289256	0.000103306	0.793103	0
	0.927	0.00245868	0.00438017	0.556452	0	0.000206612	0.000123967	0.793103	0
	0.928	0.00243802	0.00396694	0.571429	0	0.000413223	0.00018595	0.793103	0
	0.929	0.00225207	0.00365702	0.550847	0	0.000247934	0.000206612	0.758621	0
	0.93	0.00214876	0.00336777	0.560345	0	0.000392562	0.000103306	0.758621	0
	0.931	0.00262397	0.00409091	0.560345	0	0.000309917	0.000247934	0.724138	0
	0.932	0.00252066	0.00415289	0.557522	0	0.000289256	0.000123967	0.724138	0
	0.933	0.00241736	0.00334711	0.558559	0	0.000309917	0.000103306	0.724138	0
	0.934	0.00225207	0.0038843	0.559633	0	0.00035124	0.000247934	0.689655	0
	0.935	0.00214876	0.00347107	0.571429	0	0.000433884	0.000165289	0.714286	0
	0.936	0.00262397	0.00359504	0.552381	0	0.000289256	8.26446e-05	0.740741	0
	0.937	0.00254132	0.00384298	0.548077	0	0.000309917	6.19835e-05	0.740741	0
	0.938	0.00245868	0.00334711	0.548077	0	0.000516529	0.000103306	0.703704	0
	0.939	0.00254132	0.00359504	0.534653	0	0.000516529	0.000144628	0.703704	0
	0.94	0.00239669	0.00342975	0.55102	0	0.000578512	0.000165289	0.703704	0
	0.941	0.00272727	0.00303719	0.552083	0	0.000557851	8.26446e-05	0.703704	0
	0.942	0.00208678	0.00338843	0.557895	0	0.000475207	0.000103306	0.730769	0
	0.943	0.0022314	0.0036157	0.56383	0	0.00072314	6.19835e-05	0.730769	0
	0.944	0.00258264	0.00245868	0.576087	0	0.000495868	0.000103306	0.730769	0
	0.945	0.00272727	0.00295455	0.58427	0	0.000454545	6.19835e-05	0.76	0
	0.946	0.0025	0.00318182	0.579545	0	0.000330579	0.000165289	0.76	0
	0.947	0.00241736	0.00262397	0.586207	0	0.000475207	8.26446e-05	0.76	0
	0.948	0.00200413	0.00280992	0.581395	0	0.00053719	0.000103306	0.76	0
	0.949	0.00208678	0.00264463	0.581395	0	0.000495868	6.19835e-05	0.76	0
	0.95	0.00210744	0.00316116	0.581395	0	0.00053719	4.13223e-05	0.76	0
	0.951	0.00252066	0.00258264	0.546512	0	0.000413223	4.13223e-05	0.76	0
	0.952	0.00196281	0.00299587	0.566265	0	0.000433884	0.000123967	0.76	0
	0.953	0.00231405	0.00264463	0.566265	0	0.000330579	0.000123967	0.76	0
	0.954	0.00188017	0.00295455	0.54878	0	0.00053719	0.000103306	0.76	0
	0.955	0.00243802	0.00283058	0.54878	0	0.000289256	8.26446e-05	0.791667	0
	0.956	0.00210744	0.00198347	0.56962	0	0.00018595	0.000103306	0.791667	0
	0.957	0.00241736	0.00243802	0.584416	0	0.000309917	0.000165289	0.791667	0
	0.958	0.00216942	0.00256198	0.578947	0	0.000268595	0	0.791667	0
	0.959	0.00165289	0.00225207	0.60274	0	0.000123967	0.000206612	0.791667	0
	0.96	0.00173554	0.00243802	0.628571	0	0.000165289	0.000123967	0.826087	0
	0.961	0.00165289	0.00245868	0.623188	0	6.19835e-05	0	0.826087	0
	0.962	0.00134298	0.00221074	0.623188	0	4.13223e-05	6.19835e-05	0.826087	0
	0.963	0.00163223	0.00188017	0.623188	0	2.06612e-05	0.000123967	0.863636	0
	0.964	0.00140496	0.00225207	0.651515	0	8.26446e-05	6.19835e-05	0.863636	0
	0.965	0.0013843	0.00198347	0.65625	0	2.06612e-05	8.26446e-05	0.904762	0
	0.966	0.00142562	0.00200413	0.66129	0	2.06612e-05	0.000103306	0.95	0
	0.967	0.00163223	0.00165289	0.672131	0	0	0.000144628	1	0
	0.968	0.00144628	0.00196281	0.694915	0	0	6.19835e-05	1	0
	0.969	0.0010124	0.00179752	0.677966	0	0	4.13223e-05	1	0
	0.97	0.0010124	0.00165289	0.672414	0	0	8.26446e-05	1	0
	0.971	0.00107438	0.00150826	0.696429	0	0	6.19835e-05	1	0
	0.972	0.000847107	0.00198347	0.709091	0	0	2.06612e-05	1	0
	0.973	0.000991736	0.00159091	0.75	0	0	6.19835e-05	1	0
	0.974	0.00105372	0.00146694	0.764706	0	0	8.26446e-05	1	0
	0.975	0.00072314	0.00144628	0.78	0	2.06612e-05	8.26446e-05	1	0
	0.976	0.000909091	0.00165289	0.78	0	2.06612e-05	8.26446e-05	0.947368	0
	0.977	0.000805785	0.0014876	0.78	0	4.13223e-05	0.000144628	0.947368	0
	0.978	0.0011157	0.00115702	0.78	0	6.19835e-05	0.000103306	0.947368	0
	0.979	0.000785124	0.000991736	0.75	0	0.000123967	8.26446e-05	0.894737	0
	0.98	0.00103306	0.00117769	0.744681	0	0.000227273	6.19835e-05	0.894737	0
	0.981	0.000929752	0.000764463	0.73913	0	0.000247934	0.000165289	0.894737	0
	0.982	0.00113636	0.00113636	0.75	0	0.000309917	4.13223e-05	0.894737	0
	0.983	0.00130165	0.00115702	0.727273	0	0.000413223	6.19835e-05	0.894737	0
	0.984	0.00146694	0.000909091	0.738095	0	0.000371901	4.13223e-05	0.894737	0
	0.985	0.00150826	0.000640496	0.714286	0	0.000330579	8.26446e-05	0.894737	0
	0.986	0.00173554	0.000929752	0.690476	0	0.000475207	4.13223e-05	0.894737	0
	0.987	0.00196281	0.000681818	0.642857	0	0.000371901	4.13223e-05	0.894737	0
	0.988	0.00208678	0.000661157	0.619048	0	0.000433884	4.13223e-05	0.894737	0
	0.989	0.00216942	0.000661157	0.619048	0	0.000227273	6.19835e-05	0.894737	0
	0.99	0.00260331	0.00053719	0.619048	0	0.000165289	0.000165289	0.894737	0
	0.991	0.00293388	0.000681818	0.634146	0	8.26446e-05	0.000103306	0.894737	0
	0.992	0.00256198	0.000557851	0.609756	0	0.000165289	0.000123967	0.894737	0
	0.993	0.00243802	0.000495868	0.615385	0	0.000103306	6.19835e-05	0.888889	0
	0.994	0.00233471	0.000433884	0.564103	0	0.000123967	0.000144628	0.888889	0
	0.995	0.00221074	0.000433884	0.555556	0	0.000309917	0.000144628	0.833333	0
	0.996	0.00274793	0.000392562	0.527778	0	0.000805785	4.13223e-05	0.823529	0
	0.997	0.00353306	0.000227273	0.542857	0	0.00109504	8.26446e-05	0.823529	0
	0.998	0.00469008	0.000392562	0.586207	0	0.00198347	0.000289256	0.764706	0
	0.999	0.00559917	0.000495868	0.535714	0	0.00233471	0.000268595	0.764706	0
	1	0.0374587	0.00105372	0.5	0	0.0284091	0.000909091	0.705882	0


#	yrange	sparsity	# links	zeta	support at cross	fraction FP	support at cross2	fraction FP2
	0	0.504132	244	0.000478962	0.98	0.170785	0.98	0.170785
	0.04	0.504132	244	0.000478962	0.98	0.170785	0.98	0.170785
