#	Frequencies and overlap
#	bins	MYC	shuffle	overlap_MYC	overlap_shuffle	SIGN_MYC	SIGNshuffle	SIGNoverlap_MYC	SIGNoverlap_shuffle
	0	0.941736	0.857479	1	1	0.945744	0.859731	0.989669	0.878099
	0.001	0.00636364	0.021405	0.511111	0	0.00545455	0.0198347	0.575	0
	0.002	0.00231405	0.0096281	0.6875	0	0.00121901	0.00929752	0.733333	0
	0.003	0.00136364	0.00663223	0.758621	0	0.000516529	0.00644628	0.814815	0
	0.004	0.00132231	0.00514463	0.777778	0	0.000516529	0.00506198	0.84	0
	0.005	0.000661157	0.00390496	0.84	0	0.000516529	0.00386364	0.913043	0
	0.006	0.000909091	0.00336777	0.8	0	0.000785124	0.00336777	0.869565	0
	0.007	0.00053719	0.00283058	0.8	0	0.000475207	0.00283058	0.869565	0
	0.008	0.000619835	0.00252066	0.833333	0	0.000599174	0.00252066	0.869565	0
	0.009	0.000392562	0.00221074	0.869565	0	0.000392562	0.00219008	0.869565	0
	0.01	0.000475207	0.00198347	0.869565	0	0.000475207	0.00198347	0.869565	0
	0.011	0.000661157	0.00165289	0.869565	0	0.000661157	0.00165289	0.869565	0
	0.012	0.000309917	0.00150826	0.909091	0	0.000309917	0.00150826	0.909091	0
	0.013	0.00035124	0.0013843	0.863636	0	0.00035124	0.0013843	0.863636	0
	0.014	0.000165289	0.00130165	0.863636	0	0.000165289	0.00130165	0.863636	0
	0.015	0.000165289	0.00128099	0.863636	0	0.000165289	0.00128099	0.863636	0
	0.016	0.000144628	0.0010124	0.863636	0	0.000144628	0.0010124	0.863636	0
	0.017	0.000103306	0.00117769	0.863636	0	0.000103306	0.00117769	0.863636	0
	0.018	0.000144628	0.000826446	0.904762	0	0.000144628	0.000826446	0.904762	0
	0.019	0.000123967	0.000929752	0.904762	0	0.000123967	0.000929752	0.904762	0
	0.02	2.06612e-05	0.000950413	0.904762	0	2.06612e-05	0.000950413	0.904762	0
	0.021	0.000103306	0.000764463	0.95	0	0.000103306	0.000764463	0.95	0
	0.022	0.000123967	0.000991736	0.95	0	0.000123967	0.000991736	0.95	0
	0.023	0.000144628	0.000661157	0.9	0	0.000144628	0.000661157	0.9	0
	0.024	0.000309917	0.000929752	0.9	0	0.000309917	0.000929752	0.9	0
	0.025	0.000206612	0.000867769	0.9	0	0.000206612	0.000867769	0.9	0
	0.026	0.000247934	0.000681818	0.9	0	0.000247934	0.000681818	0.9	0
	0.027	0.000289256	0.000847107	0.9	0	0.000289256	0.000847107	0.9	0
	0.028	8.26446e-05	0.000619835	0.9	0	8.26446e-05	0.000619835	0.9	0
	0.029	0.000330579	0.000661157	0.9	0	0.000330579	0.000661157	0.9	0
	0.03	0.000227273	0.00088843	0.9	0	0.000227273	0.00088843	0.9	0
	0.031	0.00018595	0.000805785	0.9	0	0.00018595	0.000805785	0.9	0
	0.032	0.000144628	0.00072314	0.9	0	0.000144628	0.00072314	0.9	0
	0.033	0.000247934	0.000909091	0.9	0	0.000247934	0.000909091	0.9	0
	0.034	0.000206612	0.000557851	0.9	0	0.000206612	0.000557851	0.9	0
	0.035	0.000144628	0.000599174	0.9	0	0.000144628	0.000599174	0.9	0
	0.036	6.19835e-05	0.000619835	0.947368	0	6.19835e-05	0.000619835	0.947368	0
	0.037	0.000144628	0.00053719	0.947368	0	0.000144628	0.00053719	0.947368	0
	0.038	0.000123967	0.000578512	0.947368	0	0.000123967	0.000578512	0.947368	0
	0.039	0.000103306	0.000557851	0.947368	0	0.000103306	0.000557851	0.947368	0
	0.04	8.26446e-05	0.000309917	0.947368	0	8.26446e-05	0.000309917	0.947368	0
	0.041	4.13223e-05	0.000661157	0.947368	0	4.13223e-05	0.000661157	0.947368	0
	0.042	8.26446e-05	0.000557851	0.947368	0	8.26446e-05	0.000557851	0.947368	0
	0.043	6.19835e-05	0.000330579	0.894737	0	6.19835e-05	0.000330579	0.894737	0
	0.044	8.26446e-05	0.000392562	0.894737	0	8.26446e-05	0.000392562	0.894737	0
	0.045	2.06612e-05	0.000371901	0.894737	0	2.06612e-05	0.000371901	0.894737	0
	0.046	4.13223e-05	0.000578512	0.894737	0	4.13223e-05	0.000578512	0.894737	0
	0.047	2.06612e-05	0.000454545	0.894737	0	2.06612e-05	0.000433884	0.894737	0
	0.048	2.06612e-05	0.000578512	0.894737	0	2.06612e-05	0.000578512	0.894737	0
	0.049	2.06612e-05	0.000640496	0.894737	0	2.06612e-05	0.000640496	0.894737	0
	0.05	2.06612e-05	0.000495868	0.894737	0	2.06612e-05	0.000495868	0.894737	0
	0.051	4.13223e-05	0.000495868	0.894737	0	4.13223e-05	0.000495868	0.894737	0
	0.052	6.19835e-05	0.000371901	0.894737	0	6.19835e-05	0.000371901	0.894737	0
	0.053	4.13223e-05	0.000454545	0.944444	0	4.13223e-05	0.000454545	0.944444	0
	0.054	4.13223e-05	0.000392562	0.944444	0	4.13223e-05	0.000392562	0.944444	0
	0.055	0.000103306	0.000433884	0.944444	0	0.000103306	0.000433884	0.944444	0
	0.056	0	0.000475207	0.944444	0	0	0.000475207	0.944444	0
	0.057	4.13223e-05	0.000371901	0.944444	0	4.13223e-05	0.000371901	0.944444	0
	0.058	8.26446e-05	0.000371901	0.944444	0	8.26446e-05	0.000371901	0.944444	0
	0.059	8.26446e-05	0.000330579	0.944444	0	8.26446e-05	0.000330579	0.944444	0
	0.06	6.19835e-05	0.000475207	0.944444	0	6.19835e-05	0.000475207	0.944444	0
	0.061	0.000144628	0.000475207	0.944444	0	0.000144628	0.000475207	0.944444	0
	0.062	8.26446e-05	0.000454545	0.944444	0	8.26446e-05	0.000454545	0.944444	0
	0.063	0.000123967	0.000227273	0.944444	0	0.000123967	0.000227273	0.944444	0
	0.064	0.000144628	0.000247934	0.944444	0	0.000144628	0.000247934	0.944444	0
	0.065	0.000103306	0.000413223	0.944444	0	0.000103306	0.000413223	0.944444	0
	0.066	6.19835e-05	0.000330579	0.944444	0	6.19835e-05	0.000330579	0.944444	0
	0.067	0.000103306	0.00035124	0.944444	0	0.000103306	0.00035124	0.944444	0
	0.068	8.26446e-05	0.000289256	0.944444	0	8.26446e-05	0.000289256	0.944444	0
	0.069	2.06612e-05	0.000371901	0.944444	0	2.06612e-05	0.000371901	0.944444	0
	0.07	8.26446e-05	0.00035124	0.944444	0	8.26446e-05	0.00035124	0.944444	0
	0.071	6.19835e-05	0.000557851	0.944444	0	6.19835e-05	0.000557851	0.944444	0
	0.072	2.06612e-05	0.000392562	0.944444	0	2.06612e-05	0.000392562	0.944444	0
	0.073	0.000103306	0.00035124	0.944444	0	0.000103306	0.000371901	0.944444	0
	0.074	0.000103306	0.000495868	0.944444	0	0.000103306	0.000475207	0.944444	0
	0.075	6.19835e-05	0.000289256	0.944444	0	6.19835e-05	0.000289256	0.944444	0
	0.076	8.26446e-05	0.000433884	0.944444	0	8.26446e-05	0.000433884	0.944444	0
	0.077	2.06612e-05	0.000433884	0.944444	0	2.06612e-05	0.000433884	0.944444	0
	0.078	2.06612e-05	0.000289256	0.944444	0	2.06612e-05	0.000289256	0.944444	0
	0.079	2.06612e-05	0.000247934	0.944444	0	2.06612e-05	0.000247934	0.944444	0
	0.08	4.13223e-05	0.000392562	0.944444	0	4.13223e-05	0.000392562	0.944444	0
	0.081	0	0.000268595	0.944444	0	0	0.000268595	0.944444	0
	0.082	0	0.000268595	0.944444	0	0	0.000268595	0.944444	0
	0.083	2.06612e-05	0.000371901	0.944444	0	2.06612e-05	0.000371901	0.944444	0
	0.084	0	0.000371901	1	0	0	0.000371901	1	0
	0.085	2.06612e-05	0.000433884	1	0	2.06612e-05	0.000433884	1	0
	0.086	0	0.000247934	0.941176	0	0	0.000247934	0.941176	0
	0.087	2.06612e-05	0.000454545	0.941176	0	2.06612e-05	0.000454545	0.941176	0
	0.088	0	0.00035124	0.941176	0	0	0.00035124	0.941176	0
	0.089	2.06612e-05	0.000289256	0.941176	0	2.06612e-05	0.000289256	0.941176	0
	0.09	0	0.000268595	0.941176	0	0	0.000268595	0.941176	0
	0.091	4.13223e-05	0.000289256	0.941176	0	4.13223e-05	0.000289256	0.941176	0
	0.092	0	0.000392562	0.941176	0	0	0.000392562	0.941176	0
	0.093	0	0.000289256	0.941176	0	0	0.000289256	0.941176	0
	0.094	4.13223e-05	0.000289256	0.941176	0	4.13223e-05	0.000289256	0.941176	0
	0.095	2.06612e-05	0.000206612	0.941176	0	2.06612e-05	0.000206612	0.941176	0
	0.096	8.26446e-05	0.00018595	0.941176	0	8.26446e-05	0.00018595	0.941176	0
	0.097	6.19835e-05	0.000247934	0.941176	0	6.19835e-05	0.000247934	0.941176	0
	0.098	2.06612e-05	0.00035124	0.941176	0	2.06612e-05	0.00035124	0.941176	0
	0.099	6.19835e-05	0.000289256	0.941176	0	6.19835e-05	0.000289256	0.941176	0
	0.1	4.13223e-05	0.000206612	0.941176	0	4.13223e-05	0.000206612	0.941176	0
	0.101	8.26446e-05	0.000227273	0.941176	0	8.26446e-05	0.000227273	0.941176	0
	0.102	6.19835e-05	0.000371901	0.941176	0	6.19835e-05	0.000371901	0.941176	0
	0.103	4.13223e-05	0.00018595	0.941176	0	4.13223e-05	0.00018595	0.941176	0
	0.104	6.19835e-05	0.00018595	0.941176	0	6.19835e-05	0.00018595	0.941176	0
	0.105	4.13223e-05	0.000330579	0.941176	0	4.13223e-05	0.000330579	0.941176	0
	0.106	0.000165289	0.000371901	0.941176	0	0.000165289	0.000371901	0.941176	0
	0.107	8.26446e-05	0.000433884	0.941176	0	8.26446e-05	0.000433884	0.941176	0
	0.108	8.26446e-05	0.000227273	0.941176	0	8.26446e-05	0.000227273	0.941176	0
	0.109	0.000123967	0.000227273	0.941176	0	0.000123967	0.000227273	0.941176	0
	0.11	6.19835e-05	0.00018595	0.941176	0	6.19835e-05	0.00018595	0.941176	0
	0.111	8.26446e-05	0.000371901	0.941176	0	8.26446e-05	0.000371901	0.941176	0
	0.112	2.06612e-05	0.000289256	0.941176	0	2.06612e-05	0.000289256	0.941176	0
	0.113	0.000103306	0.00035124	0.941176	0	0.000103306	0.00035124	0.941176	0
	0.114	0.000144628	0.000206612	0.941176	0	0.000144628	0.000206612	0.941176	0
	0.115	4.13223e-05	0.000330579	0.941176	0	4.13223e-05	0.000330579	0.941176	0
	0.116	8.26446e-05	0.000165289	0.941176	0	8.26446e-05	0.000165289	0.941176	0
	0.117	4.13223e-05	0.000103306	0.941176	0	4.13223e-05	0.000103306	0.941176	0
	0.118	8.26446e-05	0.000289256	0.882353	0	8.26446e-05	0.000289256	0.882353	0
	0.119	0	0.000330579	0.882353	0	0	0.000330579	0.882353	0
	0.12	2.06612e-05	0.000165289	0.882353	0	2.06612e-05	0.000165289	0.882353	0
	0.121	2.06612e-05	0.000247934	0.882353	0	2.06612e-05	0.000247934	0.882353	0
	0.122	8.26446e-05	0.000247934	0.882353	0	8.26446e-05	0.000247934	0.882353	0
	0.123	4.13223e-05	0.000144628	0.882353	0	4.13223e-05	0.000144628	0.882353	0
	0.124	4.13223e-05	0.000227273	0.882353	0	4.13223e-05	0.000227273	0.882353	0
	0.125	8.26446e-05	0.000165289	0.882353	0	8.26446e-05	0.000165289	0.882353	0
	0.126	0	0.000144628	0.882353	0	0	0.000144628	0.882353	0
	0.127	4.13223e-05	0.000144628	0.882353	0	4.13223e-05	0.000144628	0.882353	0
	0.128	2.06612e-05	0.000123967	0.882353	0	2.06612e-05	0.000123967	0.882353	0
	0.129	4.13223e-05	0.000165289	0.882353	0	4.13223e-05	0.000165289	0.882353	0
	0.13	2.06612e-05	0.000123967	0.882353	0	4.13223e-05	0.000123967	0.882353	0
	0.131	6.19835e-05	0.000123967	0.882353	0	4.13223e-05	0.000123967	0.882353	0
	0.132	4.13223e-05	0.000123967	0.882353	0	4.13223e-05	0.000123967	0.882353	0
	0.133	8.26446e-05	0.000309917	0.882353	0	8.26446e-05	0.000309917	0.882353	0
	0.134	2.06612e-05	0.000227273	0.882353	0	4.13223e-05	0.000227273	0.882353	0
	0.135	6.19835e-05	4.13223e-05	0.882353	0	4.13223e-05	4.13223e-05	0.882353	0
	0.136	6.19835e-05	0.00018595	0.9375	0	6.19835e-05	0.00018595	0.9375	0
	0.137	6.19835e-05	0.00018595	0.9375	0	6.19835e-05	0.00018595	0.9375	0
	0.138	4.13223e-05	0.000206612	0.9375	0	6.19835e-05	0.000206612	0.9375	0
	0.139	0.000123967	0.000123967	0.9375	0	0.000103306	0.000123967	0.9375	0
	0.14	0.000103306	0.000103306	0.9375	0	0.000103306	0.000103306	0.9375	0
	0.141	4.13223e-05	0.000165289	0.9375	0	4.13223e-05	0.000165289	0.9375	0
	0.142	8.26446e-05	0.000206612	0.9375	0	8.26446e-05	0.000206612	0.9375	0
	0.143	2.06612e-05	0.000144628	0.9375	0	4.13223e-05	0.000144628	0.9375	0
	0.144	4.13223e-05	0.00018595	0.9375	0	4.13223e-05	0.00018595	0.9375	0
	0.145	6.19835e-05	0.000165289	0.9375	0	4.13223e-05	0.000165289	0.9375	0
	0.146	8.26446e-05	0.000123967	0.9375	0	8.26446e-05	0.000123967	0.9375	0
	0.147	0	0.000165289	0.9375	0	0	0.000165289	0.9375	0
	0.148	6.19835e-05	8.26446e-05	0.9375	0	8.26446e-05	8.26446e-05	0.9375	0
	0.149	0.000103306	0.000123967	0.9375	0	0.000144628	0.000123967	0.9375	0
	0.15	0.000165289	6.19835e-05	0.9375	0	0.000103306	6.19835e-05	0.9375	0
	0.151	0	0.000227273	0.9375	0	0	0.000227273	0.9375	0
	0.152	0	0.000103306	0.9375	0	0	0.000103306	0.9375	0
	0.153	8.26446e-05	0.000103306	0.9375	0	8.26446e-05	0.000103306	0.9375	0
	0.154	0.000103306	0.000103306	0.9375	0	0.000123967	0.000103306	0.9375	0
	0.155	8.26446e-05	0.000144628	0.9375	0	6.19835e-05	0.000144628	0.9375	0
	0.156	2.06612e-05	8.26446e-05	0.9375	0	2.06612e-05	8.26446e-05	0.9375	0
	0.157	6.19835e-05	4.13223e-05	0.9375	0	6.19835e-05	4.13223e-05	0.9375	0
	0.158	2.06612e-05	0.000103306	0.9375	0	2.06612e-05	0.000103306	0.9375	0
	0.159	2.06612e-05	6.19835e-05	0.9375	0	2.06612e-05	6.19835e-05	0.9375	0
	0.16	0	0.000103306	0.9375	0	0	0.000103306	0.9375	0
	0.161	2.06612e-05	0.00018595	0.9375	0	2.06612e-05	0.00018595	0.9375	0
	0.162	4.13223e-05	0.000227273	0.9375	0	4.13223e-05	0.000227273	0.9375	0
	0.163	0	0.000247934	0.9375	0	0	0.000247934	0.9375	0
	0.164	0	0.000144628	0.9375	0	0	0.000144628	0.9375	0
	0.165	2.06612e-05	0.000103306	0.9375	0	2.06612e-05	0.000103306	0.9375	0
	0.166	2.06612e-05	0.00018595	0.9375	0	2.06612e-05	0.00018595	0.9375	0
	0.167	0	8.26446e-05	0.9375	0	0	8.26446e-05	0.9375	0
	0.168	0	0	0.9375	0	0	0	0.9375	0
	0.169	0	0.000103306	0.9375	0	0	0.000103306	0.9375	0
	0.17	2.06612e-05	4.13223e-05	0.9375	0	2.06612e-05	4.13223e-05	0.9375	0
	0.171	0	0.000103306	0.9375	0	0	0.000103306	0.9375	0
	0.172	0	0.000206612	0.9375	0	0	0.000206612	0.9375	0
	0.173	0	0.00018595	0.9375	0	0	0.00018595	0.9375	0
	0.174	0	0.000247934	0.9375	0	0	0.000247934	0.9375	0
	0.175	0	6.19835e-05	0.9375	0	0	6.19835e-05	0.9375	0
	0.176	0	0.000103306	0.9375	0	0	0.000103306	0.9375	0
	0.177	0	6.19835e-05	0.9375	0	0	6.19835e-05	0.9375	0
	0.178	0	8.26446e-05	0.9375	0	0	8.26446e-05	0.9375	0
	0.179	0	0.000165289	0.9375	0	0	0.000165289	0.9375	0
	0.18	0	0.000123967	0.9375	0	0	0.000123967	0.9375	0
	0.181	2.06612e-05	0.000227273	0.9375	0	2.06612e-05	0.000227273	0.9375	0
	0.182	0	0.000103306	0.875	0	0	0.000103306	0.875	0
	0.183	2.06612e-05	0.000123967	0.875	0	2.06612e-05	0.000123967	0.875	0
	0.184	0	0.000165289	0.875	0	0	0.000165289	0.875	0
	0.185	0	0.000165289	0.875	0	0	0.000165289	0.875	0
	0.186	2.06612e-05	0.000123967	0.875	0	2.06612e-05	0.000123967	0.875	0
	0.187	2.06612e-05	0.000123967	0.933333	0	2.06612e-05	0.000123967	0.933333	0
	0.188	2.06612e-05	0.000144628	0.866667	0	2.06612e-05	0.000144628	0.866667	0
	0.189	0	0.000206612	0.866667	0	0	0.000206612	0.866667	0
	0.19	0	0.000144628	0.866667	0	0	0.000144628	0.866667	0
	0.191	0	6.19835e-05	0.866667	0	0	6.19835e-05	0.866667	0
	0.192	4.13223e-05	0.000103306	0.866667	0	4.13223e-05	0.000103306	0.866667	0
	0.193	2.06612e-05	0.000144628	0.866667	0	2.06612e-05	0.000144628	0.866667	0
	0.194	2.06612e-05	0.000144628	0.866667	0	2.06612e-05	0.000144628	0.866667	0
	0.195	0	0.000206612	0.866667	0	0	0.000206612	0.866667	0
	0.196	0	0.000123967	0.866667	0	0	0.000123967	0.866667	0
	0.197	0	0.000206612	0.866667	0	0	0.000206612	0.866667	0
	0.198	4.13223e-05	0.000103306	0.866667	0	4.13223e-05	0.000103306	0.866667	0
	0.199	6.19835e-05	0.000123967	0.866667	0	6.19835e-05	0.000123967	0.866667	0
	0.2	4.13223e-05	0.000289256	0.866667	0	4.13223e-05	0.000289256	0.866667	0
	0.201	4.13223e-05	0.000144628	0.866667	0	4.13223e-05	0.000144628	0.866667	0
	0.202	8.26446e-05	0.000206612	0.866667	0	8.26446e-05	0.000206612	0.866667	0
	0.203	0.00018595	0.00018595	0.866667	0	0.00018595	0.00018595	0.866667	0
	0.204	2.06612e-05	0.000103306	0.866667	0	2.06612e-05	0.000103306	0.866667	0
	0.205	6.19835e-05	0.000268595	0.866667	0	6.19835e-05	0.000268595	0.866667	0
	0.206	4.13223e-05	0.00018595	0.866667	0	4.13223e-05	0.00018595	0.866667	0
	0.207	0.000165289	0.000206612	0.866667	0	0.000165289	0.000206612	0.866667	0
	0.208	2.06612e-05	0.000144628	0.866667	0	2.06612e-05	0.000144628	0.866667	0
	0.209	8.26446e-05	0.000144628	0.866667	0	8.26446e-05	0.000144628	0.866667	0
	0.21	0.000144628	0.000144628	0.866667	0	0.000144628	0.000144628	0.866667	0
	0.211	8.26446e-05	0.000165289	0.866667	0	8.26446e-05	0.000165289	0.866667	0
	0.212	0.000268595	0.00018595	0.866667	0	0.000268595	0.00018595	0.866667	0
	0.213	0.000123967	0.000247934	0.866667	0	0.000123967	0.000247934	0.866667	0
	0.214	0.000144628	0.000123967	0.866667	0	0.000144628	0.000123967	0.866667	0
	0.215	6.19835e-05	0.000165289	0.866667	0	6.19835e-05	0.000165289	0.866667	0
	0.216	6.19835e-05	8.26446e-05	0.866667	0	6.19835e-05	8.26446e-05	0.866667	0
	0.217	8.26446e-05	0.000103306	0.866667	0	8.26446e-05	0.000103306	0.866667	0
	0.218	0.000144628	0.000165289	0.866667	0	0.000144628	0.000165289	0.866667	0
	0.219	0.000144628	6.19835e-05	0.866667	0	0.000144628	6.19835e-05	0.866667	0
	0.22	0.000123967	0.000144628	0.866667	0	0.000123967	0.000144628	0.866667	0
	0.221	0.000103306	0.000206612	0.866667	0	0.000103306	0.000206612	0.866667	0
	0.222	6.19835e-05	4.13223e-05	0.866667	0	6.19835e-05	4.13223e-05	0.866667	0
	0.223	0.000144628	0.000247934	0.866667	0	0.000144628	0.000247934	0.866667	0
	0.224	0.000123967	0.000165289	0.866667	0	0.000123967	0.000165289	0.866667	0
	0.225	8.26446e-05	6.19835e-05	0.866667	0	8.26446e-05	6.19835e-05	0.866667	0
	0.226	4.13223e-05	0.000103306	0.866667	0	4.13223e-05	0.000103306	0.866667	0
	0.227	0.000103306	0.000206612	0.866667	0	0.000103306	0.000206612	0.866667	0
	0.228	0.000165289	0.00018595	0.866667	0	0.000165289	0.00018595	0.866667	0
	0.229	0.000123967	0.000165289	0.866667	0	0.000123967	0.000165289	0.866667	0
	0.23	6.19835e-05	0.000123967	0.866667	0	6.19835e-05	0.000123967	0.866667	0
	0.231	8.26446e-05	0.000165289	0.866667	0	8.26446e-05	0.000165289	0.866667	0
	0.232	6.19835e-05	0.000144628	0.866667	0	6.19835e-05	0.000144628	0.866667	0
	0.233	4.13223e-05	0.000206612	0.866667	0	4.13223e-05	0.000206612	0.866667	0
	0.234	6.19835e-05	0.000165289	0.866667	0	6.19835e-05	0.000165289	0.866667	0
	0.235	4.13223e-05	0.000206612	0.866667	0	4.13223e-05	0.000206612	0.866667	0
	0.236	4.13223e-05	0.000227273	0.866667	0	4.13223e-05	0.000227273	0.866667	0
	0.237	8.26446e-05	0.000144628	0.866667	0	8.26446e-05	0.000144628	0.866667	0
	0.238	0	0.000227273	0.866667	0	0	0.000227273	0.866667	0
	0.239	4.13223e-05	0.00018595	0.866667	0	4.13223e-05	0.00018595	0.866667	0
	0.24	6.19835e-05	0.00018595	0.866667	0	6.19835e-05	0.00018595	0.866667	0
	0.241	8.26446e-05	0.000247934	0.866667	0	8.26446e-05	0.000247934	0.866667	0
	0.242	2.06612e-05	0.000144628	0.8	0	2.06612e-05	0.000144628	0.8	0
	0.243	0	0.000268595	0.8	0	0	0.000268595	0.8	0
	0.244	4.13223e-05	0.000206612	0.8	0	4.13223e-05	0.000206612	0.8	0
	0.245	0	0.00018595	0.8	0	0	0.00018595	0.8	0
	0.246	0	0.00018595	0.8	0	0	0.00018595	0.8	0
	0.247	2.06612e-05	0.000371901	0.8	0	2.06612e-05	0.000371901	0.8	0
	0.248	4.13223e-05	0.000309917	0.857143	0	4.13223e-05	0.000309917	0.857143	0
	0.249	0	0.00018595	0.857143	0	0	0.00018595	0.857143	0
	0.25	4.13223e-05	0.000309917	0.857143	0	4.13223e-05	0.000309917	0.857143	0
	0.251	2.06612e-05	0.000289256	0.857143	0	2.06612e-05	0.000289256	0.857143	0
	0.252	2.06612e-05	0.000227273	0.857143	0	2.06612e-05	0.000227273	0.857143	0
	0.253	4.13223e-05	0.000330579	0.857143	0	4.13223e-05	0.000330579	0.857143	0
	0.254	2.06612e-05	0.000268595	0.857143	0	2.06612e-05	0.000268595	0.857143	0
	0.255	2.06612e-05	0.000268595	0.857143	0	2.06612e-05	0.000268595	0.857143	0
	0.256	0	0.000309917	0.857143	0	0	0.000309917	0.857143	0
	0.257	4.13223e-05	0.00035124	0.857143	0	4.13223e-05	0.00035124	0.857143	0
	0.258	0	0.000247934	0.785714	0	0	0.000247934	0.785714	0
	0.259	2.06612e-05	0.000206612	0.785714	0	2.06612e-05	0.000206612	0.785714	0
	0.26	4.13223e-05	0.000309917	0.785714	0	4.13223e-05	0.000309917	0.785714	0
	0.261	2.06612e-05	0.000247934	0.714286	0	2.06612e-05	0.000247934	0.714286	0
	0.262	6.19835e-05	0.00035124	0.714286	0	6.19835e-05	0.00035124	0.714286	0
	0.263	2.06612e-05	0.000206612	0.714286	0	2.06612e-05	0.000206612	0.714286	0
	0.264	6.19835e-05	0.000309917	0.714286	0	6.19835e-05	0.000309917	0.714286	0
	0.265	2.06612e-05	0.000144628	0.714286	0	2.06612e-05	0.000144628	0.714286	0
	0.266	6.19835e-05	0.000206612	0.714286	0	6.19835e-05	0.000206612	0.714286	0
	0.267	4.13223e-05	0.000330579	0.714286	0	4.13223e-05	0.000330579	0.714286	0
	0.268	0.000165289	0.000289256	0.769231	0	0.000165289	0.000289256	0.769231	0
	0.269	8.26446e-05	0.00018595	0.769231	0	8.26446e-05	0.00018595	0.769231	0
	0.27	4.13223e-05	0.000144628	0.769231	0	4.13223e-05	0.000144628	0.769231	0
	0.271	6.19835e-05	0.000165289	0.769231	0	6.19835e-05	0.000165289	0.769231	0
	0.272	8.26446e-05	0.00018595	0.769231	0	8.26446e-05	0.00018595	0.769231	0
	0.273	8.26446e-05	0.000123967	0.769231	0	8.26446e-05	0.000123967	0.769231	0
	0.274	0.000103306	0.00018595	0.769231	0	0.000103306	0.00018595	0.769231	0
	0.275	0.000144628	6.19835e-05	0.769231	0	0.000144628	6.19835e-05	0.769231	0
	0.276	6.19835e-05	0.000103306	0.769231	0	6.19835e-05	0.000103306	0.769231	0
	0.277	0.000123967	0.000144628	0.769231	0	0.000123967	0.000144628	0.769231	0
	0.278	0.000123967	4.13223e-05	0.769231	0	0.000123967	4.13223e-05	0.769231	0
	0.279	0.000103306	8.26446e-05	0.769231	0	0.000103306	8.26446e-05	0.769231	0
	0.28	4.13223e-05	2.06612e-05	0.769231	0	4.13223e-05	2.06612e-05	0.769231	0
	0.281	0.000144628	0.000103306	0.769231	0	0.000144628	0.000103306	0.769231	0
	0.282	0.000144628	0	0.769231	0	0.000144628	0	0.769231	0
	0.283	0.000123967	6.19835e-05	0.769231	0	0.000123967	6.19835e-05	0.769231	0
	0.284	0.000103306	8.26446e-05	0.769231	0	0.000103306	8.26446e-05	0.769231	0
	0.285	0.000103306	2.06612e-05	0.769231	0	0.000103306	2.06612e-05	0.769231	0
	0.286	0.000103306	0.000103306	0.769231	0	0.000103306	0.000103306	0.769231	0
	0.287	0.000165289	4.13223e-05	0.769231	0	0.000165289	4.13223e-05	0.769231	0
	0.288	0.000123967	8.26446e-05	0.769231	0	0.000123967	8.26446e-05	0.769231	0
	0.289	0.000144628	2.06612e-05	0.769231	0	0.000144628	2.06612e-05	0.769231	0
	0.29	0.000103306	6.19835e-05	0.769231	0	0.000103306	6.19835e-05	0.769231	0
	0.291	4.13223e-05	2.06612e-05	0.769231	0	4.13223e-05	2.06612e-05	0.769231	0
	0.292	0.000144628	2.06612e-05	0.769231	0	0.000144628	2.06612e-05	0.769231	0
	0.293	0.000165289	2.06612e-05	0.769231	0	0.000165289	2.06612e-05	0.769231	0
	0.294	0.00018595	0	0.769231	0	0.00018595	0	0.769231	0
	0.295	0.000227273	2.06612e-05	0.769231	0	0.000227273	2.06612e-05	0.769231	0
	0.296	8.26446e-05	2.06612e-05	0.769231	0	8.26446e-05	2.06612e-05	0.769231	0
	0.297	0.000144628	0	0.769231	0	0.000144628	0	0.769231	0
	0.298	0.00018595	4.13223e-05	0.769231	0	0.00018595	4.13223e-05	0.769231	0
	0.299	0.000227273	2.06612e-05	0.769231	0	0.000227273	2.06612e-05	0.769231	0
	0.3	0.000123967	2.06612e-05	0.769231	0	0.000123967	2.06612e-05	0.769231	0
	0.301	6.19835e-05	0	0.769231	0	6.19835e-05	0	0.769231	0
	0.302	0.000103306	0	0.769231	0	0.000103306	0	0.769231	0
	0.303	0.000144628	2.06612e-05	0.769231	0	0.000144628	2.06612e-05	0.769231	0
	0.304	0.000206612	4.13223e-05	0.769231	0	0.000206612	4.13223e-05	0.769231	0
	0.305	0.000103306	2.06612e-05	0.769231	0	0.000103306	2.06612e-05	0.769231	0
	0.306	6.19835e-05	0	0.769231	0	6.19835e-05	0	0.769231	0
	0.307	4.13223e-05	0	0.769231	0	4.13223e-05	0	0.769231	0
	0.308	0.000123967	0	0.769231	0	0.000123967	0	0.769231	0
	0.309	8.26446e-05	0	0.769231	0	8.26446e-05	0	0.769231	0
	0.31	8.26446e-05	2.06612e-05	0.769231	0	8.26446e-05	2.06612e-05	0.769231	0
	0.311	4.13223e-05	0	0.769231	0	4.13223e-05	0	0.769231	0
	0.312	0.000123967	2.06612e-05	0.769231	0	0.000123967	2.06612e-05	0.769231	0
	0.313	4.13223e-05	0	0.833333	0	4.13223e-05	0	0.833333	0
	0.314	8.26446e-05	2.06612e-05	0.833333	0	8.26446e-05	2.06612e-05	0.833333	0
	0.315	2.06612e-05	2.06612e-05	0.833333	0	2.06612e-05	2.06612e-05	0.833333	0
	0.316	4.13223e-05	0	0.833333	0	4.13223e-05	0	0.833333	0
	0.317	4.13223e-05	0	0.833333	0	4.13223e-05	0	0.833333	0
	0.318	2.06612e-05	0	0.833333	0	2.06612e-05	0	0.833333	0
	0.319	4.13223e-05	2.06612e-05	0.833333	0	4.13223e-05	2.06612e-05	0.833333	0
	0.32	0	2.06612e-05	0.833333	0	0	2.06612e-05	0.833333	0
	0.321	6.19835e-05	0	0.833333	0	6.19835e-05	0	0.833333	0
	0.322	2.06612e-05	0	0.833333	0	2.06612e-05	0	0.833333	0
	0.323	2.06612e-05	0	0.833333	0	2.06612e-05	0	0.833333	0
	0.324	0	0	0.833333	0	0	0	0.833333	0
	0.325	0	0	0.833333	0	0	0	0.833333	0
	0.326	2.06612e-05	0	0.833333	0	2.06612e-05	0	0.833333	0
	0.327	0	0	0.909091	0	0	0	0.909091	0
	0.328	0	0	0.909091	0	0	0	0.909091	0
	0.329	2.06612e-05	0	0.909091	0	2.06612e-05	0	0.909091	0
	0.33	2.06612e-05	0	0.909091	0	2.06612e-05	0	0.909091	0
	0.331	0	0	0.909091	0	0	0	0.909091	0
	0.332	0	0	0.909091	0	0	0	0.909091	0
	0.333	2.06612e-05	0	0.909091	0	2.06612e-05	0	0.909091	0
	0.334	0	0	1	0	0	0	1	0
	0.335	0	0	1	0	0	0	1	0
	0.336	0	0	1	0	0	0	1	0
	0.337	0	0	1	0	0	0	1	0
	0.338	0	0	1	0	0	0	1	0
	0.339	0	0	1	0	0	0	1	0
	0.34	0	2.06612e-05	1	0	0	2.06612e-05	1	0
	0.341	0	2.06612e-05	1	0	0	2.06612e-05	1	0
	0.342	0	0	1	0	0	0	1	0
	0.343	2.06612e-05	0	1	0	2.06612e-05	0	1	0
	0.344	0	0	0.9	0	0	0	0.9	0
	0.345	0	2.06612e-05	0.9	0	0	2.06612e-05	0.9	0
	0.346	0	0	0.9	0	0	0	0.9	0
	0.347	0	0	0.9	0	0	0	0.9	0
	0.348	0	0	0.9	0	0	0	0.9	0
	0.349	0	0	0.9	0	0	0	0.9	0
	0.35	2.06612e-05	0	0.9	0	2.06612e-05	0	0.9	0
	0.351	0	0	0.8	0	0	0	0.8	0
	0.352	0	0	0.8	0	0	0	0.8	0
	0.353	0	0	0.8	0	0	0	0.8	0
	0.354	0	0	0.8	0	0	0	0.8	0
	0.355	0	0	0.8	0	0	0	0.8	0
	0.356	0	0	0.8	0	0	0	0.8	0
	0.357	2.06612e-05	0	0.8	0	2.06612e-05	0	0.8	0
	0.358	0	0	0.8	0	0	0	0.8	0
	0.359	2.06612e-05	0	0.8	0	2.06612e-05	0	0.8	0
	0.36	2.06612e-05	0	0.8	0	2.06612e-05	0	0.8	0
	0.361	4.13223e-05	0	0.8	0	4.13223e-05	0	0.8	0
	0.362	2.06612e-05	0	0.7	0	2.06612e-05	0	0.7	0
	0.363	0	2.06612e-05	0.7	0	0	2.06612e-05	0.7	0
	0.364	2.06612e-05	2.06612e-05	0.7	0	2.06612e-05	2.06612e-05	0.7	0
	0.365	2.06612e-05	2.06612e-05	0.7	0	2.06612e-05	2.06612e-05	0.7	0
	0.366	0	0	0.7	0	0	0	0.7	0
	0.367	4.13223e-05	0	0.7	0	4.13223e-05	0	0.7	0
	0.368	4.13223e-05	0	0.7	0	4.13223e-05	0	0.7	0
	0.369	6.19835e-05	2.06612e-05	0.7	0	6.19835e-05	2.06612e-05	0.7	0
	0.37	0	4.13223e-05	0.7	0	0	4.13223e-05	0.7	0
	0.371	2.06612e-05	2.06612e-05	0.7	0	2.06612e-05	2.06612e-05	0.7	0
	0.372	6.19835e-05	0	0.7	0	6.19835e-05	0	0.7	0
	0.373	6.19835e-05	2.06612e-05	0.7	0	6.19835e-05	2.06612e-05	0.7	0
	0.374	4.13223e-05	0	0.7	0	4.13223e-05	0	0.7	0
	0.375	6.19835e-05	2.06612e-05	0.7	0	6.19835e-05	2.06612e-05	0.7	0
	0.376	0	0	0.7	0	0	0	0.7	0
	0.377	4.13223e-05	0	0.7	0	4.13223e-05	0	0.7	0
	0.378	8.26446e-05	0	0.7	0	8.26446e-05	0	0.7	0
	0.379	0.000103306	4.13223e-05	0.7	0	0.000103306	4.13223e-05	0.7	0
	0.38	6.19835e-05	0	0.7	0	6.19835e-05	0	0.7	0
	0.381	2.06612e-05	0	0.7	0	2.06612e-05	0	0.7	0
	0.382	4.13223e-05	0	0.7	0	4.13223e-05	0	0.7	0
	0.383	4.13223e-05	0	0.7	0	4.13223e-05	0	0.7	0
	0.384	4.13223e-05	0	0.7	0	4.13223e-05	0	0.7	0
	0.385	0.000103306	0	0.7	0	0.000103306	0	0.7	0
	0.386	0	0	0.7	0	0	0	0.7	0
	0.387	8.26446e-05	0	0.7	0	8.26446e-05	0	0.7	0
	0.388	8.26446e-05	0	0.7	0	8.26446e-05	0	0.7	0
	0.389	0.000144628	0	0.7	0	0.000144628	0	0.7	0
	0.39	0.000144628	2.06612e-05	0.7	0	0.000144628	2.06612e-05	0.7	0
	0.391	0.000123967	0	0.7	0	0.000123967	0	0.7	0
	0.392	6.19835e-05	0	0.7	0	6.19835e-05	0	0.7	0
	0.393	0.000103306	0	0.7	0	0.000103306	0	0.7	0
	0.394	0.000165289	0	0.7	0	0.000165289	0	0.7	0
	0.395	0.000165289	0	0.7	0	0.000165289	0	0.7	0
	0.396	0.00018595	0	0.7	0	0.00018595	0	0.7	0
	0.397	0.000165289	2.06612e-05	0.7	0	0.000165289	2.06612e-05	0.7	0
	0.398	0.000247934	0	0.7	0	0.000247934	0	0.7	0
	0.399	0.000165289	0	0.7	0	0.000165289	0	0.7	0
	0.4	0.000206612	0	0.7	0	0.000206612	0	0.7	0
	0.401	0.00018595	0	0.7	0	0.00018595	0	0.7	0
	0.402	0.00018595	0	0.7	0	0.00018595	0	0.7	0
	0.403	0.000165289	0	0.7	0	0.000165289	0	0.7	0
	0.404	0.000123967	0	0.7	0	0.000123967	0	0.7	0
	0.405	0.000103306	2.06612e-05	0.7	0	0.000103306	2.06612e-05	0.7	0
	0.406	0.000247934	0	0.7	0	0.000247934	0	0.7	0
	0.407	0.000103306	0	0.7	0	0.000103306	0	0.7	0
	0.408	8.26446e-05	0	0.7	0	8.26446e-05	0	0.7	0
	0.409	0.000123967	0	0.7	0	0.000123967	0	0.7	0
	0.41	6.19835e-05	0	0.7	0	6.19835e-05	0	0.7	0
	0.411	0.000165289	0	0.7	0	0.000165289	0	0.7	0
	0.412	0.000103306	0	0.7	0	0.000103306	0	0.7	0
	0.413	6.19835e-05	0	0.7	0	6.19835e-05	0	0.7	0
	0.414	4.13223e-05	0	0.7	0	4.13223e-05	0	0.7	0
	0.415	0.000144628	0	0.7	0	0.000144628	0	0.7	0
	0.416	6.19835e-05	0	0.7	0	6.19835e-05	0	0.7	0
	0.417	8.26446e-05	0	0.7	0	8.26446e-05	0	0.7	0
	0.418	0.000103306	0	0.7	0	0.000103306	0	0.7	0
	0.419	4.13223e-05	0	0.7	0	4.13223e-05	0	0.7	0
	0.42	6.19835e-05	2.06612e-05	0.7	0	6.19835e-05	2.06612e-05	0.7	0
	0.421	8.26446e-05	2.06612e-05	0.7	0	8.26446e-05	2.06612e-05	0.7	0
	0.422	6.19835e-05	0	0.7	0	6.19835e-05	0	0.7	0
	0.423	4.13223e-05	0	0.7	0	4.13223e-05	0	0.7	0
	0.424	8.26446e-05	0	0.7	0	8.26446e-05	0	0.7	0
	0.425	0	0	0.7	0	0	0	0.7	0
	0.426	4.13223e-05	0	0.7	0	4.13223e-05	0	0.7	0
	0.427	8.26446e-05	2.06612e-05	0.7	0	8.26446e-05	2.06612e-05	0.7	0
	0.428	2.06612e-05	0	0.7	0	2.06612e-05	0	0.7	0
	0.429	4.13223e-05	0	0.7	0	4.13223e-05	0	0.7	0
	0.43	4.13223e-05	0	0.7	0	4.13223e-05	0	0.7	0
	0.431	6.19835e-05	0	0.7	0	6.19835e-05	0	0.7	0
	0.432	4.13223e-05	0	0.7	0	4.13223e-05	0	0.7	0
	0.433	0	2.06612e-05	0.7	0	0	2.06612e-05	0.7	0
	0.434	0	0	0.7	0	0	0	0.7	0
	0.435	2.06612e-05	0	0.7	0	2.06612e-05	0	0.7	0
	0.436	0	0	0.7	0	0	0	0.7	0
	0.437	6.19835e-05	0	0.7	0	6.19835e-05	0	0.7	0
	0.438	4.13223e-05	2.06612e-05	0.6	0	4.13223e-05	2.06612e-05	0.6	0
	0.439	0	0	0.666667	0	0	0	0.666667	0
	0.44	0	0	0.666667	0	0	0	0.666667	0
	0.441	4.13223e-05	0	0.666667	0	4.13223e-05	0	0.666667	0
	0.442	0	0	0.75	0	0	0	0.75	0
	0.443	2.06612e-05	0	0.75	0	2.06612e-05	0	0.75	0
	0.444	2.06612e-05	0	0.75	0	2.06612e-05	0	0.75	0
	0.445	0	0	0.75	0	0	0	0.75	0
	0.446	2.06612e-05	0	0.75	0	2.06612e-05	0	0.75	0
	0.447	2.06612e-05	0	0.75	0	2.06612e-05	0	0.75	0
	0.448	4.13223e-05	0	0.75	0	4.13223e-05	0	0.75	0
	0.449	4.13223e-05	0	0.75	0	4.13223e-05	0	0.75	0
	0.45	2.06612e-05	0	0.75	0	2.06612e-05	0	0.75	0
	0.451	0	2.06612e-05	0.75	0	0	2.06612e-05	0.75	0
	0.452	0	0	0.75	0	0	0	0.75	0
	0.453	2.06612e-05	4.13223e-05	0.75	0	2.06612e-05	4.13223e-05	0.75	0
	0.454	2.06612e-05	2.06612e-05	0.75	0	2.06612e-05	2.06612e-05	0.75	0
	0.455	4.13223e-05	0	0.857143	0	4.13223e-05	0	0.857143	0
	0.456	0	0	0.857143	0	0	0	0.857143	0
	0.457	2.06612e-05	2.06612e-05	0.857143	0	2.06612e-05	2.06612e-05	0.857143	0
	0.458	2.06612e-05	0	0.857143	0	2.06612e-05	0	0.857143	0
	0.459	2.06612e-05	0	0.857143	0	2.06612e-05	0	0.857143	0
	0.46	2.06612e-05	0	0.857143	0	2.06612e-05	0	0.857143	0
	0.461	6.19835e-05	0	0.857143	0	6.19835e-05	0	0.857143	0
	0.462	0	2.06612e-05	0.857143	0	0	2.06612e-05	0.857143	0
	0.463	2.06612e-05	0	0.857143	0	2.06612e-05	0	0.857143	0
	0.464	4.13223e-05	0	0.857143	0	4.13223e-05	0	0.857143	0
	0.465	0.000103306	0	0.857143	0	0.000103306	0	0.857143	0
	0.466	0.000103306	0	0.857143	0	0.000103306	0	0.857143	0
	0.467	6.19835e-05	0	0.857143	0	6.19835e-05	0	0.857143	0
	0.468	4.13223e-05	0	0.857143	0	4.13223e-05	0	0.857143	0
	0.469	2.06612e-05	0	0.857143	0	2.06612e-05	0	0.857143	0
	0.47	6.19835e-05	0	0.857143	0	6.19835e-05	0	0.857143	0
	0.471	2.06612e-05	0	0.857143	0	2.06612e-05	0	0.857143	0
	0.472	4.13223e-05	2.06612e-05	0.857143	0	4.13223e-05	2.06612e-05	0.857143	0
	0.473	0.000123967	0	0.857143	0	0.000123967	0	0.857143	0
	0.474	0	0	0.857143	0	0	0	0.857143	0
	0.475	2.06612e-05	0	0.857143	0	2.06612e-05	0	0.857143	0
	0.476	8.26446e-05	2.06612e-05	0.857143	0	8.26446e-05	2.06612e-05	0.857143	0
	0.477	6.19835e-05	0	0.857143	0	6.19835e-05	0	0.857143	0
	0.478	4.13223e-05	0	0.857143	0	4.13223e-05	0	0.857143	0
	0.479	4.13223e-05	0	0.857143	0	4.13223e-05	0	0.857143	0
	0.48	6.19835e-05	2.06612e-05	0.857143	0	6.19835e-05	2.06612e-05	0.857143	0
	0.481	4.13223e-05	0	0.857143	0	4.13223e-05	0	0.857143	0
	0.482	2.06612e-05	0	0.857143	0	2.06612e-05	0	0.857143	0
	0.483	6.19835e-05	0	0.857143	0	6.19835e-05	0	0.857143	0
	0.484	2.06612e-05	0	0.857143	0	2.06612e-05	0	0.857143	0
	0.485	8.26446e-05	0	0.857143	0	8.26446e-05	0	0.857143	0
	0.486	2.06612e-05	0	0.857143	0	2.06612e-05	0	0.857143	0
	0.487	8.26446e-05	0	0.857143	0	8.26446e-05	0	0.857143	0
	0.488	0	0	0.857143	0	0	0	0.857143	0
	0.489	2.06612e-05	0	0.857143	0	2.06612e-05	0	0.857143	0
	0.49	0	0	0.857143	0	0	0	0.857143	0
	0.491	0	0	0.857143	0	0	0	0.857143	0
	0.492	6.19835e-05	0	0.857143	0	6.19835e-05	0	0.857143	0
	0.493	4.13223e-05	0	0.857143	0	4.13223e-05	0	0.857143	0
	0.494	2.06612e-05	0	0.857143	0	2.06612e-05	0	0.857143	0
	0.495	4.13223e-05	0	0.857143	0	4.13223e-05	0	0.857143	0
	0.496	6.19835e-05	0	0.857143	0	6.19835e-05	0	0.857143	0
	0.497	2.06612e-05	0	0.857143	0	2.06612e-05	0	0.857143	0
	0.498	4.13223e-05	0	0.857143	0	4.13223e-05	0	0.857143	0
	0.499	2.06612e-05	2.06612e-05	0.857143	0	2.06612e-05	2.06612e-05	0.857143	0
	0.5	2.06612e-05	0	0.857143	0	2.06612e-05	0	0.857143	0
	0.501	0	0	0.857143	0	0	0	0.857143	0
	0.502	0	0	0.857143	0	0	0	0.857143	0
	0.503	0	0	0.857143	0	0	0	0.857143	0
	0.504	0	0	0.857143	0	0	0	0.857143	0
	0.505	0	0	0.857143	0	0	0	0.857143	0
	0.506	0	0	0.857143	0	0	0	0.857143	0
	0.507	0	0	0.857143	0	0	0	0.857143	0
	0.508	0	0	0.857143	0	0	0	0.857143	0
	0.509	0	0	0.857143	0	0	0	0.857143	0
	0.51	0	0	0.857143	0	0	0	0.857143	0
	0.511	0	0	0.857143	0	0	0	0.857143	0
	0.512	0	0	0.857143	0	0	0	0.857143	0
	0.513	0	0	0.857143	0	0	0	0.857143	0
	0.514	0	0	0.857143	0	0	0	0.857143	0
	0.515	2.06612e-05	0	0.857143	0	2.06612e-05	0	0.857143	0
	0.516	0	0	1	0	0	0	1	0
	0.517	0	2.06612e-05	1	0	0	2.06612e-05	1	0
	0.518	0	0	1	0	0	0	1	0
	0.519	0	0	1	0	0	0	1	0
	0.52	0	0	1	0	0	0	1	0
	0.521	0	0	1	0	0	0	1	0
	0.522	0	0	1	0	0	0	1	0
	0.523	0	0	1	0	0	0	1	0
	0.524	0	0	1	0	0	0	1	0
	0.525	0	0	1	0	0	0	1	0
	0.526	0	0	1	0	0	0	1	0
	0.527	0	0	1	0	0	0	1	0
	0.528	0	0	1	0	0	0	1	0
	0.529	0	0	1	0	0	0	1	0
	0.53	0	0	1	0	0	0	1	0
	0.531	0	0	1	0	0	0	1	0
	0.532	0	0	1	0	0	0	1	0
	0.533	0	0	1	0	0	0	1	0
	0.534	0	0	1	0	0	0	1	0
	0.535	0	0	1	0	0	0	1	0
	0.536	0	0	1	0	0	0	1	0
	0.537	0	0	1	0	0	0	1	0
	0.538	0	0	1	0	0	0	1	0
	0.539	0	0	1	0	0	0	1	0
	0.54	0	0	1	0	0	0	1	0
	0.541	0	0	1	0	0	0	1	0
	0.542	0	0	1	0	0	0	1	0
	0.543	0	0	1	0	0	0	1	0
	0.544	0	0	1	0	0	0	1	0
	0.545	0	0	1	0	0	0	1	0
	0.546	0	0	1	0	0	0	1	0
	0.547	0	0	1	0	0	0	1	0
	0.548	0	0	1	0	0	0	1	0
	0.549	0	0	1	0	0	0	1	0
	0.55	0	0	1	0	0	0	1	0
	0.551	0	0	1	0	0	0	1	0
	0.552	0	0	1	0	0	0	1	0
	0.553	0	0	1	0	0	0	1	0
	0.554	0	0	1	0	0	0	1	0
	0.555	0	0	1	0	0	0	1	0
	0.556	0	0	1	0	0	0	1	0
	0.557	0	0	1	0	0	0	1	0
	0.558	0	0	1	0	0	0	1	0
	0.559	0	0	1	0	0	0	1	0
	0.56	0	0	1	0	0	0	1	0
	0.561	0	0	1	0	0	0	1	0
	0.562	0	0	1	0	0	0	1	0
	0.563	0	0	1	0	0	0	1	0
	0.564	0	0	1	0	0	0	1	0
	0.565	0	0	1	0	0	0	1	0
	0.566	0	0	1	0	0	0	1	0
	0.567	0	0	1	0	0	0	1	0
	0.568	0	0	1	0	0	0	1	0
	0.569	0	0	1	0	0	0	1	0
	0.57	0	0	1	0	0	0	1	0
	0.571	0	2.06612e-05	1	0	0	2.06612e-05	1	0
	0.572	0	0	1	0	0	0	1	0
	0.573	0	0	1	0	0	0	1	0
	0.574	0	0	1	0	0	0	1	0
	0.575	0	0	1	0	0	0	1	0
	0.576	0	0	1	0	0	0	1	0
	0.577	0	0	1	0	0	0	1	0
	0.578	0	0	1	0	0	0	1	0
	0.579	0	0	1	0	0	0	1	0
	0.58	0	0	1	0	0	0	1	0
	0.581	0	0	1	0	0	0	1	0
	0.582	0	0	1	0	0	0	1	0
	0.583	0	0	1	0	0	0	1	0
	0.584	0	0	1	0	0	0	1	0
	0.585	0	0	1	0	0	0	1	0
	0.586	0	0	1	0	0	0	1	0
	0.587	0	0	1	0	0	0	1	0
	0.588	0	0	1	0	0	0	1	0
	0.589	0	0	1	0	0	0	1	0
	0.59	0	0	1	0	0	0	1	0
	0.591	2.06612e-05	0	1	0	2.06612e-05	0	1	0
	0.592	0	0	0.833333	0	0	0	0.833333	0
	0.593	0	0	0.833333	0	0	0	0.833333	0
	0.594	0	0	0.833333	0	0	0	0.833333	0
	0.595	0	0	0.833333	0	0	0	0.833333	0
	0.596	0	0	0.833333	0	0	0	0.833333	0
	0.597	2.06612e-05	0	0.833333	0	2.06612e-05	0	0.833333	0
	0.598	2.06612e-05	0	0.833333	0	2.06612e-05	0	0.833333	0
	0.599	0	0	0.666667	0	0	0	0.666667	0
	0.6	0	0	0.666667	0	0	0	0.666667	0
	0.601	0	0	0.666667	0	0	0	0.666667	0
	0.602	2.06612e-05	0	0.666667	0	2.06612e-05	0	0.666667	0
	0.603	0	0	0.5	0	0	0	0.5	0
	0.604	0	0	0.5	0	0	0	0.5	0
	0.605	4.13223e-05	0	0.5	0	4.13223e-05	0	0.5	0
	0.606	2.06612e-05	0	0.5	0	2.06612e-05	0	0.5	0
	0.607	2.06612e-05	0	0.5	0	2.06612e-05	0	0.5	0
	0.608	4.13223e-05	0	0.5	0	4.13223e-05	0	0.5	0
	0.609	0	0	0.5	0	0	0	0.5	0
	0.61	4.13223e-05	0	0.5	0	4.13223e-05	0	0.5	0
	0.611	0.000123967	0	0.5	0	0.000123967	0	0.5	0
	0.612	0.000144628	0	0.5	0	0.000144628	0	0.5	0
	0.613	6.19835e-05	0	0.5	0	6.19835e-05	0	0.5	0
	0.614	2.06612e-05	0	0.5	0	2.06612e-05	0	0.5	0
	0.615	8.26446e-05	0	0.5	0	8.26446e-05	0	0.5	0
	0.616	0.000103306	0	0.5	0	0.000103306	0	0.5	0
	0.617	2.06612e-05	0	0.5	0	2.06612e-05	0	0.5	0
	0.618	4.13223e-05	0	0.5	0	4.13223e-05	0	0.5	0
	0.619	0.000103306	0	0.5	0	0.000103306	0	0.5	0
	0.62	0.000103306	0	0.5	0	0.000103306	0	0.5	0
	0.621	0.000123967	0	0.5	0	0.000123967	0	0.5	0
	0.622	8.26446e-05	0	0.5	0	8.26446e-05	0	0.5	0
	0.623	0.000123967	0	0.5	0	0.000123967	0	0.5	0
	0.624	0.000144628	0	0.5	0	0.000144628	0	0.5	0
	0.625	4.13223e-05	0	0.5	0	4.13223e-05	0	0.5	0
	0.626	8.26446e-05	0	0.5	0	8.26446e-05	0	0.5	0
	0.627	8.26446e-05	0	0.5	0	8.26446e-05	0	0.5	0
	0.628	0.000206612	0	0.5	0	0.000206612	0	0.5	0
	0.629	0.000206612	0	0.5	0	0.000206612	0	0.5	0
	0.63	0.00018595	0	0.5	0	0.00018595	0	0.5	0
	0.631	0.000165289	2.06612e-05	0.5	0	0.000165289	2.06612e-05	0.5	0
	0.632	8.26446e-05	0	0.5	0	8.26446e-05	0	0.5	0
	0.633	6.19835e-05	0	0.5	0	6.19835e-05	0	0.5	0
	0.634	0.000103306	0	0.5	0	0.000103306	0	0.5	0
	0.635	0.00018595	0	0.5	0	0.00018595	0	0.5	0
	0.636	0.000206612	0	0.5	0	0.000206612	0	0.5	0
	0.637	8.26446e-05	0	0.5	0	8.26446e-05	0	0.5	0
	0.638	8.26446e-05	0	0.5	0	8.26446e-05	0	0.5	0
	0.639	0.000144628	0	0.5	0	0.000144628	0	0.5	0
	0.64	0.000123967	0	0.5	0	0.000123967	0	0.5	0
	0.641	0.000206612	0	0.5	0	0.000206612	0	0.5	0
	0.642	0.000144628	0	0.5	0	0.000144628	0	0.5	0
	0.643	0.000123967	2.06612e-05	0.5	0	0.000123967	2.06612e-05	0.5	0
	0.644	0.000144628	0	0.5	0	0.000144628	0	0.5	0
	0.645	0.00018595	0	0.5	0	0.00018595	0	0.5	0
	0.646	0.00018595	0	0.5	0	0.00018595	0	0.5	0
	0.647	0.000144628	0	0.5	0	0.000144628	0	0.5	0
	0.648	0.000123967	4.13223e-05	0.5	0	0.000123967	4.13223e-05	0.5	0
	0.649	6.19835e-05	2.06612e-05	0.5	0	6.19835e-05	2.06612e-05	0.5	0
	0.65	0.00018595	2.06612e-05	0.5	0	0.00018595	2.06612e-05	0.5	0
	0.651	0.00018595	0	0.5	0	0.00018595	0	0.5	0
	0.652	0.000103306	0	0.5	0	0.000103306	0	0.5	0
	0.653	4.13223e-05	0	0.5	0	4.13223e-05	0	0.5	0
	0.654	8.26446e-05	0	0.5	0	8.26446e-05	0	0.5	0
	0.655	0.000103306	0	0.5	0	0.000103306	0	0.5	0
	0.656	6.19835e-05	0	0.5	0	6.19835e-05	0	0.5	0
	0.657	2.06612e-05	0	0.5	0	2.06612e-05	0	0.5	0
	0.658	6.19835e-05	0	0.5	0	6.19835e-05	0	0.5	0
	0.659	4.13223e-05	0	0.5	0	4.13223e-05	0	0.5	0
	0.66	8.26446e-05	0	0.5	0	8.26446e-05	0	0.5	0
	0.661	4.13223e-05	0	0.5	0	4.13223e-05	0	0.5	0
	0.662	2.06612e-05	2.06612e-05	0.5	0	2.06612e-05	2.06612e-05	0.5	0
	0.663	0	0	0.5	0	0	0	0.5	0
	0.664	4.13223e-05	0	0.5	0	4.13223e-05	0	0.5	0
	0.665	6.19835e-05	0	0.5	0	6.19835e-05	0	0.5	0
	0.666	4.13223e-05	0	0.5	0	4.13223e-05	0	0.5	0
	0.667	2.06612e-05	0	0.5	0	2.06612e-05	0	0.5	0
	0.668	2.06612e-05	0	0.5	0	2.06612e-05	0	0.5	0
	0.669	0	0	0.5	0	0	0	0.5	0
	0.67	6.19835e-05	0	0.5	0	6.19835e-05	0	0.5	0
	0.671	2.06612e-05	0	0.75	0	2.06612e-05	0	0.75	0
	0.672	2.06612e-05	0	1	0	2.06612e-05	0	1	0
	0.673	0	0	0.666667	0	0	0	0.666667	0
	0.674	0	0	0.666667	0	0	0	0.666667	0
	0.675	0	0	0.666667	0	0	0	0.666667	0
	0.676	0	0	0.666667	0	0	0	0.666667	0
	0.677	2.06612e-05	0	0.666667	0	2.06612e-05	0	0.666667	0
	0.678	0	0	0.666667	0	0	0	0.666667	0
	0.679	0	0	0.666667	0	0	0	0.666667	0
	0.68	0	0	0.666667	0	0	0	0.666667	0
	0.681	2.06612e-05	0	0.666667	0	2.06612e-05	0	0.666667	0
	0.682	4.13223e-05	0	0.666667	0	4.13223e-05	0	0.666667	0
	0.683	0	0	0.666667	0	0	0	0.666667	0
	0.684	2.06612e-05	0	0.666667	0	2.06612e-05	0	0.666667	0
	0.685	0	0	0.666667	0	0	0	0.666667	0
	0.686	0	0	0.666667	0	0	0	0.666667	0
	0.687	0	0	0.666667	0	0	0	0.666667	0
	0.688	2.06612e-05	0	0.666667	0	2.06612e-05	0	0.666667	0
	0.689	0	0	0.666667	0	0	0	0.666667	0
	0.69	0	0	0.666667	0	0	0	0.666667	0
	0.691	6.19835e-05	0	0.666667	0	6.19835e-05	0	0.666667	0
	0.692	2.06612e-05	0	0.666667	0	2.06612e-05	0	0.666667	0
	0.693	2.06612e-05	0	0.666667	0	2.06612e-05	0	0.666667	0
	0.694	0	0	0.666667	0	0	0	0.666667	0
	0.695	4.13223e-05	0	0.666667	0	4.13223e-05	0	0.666667	0
	0.696	6.19835e-05	0	0.666667	0	6.19835e-05	0	0.666667	0
	0.697	4.13223e-05	0	0.333333	0	4.13223e-05	0	0.333333	0
	0.698	0	0	0.333333	0	0	0	0.333333	0
	0.699	8.26446e-05	0	0.333333	0	8.26446e-05	0	0.333333	0
	0.7	8.26446e-05	0	0.333333	0	8.26446e-05	0	0.333333	0
	0.701	2.06612e-05	0	0.333333	0	2.06612e-05	0	0.333333	0
	0.702	6.19835e-05	0	0.333333	0	6.19835e-05	0	0.333333	0
	0.703	4.13223e-05	0	0.333333	0	4.13223e-05	0	0.333333	0
	0.704	6.19835e-05	0	0.333333	0	6.19835e-05	0	0.333333	0
	0.705	8.26446e-05	0	0.333333	0	8.26446e-05	0	0.333333	0
	0.706	8.26446e-05	0	0.333333	0	8.26446e-05	0	0.333333	0
	0.707	6.19835e-05	0	0.333333	0	6.19835e-05	0	0.333333	0
	0.708	4.13223e-05	0	0.333333	0	4.13223e-05	0	0.333333	0
	0.709	8.26446e-05	0	0.333333	0	8.26446e-05	0	0.333333	0
	0.71	8.26446e-05	0	0.333333	0	8.26446e-05	0	0.333333	0
	0.711	4.13223e-05	0	0.333333	0	4.13223e-05	0	0.333333	0
	0.712	0.000103306	0	0.333333	0	0.000103306	0	0.333333	0
	0.713	2.06612e-05	0	0.333333	0	2.06612e-05	0	0.333333	0
	0.714	4.13223e-05	0	0.333333	0	4.13223e-05	0	0.333333	0
	0.715	6.19835e-05	0	0.333333	0	6.19835e-05	0	0.333333	0
	0.716	8.26446e-05	0	0.333333	0	8.26446e-05	0	0.333333	0
	0.717	0.000123967	0	0.333333	0	0.000123967	0	0.333333	0
	0.718	6.19835e-05	0	0.333333	0	6.19835e-05	0	0.333333	0
	0.719	0.000123967	0	0.333333	0	0.000123967	0	0.333333	0
	0.72	8.26446e-05	0	0.333333	0	8.26446e-05	0	0.333333	0
	0.721	4.13223e-05	0	0.333333	0	4.13223e-05	0	0.333333	0
	0.722	8.26446e-05	0	0.333333	0	8.26446e-05	0	0.333333	0
	0.723	0.000144628	0	0.333333	0	0.000144628	0	0.333333	0
	0.724	0.000144628	0	0.333333	0	0.000144628	0	0.333333	0
	0.725	8.26446e-05	0	0.333333	0	8.26446e-05	0	0.333333	0
	0.726	8.26446e-05	0	0.333333	0	8.26446e-05	0	0.333333	0
	0.727	6.19835e-05	0	0.333333	0	6.19835e-05	0	0.333333	0
	0.728	8.26446e-05	0	0.333333	0	8.26446e-05	0	0.333333	0
	0.729	0.000165289	0	0.333333	0	0.000165289	0	0.333333	0
	0.73	6.19835e-05	0	0.333333	0	6.19835e-05	0	0.333333	0
	0.731	0.000103306	0	0.333333	0	0.000103306	0	0.333333	0
	0.732	6.19835e-05	0	0.333333	0	6.19835e-05	0	0.333333	0
	0.733	0.000103306	0	0.333333	0	0.000103306	0	0.333333	0
	0.734	8.26446e-05	0	0.333333	0	8.26446e-05	0	0.333333	0
	0.735	4.13223e-05	0	0.333333	0	4.13223e-05	0	0.333333	0
	0.736	6.19835e-05	0	0.333333	0	6.19835e-05	0	0.333333	0
	0.737	6.19835e-05	0	0.333333	0	6.19835e-05	0	0.333333	0
	0.738	0.000123967	0	0.333333	0	0.000123967	0	0.333333	0
	0.739	8.26446e-05	0	0.333333	0	8.26446e-05	0	0.333333	0
	0.74	4.13223e-05	0	0.5	0	4.13223e-05	0	0.5	0
	0.741	2.06612e-05	0	0.5	0	2.06612e-05	0	0.5	0
	0.742	2.06612e-05	0	0.5	0	2.06612e-05	0	0.5	0
	0.743	6.19835e-05	0	0.5	0	6.19835e-05	0	0.5	0
	0.744	8.26446e-05	0	0.5	0	8.26446e-05	0	0.5	0
	0.745	0	0	0.5	0	0	0	0.5	0
	0.746	4.13223e-05	0	0.5	0	4.13223e-05	0	0.5	0
	0.747	0	0	0.5	0	0	0	0.5	0
	0.748	0	0	0.5	0	0	0	0.5	0
	0.749	2.06612e-05	0	0.5	0	2.06612e-05	0	0.5	0
	0.75	2.06612e-05	0	0.5	0	2.06612e-05	0	0.5	0
	0.751	6.19835e-05	0	0.5	0	6.19835e-05	0	0.5	0
	0.752	8.26446e-05	0	0.5	0	8.26446e-05	0	0.5	0
	0.753	2.06612e-05	0	0.5	0	2.06612e-05	0	0.5	0
	0.754	0	0	0.5	0	0	0	0.5	0
	0.755	0	0	0.5	0	0	0	0.5	0
	0.756	0	0	0.5	0	0	0	0.5	0
	0.757	2.06612e-05	0	0.5	0	2.06612e-05	0	0.5	0
	0.758	0	0	0.5	0	0	0	0.5	0
	0.759	0	0	0.5	0	0	0	0.5	0
	0.76	0	0	0.5	0	0	0	0.5	0
	0.761	2.06612e-05	0	0.5	0	2.06612e-05	0	0.5	0
	0.762	0	0	0.5	0	0	0	0.5	0
	0.763	0	0	0.5	0	0	0	0.5	0
	0.764	0	0	0.5	0	0	0	0.5	0
	0.765	0	0	0.5	0	0	0	0.5	0
	0.766	0	0	0.5	0	0	0	0.5	0
	0.767	0	0	0.5	0	0	0	0.5	0
	0.768	0	0	0.5	0	0	0	0.5	0
	0.769	0	0	0.5	0	0	0	0.5	0
	0.77	0	0	0.5	0	0	0	0.5	0
	0.771	0	0	0.5	0	0	0	0.5	0
	0.772	0	0	0.5	0	0	0	0.5	0
	0.773	0	0	0.5	0	0	0	0.5	0
	0.774	0	0	0.5	0	0	0	0.5	0
	0.775	0	0	0.5	0	0	0	0.5	0
	0.776	0	0	0.5	0	0	0	0.5	0
	0.777	0	0	0.5	0	0	0	0.5	0
	0.778	2.06612e-05	0	0.5	0	2.06612e-05	0	0.5	0
	0.779	0	0	1	0	0	0	1	0
	0.78	0	0	1	0	0	0	1	0
	0.781	0	0	1	0	0	0	1	0
	0.782	0	0	1	0	0	0	1	0
	0.783	0	0	1	0	0	0	1	0
	0.784	0	0	1	0	0	0	1	0
	0.785	0	0	1	0	0	0	1	0
	0.786	0	0	1	0	0	0	1	0
	0.787	0	0	1	0	0	0	1	0
	0.788	0	0	1	0	0	0	1	0
	0.789	0	0	1	0	0	0	1	0
	0.79	0	0	1	0	0	0	1	0
	0.791	0	0	1	0	0	0	1	0
	0.792	4.13223e-05	0	1	0	4.13223e-05	0	1	0
	0.793	0	0	0	0	0	0	0	0
	0.794	4.13223e-05	0	0	0	4.13223e-05	0	0	0
	0.795	0	0	0	0	0	0	0	0
	0.796	0	0	0	0	0	0	0	0
	0.797	0	0	0	0	0	0	0	0
	0.798	0	0	0	0	0	0	0	0
	0.799	0	0	0	0	0	0	0	0
	0.8	2.06612e-05	0	0	0	2.06612e-05	0	0	0
	0.801	2.06612e-05	0	0	0	2.06612e-05	0	0	0
	0.802	0	0	0	0	0	0	0	0
	0.803	6.19835e-05	0	0	0	6.19835e-05	0	0	0
	0.804	0	0	0	0	0	0	0	0
	0.805	2.06612e-05	0	0	0	2.06612e-05	0	0	0
	0.806	0.000103306	0	0	0	0.000103306	0	0	0
	0.807	2.06612e-05	0	0	0	2.06612e-05	0	0	0
	0.808	0.000144628	0	0	0	0.000144628	0	0	0
	0.809	4.13223e-05	0	0	0	4.13223e-05	0	0	0
	0.81	4.13223e-05	0	0	0	4.13223e-05	0	0	0
	0.811	6.19835e-05	0	0	0	6.19835e-05	0	0	0
	0.812	8.26446e-05	0	0	0	8.26446e-05	0	0	0
	0.813	2.06612e-05	0	0	0	2.06612e-05	0	0	0
	0.814	4.13223e-05	0	0	0	4.13223e-05	0	0	0
	0.815	2.06612e-05	0	0	0	2.06612e-05	0	0	0
	0.816	4.13223e-05	0	0	0	4.13223e-05	0	0	0
	0.817	0.000123967	0	0	0	0.000123967	0	0	0
	0.818	6.19835e-05	0	0	0	6.19835e-05	0	0	0
	0.819	4.13223e-05	0	0	0	4.13223e-05	0	0	0
	0.82	6.19835e-05	0	0	0	6.19835e-05	0	0	0
	0.821	4.13223e-05	0	0	0	4.13223e-05	0	0	0
	0.822	6.19835e-05	0	0	0	6.19835e-05	0	0	0
	0.823	8.26446e-05	0	0	0	8.26446e-05	0	0	0
	0.824	6.19835e-05	0	0	0	6.19835e-05	0	0	0
	0.825	4.13223e-05	0	0	0	4.13223e-05	0	0	0
	0.826	6.19835e-05	0	0	0	6.19835e-05	0	0	0
	0.827	6.19835e-05	0	0	0	6.19835e-05	0	0	0
	0.828	4.13223e-05	0	0	0	4.13223e-05	0	0	0
	0.829	4.13223e-05	0	0	0	4.13223e-05	0	0	0
	0.83	2.06612e-05	0	0	0	2.06612e-05	0	0	0
	0.831	4.13223e-05	0	0	0	4.13223e-05	0	0	0
	0.832	4.13223e-05	0	0	0	4.13223e-05	0	0	0
	0.833	6.19835e-05	0	0	0	6.19835e-05	0	0	0
	0.834	8.26446e-05	0	0	0	8.26446e-05	0	0	0
	0.835	2.06612e-05	0	0	0	2.06612e-05	0	0	0
	0.836	2.06612e-05	0	0	0	2.06612e-05	0	0	0
	0.837	2.06612e-05	0	0	0	2.06612e-05	0	0	0
	0.838	0	0	0	0	0	0	0	0
	0.839	2.06612e-05	0	0	0	2.06612e-05	0	0	0
	0.84	2.06612e-05	0	0	0	2.06612e-05	0	0	0
	0.841	0	0	0	0	0	0	0	0
	0.842	2.06612e-05	0	0	0	2.06612e-05	0	0	0
	0.843	0	0	0	0	0	0	0	0
	0.844	2.06612e-05	0	0	0	2.06612e-05	0	0	0
	0.845	2.06612e-05	0	0	0	2.06612e-05	0	0	0
	0.846	0	0	0	0	0	0	0	0
	0.847	0	0	0	0	0	0	0	0
	0.848	2.06612e-05	0	0	0	2.06612e-05	0	0	0
	0.849	0	0	0	0	0	0	0	0
	0.85	0	0	0	0	0	0	0	0
	0.851	0	0	0	0	0	0	0	0
	0.852	2.06612e-05	0	0	0	2.06612e-05	0	0	0
	0.853	0	0	0	0	0	0	0	0
	0.854	0	0	0	0	0	0	0	0
	0.855	0	0	0	0	0	0	0	0
	0.856	0	0	0	0	0	0	0	0
	0.857	0	0	0	0	0	0	0	0
	0.858	0	0	0	0	0	0	0	0
	0.859	0	0	0	0	0	0	0	0
	0.86	0	0	0	0	0	0	0	0
	0.861	0	0	0	0	0	0	0	0
	0.862	0	0	0	0	0	0	0	0
	0.863	0	0	0	0	0	0	0	0
	0.864	0	0	0	0	0	0	0	0
	0.865	0	0	0	0	0	0	0	0
	0.866	0	0	0	0	0	0	0	0
	0.867	0	0	0	0	0	0	0	0
	0.868	0	0	0	0	0	0	0	0
	0.869	0	0	0	0	0	0	0	0
	0.87	0	0	0	0	0	0	0	0
	0.871	0	0	0	0	0	0	0	0
	0.872	0	0	0	0	0	0	0	0
	0.873	0	0	0	0	0	0	0	0
	0.874	0	0	0	0	0	0	0	0
	0.875	0	0	0	0	0	0	0	0
	0.876	0	0	0	0	0	0	0	0
	0.877	0	0	0	0	0	0	0	0
	0.878	0	0	0	0	0	0	0	0
	0.879	0	0	0	0	0	0	0	0
	0.88	0	0	0	0	0	0	0	0
	0.881	0	0	0	0	0	0	0	0
	0.882	0	0	0	0	0	0	0	0
	0.883	0	0	0	0	0	0	0	0
	0.884	0	0	0	0	0	0	0	0
	0.885	0	0	0	0	0	0	0	0
	0.886	0	0	0	0	0	0	0	0
	0.887	0	0	0	0	0	0	0	0
	0.888	0	0	0	0	0	0	0	0
	0.889	0	0	0	0	0	0	0	0
	0.89	0	0	0	0	0	0	0	0
	0.891	0	0	0	0	0	0	0	0
	0.892	0	0	0	0	0	0	0	0
	0.893	0	0	0	0	0	0	0	0
	0.894	0	0	0	0	0	0	0	0
	0.895	0	0	0	0	0	0	0	0
	0.896	0	0	0	0	0	0	0	0
	0.897	0	0	0	0	0	0	0	0
	0.898	0	0	0	0	0	0	0	0
	0.899	0	0	0	0	0	0	0	0
	0.9	0	0	0	0	0	0	0	0
	0.901	0	0	0	0	0	0	0	0
	0.902	0	0	0	0	0	0	0	0
	0.903	0	0	0	0	0	0	0	0
	0.904	0	0	0	0	0	0	0	0
	0.905	0	0	0	0	0	0	0	0
	0.906	0	0	0	0	0	0	0	0
	0.907	0	0	0	0	0	0	0	0
	0.908	0	0	0	0	0	0	0	0
	0.909	0	0	0	0	0	0	0	0
	0.91	0	0	0	0	0	0	0	0
	0.911	0	0	0	0	0	0	0	0
	0.912	0	0	0	0	0	0	0	0
	0.913	0	0	0	0	0	0	0	0
	0.914	0	0	0	0	0	0	0	0
	0.915	0	0	0	0	0	0	0	0
	0.916	0	0	0	0	0	0	0	0
	0.917	0	0	0	0	0	0	0	0
	0.918	0	0	0	0	0	0	0	0
	0.919	0	0	0	0	0	0	0	0
	0.92	0	0	0	0	0	0	0	0
	0.921	0	0	0	0	0	0	0	0
	0.922	0	0	0	0	0	0	0	0
	0.923	0	0	0	0	0	0	0	0
	0.924	0	0	0	0	0	0	0	0
	0.925	0	0	0	0	0	0	0	0
	0.926	0	0	0	0	0	0	0	0
	0.927	0	0	0	0	0	0	0	0
	0.928	0	0	0	0	0	0	0	0
	0.929	0	0	0	0	0	0	0	0
	0.93	0	0	0	0	0	0	0	0
	0.931	0	0	0	0	0	0	0	0
	0.932	0	0	0	0	0	0	0	0
	0.933	0	0	0	0	0	0	0	0
	0.934	0	0	0	0	0	0	0	0
	0.935	0	0	0	0	0	0	0	0
	0.936	0	0	0	0	0	0	0	0
	0.937	0	0	0	0	0	0	0	0
	0.938	0	0	0	0	0	0	0	0
	0.939	0	0	0	0	0	0	0	0
	0.94	0	0	0	0	0	0	0	0
	0.941	0	0	0	0	0	0	0	0
	0.942	0	0	0	0	0	0	0	0
	0.943	0	0	0	0	0	0	0	0
	0.944	0	0	0	0	0	0	0	0
	0.945	0	0	0	0	0	0	0	0
	0.946	0	0	0	0	0	0	0	0
	0.947	0	0	0	0	0	0	0	0
	0.948	0	0	0	0	0	0	0	0
	0.949	0	0	0	0	0	0	0	0
	0.95	0	0	0	0	0	0	0	0
	0.951	0	0	0	0	0	0	0	0
	0.952	0	0	0	0	0	0	0	0
	0.953	0	0	0	0	0	0	0	0
	0.954	0	0	0	0	0	0	0	0
	0.955	0	0	0	0	0	0	0	0
	0.956	0	0	0	0	0	0	0	0
	0.957	0	0	0	0	0	0	0	0
	0.958	0	0	0	0	0	0	0	0
	0.959	0	0	0	0	0	0	0	0
	0.96	0	0	0	0	0	0	0	0
	0.961	0	0	0	0	0	0	0	0
	0.962	0	0	0	0	0	0	0	0
	0.963	0	0	0	0	0	0	0	0
	0.964	0	0	0	0	0	0	0	0
	0.965	0	0	0	0	0	0	0	0
	0.966	0	0	0	0	0	0	0	0
	0.967	0	0	0	0	0	0	0	0
	0.968	0	0	0	0	0	0	0	0
	0.969	0	0	0	0	0	0	0	0
	0.97	0	0	0	0	0	0	0	0
	0.971	0	0	0	0	0	0	0	0
	0.972	0	0	0	0	0	0	0	0
	0.973	0	0	0	0	0	0	0	0
	0.974	0	0	0	0	0	0	0	0
	0.975	0	0	0	0	0	0	0	0
	0.976	0	0	0	0	0	0	0	0
	0.977	0	0	0	0	0	0	0	0
	0.978	0	0	0	0	0	0	0	0
	0.979	0	0	0	0	0	0	0	0
	0.98	0	0	0	0	0	0	0	0
	0.981	0	0	0	0	0	0	0	0
	0.982	0	0	0	0	0	0	0	0
	0.983	0	0	0	0	0	0	0	0
	0.984	0	0	0	0	0	0	0	0
	0.985	0	0	0	0	0	0	0	0
	0.986	0	0	0	0	0	0	0	0
	0.987	0	0	0	0	0	0	0	0
	0.988	0	0	0	0	0	0	0	0
	0.989	0	0	0	0	0	0	0	0
	0.99	0	0	0	0	0	0	0	0
	0.991	0	0	0	0	0	0	0	0
	0.992	0	0	0	0	0	0	0	0
	0.993	0	0	0	0	0	0	0	0
	0.994	0	0	0	0	0	0	0	0
	0.995	0	0	0	0	0	0	0	0
	0.996	0	0	0	0	0	0	0	0
	0.997	0	0	0	0	0	0	0	0
	0.998	0	0	0	0	0	0	0	0
	0.999	0	0	0	0	0	0	0	0
	1	0	0	0	0	0	0	0	0


#	yrange	sparsity	# links	zeta	support at cross	fraction FP	support at cross2	fraction FP2
	0	0.0268595	13	0.0426875	0.571	0.0133333	0.571	0.0133333
	1	0.0268595	13	0.0426875	0.571	0.0133333	0.571	0.0133333
