#	Frequencies and overlap
#	bins	MYC	shuffle	overlap_MYC	overlap_shuffle	SIGN_MYC	SIGNshuffle	SIGNoverlap_MYC	SIGNoverlap_shuffle
	0	0	0	1	1	0.571364	0.591488	0.860987	0
	0.001	0	0	1	1	0	0	0.860987	0
	0.002	0	0	1	1	0	0	0.860987	0
	0.003	0	0	1	1	0	0	0.860987	0
	0.004	0	0	1	1	0	0	0.860987	0
	0.005	0	0	1	1	0	0	0.860987	0
	0.006	0	0	1	1	0	0	0.860987	0
	0.007	0	0	1	1	0	0	0.860987	0
	0.008	0	0	1	1	0	0	0.860987	0
	0.009	0	0	1	1	0	0	0.860987	0
	0.01	0	0	1	1	0	0	0.860987	0
	0.011	0	0	1	1	0	0	0.860987	0
	0.012	0	0	1	1	0	0	0.860987	0
	0.013	0	0	1	1	0	0	0.860987	0
	0.014	0	0	1	1	0	0	0.860987	0
	0.015	0	0	1	1	0	0	0.860987	0
	0.016	0	0	1	1	0	0	0.860987	0
	0.017	0	0	1	1	0	0	0.860987	0
	0.018	0	0	1	1	0	0	0.860987	0
	0.019	0	0	1	1	0	0	0.860987	0
	0.02	0	0	1	1	0	0	0.860987	0
	0.021	0	0	1	1	0	0	0.860987	0
	0.022	0	0	1	1	0	0	0.860987	0
	0.023	0	0	1	1	0	0	0.860987	0
	0.024	0	0	1	1	0	0	0.860987	0
	0.025	0	0	1	1	0	0	0.860987	0
	0.026	0	0	1	1	0	0	0.860987	0
	0.027	0	0	1	1	0	0	0.860987	0
	0.028	0	0	1	1	0	0	0.860987	0
	0.029	0	0	1	1	0	0	0.860987	0
	0.03	0	0	1	1	0	0	0.860987	0
	0.031	0	0	1	1	0	0	0.860987	0
	0.032	0	0	1	1	0	0	0.860987	0
	0.033	0	0	1	1	0	0	0.860987	0
	0.034	0	0	1	1	0	0	0.860987	0
	0.035	0	0	1	1	0	0	0.860987	0
	0.036	0	0	1	1	0	0	0.860987	0
	0.037	0	0	1	1	0	0	0.860987	0
	0.038	0	0	1	1	0	0	0.860987	0
	0.039	0	0	1	1	0	0	0.860987	0
	0.04	0	0	1	1	0	0	0.860987	0
	0.041	0	0	1	1	0	0	0.860987	0
	0.042	0	0	1	1	0	0	0.860987	0
	0.043	0	0	1	1	0	0	0.860987	0
	0.044	0	0	1	1	0	0	0.860987	0
	0.045	0	0	1	1	0	0	0.860987	0
	0.046	0	0	1	1	0	0	0.860987	0
	0.047	0	0	1	1	0	0	0.860987	0
	0.048	0	0	1	1	0	0	0.860987	0
	0.049	0	0	1	1	0	0	0.860987	0
	0.05	0	0	1	1	0	0	0.860987	0
	0.051	0	0	1	1	0	0	0.860987	0
	0.052	0	0	1	1	0	0	0.860987	0
	0.053	0	0	1	1	0	0	0.860987	0
	0.054	0	0	1	1	0	0	0.860987	0
	0.055	0	0	1	1	0	0	0.860987	0
	0.056	0	0	1	1	0	0	0.860987	0
	0.057	0	0	1	1	0	0	0.860987	0
	0.058	0	0	1	1	0	0	0.860987	0
	0.059	0	0	1	1	0	0	0.860987	0
	0.06	0	0	1	1	0	0	0.860987	0
	0.061	0	0	1	1	0	0	0.860987	0
	0.062	0	0	1	1	0	0	0.860987	0
	0.063	0	0	1	1	0	0	0.860987	0
	0.064	0	0	1	1	0	0	0.860987	0
	0.065	0	0	1	1	0	0	0.860987	0
	0.066	0	0	1	1	0	0	0.860987	0
	0.067	0	0	1	1	0	0	0.860987	0
	0.068	0	0	1	1	0	0	0.860987	0
	0.069	0	0	1	1	0	0	0.860987	0
	0.07	0	0	1	1	0	0	0.860987	0
	0.071	0	0	1	1	0	0	0.860987	0
	0.072	0	0	1	1	0	0	0.860987	0
	0.073	0	0	1	1	0	0	0.860987	0
	0.074	0	0	1	1	0	0	0.860987	0
	0.075	0	0	1	1	0	0	0.860987	0
	0.076	0	0	1	1	0	0	0.860987	0
	0.077	0	0	1	1	0	0	0.860987	0
	0.078	0	0	1	1	0	0	0.860987	0
	0.079	0	0	1	1	0	0	0.860987	0
	0.08	0	0	1	1	0	0	0.860987	0
	0.081	0	0	1	1	0	0	0.860987	0
	0.082	0	0	1	1	0	0	0.860987	0
	0.083	0	0	1	1	0	0	0.860987	0
	0.084	0	0	1	1	0	0	0.860987	0
	0.085	0	0	1	1	0	0	0.860987	0
	0.086	0	0	1	1	0	0	0.860987	0
	0.087	0	0	1	1	0	0	0.860987	0
	0.088	0	0	1	1	0	0	0.860987	0
	0.089	0	0	1	1	0	0	0.860987	0
	0.09	0	0	1	1	0	0	0.860987	0
	0.091	0	0	1	1	0	0	0.860987	0
	0.092	0	0	1	1	0	0	0.860987	0
	0.093	0	0	1	1	0	0	0.860987	0
	0.094	0	0	1	1	0	0	0.860987	0
	0.095	0	0	1	1	0	0	0.860987	0
	0.096	0	0	1	1	0	0	0.860987	0
	0.097	0	0	1	1	0	0	0.860987	0
	0.098	0	0	1	1	0	0	0.860987	0
	0.099	0	0	1	1	0	0	0.860987	0
	0.1	0	0	1	1	0	0	0.860987	0
	0.101	0	0	1	1	0	0	0.860987	0
	0.102	0	0	1	1	0	0	0.860987	0
	0.103	0	0	1	1	0	0	0.860987	0
	0.104	0	0	1	1	0	0	0.860987	0
	0.105	0	0	1	1	0	0	0.860987	0
	0.106	0	0	1	1	0	0	0.860987	0
	0.107	0	0	1	1	0	0	0.860987	0
	0.108	0	0	1	1	0	0	0.860987	0
	0.109	0	0	1	1	0	0	0.860987	0
	0.11	0	0	1	1	0	0	0.860987	0
	0.111	0	0	1	1	0	0	0.860987	0
	0.112	0	0	1	1	0	0	0.860987	0
	0.113	0	0	1	1	0	0	0.860987	0
	0.114	0	0	1	1	0	0	0.860987	0
	0.115	0	0	1	1	0	0	0.860987	0
	0.116	0	0	1	1	0	0	0.860987	0
	0.117	0	0	1	1	0	0	0.860987	0
	0.118	0	0	1	1	0	0	0.860987	0
	0.119	0	0	1	1	0	0	0.860987	0
	0.12	0	0	1	1	0	0	0.860987	0
	0.121	0	0	1	1	0	0	0.860987	0
	0.122	0	0	1	1	0	0	0.860987	0
	0.123	0	0	1	1	0	0	0.860987	0
	0.124	0	0	1	1	0	0	0.860987	0
	0.125	0	0	1	1	0	0	0.860987	0
	0.126	0	0	1	1	0	0	0.860987	0
	0.127	0	0	1	1	0	0	0.860987	0
	0.128	0	0	1	1	0	0	0.860987	0
	0.129	0	0	1	1	0	0	0.860987	0
	0.13	0	0	1	1	0	0	0.860987	0
	0.131	0	0	1	1	0	0	0.860987	0
	0.132	0	0	1	1	0	0	0.860987	0
	0.133	0	0	1	1	0	0	0.860987	0
	0.134	0	0	1	1	0	0	0.860987	0
	0.135	0	0	1	1	0	0	0.860987	0
	0.136	0	0	1	1	0	0	0.860987	0
	0.137	0	0	1	1	0	0	0.860987	0
	0.138	0	0	1	1	0	0	0.860987	0
	0.139	0	0	1	1	0	0	0.860987	0
	0.14	0	0	1	1	0	0	0.860987	0
	0.141	0	0	1	1	0	0	0.860987	0
	0.142	0	0	1	1	0	0	0.860987	0
	0.143	0	0	1	1	0	0	0.860987	0
	0.144	0	0	1	1	0	0	0.860987	0
	0.145	0	0	1	1	0	0	0.860987	0
	0.146	0	0	1	1	0	0	0.860987	0
	0.147	0	0	1	1	0	0	0.860987	0
	0.148	0	0	1	1	0	0	0.860987	0
	0.149	0	0	1	1	0	0	0.860987	0
	0.15	0	0	1	1	0	0	0.860987	0
	0.151	0	0	1	1	0	0	0.860987	0
	0.152	0	0	1	1	0	0	0.860987	0
	0.153	0	0	1	1	0	0	0.860987	0
	0.154	0	0	1	1	0	0	0.860987	0
	0.155	0	0	1	1	0	0	0.860987	0
	0.156	0	0	1	1	0	0	0.860987	0
	0.157	0	0	1	1	0	0	0.860987	0
	0.158	0	0	1	1	0	0	0.860987	0
	0.159	0	0	1	1	0	0	0.860987	0
	0.16	0	0	1	1	0	0	0.860987	0
	0.161	0	0	1	1	0	0	0.860987	0
	0.162	0	0	1	1	0	0	0.860987	0
	0.163	0	0	1	1	0	0	0.860987	0
	0.164	0	0	1	1	0	0	0.860987	0
	0.165	0	0	1	1	0	0	0.860987	0
	0.166	0	0	1	1	0	0	0.860987	0
	0.167	0	0	1	1	0	0	0.860987	0
	0.168	0	0	1	1	0	0	0.860987	0
	0.169	0	0	1	1	0	0	0.860987	0
	0.17	0	0	1	1	0	0	0.860987	0
	0.171	0	0	1	1	0	0	0.860987	0
	0.172	0	0	1	1	0	0	0.860987	0
	0.173	0	0	1	1	0	0	0.860987	0
	0.174	0	0	1	1	0	0	0.860987	0
	0.175	0	0	1	1	0	0	0.860987	0
	0.176	0	0	1	1	0	0	0.860987	0
	0.177	0	0	1	1	0	0	0.860987	0
	0.178	0	0	1	1	0	0	0.860987	0
	0.179	0	0	1	1	0	0	0.860987	0
	0.18	0	0	1	1	0	0	0.860987	0
	0.181	0	0	1	1	0	0	0.860987	0
	0.182	0	0	1	1	0	0	0.860987	0
	0.183	0	0	1	1	0	0	0.860987	0
	0.184	0	0	1	1	0	0	0.860987	0
	0.185	0	0	1	1	0	0	0.860987	0
	0.186	0	0	1	1	0	0	0.860987	0
	0.187	0	0	1	1	0	0	0.860987	0
	0.188	0	0	1	1	0	0	0.860987	0
	0.189	0	0	1	1	0	0	0.860987	0
	0.19	0	0	1	1	0	0	0.860987	0
	0.191	0	0	1	1	0	0	0.860987	0
	0.192	0	0	1	1	0	0	0.860987	0
	0.193	0	0	1	1	0	0	0.860987	0
	0.194	0	0	1	1	0	0	0.860987	0
	0.195	0	0	1	1	0	0	0.860987	0
	0.196	0	0	1	1	0	0	0.860987	0
	0.197	0	0	1	1	0	0	0.860987	0
	0.198	0	0	1	1	0	0	0.860987	0
	0.199	0	0	1	1	0	0	0.860987	0
	0.2	0	0	1	1	0	0	0.860987	0
	0.201	0	0	1	1	0	0	0.860987	0
	0.202	0	0	1	1	0	0	0.860987	0
	0.203	0	0	1	1	0	0	0.860987	0
	0.204	0	0	1	1	0	0	0.860987	0
	0.205	0	0	1	1	0	0	0.860987	0
	0.206	0	0	1	1	0	0	0.860987	0
	0.207	0	0	1	1	0	0	0.860987	0
	0.208	0	0	1	1	0	0	0.860987	0
	0.209	0	0	1	1	0	0	0.860987	0
	0.21	0	0	1	1	0	0	0.860987	0
	0.211	0	0	1	1	0	0	0.860987	0
	0.212	0	0	1	1	0	0	0.860987	0
	0.213	0	0	1	1	0	0	0.860987	0
	0.214	0	0	1	1	0	0	0.860987	0
	0.215	0	0	1	1	0	0	0.860987	0
	0.216	0	0	1	1	0	0	0.860987	0
	0.217	0	0	1	1	0	0	0.860987	0
	0.218	0	0	1	1	0	0	0.860987	0
	0.219	0	0	1	1	0	0	0.860987	0
	0.22	0	0	1	1	0	0	0.860987	0
	0.221	0	0	1	1	0	0	0.860987	0
	0.222	0	0	1	1	0	0	0.860987	0
	0.223	0	0	1	1	0	0	0.860987	0
	0.224	0	0	1	1	0	0	0.860987	0
	0.225	0	0	1	1	0	0	0.860987	0
	0.226	0	0	1	1	0	0	0.860987	0
	0.227	0	0	1	1	0	0	0.860987	0
	0.228	0	0	1	1	0	0	0.860987	0
	0.229	0	0	1	1	0	0	0.860987	0
	0.23	0	0	1	1	0	0	0.860987	0
	0.231	0	0	1	1	0	0	0.860987	0
	0.232	0	0	1	1	0	0	0.860987	0
	0.233	0	0	1	1	0	0	0.860987	0
	0.234	0	0	1	1	0	0	0.860987	0
	0.235	0	0	1	1	0	0	0.860987	0
	0.236	0	0	1	1	0	0	0.860987	0
	0.237	0	0	1	1	0	0	0.860987	0
	0.238	0	0	1	1	0	0	0.860987	0
	0.239	0	0	1	1	0	0	0.860987	0
	0.24	0	0	1	1	0	0	0.860987	0
	0.241	0	0	1	1	0	0	0.860987	0
	0.242	0	0	1	1	0	0	0.860987	0
	0.243	0	0	1	1	0	0	0.860987	0
	0.244	0	0	1	1	0	0	0.860987	0
	0.245	0	0	1	1	0	0	0.860987	0
	0.246	0	0	1	1	0	0	0.860987	0
	0.247	0	0	1	1	0	0	0.860987	0
	0.248	0	0	1	1	0	0	0.860987	0
	0.249	0	0	1	1	0	0	0.860987	0
	0.25	0	0	1	1	0	0	0.860987	0
	0.251	0	0	1	1	0	0	0.860987	0
	0.252	0	0	1	1	0	0	0.860987	0
	0.253	0	0	1	1	0	0	0.860987	0
	0.254	0	0	1	1	0	0	0.860987	0
	0.255	0	0	1	1	0	0	0.860987	0
	0.256	0	0	1	1	0	0	0.860987	0
	0.257	0	0	1	1	0	0	0.860987	0
	0.258	0	0	1	1	0	0	0.860987	0
	0.259	0	0	1	1	0	0	0.860987	0
	0.26	0	0	1	1	0	0	0.860987	0
	0.261	0	0	1	1	0	0	0.860987	0
	0.262	0	0	1	1	0	0	0.860987	0
	0.263	0	0	1	1	0	0	0.860987	0
	0.264	0	0	1	1	0	0	0.860987	0
	0.265	0	0	1	1	0	0	0.860987	0
	0.266	0	0	1	1	0	0	0.860987	0
	0.267	0	0	1	1	0	0	0.860987	0
	0.268	0	0	1	1	0	0	0.860987	0
	0.269	0	0	1	1	0	0	0.860987	0
	0.27	0	0	1	1	0	0	0.860987	0
	0.271	0	0	1	1	0	0	0.860987	0
	0.272	0	0	1	1	0	0	0.860987	0
	0.273	0	0	1	1	0	0	0.860987	0
	0.274	0	0	1	1	0	0	0.860987	0
	0.275	0	0	1	1	0	0	0.860987	0
	0.276	0	0	1	1	0	0	0.860987	0
	0.277	0	0	1	1	0	0	0.860987	0
	0.278	0	0	1	1	0	0	0.860987	0
	0.279	0	0	1	1	0	0	0.860987	0
	0.28	0	0	1	1	0	0	0.860987	0
	0.281	0	0	1	1	0	0	0.860987	0
	0.282	0	0	1	1	0	0	0.860987	0
	0.283	0	0	1	1	0	0	0.860987	0
	0.284	0	0	1	1	0	0	0.860987	0
	0.285	0	0	1	1	0	0	0.860987	0
	0.286	0	0	1	1	0	0	0.860987	0
	0.287	0	0	1	1	0	0	0.860987	0
	0.288	0	0	1	1	0	0	0.860987	0
	0.289	0	0	1	1	0	0	0.860987	0
	0.29	0	0	1	1	0	0	0.860987	0
	0.291	0	0	1	1	0	0	0.860987	0
	0.292	0	0	1	1	0	0	0.860987	0
	0.293	0	0	1	1	0	0	0.860987	0
	0.294	0	0	1	1	0	0	0.860987	0
	0.295	0	0	1	1	0	0	0.860987	0
	0.296	0	0	1	1	0	0	0.860987	0
	0.297	0	0	1	1	0	0	0.860987	0
	0.298	0	0	1	1	0	0	0.860987	0
	0.299	0	0	1	1	0	0	0.860987	0
	0.3	0	0	1	1	0	0	0.860987	0
	0.301	0	0	1	1	0	0	0.860987	0
	0.302	0	0	1	1	0	0	0.860987	0
	0.303	0	0	1	1	0	0	0.860987	0
	0.304	0	0	1	1	0	0	0.860987	0
	0.305	0	0	1	1	0	0	0.860987	0
	0.306	0	0	1	1	0	0	0.860987	0
	0.307	0	0	1	1	0	0	0.860987	0
	0.308	0	0	1	1	0	0	0.860987	0
	0.309	0	0	1	1	0	0	0.860987	0
	0.31	0	0	1	1	0	0	0.860987	0
	0.311	0	0	1	1	0	0	0.860987	0
	0.312	0	0	1	1	0	0	0.860987	0
	0.313	0	0	1	1	0	0	0.860987	0
	0.314	0	0	1	1	0	0	0.860987	0
	0.315	0	0	1	1	0	2.06612e-05	0.860987	0
	0.316	0	0	1	1	0	0	0.860987	0
	0.317	0	0	1	1	0	0	0.860987	0
	0.318	0	0	1	1	0	0	0.860987	0
	0.319	0	0	1	1	0	0	0.860987	0
	0.32	0	0	1	1	0	0	0.860987	0
	0.321	0	0	1	1	0	0	0.860987	0
	0.322	0	0	1	1	0	0	0.860987	0
	0.323	0	0	1	1	0	0	0.860987	0
	0.324	0	0	1	1	0	0	0.860987	0
	0.325	0	0	1	1	0	0	0.860987	0
	0.326	0	0	1	1	0	0	0.860987	0
	0.327	0	0	1	1	0	0	0.860987	0
	0.328	0	0	1	1	0	0	0.860987	0
	0.329	0	0	1	1	0	0	0.860987	0
	0.33	0	0	1	1	0	0	0.860987	0
	0.331	0	0	1	1	0	0	0.860987	0
	0.332	0	0	1	1	0	0	0.860987	0
	0.333	0	0	1	1	0	0	0.860987	0
	0.334	0	0	1	1	0	0	0.860987	0
	0.335	0	0	1	1	0	0	0.860987	0
	0.336	0	0	1	1	0	0	0.860987	0
	0.337	0	0	1	1	0	0	0.860987	0
	0.338	0	0	1	1	0	0	0.860987	0
	0.339	0	0	1	1	0	0	0.860987	0
	0.34	0	0	1	1	0	0	0.860987	0
	0.341	0	0	1	1	0	0	0.860987	0
	0.342	0	0	1	1	0	0	0.860987	0
	0.343	0	0	1	1	0	0	0.860987	0
	0.344	0	0	1	1	0	0	0.860987	0
	0.345	0	0	1	1	0	0	0.860987	0
	0.346	0	0	1	1	0	0	0.860987	0
	0.347	0	0	1	1	0	0	0.860987	0
	0.348	0	0	1	1	0	0	0.860987	0
	0.349	0	0	1	1	0	0	0.860987	0
	0.35	0	0	1	1	0	0	0.860987	0
	0.351	0	0	1	1	0	0	0.860987	0
	0.352	0	0	1	1	0	0	0.860987	0
	0.353	0	0	1	1	0	0	0.860987	0
	0.354	0	0	1	1	0	0	0.860987	0
	0.355	0	0	1	1	0	0	0.860987	0
	0.356	0	0	1	1	0	0	0.860987	0
	0.357	0	0	1	1	0	0	0.860987	0
	0.358	0	0	1	1	0	0	0.860987	0
	0.359	0	0	1	1	0	2.06612e-05	0.860987	0
	0.36	0	0	1	1	0	0	0.860987	0
	0.361	0	0	1	1	0	0	0.860987	0
	0.362	0	0	1	1	0	0	0.860987	0
	0.363	0	0	1	1	0	0	0.860987	0
	0.364	0	0	1	1	0	0	0.860987	0
	0.365	0	0	1	1	0	0	0.860987	0
	0.366	0	0	1	1	0	0	0.860987	0
	0.367	0	0	1	1	0	0	0.860987	0
	0.368	0	0	1	1	0	0	0.860987	0
	0.369	0	0	1	1	0	0	0.860987	0
	0.37	0	0	1	1	0	0	0.860987	0
	0.371	0	0	1	1	0	0	0.860987	0
	0.372	0	0	1	1	0	0	0.860987	0
	0.373	0	0	1	1	0	0	0.860987	0
	0.374	0	0	1	1	0	0	0.860987	0
	0.375	0	0	1	1	0	0	0.860987	0
	0.376	0	0	1	1	0	0	0.860987	0
	0.377	0	0	1	1	0	0	0.860987	0
	0.378	0	0	1	1	0	0	0.860987	0
	0.379	0	0	1	1	0	0	0.860987	0
	0.38	0	0	1	1	0	0	0.860987	0
	0.381	0	0	1	1	0	0	0.860987	0
	0.382	0	0	1	1	0	0	0.860987	0
	0.383	0	0	1	1	0	0	0.860987	0
	0.384	0	0	1	1	0	2.06612e-05	0.860987	0
	0.385	0	0	1	1	0	0	0.860987	0
	0.386	0	0	1	1	0	0	0.860987	0
	0.387	0	0	1	1	0	0	0.860987	0
	0.388	0	0	1	1	0	0	0.860987	0
	0.389	0	0	1	1	0	0	0.860987	0
	0.39	0	0	1	1	0	0	0.860987	0
	0.391	0	0	1	1	0	0	0.860987	0
	0.392	0	0	1	1	0	0	0.860987	0
	0.393	0	0	1	1	2.06612e-05	0	0.860987	0
	0.394	0	0	1	1	2.06612e-05	0	0.860987	0
	0.395	0	0	1	1	2.06612e-05	0	0.860987	0
	0.396	0	0	1	1	0	0	0.860987	0
	0.397	0	0	1	1	0	0	0.860987	0
	0.398	0	0	1	1	0	0	0.860987	0
	0.399	0	0	1	1	0	0	0.860987	0
	0.4	0	0	1	1	2.06612e-05	0	0.860987	0
	0.401	0	0	1	1	0	0	0.860987	0
	0.402	0	0	1	1	2.06612e-05	0	0.860987	0
	0.403	0	0	1	1	0	0	0.860987	0
	0.404	0	0	1	1	0	0	0.860987	0
	0.405	0	0	1	1	2.06612e-05	0	0.860987	0
	0.406	0	0	1	1	4.13223e-05	2.06612e-05	0.860987	0
	0.407	0	0	1	1	4.13223e-05	0	0.860987	0
	0.408	0	0	1	1	4.13223e-05	2.06612e-05	0.860987	0
	0.409	0	0	1	1	2.06612e-05	6.19835e-05	0.860987	0
	0.41	0	0	1	1	4.13223e-05	0	0.860987	0
	0.411	0	0	1	1	6.19835e-05	0	0.860987	0
	0.412	0	0	1	1	2.06612e-05	2.06612e-05	0.860987	0
	0.413	0	0	1	1	4.13223e-05	0	0.860987	0
	0.414	0	0	1	1	2.06612e-05	0	0.860987	0
	0.415	0	0	1	1	4.13223e-05	0	0.860987	0
	0.416	0	0	1	1	2.06612e-05	0	0.860987	0
	0.417	0	0	1	1	0.000123967	2.06612e-05	0.860987	0
	0.418	0	0	1	1	8.26446e-05	0	0.860987	0
	0.419	0	0	1	1	4.13223e-05	2.06612e-05	0.860987	0
	0.42	0	0	1	1	2.06612e-05	0	0.860987	0
	0.421	0	0	1	1	4.13223e-05	2.06612e-05	0.860987	0
	0.422	0	0	1	1	4.13223e-05	2.06612e-05	0.860987	0
	0.423	0	0	1	1	6.19835e-05	0	0.860987	0
	0.424	0	0	1	1	4.13223e-05	2.06612e-05	0.860987	0
	0.425	0	0	1	1	8.26446e-05	2.06612e-05	0.860987	0
	0.426	0	0	1	1	4.13223e-05	0	0.860987	0
	0.427	0	0	1	1	4.13223e-05	0	0.860987	0
	0.428	0	0	1	1	4.13223e-05	2.06612e-05	0.860987	0
	0.429	0	0	1	1	4.13223e-05	0	0.860987	0
	0.43	0	0	1	1	4.13223e-05	4.13223e-05	0.860987	0
	0.431	0	0	1	1	4.13223e-05	4.13223e-05	0.860987	0
	0.432	0	0	1	1	6.19835e-05	2.06612e-05	0.860987	0
	0.433	0	0	1	1	6.19835e-05	2.06612e-05	0.860987	0
	0.434	0	0	1	1	0	0	0.860987	0
	0.435	0	0	1	1	2.06612e-05	4.13223e-05	0.860987	0
	0.436	0	0	1	1	4.13223e-05	4.13223e-05	0.860987	0
	0.437	0	0	1	1	6.19835e-05	0	0.860987	0
	0.438	0	0	1	1	6.19835e-05	0	0.860987	0
	0.439	0	0	1	1	2.06612e-05	0	0.860987	0
	0.44	0	0	1	1	0	6.19835e-05	0.860987	0
	0.441	0	0	1	1	4.13223e-05	2.06612e-05	0.860987	0
	0.442	0	0	1	1	0	2.06612e-05	0.860987	0
	0.443	0	0	1	1	4.13223e-05	2.06612e-05	0.860987	0
	0.444	0	0	1	1	8.26446e-05	0	0.86036	0
	0.445	0	0	1	1	0	8.26446e-05	0.86036	0
	0.446	0	0	1	1	2.06612e-05	2.06612e-05	0.86036	0
	0.447	0	0	1	1	2.06612e-05	4.13223e-05	0.86036	0
	0.448	0	0	1	1	4.13223e-05	2.06612e-05	0.86036	0
	0.449	0	0	1	1	4.13223e-05	6.19835e-05	0.86036	0
	0.45	0	0	1	1	6.19835e-05	2.06612e-05	0.86036	0
	0.451	0	0	1	1	0	0	0.855856	0
	0.452	0	0	1	1	4.13223e-05	4.13223e-05	0.855856	0
	0.453	0	0	1	1	0	2.06612e-05	0.855856	0
	0.454	0	0	1	1	0	4.13223e-05	0.855856	0
	0.455	0	0	1	1	0	4.13223e-05	0.855856	0
	0.456	0	0	1	1	0	2.06612e-05	0.855856	0
	0.457	0	0	1	1	0	0	0.855856	0
	0.458	0	0	1	1	4.13223e-05	8.26446e-05	0.855856	0
	0.459	0	0	1	1	0	0	0.855856	0
	0.46	0	0	1	1	6.19835e-05	0	0.855856	0
	0.461	0	0	1	1	8.26446e-05	6.19835e-05	0.855856	0
	0.462	0	0	1	1	4.13223e-05	4.13223e-05	0.851351	0
	0.463	0	0	1	1	6.19835e-05	2.06612e-05	0.851351	0
	0.464	0	0	1	1	0.000123967	8.26446e-05	0.851351	0
	0.465	0	0	1	1	6.19835e-05	8.26446e-05	0.851351	0
	0.466	0	0	1	1	4.13223e-05	2.06612e-05	0.851351	0
	0.467	0	0	1	1	0	4.13223e-05	0.851351	0
	0.468	0	0	1	1	0.00018595	4.13223e-05	0.851351	0
	0.469	0	0	1	1	0.000103306	0.000123967	0.851351	0
	0.47	0	0	1	1	0.000144628	0.000144628	0.850679	0
	0.471	0	0	1	1	0.000144628	8.26446e-05	0.850679	0
	0.472	0	0	1	1	0.000123967	8.26446e-05	0.850679	0
	0.473	0	0	1	1	0.000165289	6.19835e-05	0.850679	0
	0.474	0	0	1	1	8.26446e-05	0.000103306	0.850679	0
	0.475	0	0	1	1	8.26446e-05	0.000165289	0.850679	0
	0.476	0	0	1	1	0.000123967	8.26446e-05	0.850679	0
	0.477	0	0	1	1	0.000103306	8.26446e-05	0.850679	0
	0.478	0	0	1	1	0.00018595	4.13223e-05	0.850679	0
	0.479	0	0	1	1	2.06612e-05	0.000144628	0.850679	0
	0.48	0	0	1	1	0.000206612	0.000268595	0.850679	0
	0.481	0	0	1	1	0.000103306	0.000165289	0.846154	0
	0.482	0	0	1	1	0.000309917	0.00018595	0.846154	0
	0.483	0	0	1	1	0.00018595	0.000206612	0.846154	0
	0.484	0	0	1	1	0.000144628	0.000309917	0.846154	0
	0.485	0	0	1	1	0.000289256	0.000103306	0.846154	0
	0.486	0	0	1	1	0.000371901	0.000289256	0.846154	0
	0.487	0	0	1	1	0.000433884	0.000144628	0.846154	0
	0.488	0	0	1	1	0.000392562	0.000268595	0.837104	0
	0.489	0	0	1	1	0.00053719	0.00035124	0.837104	0
	0.49	0	0	1	1	0.000330579	0.000206612	0.837104	0
	0.491	0	0	1	1	0.000661157	0.000495868	0.837104	0
	0.492	0	0	1	1	0.000640496	0.000371901	0.837104	0
	0.493	0	0	1	1	0.000743802	0.000578512	0.832579	0
	0.494	0	0	1	1	0.000702479	0.000619835	0.832579	0
	0.495	0	0	1	1	0.000764463	0.000743802	0.832579	0
	0.496	0	0	1	1	0.000909091	0.00107438	0.828054	0
	0.497	0	0	1	1	0.000847107	0.00126033	0.823529	0
	0.498	0	0	1	1	0.000764463	0.00107438	0.819005	0
	0.499	0	0	1	1	0.00107438	0.00167355	0.81448	0
	0.5	0	0	1	1	0.00119835	0.00171488	0.81448	0
	0.501	0	0	1	1	0.00126033	0.00107438	0.81448	0
	0.502	0	0	1	1	0.00132231	0.00132231	0.80543	0
	0.503	0	0	1	1	0.000785124	0.00142562	0.809091	0
	0.504	0	0	1	1	0.000991736	0.00109504	0.804545	0
	0.505	0	0	1	1	0.000847107	0.00113636	0.808219	0
	0.506	0	0	1	1	0.000971074	0.00107438	0.815668	0
	0.507	0	0	1	1	0.00119835	0.0011157	0.815668	0
	0.508	0	0	1	1	0.00105372	0.00150826	0.815668	0
	0.509	0	0	1	1	0.00105372	0.00144628	0.81106	0
	0.51	0	0	1	1	0.000929752	0.00152893	0.806452	0
	0.511	0	0	1	1	0.000971074	0.00157025	0.801843	0
	0.512	0	0	1	1	0.0011157	0.00150826	0.809302	0
	0.513	0	0	1	1	0.0011157	0.00152893	0.804651	0
	0.514	0	0	1	1	0.00105372	0.00150826	0.8	0
	0.515	0	0	1	1	0.00103306	0.000991736	0.803738	0
	0.516	0	0	1	1	0.00107438	0.0014876	0.803738	0
	0.517	0	0	1	1	0.00123967	0.00123967	0.807512	0
	0.518	0	0	1	1	0.00119835	0.00134298	0.807512	0
	0.519	0	0	1	1	0.00115702	0.00134298	0.807512	0
	0.52	0	0	1	1	0.0010124	0.0011157	0.811321	0
	0.521	0	0	1	1	0.000991736	0.00163223	0.806604	0
	0.522	0	0	1	1	0.000929752	0.00136364	0.806604	0
	0.523	0	0	1	1	0.00103306	0.00128099	0.810427	0
	0.524	0	0	1	1	0.0010124	0.00128099	0.814286	0
	0.525	0	0	1	1	0.000991736	0.00119835	0.814286	0
	0.526	0	0	1	1	0.00088843	0.00140496	0.817308	0
	0.527	0	0	1	1	0.000785124	0.00171488	0.816425	0
	0.528	0	0	1	1	0.000971074	0.00128099	0.816425	0
	0.529	0	0	1	1	0.0010124	0.00150826	0.820388	0
	0.53	0	0	1	1	0.0011157	0.00115702	0.819512	0
	0.531	0	0	1	1	0.00088843	0.00119835	0.818627	0
	0.532	0	0	1	1	0.000971074	0.00132231	0.82266	0
	0.533	0	0	1	1	0.00103306	0.00130165	0.812808	0
	0.534	0	0	1	1	0.000681818	0.00117769	0.807882	0
	0.535	0	0	1	1	0.000950413	0.00121901	0.807882	0
	0.536	0	0	1	1	0.00109504	0.00140496	0.807882	0
	0.537	0	0	1	1	0.000826446	0.00132231	0.807882	0
	0.538	0	0	1	1	0.000805785	0.00144628	0.806931	0
	0.539	0	0	1	1	0.000950413	0.00136364	0.806931	0
	0.54	0	0	1	1	0.00103306	0.00105372	0.80198	0
	0.541	0	0	1	1	0.00115702	0.00109504	0.80198	0
	0.542	0	0	1	1	0.00109504	0.00109504	0.800995	0
	0.543	0	0	1	1	0.000971074	0.00163223	0.8	0
	0.544	0	0	1	1	0.00113636	0.00126033	0.80303	0
	0.545	0	0	1	1	0.00103306	0.00130165	0.810256	0
	0.546	0	0	1	1	0.0011157	0.0014876	0.810256	0
	0.547	0	0	1	1	0.0011157	0.00123967	0.809278	0
	0.548	0	0	1	1	0.000909091	0.00132231	0.809278	0
	0.549	0	0	1	1	0.00088843	0.00136364	0.803109	0
	0.55	0	0	1	1	0.0010124	0.00134298	0.803109	0
	0.551	0	0	1	1	0.00109504	0.00115702	0.803109	0
	0.552	0	0	1	1	0.000909091	0.00146694	0.807292	0
	0.553	0	0	1	1	0.000909091	0.00105372	0.807292	0
	0.554	0	0	1	1	0.000847107	0.000991736	0.806283	0
	0.555	0	0	1	1	0.000971074	0.00119835	0.801047	0
	0.556	0	0	1	1	0.000929752	0.00146694	0.801047	0
	0.557	0	0	1	1	0.0010124	0.00117769	0.801047	0
	0.558	0	0	1	1	0.000950413	0.00117769	0.809524	0
	0.559	0	0	1	1	0.00088843	0.00128099	0.809524	0
	0.56	0	0	1	1	0.00103306	0.00115702	0.809524	0
	0.561	0	0	1	1	0.00107438	0.00130165	0.798942	0
	0.562	0	0	1	1	0.000929752	0.0011157	0.798942	0
	0.563	0	0	1	1	0.00103306	0.00119835	0.798942	0
	0.564	0	0	1	1	0.00088843	0.00123967	0.798942	0
	0.565	0	0	1	1	0.00105372	0.00142562	0.798942	0
	0.566	0	0	1	1	0.00105372	0.00105372	0.793651	0
	0.567	0	0	1	1	0.000950413	0.00136364	0.78836	0
	0.568	0	0	1	1	0.00107438	0.00144628	0.783069	0
	0.569	0	0	1	1	0.00109504	0.0013843	0.786096	0
	0.57	0	0	1	1	0.00119835	0.00126033	0.794595	0
	0.571	0	0	1	1	0.000867769	0.00109504	0.798913	0
	0.572	0	0	1	1	0.000909091	0.00105372	0.798913	0
	0.573	0	0	1	1	0.000785124	0.00107438	0.803279	0
	0.574	0	0	1	1	0.000971074	0.00146694	0.802198	0
	0.575	0	0	1	1	0.000785124	0.00146694	0.796703	0
	0.576	0	0	1	1	0.0010124	0.0011157	0.796703	0
	0.577	0	0	1	1	0.000991736	0.00134298	0.796703	0
	0.578	0	0	1	1	0.00126033	0.00128099	0.796703	0
	0.579	0	0	1	1	0.000971074	0.000971074	0.790055	0
	0.58	0	0	1	1	0.000785124	0.00132231	0.794444	0
	0.581	0	0	1	1	0.00105372	0.00113636	0.794444	0
	0.582	0	0	1	1	0.000929752	0.00105372	0.794444	0
	0.583	0	0	1	1	0.000764463	0.00109504	0.793296	0
	0.584	0	0	1	1	0.00088843	0.00146694	0.797753	0
	0.585	0	2.06612e-05	1	1	0.000743802	0.00123967	0.797753	0
	0.586	0	0	1	0.997934	0.00105372	0.00136364	0.806818	0
	0.587	0	0	1	0.997934	0.00088843	0.00117769	0.795455	0
	0.588	0	0	1	0.997934	0.000971074	0.00123967	0.809249	0
	0.589	0	0	1	0.997934	0.000971074	0.00107438	0.803468	0
	0.59	0	0	1	0.997934	0.000867769	0.00126033	0.80814	0
	0.591	0	0	1	0.997934	0.00088843	0.00154959	0.802326	0
	0.592	0	0	1	0.997934	0.00121901	0.00113636	0.795322	0
	0.593	0	0	1	0.997934	0.000805785	0.00140496	0.789474	0
	0.594	0	0	1	0.997934	0.00088843	0.000867769	0.789474	0
	0.595	0	0	1	0.997934	0.000929752	0.00105372	0.789474	0
	0.596	0	0	1	0.997934	0.000950413	0.00115702	0.783626	0
	0.597	0	0	1	0.997934	0.00072314	0.00144628	0.783626	0
	0.598	0	0	1	0.997934	0.000847107	0.00107438	0.777778	0
	0.599	0	0	1	0.997934	0.00109504	0.00103306	0.777778	0
	0.6	0	0	1	0.997934	0.00088843	0.00117769	0.777778	0
	0.601	0	0	1	0.997934	0.000847107	0.00150826	0.77193	0
	0.602	0	0	1	0.997934	0.000929752	0.00119835	0.77193	0
	0.603	0	0	1	0.997934	0.00115702	0.000847107	0.77193	0
	0.604	0	0	1	0.997934	0.0011157	0.000929752	0.776471	0
	0.605	0	0	1	0.997934	0.00107438	0.00115702	0.770588	0
	0.606	0	0	1	0.997934	0.00136364	0.00105372	0.764706	0
	0.607	0	0	1	0.997934	0.00105372	0.00157025	0.764706	0
	0.608	0	0	1	0.997934	0.000847107	0.000909091	0.764706	0
	0.609	0	0	1	0.997934	0.00117769	0.000929752	0.764706	0
	0.61	0	0	1	0.997934	0.0011157	0.00103306	0.769231	0
	0.611	0	0	1	0.997934	0.00103306	0.000991736	0.77381	0
	0.612	0	0	1	0.997934	0.00109504	0.000909091	0.777108	0
	0.613	0	0	1	0.997934	0.00119835	0.0010124	0.786585	0
	0.614	0	0	1	0.997934	0.00130165	0.00126033	0.786585	0
	0.615	0	0	1	0.997934	0.00126033	0.00140496	0.786585	0
	0.616	0	0	1	0.997934	0.000950413	0.00105372	0.801242	0
	0.617	0	0	1	0.997934	0.00109504	0.00113636	0.795031	0
	0.618	0	0	1	0.997934	0.00136364	0.000909091	0.782609	0
	0.619	0	0	1	0.997934	0.00128099	0.0011157	0.782609	0
	0.62	0	0	1	0.997934	0.00119835	0.00103306	0.782609	0
	0.621	0	0	1	0.997934	0.00103306	0.000991736	0.78125	0
	0.622	0	0	1	0.997934	0.000971074	0.00117769	0.78125	0
	0.623	0	0	1	0.997934	0.00113636	0.0010124	0.78125	0
	0.624	0	2.06612e-05	1	0.997934	0.0011157	0.00105372	0.779874	0
	0.625	2.06612e-05	0	1	0.995868	0.000991736	0.0010124	0.773585	0
	0.626	2.06612e-05	0	0.997934	0.995868	0.000826446	0.00107438	0.773585	0
	0.627	0	0	0.995868	0.995868	0.000909091	0.000991736	0.778481	0
	0.628	0	0	0.995868	0.995868	0.00107438	0.00130165	0.778481	0
	0.629	2.06612e-05	0	0.995868	0.995868	0.00088843	0.00128099	0.780645	0
	0.63	0	0	0.995868	0.995868	0.000971074	0.000929752	0.774194	0
	0.631	0	0	0.995868	0.995868	0.000867769	0.000991736	0.767742	0
	0.632	0	0	0.995868	0.995868	0.00117769	0.00121901	0.767742	0
	0.633	2.06612e-05	0	0.995868	0.995868	0.000991736	0.000950413	0.767742	0
	0.634	0	0	0.995868	0.995868	0.000909091	0.00134298	0.767742	0
	0.635	6.19835e-05	0	0.995868	0.995868	0.000764463	0.0010124	0.767742	0
	0.636	0	0	0.995868	0.995868	0.00107438	0.000991736	0.767742	0
	0.637	2.06612e-05	0	0.995868	0.995868	0.00109504	0.00115702	0.772727	0
	0.638	0	0	0.995868	0.995868	0.000991736	0.0011157	0.766234	0
	0.639	4.13223e-05	0	0.995868	0.995868	0.000743802	0.0010124	0.766234	0
	0.64	0	0	0.995868	0.995868	0.000826446	0.00109504	0.766234	0
	0.641	2.06612e-05	0	0.995868	0.995868	0.000971074	0.000909091	0.766234	0
	0.642	4.13223e-05	0	0.995868	0.995868	0.000826446	0.0011157	0.771242	0
	0.643	2.06612e-05	0	0.995868	0.995868	0.000909091	0.000991736	0.771242	0
	0.644	4.13223e-05	0	0.995868	0.995868	0.00121901	0.000743802	0.764706	0
	0.645	0.000103306	0	0.995868	0.995868	0.000867769	0.00119835	0.763158	0
	0.646	4.13223e-05	0	0.995868	0.995868	0.000743802	0.000991736	0.773333	0
	0.647	6.19835e-05	0	0.995868	0.995868	0.000805785	0.00105372	0.778523	0
	0.648	8.26446e-05	0	0.995868	0.995868	0.000764463	0.000826446	0.778523	0
	0.649	8.26446e-05	0	0.995868	0.995868	0.000743802	0.0010124	0.771812	0
	0.65	6.19835e-05	0	0.995868	0.995868	0.000991736	0.000971074	0.77027	0
	0.651	0.000103306	0	0.995868	0.995868	0.000764463	0.00117769	0.786207	0
	0.652	8.26446e-05	0	0.995868	0.995868	0.000743802	0.000909091	0.791667	0
	0.653	0.000103306	0	0.995868	0.995868	0.00072314	0.00119835	0.791667	0
	0.654	4.13223e-05	0	0.995868	0.995868	0.000702479	0.000847107	0.797203	0
	0.655	0.000103306	0	0.995868	0.995868	0.000847107	0.00109504	0.802817	0
	0.656	6.19835e-05	4.13223e-05	0.995868	0.995868	0.000826446	0.0011157	0.802817	0
	0.657	0.000123967	0	0.995868	0.991736	0.000847107	0.00115702	0.801418	0
	0.658	0.000103306	0	0.995868	0.991736	0.000909091	0.00107438	0.801418	0
	0.659	4.13223e-05	0	0.995868	0.991736	0.000619835	0.000909091	0.8	0
	0.66	0.000165289	0	0.995868	0.991736	0.000661157	0.0010124	0.792857	0
	0.661	0.000103306	2.06612e-05	0.995868	0.991736	0.000619835	0.0010124	0.798561	0
	0.662	0.000123967	0	0.995868	0.989669	0.000475207	0.00105372	0.798561	0
	0.663	2.06612e-05	0	0.995868	0.989669	0.000702479	0.00126033	0.798561	0
	0.664	0.000103306	0	0.995868	0.989669	0.00105372	0.00088843	0.804348	0
	0.665	6.19835e-05	0	0.995868	0.989669	0.000661157	0.00105372	0.789855	0
	0.666	0.000123967	0	0.995868	0.989669	0.000475207	0.000805785	0.789855	0
	0.667	0.000165289	0	0.995868	0.989669	0.000681818	0.000743802	0.789855	0
	0.668	6.19835e-05	0	0.995868	0.989669	0.000785124	0.00119835	0.781022	0
	0.669	0.000206612	0	0.995868	0.989669	0.000826446	0.00105372	0.792593	0
	0.67	4.13223e-05	0	0.995868	0.989669	0.000785124	0.00105372	0.791045	0
	0.671	0.000103306	2.06612e-05	0.995868	0.989669	0.000619835	0.0010124	0.791045	0
	0.672	6.19835e-05	2.06612e-05	0.995868	0.989669	0.000599174	0.000971074	0.791045	0
	0.673	6.19835e-05	0	0.995868	0.987603	0.000867769	0.000971074	0.783582	0
	0.674	2.06612e-05	0	0.995868	0.987603	0.000516529	0.00115702	0.783582	0
	0.675	6.19835e-05	2.06612e-05	0.995868	0.987603	0.000681818	0.000950413	0.789474	0
	0.676	4.13223e-05	0	0.995868	0.985537	0.000475207	0.000909091	0.789474	0
	0.677	8.26446e-05	0	0.995868	0.985537	0.000640496	0.000991736	0.793893	0
	0.678	8.26446e-05	0	0.995868	0.985537	0.000743802	0.00088843	0.78626	0
	0.679	4.13223e-05	0	0.995868	0.985537	0.000599174	0.000950413	0.78626	0
	0.68	4.13223e-05	0	0.995868	0.985537	0.00072314	0.000867769	0.784615	0
	0.681	6.19835e-05	0	0.995868	0.985537	0.000764463	0.00109504	0.776923	0
	0.682	4.13223e-05	0	0.995868	0.985537	0.000681818	0.000743802	0.769231	0
	0.683	4.13223e-05	0	0.995868	0.985537	0.000578512	0.000619835	0.753846	0
	0.684	0.000165289	0	0.995868	0.985537	0.000867769	0.000681818	0.753846	0
	0.685	8.26446e-05	0	0.995868	0.985537	0.000661157	0.000764463	0.753846	0
	0.686	0	0	0.995868	0.985537	0.000950413	0.00105372	0.753846	0
	0.687	8.26446e-05	0	0.995868	0.985537	0.000785124	0.000785124	0.753846	0
	0.688	6.19835e-05	0	0.995868	0.985537	0.000950413	0.000826446	0.753846	0
	0.689	0	0	0.995868	0.985537	0.000661157	0.000826446	0.757812	0
	0.69	2.06612e-05	0	0.995868	0.985537	0.000702479	0.000661157	0.757812	0
	0.691	4.13223e-05	0	0.993802	0.985537	0.000599174	0.00121901	0.769841	0
	0.692	6.19835e-05	0	0.993802	0.985537	0.000867769	0.00132231	0.769841	0
	0.693	6.19835e-05	0	0.993802	0.985537	0.000661157	0.000929752	0.769841	0
	0.694	6.19835e-05	0	0.993802	0.985537	0.000743802	0.000640496	0.768	0
	0.695	2.06612e-05	0	0.995859	0.985537	0.00109504	0.000971074	0.76	0
	0.696	2.06612e-05	0	0.995859	0.985537	0.000909091	0.0011157	0.76	0
	0.697	0	0	0.995859	0.985537	0.000785124	0.000991736	0.76	0
	0.698	6.19835e-05	0	0.995859	0.985537	0.00105372	0.0011157	0.766129	0
	0.699	4.13223e-05	2.06612e-05	0.995859	0.985537	0.00072314	0.000847107	0.766129	0
	0.7	4.13223e-05	0	0.993789	0.983471	0.000971074	0.0010124	0.772358	0
	0.701	2.06612e-05	0	0.993789	0.983471	0.000909091	0.0011157	0.772358	0
	0.702	2.06612e-05	0	0.993789	0.983471	0.000743802	0.00107438	0.764228	0
	0.703	4.13223e-05	0	0.993789	0.983471	0.000867769	0.000929752	0.756098	0
	0.704	4.13223e-05	0	0.993789	0.983471	0.000929752	0.000929752	0.747967	0
	0.705	2.06612e-05	0	0.995851	0.983471	0.00140496	0.000495868	0.754098	0
	0.706	0	0	0.995851	0.983471	0.000909091	0.00088843	0.760331	0
	0.707	6.19835e-05	2.06612e-05	0.995851	0.983471	0.00088843	0.000847107	0.760331	0
	0.708	4.13223e-05	0	0.995851	0.981405	0.000743802	0.000847107	0.760331	0
	0.709	2.06612e-05	0	0.995851	0.981405	0.00105372	0.000826446	0.766667	0
	0.71	4.13223e-05	2.06612e-05	0.995851	0.981405	0.000991736	0.00134298	0.766667	0
	0.711	0	0	0.995851	0.979339	0.00109504	0.0010124	0.766667	0
	0.712	2.06612e-05	2.06612e-05	0.995851	0.979339	0.00121901	0.00088843	0.773109	0
	0.713	4.13223e-05	2.06612e-05	0.995851	0.977273	0.00109504	0.000847107	0.760684	0
	0.714	0.000103306	2.06612e-05	0.995851	0.977273	0.00121901	0.000971074	0.752137	0
	0.715	0.000103306	0	0.995851	0.977273	0.000785124	0.000950413	0.752137	0
	0.716	4.13223e-05	0	0.995851	0.977273	0.00109504	0.000929752	0.752137	0
	0.717	8.26446e-05	0	0.995851	0.977273	0.000971074	0.000929752	0.752137	0
	0.718	0.000103306	2.06612e-05	0.995851	0.977273	0.00072314	0.000557851	0.752137	0
	0.719	2.06612e-05	0	0.995851	0.977273	0.000909091	0.000950413	0.758621	0
	0.72	6.19835e-05	0	0.995851	0.977273	0.000909091	0.000929752	0.758621	0
	0.721	0.000123967	0	0.995851	0.977273	0.00107438	0.000867769	0.758621	0
	0.722	8.26446e-05	0	0.995851	0.977273	0.000805785	0.000867769	0.765217	0
	0.723	0.000123967	0	0.995851	0.977273	0.000929752	0.00119835	0.756522	0
	0.724	8.26446e-05	0	0.995851	0.977273	0.000867769	0.000578512	0.756522	0
	0.725	0.00018595	0	0.995851	0.977273	0.000867769	0.000764463	0.756522	0
	0.726	6.19835e-05	0	0.995851	0.977273	0.00088843	0.000991736	0.756522	0
	0.727	0.000165289	2.06612e-05	0.995851	0.977273	0.000702479	0.000764463	0.756522	0
	0.728	4.13223e-05	0	0.995851	0.977273	0.000805785	0.00088843	0.747826	0
	0.729	0.000144628	0	0.995851	0.977273	0.000702479	0.0010124	0.754386	0
	0.73	0.000123967	2.06612e-05	0.995851	0.977273	0.000950413	0.00109504	0.754386	0
	0.731	4.13223e-05	0	0.995851	0.977273	0.000743802	0.000805785	0.754386	0
	0.732	8.26446e-05	2.06612e-05	0.995851	0.977273	0.000599174	0.00088843	0.736842	0
	0.733	2.06612e-05	0	0.995851	0.975207	0.000847107	0.00107438	0.743363	0
	0.734	4.13223e-05	0	0.995851	0.975207	0.000867769	0.000929752	0.743363	0
	0.735	0.000123967	0	0.995851	0.975207	0.000909091	0.000702479	0.743363	0
	0.736	6.19835e-05	4.13223e-05	0.995851	0.975207	0.000681818	0.000929752	0.75	0
	0.737	0.000144628	2.06612e-05	0.995851	0.975207	0.000557851	0.000743802	0.763636	0
	0.738	0.000165289	2.06612e-05	0.995851	0.975207	0.000826446	0.000929752	0.763636	0
	0.739	0.000123967	2.06612e-05	0.995851	0.97314	0.000702479	0.000950413	0.763636	0
	0.74	8.26446e-05	2.06612e-05	0.995851	0.971074	0.00053719	0.00123967	0.770642	0
	0.741	0.000123967	2.06612e-05	0.995851	0.969008	0.000640496	0.000991736	0.770642	0
	0.742	0.000123967	0	0.995851	0.969008	0.000578512	0.00105372	0.777778	0
	0.743	0.000103306	0	0.995851	0.969008	0.000661157	0.00072314	0.777778	0
	0.744	8.26446e-05	4.13223e-05	0.995851	0.969008	0.000826446	0.00117769	0.785047	0
	0.745	6.19835e-05	2.06612e-05	0.995851	0.969008	0.000599174	0.00088843	0.785047	0
	0.746	2.06612e-05	0	0.995851	0.969008	0.000619835	0.000991736	0.792453	0
	0.747	4.13223e-05	4.13223e-05	0.993776	0.969008	0.000743802	0.000909091	0.790476	0
	0.748	8.26446e-05	6.19835e-05	0.993776	0.964876	0.000578512	0.000805785	0.805825	0
	0.749	6.19835e-05	4.13223e-05	0.993776	0.960744	0.000681818	0.0010124	0.813725	0
	0.75	2.06612e-05	2.06612e-05	0.993776	0.960744	0.000516529	0.000661157	0.821782	0
	0.751	6.19835e-05	2.06612e-05	0.993776	0.960744	0.000909091	0.00088843	0.82	0
	0.752	2.06612e-05	2.06612e-05	0.993776	0.958678	0.000516529	0.00119835	0.836735	0
	0.753	6.19835e-05	0	0.993776	0.956612	0.000578512	0.000971074	0.836735	0
	0.754	6.19835e-05	0	0.993776	0.956612	0.000413223	0.000909091	0.836735	0
	0.755	2.06612e-05	0	0.995842	0.956612	0.000764463	0.000971074	0.826531	0
	0.756	4.13223e-05	2.06612e-05	0.995842	0.956612	0.000681818	0.0011157	0.826531	0
	0.757	0	0	0.995842	0.954545	0.000661157	0.000702479	0.816327	0
	0.758	2.06612e-05	4.13223e-05	0.995842	0.954545	0.000413223	0.000950413	0.824742	0
	0.759	0	0	0.993763	0.954545	0.000516529	0.000929752	0.824742	0
	0.76	2.06612e-05	2.06612e-05	0.993763	0.954545	0.000619835	0.000847107	0.814433	0
	0.761	2.06612e-05	0	0.993763	0.954545	0.000392562	0.000805785	0.831579	0
	0.762	6.19835e-05	0	0.993763	0.954545	0.000413223	0.000826446	0.831579	0
	0.763	4.13223e-05	2.06612e-05	0.989605	0.954545	0.000495868	0.000826446	0.831579	0
	0.764	4.13223e-05	0	0.989605	0.954545	0.000516529	0.000847107	0.831579	0
	0.765	6.19835e-05	4.13223e-05	0.989605	0.954545	0.000454545	0.000702479	0.829787	0
	0.766	4.13223e-05	0	0.989605	0.954545	0.000557851	0.000681818	0.819149	0
	0.767	6.19835e-05	0	0.989605	0.954545	0.000309917	0.00072314	0.819149	0
	0.768	8.26446e-05	4.13223e-05	0.989605	0.954545	0.000309917	0.000681818	0.808511	0
	0.769	4.13223e-05	2.06612e-05	0.989605	0.954545	0.000495868	0.000847107	0.806452	0
	0.77	0.000144628	6.19835e-05	0.989605	0.954545	0.000495868	0.00088843	0.795699	0
	0.771	6.19835e-05	0	0.989605	0.954545	0.00035124	0.000702479	0.795699	0
	0.772	8.26446e-05	4.13223e-05	0.991667	0.954545	0.000640496	0.000599174	0.795699	0
	0.773	6.19835e-05	2.06612e-05	0.991667	0.954545	0.000433884	0.000950413	0.784946	0
	0.774	0.000268595	6.19835e-05	0.991667	0.954545	0.000578512	0.000867769	0.784946	0
	0.775	0.000123967	2.06612e-05	0.989583	0.950413	0.000619835	0.000805785	0.774194	0
	0.776	0.000103306	4.13223e-05	0.989583	0.950413	0.000578512	0.000991736	0.782609	0
	0.777	0.000123967	0	0.989583	0.950413	0.000454545	0.00088843	0.791209	0
	0.778	0.00018595	6.19835e-05	0.989583	0.950413	0.000433884	0.000785124	0.78022	0
	0.779	0.000103306	2.06612e-05	0.989583	0.950413	0.000702479	0.000702479	0.769231	0
	0.78	0.000123967	4.13223e-05	0.989583	0.950413	0.00053719	0.000826446	0.786517	0
	0.781	0.000165289	0	0.989583	0.950413	0.000661157	0.00072314	0.786517	0
	0.782	0.00018595	2.06612e-05	0.9875	0.950413	0.000743802	0.000640496	0.775281	0
	0.783	0.000227273	0	0.9875	0.950413	0.000413223	0.000971074	0.772727	0
	0.784	0.000289256	2.06612e-05	0.9875	0.950413	0.000640496	0.000702479	0.761364	0
	0.785	0.000227273	0	0.9875	0.950413	0.000640496	0.000599174	0.761364	0
	0.786	0.000433884	2.06612e-05	0.9875	0.950413	0.000599174	0.000681818	0.761364	0
	0.787	0.000289256	0	0.9875	0.950413	0.000578512	0.00088843	0.761364	0
	0.788	0.000268595	2.06612e-05	0.9875	0.950413	0.000516529	0.000785124	0.761364	0
	0.789	0.000330579	2.06612e-05	0.985417	0.950413	0.000702479	0.000785124	0.75	0
	0.79	0.000309917	4.13223e-05	0.985417	0.950413	0.00072314	0.000743802	0.75	0
	0.791	0.000247934	2.06612e-05	0.985417	0.950413	0.000702479	0.000847107	0.738636	0
	0.792	0.000227273	0	0.985417	0.950413	0.00072314	0.000743802	0.735632	0
	0.793	0.000227273	0.000123967	0.985417	0.950413	0.00072314	0.000681818	0.735632	0
	0.794	0.000309917	4.13223e-05	0.985417	0.950413	0.000661157	0.000805785	0.735632	0
	0.795	0.000413223	4.13223e-05	0.985417	0.950413	0.000578512	0.000764463	0.724138	0
	0.796	0.000289256	4.13223e-05	0.985417	0.950413	0.000826446	0.000702479	0.732558	0
	0.797	0.000309917	4.13223e-05	0.983333	0.950413	0.000661157	0.000557851	0.72093	0
	0.798	0.000247934	2.06612e-05	0.983333	0.950413	0.000785124	0.00072314	0.72093	0
	0.799	0.000475207	4.13223e-05	0.983333	0.950413	0.000950413	0.000971074	0.717647	0
	0.8	0.00035124	8.26446e-05	0.983333	0.950413	0.000847107	0.000516529	0.717647	0
	0.801	0.00035124	2.06612e-05	0.983333	0.950413	0.00072314	0.000578512	0.717647	0
	0.802	0.00035124	2.06612e-05	0.983333	0.950413	0.000785124	0.000661157	0.717647	0
	0.803	0.000309917	6.19835e-05	0.983333	0.950413	0.000971074	0.00053719	0.717647	0
	0.804	0.000165289	2.06612e-05	0.983333	0.950413	0.000764463	0.000785124	0.694118	0
	0.805	0.000289256	6.19835e-05	0.983333	0.950413	0.00107438	0.000619835	0.694118	0
	0.806	0.000289256	0.000103306	0.983333	0.950413	0.000681818	0.000702479	0.702381	0
	0.807	0.000247934	8.26446e-05	0.983333	0.948347	0.000847107	0.000640496	0.702381	0
	0.808	0.000371901	0.000123967	0.98125	0.948347	0.000971074	0.000619835	0.702381	0
	0.809	0.00035124	6.19835e-05	0.98125	0.948347	0.000847107	0.000681818	0.702381	0
	0.81	0.000371901	4.13223e-05	0.98125	0.948347	0.00088843	0.000785124	0.702381	0
	0.811	0.000289256	4.13223e-05	0.98125	0.948347	0.00072314	0.000764463	0.702381	0
	0.812	0.000227273	0.000144628	0.983299	0.948347	0.000743802	0.000557851	0.710843	0
	0.813	0.000144628	6.19835e-05	0.983299	0.946281	0.000909091	0.000805785	0.7375	0
	0.814	0.000206612	2.06612e-05	0.983299	0.946281	0.000929752	0.000371901	0.7375	0
	0.815	0.000330579	2.06612e-05	0.983299	0.946281	0.000847107	0.000826446	0.7375	0
	0.816	0.000330579	6.19835e-05	0.981211	0.946281	0.000867769	0.000640496	0.725	0
	0.817	0.000247934	0.000103306	0.981211	0.946281	0.00126033	0.00072314	0.7125	0
	0.818	0.000289256	6.19835e-05	0.981211	0.944215	0.00088843	0.00053719	0.6875	0
	0.819	0.000392562	2.06612e-05	0.981211	0.944215	0.00117769	0.000764463	0.6875	0
	0.82	0.000268595	4.13223e-05	0.983264	0.944215	0.000764463	0.00072314	0.6875	0
	0.821	0.000454545	4.13223e-05	0.983264	0.944215	0.00072314	0.000971074	0.675	0
	0.822	0.000268595	4.13223e-05	0.983264	0.944215	0.000826446	0.000743802	0.675	0
	0.823	0.000123967	0.000103306	0.983264	0.944215	0.000743802	0.000743802	0.683544	0
	0.824	0.000227273	4.13223e-05	0.983264	0.944215	0.000743802	0.000599174	0.670886	0
	0.825	0.00018595	6.19835e-05	0.985325	0.944215	0.00109504	0.000433884	0.670886	0
	0.826	0.00035124	4.13223e-05	0.985325	0.944215	0.000867769	0.000516529	0.658228	0
	0.827	0.000268595	4.13223e-05	0.985325	0.944215	0.000743802	0.00072314	0.658228	0
	0.828	0.000309917	4.13223e-05	0.987395	0.944215	0.000764463	0.000557851	0.658228	0
	0.829	0.000247934	8.26446e-05	0.985294	0.944215	0.000599174	0.000661157	0.666667	0
	0.83	0.000165289	8.26446e-05	0.987368	0.944215	0.000805785	0.000413223	0.666667	0
	0.831	0.000413223	6.19835e-05	0.987368	0.944215	0.000578512	0.000578512	0.675325	0
	0.832	0.000268595	0.000103306	0.987368	0.944215	0.000826446	0.000371901	0.662338	0
	0.833	0.000123967	2.06612e-05	0.985263	0.942149	0.000702479	0.000743802	0.649351	0
	0.834	0.000247934	0.000103306	0.983158	0.942149	0.000785124	0.000433884	0.666667	0
	0.835	0.000247934	4.13223e-05	0.983158	0.942149	0.000909091	0.000785124	0.666667	0
	0.836	0.000227273	0.000103306	0.981053	0.942149	0.000929752	0.000599174	0.684932	0
	0.837	0.00018595	8.26446e-05	0.981053	0.942149	0.000847107	0.000743802	0.694444	0
	0.838	0.000165289	0.000206612	0.983122	0.942149	0.000743802	0.000702479	0.680556	0
	0.839	0.000330579	0.000103306	0.983122	0.942149	0.000867769	0.000495868	0.680556	0
	0.84	0.000227273	4.13223e-05	0.983122	0.942149	0.000867769	0.00053719	0.7	0
	0.841	0.000289256	0.00018595	0.983122	0.942149	0.000785124	0.000433884	0.7	0
	0.842	0.000289256	0.000103306	0.981013	0.940083	0.00088843	0.000557851	0.685714	0
	0.843	0.000268595	6.19835e-05	0.981013	0.940083	0.00072314	0.000557851	0.685714	0
	0.844	0.000268595	0.000103306	0.981013	0.940083	0.000785124	0.000702479	0.685714	0
	0.845	0.000165289	8.26446e-05	0.981013	0.940083	0.000909091	0.000599174	0.695652	0
	0.846	0.000413223	0.000165289	0.981013	0.940083	0.0010124	0.00053719	0.695652	0
	0.847	0.00018595	0.000123967	0.978903	0.940083	0.000929752	0.000702479	0.695652	0
	0.848	0.00035124	0.00018595	0.978903	0.940083	0.000847107	0.000681818	0.705882	0
	0.849	0.000330579	8.26446e-05	0.978903	0.933884	0.000805785	0.000743802	0.716418	0
	0.85	0.000227273	6.19835e-05	0.980973	0.933884	0.000702479	0.000661157	0.716418	0
	0.851	0.000289256	0.000144628	0.980973	0.933884	0.00115702	0.000681818	0.701493	0
	0.852	0.000330579	0.000144628	0.980973	0.931818	0.000619835	0.000475207	0.69697	0
	0.853	0.000475207	0.00018595	0.980973	0.929752	0.00115702	0.000392562	0.69697	0
	0.854	0.000433884	0.000103306	0.980973	0.92562	0.000557851	0.000640496	0.707692	0
	0.855	0.00035124	8.26446e-05	0.980973	0.92562	0.000764463	0.000495868	0.707692	0
	0.856	0.00035124	0.000123967	0.980973	0.92562	0.000909091	0.00053719	0.71875	0
	0.857	0.000495868	0.000123967	0.983051	0.92562	0.000743802	0.000516529	0.714286	0
	0.858	0.000495868	0.000144628	0.983051	0.92562	0.000805785	0.000516529	0.68254	0
	0.859	0.000289256	0.000165289	0.980932	0.921488	0.00088843	0.000454545	0.693548	0
	0.86	0.00035124	0.000103306	0.978814	0.917355	0.000785124	0.00053719	0.693548	0
	0.861	0.000371901	0.000103306	0.978814	0.917355	0.000557851	0.000681818	0.677419	0
	0.862	0.000268595	0.000165289	0.974576	0.915289	0.000495868	0.000454545	0.677419	0
	0.863	0.000433884	0.00018595	0.974576	0.915289	0.000702479	0.00035124	0.677419	0
	0.864	0.000392562	0.000144628	0.976645	0.911157	0.000847107	0.000640496	0.688525	0
	0.865	0.000433884	0.000144628	0.976645	0.911157	0.000785124	0.000578512	0.7	0
	0.866	0.000309917	8.26446e-05	0.976645	0.911157	0.000661157	0.000433884	0.7	0
	0.867	0.000599174	0.000165289	0.978723	0.911157	0.000619835	0.000454545	0.7	0
	0.868	0.000619835	4.13223e-05	0.978723	0.911157	0.000454545	0.000516529	0.683333	0
	0.869	0.000433884	0.000123967	0.976596	0.909091	0.00053719	0.000392562	0.694915	0
	0.87	0.000413223	0.000144628	0.974468	0.909091	0.000805785	0.000475207	0.694915	0
	0.871	0.000433884	0.000206612	0.974468	0.907025	0.000785124	0.000475207	0.689655	0
	0.872	0.00053719	0.000123967	0.974468	0.902893	0.000495868	0.00053719	0.714286	0
	0.873	0.000640496	0.000123967	0.97234	0.902893	0.000475207	0.000516529	0.714286	0
	0.874	0.000495868	0.000123967	0.97234	0.902893	0.000599174	0.000433884	0.714286	0
	0.875	0.000392562	0.000103306	0.970213	0.902893	0.000495868	0.000433884	0.714286	0
	0.876	0.000413223	0.000206612	0.970213	0.902893	0.000475207	0.000495868	0.714286	0
	0.877	0.000475207	0.000289256	0.970213	0.902893	0.000516529	0.000661157	0.714286	0
	0.878	0.000392562	0.000206612	0.968085	0.900826	0.000681818	0.00035124	0.740741	0
	0.879	0.000681818	0.000206612	0.968085	0.900826	0.00053719	0.000330579	0.740741	0
	0.88	0.000578512	0.000206612	0.968085	0.896694	0.000661157	0.000330579	0.740741	0
	0.881	0.000661157	0.000289256	0.965957	0.894628	0.000557851	0.00053719	0.754717	0
	0.882	0.00053719	0.000227273	0.965957	0.892562	0.000413223	0.000392562	0.735849	0
	0.883	0.000909091	0.000247934	0.965885	0.890496	0.000516529	0.000371901	0.735849	0
	0.884	0.000599174	0.000289256	0.965812	0.890496	0.000392562	0.000640496	0.75	0
	0.885	0.00053719	0.000165289	0.965812	0.886364	0.000247934	0.00035124	0.764706	0
	0.886	0.000619835	0.000289256	0.965812	0.878099	0.000454545	0.000495868	0.764706	0
	0.887	0.000681818	0.000227273	0.965812	0.876033	0.000578512	0.000433884	0.764706	0
	0.888	0.000826446	0.000268595	0.965812	0.876033	0.000516529	0.000330579	0.76	0
	0.889	0.000681818	0.000433884	0.965812	0.876033	0.000619835	0.000392562	0.76	0
	0.89	0.00088843	0.00035124	0.963675	0.876033	0.000661157	0.000433884	0.77551	0
	0.891	0.000681818	0.000309917	0.965739	0.876033	0.000557851	0.000516529	0.729167	0
	0.892	0.000785124	0.000165289	0.965739	0.876033	0.000495868	0.000475207	0.708333	0
	0.893	0.000785124	0.000289256	0.965739	0.871901	0.000516529	0.000475207	0.708333	0
	0.894	0.000805785	0.000475207	0.967811	0.869835	0.000516529	0.000516529	0.708333	0
	0.895	0.000929752	0.000289256	0.967811	0.867769	0.000578512	0.000330579	0.708333	0
	0.896	0.000764463	0.00035124	0.967811	0.865702	0.000785124	0.000413223	0.723404	0
	0.897	0.000805785	0.00018595	0.963519	0.863636	0.000371901	0.000392562	0.717391	0
	0.898	0.000929752	0.000330579	0.963519	0.863636	0.00053719	0.000268595	0.717391	0
	0.899	0.000681818	0.000289256	0.963519	0.857438	0.000413223	0.00035124	0.717391	0
	0.9	0.000929752	0.000413223	0.961373	0.853306	0.000619835	0.000227273	0.717391	0
	0.901	0.000991736	0.000495868	0.959227	0.85124	0.000557851	0.000516529	0.717391	0
	0.902	0.000681818	0.000454545	0.95914	0.85124	0.000578512	0.000495868	0.695652	0
	0.903	0.00072314	0.000413223	0.95914	0.847107	0.000475207	0.000599174	0.695652	0
	0.904	0.000971074	0.000371901	0.956989	0.845041	0.000640496	0.000247934	0.695652	0
	0.905	0.000971074	0.000289256	0.956989	0.845041	0.000454545	0.000475207	0.673913	0
	0.906	0.000805785	0.000433884	0.954839	0.842975	0.000847107	0.000371901	0.652174	0
	0.907	0.000909091	0.000475207	0.950538	0.842975	0.000557851	0.000495868	0.659091	0
	0.908	0.0010124	0.000475207	0.952586	0.840909	0.000805785	0.000433884	0.659091	0
	0.909	0.000909091	0.000433884	0.948276	0.836777	0.000661157	0.000330579	0.659091	0
	0.91	0.000805785	0.000475207	0.948276	0.834711	0.000764463	0.000454545	0.659091	0
	0.911	0.000681818	0.000454545	0.948164	0.830579	0.000681818	0.000371901	0.659091	0
	0.912	0.000764463	0.000495868	0.950216	0.828512	0.000971074	0.000371901	0.659091	0
	0.913	0.000950413	0.000433884	0.952278	0.828512	0.000743802	0.000454545	0.659091	0
	0.914	0.00088843	0.000454545	0.952278	0.82438	0.000516529	0.00018595	0.659091	0
	0.915	0.000971074	0.000495868	0.952174	0.818182	0.000909091	0.000309917	0.659091	0
	0.916	0.000929752	0.000516529	0.954248	0.818182	0.000702479	0.000309917	0.690476	0
	0.917	0.00123967	0.000619835	0.95207	0.816116	0.000764463	0.00035124	0.666667	0
	0.918	0.00103306	0.000413223	0.95207	0.81405	0.000661157	0.000309917	0.682927	0
	0.919	0.00117769	0.000578512	0.95207	0.809917	0.00088843	0.000268595	0.7	0
	0.92	0.000805785	0.000392562	0.954148	0.809917	0.000929752	0.000330579	0.7	0
	0.921	0.00121901	0.000578512	0.954048	0.809917	0.00072314	0.000247934	0.65	0
	0.922	0.00132231	0.000661157	0.95186	0.809917	0.000867769	0.000227273	0.625	0
	0.923	0.00142562	0.00035124	0.95186	0.805785	0.000619835	0.00035124	0.625	0
	0.924	0.00134298	0.00072314	0.949672	0.805785	0.00107438	0.000309917	0.641026	0
	0.925	0.00117769	0.00053719	0.953744	0.797521	0.00072314	0.000165289	0.641026	0
	0.926	0.00119835	0.000661157	0.951542	0.793388	0.00072314	0.000392562	0.641026	0
	0.927	0.00132231	0.000619835	0.94702	0.791322	0.000640496	0.000309917	0.641026	0
	0.928	0.00103306	0.00072314	0.944812	0.783058	0.000950413	0.000268595	0.641026	0
	0.929	0.0013843	0.00088843	0.944812	0.783058	0.000826446	0.000289256	0.641026	0
	0.93	0.00126033	0.000619835	0.944812	0.778926	0.000413223	0.000268595	0.615385	0
	0.931	0.0014876	0.000764463	0.942605	0.77686	0.000805785	0.000309917	0.615385	0
	0.932	0.00134298	0.000826446	0.942605	0.774793	0.000578512	0.000227273	0.631579	0
	0.933	0.00171488	0.000971074	0.942478	0.772727	0.000661157	0.00018595	0.631579	0
	0.934	0.00128099	0.000929752	0.937916	0.772727	0.000516529	0.000289256	0.631579	0
	0.935	0.00136364	0.000805785	0.94	0.768595	0.000743802	0.000289256	0.648649	0
	0.936	0.00154959	0.000991736	0.935556	0.768595	0.00072314	0.000289256	0.647059	0
	0.937	0.00161157	0.0010124	0.935412	0.766529	0.000475207	0.000268595	0.647059	0
	0.938	0.00179752	0.000950413	0.935268	0.764463	0.000743802	0.000227273	0.647059	0
	0.939	0.00173554	0.000971074	0.935268	0.762397	0.000681818	0.000247934	0.617647	0
	0.94	0.0014876	0.00119835	0.935123	0.754132	0.000867769	0.000330579	0.636364	0
	0.941	0.00177686	0.00109504	0.932886	0.745868	0.000909091	0.00018595	0.606061	0
	0.942	0.00183884	0.0011157	0.923937	0.743802	0.000764463	0.000268595	0.606061	0
	0.943	0.00188017	0.00130165	0.919283	0.737603	0.000475207	0.000247934	0.606061	0
	0.944	0.00208678	0.00140496	0.918919	0.733471	0.000764463	0.000165289	0.606061	0
	0.945	0.00194215	0.0017562	0.916667	0.727273	0.000867769	0.000227273	0.606061	0
	0.946	0.00237603	0.00154959	0.911964	0.716942	0.000475207	0.00035124	0.59375	0
	0.947	0.00247934	0.00163223	0.905192	0.71281	0.000557851	0.000289256	0.5625	0
	0.948	0.00233471	0.00171488	0.902935	0.702479	0.000661157	0.000144628	0.580645	0
	0.949	0.00274793	0.00154959	0.896163	0.68595	0.000454545	0.00018595	0.580645	0
	0.95	0.00233471	0.00169421	0.88914	0.681818	0.000681818	0.00035124	0.580645	0
	0.951	0.00299587	0.00152893	0.882353	0.671488	0.000681818	0.000227273	0.566667	0
	0.952	0.00278926	0.00204545	0.875566	0.665289	0.000785124	8.26446e-05	0.607143	0
	0.953	0.00291322	0.00274793	0.866516	0.657025	0.00053719	0.000123967	0.607143	0
	0.954	0.00328512	0.00198347	0.872146	0.626033	0.00053719	0.000206612	0.607143	0
	0.955	0.0035124	0.00260331	0.863014	0.621901	0.000557851	0.000289256	0.62963	0
	0.956	0.00367769	0.00252066	0.851259	0.605372	0.000681818	8.26446e-05	0.653846	0
	0.957	0.00353306	0.00252066	0.844037	0.586777	0.000619835	0.000103306	0.653846	0
	0.958	0.00454545	0.00278926	0.825688	0.568182	0.000599174	0.000247934	0.653846	0
	0.959	0.00506198	0.00254132	0.816092	0.553719	0.000847107	0.000289256	0.68	0
	0.96	0.00607438	0.00295455	0.804598	0.549587	0.00053719	0.000165289	0.68	0
	0.961	0.00592975	0.00268595	0.781609	0.539256	0.000578512	0.000144628	0.708333	0
	0.962	0.00667355	0.00295455	0.766204	0.518595	0.000619835	0.000289256	0.708333	0
	0.963	0.00716942	0.00353306	0.75174	0.493802	0.000599174	0.000165289	0.73913	0
	0.964	0.00739669	0.00376033	0.744186	0.483471	0.000743802	0.00018595	0.73913	0
	0.965	0.00803719	0.00373967	0.734266	0.47314	0.000475207	0.000144628	0.73913	0
	0.966	0.00880165	0.00413223	0.721963	0.452479	0.000495868	0.000123967	0.73913	0
	0.967	0.00890496	0.00458678	0.706856	0.444215	0.000392562	0.000123967	0.73913	0
	0.968	0.0107025	0.00446281	0.692671	0.438017	0.00035124	0.000103306	0.73913	0
	0.969	0.0112397	0.00551653	0.674584	0.421488	0.000495868	0.000123967	0.772727	0
	0.97	0.0113223	0.00549587	0.657143	0.409091	0.00018595	0.000103306	0.772727	0
	0.971	0.0125207	0.00665289	0.64988	0.400826	0.000206612	0.000103306	0.772727	0
	0.972	0.0132438	0.00621901	0.638554	0.386364	0.000165289	0.000103306	0.809524	0
	0.973	0.0138017	0.00785124	0.62954	0.380165	0.000165289	0.000123967	0.809524	0
	0.974	0.0147314	0.00696281	0.618932	0.367769	0.000206612	0.000123967	0.85	0
	0.975	0.015124	0.00867769	0.596107	0.36157	8.26446e-05	0.00018595	0.85	0
	0.976	0.0169008	0.00931818	0.57284	0.338843	4.13223e-05	0.000144628	0.894737	0
	0.977	0.0159298	0.0100826	0.555	0.322314	4.13223e-05	8.26446e-05	0.894737	0
	0.978	0.0168802	0.0111983	0.539043	0.311983	4.13223e-05	0.00018595	0.894737	0
	0.979	0.0179959	0.0123967	0.521628	0.295455	0	0.000227273	0.894737	0
	0.98	0.0181818	0.0135744	0.492308	0.258264	2.06612e-05	0.000144628	0.894737	0
	0.981	0.0185744	0.0152479	0.484375	0.237603	2.06612e-05	0.000144628	0.944444	0
	0.982	0.0198967	0.0167355	0.461538	0.210744	0	8.26446e-05	1	0
	0.983	0.0209298	0.0179959	0.44504	0.17562	0	0.000144628	1	0
	0.984	0.0225	0.0217562	0.428177	0.146694	0	8.26446e-05	1	0
	0.985	0.0224587	0.0234711	0.405028	0.11157	0	8.26446e-05	1	0
	0.986	0.0230579	0.0283884	0.365217	0.0805785	0	0.000103306	1	0
	0.987	0.0247314	0.0303719	0.351515	0.0557851	0	0.000165289	1	0
	0.988	0.0272727	0.0357025	0.317757	0.035124	0	0.000165289	1	0
	0.989	0.0291736	0.0410744	0.288026	0.0268595	0	6.19835e-05	1	0
	0.99	0.030124	0.0462603	0.254181	0.0103734	4.13223e-05	0.000123967	1	0
	0.991	0.0317975	0.0516322	0.234266	0.00208333	0	8.26446e-05	0.941176	0
	0.992	0.0335744	0.0568595	0.214545	0	4.13223e-05	0.000206612	0.941176	0
	0.993	0.0362603	0.0631612	0.199219	0	0.000227273	0.000165289	0.941176	0
	0.994	0.0371694	0.0655579	0.171548	0	0.000309917	6.19835e-05	0.941176	0
	0.995	0.0379959	0.0658884	0.159091	0	0.00035124	8.26446e-05	0.941176	0
	0.996	0.0340496	0.0622107	0.152709	0	0.000392562	4.13223e-05	0.882353	0
	0.997	0.0327686	0.0558471	0.147541	0	0.000805785	0.000206612	0.882353	0
	0.998	0.0277686	0.0445248	0.128049	0	0.0011157	0.000268595	0.882353	0
	0.999	0.0264463	0.0291529	0.140741	0	0.00338843	0.000165289	0.588235	0
	1	0.0577273	0.0142975	0.13253	0	0.0284504	0.00072314	0.529412	0


#	yrange	sparsity	# links	zeta	support at cross	fraction FP	support at cross2	fraction FP2
	0	0.950413	460	2.91415e-05	0.999	0.5162	0.999	0.5162
	0.07	0.950413	460	2.91415e-05	0.999	0.5162	0.999	0.5162
