#	Frequencies and overlap
#	bins	MYC	shuffle	overlap_MYC	overlap_shuffle	SIGN_MYC	SIGNshuffle	SIGNoverlap_MYC	SIGNoverlap_shuffle
	0	0.111901	0.0353512	1	1	0.717293	0.681426	0.631356	0
	0.001	0.027376	0.0089876	0.846827	0.67562	0.00739669	0.00427686	0.636364	0
	0.002	0.0206818	0.00623967	0.85426	0.607438	0.00615702	0.00280992	0.680982	0
	0.003	0.0165496	0.00497934	0.857798	0.557851	0.00512397	0.0027686	0.692308	0
	0.004	0.0124174	0.00508264	0.856813	0.530992	0.00409091	0.00285124	0.688312	0
	0.005	0.0115289	0.00444215	0.859485	0.514463	0.00471074	0.00225207	0.706667	0
	0.006	0.00921488	0.00396694	0.866348	0.5	0.00390496	0.00188017	0.724138	0
	0.007	0.00838843	0.00378099	0.873786	0.479339	0.00419421	0.00192149	0.724138	0
	0.008	0.00706612	0.00371901	0.883951	0.464876	0.00355372	0.00188017	0.72028	0
	0.009	0.00652893	0.00390496	0.883085	0.446281	0.00340909	0.00169421	0.735714	0
	0.01	0.00586777	0.00305785	0.891139	0.429752	0.00264463	0.00157025	0.751825	0
	0.011	0.00522727	0.00311983	0.877863	0.413223	0.00274793	0.00167355	0.748148	0
	0.012	0.00485537	0.00320248	0.871795	0.400826	0.00194215	0.00171488	0.738806	0
	0.013	0.00450413	0.00336777	0.870801	0.386364	0.00159091	0.00167355	0.742424	0
	0.014	0.00502066	0.00316116	0.87664	0.378099	0.00169421	0.00169421	0.738462	0
	0.015	0.00508264	0.00330579	0.878628	0.371901	0.00219008	0.00146694	0.738462	0
	0.016	0.00475207	0.00318182	0.873016	0.363636	0.00229339	0.00134298	0.736434	0
	0.017	0.00481405	0.00311983	0.876676	0.357438	0.00177686	0.00121901	0.752	0
	0.018	0.005	0.00334711	0.875676	0.347107	0.00208678	0.0014876	0.760331	0
	0.019	0.00464876	0.00336777	0.867209	0.342975	0.00154959	0.00163223	0.752066	0
	0.02	0.00491736	0.00338843	0.864499	0.340909	0.00214876	0.00115702	0.758333	0
	0.021	0.00446281	0.00326446	0.861035	0.334711	0.00154959	0.00146694	0.762712	0
	0.022	0.0052686	0.0031405	0.849727	0.320248	0.00219008	0.00103306	0.745763	0
	0.023	0.00559917	0.00303719	0.838798	0.309917	0.00227273	0.00161157	0.74359	0
	0.024	0.0047314	0.00326446	0.844875	0.297521	0.00210744	0.00157025	0.732759	0
	0.025	0.00518595	0.00280992	0.844444	0.293388	0.0021281	0.00165289	0.732759	0
	0.026	0.00442149	0.00270661	0.843137	0.291322	0.00202479	0.00134298	0.715517	0
	0.027	0.00485537	0.00297521	0.834734	0.285124	0.00216942	0.00117769	0.721739	0
	0.028	0.00481405	0.00278926	0.831933	0.274793	0.00227273	0.00126033	0.721739	0
	0.029	0.00448347	0.00247934	0.831933	0.266529	0.00161157	0.000991736	0.719298	0
	0.03	0.00549587	0.0027686	0.83662	0.258264	0.00227273	0.00109504	0.719298	0
	0.031	0.00502066	0.00266529	0.845714	0.247934	0.00235537	0.00115702	0.710526	0
	0.032	0.00431818	0.00316116	0.851744	0.235537	0.00202479	0.00117769	0.727273	0
	0.033	0.00380165	0.00289256	0.848397	0.221074	0.00204545	0.00103306	0.722222	0
	0.034	0.00421488	0.00262397	0.845029	0.206612	0.00204545	0.00109504	0.722222	0
	0.035	0.00349174	0.00293388	0.841176	0.202479	0.00194215	0.00140496	0.71028	0
	0.036	0.00417355	0.00301653	0.843195	0.194215	0.00163223	0.00121901	0.71028	0
	0.037	0.0038843	0.00272727	0.833828	0.179752	0.00202479	0.00109504	0.716981	0
	0.038	0.00386364	0.00295455	0.83631	0.171488	0.00167355	0.0010124	0.716981	0
	0.039	0.00320248	0.0032438	0.838323	0.163223	0.00150826	0.00132231	0.716981	0
	0.04	0.00297521	0.00295455	0.834337	0.157025	0.00177686	0.0010124	0.714286	0
	0.041	0.00309917	0.00309917	0.833837	0.14876	0.00140496	0.00113636	0.704762	0
	0.042	0.00349174	0.00247934	0.835866	0.146694	0.00161157	0.00115702	0.718447	0
	0.043	0.00305785	0.00303719	0.83792	0.140496	0.00157025	0.000971074	0.72549	0
	0.044	0.00297521	0.00303719	0.84	0.134298	0.00132231	0.00115702	0.73	0
	0.045	0.00332645	0.00254132	0.836923	0.128099	0.00132231	0.0011157	0.737374	0
	0.046	0.00307851	0.00295455	0.84472	0.123967	0.00123967	0.000847107	0.737374	0
	0.047	0.00305785	0.00283058	0.852665	0.123967	0.0011157	0.00119835	0.752577	0
	0.048	0.00299587	0.00237603	0.860759	0.123967	0.000971074	0.000950413	0.768421	0
	0.049	0.0025	0.00260331	0.859873	0.123967	0.00113636	0.00117769	0.776596	0
	0.05	0.00231405	0.0028719	0.870968	0.115702	0.000805785	0.00134298	0.793478	0
	0.051	0.00299587	0.00264463	0.867742	0.115702	0.000971074	0.000909091	0.793478	0
	0.052	0.00268595	0.00243802	0.864516	0.115702	0.000867769	0.000950413	0.793478	0
	0.053	0.0025	0.00330579	0.86129	0.11157	0.000909091	0.00109504	0.782609	0
	0.054	0.00301653	0.00303719	0.860841	0.109504	0.000743802	0.00105372	0.8	0
	0.055	0.00231405	0.00293388	0.85342	0.107438	0.000661157	0.0010124	0.808989	0
	0.056	0.00241736	0.00266529	0.856209	0.10124	0.000805785	0.00134298	0.808989	0
	0.057	0.00241736	0.00260331	0.86755	0.0991736	0.000743802	0.000805785	0.808989	0
	0.058	0.00208678	0.00260331	0.870432	0.0909091	0.000619835	0.00115702	0.797753	0
	0.059	0.00208678	0.00231405	0.876254	0.0867769	0.000764463	0.00088843	0.816092	0
	0.06	0.00235537	0.0027686	0.878788	0.0847107	0.000619835	0.000929752	0.804598	0
	0.061	0.00245868	0.00274793	0.875421	0.0847107	0.000785124	0.000991736	0.804598	0
	0.062	0.00190083	0.00268595	0.861953	0.0826446	0.000702479	0.000950413	0.793103	0
	0.063	0.0017562	0.00278926	0.861953	0.0785124	0.000661157	0.000971074	0.793103	0
	0.064	0.00161157	0.00320248	0.857627	0.0743802	0.000661157	0.00088843	0.802326	0
	0.065	0.00181818	0.00318182	0.854237	0.072314	0.000578512	0.000764463	0.811765	0
	0.066	0.00196281	0.00258264	0.85034	0.072314	0.000557851	0.000826446	0.809524	0
	0.067	0.00196281	0.0025	0.856164	0.072314	0.000764463	0.00088843	0.809524	0
	0.068	0.00202479	0.00247934	0.862069	0.072314	0.000495868	0.000578512	0.807229	0
	0.069	0.00202479	0.00258264	0.868056	0.072314	0.000599174	0.000785124	0.795181	0
	0.07	0.00169421	0.00274793	0.864583	0.0702479	0.000743802	0.000950413	0.814815	0
	0.071	0.00229339	0.00247934	0.857639	0.0702479	0.000619835	0.000991736	0.814815	0
	0.072	0.00200413	0.00239669	0.84965	0.0681818	0.000516529	0.000909091	0.802469	0
	0.073	0.00221074	0.00245868	0.849123	0.0681818	0.000619835	0.00072314	0.802469	0
	0.074	0.00210744	0.00266529	0.858156	0.0661157	0.000495868	0.000826446	0.8125	0
	0.075	0.00167355	0.00270661	0.857651	0.0619835	0.000330579	0.000785124	0.833333	0
	0.076	0.00202479	0.00268595	0.860714	0.0619835	0.000454545	0.000826446	0.833333	0
	0.077	0.00171488	0.00239669	0.866426	0.0599174	0.000495868	0.000764463	0.833333	0
	0.078	0.00216942	0.00231405	0.869565	0.0578512	0.000454545	0.000557851	0.833333	0
	0.079	0.0021281	0.00260331	0.869091	0.0557851	0.000475207	0.000640496	0.833333	0
	0.08	0.00192149	0.00266529	0.869091	0.053719	0.000702479	0.000578512	0.833333	0
	0.081	0.00227273	0.00260331	0.868613	0.053719	0.000495868	0.000661157	0.833333	0
	0.082	0.00171488	0.0022314	0.864964	0.0495868	0.000578512	0.00072314	0.833333	0
	0.083	0.00171488	0.00258264	0.864964	0.0495868	0.000599174	0.000805785	0.833333	0
	0.084	0.00190083	0.00237603	0.860806	0.0495868	0.000619835	0.000867769	0.833333	0
	0.085	0.00188017	0.00278926	0.860294	0.0475207	0.000640496	0.000826446	0.844156	0
	0.086	0.0017562	0.00266529	0.852941	0.0475207	0.000495868	0.000702479	0.844156	0
	0.087	0.00154959	0.00262397	0.855556	0.0454545	0.000475207	0.000867769	0.855263	0
	0.088	0.00204545	0.00241736	0.855556	0.0454545	0.00053719	0.000847107	0.855263	0
	0.089	0.00196281	0.00245868	0.848148	0.0454545	0.000661157	0.000640496	0.855263	0
	0.09	0.00190083	0.00245868	0.847015	0.0454545	0.000454545	0.000599174	0.855263	0
	0.091	0.00177686	0.00233471	0.846442	0.0454545	0.000661157	0.000867769	0.855263	0
	0.092	0.00169421	0.00241736	0.838346	0.0454545	0.000454545	0.000785124	0.84	0
	0.093	0.00196281	0.00225207	0.833962	0.0454545	0.000454545	0.000826446	0.84	0
	0.094	0.0017562	0.00245868	0.833962	0.0454545	0.000495868	0.000475207	0.84	0
	0.095	0.00159091	0.00256198	0.830189	0.0454545	0.000371901	0.000743802	0.826667	0
	0.096	0.00173554	0.00235537	0.830189	0.0454545	0.000392562	0.000619835	0.826667	0
	0.097	0.00188017	0.00247934	0.828897	0.0454545	0.00053719	0.000743802	0.837838	0
	0.098	0.00202479	0.00206612	0.821293	0.0454545	0.000392562	0.000516529	0.837838	0
	0.099	0.00204545	0.00247934	0.824427	0.0454545	0.00035124	0.00072314	0.837838	0
	0.1	0.00192149	0.00229339	0.826923	0.0454545	0.000702479	0.000681818	0.837838	0
	0.101	0.00202479	0.00247934	0.826255	0.0454545	0.000557851	0.000413223	0.849315	0
	0.102	0.00194215	0.00245868	0.832685	0.0454545	0.00035124	0.000681818	0.873239	0
	0.103	0.00159091	0.00301653	0.832685	0.0454545	0.000371901	0.000495868	0.859155	0
	0.104	0.00169421	0.00198347	0.832031	0.0454545	0.000206612	0.000516529	0.859155	0
	0.105	0.00169421	0.00256198	0.831373	0.0454545	0.00035124	0.00072314	0.859155	0
	0.106	0.00210744	0.00227273	0.831373	0.0454545	0.000330579	0.000578512	0.859155	0
	0.107	0.00188017	0.00219008	0.818898	0.0454545	0.000247934	0.00072314	0.84507	0
	0.108	0.00192149	0.00241736	0.818898	0.0433884	0.000268595	0.000702479	0.84507	0
	0.109	0.0018595	0.00233471	0.822134	0.0433884	0.000392562	0.000764463	0.84507	0
	0.11	0.00241736	0.00278926	0.818182	0.0433884	0.000309917	0.000495868	0.84507	0
	0.111	0.0021281	0.00254132	0.814229	0.0433884	0.000330579	0.000785124	0.84507	0
	0.112	0.0021281	0.00221074	0.81746	0.0433884	0.000433884	0.000619835	0.84507	0
	0.113	0.00196281	0.00270661	0.809524	0.0433884	0.00035124	0.000599174	0.842857	0
	0.114	0.00264463	0.00192149	0.812749	0.0433884	0.000475207	0.000578512	0.842857	0
	0.115	0.00194215	0.00247934	0.816	0.0433884	0.000227273	0.00053719	0.855072	0
	0.116	0.00208678	0.00245868	0.818548	0.0433884	0.000433884	0.000702479	0.855072	0
	0.117	0.00188017	0.00243802	0.825203	0.0433884	0.000330579	0.00053719	0.852941	0
	0.118	0.00196281	0.00188017	0.828571	0.0433884	0.000309917	0.000661157	0.852941	0
	0.119	0.00188017	0.00229339	0.831276	0.0433884	0.000268595	0.00053719	0.852941	0
	0.12	0.00208678	0.00227273	0.830579	0.0433884	0.000330579	0.000619835	0.852941	0
	0.121	0.00216942	0.00245868	0.830579	0.0433884	0.000289256	0.000640496	0.865672	0
	0.122	0.00181818	0.00208678	0.830579	0.0433884	0.000557851	0.000578512	0.878788	0
	0.123	0.00190083	0.00237603	0.834025	0.0413223	0.000413223	0.000454545	0.878788	0
	0.124	0.00173554	0.00229339	0.8375	0.0413223	0.00035124	0.00072314	0.878788	0
	0.125	0.0017562	0.0018595	0.8375	0.0413223	0.000268595	0.000619835	0.878788	0
	0.126	0.00181818	0.00214876	0.833333	0.0413223	0.000392562	0.000557851	0.878788	0
	0.127	0.00165289	0.00192149	0.840336	0.0413223	0.000371901	0.000619835	0.878788	0
	0.128	0.0014876	0.0021281	0.836134	0.0413223	0.000516529	0.000619835	0.878788	0
	0.129	0.00152893	0.00219008	0.839662	0.0413223	0.000268595	0.00053719	0.863636	0
	0.13	0.00154959	0.0027686	0.84322	0.0413223	0.000330579	0.00072314	0.863636	0
	0.131	0.00157025	0.00188017	0.854077	0.0413223	0.00035124	0.000640496	0.876923	0
	0.132	0.00206612	0.00229339	0.853448	0.0413223	0.000371901	0.000578512	0.876923	0
	0.133	0.00136364	0.00241736	0.853448	0.0392562	0.000309917	0.000599174	0.876923	0
	0.134	0.00150826	0.00198347	0.852814	0.0392562	0.000268595	0.000495868	0.876923	0
	0.135	0.00142562	0.00225207	0.852814	0.0392562	0.000206612	0.000413223	0.876923	0
	0.136	0.0013843	0.00225207	0.852814	0.0392562	0.000392562	0.000454545	0.876923	0
	0.137	0.0011157	0.00243802	0.848485	0.0392562	0.000330579	0.000495868	0.876923	0
	0.138	0.00142562	0.0021281	0.844156	0.0392562	0.00035124	0.000475207	0.890625	0
	0.139	0.00134298	0.00243802	0.843478	0.0392562	0.000165289	0.00053719	0.890625	0
	0.14	0.000743802	0.00210744	0.842795	0.0392562	0.000123967	0.000599174	0.890625	0
	0.141	0.00123967	0.00183884	0.842795	0.0392562	0.000371901	0.000516529	0.890625	0
	0.142	0.000826446	0.00227273	0.846491	0.0392562	0.000268595	0.000516529	0.890625	0
	0.143	0.000929752	0.00204545	0.853982	0.0392562	0.000144628	0.000661157	0.890625	0
	0.144	0.00117769	0.00227273	0.861607	0.0392562	0.000206612	0.00053719	0.890625	0
	0.145	0.000847107	0.00221074	0.877273	0.0392562	0.000268595	0.000454545	0.919355	0
	0.146	0.000909091	0.00181818	0.872727	0.0392562	0.000206612	0.000578512	0.903226	0
	0.147	0.000785124	0.00196281	0.87156	0.0371901	0.000165289	0.00053719	0.887097	0
	0.148	0.000619835	0.0021281	0.875576	0.0330579	0.00018595	0.000640496	0.887097	0
	0.149	0.000991736	0.00200413	0.875576	0.0330579	0.000247934	0.000371901	0.887097	0
	0.15	0.000743802	0.00221074	0.87907	0.0330579	8.26446e-05	0.000413223	0.887097	0
	0.151	0.000805785	0.00227273	0.87907	0.0309917	0.00018595	0.000433884	0.887097	0
	0.152	0.000743802	0.00196281	0.873832	0.0289256	0.000123967	0.000475207	0.870968	0
	0.153	0.000681818	0.0017562	0.868545	0.0268595	0.000227273	0.000475207	0.854839	0
	0.154	0.00072314	0.00196281	0.868545	0.0268595	0.000123967	0.000495868	0.852459	0
	0.155	0.000805785	0.00173554	0.872642	0.0268595	0.000227273	0.000392562	0.852459	0
	0.156	0.000661157	0.00214876	0.880383	0.0247934	0.000330579	0.000309917	0.852459	0
	0.157	0.000785124	0.00202479	0.888889	0.0247934	0.00018595	0.000557851	0.866667	0
	0.158	0.000619835	0.00204545	0.893204	0.0247934	0.000123967	0.000144628	0.881356	0
	0.159	0.000661157	0.00210744	0.892683	0.0247934	0.000227273	0.000578512	0.881356	0
	0.16	0.000785124	0.00225207	0.882927	0.0247934	0.000123967	0.000661157	0.881356	0
	0.161	0.000805785	0.00219008	0.878049	0.0247934	0.000268595	0.000413223	0.881356	0
	0.162	0.000785124	0.00202479	0.873171	0.0247934	0.000227273	0.000619835	0.862069	0
	0.163	0.000785124	0.00183884	0.877451	0.0247934	0.000227273	0.00053719	0.862069	0
	0.164	0.000991736	0.00192149	0.872549	0.0227273	0.000206612	0.000392562	0.862069	0
	0.165	0.000681818	0.00214876	0.867647	0.0227273	0.000309917	0.00072314	0.862069	0
	0.166	0.00088843	0.00200413	0.852941	0.0206612	0.000247934	0.000433884	0.862069	0
	0.167	0.000971074	0.00188017	0.852941	0.0206612	0.000392562	0.000413223	0.862069	0
	0.168	0.00107438	0.00216942	0.848039	0.0144628	0.000309917	0.000330579	0.862069	0
	0.169	0.000867769	0.0018595	0.852217	0.0144628	0.000413223	0.000268595	0.862069	0
	0.17	0.00105372	0.00188017	0.852217	0.0144628	0.000413223	0.000454545	0.862069	0
	0.171	0.000971074	0.00216942	0.847291	0.0144628	0.000392562	0.000475207	0.862069	0
	0.172	0.0010124	0.00173554	0.851485	0.0144628	0.000454545	0.000619835	0.862069	0
	0.173	0.000909091	0.00181818	0.855721	0.0144628	0.000371901	0.000433884	0.862069	0
	0.174	0.00126033	0.00210744	0.850746	0.0144628	0.000454545	0.000371901	0.844828	0
	0.175	0.00130165	0.00221074	0.845771	0.0144628	0.000371901	0.000309917	0.844828	0
	0.176	0.000805785	0.00202479	0.845771	0.0123967	0.00035124	0.000371901	0.844828	0
	0.177	0.000929752	0.00192149	0.840796	0.0123967	0.000392562	0.000599174	0.844828	0
	0.178	0.00109504	0.0018595	0.840796	0.0123967	0.00035124	0.000289256	0.827586	0
	0.179	0.00126033	0.00177686	0.840796	0.0123967	0.000475207	0.000619835	0.827586	0
	0.18	0.00121901	0.0022314	0.835	0.0123967	0.000413223	0.000413223	0.810345	0
	0.181	0.00109504	0.00206612	0.83	0.0123967	0.000516529	0.000495868	0.810345	0
	0.182	0.00132231	0.00206612	0.83	0.0123967	0.000619835	0.000392562	0.810345	0
	0.183	0.00123967	0.00192149	0.825	0.0103306	0.000268595	0.000475207	0.810345	0
	0.184	0.00136364	0.00181818	0.825	0.0103306	0.000413223	0.00035124	0.810345	0
	0.185	0.00119835	0.00200413	0.825	0.0103306	0.000557851	0.00035124	0.810345	0
	0.186	0.0011157	0.00167355	0.824121	0.0103306	0.000516529	0.000495868	0.810345	0
	0.187	0.00109504	0.00231405	0.819095	0.0103306	0.000330579	0.000454545	0.810345	0
	0.188	0.00128099	0.00204545	0.823232	0.0103306	0.000392562	0.000268595	0.810345	0
	0.189	0.00109504	0.00157025	0.813131	0.0103306	0.000413223	0.00053719	0.810345	0
	0.19	0.0017562	0.00161157	0.813131	0.00826446	0.000599174	0.000454545	0.810345	0
	0.191	0.00165289	0.00154959	0.808081	0.00826446	0.000413223	0.000289256	0.810345	0
	0.192	0.00134298	0.00173554	0.808081	0.00826446	0.000557851	0.000330579	0.810345	0
	0.193	0.00103306	0.00181818	0.808081	0.00619835	0.000371901	0.00053719	0.775862	0
	0.194	0.00130165	0.00177686	0.808081	0.00619835	0.00035124	0.000475207	0.775862	0
	0.195	0.0010124	0.00194215	0.808081	0.00619835	0.000413223	0.000392562	0.775862	0
	0.196	0.0011157	0.00169421	0.808081	0.00619835	0.00035124	0.000495868	0.775862	0
	0.197	0.00115702	0.00179752	0.80203	0.00619835	0.000433884	0.000433884	0.775862	0
	0.198	0.0013843	0.00179752	0.810256	0.00619835	0.000413223	0.000454545	0.789474	0
	0.199	0.00128099	0.00167355	0.809278	0.00619835	0.000247934	0.000392562	0.789474	0
	0.2	0.00109504	0.00159091	0.80829	0.00619835	0.000433884	0.000495868	0.789474	0
	0.201	0.00140496	0.0018595	0.8125	0.00619835	0.000392562	0.000454545	0.818182	0
	0.202	0.00152893	0.00200413	0.8125	0.00619835	0.000495868	0.000475207	0.818182	0
	0.203	0.00146694	0.00142562	0.8125	0.00619835	0.000557851	0.000475207	0.818182	0
	0.204	0.00121901	0.00183884	0.8125	0.00619835	0.000371901	0.000433884	0.818182	0
	0.205	0.0011157	0.00188017	0.807292	0.00619835	0.000268595	0.000599174	0.833333	0
	0.206	0.00103306	0.0018595	0.810526	0.00619835	0.000371901	0.00035124	0.849057	0
	0.207	0.00126033	0.00117769	0.810526	0.00619835	0.000454545	0.000475207	0.849057	0
	0.208	0.00140496	0.00159091	0.809524	0.00619835	0.000371901	0.000433884	0.830189	0
	0.209	0.00109504	0.00167355	0.798942	0.00619835	0.000144628	0.000454545	0.830189	0
	0.21	0.0011157	0.00194215	0.798942	0.00619835	0.000247934	0.000495868	0.830189	0
	0.211	0.00117769	0.00161157	0.793651	0.00619835	0.000227273	0.000227273	0.830189	0
	0.212	0.00123967	0.00150826	0.797872	0.00619835	0.000103306	0.000371901	0.830189	0
	0.213	0.00115702	0.00190083	0.797872	0.00619835	0.000330579	0.000371901	0.811321	0
	0.214	0.00132231	0.00177686	0.787234	0.00619835	0.000330579	0.000413223	0.811321	0
	0.215	0.00113636	0.00194215	0.791444	0.00619835	0.000392562	0.000392562	0.826923	0
	0.216	0.000929752	0.0017562	0.795699	0.00619835	0.000309917	0.00053719	0.826923	0
	0.217	0.00123967	0.00161157	0.784946	0.00619835	0.00035124	0.000309917	0.807692	0
	0.218	0.00107438	0.00163223	0.783784	0.00619835	0.00035124	0.000371901	0.807692	0
	0.219	0.00123967	0.00163223	0.783784	0.00619835	0.000309917	0.000289256	0.807692	0
	0.22	0.000991736	0.00152893	0.788043	0.00619835	0.000247934	0.000413223	0.807692	0
	0.221	0.00128099	0.00142562	0.79235	0.00619835	0.000227273	0.000330579	0.807692	0
	0.222	0.00103306	0.0014876	0.785714	0.00619835	0.000227273	0.000330579	0.807692	0
	0.223	0.000805785	0.00163223	0.794444	0.00619835	0.000227273	0.000289256	0.807692	0
	0.224	0.000929752	0.00163223	0.794444	0	0.000103306	0.000268595	0.807692	0
	0.225	0.00088843	0.00157025	0.798883	0	0.000413223	0.000371901	0.807692	0
	0.226	0.00115702	0.00159091	0.798883	0	0.000371901	0.00035124	0.807692	0
	0.227	0.00109504	0.00157025	0.798883	0	0.000289256	0.000454545	0.807692	0
	0.228	0.00109504	0.00128099	0.797753	0	0.000123967	0.000289256	0.807692	0
	0.229	0.00109504	0.00181818	0.792135	0	0.000165289	0.000392562	0.823529	0
	0.23	0.00105372	0.00196281	0.79661	0	0.000268595	0.000661157	0.823529	0
	0.231	0.00117769	0.00144628	0.79661	0	0.00018595	0.000330579	0.823529	0
	0.232	0.00103306	0.00140496	0.801136	0	0.000227273	0.000413223	0.84	0
	0.233	0.00115702	0.00171488	0.805714	0	0.00018595	0.000330579	0.836735	0
	0.234	0.000991736	0.00115702	0.8	0	0.000206612	0.000413223	0.836735	0
	0.235	0.00119835	0.00154959	0.8	0	0.000227273	0.000227273	0.836735	0
	0.236	0.00115702	0.00142562	0.803468	0	0.000227273	0.000247934	0.836735	0
	0.237	0.00142562	0.00130165	0.802326	0	0.000309917	0.000454545	0.816327	0
	0.238	0.00140496	0.00119835	0.80117	0	0.000268595	0.000330579	0.816327	0
	0.239	0.00103306	0.00134298	0.795322	0	0.000247934	0.000413223	0.816327	0
	0.24	0.00121901	0.00204545	0.8	0	0.000289256	0.00035124	0.833333	0
	0.241	0.0011157	0.00157025	0.8	0	0.000309917	0.00035124	0.833333	0
	0.242	0.00119835	0.00130165	0.804734	0	0.000227273	0.000330579	0.833333	0
	0.243	0.00109504	0.00154959	0.797619	0	0.000309917	0.000309917	0.8125	0
	0.244	0.0011157	0.00146694	0.797619	0	0.000268595	0.000413223	0.829787	0
	0.245	0.00121901	0.00161157	0.797619	0	0.000165289	0.000309917	0.829787	0
	0.246	0.00113636	0.0014876	0.797619	0	0.000227273	0.000289256	0.829787	0
	0.247	0.000867769	0.00144628	0.807229	0	0.000268595	0.000268595	0.829787	0
	0.248	0.000929752	0.0014876	0.795181	0	0.000330579	0.000123967	0.829787	0
	0.249	0.0010124	0.00126033	0.789157	0	0.000206612	0.000330579	0.808511	0
	0.25	0.00105372	0.00152893	0.793939	0	0.000268595	0.000433884	0.808511	0
	0.251	0.00121901	0.00132231	0.793939	0	0.00018595	0.000206612	0.808511	0
	0.252	0.00115702	0.00150826	0.793939	0	0.000206612	0.000247934	0.826087	0
	0.253	0.000929752	0.00128099	0.797546	0	0.000289256	0.000289256	0.826087	0
	0.254	0.0011157	0.00130165	0.802469	0	0.000247934	0.000268595	0.826087	0
	0.255	0.00126033	0.00140496	0.802469	0	0.000330579	0.000289256	0.804348	0
	0.256	0.000909091	0.0013843	0.796296	0	0.000247934	0.000289256	0.804348	0
	0.257	0.0011157	0.00140496	0.796296	0	0.000371901	0.000433884	0.804348	0
	0.258	0.000702479	0.00161157	0.796296	0	0.000268595	0.000371901	0.804348	0
	0.259	0.000909091	0.00163223	0.796296	0	0.000289256	0.00035124	0.822222	0
	0.26	0.0010124	0.00140496	0.796296	0	0.000330579	0.000289256	0.822222	0
	0.261	0.000971074	0.00142562	0.783951	0	0.000206612	0.000454545	0.822222	0
	0.262	0.000764463	0.00113636	0.783951	0	0.000247934	0.000268595	0.822222	0
	0.263	0.0010124	0.00152893	0.792453	0	0.000289256	0.000309917	0.840909	0
	0.264	0.00105372	0.0014876	0.792453	0	0.000144628	0.000289256	0.840909	0
	0.265	0.000805785	0.00136364	0.807692	0	0.00018595	0.000247934	0.840909	0
	0.266	0.0011157	0.00150826	0.807692	0	0.000247934	0.000289256	0.840909	0
	0.267	0.000743802	0.00134298	0.807692	0	0.000268595	0.00018595	0.840909	0
	0.268	0.00107438	0.00140496	0.801282	0	0.000227273	0.000392562	0.818182	0
	0.269	0.000867769	0.00128099	0.806452	0	0.000289256	0.000392562	0.818182	0
	0.27	0.000619835	0.00126033	0.811688	0	0.000103306	0.000371901	0.818182	0
	0.271	0.000805785	0.000847107	0.811688	0	0.000144628	0.000392562	0.818182	0
	0.272	0.0010124	0.00132231	0.805195	0	0.000268595	0.000330579	0.818182	0
	0.273	0.00117769	0.00128099	0.810458	0	0.000289256	0.000309917	0.772727	0
	0.274	0.000764463	0.0011157	0.801325	0	0.000165289	0.00018595	0.772727	0
	0.275	0.00117769	0.00107438	0.801325	0	0.00035124	0.000206612	0.772727	0
	0.276	0.000950413	0.00126033	0.801325	0	0.000206612	0.000206612	0.772727	0
	0.277	0.00072314	0.00132231	0.788079	0	0.000144628	0.000227273	0.772727	0
	0.278	0.000847107	0.00126033	0.793333	0	0.000289256	0.000330579	0.772727	0
	0.279	0.000909091	0.00130165	0.786667	0	0.000289256	0.000268595	0.772727	0
	0.28	0.000785124	0.000991736	0.78	0	0.000268595	0.000289256	0.790698	0
	0.281	0.000785124	0.00109504	0.778523	0	0.000206612	0.000413223	0.809524	0
	0.282	0.000971074	0.00107438	0.777027	0	0.000268595	0.000123967	0.809524	0
	0.283	0.000805785	0.00107438	0.782313	0	0.000289256	0.000268595	0.809524	0
	0.284	0.000847107	0.00144628	0.787671	0	0.000206612	0.000433884	0.809524	0
	0.285	0.000805785	0.00103306	0.793103	0	0.000268595	0.000289256	0.809524	0
	0.286	0.000971074	0.00121901	0.786207	0	0.00035124	0.000227273	0.809524	0
	0.287	0.000929752	0.00107438	0.786207	0	0.000309917	0.00035124	0.809524	0
	0.288	0.000743802	0.00103306	0.772414	0	0.00018595	0.000206612	0.809524	0
	0.289	0.000764463	0.00123967	0.765517	0	0.000206612	0.000371901	0.809524	0
	0.29	0.000929752	0.00132231	0.765517	0	0.000309917	0.000330579	0.809524	0
	0.291	0.000867769	0.0014876	0.756944	0	0.000433884	0.00018595	0.809524	0
	0.292	0.000826446	0.000991736	0.762238	0	0.000227273	0.000165289	0.809524	0
	0.293	0.000867769	0.0010124	0.767606	0	0.00018595	0.000247934	0.809524	0
	0.294	0.000929752	0.0011157	0.767606	0	0.000371901	0.000165289	0.809524	0
	0.295	0.00109504	0.00113636	0.760563	0	0.000144628	0.000165289	0.809524	0
	0.296	0.00103306	0.00105372	0.760563	0	0.000330579	0.000144628	0.829268	0
	0.297	0.000867769	0.00117769	0.758865	0	0.000165289	0.000165289	0.829268	0
	0.298	0.000950413	0.00109504	0.751773	0	0.00035124	0.000165289	0.829268	0
	0.299	0.00103306	0.00123967	0.744681	0	0.000371901	0.000371901	0.829268	0
	0.3	0.000764463	0.00105372	0.735714	0	0.00018595	0.000247934	0.804878	0
	0.301	0.000847107	0.00132231	0.735714	0	0.000206612	0.000289256	0.804878	0
	0.302	0.00113636	0.00132231	0.735714	0	0.000247934	0.000289256	0.804878	0
	0.303	0.00072314	0.00154959	0.746377	0	0.000144628	0.000227273	0.804878	0
	0.304	0.000764463	0.0010124	0.746377	0	0.000165289	0.000268595	0.804878	0
	0.305	0.000805785	0.00103306	0.751825	0	0.000206612	0.000227273	0.804878	0
	0.306	0.00123967	0.00105372	0.751825	0	0.000330579	0.000247934	0.804878	0
	0.307	0.0010124	0.00107438	0.75	0	0.000289256	0.00035124	0.804878	0
	0.308	0.000847107	0.00126033	0.75	0	0.000227273	0.000289256	0.804878	0
	0.309	0.000785124	0.00117769	0.75	0	0.000165289	0.000309917	0.804878	0
	0.31	0.000557851	0.00109504	0.75	0	0.000206612	0.000206612	0.804878	0
	0.311	0.00119835	0.000867769	0.75	0	0.000330579	0.000371901	0.804878	0
	0.312	0.00105372	0.00134298	0.75	0	0.000330579	0.000289256	0.804878	0
	0.313	0.000847107	0.00103306	0.75	0	0.000165289	0.000227273	0.804878	0
	0.314	0.000909091	0.00146694	0.75	0	0.000227273	0.000247934	0.825	0
	0.315	0.0010124	0.00103306	0.742647	0	0.000206612	0.000227273	0.8	0
	0.316	0.000909091	0.00136364	0.753731	0	0.000123967	0.000206612	0.820513	0
	0.317	0.00130165	0.00109504	0.753731	0	0.000103306	0.000165289	0.820513	0
	0.318	0.00132231	0.00113636	0.759398	0	0.000371901	0.000144628	0.820513	0
	0.319	0.00109504	0.00115702	0.759398	0	0.000144628	0.000227273	0.842105	0
	0.32	0.00109504	0.000847107	0.765152	0	6.19835e-05	0.000227273	0.842105	0
	0.321	0.0011157	0.00107438	0.770992	0	0.000123967	0.000309917	0.842105	0
	0.322	0.000867769	0.00115702	0.770992	0	0.000103306	0.000247934	0.842105	0
	0.323	0.00105372	0.000991736	0.776923	0	0.000247934	0.000247934	0.842105	0
	0.324	0.000909091	0.000929752	0.776923	0	6.19835e-05	0.000165289	0.842105	0
	0.325	0.00117769	0.0010124	0.769231	0	0.000103306	0.000144628	0.842105	0
	0.326	0.000971074	0.00105372	0.769231	0	0.000165289	0.000247934	0.842105	0
	0.327	0.00105372	0.0010124	0.75969	0	0.00018595	0.00018595	0.815789	0
	0.328	0.00132231	0.000909091	0.765625	0	0.000123967	0.00018595	0.815789	0
	0.329	0.000785124	0.00113636	0.757812	0	0.000123967	0.000206612	0.815789	0
	0.33	0.00103306	0.00128099	0.755906	0	0.000123967	0.000144628	0.815789	0
	0.331	0.000991736	0.00105372	0.755906	0	0.000165289	0.000165289	0.815789	0
	0.332	0.000785124	0.00113636	0.761905	0	0.000123967	0.000165289	0.837838	0
	0.333	0.000909091	0.000909091	0.761905	0	0.000227273	0.000206612	0.837838	0
	0.334	0.000971074	0.00113636	0.761905	0	6.19835e-05	0.000227273	0.837838	0
	0.335	0.00105372	0.0010124	0.753968	0	8.26446e-05	0.000247934	0.837838	0
	0.336	0.00103306	0.000950413	0.753968	0	8.26446e-05	0.000227273	0.837838	0
	0.337	0.000743802	0.000867769	0.76	0	0.000103306	0.000227273	0.837838	0
	0.338	0.000847107	0.000991736	0.76	0	0.000103306	0.000165289	0.837838	0
	0.339	0.0010124	0.00121901	0.744	0	0.000123967	0.000165289	0.837838	0
	0.34	0.00088843	0.000805785	0.741935	0	6.19835e-05	0.000103306	0.861111	0
	0.341	0.000867769	0.000764463	0.747967	0	0.000123967	0.000123967	0.861111	0
	0.342	0.000743802	0.000929752	0.747967	0	6.19835e-05	0.000123967	0.861111	0
	0.343	0.00088843	0.000847107	0.747967	0	0.00018595	0.000165289	0.861111	0
	0.344	0.00103306	0.000929752	0.747967	0	8.26446e-05	6.19835e-05	0.885714	0
	0.345	0.000743802	0.00113636	0.754098	0	2.06612e-05	0.00018595	0.885714	0
	0.346	0.000681818	0.00109504	0.752066	0	0.000103306	0.000206612	0.885714	0
	0.347	0.000661157	0.000929752	0.752066	0	0.000144628	0.000165289	0.885714	0
	0.348	0.00088843	0.000847107	0.743802	0	6.19835e-05	0.000123967	0.885714	0
	0.349	0.000681818	0.000867769	0.743802	0	0.000103306	0.000268595	0.885714	0
	0.35	0.000826446	0.00109504	0.743802	0	0.000123967	0.000227273	0.885714	0
	0.351	0.000743802	0.000805785	0.743802	0	0.000123967	0.00018595	0.885714	0
	0.352	0.00107438	0.000826446	0.741667	0	8.26446e-05	0.000165289	0.885714	0
	0.353	0.000743802	0.00109504	0.754237	0	4.13223e-05	0.000103306	0.885714	0
	0.354	0.000764463	0.000578512	0.754237	0	0.000103306	0.000289256	0.885714	0
	0.355	0.000764463	0.000743802	0.737288	0	6.19835e-05	8.26446e-05	0.885714	0
	0.356	0.00072314	0.000847107	0.74359	0	0.000123967	0.00018595	0.885714	0
	0.357	0.000661157	0.00107438	0.75	0	0.000165289	0.000227273	0.885714	0
	0.358	0.000805785	0.000991736	0.756522	0	0.000103306	0.000165289	0.885714	0
	0.359	0.00088843	0.000578512	0.756522	0	0.000123967	0.000227273	0.885714	0
	0.36	0.000681818	0.00072314	0.754386	0	8.26446e-05	0.000247934	0.911765	0
	0.361	0.000909091	0.000743802	0.754386	0	6.19835e-05	0.000144628	0.911765	0
	0.362	0.000785124	0.000909091	0.754386	0	0.000123967	0.000165289	0.911765	0
	0.363	0.000785124	0.0010124	0.745614	0	0.000206612	0.00018595	0.911765	0
	0.364	0.000557851	0.000764463	0.752212	0	0.000103306	0.00018595	0.911765	0
	0.365	0.000661157	0.000764463	0.743363	0	4.13223e-05	8.26446e-05	0.911765	0
	0.366	0.00053719	0.000950413	0.743363	0	8.26446e-05	8.26446e-05	0.911765	0
	0.367	0.000909091	0.000681818	0.756757	0	0.000165289	0.00018595	0.911765	0
	0.368	0.000785124	0.00088843	0.754545	0	0.000103306	0.000165289	0.911765	0
	0.369	0.000785124	0.000909091	0.754545	0	0.000103306	0.00018595	0.911765	0
	0.37	0.00088843	0.0011157	0.761468	0	0.00018595	0.000165289	0.911765	0
	0.371	0.000785124	0.000950413	0.761468	0	6.19835e-05	0.00018595	0.911765	0
	0.372	0.000764463	0.000805785	0.761468	0	0.000103306	0.000144628	0.911765	0
	0.373	0.000702479	0.000785124	0.752294	0	6.19835e-05	0.000289256	0.911765	0
	0.374	0.000743802	0.000743802	0.752294	0	0.000144628	0.000289256	0.911765	0
	0.375	0.000702479	0.000785124	0.752294	0	0.000103306	0.000144628	0.911765	0
	0.376	0.000929752	0.000599174	0.752294	0	0.000165289	6.19835e-05	0.939394	0
	0.377	0.000785124	0.00072314	0.766355	0	8.26446e-05	0.000144628	0.939394	0
	0.378	0.000557851	0.00105372	0.757009	0	4.13223e-05	0.000144628	0.939394	0
	0.379	0.000764463	0.00088843	0.747664	0	0	0.000165289	0.939394	0
	0.38	0.000661157	0.00088843	0.728972	0	6.19835e-05	0.000206612	0.939394	0
	0.381	0.000702479	0.000826446	0.728972	0	2.06612e-05	0.000103306	0.939394	0
	0.382	0.000661157	0.000909091	0.728972	0	8.26446e-05	0.000268595	0.939394	0
	0.383	0.000640496	0.000785124	0.719626	0	8.26446e-05	0.000227273	0.939394	0
	0.384	0.000599174	0.000743802	0.719626	0	0.000103306	0.000144628	0.939394	0
	0.385	0.000681818	0.00103306	0.719626	0	6.19835e-05	0.00018595	0.939394	0
	0.386	0.000785124	0.000702479	0.726415	0	8.26446e-05	0.000123967	0.939394	0
	0.387	0.000640496	0.000702479	0.726415	0	2.06612e-05	0.000206612	0.939394	0
	0.388	0.000619835	0.000619835	0.740385	0	4.13223e-05	0.000165289	0.939394	0
	0.389	0.000619835	0.000805785	0.740385	0	2.06612e-05	0.000123967	0.939394	0
	0.39	0.000764463	0.000847107	0.747573	0	4.13223e-05	0.000123967	0.939394	0
	0.391	0.000681818	0.000847107	0.747573	0	0	0.000227273	0.939394	0
	0.392	0.000475207	0.000909091	0.747573	0	4.13223e-05	0.000165289	0.939394	0
	0.393	0.000413223	0.000826446	0.754902	0	0	0.000123967	0.939394	0
	0.394	0.00053719	0.000805785	0.762376	0	0	8.26446e-05	0.939394	0
	0.395	0.000557851	0.000971074	0.77	0	0	0.00018595	0.939394	0
	0.396	0.000640496	0.000867769	0.77	0	0	0.000206612	0.939394	0
	0.397	0.000743802	0.000764463	0.777778	0	2.06612e-05	0.000103306	0.939394	0
	0.398	0.000847107	0.000929752	0.777778	0	4.13223e-05	0.000206612	0.939394	0
	0.399	0.000578512	0.00053719	0.767677	0	2.06612e-05	0.00018595	0.939394	0
	0.4	0.00053719	0.000971074	0.77551	0	2.06612e-05	0.000206612	0.939394	0
	0.401	0.000764463	0.000702479	0.77551	0	2.06612e-05	0.00018595	0.939394	0
	0.402	0.000702479	0.000516529	0.773196	0	0	0.000123967	0.96875	0
	0.403	0.000475207	0.00088843	0.78125	0	0	0.000144628	0.96875	0
	0.404	0.000475207	0.000991736	0.78125	0	0	0.000123967	0.96875	0
	0.405	0.000661157	0.000702479	0.78125	0	0	0.000103306	0.96875	0
	0.406	0.000702479	0.000805785	0.770833	0	2.06612e-05	8.26446e-05	0.96875	0
	0.407	0.000640496	0.000785124	0.778947	0	4.13223e-05	0.00018595	0.96875	0
	0.408	0.000640496	0.000826446	0.795699	0	0	0.000165289	0.967742	0
	0.409	0.000454545	0.000640496	0.804348	0	0	0.000144628	0.967742	0
	0.41	0.000619835	0.000847107	0.804348	0	0	0.00018595	0.967742	0
	0.411	0.000619835	0.00072314	0.804348	0	0	0.000206612	0.967742	0
	0.412	0.000371901	0.000847107	0.804348	0	0	0.000144628	0.967742	0
	0.413	0.000227273	0.000909091	0.793478	0	0	0.000165289	0.967742	0
	0.414	0.000433884	0.000516529	0.793478	0	0	0.000123967	0.967742	0
	0.415	0.000495868	0.000785124	0.793478	0	0	0.000165289	0.967742	0
	0.416	0.00072314	0.000661157	0.793478	0	0	0.000227273	0.967742	0
	0.417	0.000599174	0.000764463	0.793478	0	0	0.000103306	0.967742	0
	0.418	0.000495868	0.000743802	0.802198	0	0	8.26446e-05	0.967742	0
	0.419	0.00035124	0.000681818	0.802198	0	0	0.00018595	0.967742	0
	0.42	0.000516529	0.00103306	0.811111	0	0	0.000165289	0.967742	0
	0.421	0.00053719	0.000661157	0.820225	0	0	0.00018595	0.967742	0
	0.422	0.000495868	0.000991736	0.820225	0	2.06612e-05	0.000227273	0.967742	0
	0.423	0.000247934	0.000516529	0.820225	0	0	0.000103306	0.967742	0
	0.424	0.000495868	0.00053719	0.820225	0	2.06612e-05	0.000123967	0.967742	0
	0.425	0.000433884	0.000826446	0.797753	0	0	0.000144628	0.935484	0
	0.426	0.000413223	0.000640496	0.797753	0	0	0.000144628	0.935484	0
	0.427	0.000371901	0.000454545	0.797753	0	0	0.000123967	0.935484	0
	0.428	0.000371901	0.00072314	0.806818	0	2.06612e-05	0.000247934	0.935484	0
	0.429	0.000330579	0.00053719	0.806818	0	0	0.000144628	0.935484	0
	0.43	0.000330579	0.000640496	0.806818	0	4.13223e-05	4.13223e-05	0.935484	0
	0.431	0.000433884	0.000764463	0.806818	0	2.06612e-05	0.000144628	0.935484	0
	0.432	0.000392562	0.000929752	0.806818	0	0	0.000123967	0.935484	0
	0.433	0.000413223	0.000702479	0.806818	0	0	0.000227273	0.935484	0
	0.434	0.000557851	0.000661157	0.806818	0	0	8.26446e-05	0.935484	0
	0.435	0.000330579	0.000578512	0.806818	0	4.13223e-05	0.000144628	0.935484	0
	0.436	0.000475207	0.000847107	0.806818	0	0	0.000123967	0.935484	0
	0.437	0.000433884	0.00072314	0.806818	0	2.06612e-05	0.00018595	0.935484	0
	0.438	0.000371901	0.000805785	0.806818	0	2.06612e-05	0.000206612	0.935484	0
	0.439	0.000413223	0.000702479	0.806818	0	2.06612e-05	0.000144628	0.935484	0
	0.44	0.000475207	0.000702479	0.816092	0	4.13223e-05	0.000227273	0.935484	0
	0.441	0.000330579	0.00072314	0.804598	0	6.19835e-05	0.000103306	0.935484	0
	0.442	0.00035124	0.000599174	0.813953	0	2.06612e-05	0.000144628	0.935484	0
	0.443	0.00018595	0.000557851	0.833333	0	6.19835e-05	0.000123967	0.935484	0
	0.444	0.000289256	0.000599174	0.821429	0	6.19835e-05	6.19835e-05	0.935484	0
	0.445	0.000206612	0.000475207	0.821429	0	0	0.000144628	0.935484	0
	0.446	0.000371901	0.000661157	0.821429	0	4.13223e-05	0.00018595	0.935484	0
	0.447	0.000516529	0.000661157	0.821429	0	4.13223e-05	0.000144628	0.935484	0
	0.448	0.000413223	0.000619835	0.831325	0	0.000103306	0.000206612	0.935484	0
	0.449	0.000330579	0.000619835	0.819277	0	6.19835e-05	0.000289256	0.903226	0
	0.45	0.000309917	0.00072314	0.829268	0	6.19835e-05	0.000103306	0.903226	0
	0.451	0.000289256	0.00072314	0.829268	0	6.19835e-05	0.000103306	0.903226	0
	0.452	0.000165289	0.000661157	0.829268	0	0.000103306	0.000103306	0.903226	0
	0.453	0.000330579	0.000681818	0.839506	0	6.19835e-05	0.000103306	0.903226	0
	0.454	0.000289256	0.000640496	0.82716	0	6.19835e-05	0.000144628	0.903226	0
	0.455	0.000227273	0.000557851	0.82716	0	8.26446e-05	0.000165289	0.903226	0
	0.456	0.000227273	0.000495868	0.802469	0	8.26446e-05	2.06612e-05	0.903226	0
	0.457	0.000227273	0.000805785	0.8125	0	6.19835e-05	0.000103306	0.903226	0
	0.458	0.000330579	0.000661157	0.8	0	0.000103306	6.19835e-05	0.870968	0
	0.459	0.000268595	0.000599174	0.8	0	8.26446e-05	0.000144628	0.870968	0
	0.46	0.000247934	0.00072314	0.8	0	8.26446e-05	0.000247934	0.870968	0
	0.461	0.000309917	0.000661157	0.8	0	0.000144628	0.000103306	0.870968	0
	0.462	0.000289256	0.000578512	0.8	0	8.26446e-05	4.13223e-05	0.870968	0
	0.463	0.000454545	0.000805785	0.8	0	0.000103306	8.26446e-05	0.870968	0
	0.464	0.000330579	0.000702479	0.8	0	0.000144628	0.000103306	0.870968	0
	0.465	0.000247934	0.000640496	0.8	0	0.000144628	0.00018595	0.870968	0
	0.466	0.000289256	0.000495868	0.8	0	0.00018595	6.19835e-05	0.870968	0
	0.467	0.000309917	0.000516529	0.820513	0	0.000144628	0.000144628	0.870968	0
	0.468	0.000392562	0.000557851	0.820513	0	0.000206612	0.000144628	0.870968	0
	0.469	0.000227273	0.00072314	0.831169	0	0.000103306	0.000144628	0.870968	0
	0.47	0.000247934	0.000681818	0.831169	0	0.000165289	4.13223e-05	0.870968	0
	0.471	0.000227273	0.000516529	0.831169	0	0.000103306	0.000144628	0.870968	0
	0.472	0.000475207	0.000619835	0.842105	0	0.000165289	0.000165289	0.870968	0
	0.473	0.000247934	0.000475207	0.842105	0	8.26446e-05	8.26446e-05	0.870968	0
	0.474	0.000413223	0.000743802	0.842105	0	0.00018595	8.26446e-05	0.870968	0
	0.475	0.00035124	0.000557851	0.842105	0	0.00018595	0.00018595	0.870968	0
	0.476	0.000309917	0.000619835	0.828947	0	0.000144628	8.26446e-05	0.870968	0
	0.477	0.000495868	0.000599174	0.828947	0	0.000247934	4.13223e-05	0.870968	0
	0.478	0.000495868	0.000681818	0.828947	0	0.000165289	6.19835e-05	0.870968	0
	0.479	0.00035124	0.000433884	0.828947	0	0.000103306	0.000227273	0.870968	0
	0.48	0.000413223	0.000640496	0.828947	0	0.000144628	0.000144628	0.870968	0
	0.481	0.000454545	0.000640496	0.828947	0	0.00018595	8.26446e-05	0.870968	0
	0.482	0.000371901	0.000433884	0.828947	0	0.000123967	0.000165289	0.870968	0
	0.483	0.000268595	0.000557851	0.828947	0	0.000123967	0.000206612	0.870968	0
	0.484	0.000371901	0.000578512	0.828947	0	0.000103306	2.06612e-05	0.870968	0
	0.485	0.000309917	0.00072314	0.84	0	0.000123967	0.00018595	0.870968	0
	0.486	0.00035124	0.000681818	0.84	0	0.000165289	0.000144628	0.870968	0
	0.487	0.000578512	0.000330579	0.84	0	0.000268595	0.000123967	0.870968	0
	0.488	0.000516529	0.000578512	0.84	0	0.000165289	0.000247934	0.870968	0
	0.489	0.000475207	0.000516529	0.84	0	0.000165289	0.000123967	0.870968	0
	0.49	0.000371901	0.000640496	0.826667	0	0.000123967	0.000144628	0.870968	0
	0.491	0.000599174	0.00053719	0.826667	0	0.000123967	0.000103306	0.870968	0
	0.492	0.000475207	0.00053719	0.826667	0	0.000103306	0.000165289	0.870968	0
	0.493	0.00053719	0.000495868	0.826667	0	0.000144628	6.19835e-05	0.870968	0
	0.494	0.000433884	0.00053719	0.837838	0	0.000144628	0.000144628	0.870968	0
	0.495	0.000454545	0.000454545	0.837838	0	0.000123967	0.000123967	0.870968	0
	0.496	0.000371901	0.00072314	0.837838	0	0.000103306	0.000165289	0.870968	0
	0.497	0.000371901	0.000330579	0.824324	0	0.000144628	0.000103306	0.870968	0
	0.498	0.000475207	0.00053719	0.824324	0	0.000123967	0.000123967	0.870968	0
	0.499	0.000413223	0.000661157	0.810811	0	0.000123967	0.00018595	0.870968	0
	0.5	0.000371901	0.000619835	0.810811	0	2.06612e-05	0.000227273	0.870968	0
	0.501	0.000371901	0.000619835	0.821918	0	6.19835e-05	0.000123967	0.870968	0
	0.502	0.000165289	0.000557851	0.821918	0	8.26446e-05	0.000123967	0.870968	0
	0.503	0.000227273	0.00072314	0.821918	0	2.06612e-05	0.000165289	0.870968	0
	0.504	0.000371901	0.000661157	0.821918	0	4.13223e-05	0.000144628	0.870968	0
	0.505	0.000454545	0.000516529	0.821918	0	2.06612e-05	8.26446e-05	0.870968	0
	0.506	0.000144628	0.000475207	0.821918	0	6.19835e-05	0.000144628	0.870968	0
	0.507	0.000268595	0.000578512	0.821918	0	8.26446e-05	0.000123967	0.870968	0
	0.508	0.000289256	0.000640496	0.808219	0	8.26446e-05	6.19835e-05	0.870968	0
	0.509	0.000330579	0.000619835	0.808219	0	0.000103306	0.000123967	0.870968	0
	0.51	0.000330579	0.000681818	0.808219	0	4.13223e-05	0.00018595	0.870968	0
	0.511	0.000144628	0.000640496	0.808219	0	4.13223e-05	8.26446e-05	0.870968	0
	0.512	0.000247934	0.000599174	0.808219	0	2.06612e-05	0.000123967	0.9	0
	0.513	0.000227273	0.000702479	0.808219	0	0	0.000123967	0.9	0
	0.514	0.000165289	0.000475207	0.808219	0	4.13223e-05	0.000206612	0.9	0
	0.515	0.000268595	0.000619835	0.808219	0	2.06612e-05	0.000165289	0.9	0
	0.516	0.000330579	0.000413223	0.819444	0	8.26446e-05	8.26446e-05	0.9	0
	0.517	0.000371901	0.000495868	0.802817	0	2.06612e-05	0.000103306	0.896552	0
	0.518	0.000309917	0.000681818	0.788732	0	8.26446e-05	0.000123967	0.896552	0
	0.519	0.000247934	0.000371901	0.774648	0	6.19835e-05	0.000103306	0.896552	0
	0.52	0.000268595	0.000413223	0.774648	0	2.06612e-05	0.000123967	0.896552	0
	0.521	0.000268595	0.000619835	0.771429	0	0	0.000206612	0.896552	0
	0.522	0.000309917	0.000516529	0.768116	0	6.19835e-05	0.000165289	0.896552	0
	0.523	0.000289256	0.000640496	0.768116	0	0.000103306	8.26446e-05	0.896552	0
	0.524	0.000227273	0.000805785	0.768116	0	6.19835e-05	0.000144628	0.896552	0
	0.525	0.000289256	0.000516529	0.768116	0	4.13223e-05	0.000289256	0.896552	0
	0.526	0.000289256	0.000516529	0.779412	0	0	0.000227273	0.928571	0
	0.527	0.000371901	0.00072314	0.779412	0	8.26446e-05	0.000123967	0.928571	0
	0.528	0.00035124	0.000599174	0.779412	0	4.13223e-05	0.000123967	0.928571	0
	0.529	0.000289256	0.000289256	0.779412	0	6.19835e-05	0.000165289	0.928571	0
	0.53	0.000268595	0.00053719	0.779412	0	2.06612e-05	0.000144628	0.928571	0
	0.531	0.000289256	0.000475207	0.779412	0	2.06612e-05	0.000123967	0.928571	0
	0.532	0.00035124	0.000454545	0.779412	0	4.13223e-05	0.000165289	0.928571	0
	0.533	0.000371901	0.000433884	0.779412	0	6.19835e-05	0.000268595	0.928571	0
	0.534	0.000433884	0.000578512	0.764706	0	4.13223e-05	0.000144628	0.928571	0
	0.535	0.000206612	0.000599174	0.776119	0	2.06612e-05	8.26446e-05	0.928571	0
	0.536	0.000475207	0.000557851	0.787879	0	4.13223e-05	0.000123967	0.928571	0
	0.537	0.000413223	0.000413223	0.787879	0	4.13223e-05	0.000103306	0.928571	0
	0.538	0.000268595	0.000599174	0.8	0	4.13223e-05	0.000123967	0.962963	0
	0.539	0.000413223	0.000681818	0.8	0	8.26446e-05	0.000144628	0.962963	0
	0.54	0.000371901	0.000640496	0.784615	0	0.000123967	0.000144628	0.888889	0
	0.541	0.000268595	0.000371901	0.784615	0	2.06612e-05	0.00018595	0.888889	0
	0.542	0.000371901	0.000640496	0.769231	0	4.13223e-05	0.000103306	0.888889	0
	0.543	0.000454545	0.000599174	0.769231	0	2.06612e-05	0.00018595	0.888889	0
	0.544	0.000475207	0.00035124	0.769231	0	4.13223e-05	0.000144628	0.888889	0
	0.545	0.00035124	0.000392562	0.78125	0	4.13223e-05	4.13223e-05	0.888889	0
	0.546	0.000330579	0.000413223	0.793651	0	0.000103306	0.000103306	0.888889	0
	0.547	0.000371901	0.000392562	0.793651	0	6.19835e-05	0.000165289	0.888889	0
	0.548	0.000289256	0.000433884	0.777778	0	2.06612e-05	0.000206612	0.888889	0
	0.549	0.000413223	0.000289256	0.777778	0	0.000123967	8.26446e-05	0.888889	0
	0.55	0.000413223	0.000371901	0.777778	0	4.13223e-05	0.000206612	0.888889	0
	0.551	0.00053719	0.000516529	0.777778	0	6.19835e-05	0.000123967	0.888889	0
	0.552	0.000516529	0.000557851	0.777778	0	0.000123967	0.000206612	0.888889	0
	0.553	0.000413223	0.000433884	0.777778	0	6.19835e-05	0.000103306	0.888889	0
	0.554	0.000433884	0.000227273	0.777778	0	0.000103306	8.26446e-05	0.888889	0
	0.555	0.000495868	0.000743802	0.761905	0	0.000103306	2.06612e-05	0.888889	0
	0.556	0.000516529	0.000413223	0.761905	0	4.13223e-05	0.00018595	0.888889	0
	0.557	0.000599174	0.000433884	0.761905	0	0.000123967	0.000268595	0.888889	0
	0.558	0.000289256	0.000433884	0.761905	0	8.26446e-05	0.000227273	0.888889	0
	0.559	0.000392562	0.000475207	0.761905	0	2.06612e-05	0.00018595	0.888889	0
	0.56	0.000516529	0.000516529	0.761905	0	0.000103306	8.26446e-05	0.888889	0
	0.561	0.000599174	0.000495868	0.761905	0	8.26446e-05	0.000123967	0.888889	0
	0.562	0.000413223	0.000640496	0.761905	0	6.19835e-05	0.000289256	0.888889	0
	0.563	0.000433884	0.000516529	0.761905	0	8.26446e-05	0.00018595	0.888889	0
	0.564	0.000475207	0.000433884	0.746032	0	6.19835e-05	0.000103306	0.888889	0
	0.565	0.000247934	0.000392562	0.746032	0	4.13223e-05	0.000144628	0.888889	0
	0.566	0.00018595	0.000454545	0.746032	0	8.26446e-05	0.000144628	0.888889	0
	0.567	0.000495868	0.000392562	0.746032	0	0.000123967	0.000144628	0.888889	0
	0.568	0.000661157	0.000413223	0.746032	0	0.000144628	0.00018595	0.888889	0
	0.569	0.000413223	0.000433884	0.730159	0	0.000144628	0.000206612	0.888889	0
	0.57	0.00053719	0.000330579	0.730159	0	0.000123967	0.000165289	0.888889	0
	0.571	0.000206612	0.000413223	0.730159	0	8.26446e-05	0.00018595	0.888889	0
	0.572	0.000309917	0.000475207	0.730159	0	4.13223e-05	0.00018595	0.888889	0
	0.573	0.00053719	0.000619835	0.730159	0	0.000103306	0.000289256	0.888889	0
	0.574	0.000599174	0.000433884	0.730159	0	0.000206612	0.000206612	0.888889	0
	0.575	0.000454545	0.000495868	0.730159	0	8.26446e-05	0.000330579	0.888889	0
	0.576	0.000619835	0.000289256	0.741935	0	0.000103306	0.000165289	0.888889	0
	0.577	0.000475207	0.000433884	0.741935	0	0.000103306	0.000227273	0.888889	0
	0.578	0.000495868	0.000289256	0.741935	0	0.000103306	0.000206612	0.888889	0
	0.579	0.000516529	0.000454545	0.741935	0	4.13223e-05	0.000123967	0.888889	0
	0.58	0.000413223	0.00053719	0.741935	0	8.26446e-05	0.00018595	0.888889	0
	0.581	0.000392562	0.000495868	0.754098	0	8.26446e-05	0.000206612	0.888889	0
	0.582	0.000289256	0.00035124	0.754098	0	0.000123967	0.000144628	0.888889	0
	0.583	0.000578512	0.000330579	0.754098	0	0.000165289	8.26446e-05	0.888889	0
	0.584	0.000289256	0.000557851	0.737705	0	8.26446e-05	0.000289256	0.888889	0
	0.585	0.000495868	0.00035124	0.737705	0	0.000144628	0.000330579	0.888889	0
	0.586	0.000392562	0.000413223	0.737705	0	0.000165289	0.000309917	0.888889	0
	0.587	0.000330579	0.000475207	0.775862	0	0.000103306	0.000309917	0.923077	0
	0.588	0.000247934	0.000433884	0.789474	0	0.000123967	0.000247934	0.923077	0
	0.589	0.000433884	0.000475207	0.789474	0	4.13223e-05	0.000227273	0.923077	0
	0.59	0.000268595	0.000578512	0.789474	0	4.13223e-05	0.000289256	0.923077	0
	0.591	0.000247934	0.000454545	0.789474	0	4.13223e-05	0.000268595	0.923077	0
	0.592	0.000495868	0.000599174	0.789474	0	6.19835e-05	0.00035124	0.923077	0
	0.593	0.000247934	0.00035124	0.803571	0	2.06612e-05	0.00035124	0.884615	0
	0.594	0.000289256	0.000392562	0.785714	0	4.13223e-05	0.000268595	0.884615	0
	0.595	0.000330579	0.000475207	0.785714	0	0.000123967	0.000268595	0.884615	0
	0.596	0.00018595	0.000392562	0.785714	0	8.26446e-05	0.000165289	0.884615	0
	0.597	0.000206612	0.000578512	0.785714	0	0.000103306	0.000227273	0.884615	0
	0.598	0.000206612	0.000475207	0.785714	0	8.26446e-05	0.000433884	0.884615	0
	0.599	0.000330579	0.000516529	0.785714	0	4.13223e-05	0.000289256	0.884615	0
	0.6	0.00035124	0.000454545	0.785714	0	0.000103306	0.000309917	0.884615	0
	0.601	0.000309917	0.000454545	0.785714	0	6.19835e-05	0.000454545	0.884615	0
	0.602	0.000371901	0.000454545	0.785714	0	4.13223e-05	0.000413223	0.884615	0
	0.603	0.000227273	0.00053719	0.785714	0	6.19835e-05	0.000392562	0.884615	0
	0.604	0.000330579	0.000661157	0.8	0	2.06612e-05	0.000289256	0.884615	0
	0.605	0.000206612	0.000392562	0.8	0	0	0.000309917	0.884615	0
	0.606	0.000227273	0.000557851	0.781818	0	4.13223e-05	0.000268595	0.884615	0
	0.607	0.000268595	0.00053719	0.796296	0	6.19835e-05	0.000289256	0.884615	0
	0.608	0.00018595	0.000433884	0.796296	0	6.19835e-05	0.00035124	0.884615	0
	0.609	0.000309917	0.000640496	0.796296	0	8.26446e-05	0.000289256	0.884615	0
	0.61	0.000371901	0.000495868	0.796296	0	4.13223e-05	0.000392562	0.884615	0
	0.611	0.000289256	0.000475207	0.777778	0	6.19835e-05	0.000330579	0.884615	0
	0.612	0.000206612	0.00053719	0.777778	0	2.06612e-05	0.000454545	0.884615	0
	0.613	0.00018595	0.000475207	0.792453	0	4.13223e-05	0.000289256	0.884615	0
	0.614	0.000227273	0.000433884	0.792453	0	0.000103306	0.000495868	0.884615	0
	0.615	0.000206612	0.000413223	0.792453	0	4.13223e-05	0.000268595	0.884615	0
	0.616	0.000123967	0.000578512	0.792453	0	4.13223e-05	0.000454545	0.884615	0
	0.617	0.000330579	0.00053719	0.792453	0	4.13223e-05	0.000413223	0.92	0
	0.618	0.00018595	0.000702479	0.807692	0	6.19835e-05	0.000454545	0.958333	0
	0.619	0.000227273	0.000392562	0.823529	0	6.19835e-05	0.000206612	0.958333	0
	0.62	0.000247934	0.000454545	0.823529	0	4.13223e-05	0.000433884	0.958333	0
	0.621	0.000247934	0.000495868	0.823529	0	2.06612e-05	0.000433884	0.958333	0
	0.622	0.000268595	0.000475207	0.823529	0	4.13223e-05	0.000392562	0.958333	0
	0.623	0.000227273	0.000433884	0.823529	0	2.06612e-05	0.000413223	0.958333	0
	0.624	0.000165289	0.000371901	0.823529	0	4.13223e-05	0.000392562	0.958333	0
	0.625	0.00018595	0.000392562	0.823529	0	4.13223e-05	0.000268595	0.958333	0
	0.626	0.000289256	0.000599174	0.823529	0	4.13223e-05	0.000289256	0.958333	0
	0.627	0.000103306	0.000516529	0.84	0	0.000103306	0.000309917	0.958333	0
	0.628	0.00035124	0.000433884	0.84	0	0.000103306	0.000309917	0.958333	0
	0.629	0.000289256	0.000557851	0.82	0	2.06612e-05	0.000247934	0.916667	0
	0.63	0.000227273	0.000557851	0.836735	0	6.19835e-05	0.000371901	0.916667	0
	0.631	0.000289256	0.000557851	0.816327	0	0	0.000413223	0.916667	0
	0.632	0.000165289	0.000640496	0.795918	0	4.13223e-05	0.00035124	0.916667	0
	0.633	0.000247934	0.000619835	0.795918	0	8.26446e-05	0.00035124	0.916667	0
	0.634	0.000289256	0.00053719	0.795918	0	2.06612e-05	0.000413223	0.916667	0
	0.635	0.000268595	0.000557851	0.795918	0	6.19835e-05	0.000289256	0.916667	0
	0.636	0.000206612	0.00072314	0.795918	0	2.06612e-05	0.000454545	0.916667	0
	0.637	0.00018595	0.000743802	0.795918	0	6.19835e-05	0.000330579	0.916667	0
	0.638	0.000289256	0.000433884	0.8125	0	4.13223e-05	0.00018595	0.916667	0
	0.639	0.00018595	0.000599174	0.8125	0	6.19835e-05	0.000289256	0.916667	0
	0.64	0.000247934	0.000495868	0.8125	0	6.19835e-05	0.000330579	0.916667	0
	0.641	0.000165289	0.000289256	0.829787	0	4.13223e-05	0.000206612	0.916667	0
	0.642	0.000103306	0.000433884	0.829787	0	2.06612e-05	0.000247934	0.916667	0
	0.643	0.000309917	0.000289256	0.829787	0	8.26446e-05	0.00018595	0.916667	0
	0.644	0.000227273	0.000516529	0.847826	0	8.26446e-05	0.000309917	0.916667	0
	0.645	0.000227273	0.000640496	0.847826	0	8.26446e-05	0.000330579	0.916667	0
	0.646	0.000123967	0.000557851	0.847826	0	2.06612e-05	0.000330579	0.916667	0
	0.647	0.000268595	0.000289256	0.847826	0	6.19835e-05	0.000206612	0.916667	0
	0.648	0.000103306	0.000413223	0.847826	0	6.19835e-05	0.000247934	0.916667	0
	0.649	0.000227273	0.000805785	0.847826	0	4.13223e-05	0.000330579	0.916667	0
	0.65	0.00018595	0.000661157	0.847826	0	2.06612e-05	0.000268595	0.916667	0
	0.651	0.000268595	0.000557851	0.847826	0	2.06612e-05	0.000268595	0.916667	0
	0.652	6.19835e-05	0.000681818	0.847826	0	0	0.000123967	0.916667	0
	0.653	0.000206612	0.000516529	0.847826	0	0.000103306	0.000165289	0.916667	0
	0.654	0.000165289	0.000392562	0.847826	0	4.13223e-05	0.000206612	0.916667	0
	0.655	0.000206612	0.000392562	0.847826	0	6.19835e-05	0.000247934	0.916667	0
	0.656	0.000123967	0.000371901	0.847826	0	8.26446e-05	0.000103306	0.916667	0
	0.657	0.000247934	0.000495868	0.847826	0	2.06612e-05	0.000227273	0.916667	0
	0.658	0.000247934	0.000454545	0.847826	0	0.000103306	0.000268595	0.916667	0
	0.659	0.00018595	0.00053719	0.847826	0	0.000123967	0.000123967	0.916667	0
	0.66	0.000206612	0.000557851	0.866667	0	2.06612e-05	0.000289256	0.956522	0
	0.661	0.000206612	0.000413223	0.866667	0	8.26446e-05	0.000206612	0.956522	0
	0.662	0.000144628	0.000516529	0.866667	0	4.13223e-05	0.000289256	0.956522	0
	0.663	0.000227273	0.00035124	0.866667	0	6.19835e-05	0.00035124	0.956522	0
	0.664	0.000103306	0.000619835	0.844444	0	0	0.000268595	0.956522	0
	0.665	0.000227273	0.000309917	0.844444	0	6.19835e-05	0.000165289	0.956522	0
	0.666	0.000123967	0.000268595	0.844444	0	2.06612e-05	0.000227273	0.956522	0
	0.667	0.000144628	0.000309917	0.844444	0	4.13223e-05	0.000144628	0.956522	0
	0.668	0.000165289	0.000557851	0.844444	0	6.19835e-05	0.000268595	0.956522	0
	0.669	0.000206612	0.000309917	0.863636	0	8.26446e-05	2.06612e-05	0.956522	0
	0.67	0.000392562	0.00035124	0.863636	0	8.26446e-05	0.00035124	0.956522	0
	0.671	0.00018595	0.000495868	0.883721	0	4.13223e-05	0.000206612	0.956522	0
	0.672	0.000165289	0.000619835	0.883721	0	6.19835e-05	0.000371901	0.956522	0
	0.673	0.000268595	0.000475207	0.883721	0	8.26446e-05	0.000247934	0.956522	0
	0.674	0.000165289	0.00035124	0.883721	0	0	0.000309917	0.956522	0
	0.675	0.00018595	0.000475207	0.883721	0	0.000103306	0.000309917	0.956522	0
	0.676	0.000144628	0.000433884	0.883721	0	4.13223e-05	0.000309917	0.956522	0
	0.677	0.000227273	0.000454545	0.883721	0	2.06612e-05	0.000371901	0.956522	0
	0.678	0.000103306	0.000516529	0.813953	0	2.06612e-05	0.000433884	0.913043	0
	0.679	0.000165289	0.000475207	0.813953	0	0	0.000309917	0.913043	0
	0.68	0.000103306	0.000599174	0.813953	0	4.13223e-05	0.000392562	0.913043	0
	0.681	0.000206612	0.000640496	0.833333	0	8.26446e-05	0.000330579	0.913043	0
	0.682	0.000144628	0.000433884	0.809524	0	6.19835e-05	0.000413223	0.869565	0
	0.683	0.000165289	0.000619835	0.809524	0	6.19835e-05	0.000268595	0.869565	0
	0.684	0.000206612	0.000578512	0.809524	0	2.06612e-05	0.000392562	0.869565	0
	0.685	6.19835e-05	0.000392562	0.809524	0	2.06612e-05	0.000454545	0.869565	0
	0.686	0.000227273	0.000619835	0.809524	0	2.06612e-05	0.000454545	0.869565	0
	0.687	0.000227273	0.000475207	0.809524	0	0	0.000392562	0.869565	0
	0.688	0.00018595	0.000743802	0.785714	0	2.06612e-05	0.000475207	0.869565	0
	0.689	0.000144628	0.000433884	0.785714	0	0	0.00053719	0.869565	0
	0.69	0.000144628	0.000578512	0.785714	0	0	0.000681818	0.869565	0
	0.691	0.000330579	0.00053719	0.785714	0	4.13223e-05	0.00053719	0.869565	0
	0.692	0.000165289	0.000619835	0.785714	0	4.13223e-05	0.000578512	0.869565	0
	0.693	0.000247934	0.000681818	0.785714	0	2.06612e-05	0.000826446	0.869565	0
	0.694	0.000144628	0.000619835	0.785714	0	0	0.00053719	0.869565	0
	0.695	0.000165289	0.000661157	0.785714	0	0	0.000743802	0.869565	0
	0.696	0.000206612	0.000599174	0.785714	0	0	0.000495868	0.869565	0
	0.697	0.000206612	0.000743802	0.785714	0	4.13223e-05	0.00088843	0.869565	0
	0.698	0.00018595	0.000826446	0.804878	0	0	0.000785124	0.869565	0
	0.699	0.000268595	0.000785124	0.804878	0	0	0.000702479	0.869565	0
	0.7	0.000227273	0.000826446	0.804878	0	4.13223e-05	0.000826446	0.869565	0
	0.701	0.000289256	0.000764463	0.804878	0	2.06612e-05	0.000929752	0.869565	0
	0.702	0.000165289	0.000599174	0.780488	0	2.06612e-05	0.000681818	0.869565	0
	0.703	0.000227273	0.000681818	0.780488	0	2.06612e-05	0.00088843	0.869565	0
	0.704	0.000413223	0.000785124	0.780488	0	0.000144628	0.000702479	0.869565	0
	0.705	0.00018595	0.000950413	0.8	0	2.06612e-05	0.00088843	0.909091	0
	0.706	0.000268595	0.000785124	0.8	0	4.13223e-05	0.000950413	0.909091	0
	0.707	0.000144628	0.000764463	0.8	0	2.06612e-05	0.000681818	0.909091	0
	0.708	0.000330579	0.0011157	0.8	0	0.000103306	0.000867769	0.909091	0
	0.709	0.000289256	0.00088843	0.8	0	0	0.000805785	0.909091	0
	0.71	0.00035124	0.000640496	0.8	0	6.19835e-05	0.0010124	0.909091	0
	0.711	0.000371901	0.00109504	0.8	0	6.19835e-05	0.000826446	0.909091	0
	0.712	0.000289256	0.0010124	0.8	0	8.26446e-05	0.000929752	0.909091	0
	0.713	0.000227273	0.000785124	0.775	0	6.19835e-05	0.000929752	0.909091	0
	0.714	0.000289256	0.000909091	0.775	0	2.06612e-05	0.000619835	0.909091	0
	0.715	0.000330579	0.00088843	0.794872	0	0.000123967	0.000764463	0.909091	0
	0.716	0.000309917	0.000743802	0.794872	0	8.26446e-05	0.000557851	0.909091	0
	0.717	0.000289256	0.000764463	0.794872	0	0.000103306	0.000764463	0.909091	0
	0.718	0.000289256	0.00053719	0.794872	0	0.000103306	0.000578512	0.909091	0
	0.719	0.000206612	0.000640496	0.794872	0	8.26446e-05	0.000599174	0.909091	0
	0.72	0.000309917	0.000681818	0.794872	0	6.19835e-05	0.000661157	0.863636	0
	0.721	0.000309917	0.000619835	0.794872	0	8.26446e-05	0.000516529	0.863636	0
	0.722	0.000247934	0.000826446	0.794872	0	6.19835e-05	0.000578512	0.863636	0
	0.723	0.000268595	0.000578512	0.794872	0	0.000144628	0.000371901	0.863636	0
	0.724	0.000309917	0.000702479	0.794872	0	0.000123967	0.000413223	0.863636	0
	0.725	0.00035124	0.000681818	0.794872	0	0.000227273	0.000557851	0.863636	0
	0.726	0.00035124	0.000599174	0.794872	0	0.000123967	0.000330579	0.863636	0
	0.727	0.000268595	0.000475207	0.794872	0	8.26446e-05	0.000289256	0.863636	0
	0.728	0.00035124	0.00053719	0.794872	0	0.00018595	0.000268595	0.863636	0
	0.729	0.00018595	0.000578512	0.769231	0	0.000123967	0.000289256	0.863636	0
	0.73	0.000227273	0.000557851	0.769231	0	0.000103306	0.000475207	0.863636	0
	0.731	0.000371901	0.00053719	0.769231	0	0.000144628	0.000433884	0.863636	0
	0.732	0.000289256	0.000475207	0.769231	0	0.000103306	0.000268595	0.863636	0
	0.733	0.000309917	0.000661157	0.769231	0	0.000123967	0.000309917	0.863636	0
	0.734	0.000268595	0.000516529	0.769231	0	0.000123967	0.00018595	0.863636	0
	0.735	0.000206612	0.000371901	0.769231	0	4.13223e-05	0.000144628	0.863636	0
	0.736	0.000268595	0.00053719	0.769231	0	6.19835e-05	0.000206612	0.863636	0
	0.737	0.00018595	0.000413223	0.74359	0	2.06612e-05	0.000206612	0.863636	0
	0.738	0.000206612	0.000475207	0.74359	0	8.26446e-05	0.000144628	0.863636	0
	0.739	0.000309917	0.00035124	0.74359	0	0.000103306	0.000165289	0.863636	0
	0.74	0.000309917	0.000392562	0.74359	0	0.000144628	0.000144628	0.863636	0
	0.741	0.00035124	0.000330579	0.763158	0	0.000123967	0.000165289	0.863636	0
	0.742	0.000165289	0.000454545	0.763158	0	8.26446e-05	8.26446e-05	0.863636	0
	0.743	0.000289256	0.000413223	0.763158	0	0.000103306	0.000289256	0.863636	0
	0.744	0.000123967	0.000371901	0.783784	0	0.000103306	0.000165289	0.863636	0
	0.745	0.000123967	0.000413223	0.783784	0	8.26446e-05	4.13223e-05	0.863636	0
	0.746	0.00018595	0.000289256	0.783784	0	4.13223e-05	8.26446e-05	0.863636	0
	0.747	0.000227273	0.000309917	0.756757	0	2.06612e-05	4.13223e-05	0.863636	0
	0.748	0.000227273	0.000371901	0.756757	0	0.000165289	8.26446e-05	0.863636	0
	0.749	0.000103306	0.00035124	0.777778	0	0.000165289	6.19835e-05	0.863636	0
	0.75	0.000165289	0.000413223	0.777778	0	8.26446e-05	8.26446e-05	0.863636	0
	0.751	0.000165289	0.000227273	0.777778	0	8.26446e-05	2.06612e-05	0.863636	0
	0.752	0.000227273	0.000227273	0.777778	0	0.000123967	6.19835e-05	0.863636	0
	0.753	0.000144628	0.000247934	0.8	0	8.26446e-05	0.000165289	0.863636	0
	0.754	0.00018595	0.000495868	0.8	0	0.000165289	0.000103306	0.863636	0
	0.755	0.000268595	0.000268595	0.8	0	6.19835e-05	6.19835e-05	0.863636	0
	0.756	0.000165289	0.000309917	0.8	0	4.13223e-05	8.26446e-05	0.863636	0
	0.757	0.000144628	0.000227273	0.8	0	6.19835e-05	4.13223e-05	0.863636	0
	0.758	0.000330579	0.000123967	0.8	0	8.26446e-05	4.13223e-05	0.863636	0
	0.759	0.000206612	0.000289256	0.8	0	6.19835e-05	8.26446e-05	0.863636	0
	0.76	0.000227273	0.000227273	0.771429	0	6.19835e-05	0.000103306	0.863636	0
	0.761	0.000165289	0.000123967	0.771429	0	0	2.06612e-05	0.863636	0
	0.762	0.000206612	0.00018595	0.771429	0	8.26446e-05	6.19835e-05	0.863636	0
	0.763	0.000289256	0.000309917	0.771429	0	0.000103306	6.19835e-05	0.863636	0
	0.764	0.000144628	0.000309917	0.794118	0	6.19835e-05	4.13223e-05	0.904762	0
	0.765	0.000247934	0.000144628	0.764706	0	8.26446e-05	6.19835e-05	0.857143	0
	0.766	0.000206612	0.000165289	0.764706	0	6.19835e-05	0	0.857143	0
	0.767	0.000206612	0.000227273	0.764706	0	6.19835e-05	8.26446e-05	0.857143	0
	0.768	0.000309917	0.000123967	0.764706	0	0	4.13223e-05	0.857143	0
	0.769	0.000165289	0.000247934	0.787879	0	6.19835e-05	6.19835e-05	0.857143	0
	0.77	0.000247934	0.000268595	0.787879	0	4.13223e-05	6.19835e-05	0.857143	0
	0.771	0.00018595	0.000206612	0.8125	0	2.06612e-05	0.000144628	0.9	0
	0.772	0.000165289	0.000123967	0.8125	0	0	2.06612e-05	0.9	0
	0.773	0.000144628	0.000289256	0.8125	0	6.19835e-05	6.19835e-05	0.9	0
	0.774	0.000123967	0.00035124	0.8125	0	2.06612e-05	2.06612e-05	0.9	0
	0.775	0.000165289	8.26446e-05	0.8125	0	0	2.06612e-05	0.9	0
	0.776	0.000144628	0.000247934	0.8125	0	0.000103306	4.13223e-05	0.9	0
	0.777	0.000206612	0.000268595	0.8125	0	2.06612e-05	8.26446e-05	0.9	0
	0.778	0.00018595	0.000268595	0.8125	0	2.06612e-05	6.19835e-05	0.9	0
	0.779	0.000206612	0.000144628	0.8125	0	0.000123967	8.26446e-05	0.9	0
	0.78	0.00018595	0.000165289	0.78125	0	2.06612e-05	2.06612e-05	0.85	0
	0.781	0.000309917	0.000123967	0.78125	0	4.13223e-05	2.06612e-05	0.85	0
	0.782	0.000268595	0.000165289	0.78125	0	2.06612e-05	2.06612e-05	0.85	0
	0.783	0.000206612	0.000268595	0.78125	0	6.19835e-05	8.26446e-05	0.85	0
	0.784	0.000206612	0.000165289	0.78125	0	6.19835e-05	2.06612e-05	0.85	0
	0.785	0.000165289	0.000206612	0.78125	0	8.26446e-05	2.06612e-05	0.85	0
	0.786	0.000144628	0.000165289	0.75	0	2.06612e-05	6.19835e-05	0.8	0
	0.787	0.000206612	0.000165289	0.774194	0	8.26446e-05	0	0.8	0
	0.788	0.000289256	0.000247934	0.774194	0	0.000123967	8.26446e-05	0.8	0
	0.789	0.000268595	0.000144628	0.8	0	6.19835e-05	2.06612e-05	0.842105	0
	0.79	0.000206612	0.000165289	0.8	0	6.19835e-05	6.19835e-05	0.842105	0
	0.791	0.000165289	0.000103306	0.8	0	8.26446e-05	6.19835e-05	0.842105	0
	0.792	0.000268595	0.000103306	0.8	0	0.000206612	0	0.842105	0
	0.793	0.000144628	0.000144628	0.8	0	8.26446e-05	6.19835e-05	0.842105	0
	0.794	0.000227273	0.000165289	0.8	0	0.000103306	6.19835e-05	0.842105	0
	0.795	0.000309917	0.000165289	0.8	0	6.19835e-05	6.19835e-05	0.842105	0
	0.796	0.000103306	8.26446e-05	0.8	0	8.26446e-05	8.26446e-05	0.842105	0
	0.797	0.000144628	0.000103306	0.8	0	4.13223e-05	2.06612e-05	0.842105	0
	0.798	0.000165289	0.00018595	0.8	0	8.26446e-05	4.13223e-05	0.842105	0
	0.799	0.000206612	0.000123967	0.8	0	0.000144628	6.19835e-05	0.842105	0
	0.8	0.000165289	0.000227273	0.8	0	0.000103306	8.26446e-05	0.842105	0
	0.801	0.000206612	0.00018595	0.8	0	0.000144628	6.19835e-05	0.842105	0
	0.802	8.26446e-05	0.000123967	0.827586	0	6.19835e-05	4.13223e-05	0.842105	0
	0.803	0.000247934	0.000103306	0.827586	0	0.00018595	4.13223e-05	0.842105	0
	0.804	0.000289256	0.000103306	0.827586	0	0.000247934	4.13223e-05	0.842105	0
	0.805	0.000227273	0.000165289	0.827586	0	0.000206612	4.13223e-05	0.842105	0
	0.806	0.000247934	0.000123967	0.827586	0	0.00018595	8.26446e-05	0.842105	0
	0.807	0.000144628	4.13223e-05	0.827586	0	0.000123967	2.06612e-05	0.842105	0
	0.808	0.000103306	0.000165289	0.827586	0	6.19835e-05	4.13223e-05	0.842105	0
	0.809	0.000268595	6.19835e-05	0.827586	0	0.000227273	2.06612e-05	0.842105	0
	0.81	0.000206612	6.19835e-05	0.827586	0	0.00018595	2.06612e-05	0.842105	0
	0.811	0.000165289	0.000144628	0.827586	0	0.000144628	2.06612e-05	0.842105	0
	0.812	0.000123967	0.000144628	0.827586	0	0.000103306	8.26446e-05	0.842105	0
	0.813	0.000206612	8.26446e-05	0.827586	0	0.00018595	4.13223e-05	0.842105	0
	0.814	0.000227273	0.000123967	0.827586	0	0.000227273	4.13223e-05	0.842105	0
	0.815	0.000123967	8.26446e-05	0.827586	0	0.000103306	0	0.842105	0
	0.816	0.00018595	0.000123967	0.827586	0	0.000165289	4.13223e-05	0.842105	0
	0.817	0.000144628	0.000144628	0.857143	0	0.000144628	2.06612e-05	0.842105	0
	0.818	0.000144628	0.000103306	0.857143	0	0.000144628	2.06612e-05	0.842105	0
	0.819	0.00018595	6.19835e-05	0.857143	0	0.000165289	2.06612e-05	0.842105	0
	0.82	0.000165289	0.000123967	0.888889	0	0.000165289	2.06612e-05	0.842105	0
	0.821	0.000206612	0.00018595	0.888889	0	0.00018595	6.19835e-05	0.842105	0
	0.822	0.000123967	0.00018595	0.851852	0	0.000103306	6.19835e-05	0.842105	0
	0.823	6.19835e-05	0.000103306	0.851852	0	6.19835e-05	2.06612e-05	0.842105	0
	0.824	0.000103306	0.000123967	0.851852	0	0.000103306	4.13223e-05	0.842105	0
	0.825	0.000144628	0.000144628	0.851852	0	0.000103306	6.19835e-05	0.842105	0
	0.826	0.000144628	0.000123967	0.814815	0	0.000144628	0	0.842105	0
	0.827	6.19835e-05	0.000165289	0.814815	0	6.19835e-05	4.13223e-05	0.842105	0
	0.828	8.26446e-05	6.19835e-05	0.814815	0	6.19835e-05	2.06612e-05	0.842105	0
	0.829	0.000103306	0.000103306	0.777778	0	6.19835e-05	6.19835e-05	0.842105	0
	0.83	0.000103306	2.06612e-05	0.777778	0	6.19835e-05	0	0.842105	0
	0.831	8.26446e-05	2.06612e-05	0.777778	0	6.19835e-05	4.13223e-05	0.842105	0
	0.832	4.13223e-05	0.000144628	0.777778	0	0	4.13223e-05	0.842105	0
	0.833	8.26446e-05	0.000165289	0.777778	0	2.06612e-05	2.06612e-05	0.842105	0
	0.834	8.26446e-05	4.13223e-05	0.777778	0	0	8.26446e-05	0.842105	0
	0.835	0.000103306	6.19835e-05	0.740741	0	0	0	0.842105	0
	0.836	0.000165289	0.000144628	0.740741	0	4.13223e-05	6.19835e-05	0.842105	0
	0.837	0.00018595	0.000103306	0.769231	0	4.13223e-05	4.13223e-05	0.888889	0
	0.838	0.000165289	4.13223e-05	0.769231	0	2.06612e-05	2.06612e-05	0.888889	0
	0.839	4.13223e-05	4.13223e-05	0.8	0	0	2.06612e-05	0.941176	0
	0.84	0.000247934	0.000123967	0.8	0	8.26446e-05	0.000103306	0.941176	0
	0.841	0.000165289	6.19835e-05	0.8	0	0	4.13223e-05	0.941176	0
	0.842	0.000123967	0.000144628	0.8	0	0	0.000103306	0.941176	0
	0.843	0.000206612	0.000103306	0.8	0	2.06612e-05	6.19835e-05	0.941176	0
	0.844	0.000247934	0.000103306	0.8	0	0	6.19835e-05	0.941176	0
	0.845	0.000330579	0.000123967	0.8	0	0	6.19835e-05	0.941176	0
	0.846	0.000268595	8.26446e-05	0.8	0	0	2.06612e-05	0.941176	0
	0.847	0.000309917	8.26446e-05	0.8	0	2.06612e-05	2.06612e-05	0.941176	0
	0.848	0.000247934	8.26446e-05	0.8	0	0	0.000103306	0.941176	0
	0.849	0.000268595	8.26446e-05	0.8	0	0	4.13223e-05	0.941176	0
	0.85	8.26446e-05	8.26446e-05	0.8	0	0	0	0.941176	0
	0.851	0.000268595	8.26446e-05	0.8	0	0	0	0.941176	0
	0.852	0.000268595	8.26446e-05	0.8	0	0	8.26446e-05	0.941176	0
	0.853	0.00035124	8.26446e-05	0.8	0	0	8.26446e-05	0.941176	0
	0.854	0.000206612	6.19835e-05	0.8	0	2.06612e-05	6.19835e-05	0.941176	0
	0.855	0.000206612	4.13223e-05	0.833333	0	0	4.13223e-05	1	0
	0.856	0.00035124	0.000103306	0.833333	0	2.06612e-05	6.19835e-05	1	0
	0.857	0.000309917	8.26446e-05	0.791667	0	0	2.06612e-05	0.9375	0
	0.858	0.00035124	2.06612e-05	0.791667	0	0	2.06612e-05	0.9375	0
	0.859	0.000289256	8.26446e-05	0.791667	0	0	4.13223e-05	0.9375	0
	0.86	0.000268595	8.26446e-05	0.791667	0	2.06612e-05	6.19835e-05	0.9375	0
	0.861	0.000165289	0.000123967	0.791667	0	0	0.000144628	0.9375	0
	0.862	0.000289256	4.13223e-05	0.791667	0	0	4.13223e-05	0.9375	0
	0.863	0.000206612	8.26446e-05	0.791667	0	2.06612e-05	0	0.9375	0
	0.864	0.00018595	6.19835e-05	0.791667	0	4.13223e-05	8.26446e-05	0.9375	0
	0.865	0.000206612	0.000103306	0.791667	0	0	4.13223e-05	0.9375	0
	0.866	0.000165289	0.000123967	0.791667	0	2.06612e-05	4.13223e-05	0.9375	0
	0.867	0.000206612	4.13223e-05	0.791667	0	4.13223e-05	2.06612e-05	0.9375	0
	0.868	0.000103306	8.26446e-05	0.791667	0	6.19835e-05	8.26446e-05	0.9375	0
	0.869	8.26446e-05	4.13223e-05	0.791667	0	2.06612e-05	2.06612e-05	0.9375	0
	0.87	0.000123967	0.000123967	0.791667	0	4.13223e-05	4.13223e-05	0.9375	0
	0.871	8.26446e-05	8.26446e-05	0.791667	0	4.13223e-05	0	0.9375	0
	0.872	0.000165289	4.13223e-05	0.791667	0	6.19835e-05	4.13223e-05	0.9375	0
	0.873	0.00018595	4.13223e-05	0.791667	0	4.13223e-05	2.06612e-05	0.9375	0
	0.874	0.000123967	6.19835e-05	0.791667	0	6.19835e-05	2.06612e-05	0.9375	0
	0.875	0.000165289	8.26446e-05	0.826087	0	0.000103306	6.19835e-05	0.9375	0
	0.876	6.19835e-05	4.13223e-05	0.826087	0	4.13223e-05	0	0.9375	0
	0.877	6.19835e-05	0.000144628	0.826087	0	4.13223e-05	6.19835e-05	0.9375	0
	0.878	0.000227273	8.26446e-05	0.826087	0	0.000165289	4.13223e-05	0.9375	0
	0.879	4.13223e-05	6.19835e-05	0.826087	0	4.13223e-05	2.06612e-05	0.9375	0
	0.88	0.000165289	0.000144628	0.826087	0	8.26446e-05	6.19835e-05	0.9375	0
	0.881	8.26446e-05	6.19835e-05	0.863636	0	6.19835e-05	0	0.9375	0
	0.882	8.26446e-05	2.06612e-05	0.904762	0	6.19835e-05	0	0.9375	0
	0.883	0.000103306	4.13223e-05	0.95	0	0.000103306	2.06612e-05	0.9375	0
	0.884	0.000103306	4.13223e-05	0.95	0	0.000103306	0	0.9375	0
	0.885	0.000103306	2.06612e-05	0.95	0	0.000103306	2.06612e-05	0.9375	0
	0.886	8.26446e-05	0.000103306	0.95	0	8.26446e-05	6.19835e-05	0.9375	0
	0.887	0.000144628	2.06612e-05	0.95	0	0.000144628	0	0.9375	0
	0.888	0.000144628	8.26446e-05	0.95	0	0.000144628	0	0.9375	0
	0.889	0	4.13223e-05	0.95	0	0	2.06612e-05	0.9375	0
	0.89	6.19835e-05	0.000103306	0.95	0	6.19835e-05	8.26446e-05	0.9375	0
	0.891	6.19835e-05	8.26446e-05	0.95	0	6.19835e-05	2.06612e-05	0.9375	0
	0.892	6.19835e-05	0.000103306	0.95	0	6.19835e-05	4.13223e-05	0.9375	0
	0.893	4.13223e-05	0.000123967	0.95	0	4.13223e-05	4.13223e-05	0.9375	0
	0.894	0	0.000103306	0.95	0	0	2.06612e-05	0.9375	0
	0.895	0	4.13223e-05	0.95	0	0	2.06612e-05	0.9375	0
	0.896	0	2.06612e-05	0.95	0	0	2.06612e-05	0.9375	0
	0.897	2.06612e-05	4.13223e-05	0.95	0	2.06612e-05	2.06612e-05	0.9375	0
	0.898	0	0	0.95	0	0	0	0.9375	0
	0.899	0	2.06612e-05	0.95	0	0	0	0.9375	0
	0.9	0	0.000144628	0.95	0	0	8.26446e-05	0.9375	0
	0.901	0	0.000103306	0.95	0	0	2.06612e-05	0.9375	0
	0.902	2.06612e-05	4.13223e-05	0.95	0	2.06612e-05	2.06612e-05	0.9375	0
	0.903	2.06612e-05	2.06612e-05	0.95	0	2.06612e-05	2.06612e-05	0.9375	0
	0.904	0	0	1	0	0	0	1	0
	0.905	0	4.13223e-05	1	0	0	2.06612e-05	1	0
	0.906	0	4.13223e-05	1	0	0	0	1	0
	0.907	0	2.06612e-05	1	0	0	0	1	0
	0.908	0	2.06612e-05	1	0	0	0	1	0
	0.909	0	0.000103306	1	0	0	6.19835e-05	1	0
	0.91	0	4.13223e-05	1	0	0	0	1	0
	0.911	0	0.000103306	1	0	0	4.13223e-05	1	0
	0.912	0	4.13223e-05	1	0	0	2.06612e-05	1	0
	0.913	0	4.13223e-05	1	0	0	2.06612e-05	1	0
	0.914	0	0.000103306	1	0	0	2.06612e-05	1	0
	0.915	0	4.13223e-05	1	0	0	0	1	0
	0.916	0	2.06612e-05	1	0	0	0	1	0
	0.917	0	2.06612e-05	1	0	0	2.06612e-05	1	0
	0.918	0	0.000103306	1	0	0	2.06612e-05	1	0
	0.919	0	6.19835e-05	1	0	0	2.06612e-05	1	0
	0.92	0	0	1	0	0	0	1	0
	0.921	0	6.19835e-05	1	0	0	4.13223e-05	1	0
	0.922	0	6.19835e-05	1	0	0	0	1	0
	0.923	4.13223e-05	4.13223e-05	1	0	0	2.06612e-05	1	0
	0.924	0	8.26446e-05	0.947368	0	0	2.06612e-05	1	0
	0.925	2.06612e-05	6.19835e-05	0.947368	0	0	2.06612e-05	1	0
	0.926	6.19835e-05	2.06612e-05	0.947368	0	0	2.06612e-05	1	0
	0.927	2.06612e-05	6.19835e-05	0.947368	0	0	0	1	0
	0.928	4.13223e-05	2.06612e-05	0.947368	0	0	0	1	0
	0.929	4.13223e-05	0	0.947368	0	0	0	1	0
	0.93	2.06612e-05	4.13223e-05	0.947368	0	0	4.13223e-05	1	0
	0.931	6.19835e-05	4.13223e-05	0.947368	0	0	4.13223e-05	1	0
	0.932	6.19835e-05	6.19835e-05	0.947368	0	0	4.13223e-05	1	0
	0.933	6.19835e-05	4.13223e-05	0.947368	0	0	4.13223e-05	1	0
	0.934	6.19835e-05	8.26446e-05	0.947368	0	0	6.19835e-05	1	0
	0.935	8.26446e-05	2.06612e-05	0.947368	0	0	0	1	0
	0.936	6.19835e-05	2.06612e-05	0.947368	0	0	2.06612e-05	1	0
	0.937	0.00018595	0	0.947368	0	0	2.06612e-05	1	0
	0.938	0.000123967	6.19835e-05	0.947368	0	0	4.13223e-05	1	0
	0.939	4.13223e-05	0	0.947368	0	0	0	1	0
	0.94	0.000123967	4.13223e-05	0.947368	0	0	0	1	0
	0.941	6.19835e-05	2.06612e-05	0.947368	0	0	2.06612e-05	1	0
	0.942	0.000103306	6.19835e-05	0.947368	0	0	0	1	0
	0.943	8.26446e-05	0	0.947368	0	0	0	1	0
	0.944	8.26446e-05	2.06612e-05	0.947368	0	0	0	1	0
	0.945	6.19835e-05	2.06612e-05	0.947368	0	0	2.06612e-05	1	0
	0.946	0.000103306	4.13223e-05	0.947368	0	0	4.13223e-05	1	0
	0.947	0.000144628	2.06612e-05	0.947368	0	0	2.06612e-05	1	0
	0.948	0.000103306	2.06612e-05	0.947368	0	0	2.06612e-05	1	0
	0.949	2.06612e-05	4.13223e-05	0.947368	0	0	0	1	0
	0.95	2.06612e-05	2.06612e-05	0.947368	0	0	2.06612e-05	1	0
	0.951	2.06612e-05	8.26446e-05	0.947368	0	0	6.19835e-05	1	0
	0.952	0	4.13223e-05	0.947368	0	0	6.19835e-05	1	0
	0.953	2.06612e-05	0.000103306	0.947368	0	0	2.06612e-05	1	0
	0.954	4.13223e-05	0	0.947368	0	0	0	1	0
	0.955	2.06612e-05	6.19835e-05	0.947368	0	0	6.19835e-05	1	0
	0.956	0	0	0.947368	0	0	0	1	0
	0.957	2.06612e-05	6.19835e-05	0.947368	0	0	4.13223e-05	1	0
	0.958	4.13223e-05	2.06612e-05	0.947368	0	0	0	1	0
	0.959	0	2.06612e-05	1	0	0	0	1	0
	0.96	0	2.06612e-05	1	0	0	0	1	0
	0.961	0	0	1	0	0	2.06612e-05	1	0
	0.962	0	6.19835e-05	1	0	0	4.13223e-05	1	0
	0.963	0	4.13223e-05	1	0	0	0	1	0
	0.964	0	0	1	0	0	0	1	0
	0.965	0	4.13223e-05	1	0	0	2.06612e-05	1	0
	0.966	0	4.13223e-05	1	0	0	0	1	0
	0.967	0	6.19835e-05	1	0	0	4.13223e-05	1	0
	0.968	0	4.13223e-05	1	0	0	2.06612e-05	1	0
	0.969	0	6.19835e-05	1	0	0	0	1	0
	0.97	0	6.19835e-05	1	0	0	4.13223e-05	1	0
	0.971	0	0	1	0	0	0	1	0
	0.972	0	4.13223e-05	1	0	0	2.06612e-05	1	0
	0.973	6.19835e-05	2.06612e-05	1	0	6.19835e-05	2.06612e-05	1	0
	0.974	0	6.19835e-05	0.944444	0	0	4.13223e-05	0.933333	0
	0.975	8.26446e-05	2.06612e-05	0.944444	0	8.26446e-05	0	0.933333	0
	0.976	0.000144628	2.06612e-05	0.944444	0	0.000144628	2.06612e-05	0.933333	0
	0.977	6.19835e-05	2.06612e-05	0.944444	0	6.19835e-05	0	0.933333	0
	0.978	4.13223e-05	6.19835e-05	0.944444	0	4.13223e-05	4.13223e-05	0.933333	0
	0.979	0.000206612	2.06612e-05	0.944444	0	0.000206612	2.06612e-05	0.933333	0
	0.98	0.000144628	0	0.888889	0	0.000144628	0	0.866667	0
	0.981	0.000165289	0	0.888889	0	0.000165289	0	0.866667	0
	0.982	0.000289256	8.26446e-05	0.888889	0	0.000289256	4.13223e-05	0.866667	0
	0.983	0.000371901	4.13223e-05	0.888889	0	0.000371901	2.06612e-05	0.866667	0
	0.984	0.000454545	0.000103306	0.888889	0	0.000454545	8.26446e-05	0.866667	0
	0.985	0.000268595	2.06612e-05	0.888889	0	0.000268595	0	0.866667	0
	0.986	0.000392562	4.13223e-05	0.888889	0	0.000392562	4.13223e-05	0.866667	0
	0.987	0.000330579	2.06612e-05	0.888889	0	0.000330579	0	0.866667	0
	0.988	0.000165289	4.13223e-05	0.888889	0	0.000165289	2.06612e-05	0.866667	0
	0.989	0.000247934	4.13223e-05	0.888889	0	0.000247934	4.13223e-05	0.866667	0
	0.99	0.00018595	4.13223e-05	0.888889	0	0.00018595	4.13223e-05	0.866667	0
	0.991	0.000123967	4.13223e-05	0.888889	0	0.000123967	2.06612e-05	0.866667	0
	0.992	0.000165289	6.19835e-05	0.888889	0	0.000165289	4.13223e-05	0.866667	0
	0.993	0.000123967	8.26446e-05	0.888889	0	0.000123967	4.13223e-05	0.866667	0
	0.994	6.19835e-05	2.06612e-05	0.888889	0	6.19835e-05	0	0.866667	0
	0.995	2.06612e-05	4.13223e-05	0.941176	0	2.06612e-05	4.13223e-05	0.928571	0
	0.996	4.13223e-05	0.000123967	0.941176	0	2.06612e-05	8.26446e-05	0.928571	0
	0.997	0.000103306	2.06612e-05	0.9375	0	0	0	1	0
	0.998	0.000289256	8.26446e-05	0.9375	0	0	6.19835e-05	1	0
	0.999	0.000764463	0.000227273	0.9375	0	0	0.000144628	1	0
	1	0.0318802	0.000764463	0.9375	0	0.0268595	0.000702479	1	0


#	yrange	sparsity	# links	zeta	support at cross	fraction FP	support at cross2	fraction FP2
	0	0.121901	59	0.00380453	0.996	0.036852	0.996	0.036852
	0.12	0.121901	59	0.00380453	0.996	0.036852	0.996	0.036852
