#	Frequencies and overlap
#	bins	MYC	shuffle	overlap_MYC	overlap_shuffle	SIGN_MYC	SIGNshuffle	SIGNoverlap_MYC	SIGNoverlap_shuffle
	0	0.225661	0.0679959	1	1	0.760579	0.684793	0.574627	0
	0.001	0.0440909	0.018595	0.726437	0.438017	0.017624	0.00820248	0.509317	0
	0.002	0.0280579	0.0142975	0.747549	0.367769	0.0124587	0.0056405	0.570423	0
	0.003	0.0216942	0.0119628	0.778068	0.338843	0.00911157	0.00477273	0.609023	0
	0.004	0.0171281	0.0110124	0.780161	0.299587	0.00667355	0.00423554	0.625	0
	0.005	0.0133058	0.00993802	0.789041	0.274793	0.00438017	0.00382231	0.637097	0
	0.006	0.0106818	0.00907025	0.801136	0.243802	0.00355372	0.00332645	0.663793	0
	0.007	0.01	0.00904959	0.809249	0.214876	0.00247934	0.00357438	0.672566	0
	0.008	0.00900826	0.00838843	0.811209	0.18595	0.00254132	0.00307851	0.675926	0
	0.009	0.00696281	0.00840909	0.816265	0.157025	0.00208678	0.00336777	0.682692	0
	0.01	0.00708678	0.00780992	0.819018	0.140496	0.00227273	0.00303719	0.69697	0
	0.011	0.00659091	0.00704545	0.828125	0.128099	0.00260331	0.00297521	0.693878	0
	0.012	0.00609504	0.00780992	0.81761	0.119835	0.00272727	0.00268595	0.690722	0
	0.013	0.00576446	0.00733471	0.815873	0.103306	0.00245868	0.00216942	0.697917	0
	0.014	0.00663223	0.0068595	0.825806	0.0950413	0.00311983	0.00210744	0.697917	0
	0.015	0.00623967	0.00654959	0.826797	0.0909091	0.00305785	0.00216942	0.705263	0
	0.016	0.00623967	0.00692149	0.815789	0.0847107	0.00262397	0.0022314	0.712766	0
	0.017	0.0057438	0.00652893	0.804636	0.0826446	0.00235537	0.00188017	0.712766	0
	0.018	0.00576446	0.00619835	0.803987	0.0661157	0.00256198	0.00192149	0.712766	0
	0.019	0.00520661	0.0061157	0.807432	0.0640496	0.00231405	0.00206612	0.728261	0
	0.02	0.00566116	0.00547521	0.804054	0.0640496	0.00245868	0.0018595	0.728261	0
	0.021	0.005	0.00607438	0.802721	0.0619835	0.00171488	0.00183884	0.741573	0
	0.022	0.00487603	0.00559917	0.80756	0.0599174	0.00179752	0.00192149	0.75	0
	0.023	0.00512397	0.00576446	0.809689	0.0557851	0.00140496	0.00210744	0.75	0
	0.024	0.00469008	0.00580579	0.809028	0.053719	0.000867769	0.00152893	0.764706	0
	0.025	0.00514463	0.00504132	0.809859	0.0516529	0.000991736	0.00183884	0.783133	0
	0.026	0.00491736	0.00586777	0.814286	0.0516529	0.000371901	0.0014876	0.792683	0
	0.027	0.0039876	0.00512397	0.829091	0.0516529	0.000371901	0.00173554	0.802469	0
	0.028	0.00373967	0.00528926	0.821168	0.0495868	0.000475207	0.00121901	0.8125	0
	0.029	0.00382231	0.00576446	0.819853	0.0495868	0.000433884	0.0013843	0.842105	0
	0.03	0.00411157	0.00512397	0.816176	0.0475207	0.000371901	0.00134298	0.842105	0
	0.031	0.00309917	0.00506198	0.803704	0.0475207	0.000247934	0.00117769	0.864865	0
	0.032	0.00326446	0.00522727	0.807547	0.0475207	0.000227273	0.00142562	0.876712	0
	0.033	0.0032438	0.00590909	0.806818	0.0475207	0.000413223	0.00163223	0.876712	0
	0.034	0.00320248	0.0053719	0.808429	0.0475207	0.000309917	0.00159091	0.861111	0
	0.035	0.00340909	0.005	0.792308	0.0475207	0.000454545	0.00119835	0.847222	0
	0.036	0.00311983	0.00448347	0.791506	0.0454545	0.000392562	0.00128099	0.859155	0
	0.037	0.00332645	0.0047314	0.790698	0.0454545	0.000516529	0.00117769	0.857143	0
	0.038	0.00334711	0.0047314	0.792969	0.0454545	0.000413223	0.00126033	0.857143	0
	0.039	0.00328512	0.00448347	0.792157	0.0454545	0.000599174	0.00117769	0.857143	0
	0.04	0.00307851	0.0047314	0.801587	0.0454545	0.000392562	0.00115702	0.857143	0
	0.041	0.00353306	0.00477273	0.800797	0.0433884	0.000619835	0.00109504	0.857143	0
	0.042	0.00334711	0.00483471	0.806452	0.0433884	0.000640496	0.00126033	0.857143	0
	0.043	0.00318182	0.00448347	0.815574	0.0413223	0.000599174	0.000950413	0.857143	0
	0.044	0.00320248	0.00464876	0.822314	0.0413223	0.000495868	0.00103306	0.857143	0
	0.045	0.00297521	0.00460744	0.809917	0.0392562	0.00053719	0.0010124	0.842857	0
	0.046	0.00326446	0.00419421	0.797521	0.0392562	0.000599174	0.00134298	0.842857	0
	0.047	0.0031405	0.00427686	0.80083	0.0392562	0.000557851	0.00088843	0.842857	0
	0.048	0.00386364	0.00452479	0.805907	0.0392562	0.000557851	0.000867769	0.842857	0
	0.049	0.00365702	0.00380165	0.800847	0.0392562	0.000681818	0.00088843	0.842857	0
	0.05	0.0032438	0.00392562	0.793991	0.0392562	0.00088843	0.0011157	0.826087	0
	0.051	0.00338843	0.00442149	0.785408	0.0371901	0.000826446	0.00107438	0.797101	0
	0.052	0.00297521	0.00421488	0.780172	0.0371901	0.000826446	0.00105372	0.797101	0
	0.053	0.00342975	0.00458678	0.780172	0.035124	0.000599174	0.00134298	0.797101	0
	0.054	0.00291322	0.00378099	0.774892	0.035124	0.000681818	0.000826446	0.797101	0
	0.055	0.00295455	0.00402893	0.778261	0.0309917	0.0010124	0.000909091	0.797101	0
	0.056	0.00280992	0.00384298	0.778261	0.0309917	0.000764463	0.00088843	0.797101	0
	0.057	0.00295455	0.00373967	0.785088	0.0309917	0.000805785	0.000909091	0.797101	0
	0.058	0.0028719	0.00371901	0.785088	0.0309917	0.000826446	0.00105372	0.797101	0
	0.059	0.00266529	0.00322314	0.779736	0.0309917	0.000785124	0.000991736	0.797101	0
	0.06	0.00245868	0.00396694	0.783186	0.0309917	0.000785124	0.000826446	0.782609	0
	0.061	0.0027686	0.00355372	0.783186	0.0309917	0.000702479	0.00105372	0.80597	0
	0.062	0.00258264	0.00382231	0.782222	0.0309917	0.000619835	0.0011157	0.818182	0
	0.063	0.00270661	0.00347107	0.8	0.0309917	0.000764463	0.000971074	0.818182	0
	0.064	0.00241736	0.00301653	0.793578	0.0289256	0.00053719	0.000557851	0.80303	0
	0.065	0.00254132	0.0035124	0.793578	0.0289256	0.000619835	0.000785124	0.80303	0
	0.066	0.00301653	0.00353306	0.793578	0.0289256	0.000764463	0.000847107	0.787879	0
	0.067	0.00229339	0.00328512	0.806604	0.0289256	0.000516529	0.00072314	0.787879	0
	0.068	0.00237603	0.00371901	0.809524	0.0268595	0.000516529	0.00109504	0.8125	0
	0.069	0.00235537	0.00332645	0.808612	0.0268595	0.000640496	0.000743802	0.8125	0
	0.07	0.0022314	0.00311983	0.819512	0.0268595	0.000433884	0.00088843	0.809524	0
	0.071	0.00198347	0.00318182	0.818627	0.0247934	0.000371901	0.000764463	0.822581	0
	0.072	0.00214876	0.0035124	0.82266	0.0206612	0.000619835	0.00103306	0.822581	0
	0.073	0.00161157	0.00301653	0.817734	0.018595	0.00053719	0.000785124	0.822581	0
	0.074	0.0017562	0.00303719	0.807882	0.0165289	0.000433884	0.000909091	0.822581	0
	0.075	0.0014876	0.00285124	0.80198	0.0165289	0.000371901	0.000743802	0.819672	0
	0.076	0.00140496	0.00322314	0.80198	0.0144628	0.000309917	0.00107438	0.819672	0
	0.077	0.00128099	0.00307851	0.80198	0.0144628	0.00035124	0.000867769	0.819672	0
	0.078	0.00159091	0.00326446	0.81	0.0144628	0.000454545	0.000557851	0.819672	0
	0.079	0.00144628	0.00295455	0.81407	0.0144628	0.00035124	0.000516529	0.819672	0
	0.08	0.00165289	0.00297521	0.81407	0.0144628	0.000599174	0.000867769	0.819672	0
	0.081	0.00146694	0.00295455	0.826531	0.0123967	0.000599174	0.000702479	0.847458	0
	0.082	0.00123967	0.00291322	0.825641	0.0123967	0.000309917	0.000950413	0.862069	0
	0.083	0.00152893	0.00272727	0.829016	0.0123967	0.000330579	0.000702479	0.862069	0
	0.084	0.00132231	0.00326446	0.837696	0.0123967	0.000268595	0.000805785	0.892857	0
	0.085	0.00146694	0.00299587	0.831579	0.0103306	0.00035124	0.000557851	0.892857	0
	0.086	0.00113636	0.00280992	0.839572	0.0103306	0.000599174	0.000413223	0.892857	0
	0.087	0.00146694	0.00260331	0.842391	0.0103306	0.000433884	0.000764463	0.875	0
	0.088	0.00119835	0.00291322	0.84153	0.0103306	0.000227273	0.000619835	0.875	0
	0.089	0.00161157	0.00216942	0.846154	0.0103306	0.000516529	0.000702479	0.875	0
	0.09	0.00165289	0.00307851	0.846154	0.0103306	0.000454545	0.000661157	0.875	0
	0.091	0.00169421	0.00280992	0.839779	0.0103306	0.000392562	0.000599174	0.875	0
	0.092	0.00167355	0.00239669	0.81768	0.00826446	0.00035124	0.000640496	0.875	0
	0.093	0.00136364	0.00303719	0.816667	0.00826446	0.000289256	0.000557851	0.875	0
	0.094	0.00161157	0.00241736	0.821229	0.00826446	0.000371901	0.000681818	0.875	0
	0.095	0.00171488	0.00260331	0.821229	0.00619835	0.000392562	0.000826446	0.875	0
	0.096	0.00210744	0.00229339	0.810056	0.00619835	0.000392562	0.000578512	0.890909	0
	0.097	0.0017562	0.00262397	0.810056	0.00413223	0.000392562	0.000702479	0.890909	0
	0.098	0.00181818	0.00241736	0.804469	0.00413223	0.000247934	0.00053719	0.890909	0
	0.099	0.00169421	0.00231405	0.808989	0.00413223	0.000371901	0.000557851	0.890909	0
	0.1	0.00150826	0.00322314	0.803371	0.00413223	0.000289256	0.000681818	0.890909	0
	0.101	0.00157025	0.00241736	0.803371	0.00413223	0.000268595	0.000371901	0.890909	0
	0.102	0.00130165	0.00256198	0.80791	0.00413223	0.000268595	0.000619835	0.890909	0
	0.103	0.00161157	0.00245868	0.80791	0.00413223	0.000247934	0.000557851	0.890909	0
	0.104	0.0013843	0.00245868	0.8125	0.00413223	0.000330579	0.000557851	0.890909	0
	0.105	0.00150826	0.00229339	0.8125	0.00206612	0.000227273	0.000454545	0.907407	0
	0.106	0.00144628	0.00243802	0.811429	0.00206612	0.000247934	0.000371901	0.907407	0
	0.107	0.00171488	0.00221074	0.805714	0.00206612	0.000206612	0.000495868	0.924528	0
	0.108	0.00146694	0.00237603	0.815029	0.00206612	0.000206612	0.000495868	0.924528	0
	0.109	0.00181818	0.00210744	0.809249	0.00206612	0.00018595	0.000557851	0.924528	0
	0.11	0.0014876	0.00214876	0.809249	0.00206612	0.000247934	0.000516529	0.924528	0
	0.111	0.00154959	0.00229339	0.812865	0.00206612	0.000144628	0.000454545	0.924528	0
	0.112	0.00163223	0.00216942	0.812865	0.00206612	0.000247934	0.000661157	0.924528	0
	0.113	0.00159091	0.00183884	0.807018	0.00206612	0.000103306	0.000309917	0.90566	0
	0.114	0.00144628	0.00233471	0.805882	0.00206612	6.19835e-05	0.000599174	0.90566	0
	0.115	0.0014876	0.00233471	0.809524	0.00206612	0.000144628	0.000578512	0.90566	0
	0.116	0.00146694	0.00188017	0.803571	0.00206612	0.000123967	0.000495868	0.90566	0
	0.117	0.00119835	0.00231405	0.803571	0.00206612	6.19835e-05	0.000557851	0.90566	0
	0.118	0.00132231	0.0021281	0.803571	0.00206612	0.000144628	0.000475207	0.90566	0
	0.119	0.00140496	0.00221074	0.803571	0.00206612	6.19835e-05	0.000454545	0.90566	0
	0.12	0.00117769	0.00202479	0.813253	0.00206612	2.06612e-05	0.000516529	0.923077	0
	0.121	0.00126033	0.00206612	0.813253	0.00206612	0.000123967	0.000640496	0.923077	0
	0.122	0.00142562	0.00216942	0.812121	0	8.26446e-05	0.000433884	0.903846	0
	0.123	0.0014876	0.00198347	0.820988	0	0.000165289	0.000433884	0.903846	0
	0.124	0.000971074	0.00245868	0.820988	0	0.00018595	0.000392562	0.865385	0
	0.125	0.00113636	0.00177686	0.820988	0	0.000103306	0.000330579	0.882353	0
	0.126	0.00121901	0.00198347	0.819876	0	4.13223e-05	0.000516529	0.88	0
	0.127	0.00119835	0.00177686	0.819876	0	0.000103306	0.000371901	0.88	0
	0.128	0.000909091	0.00181818	0.825	0	4.13223e-05	0.000578512	0.86	0
	0.129	0.0011157	0.00169421	0.825	0	0.00018595	0.000433884	0.86	0
	0.13	0.0011157	0.0017562	0.823899	0	0.000227273	0.000247934	0.86	0
	0.131	0.00132231	0.00171488	0.81761	0	0.000268595	0.000433884	0.86	0
	0.132	0.000971074	0.00202479	0.811321	0	0.000227273	0.000599174	0.86	0
	0.133	0.00105372	0.0014876	0.810127	0	0.000309917	0.000392562	0.84	0
	0.134	0.00113636	0.0021281	0.803797	0	0.000392562	0.000578512	0.82	0
	0.135	0.000909091	0.00152893	0.819355	0	0.000247934	0.000371901	0.836735	0
	0.136	0.000805785	0.00154959	0.811688	0	0.000330579	0.000454545	0.836735	0
	0.137	0.00103306	0.00171488	0.816993	0	0.00035124	0.000268595	0.836735	0
	0.138	0.000991736	0.00173554	0.803922	0	0.000392562	0.000371901	0.816327	0
	0.139	0.000909091	0.0017562	0.803922	0	0.000433884	0.000413223	0.816327	0
	0.14	0.000826446	0.00163223	0.797386	0	0.000454545	0.000661157	0.816327	0
	0.141	0.000909091	0.00146694	0.797386	0	0.00035124	0.000454545	0.795918	0
	0.142	0.000929752	0.00192149	0.801325	0	0.000371901	0.000433884	0.795918	0
	0.143	0.00088843	0.00142562	0.801325	0	0.000309917	0.00035124	0.795918	0
	0.144	0.000805785	0.00194215	0.794702	0	0.000495868	0.000454545	0.795918	0
	0.145	0.00103306	0.00196281	0.810811	0	0.000619835	0.000454545	0.795918	0
	0.146	0.000785124	0.00171488	0.809524	0	0.000495868	0.000330579	0.77551	0
	0.147	0.0010124	0.00150826	0.815068	0	0.000619835	0.000413223	0.77551	0
	0.148	0.00105372	0.00161157	0.806897	0	0.000640496	0.000599174	0.77551	0
	0.149	0.00107438	0.00177686	0.8125	0	0.000743802	0.000289256	0.77551	0
	0.15	0.00103306	0.00171488	0.798611	0	0.000475207	0.00035124	0.755102	0
	0.151	0.000929752	0.00173554	0.804196	0	0.000661157	0.000475207	0.755102	0
	0.152	0.00126033	0.00206612	0.804196	0	0.000640496	0.000413223	0.755102	0
	0.153	0.00121901	0.00154959	0.804196	0	0.000702479	0.000371901	0.755102	0
	0.154	0.000909091	0.00161157	0.783217	0	0.00035124	0.000392562	0.755102	0
	0.155	0.000991736	0.00152893	0.794326	0	0.000599174	0.000330579	0.755102	0
	0.156	0.00115702	0.00144628	0.787234	0	0.000619835	0.000433884	0.755102	0
	0.157	0.000950413	0.00183884	0.780142	0	0.000475207	0.000392562	0.755102	0
	0.158	0.000950413	0.00123967	0.780142	0	0.000454545	0.000227273	0.755102	0
	0.159	0.00088843	0.00165289	0.765957	0	0.000516529	0.000413223	0.755102	0
	0.16	0.00123967	0.00150826	0.765957	0	0.000516529	0.000495868	0.755102	0
	0.161	0.000991736	0.00154959	0.771429	0	0.000433884	0.000371901	0.755102	0
	0.162	0.000847107	0.00146694	0.771429	0	0.000599174	0.000413223	0.755102	0
	0.163	0.00123967	0.00142562	0.779412	0	0.000557851	0.000247934	0.75	0
	0.164	0.00123967	0.00121901	0.764706	0	0.000433884	0.000454545	0.75	0
	0.165	0.00103306	0.00152893	0.757353	0	0.000330579	0.000392562	0.75	0
	0.166	0.000991736	0.00142562	0.75	0	0.000454545	0.000475207	0.75	0
	0.167	0.00107438	0.0014876	0.75	0	0.00035124	0.000289256	0.75	0
	0.168	0.000991736	0.00144628	0.75	0	0.000454545	0.00035124	0.75	0
	0.169	0.00121901	0.00119835	0.75	0	0.000309917	0.000330579	0.75	0
	0.17	0.00107438	0.00165289	0.75	0	0.000413223	0.000516529	0.75	0
	0.171	0.00088843	0.00140496	0.75	0	0.000392562	0.000454545	0.75	0
	0.172	0.00105372	0.00144628	0.742647	0	0.000309917	0.000433884	0.75	0
	0.173	0.00121901	0.00132231	0.740741	0	0.000392562	0.000433884	0.75	0
	0.174	0.00123967	0.00167355	0.738806	0	0.00035124	0.000433884	0.744681	0
	0.175	0.00128099	0.00157025	0.736842	0	0.000289256	0.000578512	0.76087	0
	0.176	0.00132231	0.00119835	0.729323	0	0.000495868	0.000309917	0.76087	0
	0.177	0.00103306	0.00144628	0.734848	0	0.000227273	0.00035124	0.76087	0
	0.178	0.00134298	0.00119835	0.734848	0	0.000371901	0.000247934	0.777778	0
	0.179	0.00144628	0.00157025	0.740458	0	0.000309917	0.000392562	0.777778	0
	0.18	0.00159091	0.00150826	0.740458	0	0.000309917	0.000413223	0.777778	0
	0.181	0.00146694	0.00161157	0.746154	0	0.000206612	0.000495868	0.795455	0
	0.182	0.00121901	0.0014876	0.746154	0	0.000309917	0.00035124	0.795455	0
	0.183	0.00126033	0.00113636	0.746154	0	0.000371901	0.000330579	0.813953	0
	0.184	0.00130165	0.00165289	0.751938	0	0.000268595	0.000268595	0.813953	0
	0.185	0.00119835	0.00121901	0.751938	0	0.00035124	0.000413223	0.813953	0
	0.186	0.00140496	0.00132231	0.751938	0	0.000268595	0.000247934	0.813953	0
	0.187	0.0013843	0.00152893	0.744186	0	0.000227273	0.000268595	0.833333	0
	0.188	0.00109504	0.00132231	0.728682	0	0.000123967	0.000247934	0.833333	0
	0.189	0.00130165	0.00123967	0.728682	0	0.00035124	0.000433884	0.853659	0
	0.19	0.00115702	0.00123967	0.726562	0	0.000165289	0.000371901	0.853659	0
	0.191	0.00128099	0.00144628	0.724409	0	0.00018595	0.000247934	0.853659	0
	0.192	0.00157025	0.00117769	0.730159	0	0.000227273	0.000371901	0.853659	0
	0.193	0.0014876	0.00144628	0.728	0	0.000330579	0.000413223	0.853659	0
	0.194	0.00140496	0.00119835	0.728	0	0.000165289	0.000289256	0.853659	0
	0.195	0.0011157	0.00113636	0.72	0	6.19835e-05	0.000330579	0.853659	0
	0.196	0.00088843	0.00136364	0.712	0	2.06612e-05	0.000268595	0.853659	0
	0.197	0.00134298	0.00136364	0.717742	0	0.000144628	0.000454545	0.853659	0
	0.198	0.00126033	0.00117769	0.723577	0	8.26446e-05	0.000413223	0.875	0
	0.199	0.00161157	0.00128099	0.723577	0	0.000144628	0.000433884	0.875	0
	0.2	0.00134298	0.0011157	0.723577	0	0.000268595	0.000392562	0.875	0
	0.201	0.00128099	0.00121901	0.699187	0	0.000227273	0.000578512	0.85	0
	0.202	0.00119835	0.00121901	0.699187	0	0.000247934	0.000289256	0.85	0
	0.203	0.000991736	0.0013843	0.704918	0	0.000165289	0.000392562	0.871795	0
	0.204	0.00105372	0.00142562	0.710744	0	8.26446e-05	0.000475207	0.918919	0
	0.205	0.00107438	0.00117769	0.710744	0	0.00018595	0.000619835	0.918919	0
	0.206	0.00107438	0.00126033	0.710744	0	6.19835e-05	0.000557851	0.918919	0
	0.207	0.00105372	0.00121901	0.716667	0	0.00018595	0.000392562	0.918919	0
	0.208	0.00115702	0.00107438	0.705882	0	0.000144628	0.00035124	0.864865	0
	0.209	0.000785124	0.0010124	0.705882	0	6.19835e-05	0.000413223	0.837838	0
	0.21	0.00115702	0.00142562	0.697479	0	8.26446e-05	0.000413223	0.837838	0
	0.211	0.000805785	0.00105372	0.697479	0	0.000144628	0.000392562	0.837838	0
	0.212	0.000805785	0.00132231	0.721739	0	0.000123967	0.00035124	0.861111	0
	0.213	0.000929752	0.00107438	0.72807	0	0.000123967	0.000309917	0.861111	0
	0.214	0.000743802	0.00142562	0.734513	0	8.26446e-05	0.000433884	0.861111	0
	0.215	0.000971074	0.00105372	0.725664	0	0.000103306	0.000268595	0.861111	0
	0.216	0.000743802	0.00150826	0.732143	0	0.00018595	0.000227273	0.861111	0
	0.217	0.000847107	0.00130165	0.738739	0	0.000247934	0.000330579	0.861111	0
	0.218	0.000743802	0.00142562	0.752294	0	0.000123967	0.000392562	0.861111	0
	0.219	0.000847107	0.00103306	0.752294	0	0.000123967	0.000309917	0.861111	0
	0.22	0.000929752	0.0011157	0.743119	0	0.000123967	0.000247934	0.861111	0
	0.221	0.000764463	0.000971074	0.75	0	6.19835e-05	0.000206612	0.861111	0
	0.222	0.000764463	0.000991736	0.757009	0	0.000123967	0.000371901	0.861111	0
	0.223	0.00088843	0.00119835	0.757009	0	4.13223e-05	0.000392562	0.861111	0
	0.224	0.000702479	0.000971074	0.757009	0	0.000165289	0.000330579	0.861111	0
	0.225	0.000971074	0.00115702	0.747664	0	8.26446e-05	0.00035124	0.861111	0
	0.226	0.000785124	0.00126033	0.745283	0	0.000103306	0.000309917	0.861111	0
	0.227	0.000640496	0.00105372	0.742857	0	0.000144628	0.000206612	0.861111	0
	0.228	0.000847107	0.00105372	0.742857	0	0.00018595	0.000392562	0.861111	0
	0.229	0.0010124	0.00105372	0.740385	0	0.000206612	0.00035124	0.861111	0
	0.23	0.000681818	0.00119835	0.747573	0	0.00018595	0.00035124	0.861111	0
	0.231	0.000826446	0.00103306	0.754902	0	0.000206612	0.000227273	0.861111	0
	0.232	0.000826446	0.000867769	0.762376	0	0.000103306	0.000289256	0.861111	0
	0.233	0.00072314	0.00109504	0.752475	0	0.000144628	0.000330579	0.885714	0
	0.234	0.00072314	0.00088843	0.75	0	0.000144628	0.000330579	0.885714	0
	0.235	0.000805785	0.00121901	0.75	0	0.000206612	0.000268595	0.885714	0
	0.236	0.000681818	0.000971074	0.74	0	0.00018595	0.000309917	0.885714	0
	0.237	0.000702479	0.00117769	0.74	0	0.000206612	0.000392562	0.885714	0
	0.238	0.000743802	0.000950413	0.73	0	0.000144628	0.000144628	0.857143	0
	0.239	0.000702479	0.00117769	0.73	0	0.000247934	0.000330579	0.857143	0
	0.24	0.000681818	0.000950413	0.73	0	0.000123967	0.000289256	0.857143	0
	0.241	0.000764463	0.00103306	0.73	0	0.000103306	0.000123967	0.857143	0
	0.242	0.000702479	0.000805785	0.737374	0	0.000103306	0.000371901	0.857143	0
	0.243	0.000516529	0.00113636	0.734694	0	0.000206612	0.000165289	0.857143	0
	0.244	0.00088843	0.000929752	0.742268	0	0.000165289	0.00018595	0.857143	0
	0.245	0.000785124	0.0010124	0.742268	0	0.000103306	0.000289256	0.857143	0
	0.246	0.000557851	0.00105372	0.731959	0	0.000165289	0.000330579	0.857143	0
	0.247	0.00107438	0.0011157	0.731959	0	0.000206612	0.000165289	0.857143	0
	0.248	0.00103306	0.000867769	0.71134	0	0.000103306	0.000289256	0.828571	0
	0.249	0.00107438	0.00107438	0.71134	0	0.000144628	0.000103306	0.828571	0
	0.25	0.000743802	0.00115702	0.71875	0	0.000206612	0.00035124	0.828571	0
	0.251	0.000909091	0.00109504	0.71875	0	0.00018595	0.000392562	0.828571	0
	0.252	0.000743802	0.000950413	0.734043	0	0.000206612	0.000371901	0.828571	0
	0.253	0.000826446	0.00103306	0.75	0	0.000103306	0.00018595	0.828571	0
	0.254	0.000847107	0.000950413	0.75	0	0.000227273	0.000289256	0.852941	0
	0.255	0.000681818	0.000826446	0.766667	0	0.000165289	0.000289256	0.852941	0
	0.256	0.000826446	0.000867769	0.766667	0	0.000103306	0.000268595	0.852941	0
	0.257	0.000702479	0.00103306	0.766667	0	0.000206612	0.000227273	0.852941	0
	0.258	0.000681818	0.000805785	0.766667	0	0.000247934	0.000289256	0.852941	0
	0.259	0.000702479	0.00072314	0.764045	0	0.000206612	0.000144628	0.852941	0
	0.26	0.00053719	0.000764463	0.764045	0	0.000165289	0.000268595	0.852941	0
	0.261	0.000950413	0.00088843	0.764045	0	0.000144628	0.000206612	0.852941	0
	0.262	0.000826446	0.000681818	0.764045	0	0.000206612	0.000268595	0.852941	0
	0.263	0.000950413	0.00123967	0.764045	0	0.000227273	0.000247934	0.852941	0
	0.264	0.000971074	0.00107438	0.752809	0	0.000103306	0.000268595	0.852941	0
	0.265	0.000909091	0.000805785	0.752809	0	6.19835e-05	0.000165289	0.852941	0
	0.266	0.000764463	0.000929752	0.761364	0	0.000206612	0.000165289	0.852941	0
	0.267	0.00072314	0.0011157	0.761364	0	0.000247934	0.000227273	0.852941	0
	0.268	0.000661157	0.000950413	0.761364	0	0.000144628	0.000330579	0.852941	0
	0.269	0.000805785	0.000661157	0.761364	0	0.000123967	0.000227273	0.852941	0
	0.27	0.000764463	0.000681818	0.75	0	0.000144628	0.000165289	0.852941	0
	0.271	0.000702479	0.000826446	0.75	0	0.000103306	0.000165289	0.852941	0
	0.272	0.000743802	0.000578512	0.75	0	0.000206612	0.000165289	0.852941	0
	0.273	0.000764463	0.0010124	0.75	0	0.000144628	0.000330579	0.852941	0
	0.274	0.000578512	0.00072314	0.75	0	8.26446e-05	0.000330579	0.878788	0
	0.275	0.000516529	0.000702479	0.75	0	8.26446e-05	0.00018595	0.878788	0
	0.276	0.000681818	0.000785124	0.747126	0	0.000165289	0.000247934	0.878788	0
	0.277	0.000681818	0.000785124	0.747126	0	0.000206612	0.000289256	0.878788	0
	0.278	0.000743802	0.0010124	0.724138	0	0.000123967	0.000330579	0.818182	0
	0.279	0.000371901	0.000785124	0.732558	0	0.000144628	0.00018595	0.818182	0
	0.28	0.000433884	0.000909091	0.732558	0	0.000103306	0.00018595	0.818182	0
	0.281	0.000640496	0.000619835	0.741176	0	0.00018595	0.000123967	0.84375	0
	0.282	0.000516529	0.000971074	0.741176	0	0.000123967	0.000206612	0.84375	0
	0.283	0.000785124	0.000950413	0.75	0	0.000103306	0.000123967	0.84375	0
	0.284	0.00072314	0.000929752	0.75	0	0.000227273	0.000247934	0.84375	0
	0.285	0.000640496	0.00072314	0.75	0	0.000123967	0.000144628	0.84375	0
	0.286	0.000454545	0.000764463	0.759036	0	0.000123967	0.000289256	0.84375	0
	0.287	0.00035124	0.000764463	0.759036	0	8.26446e-05	0.000144628	0.84375	0
	0.288	0.000681818	0.000826446	0.746988	0	0.000227273	0.000165289	0.8125	0
	0.289	0.000392562	0.000764463	0.756098	0	8.26446e-05	0.000247934	0.8125	0
	0.29	0.000681818	0.000681818	0.756098	0	0.000165289	0.000165289	0.8125	0
	0.291	0.000454545	0.000619835	0.78481	0	0.000165289	0.000247934	0.8125	0
	0.292	0.000516529	0.000826446	0.78481	0	0.000165289	0.00018595	0.8125	0
	0.293	0.000268595	0.000681818	0.78481	0	6.19835e-05	4.13223e-05	0.8125	0
	0.294	0.000557851	0.000599174	0.78481	0	0.000206612	0.000206612	0.8125	0
	0.295	0.000454545	0.00088843	0.772152	0	0.000144628	0.000247934	0.8125	0
	0.296	0.000475207	0.000743802	0.772152	0	0.000123967	0.000268595	0.8125	0
	0.297	0.000661157	0.000661157	0.782051	0	0.00018595	8.26446e-05	0.78125	0
	0.298	0.000454545	0.00053719	0.75641	0	0.000206612	0.000206612	0.78125	0
	0.299	0.000661157	0.000826446	0.766234	0	0.000144628	0.000206612	0.806452	0
	0.3	0.000495868	0.000599174	0.753247	0	0.000227273	0.00018595	0.806452	0
	0.301	0.000371901	0.000764463	0.753247	0	0.000144628	0.00035124	0.806452	0
	0.302	0.000268595	0.000599174	0.753247	0	0.000144628	0.000144628	0.806452	0
	0.303	0.00035124	0.000661157	0.753247	0	8.26446e-05	0.000144628	0.806452	0
	0.304	0.000392562	0.000764463	0.753247	0	0.000123967	6.19835e-05	0.806452	0
	0.305	0.000640496	0.000702479	0.753247	0	0.000268595	0.000144628	0.806452	0
	0.306	0.00035124	0.000681818	0.753247	0	0.00018595	0.000289256	0.806452	0
	0.307	0.00053719	0.000702479	0.753247	0	0.00018595	0.000206612	0.806452	0
	0.308	0.000330579	0.000743802	0.763158	0	0.00018595	0.00018595	0.833333	0
	0.309	0.000413223	0.00072314	0.783784	0	0.00018595	0.00018595	0.833333	0
	0.31	0.000599174	0.000702479	0.783784	0	0.00035124	8.26446e-05	0.833333	0
	0.311	0.000392562	0.000599174	0.794521	0	0.000268595	0.00018595	0.833333	0
	0.312	0.000392562	0.000475207	0.794521	0	0.000247934	0.000144628	0.833333	0
	0.313	0.000413223	0.000640496	0.816901	0	0.000289256	0.000268595	0.862069	0
	0.314	0.000413223	0.000702479	0.814286	0	8.26446e-05	0.00018595	0.862069	0
	0.315	0.000371901	0.000640496	0.814286	0	0.00018595	0.000144628	0.862069	0
	0.316	0.000330579	0.000764463	0.814286	0	0.000123967	0.000247934	0.862069	0
	0.317	0.000433884	0.00053719	0.814286	0	0.00018595	0.00018595	0.862069	0
	0.318	0.000475207	0.000702479	0.814286	0	0.000165289	0.000165289	0.862069	0
	0.319	0.00035124	0.000599174	0.814286	0	0.000103306	0.000123967	0.862069	0
	0.32	0.000206612	0.000702479	0.814286	0	0.000123967	0.00018595	0.862069	0
	0.321	0.000557851	0.000681818	0.814286	0	0.000289256	6.19835e-05	0.862069	0
	0.322	0.000309917	0.000516529	0.814286	0	0.000103306	0.000144628	0.862069	0
	0.323	0.000247934	0.000433884	0.811594	0	0.000165289	0.000123967	0.862069	0
	0.324	0.000516529	0.00053719	0.811594	0	0.000227273	0.000165289	0.862069	0
	0.325	0.000247934	0.00053719	0.797101	0	0.000144628	0.000165289	0.862069	0
	0.326	0.000454545	0.000640496	0.797101	0	0.000206612	0.000123967	0.862069	0
	0.327	0.000413223	0.000785124	0.808824	0	0.000227273	0.000268595	0.862069	0
	0.328	0.000309917	0.000681818	0.808824	0	8.26446e-05	0.000165289	0.862069	0
	0.329	0.000309917	0.000909091	0.794118	0	0.000227273	0.000165289	0.862069	0
	0.33	0.000330579	0.000454545	0.794118	0	0.000103306	6.19835e-05	0.862069	0
	0.331	0.000475207	0.000743802	0.794118	0	0.000144628	0.000123967	0.862069	0
	0.332	0.00035124	0.000433884	0.80597	0	6.19835e-05	0.000144628	0.862069	0
	0.333	0.000289256	0.00053719	0.80597	0	6.19835e-05	0.000165289	0.862069	0
	0.334	0.000206612	0.000557851	0.80303	0	0.000103306	0.000165289	0.862069	0
	0.335	0.000495868	0.000330579	0.80303	0	0.000144628	0.000289256	0.862069	0
	0.336	0.000289256	0.000578512	0.80303	0	0.000103306	0.000165289	0.862069	0
	0.337	0.00035124	0.000619835	0.80303	0	4.13223e-05	0.000123967	0.862069	0
	0.338	0.000371901	0.000578512	0.80303	0	8.26446e-05	0.00018595	0.862069	0
	0.339	0.000413223	0.00072314	0.815385	0	8.26446e-05	0.000123967	0.892857	0
	0.34	0.000268595	0.000681818	0.815385	0	4.13223e-05	0.000165289	0.892857	0
	0.341	0.000268595	0.000371901	0.815385	0	0.000103306	6.19835e-05	0.892857	0
	0.342	0.000371901	0.00053719	0.8	0	8.26446e-05	0.000123967	0.892857	0
	0.343	0.000268595	0.000599174	0.8	0	4.13223e-05	0.000165289	0.892857	0
	0.344	0.000309917	0.000433884	0.8	0	8.26446e-05	0.000165289	0.892857	0
	0.345	0.000454545	0.000578512	0.8	0	0.000103306	8.26446e-05	0.892857	0
	0.346	0.000247934	0.000619835	0.796875	0	0.000103306	0.000123967	0.892857	0
	0.347	0.000309917	0.000681818	0.796875	0	0.000123967	6.19835e-05	0.892857	0
	0.348	0.000330579	0.00053719	0.796875	0	6.19835e-05	0.000123967	0.892857	0
	0.349	0.000123967	0.000454545	0.796875	0	0	0.000144628	0.892857	0
	0.35	0.000309917	0.00053719	0.796875	0	4.13223e-05	6.19835e-05	0.892857	0
	0.351	0.000268595	0.000475207	0.796875	0	2.06612e-05	8.26446e-05	0.892857	0
	0.352	0.000206612	0.000557851	0.796875	0	2.06612e-05	0.000103306	0.892857	0
	0.353	0.000330579	0.000495868	0.796875	0	0	0.000103306	0.892857	0
	0.354	0.000268595	0.000454545	0.78125	0	2.06612e-05	0.00018595	0.892857	0
	0.355	0.000268595	0.000454545	0.78125	0	0	0.00018595	0.892857	0
	0.356	0.000433884	0.000371901	0.78125	0	0	0.000144628	0.892857	0
	0.357	0.000495868	0.000599174	0.78125	0	0	0.00018595	0.892857	0
	0.358	0.000495868	0.000392562	0.78125	0	2.06612e-05	0.000103306	0.892857	0
	0.359	0.000227273	0.000495868	0.793651	0	2.06612e-05	4.13223e-05	0.925926	0
	0.36	0.000289256	0.000619835	0.806452	0	0	0.000103306	0.961538	0
	0.361	0.000289256	0.00035124	0.806452	0	0	6.19835e-05	0.961538	0
	0.362	0.000309917	0.000454545	0.819672	0	0	0.000103306	0.961538	0
	0.363	0.000289256	0.000516529	0.819672	0	0	0.000123967	0.961538	0
	0.364	0.000413223	0.000495868	0.819672	0	0	0.000206612	0.961538	0
	0.365	0.000454545	0.000454545	0.819672	0	0	6.19835e-05	0.961538	0
	0.366	0.000495868	0.000247934	0.819672	0	0	0.000165289	0.961538	0
	0.367	0.000330579	0.000371901	0.847458	0	0	0.00018595	0.961538	0
	0.368	0.000227273	0.00035124	0.847458	0	0	8.26446e-05	0.961538	0
	0.369	0.000557851	0.000557851	0.847458	0	2.06612e-05	0.000103306	0.961538	0
	0.37	0.00035124	0.000454545	0.847458	0	0	0.000227273	0.961538	0
	0.371	0.000371901	0.000309917	0.847458	0	0	0.000165289	0.961538	0
	0.372	0.000247934	0.000413223	0.847458	0	0	0.000103306	0.961538	0
	0.373	0.000413223	0.000557851	0.847458	0	0	0.000123967	0.961538	0
	0.374	0.000392562	0.000330579	0.847458	0	0	8.26446e-05	0.961538	0
	0.375	0.000599174	0.000454545	0.847458	0	0	0.000103306	0.961538	0
	0.376	0.000206612	0.000413223	0.847458	0	0	0.000103306	0.961538	0
	0.377	0.000289256	0.000516529	0.847458	0	0	0.000123967	0.961538	0
	0.378	0.000392562	0.000557851	0.847458	0	0	0.00018595	0.961538	0
	0.379	0.000289256	0.000433884	0.830508	0	0	0.000165289	0.961538	0
	0.38	0.000454545	0.000371901	0.830508	0	0	6.19835e-05	0.961538	0
	0.381	0.00018595	0.000413223	0.830508	0	0	0.000144628	0.961538	0
	0.382	0.000330579	0.000433884	0.830508	0	0	6.19835e-05	0.961538	0
	0.383	0.000247934	0.000454545	0.830508	0	0	0.000144628	0.961538	0
	0.384	0.000330579	0.00035124	0.813559	0	2.06612e-05	0.000123967	0.961538	0
	0.385	0.000206612	0.000454545	0.813559	0	0	8.26446e-05	1	0
	0.386	0.000268595	0.000557851	0.813559	0	0	8.26446e-05	1	0
	0.387	0.00018595	0.000413223	0.813559	0	0	4.13223e-05	1	0
	0.388	0.000123967	0.000557851	0.827586	0	0	0.00018595	1	0
	0.389	0.000247934	0.000413223	0.827586	0	0	0.000144628	1	0
	0.39	0.000227273	0.000475207	0.810345	0	0	0.000227273	1	0
	0.391	0.000309917	0.00035124	0.810345	0	0	2.06612e-05	1	0
	0.392	0.000165289	0.000330579	0.824561	0	0	4.13223e-05	1	0
	0.393	0.00018595	0.000454545	0.824561	0	0	0.000206612	1	0
	0.394	0.000123967	0.000413223	0.824561	0	0	0.000123967	1	0
	0.395	0.000206612	0.000413223	0.824561	0	0	0.000123967	1	0
	0.396	0.000227273	0.000392562	0.824561	0	0	0.000144628	1	0
	0.397	0.000206612	0.000495868	0.824561	0	0	0.000165289	1	0
	0.398	0.000206612	0.000516529	0.824561	0	0	0.000103306	1	0
	0.399	0.00018595	0.000433884	0.839286	0	0	0.000227273	1	0
	0.4	0.000247934	0.000619835	0.821429	0	0	0.000103306	1	0
	0.401	0.000144628	0.000206612	0.803571	0	0	2.06612e-05	1	0
	0.402	0.000144628	0.00035124	0.803571	0	0	0.000165289	1	0
	0.403	0.000144628	0.000475207	0.803571	0	0	0.000165289	1	0
	0.404	0.000206612	0.000371901	0.803571	0	0	0.000103306	1	0
	0.405	0.00035124	0.000392562	0.818182	0	0	0.000123967	1	0
	0.406	0.000206612	0.000413223	0.833333	0	0	8.26446e-05	1	0
	0.407	0.000268595	0.000392562	0.833333	0	0	0.000103306	1	0
	0.408	0.00018595	0.000330579	0.833333	0	0	0.000144628	1	0
	0.409	0.000268595	0.000309917	0.833333	0	0	0.000103306	1	0
	0.41	0.000206612	0.00072314	0.849057	0	0	6.19835e-05	1	0
	0.411	0.000123967	0.000289256	0.849057	0	0	0.000103306	1	0
	0.412	8.26446e-05	0.000247934	0.849057	0	0	6.19835e-05	1	0
	0.413	0.000123967	0.000475207	0.849057	0	0	0.000227273	1	0
	0.414	0.000144628	0.00035124	0.849057	0	0	0.000144628	1	0
	0.415	0.000165289	0.000433884	0.849057	0	0	8.26446e-05	1	0
	0.416	0.000206612	0.000309917	0.849057	0	0	0.000103306	1	0
	0.417	0.000206612	0.000268595	0.849057	0	0	0.000103306	1	0
	0.418	0.000247934	0.00035124	0.849057	0	0	0.000144628	1	0
	0.419	0.00018595	0.000206612	0.849057	0	0	6.19835e-05	1	0
	0.42	0.000206612	0.000413223	0.849057	0	0	6.19835e-05	1	0
	0.421	0.000227273	0.000268595	0.849057	0	0	0.000123967	1	0
	0.422	0.000268595	0.000413223	0.865385	0	0	2.06612e-05	1	0
	0.423	0.000330579	0.000309917	0.846154	0	0	0.000123967	1	0
	0.424	0.000289256	0.000371901	0.846154	0	0	0.000103306	1	0
	0.425	0.000206612	0.000247934	0.862745	0	0	0.000103306	1	0
	0.426	0.000227273	0.000247934	0.862745	0	0	0.000103306	1	0
	0.427	0.000165289	0.000309917	0.88	0	0	8.26446e-05	1	0
	0.428	0.000247934	0.000268595	0.88	0	0	4.13223e-05	1	0
	0.429	0.000144628	0.000392562	0.88	0	0	0.000165289	1	0
	0.43	0.000144628	0.000247934	0.88	0	0	4.13223e-05	1	0
	0.431	0.000144628	0.000289256	0.88	0	0	4.13223e-05	1	0
	0.432	0.00018595	0.000268595	0.88	0	0	8.26446e-05	1	0
	0.433	0.000227273	0.000392562	0.88	0	0	0.000103306	1	0
	0.434	0.000309917	0.000330579	0.88	0	0	6.19835e-05	1	0
	0.435	0.000289256	0.000289256	0.88	0	0	0.000123967	1	0
	0.436	0.000206612	0.000309917	0.88	0	0	8.26446e-05	1	0
	0.437	0.000144628	0.000330579	0.88	0	0	6.19835e-05	1	0
	0.438	0.00018595	0.000227273	0.88	0	0	4.13223e-05	1	0
	0.439	0.000227273	0.000454545	0.88	0	0	0.000123967	1	0
	0.44	0.000247934	0.00018595	0.88	0	0	0.000144628	1	0
	0.441	0.00018595	0.00035124	0.88	0	0	0.000144628	1	0
	0.442	0.000165289	0.000165289	0.88	0	0	0.000123967	1	0
	0.443	0.000123967	0.000247934	0.88	0	0	8.26446e-05	1	0
	0.444	0.00018595	0.000433884	0.88	0	0	0.000144628	1	0
	0.445	0.000103306	0.000309917	0.88	0	0	0.000123967	1	0
	0.446	0.00018595	0.000289256	0.88	0	0	0.000123967	1	0
	0.447	0.000103306	0.000371901	0.88	0	0	8.26446e-05	1	0
	0.448	0.000165289	0.000247934	0.88	0	0	0.000123967	1	0
	0.449	0.000247934	0.00035124	0.88	0	0	0.000103306	1	0
	0.45	0.00018595	0.00035124	0.877551	0	0	8.26446e-05	1	0
	0.451	0.000165289	0.000144628	0.877551	0	0	4.13223e-05	1	0
	0.452	0.000144628	0.000309917	0.877551	0	0	0.000123967	1	0
	0.453	0.00018595	0.000309917	0.877551	0	0	8.26446e-05	1	0
	0.454	0.000206612	0.00035124	0.857143	0	0	0.000123967	1	0
	0.455	0.000144628	0.000433884	0.857143	0	0	0.000123967	1	0
	0.456	0.000247934	0.000433884	0.857143	0	0	0.000123967	1	0
	0.457	0.000247934	0.000330579	0.857143	0	0	4.13223e-05	1	0
	0.458	8.26446e-05	0.000247934	0.836735	0	0	0.000103306	1	0
	0.459	0.000103306	0.000206612	0.816327	0	0	0.000103306	1	0
	0.46	0.00018595	0.000206612	0.816327	0	0	0.000144628	1	0
	0.461	0.000268595	0.000268595	0.833333	0	0	0.000165289	1	0
	0.462	0.000144628	0.000289256	0.833333	0	0	0.000165289	1	0
	0.463	0.000144628	0.000247934	0.833333	0	0	0.000123967	1	0
	0.464	0.000123967	0.00035124	0.851064	0	0	0.000123967	1	0
	0.465	6.19835e-05	0.000247934	0.851064	0	0	6.19835e-05	1	0
	0.466	0.000206612	0.00018595	0.851064	0	0	4.13223e-05	1	0
	0.467	0.000165289	0.000413223	0.851064	0	0	0.000144628	1	0
	0.468	0.000206612	0.000330579	0.829787	0	0	0.000165289	1	0
	0.469	0.000206612	0.000206612	0.829787	0	0	4.13223e-05	1	0
	0.47	0.000206612	0.00018595	0.829787	0	0	0.000144628	1	0
	0.471	0.000165289	0.00035124	0.829787	0	0	0.000144628	1	0
	0.472	8.26446e-05	0.000268595	0.829787	0	0	0.000103306	1	0
	0.473	0.000289256	0.000309917	0.829787	0	0	0.000165289	1	0
	0.474	0.000247934	0.00035124	0.829787	0	0	8.26446e-05	1	0
	0.475	8.26446e-05	0.000227273	0.829787	0	0	8.26446e-05	1	0
	0.476	0.000103306	0.00035124	0.829787	0	0	2.06612e-05	1	0
	0.477	0.000165289	0.000309917	0.829787	0	0	6.19835e-05	1	0
	0.478	0.000165289	0.000309917	0.847826	0	0	0.000247934	1	0
	0.479	0.000123967	0.000330579	0.847826	0	0	0.000103306	1	0
	0.48	0.000123967	0.000309917	0.847826	0	0	8.26446e-05	1	0
	0.481	0.000144628	0.000206612	0.847826	0	0	0.000103306	1	0
	0.482	0.000165289	0.000454545	0.847826	0	0	0.000206612	1	0
	0.483	0.000103306	0.000413223	0.847826	0	0	0.00018595	1	0
	0.484	0.00018595	0.000371901	0.847826	0	0	8.26446e-05	1	0
	0.485	0.000227273	0.000309917	0.866667	0	0	0.000123967	1	0
	0.486	0.00018595	0.000144628	0.866667	0	2.06612e-05	8.26446e-05	1	0
	0.487	0.00018595	0.000227273	0.844444	0	0	0.000123967	0.96	0
	0.488	0.000309917	0.000144628	0.844444	0	4.13223e-05	2.06612e-05	0.96	0
	0.489	0.000247934	0.000309917	0.8	0	0	0.000103306	0.96	0
	0.49	0.000247934	0.000309917	0.8	0	2.06612e-05	8.26446e-05	0.96	0
	0.491	0.000247934	0.000330579	0.8	0	2.06612e-05	0.000103306	0.96	0
	0.492	0.000268595	0.000247934	0.8	0	4.13223e-05	0.000206612	0.96	0
	0.493	0.000268595	0.000247934	0.8	0	0	0.000103306	0.96	0
	0.494	0.00018595	0.000227273	0.8	0	2.06612e-05	2.06612e-05	0.96	0
	0.495	0.000268595	0.000330579	0.8	0	4.13223e-05	0.000144628	0.96	0
	0.496	0.000268595	0.000268595	0.8	0	4.13223e-05	0.000103306	0.96	0
	0.497	0.000433884	0.00018595	0.8	0	8.26446e-05	0.000144628	0.96	0
	0.498	0.00018595	0.000123967	0.8	0	0	8.26446e-05	0.96	0
	0.499	0.000227273	0.000289256	0.8	0	4.13223e-05	0.000103306	0.96	0
	0.5	0.000247934	0.000309917	0.8	0	4.13223e-05	0.000144628	0.96	0
	0.501	0.000495868	0.000247934	0.8	0	6.19835e-05	4.13223e-05	0.96	0
	0.502	0.00018595	0.000144628	0.818182	0	4.13223e-05	0.000144628	0.96	0
	0.503	0.000289256	0.000371901	0.818182	0	0	0.000123967	0.96	0
	0.504	0.000309917	0.000289256	0.818182	0	2.06612e-05	0.000103306	0.96	0
	0.505	0.000289256	0.000144628	0.818182	0	2.06612e-05	6.19835e-05	0.96	0
	0.506	0.000330579	0.000433884	0.818182	0	6.19835e-05	0.00018595	0.96	0
	0.507	0.000330579	0.000371901	0.818182	0	6.19835e-05	0.000144628	0.96	0
	0.508	0.000330579	0.000206612	0.818182	0	8.26446e-05	0.000103306	0.96	0
	0.509	0.000289256	0.000330579	0.818182	0	8.26446e-05	0.000289256	0.96	0
	0.51	0.000309917	0.000268595	0.818182	0	4.13223e-05	8.26446e-05	0.96	0
	0.511	0.00018595	0.000309917	0.818182	0	0	0.000103306	0.96	0
	0.512	0.000413223	0.00018595	0.818182	0	6.19835e-05	0.000103306	0.96	0
	0.513	0.000165289	0.00035124	0.818182	0	0	0.000144628	0.96	0
	0.514	0.000330579	0.000247934	0.818182	0	6.19835e-05	0.000144628	0.96	0
	0.515	0.000165289	0.000268595	0.818182	0	2.06612e-05	4.13223e-05	0.96	0
	0.516	0.000247934	0.000289256	0.818182	0	2.06612e-05	0.000123967	0.96	0
	0.517	0.000268595	0.000206612	0.818182	0	0.000103306	6.19835e-05	0.96	0
	0.518	0.000165289	0.000475207	0.818182	0	2.06612e-05	0.000206612	0.96	0
	0.519	0.000289256	0.000268595	0.818182	0	4.13223e-05	0.000123967	0.96	0
	0.52	0.000330579	0.000309917	0.818182	0	6.19835e-05	8.26446e-05	0.96	0
	0.521	0.000165289	0.000206612	0.818182	0	4.13223e-05	0.000165289	0.96	0
	0.522	0.00035124	0.000289256	0.818182	0	8.26446e-05	0.000123967	0.96	0
	0.523	0.000289256	0.00018595	0.837209	0	4.13223e-05	8.26446e-05	0.96	0
	0.524	0.000206612	0.000371901	0.813953	0	4.13223e-05	6.19835e-05	0.92	0
	0.525	0.000247934	0.000330579	0.813953	0	4.13223e-05	0.000103306	0.92	0
	0.526	0.000123967	0.000289256	0.833333	0	2.06612e-05	8.26446e-05	0.92	0
	0.527	0.000165289	0.000144628	0.833333	0	2.06612e-05	8.26446e-05	0.92	0
	0.528	0.000165289	0.000247934	0.833333	0	2.06612e-05	0.000123967	0.92	0
	0.529	0.00018595	0.000330579	0.833333	0	6.19835e-05	0.00018595	0.92	0
	0.53	0.000227273	0.000206612	0.833333	0	8.26446e-05	8.26446e-05	0.92	0
	0.531	0.000144628	0.000227273	0.833333	0	0	0.000309917	0.92	0
	0.532	0.00018595	0.000247934	0.833333	0	4.13223e-05	0.000165289	0.92	0
	0.533	0.000165289	0.000103306	0.853659	0	4.13223e-05	8.26446e-05	0.92	0
	0.534	0.00018595	0.000227273	0.853659	0	6.19835e-05	6.19835e-05	0.92	0
	0.535	0.000144628	0.000206612	0.853659	0	4.13223e-05	0.000165289	0.92	0
	0.536	0.000165289	0.000144628	0.875	0	2.06612e-05	0.000103306	0.92	0
	0.537	0.000103306	0.000227273	0.875	0	4.13223e-05	6.19835e-05	0.92	0
	0.538	6.19835e-05	0.000144628	0.875	0	4.13223e-05	0.000123967	0.92	0
	0.539	8.26446e-05	0.000103306	0.875	0	2.06612e-05	6.19835e-05	0.92	0
	0.54	0.000165289	0.000330579	0.875	0	6.19835e-05	0.000144628	0.92	0
	0.541	6.19835e-05	0.000227273	0.85	0	0	0.000123967	0.88	0
	0.542	2.06612e-05	0.000144628	0.85	0	0	0.000268595	0.88	0
	0.543	2.06612e-05	0.000144628	0.85	0	2.06612e-05	0.000123967	0.88	0
	0.544	0	0.000268595	0.85	0	0	8.26446e-05	0.88	0
	0.545	0	0.000103306	0.85	0	0	0.000123967	0.88	0
	0.546	2.06612e-05	0.000309917	0.85	0	0	0.000123967	0.88	0
	0.547	0	0.000227273	0.85	0	0	0.000123967	0.88	0
	0.548	4.13223e-05	0.000206612	0.85	0	2.06612e-05	0.000103306	0.88	0
	0.549	6.19835e-05	0.000330579	0.825	0	0	0.000165289	0.84	0
	0.55	0.000103306	0.000144628	0.825	0	8.26446e-05	0.000103306	0.84	0
	0.551	2.06612e-05	0.000309917	0.820513	0	2.06612e-05	0.000144628	0.875	0
	0.552	2.06612e-05	0.000289256	0.820513	0	0	0.000206612	0.875	0
	0.553	2.06612e-05	0.000289256	0.820513	0	0	0.000123967	0.875	0
	0.554	4.13223e-05	0.000289256	0.820513	0	2.06612e-05	0.000144628	0.875	0
	0.555	0	0.000165289	0.820513	0	0	8.26446e-05	0.875	0
	0.556	0.000144628	0.000144628	0.820513	0	0.000123967	0.000123967	0.875	0
	0.557	2.06612e-05	0.000247934	0.820513	0	0	0.000144628	0.875	0
	0.558	4.13223e-05	0.000268595	0.842105	0	4.13223e-05	0.000103306	0.875	0
	0.559	4.13223e-05	0.000206612	0.842105	0	2.06612e-05	2.06612e-05	0.875	0
	0.56	8.26446e-05	0.000165289	0.842105	0	8.26446e-05	0.000144628	0.875	0
	0.561	4.13223e-05	0.000165289	0.842105	0	2.06612e-05	0.000165289	0.875	0
	0.562	2.06612e-05	0.000247934	0.864865	0	2.06612e-05	0.00018595	0.875	0
	0.563	0.000103306	0.000165289	0.864865	0	0.000103306	0.000165289	0.875	0
	0.564	0.000103306	6.19835e-05	0.864865	0	0.000103306	0.000165289	0.875	0
	0.565	0.000103306	0.000330579	0.864865	0	6.19835e-05	6.19835e-05	0.875	0
	0.566	0.000144628	0.00018595	0.864865	0	0.000103306	0.00018595	0.875	0
	0.567	0.000144628	0.00018595	0.888889	0	0.000144628	0.00018595	0.875	0
	0.568	0.000165289	0.000227273	0.888889	0	0.000144628	0.000268595	0.875	0
	0.569	0.000123967	0.00018595	0.888889	0	8.26446e-05	4.13223e-05	0.875	0
	0.57	0.000103306	0.000144628	0.888889	0	6.19835e-05	0.000206612	0.875	0
	0.571	0.000206612	0.000206612	0.861111	0	0.000206612	0.000268595	0.875	0
	0.572	0.000144628	0.000309917	0.861111	0	0.000103306	0.000247934	0.875	0
	0.573	4.13223e-05	0.000123967	0.861111	0	4.13223e-05	0.000103306	0.875	0
	0.574	0.000206612	0.000227273	0.861111	0	0.00018595	0.00018595	0.875	0
	0.575	6.19835e-05	0.00035124	0.861111	0	4.13223e-05	0.00018595	0.875	0
	0.576	0.000123967	0.000289256	0.861111	0	0.000123967	0.000103306	0.875	0
	0.577	0.000103306	0.000330579	0.861111	0	6.19835e-05	0.000330579	0.875	0
	0.578	8.26446e-05	0.000227273	0.861111	0	6.19835e-05	0.000165289	0.875	0
	0.579	0.000268595	0.000206612	0.861111	0	0.000165289	0.00018595	0.875	0
	0.58	0.000123967	0.000206612	0.861111	0	8.26446e-05	0.000227273	0.875	0
	0.581	0.000227273	0.000268595	0.861111	0	0.000165289	0.000227273	0.875	0
	0.582	0.000268595	0.000289256	0.833333	0	0.000247934	0.000268595	0.875	0
	0.583	0.000165289	0.000247934	0.833333	0	0.000103306	0.000247934	0.875	0
	0.584	0.000206612	0.000103306	0.833333	0	0.000165289	0.000103306	0.875	0
	0.585	0.000227273	0.000289256	0.833333	0	0.000144628	0.00035124	0.875	0
	0.586	0.000206612	0.00035124	0.833333	0	0.000103306	0.000165289	0.875	0
	0.587	0.000227273	8.26446e-05	0.833333	0	0.000144628	6.19835e-05	0.875	0
	0.588	0.000206612	0.00018595	0.833333	0	0.00018595	0.000309917	0.875	0
	0.589	0.000268595	0.00018595	0.833333	0	0.00018595	0.000309917	0.875	0
	0.59	0.000165289	0.000392562	0.833333	0	0.000103306	0.000247934	0.875	0
	0.591	0.00018595	0.000330579	0.833333	0	0.000123967	0.000392562	0.875	0
	0.592	0.000330579	0.000247934	0.833333	0	0.000227273	0.000289256	0.875	0
	0.593	0.000103306	0.000309917	0.833333	0	8.26446e-05	0.000371901	0.833333	0
	0.594	0.00018595	0.000330579	0.833333	0	0.000144628	0.000268595	0.833333	0
	0.595	0.000247934	0.000247934	0.833333	0	0.00018595	0.000371901	0.833333	0
	0.596	6.19835e-05	0.000309917	0.833333	0	8.26446e-05	0.000247934	0.833333	0
	0.597	0.000309917	0.000392562	0.833333	0	0.000206612	0.000289256	0.833333	0
	0.598	0.000144628	0.000433884	0.805556	0	8.26446e-05	0.000330579	0.833333	0
	0.599	6.19835e-05	0.000330579	0.805556	0	4.13223e-05	0.000289256	0.833333	0
	0.6	0.000165289	0.000268595	0.805556	0	0.000103306	0.000330579	0.833333	0
	0.601	0.000144628	0.000165289	0.805556	0	6.19835e-05	0.00035124	0.833333	0
	0.602	0.000247934	0.000227273	0.805556	0	0.000103306	0.00035124	0.833333	0
	0.603	0.000206612	0.000371901	0.805556	0	0.000123967	0.000413223	0.833333	0
	0.604	0.000206612	0.000268595	0.805556	0	8.26446e-05	0.00018595	0.833333	0
	0.605	0.000268595	0.00035124	0.777778	0	0.000123967	0.000206612	0.833333	0
	0.606	0.000227273	0.000247934	0.777778	0	8.26446e-05	0.000247934	0.833333	0
	0.607	0.00018595	0.000371901	0.777778	0	0.000144628	0.000165289	0.833333	0
	0.608	0.000206612	0.000454545	0.777778	0	0.000103306	0.000433884	0.833333	0
	0.609	0.000206612	0.000413223	0.777778	0	8.26446e-05	0.000330579	0.833333	0
	0.61	0.000144628	0.000268595	0.777778	0	6.19835e-05	0.000413223	0.833333	0
	0.611	0.000247934	0.000392562	0.777778	0	0.000103306	0.000227273	0.833333	0
	0.612	0.000123967	0.000557851	0.777778	0	2.06612e-05	0.000578512	0.833333	0
	0.613	0.000144628	0.000330579	0.777778	0	8.26446e-05	0.000392562	0.833333	0
	0.614	0.000268595	0.000371901	0.777778	0	0.000123967	0.000454545	0.833333	0
	0.615	0.000268595	0.000289256	0.777778	0	4.13223e-05	0.000392562	0.833333	0
	0.616	0.000268595	0.000309917	0.777778	0	4.13223e-05	0.000227273	0.833333	0
	0.617	0.000165289	0.000289256	0.777778	0	2.06612e-05	0.000392562	0.833333	0
	0.618	0.000309917	0.000371901	0.777778	0	0.000103306	0.000371901	0.833333	0
	0.619	0.000123967	0.000413223	0.777778	0	8.26446e-05	0.000454545	0.833333	0
	0.62	0.000123967	0.000475207	0.8	0	4.13223e-05	0.00035124	0.869565	0
	0.621	0.00018595	0.000557851	0.8	0	4.13223e-05	0.000330579	0.869565	0
	0.622	0.00018595	0.000495868	0.8	0	4.13223e-05	0.000309917	0.869565	0
	0.623	0.000123967	0.000392562	0.8	0	4.13223e-05	0.000289256	0.869565	0
	0.624	0.000289256	0.000330579	0.8	0	6.19835e-05	0.000413223	0.869565	0
	0.625	0.000103306	0.000247934	0.823529	0	4.13223e-05	0.000330579	0.909091	0
	0.626	0.000247934	0.000371901	0.823529	0	4.13223e-05	0.000268595	0.909091	0
	0.627	0.000103306	0.000392562	0.823529	0	0.000123967	0.000289256	0.909091	0
	0.628	0.000206612	0.00035124	0.823529	0	8.26446e-05	0.00018595	0.909091	0
	0.629	0.000103306	0.000289256	0.823529	0	2.06612e-05	0.00018595	0.909091	0
	0.63	0.000165289	0.000454545	0.823529	0	6.19835e-05	0.000454545	0.909091	0
	0.631	0.000123967	0.000392562	0.848485	0	0	0.000227273	0.909091	0
	0.632	0.000268595	0.000454545	0.848485	0	4.13223e-05	0.000268595	0.909091	0
	0.633	0.000123967	0.00035124	0.848485	0	8.26446e-05	0.000289256	0.909091	0
	0.634	0.000268595	0.000289256	0.818182	0	6.19835e-05	0.000330579	0.909091	0
	0.635	0.000206612	0.000309917	0.84375	0	4.13223e-05	0.00035124	0.952381	0
	0.636	0.000123967	0.000206612	0.84375	0	2.06612e-05	0.000206612	0.952381	0
	0.637	0.000247934	0.00035124	0.84375	0	8.26446e-05	0.000289256	0.952381	0
	0.638	0.000123967	0.00035124	0.84375	0	2.06612e-05	0.000206612	0.904762	0
	0.639	0.000123967	0.000144628	0.84375	0	4.13223e-05	0.00018595	0.904762	0
	0.64	0.000144628	0.000123967	0.84375	0	4.13223e-05	0.000165289	0.904762	0
	0.641	0.000206612	0.000206612	0.84375	0	2.06612e-05	0.000165289	0.904762	0
	0.642	0.00018595	0.000392562	0.84375	0	0	0.000144628	0.904762	0
	0.643	4.13223e-05	0.000247934	0.8125	0	6.19835e-05	0.000268595	0.904762	0
	0.644	0.000165289	0.000247934	0.8125	0	4.13223e-05	0.000206612	0.904762	0
	0.645	6.19835e-05	0.000103306	0.8125	0	2.06612e-05	6.19835e-05	0.904762	0
	0.646	0.00018595	0.00035124	0.8125	0	2.06612e-05	0.000268595	0.904762	0
	0.647	6.19835e-05	0.000289256	0.83871	0	6.19835e-05	0.00018595	0.904762	0
	0.648	0.000206612	0.000227273	0.83871	0	4.13223e-05	0.000206612	0.904762	0
	0.649	0.000144628	0.000268595	0.83871	0	2.06612e-05	0.000227273	0.904762	0
	0.65	0.000123967	0.000289256	0.83871	0	2.06612e-05	0.000227273	0.904762	0
	0.651	8.26446e-05	0.000289256	0.83871	0	0	0.000103306	0.904762	0
	0.652	0.000103306	0.000371901	0.83871	0	0	0.000165289	0.904762	0
	0.653	0.000103306	0.000309917	0.83871	0	2.06612e-05	0.000144628	0.904762	0
	0.654	0.000103306	0.000247934	0.83871	0	0	0.00018595	0.904762	0
	0.655	6.19835e-05	0.000247934	0.83871	0	6.19835e-05	0.000144628	0.904762	0
	0.656	6.19835e-05	0.000247934	0.83871	0	0	0.000289256	0.904762	0
	0.657	0.000103306	0.00035124	0.83871	0	6.19835e-05	0.000123967	0.904762	0
	0.658	0.000165289	0.000227273	0.83871	0	6.19835e-05	0.000165289	0.904762	0
	0.659	0.000123967	0.000268595	0.83871	0	6.19835e-05	0.00018595	0.904762	0
	0.66	0.000103306	0.000227273	0.83871	0	0	0.000206612	0.95	0
	0.661	6.19835e-05	0.00035124	0.83871	0	0	0.000103306	0.95	0
	0.662	8.26446e-05	0.000289256	0.83871	0	4.13223e-05	0.000165289	0.95	0
	0.663	0.00018595	0.000206612	0.83871	0	4.13223e-05	0.000227273	0.95	0
	0.664	0.000165289	0.000392562	0.806452	0	2.06612e-05	0.000123967	0.9	0
	0.665	0.000165289	0.000247934	0.833333	0	8.26446e-05	0.00018595	0.9	0
	0.666	0.000165289	0.000247934	0.833333	0	4.13223e-05	8.26446e-05	0.9	0
	0.667	0.000103306	0.000206612	0.833333	0	0	0.000247934	0.9	0
	0.668	4.13223e-05	0.000309917	0.833333	0	4.13223e-05	0.000165289	0.9	0
	0.669	0.00018595	0.000144628	0.833333	0	0.000144628	6.19835e-05	0.9	0
	0.67	0.000144628	0.000206612	0.833333	0	8.26446e-05	0.000165289	0.9	0
	0.671	8.26446e-05	0.000206612	0.862069	0	0	0.000227273	0.9	0
	0.672	0.000103306	0.000289256	0.862069	0	8.26446e-05	0.000227273	0.9	0
	0.673	0.000103306	0.000330579	0.862069	0	6.19835e-05	0.00035124	0.9	0
	0.674	0.000227273	0.000309917	0.862069	0	0.000165289	0.000289256	0.9	0
	0.675	0.000103306	0.000268595	0.862069	0	6.19835e-05	0.000268595	0.9	0
	0.676	0.000144628	0.000371901	0.862069	0	0.000123967	0.000227273	0.9	0
	0.677	0.000103306	0.000289256	0.862069	0	2.06612e-05	0.000268595	0.9	0
	0.678	0.000247934	0.000330579	0.862069	0	0.000165289	0.000227273	0.9	0
	0.679	0.000165289	0.000289256	0.892857	0	6.19835e-05	0.000206612	0.9	0
	0.68	8.26446e-05	0.000206612	0.857143	0	0.000165289	0.000247934	0.9	0
	0.681	4.13223e-05	0.000247934	0.857143	0	4.13223e-05	0.000309917	0.9	0
	0.682	8.26446e-05	0.000516529	0.857143	0	0.000144628	0.00035124	0.9	0
	0.683	4.13223e-05	0.000289256	0.857143	0	4.13223e-05	0.000289256	0.9	0
	0.684	0.000227273	0.000454545	0.857143	0	0.000123967	0.000454545	0.9	0
	0.685	0.000123967	0.000289256	0.857143	0	8.26446e-05	0.000330579	0.9	0
	0.686	0.00018595	0.000495868	0.857143	0	0.000144628	0.000475207	0.9	0
	0.687	0.00018595	0.000475207	0.821429	0	0.000165289	0.000454545	0.85	0
	0.688	6.19835e-05	0.000413223	0.821429	0	0.000123967	0.000495868	0.85	0
	0.689	0.00018595	0.000516529	0.821429	0	0.000165289	0.00072314	0.85	0
	0.69	0.000103306	0.000392562	0.785714	0	6.19835e-05	0.000619835	0.85	0
	0.691	0.000103306	0.000475207	0.785714	0	6.19835e-05	0.000454545	0.85	0
	0.692	0.00018595	0.000392562	0.75	0	4.13223e-05	0.000640496	0.8	0
	0.693	0.000206612	0.000847107	0.75	0	6.19835e-05	0.000702479	0.8	0
	0.694	0.000206612	0.000371901	0.75	0	4.13223e-05	0.000433884	0.8	0
	0.695	4.13223e-05	0.000681818	0.75	0	6.19835e-05	0.000702479	0.8	0
	0.696	0.000206612	0.000681818	0.75	0	0.000268595	0.000702479	0.8	0
	0.697	0.000144628	0.00072314	0.75	0	0.000144628	0.00088843	0.8	0
	0.698	0.00018595	0.000764463	0.75	0	0.000123967	0.000867769	0.8	0
	0.699	0.000123967	0.000454545	0.75	0	8.26446e-05	0.00053719	0.8	0
	0.7	0.00018595	0.000516529	0.75	0	0.000103306	0.000805785	0.8	0
	0.701	0.000144628	0.00072314	0.75	0	0.000103306	0.000847107	0.8	0
	0.702	0.000165289	0.000702479	0.75	0	0.000103306	0.00072314	0.8	0
	0.703	0.000165289	0.00072314	0.75	0	0.000103306	0.000909091	0.8	0
	0.704	0.000123967	0.000681818	0.714286	0	0.000103306	0.000516529	0.8	0
	0.705	0.00018595	0.00072314	0.714286	0	8.26446e-05	0.000847107	0.8	0
	0.706	6.19835e-05	0.0010124	0.714286	0	8.26446e-05	0.00088843	0.8	0
	0.707	0.000227273	0.000805785	0.714286	0	0.000123967	0.000867769	0.8	0
	0.708	0.000123967	0.000661157	0.714286	0	0.000123967	0.000826446	0.8	0
	0.709	8.26446e-05	0.000950413	0.714286	0	6.19835e-05	0.000909091	0.8	0
	0.71	0.000165289	0.000702479	0.714286	0	8.26446e-05	0.000785124	0.8	0
	0.711	0.000123967	0.00072314	0.740741	0	4.13223e-05	0.000764463	0.8	0
	0.712	0.000227273	0.000847107	0.740741	0	6.19835e-05	0.000805785	0.8	0
	0.713	0.000309917	0.000826446	0.740741	0	0.000165289	0.000909091	0.8	0
	0.714	0.000247934	0.000785124	0.740741	0	0.000103306	0.000661157	0.8	0
	0.715	8.26446e-05	0.000702479	0.740741	0	6.19835e-05	0.000661157	0.8	0
	0.716	0.000206612	0.000661157	0.740741	0	0.00018595	0.000557851	0.8	0
	0.717	0.000144628	0.000640496	0.740741	0	6.19835e-05	0.000661157	0.8	0
	0.718	0.000268595	0.000743802	0.740741	0	4.13223e-05	0.000433884	0.8	0
	0.719	0.000289256	0.000599174	0.740741	0	0.000123967	0.00053719	0.8	0
	0.72	0.000268595	0.000619835	0.740741	0	0.000123967	0.00053719	0.8	0
	0.721	0.000227273	0.000475207	0.769231	0	0.000144628	0.000454545	0.842105	0
	0.722	0.000309917	0.000413223	0.769231	0	0.000165289	0.00035124	0.842105	0
	0.723	0.000247934	0.000475207	0.769231	0	6.19835e-05	0.000454545	0.842105	0
	0.724	0.000247934	0.000516529	0.769231	0	0.000144628	0.000289256	0.842105	0
	0.725	0.00018595	0.000475207	0.769231	0	0.000123967	0.000413223	0.842105	0
	0.726	0.000123967	0.000578512	0.769231	0	6.19835e-05	0.000413223	0.888889	0
	0.727	0.000206612	0.000433884	0.769231	0	0.000103306	0.000227273	0.888889	0
	0.728	0.000247934	0.000433884	0.769231	0	0.000103306	0.000330579	0.888889	0
	0.729	0.000165289	0.000578512	0.8	0	2.06612e-05	0.000268595	0.888889	0
	0.73	0.000206612	0.000371901	0.8	0	8.26446e-05	0.000268595	0.888889	0
	0.731	0.000309917	0.000330579	0.8	0	0.000165289	0.000247934	0.888889	0
	0.732	0.000206612	0.000309917	0.8	0	8.26446e-05	0.000206612	0.888889	0
	0.733	0.000247934	0.000227273	0.8	0	0.000103306	0.00018595	0.888889	0
	0.734	0.000206612	0.000371901	0.8	0	0.000123967	0.00018595	0.888889	0
	0.735	0.000247934	0.000330579	0.8	0	6.19835e-05	0.000227273	0.888889	0
	0.736	0.000289256	0.000268595	0.8	0	0.000144628	0.00018595	0.888889	0
	0.737	0.000144628	0.000289256	0.8	0	2.06612e-05	8.26446e-05	0.888889	0
	0.738	0.000309917	0.000206612	0.8	0	0.000123967	0.000123967	0.888889	0
	0.739	0.000165289	0.000309917	0.8	0	0	0.000227273	0.888889	0
	0.74	0.000227273	0.000289256	0.8	0	0.000103306	6.19835e-05	0.888889	0
	0.741	0.000206612	0.000206612	0.8	0	2.06612e-05	0.000123967	0.888889	0
	0.742	0.000123967	0.000144628	0.8	0	8.26446e-05	8.26446e-05	0.888889	0
	0.743	0.000268595	0.000206612	0.8	0	0.000103306	0.000144628	0.888889	0
	0.744	6.19835e-05	0.000165289	0.8	0	4.13223e-05	4.13223e-05	0.888889	0
	0.745	0.000206612	0.000165289	0.8	0	6.19835e-05	8.26446e-05	0.888889	0
	0.746	0.000123967	0.00018595	0.8	0	2.06612e-05	2.06612e-05	0.888889	0
	0.747	0.000206612	0.000165289	0.8	0	8.26446e-05	6.19835e-05	0.888889	0
	0.748	0.00018595	0.000123967	0.8	0	2.06612e-05	4.13223e-05	0.888889	0
	0.749	0.000103306	0.000165289	0.8	0	4.13223e-05	0.000103306	0.888889	0
	0.75	0.000165289	0.000123967	0.8	0	4.13223e-05	8.26446e-05	0.888889	0
	0.751	0.000144628	4.13223e-05	0.8	0	2.06612e-05	2.06612e-05	0.888889	0
	0.752	8.26446e-05	0.000123967	0.8	0	4.13223e-05	4.13223e-05	0.888889	0
	0.753	0.000123967	0.000165289	0.833333	0	2.06612e-05	2.06612e-05	0.941176	0
	0.754	0.000123967	0.000268595	0.869565	0	6.19835e-05	0.000103306	0.941176	0
	0.755	0.000144628	0.000165289	0.869565	0	0	6.19835e-05	0.941176	0
	0.756	4.13223e-05	0.000144628	0.869565	0	0	4.13223e-05	0.941176	0
	0.757	0	0.000144628	0.869565	0	0	8.26446e-05	0.941176	0
	0.758	0	0.000123967	0.869565	0	0	8.26446e-05	0.941176	0
	0.759	6.19835e-05	0.000144628	0.869565	0	0	8.26446e-05	0.941176	0
	0.76	4.13223e-05	0.000144628	0.869565	0	0	4.13223e-05	0.941176	0
	0.761	4.13223e-05	8.26446e-05	0.869565	0	2.06612e-05	4.13223e-05	0.941176	0
	0.762	2.06612e-05	8.26446e-05	0.909091	0	0	8.26446e-05	0.941176	0
	0.763	0	0.000103306	0.909091	0	0	6.19835e-05	0.941176	0
	0.764	4.13223e-05	0.000227273	0.909091	0	2.06612e-05	8.26446e-05	0.941176	0
	0.765	2.06612e-05	6.19835e-05	0.863636	0	0	0	0.882353	0
	0.766	0	4.13223e-05	0.863636	0	0	2.06612e-05	0.882353	0
	0.767	0	0.000123967	0.863636	0	0	0.000103306	0.882353	0
	0.768	2.06612e-05	4.13223e-05	0.863636	0	0	4.13223e-05	0.882353	0
	0.769	0	0.000123967	0.863636	0	0	4.13223e-05	0.882353	0
	0.77	4.13223e-05	6.19835e-05	0.863636	0	4.13223e-05	2.06612e-05	0.882353	0
	0.771	0	8.26446e-05	0.904762	0	0	4.13223e-05	0.9375	0
	0.772	2.06612e-05	8.26446e-05	0.904762	0	2.06612e-05	2.06612e-05	0.9375	0
	0.773	4.13223e-05	6.19835e-05	0.904762	0	2.06612e-05	6.19835e-05	0.9375	0
	0.774	2.06612e-05	0.00018595	0.904762	0	0	4.13223e-05	0.9375	0
	0.775	0	0.000103306	0.857143	0	0	6.19835e-05	0.9375	0
	0.776	2.06612e-05	0.000144628	0.857143	0	0	2.06612e-05	0.9375	0
	0.777	0	0.000103306	0.9	0	0	2.06612e-05	0.9375	0
	0.778	2.06612e-05	0.000144628	0.9	0	2.06612e-05	2.06612e-05	0.9375	0
	0.779	0	0.000123967	0.9	0	0	2.06612e-05	0.9375	0
	0.78	4.13223e-05	6.19835e-05	0.9	0	2.06612e-05	2.06612e-05	0.9375	0
	0.781	2.06612e-05	6.19835e-05	0.9	0	2.06612e-05	4.13223e-05	0.9375	0
	0.782	2.06612e-05	0.000103306	0.9	0	2.06612e-05	2.06612e-05	0.9375	0
	0.783	0	0.000144628	0.9	0	0	2.06612e-05	0.9375	0
	0.784	2.06612e-05	0.000103306	0.9	0	2.06612e-05	8.26446e-05	0.9375	0
	0.785	0	6.19835e-05	0.9	0	0	0	0.9375	0
	0.786	6.19835e-05	2.06612e-05	0.9	0	4.13223e-05	0	0.9375	0
	0.787	4.13223e-05	0.000103306	0.9	0	2.06612e-05	8.26446e-05	0.9375	0
	0.788	8.26446e-05	4.13223e-05	0.9	0	2.06612e-05	0	0.9375	0
	0.789	2.06612e-05	4.13223e-05	0.9	0	2.06612e-05	2.06612e-05	0.9375	0
	0.79	4.13223e-05	2.06612e-05	0.9	0	2.06612e-05	4.13223e-05	0.9375	0
	0.791	0.000123967	8.26446e-05	0.9	0	0.000103306	2.06612e-05	0.9375	0
	0.792	4.13223e-05	4.13223e-05	0.9	0	2.06612e-05	2.06612e-05	0.9375	0
	0.793	6.19835e-05	6.19835e-05	0.9	0	0	4.13223e-05	0.9375	0
	0.794	6.19835e-05	0.000103306	0.9	0	2.06612e-05	8.26446e-05	0.9375	0
	0.795	0.000144628	6.19835e-05	0.9	0	6.19835e-05	6.19835e-05	0.9375	0
	0.796	2.06612e-05	0	0.9	0	2.06612e-05	2.06612e-05	0.9375	0
	0.797	0	0.000165289	0.9	0	0	6.19835e-05	0.9375	0
	0.798	6.19835e-05	0.000103306	0.9	0	2.06612e-05	0.000103306	0.9375	0
	0.799	6.19835e-05	0.000165289	0.9	0	4.13223e-05	2.06612e-05	0.9375	0
	0.8	8.26446e-05	2.06612e-05	0.9	0	4.13223e-05	0	0.9375	0
	0.801	8.26446e-05	6.19835e-05	0.9	0	6.19835e-05	0	0.9375	0
	0.802	0.000144628	8.26446e-05	0.9	0	8.26446e-05	4.13223e-05	0.9375	0
	0.803	0.000123967	6.19835e-05	0.9	0	4.13223e-05	2.06612e-05	0.9375	0
	0.804	0.000268595	0.000123967	0.9	0	0.000144628	4.13223e-05	0.9375	0
	0.805	8.26446e-05	4.13223e-05	0.9	0	6.19835e-05	0	0.9375	0
	0.806	0.000165289	0	0.9	0	6.19835e-05	0	0.9375	0
	0.807	0.000247934	8.26446e-05	0.9	0	6.19835e-05	4.13223e-05	0.9375	0
	0.808	0.000227273	6.19835e-05	0.9	0	0.000144628	4.13223e-05	0.9375	0
	0.809	6.19835e-05	8.26446e-05	0.9	0	4.13223e-05	6.19835e-05	0.9375	0
	0.81	0.000144628	0.000103306	0.9	0	4.13223e-05	4.13223e-05	0.9375	0
	0.811	0.000165289	8.26446e-05	0.9	0	8.26446e-05	6.19835e-05	0.9375	0
	0.812	0.000144628	2.06612e-05	0.9	0	8.26446e-05	4.13223e-05	0.9375	0
	0.813	0.00018595	0.000103306	0.9	0	0.000103306	8.26446e-05	0.9375	0
	0.814	0.000123967	0.000103306	0.9	0	4.13223e-05	6.19835e-05	0.9375	0
	0.815	8.26446e-05	4.13223e-05	0.9	0	6.19835e-05	2.06612e-05	0.9375	0
	0.816	0.000103306	8.26446e-05	0.9	0	2.06612e-05	0	0.9375	0
	0.817	0.000103306	6.19835e-05	0.9	0	4.13223e-05	4.13223e-05	0.9375	0
	0.818	8.26446e-05	4.13223e-05	0.9	0	6.19835e-05	4.13223e-05	0.9375	0
	0.819	2.06612e-05	4.13223e-05	0.9	0	0	0	0.9375	0
	0.82	2.06612e-05	4.13223e-05	0.9	0	0	4.13223e-05	0.9375	0
	0.821	2.06612e-05	0	0.9	0	0	0	0.9375	0
	0.822	2.06612e-05	6.19835e-05	0.9	0	2.06612e-05	4.13223e-05	0.9375	0
	0.823	6.19835e-05	4.13223e-05	0.9	0	4.13223e-05	2.06612e-05	0.9375	0
	0.824	4.13223e-05	6.19835e-05	0.9	0	0	2.06612e-05	0.9375	0
	0.825	4.13223e-05	2.06612e-05	0.9	0	0	0	0.9375	0
	0.826	4.13223e-05	4.13223e-05	0.9	0	4.13223e-05	4.13223e-05	0.9375	0
	0.827	0	4.13223e-05	0.9	0	0	0	0.9375	0
	0.828	4.13223e-05	4.13223e-05	0.9	0	2.06612e-05	2.06612e-05	0.9375	0
	0.829	2.06612e-05	6.19835e-05	0.9	0	0	6.19835e-05	0.9375	0
	0.83	0	4.13223e-05	0.9	0	0	2.06612e-05	0.9375	0
	0.831	0	0.000123967	0.9	0	0	6.19835e-05	0.9375	0
	0.832	4.13223e-05	6.19835e-05	0.9	0	2.06612e-05	4.13223e-05	0.9375	0
	0.833	2.06612e-05	2.06612e-05	0.9	0	0	0	0.9375	0
	0.834	2.06612e-05	6.19835e-05	0.9	0	2.06612e-05	0	0.9375	0
	0.835	0	8.26446e-05	0.9	0	0	4.13223e-05	0.9375	0
	0.836	2.06612e-05	8.26446e-05	0.9	0	2.06612e-05	4.13223e-05	0.9375	0
	0.837	0	2.06612e-05	0.9	0	0	8.26446e-05	0.9375	0
	0.838	0	4.13223e-05	0.9	0	0	4.13223e-05	0.9375	0
	0.839	0	2.06612e-05	0.9	0	0	0	0.9375	0
	0.84	2.06612e-05	6.19835e-05	0.9	0	0	0	0.9375	0
	0.841	2.06612e-05	4.13223e-05	0.947368	0	2.06612e-05	2.06612e-05	0.9375	0
	0.842	0	6.19835e-05	1	0	0	6.19835e-05	1	0
	0.843	0	6.19835e-05	1	0	0	2.06612e-05	1	0
	0.844	0	0.000103306	1	0	0	0.000103306	1	0
	0.845	0	2.06612e-05	1	0	0	2.06612e-05	1	0
	0.846	0	6.19835e-05	1	0	0	4.13223e-05	1	0
	0.847	0	4.13223e-05	1	0	0	2.06612e-05	1	0
	0.848	0	4.13223e-05	1	0	0	4.13223e-05	1	0
	0.849	0	2.06612e-05	1	0	0	6.19835e-05	1	0
	0.85	0	6.19835e-05	1	0	0	4.13223e-05	1	0
	0.851	0	8.26446e-05	1	0	0	2.06612e-05	1	0
	0.852	0	4.13223e-05	1	0	0	2.06612e-05	1	0
	0.853	0	8.26446e-05	1	0	0	6.19835e-05	1	0
	0.854	0	2.06612e-05	1	0	0	2.06612e-05	1	0
	0.855	0	6.19835e-05	1	0	0	4.13223e-05	1	0
	0.856	0	2.06612e-05	1	0	0	6.19835e-05	1	0
	0.857	0	2.06612e-05	1	0	0	2.06612e-05	1	0
	0.858	0	4.13223e-05	1	0	0	2.06612e-05	1	0
	0.859	0	0.000103306	1	0	0	6.19835e-05	1	0
	0.86	0	4.13223e-05	1	0	0	4.13223e-05	1	0
	0.861	0	4.13223e-05	1	0	0	2.06612e-05	1	0
	0.862	0	2.06612e-05	1	0	0	2.06612e-05	1	0
	0.863	0	4.13223e-05	1	0	0	4.13223e-05	1	0
	0.864	0	4.13223e-05	1	0	0	2.06612e-05	1	0
	0.865	0	4.13223e-05	1	0	0	6.19835e-05	1	0
	0.866	0	8.26446e-05	1	0	0	4.13223e-05	1	0
	0.867	0	0	1	0	0	0	1	0
	0.868	0	4.13223e-05	1	0	0	0	1	0
	0.869	0	4.13223e-05	1	0	0	4.13223e-05	1	0
	0.87	0	0	1	0	0	2.06612e-05	1	0
	0.871	0	6.19835e-05	1	0	0	0	1	0
	0.872	0	2.06612e-05	1	0	0	2.06612e-05	1	0
	0.873	0	6.19835e-05	1	0	0	4.13223e-05	1	0
	0.874	0	0	1	0	0	0	1	0
	0.875	0	0	1	0	0	0	1	0
	0.876	0	4.13223e-05	1	0	0	4.13223e-05	1	0
	0.877	0	6.19835e-05	1	0	0	0	1	0
	0.878	0	6.19835e-05	1	0	0	2.06612e-05	1	0
	0.879	0	0	1	0	0	0	1	0
	0.88	0	8.26446e-05	1	0	0	4.13223e-05	1	0
	0.881	0	0	1	0	0	0	1	0
	0.882	0	0	1	0	0	0	1	0
	0.883	0	2.06612e-05	1	0	0	0	1	0
	0.884	0	8.26446e-05	1	0	0	2.06612e-05	1	0
	0.885	0	6.19835e-05	1	0	0	8.26446e-05	1	0
	0.886	0	4.13223e-05	1	0	0	0	1	0
	0.887	0	0	1	0	0	0	1	0
	0.888	0	4.13223e-05	1	0	0	4.13223e-05	1	0
	0.889	0	4.13223e-05	1	0	0	4.13223e-05	1	0
	0.89	0	8.26446e-05	1	0	0	4.13223e-05	1	0
	0.891	0	4.13223e-05	1	0	0	2.06612e-05	1	0
	0.892	0	2.06612e-05	1	0	0	0	1	0
	0.893	0	4.13223e-05	1	0	0	4.13223e-05	1	0
	0.894	0	2.06612e-05	1	0	0	2.06612e-05	1	0
	0.895	0	4.13223e-05	1	0	0	0	1	0
	0.896	0	4.13223e-05	1	0	0	4.13223e-05	1	0
	0.897	0	4.13223e-05	1	0	0	2.06612e-05	1	0
	0.898	0	4.13223e-05	1	0	0	2.06612e-05	1	0
	0.899	0	4.13223e-05	1	0	0	4.13223e-05	1	0
	0.9	0	4.13223e-05	1	0	0	4.13223e-05	1	0
	0.901	0	0	1	0	0	0	1	0
	0.902	0	0	1	0	0	0	1	0
	0.903	0	2.06612e-05	1	0	0	0	1	0
	0.904	0	0	1	0	0	0	1	0
	0.905	0	4.13223e-05	1	0	0	2.06612e-05	1	0
	0.906	0	0	1	0	0	0	1	0
	0.907	0	0	1	0	0	0	1	0
	0.908	0	2.06612e-05	1	0	0	2.06612e-05	1	0
	0.909	0	4.13223e-05	1	0	0	2.06612e-05	1	0
	0.91	0	2.06612e-05	1	0	0	0	1	0
	0.911	0	0	1	0	0	0	1	0
	0.912	0	2.06612e-05	1	0	0	2.06612e-05	1	0
	0.913	0	0	1	0	0	0	1	0
	0.914	0	0	1	0	0	0	1	0
	0.915	0	4.13223e-05	1	0	0	4.13223e-05	1	0
	0.916	0	2.06612e-05	1	0	0	0	1	0
	0.917	0	0	1	0	0	0	1	0
	0.918	0	4.13223e-05	1	0	0	4.13223e-05	1	0
	0.919	0	4.13223e-05	1	0	0	2.06612e-05	1	0
	0.92	0	2.06612e-05	1	0	0	2.06612e-05	1	0
	0.921	0	2.06612e-05	1	0	0	2.06612e-05	1	0
	0.922	0	0	1	0	0	0	1	0
	0.923	0	2.06612e-05	1	0	0	0	1	0
	0.924	0	4.13223e-05	1	0	0	2.06612e-05	1	0
	0.925	0	2.06612e-05	1	0	0	0	1	0
	0.926	0	0	1	0	0	0	1	0
	0.927	0	0	1	0	0	0	1	0
	0.928	0	0	1	0	0	0	1	0
	0.929	0	0	1	0	0	0	1	0
	0.93	0	4.13223e-05	1	0	0	4.13223e-05	1	0
	0.931	0	4.13223e-05	1	0	0	4.13223e-05	1	0
	0.932	0	2.06612e-05	1	0	0	0	1	0
	0.933	0	2.06612e-05	1	0	0	2.06612e-05	1	0
	0.934	0	0	1	0	0	0	1	0
	0.935	0	0	1	0	0	0	1	0
	0.936	0	0	1	0	0	0	1	0
	0.937	0	0	1	0	0	0	1	0
	0.938	0	4.13223e-05	1	0	0	4.13223e-05	1	0
	0.939	0	2.06612e-05	1	0	0	2.06612e-05	1	0
	0.94	0	2.06612e-05	1	0	0	2.06612e-05	1	0
	0.941	0	0	1	0	0	0	1	0
	0.942	0	4.13223e-05	1	0	0	2.06612e-05	1	0
	0.943	0	0	1	0	0	0	1	0
	0.944	0	8.26446e-05	1	0	0	6.19835e-05	1	0
	0.945	0	4.13223e-05	1	0	0	2.06612e-05	1	0
	0.946	0	0	1	0	0	0	1	0
	0.947	0	2.06612e-05	1	0	0	2.06612e-05	1	0
	0.948	0	2.06612e-05	1	0	0	0	1	0
	0.949	0	2.06612e-05	1	0	0	0	1	0
	0.95	0	0	1	0	0	0	1	0
	0.951	0	0	1	0	0	0	1	0
	0.952	0	2.06612e-05	1	0	0	0	1	0
	0.953	0	6.19835e-05	1	0	0	6.19835e-05	1	0
	0.954	0	0	1	0	0	0	1	0
	0.955	0	0	1	0	0	0	1	0
	0.956	0	2.06612e-05	1	0	0	2.06612e-05	1	0
	0.957	0	0	1	0	0	0	1	0
	0.958	0	0	1	0	0	0	1	0
	0.959	0	2.06612e-05	1	0	0	2.06612e-05	1	0
	0.96	0	2.06612e-05	1	0	0	0	1	0
	0.961	0	0	1	0	0	0	1	0
	0.962	0	2.06612e-05	1	0	0	2.06612e-05	1	0
	0.963	0	2.06612e-05	1	0	0	2.06612e-05	1	0
	0.964	2.06612e-05	0	1	0	0	0	1	0
	0.965	4.13223e-05	0	0.944444	0	0	0	1	0
	0.966	0	0	0.944444	0	0	0	1	0
	0.967	2.06612e-05	0	0.944444	0	0	0	1	0
	0.968	2.06612e-05	4.13223e-05	0.944444	0	0	2.06612e-05	1	0
	0.969	0	4.13223e-05	0.944444	0	0	2.06612e-05	1	0
	0.97	0.000103306	0	0.944444	0	0	0	1	0
	0.971	2.06612e-05	2.06612e-05	0.944444	0	0	2.06612e-05	1	0
	0.972	0.000103306	0	0.944444	0	0	0	1	0
	0.973	8.26446e-05	4.13223e-05	0.944444	0	0	4.13223e-05	1	0
	0.974	0.000144628	8.26446e-05	0.944444	0	0	8.26446e-05	1	0
	0.975	0.000227273	0	0.944444	0	0	0	1	0
	0.976	0.000206612	8.26446e-05	0.944444	0	0	8.26446e-05	1	0
	0.977	0.000247934	6.19835e-05	0.888889	0	0	2.06612e-05	1	0
	0.978	0.000206612	0	0.888889	0	0	0	1	0
	0.979	0.000206612	2.06612e-05	0.888889	0	0	2.06612e-05	1	0
	0.98	0.000227273	4.13223e-05	0.888889	0	0	2.06612e-05	1	0
	0.981	0.000247934	4.13223e-05	0.888889	0	4.13223e-05	2.06612e-05	1	0
	0.982	0.000247934	4.13223e-05	0.833333	0	4.13223e-05	4.13223e-05	0.933333	0
	0.983	0.000227273	0	0.833333	0	2.06612e-05	0	0.933333	0
	0.984	0.000289256	4.13223e-05	0.833333	0	4.13223e-05	2.06612e-05	0.933333	0
	0.985	0.000392562	0	0.833333	0	6.19835e-05	0	0.933333	0
	0.986	0.00053719	2.06612e-05	0.833333	0	0.000227273	2.06612e-05	0.933333	0
	0.987	0.000330579	0	0.777778	0	0.000144628	0	0.866667	0
	0.988	0.000289256	0	0.777778	0	8.26446e-05	0	0.866667	0
	0.989	0.00053719	4.13223e-05	0.823529	0	0.000433884	2.06612e-05	0.866667	0
	0.99	0.000413223	6.19835e-05	0.823529	0	0.000309917	6.19835e-05	0.866667	0
	0.991	0.00053719	2.06612e-05	0.823529	0	0.000433884	2.06612e-05	0.866667	0
	0.992	0.000413223	2.06612e-05	0.823529	0	0.000392562	2.06612e-05	0.866667	0
	0.993	0.000454545	2.06612e-05	0.823529	0	0.000433884	2.06612e-05	0.866667	0
	0.994	0.000392562	2.06612e-05	0.875	0	0.000392562	0	0.866667	0
	0.995	0.000289256	2.06612e-05	0.875	0	0.000289256	0	0.866667	0
	0.996	0.000309917	4.13223e-05	0.875	0	0.000309917	4.13223e-05	0.866667	0
	0.997	0.000309917	8.26446e-05	0.933333	0	0.000309917	4.13223e-05	0.928571	0
	0.998	0.000123967	4.13223e-05	0.933333	0	0.000123967	4.13223e-05	0.928571	0
	0.999	0.000103306	4.13223e-05	0.933333	0	8.26446e-05	4.13223e-05	0.928571	0
	1	0.0288636	0.000702479	0.857143	0	0.0268182	0.000681818	0.923077	0


#	yrange	sparsity	# links	zeta	support at cross	fraction FP	support at cross2	fraction FP2
	0	0.0991736	48	0.00537404	0.969	0.0445682	0.969	0.0445682
	0.25	0.0991736	48	0.00537404	0.969	0.0445682	0.969	0.0445682
