#	Frequencies and overlap
#	bins	MYC	shuffle	overlap_MYC	overlap_shuffle	SIGN_MYC	SIGNshuffle	SIGNoverlap_MYC	SIGNoverlap_shuffle
	0	0	0	1	1	0.570971	0.591281	0.848214	0
	0.001	0	0	1	1	0	0	0.848214	0
	0.002	0	0	1	1	0	0	0.848214	0
	0.003	0	0	1	1	0	0	0.848214	0
	0.004	0	0	1	1	0	0	0.848214	0
	0.005	0	0	1	1	0	0	0.848214	0
	0.006	0	0	1	1	0	0	0.848214	0
	0.007	0	0	1	1	0	0	0.848214	0
	0.008	0	0	1	1	0	0	0.848214	0
	0.009	0	0	1	1	0	0	0.848214	0
	0.01	0	0	1	1	0	0	0.848214	0
	0.011	0	0	1	1	0	0	0.848214	0
	0.012	0	0	1	1	0	0	0.848214	0
	0.013	0	0	1	1	0	0	0.848214	0
	0.014	0	0	1	1	0	0	0.848214	0
	0.015	0	0	1	1	0	0	0.848214	0
	0.016	0	0	1	1	0	0	0.848214	0
	0.017	0	0	1	1	0	0	0.848214	0
	0.018	0	0	1	1	0	0	0.848214	0
	0.019	0	0	1	1	0	0	0.848214	0
	0.02	0	0	1	1	0	0	0.848214	0
	0.021	0	0	1	1	0	0	0.848214	0
	0.022	0	0	1	1	0	0	0.848214	0
	0.023	0	0	1	1	0	0	0.848214	0
	0.024	0	0	1	1	0	0	0.848214	0
	0.025	0	0	1	1	0	0	0.848214	0
	0.026	0	0	1	1	0	0	0.848214	0
	0.027	0	0	1	1	0	0	0.848214	0
	0.028	0	0	1	1	0	0	0.848214	0
	0.029	0	0	1	1	0	0	0.848214	0
	0.03	0	0	1	1	0	0	0.848214	0
	0.031	0	0	1	1	0	0	0.848214	0
	0.032	0	0	1	1	0	0	0.848214	0
	0.033	0	0	1	1	0	0	0.848214	0
	0.034	0	0	1	1	0	0	0.848214	0
	0.035	0	0	1	1	0	0	0.848214	0
	0.036	0	0	1	1	0	0	0.848214	0
	0.037	0	0	1	1	0	0	0.848214	0
	0.038	0	0	1	1	0	0	0.848214	0
	0.039	0	0	1	1	0	0	0.848214	0
	0.04	0	0	1	1	0	0	0.848214	0
	0.041	0	0	1	1	0	0	0.848214	0
	0.042	0	0	1	1	0	0	0.848214	0
	0.043	0	0	1	1	0	0	0.848214	0
	0.044	0	0	1	1	0	0	0.848214	0
	0.045	0	0	1	1	0	0	0.848214	0
	0.046	0	0	1	1	0	0	0.848214	0
	0.047	0	0	1	1	0	0	0.848214	0
	0.048	0	0	1	1	0	0	0.848214	0
	0.049	0	0	1	1	0	0	0.848214	0
	0.05	0	0	1	1	0	0	0.848214	0
	0.051	0	0	1	1	0	0	0.848214	0
	0.052	0	0	1	1	0	0	0.848214	0
	0.053	0	0	1	1	0	0	0.848214	0
	0.054	0	0	1	1	0	0	0.848214	0
	0.055	0	0	1	1	0	0	0.848214	0
	0.056	0	0	1	1	0	0	0.848214	0
	0.057	0	0	1	1	0	0	0.848214	0
	0.058	0	0	1	1	0	0	0.848214	0
	0.059	0	0	1	1	0	0	0.848214	0
	0.06	0	0	1	1	0	0	0.848214	0
	0.061	0	0	1	1	0	0	0.848214	0
	0.062	0	0	1	1	0	0	0.848214	0
	0.063	0	0	1	1	0	0	0.848214	0
	0.064	0	0	1	1	0	0	0.848214	0
	0.065	0	0	1	1	0	0	0.848214	0
	0.066	0	0	1	1	0	0	0.848214	0
	0.067	0	0	1	1	0	0	0.848214	0
	0.068	0	0	1	1	0	0	0.848214	0
	0.069	0	0	1	1	0	0	0.848214	0
	0.07	0	0	1	1	0	0	0.848214	0
	0.071	0	0	1	1	0	0	0.848214	0
	0.072	0	0	1	1	0	0	0.848214	0
	0.073	0	0	1	1	0	0	0.848214	0
	0.074	0	0	1	1	0	0	0.848214	0
	0.075	0	0	1	1	0	0	0.848214	0
	0.076	0	0	1	1	0	0	0.848214	0
	0.077	0	0	1	1	0	0	0.848214	0
	0.078	0	0	1	1	0	0	0.848214	0
	0.079	0	0	1	1	0	0	0.848214	0
	0.08	0	0	1	1	0	0	0.848214	0
	0.081	0	0	1	1	0	0	0.848214	0
	0.082	0	0	1	1	0	0	0.848214	0
	0.083	0	0	1	1	0	0	0.848214	0
	0.084	0	0	1	1	0	0	0.848214	0
	0.085	0	0	1	1	0	0	0.848214	0
	0.086	0	0	1	1	0	0	0.848214	0
	0.087	0	0	1	1	0	0	0.848214	0
	0.088	0	0	1	1	0	0	0.848214	0
	0.089	0	0	1	1	0	0	0.848214	0
	0.09	0	0	1	1	0	0	0.848214	0
	0.091	0	0	1	1	0	0	0.848214	0
	0.092	0	0	1	1	0	0	0.848214	0
	0.093	0	0	1	1	0	0	0.848214	0
	0.094	0	0	1	1	0	0	0.848214	0
	0.095	0	0	1	1	0	0	0.848214	0
	0.096	0	0	1	1	0	0	0.848214	0
	0.097	0	0	1	1	0	0	0.848214	0
	0.098	0	0	1	1	0	0	0.848214	0
	0.099	0	0	1	1	0	0	0.848214	0
	0.1	0	0	1	1	0	0	0.848214	0
	0.101	0	0	1	1	0	0	0.848214	0
	0.102	0	0	1	1	0	0	0.848214	0
	0.103	0	0	1	1	0	0	0.848214	0
	0.104	0	0	1	1	0	0	0.848214	0
	0.105	0	0	1	1	0	0	0.848214	0
	0.106	0	0	1	1	0	0	0.848214	0
	0.107	0	0	1	1	0	0	0.848214	0
	0.108	0	0	1	1	0	0	0.848214	0
	0.109	0	0	1	1	0	0	0.848214	0
	0.11	0	0	1	1	0	0	0.848214	0
	0.111	0	0	1	1	0	0	0.848214	0
	0.112	0	0	1	1	0	0	0.848214	0
	0.113	0	0	1	1	0	0	0.848214	0
	0.114	0	0	1	1	0	0	0.848214	0
	0.115	0	0	1	1	0	0	0.848214	0
	0.116	0	0	1	1	0	0	0.848214	0
	0.117	0	0	1	1	0	0	0.848214	0
	0.118	0	0	1	1	0	0	0.848214	0
	0.119	0	0	1	1	0	0	0.848214	0
	0.12	0	0	1	1	0	0	0.848214	0
	0.121	0	0	1	1	0	0	0.848214	0
	0.122	0	0	1	1	0	0	0.848214	0
	0.123	0	0	1	1	0	0	0.848214	0
	0.124	0	0	1	1	0	0	0.848214	0
	0.125	0	0	1	1	0	0	0.848214	0
	0.126	0	0	1	1	0	0	0.848214	0
	0.127	0	0	1	1	0	0	0.848214	0
	0.128	0	0	1	1	0	0	0.848214	0
	0.129	0	0	1	1	0	0	0.848214	0
	0.13	0	0	1	1	0	0	0.848214	0
	0.131	0	0	1	1	0	0	0.848214	0
	0.132	0	0	1	1	0	0	0.848214	0
	0.133	0	0	1	1	0	0	0.848214	0
	0.134	0	0	1	1	0	0	0.848214	0
	0.135	0	0	1	1	0	0	0.848214	0
	0.136	0	0	1	1	0	0	0.848214	0
	0.137	0	0	1	1	0	0	0.848214	0
	0.138	0	0	1	1	0	0	0.848214	0
	0.139	0	0	1	1	0	0	0.848214	0
	0.14	0	0	1	1	0	0	0.848214	0
	0.141	0	0	1	1	0	0	0.848214	0
	0.142	0	0	1	1	0	0	0.848214	0
	0.143	0	0	1	1	0	0	0.848214	0
	0.144	0	0	1	1	0	0	0.848214	0
	0.145	0	0	1	1	0	0	0.848214	0
	0.146	0	0	1	1	0	0	0.848214	0
	0.147	0	0	1	1	0	0	0.848214	0
	0.148	0	0	1	1	0	0	0.848214	0
	0.149	0	0	1	1	0	0	0.848214	0
	0.15	0	0	1	1	0	0	0.848214	0
	0.151	0	0	1	1	0	0	0.848214	0
	0.152	0	0	1	1	0	0	0.848214	0
	0.153	0	0	1	1	0	0	0.848214	0
	0.154	0	0	1	1	0	0	0.848214	0
	0.155	0	0	1	1	0	0	0.848214	0
	0.156	0	0	1	1	0	0	0.848214	0
	0.157	0	0	1	1	0	0	0.848214	0
	0.158	0	0	1	1	0	0	0.848214	0
	0.159	0	0	1	1	0	0	0.848214	0
	0.16	0	0	1	1	0	0	0.848214	0
	0.161	0	0	1	1	0	0	0.848214	0
	0.162	0	0	1	1	0	0	0.848214	0
	0.163	0	0	1	1	0	0	0.848214	0
	0.164	0	0	1	1	0	0	0.848214	0
	0.165	0	0	1	1	0	0	0.848214	0
	0.166	0	0	1	1	0	0	0.848214	0
	0.167	0	0	1	1	0	0	0.848214	0
	0.168	0	0	1	1	0	0	0.848214	0
	0.169	0	0	1	1	0	0	0.848214	0
	0.17	0	0	1	1	0	0	0.848214	0
	0.171	0	0	1	1	0	0	0.848214	0
	0.172	0	0	1	1	0	0	0.848214	0
	0.173	0	0	1	1	0	0	0.848214	0
	0.174	0	0	1	1	0	0	0.848214	0
	0.175	0	0	1	1	0	0	0.848214	0
	0.176	0	0	1	1	0	0	0.848214	0
	0.177	0	0	1	1	0	0	0.848214	0
	0.178	0	0	1	1	0	0	0.848214	0
	0.179	0	0	1	1	0	0	0.848214	0
	0.18	0	0	1	1	0	0	0.848214	0
	0.181	0	0	1	1	0	0	0.848214	0
	0.182	0	0	1	1	0	0	0.848214	0
	0.183	0	0	1	1	0	0	0.848214	0
	0.184	0	0	1	1	0	0	0.848214	0
	0.185	0	0	1	1	0	0	0.848214	0
	0.186	0	0	1	1	0	0	0.848214	0
	0.187	0	0	1	1	0	0	0.848214	0
	0.188	0	0	1	1	0	0	0.848214	0
	0.189	0	0	1	1	0	0	0.848214	0
	0.19	0	0	1	1	0	0	0.848214	0
	0.191	0	0	1	1	0	0	0.848214	0
	0.192	0	0	1	1	0	0	0.848214	0
	0.193	0	0	1	1	0	0	0.848214	0
	0.194	0	0	1	1	0	0	0.848214	0
	0.195	0	0	1	1	0	0	0.848214	0
	0.196	0	0	1	1	0	0	0.848214	0
	0.197	0	0	1	1	0	0	0.848214	0
	0.198	0	0	1	1	0	0	0.848214	0
	0.199	0	0	1	1	0	0	0.848214	0
	0.2	0	0	1	1	0	0	0.848214	0
	0.201	0	0	1	1	0	0	0.848214	0
	0.202	0	0	1	1	0	0	0.848214	0
	0.203	0	0	1	1	0	0	0.848214	0
	0.204	0	0	1	1	0	0	0.848214	0
	0.205	0	0	1	1	0	0	0.848214	0
	0.206	0	0	1	1	0	0	0.848214	0
	0.207	0	0	1	1	0	0	0.848214	0
	0.208	0	0	1	1	0	0	0.848214	0
	0.209	0	0	1	1	0	0	0.848214	0
	0.21	0	0	1	1	0	0	0.848214	0
	0.211	0	0	1	1	0	0	0.848214	0
	0.212	0	0	1	1	0	0	0.848214	0
	0.213	0	0	1	1	0	0	0.848214	0
	0.214	0	0	1	1	0	0	0.848214	0
	0.215	0	0	1	1	0	0	0.848214	0
	0.216	0	0	1	1	0	0	0.848214	0
	0.217	0	0	1	1	0	0	0.848214	0
	0.218	0	0	1	1	0	0	0.848214	0
	0.219	0	0	1	1	0	0	0.848214	0
	0.22	0	0	1	1	0	0	0.848214	0
	0.221	0	0	1	1	0	0	0.848214	0
	0.222	0	0	1	1	0	0	0.848214	0
	0.223	0	0	1	1	0	0	0.848214	0
	0.224	0	0	1	1	0	0	0.848214	0
	0.225	0	0	1	1	0	0	0.848214	0
	0.226	0	0	1	1	0	0	0.848214	0
	0.227	0	0	1	1	0	0	0.848214	0
	0.228	0	0	1	1	0	0	0.848214	0
	0.229	0	0	1	1	0	0	0.848214	0
	0.23	0	0	1	1	0	0	0.848214	0
	0.231	0	0	1	1	0	0	0.848214	0
	0.232	0	0	1	1	0	0	0.848214	0
	0.233	0	0	1	1	0	0	0.848214	0
	0.234	0	0	1	1	0	0	0.848214	0
	0.235	0	0	1	1	0	0	0.848214	0
	0.236	0	0	1	1	0	0	0.848214	0
	0.237	0	0	1	1	0	0	0.848214	0
	0.238	0	0	1	1	0	0	0.848214	0
	0.239	0	0	1	1	0	0	0.848214	0
	0.24	0	0	1	1	0	0	0.848214	0
	0.241	0	0	1	1	0	0	0.848214	0
	0.242	0	0	1	1	0	0	0.848214	0
	0.243	0	0	1	1	0	0	0.848214	0
	0.244	0	0	1	1	0	0	0.848214	0
	0.245	0	0	1	1	0	0	0.848214	0
	0.246	0	0	1	1	0	0	0.848214	0
	0.247	0	0	1	1	0	0	0.848214	0
	0.248	0	0	1	1	0	0	0.848214	0
	0.249	0	0	1	1	0	0	0.848214	0
	0.25	0	0	1	1	0	0	0.848214	0
	0.251	0	0	1	1	0	0	0.848214	0
	0.252	0	0	1	1	0	0	0.848214	0
	0.253	0	0	1	1	0	0	0.848214	0
	0.254	0	0	1	1	0	0	0.848214	0
	0.255	0	0	1	1	0	0	0.848214	0
	0.256	0	0	1	1	0	0	0.848214	0
	0.257	0	0	1	1	0	0	0.848214	0
	0.258	0	0	1	1	0	0	0.848214	0
	0.259	0	0	1	1	0	0	0.848214	0
	0.26	0	0	1	1	0	0	0.848214	0
	0.261	0	0	1	1	0	0	0.848214	0
	0.262	0	0	1	1	0	0	0.848214	0
	0.263	0	0	1	1	0	0	0.848214	0
	0.264	0	0	1	1	0	0	0.848214	0
	0.265	0	0	1	1	0	0	0.848214	0
	0.266	0	0	1	1	0	0	0.848214	0
	0.267	0	0	1	1	0	0	0.848214	0
	0.268	0	0	1	1	0	0	0.848214	0
	0.269	0	0	1	1	0	0	0.848214	0
	0.27	0	0	1	1	0	0	0.848214	0
	0.271	0	0	1	1	0	0	0.848214	0
	0.272	0	0	1	1	0	0	0.848214	0
	0.273	0	0	1	1	0	0	0.848214	0
	0.274	0	0	1	1	0	0	0.848214	0
	0.275	0	0	1	1	0	0	0.848214	0
	0.276	0	0	1	1	0	0	0.848214	0
	0.277	0	0	1	1	0	0	0.848214	0
	0.278	0	0	1	1	0	0	0.848214	0
	0.279	0	0	1	1	0	0	0.848214	0
	0.28	0	0	1	1	0	0	0.848214	0
	0.281	0	0	1	1	0	0	0.848214	0
	0.282	0	0	1	1	0	0	0.848214	0
	0.283	0	0	1	1	0	0	0.848214	0
	0.284	0	0	1	1	0	0	0.848214	0
	0.285	0	0	1	1	0	0	0.848214	0
	0.286	0	0	1	1	0	0	0.848214	0
	0.287	0	0	1	1	0	0	0.848214	0
	0.288	0	0	1	1	0	0	0.848214	0
	0.289	0	0	1	1	0	0	0.848214	0
	0.29	0	0	1	1	0	0	0.848214	0
	0.291	0	0	1	1	0	0	0.848214	0
	0.292	0	0	1	1	0	0	0.848214	0
	0.293	0	0	1	1	0	0	0.848214	0
	0.294	0	0	1	1	0	0	0.848214	0
	0.295	0	0	1	1	0	0	0.848214	0
	0.296	0	0	1	1	0	0	0.848214	0
	0.297	0	0	1	1	0	0	0.848214	0
	0.298	0	0	1	1	0	0	0.848214	0
	0.299	0	0	1	1	0	0	0.848214	0
	0.3	0	0	1	1	0	0	0.848214	0
	0.301	0	0	1	1	0	0	0.848214	0
	0.302	0	0	1	1	0	0	0.848214	0
	0.303	0	0	1	1	0	0	0.848214	0
	0.304	0	0	1	1	0	0	0.848214	0
	0.305	0	0	1	1	0	0	0.848214	0
	0.306	0	0	1	1	0	0	0.848214	0
	0.307	0	0	1	1	0	0	0.848214	0
	0.308	0	0	1	1	0	0	0.848214	0
	0.309	0	0	1	1	0	0	0.848214	0
	0.31	0	0	1	1	0	0	0.848214	0
	0.311	0	0	1	1	0	0	0.848214	0
	0.312	0	0	1	1	0	0	0.848214	0
	0.313	0	0	1	1	0	0	0.848214	0
	0.314	0	0	1	1	0	0	0.848214	0
	0.315	0	0	1	1	0	0	0.848214	0
	0.316	0	0	1	1	0	0	0.848214	0
	0.317	0	0	1	1	0	0	0.848214	0
	0.318	0	0	1	1	0	0	0.848214	0
	0.319	0	0	1	1	0	0	0.848214	0
	0.32	0	0	1	1	0	0	0.848214	0
	0.321	0	0	1	1	0	0	0.848214	0
	0.322	0	0	1	1	0	0	0.848214	0
	0.323	0	0	1	1	0	0	0.848214	0
	0.324	0	0	1	1	0	0	0.848214	0
	0.325	0	0	1	1	0	0	0.848214	0
	0.326	0	0	1	1	0	0	0.848214	0
	0.327	0	0	1	1	0	0	0.848214	0
	0.328	0	0	1	1	0	0	0.848214	0
	0.329	0	0	1	1	0	0	0.848214	0
	0.33	0	0	1	1	0	0	0.848214	0
	0.331	0	0	1	1	0	0	0.848214	0
	0.332	0	0	1	1	0	0	0.848214	0
	0.333	0	0	1	1	0	0	0.848214	0
	0.334	0	0	1	1	0	0	0.848214	0
	0.335	0	0	1	1	0	0	0.848214	0
	0.336	0	0	1	1	0	0	0.848214	0
	0.337	0	0	1	1	0	0	0.848214	0
	0.338	0	0	1	1	0	0	0.848214	0
	0.339	0	0	1	1	0	0	0.848214	0
	0.34	0	0	1	1	0	0	0.848214	0
	0.341	0	0	1	1	0	0	0.848214	0
	0.342	0	0	1	1	0	0	0.848214	0
	0.343	0	0	1	1	0	0	0.848214	0
	0.344	0	0	1	1	0	0	0.848214	0
	0.345	0	0	1	1	0	0	0.848214	0
	0.346	0	0	1	1	0	0	0.848214	0
	0.347	0	0	1	1	0	0	0.848214	0
	0.348	0	0	1	1	0	0	0.848214	0
	0.349	0	0	1	1	0	0	0.848214	0
	0.35	0	0	1	1	0	0	0.848214	0
	0.351	0	0	1	1	0	0	0.848214	0
	0.352	0	0	1	1	0	0	0.848214	0
	0.353	0	0	1	1	0	0	0.848214	0
	0.354	0	0	1	1	0	0	0.848214	0
	0.355	0	0	1	1	0	0	0.848214	0
	0.356	0	0	1	1	0	0	0.848214	0
	0.357	0	0	1	1	0	0	0.848214	0
	0.358	0	0	1	1	0	0	0.848214	0
	0.359	0	0	1	1	0	0	0.848214	0
	0.36	0	0	1	1	0	2.06612e-05	0.848214	0
	0.361	0	0	1	1	0	0	0.848214	0
	0.362	0	0	1	1	0	0	0.848214	0
	0.363	0	0	1	1	0	0	0.848214	0
	0.364	0	0	1	1	0	0	0.848214	0
	0.365	0	0	1	1	0	0	0.848214	0
	0.366	0	0	1	1	0	0	0.848214	0
	0.367	0	0	1	1	0	0	0.848214	0
	0.368	0	0	1	1	0	0	0.848214	0
	0.369	0	0	1	1	0	0	0.848214	0
	0.37	0	0	1	1	0	0	0.848214	0
	0.371	0	0	1	1	0	0	0.848214	0
	0.372	0	0	1	1	0	0	0.848214	0
	0.373	0	0	1	1	0	0	0.848214	0
	0.374	0	0	1	1	0	2.06612e-05	0.848214	0
	0.375	0	0	1	1	0	0	0.848214	0
	0.376	0	0	1	1	0	0	0.848214	0
	0.377	0	0	1	1	0	0	0.848214	0
	0.378	0	0	1	1	0	0	0.848214	0
	0.379	0	0	1	1	0	0	0.848214	0
	0.38	0	0	1	1	0	0	0.848214	0
	0.381	0	0	1	1	0	0	0.848214	0
	0.382	0	0	1	1	0	0	0.848214	0
	0.383	0	0	1	1	0	0	0.848214	0
	0.384	0	0	1	1	0	0	0.848214	0
	0.385	0	0	1	1	0	0	0.848214	0
	0.386	0	0	1	1	0	0	0.848214	0
	0.387	0	0	1	1	0	0	0.848214	0
	0.388	0	0	1	1	0	0	0.848214	0
	0.389	0	0	1	1	0	0	0.848214	0
	0.39	0	0	1	1	0	0	0.848214	0
	0.391	0	0	1	1	0	0	0.848214	0
	0.392	0	0	1	1	0	0	0.848214	0
	0.393	0	0	1	1	0	0	0.848214	0
	0.394	0	0	1	1	0	2.06612e-05	0.848214	0
	0.395	0	0	1	1	0	0	0.848214	0
	0.396	0	0	1	1	0	0	0.848214	0
	0.397	0	0	1	1	0	0	0.848214	0
	0.398	0	0	1	1	0	0	0.848214	0
	0.399	0	0	1	1	0	0	0.848214	0
	0.4	0	0	1	1	0	0	0.848214	0
	0.401	0	0	1	1	0	0	0.848214	0
	0.402	0	0	1	1	0	0	0.848214	0
	0.403	0	0	1	1	0	0	0.848214	0
	0.404	0	0	1	1	0	0	0.848214	0
	0.405	0	0	1	1	0	0	0.848214	0
	0.406	0	0	1	1	0	0	0.848214	0
	0.407	0	0	1	1	0	0	0.848214	0
	0.408	0	0	1	1	0	0	0.848214	0
	0.409	0	0	1	1	0	0	0.848214	0
	0.41	0	0	1	1	0	2.06612e-05	0.848214	0
	0.411	0	0	1	1	0	0	0.848214	0
	0.412	0	0	1	1	0	0	0.848214	0
	0.413	0	0	1	1	0	0	0.848214	0
	0.414	0	0	1	1	0	0	0.848214	0
	0.415	0	0	1	1	0	0	0.848214	0
	0.416	0	0	1	1	0	0	0.848214	0
	0.417	0	0	1	1	0	0	0.848214	0
	0.418	0	0	1	1	0	0	0.848214	0
	0.419	0	0	1	1	0	0	0.848214	0
	0.42	0	0	1	1	0	0	0.848214	0
	0.421	0	0	1	1	0	0	0.848214	0
	0.422	0	0	1	1	0	0	0.848214	0
	0.423	0	0	1	1	2.06612e-05	0	0.848214	0
	0.424	0	0	1	1	0	0	0.848214	0
	0.425	0	0	1	1	0	0	0.848214	0
	0.426	0	0	1	1	0	0	0.848214	0
	0.427	0	0	1	1	6.19835e-05	0	0.848214	0
	0.428	0	0	1	1	4.13223e-05	0	0.848214	0
	0.429	0	0	1	1	2.06612e-05	0	0.848214	0
	0.43	0	0	1	1	2.06612e-05	0	0.848214	0
	0.431	0	0	1	1	2.06612e-05	0	0.848214	0
	0.432	0	0	1	1	0	0	0.848214	0
	0.433	0	0	1	1	2.06612e-05	2.06612e-05	0.848214	0
	0.434	0	0	1	1	0	0	0.848214	0
	0.435	0	0	1	1	2.06612e-05	2.06612e-05	0.848214	0
	0.436	0	0	1	1	6.19835e-05	0	0.848214	0
	0.437	0	0	1	1	6.19835e-05	2.06612e-05	0.848214	0
	0.438	0	0	1	1	8.26446e-05	0	0.848214	0
	0.439	0	0	1	1	6.19835e-05	0	0.848214	0
	0.44	0	0	1	1	6.19835e-05	0	0.848214	0
	0.441	0	0	1	1	2.06612e-05	0	0.848214	0
	0.442	0	0	1	1	0.000103306	0	0.848214	0
	0.443	0	0	1	1	0.000103306	0	0.848214	0
	0.444	0	0	1	1	6.19835e-05	2.06612e-05	0.848214	0
	0.445	0	0	1	1	4.13223e-05	0	0.848214	0
	0.446	0	0	1	1	2.06612e-05	0	0.848214	0
	0.447	0	0	1	1	4.13223e-05	0	0.848214	0
	0.448	0	0	1	1	4.13223e-05	4.13223e-05	0.848214	0
	0.449	0	0	1	1	6.19835e-05	2.06612e-05	0.848214	0
	0.45	0	0	1	1	0	6.19835e-05	0.848214	0
	0.451	0	0	1	1	0.000144628	0	0.848214	0
	0.452	0	0	1	1	4.13223e-05	2.06612e-05	0.848214	0
	0.453	0	0	1	1	2.06612e-05	6.19835e-05	0.848214	0
	0.454	0	0	1	1	2.06612e-05	2.06612e-05	0.848214	0
	0.455	0	0	1	1	6.19835e-05	2.06612e-05	0.848214	0
	0.456	0	0	1	1	6.19835e-05	2.06612e-05	0.848214	0
	0.457	0	0	1	1	6.19835e-05	4.13223e-05	0.848214	0
	0.458	0	0	1	1	4.13223e-05	2.06612e-05	0.848214	0
	0.459	0	0	1	1	8.26446e-05	2.06612e-05	0.848214	0
	0.46	0	0	1	1	8.26446e-05	0	0.848214	0
	0.461	0	0	1	1	4.13223e-05	6.19835e-05	0.848214	0
	0.462	0	0	1	1	2.06612e-05	0.000165289	0.848214	0
	0.463	0	0	1	1	4.13223e-05	0	0.848214	0
	0.464	0	0	1	1	0	4.13223e-05	0.848214	0
	0.465	0	0	1	1	6.19835e-05	4.13223e-05	0.848214	0
	0.466	0	0	1	1	4.13223e-05	2.06612e-05	0.852018	0
	0.467	0	0	1	1	0	0	0.852018	0
	0.468	0	0	1	1	8.26446e-05	2.06612e-05	0.852018	0
	0.469	0	0	1	1	0.000103306	6.19835e-05	0.847534	0
	0.47	0	0	1	1	4.13223e-05	4.13223e-05	0.847534	0
	0.471	0	0	1	1	6.19835e-05	0	0.847534	0
	0.472	0	0	1	1	0.000144628	2.06612e-05	0.847534	0
	0.473	0	0	1	1	6.19835e-05	8.26446e-05	0.847534	0
	0.474	0	0	1	1	8.26446e-05	2.06612e-05	0.847534	0
	0.475	0	0	1	1	8.26446e-05	4.13223e-05	0.847534	0
	0.476	0	0	1	1	0.000144628	6.19835e-05	0.843049	0
	0.477	0	0	1	1	2.06612e-05	8.26446e-05	0.843049	0
	0.478	0	0	1	1	0.000123967	0.000103306	0.843049	0
	0.479	0	0	1	1	4.13223e-05	2.06612e-05	0.843049	0
	0.48	0	0	1	1	0.000103306	0.000103306	0.843049	0
	0.481	0	0	1	1	0.000165289	0.000123967	0.843049	0
	0.482	0	0	1	1	0.000103306	6.19835e-05	0.843049	0
	0.483	0	0	1	1	0.000144628	0.000123967	0.843049	0
	0.484	0	0	1	1	0.000165289	0.00018595	0.843049	0
	0.485	0	0	1	1	8.26446e-05	8.26446e-05	0.843049	0
	0.486	0	0	1	1	0.000123967	0.000123967	0.843049	0
	0.487	0	0	1	1	0.000123967	0.000165289	0.843049	0
	0.488	0	0	1	1	0.000144628	0.000165289	0.843049	0
	0.489	0	0	1	1	8.26446e-05	8.26446e-05	0.843049	0
	0.49	0	0	1	1	0.000309917	0.000268595	0.843049	0
	0.491	0	0	1	1	0.000330579	0.000289256	0.843049	0
	0.492	0	0	1	1	0.000309917	0.000247934	0.838565	0
	0.493	0	0	1	1	0.000557851	0.000268595	0.834081	0
	0.494	0	0	1	1	0.000702479	0.000495868	0.834081	0
	0.495	0	0	1	1	0.000495868	0.000578512	0.837838	0
	0.496	0	0	1	1	0.000413223	0.000619835	0.833333	0
	0.497	0	0	1	1	0.000826446	0.000805785	0.833333	0
	0.498	0	0	1	1	0.000599174	0.00109504	0.832579	0
	0.499	0	0	1	1	0.00109504	0.00126033	0.832579	0
	0.5	0	0	1	1	0.000826446	0.00165289	0.828054	0
	0.501	0	0	1	1	0.00107438	0.0014876	0.823529	0
	0.502	0	0	1	1	0.00117769	0.00109504	0.823529	0
	0.503	0	0	1	1	0.000971074	0.00132231	0.819005	0
	0.504	0	0	1	1	0.0010124	0.0013843	0.822727	0
	0.505	0	0	1	1	0.000991736	0.00140496	0.818182	0
	0.506	0	0	1	1	0.00107438	0.00134298	0.809091	0
	0.507	0	0	1	1	0.00088843	0.00107438	0.809091	0
	0.508	0	0	1	1	0.00109504	0.00123967	0.812785	0
	0.509	0	0	1	1	0.00103306	0.00117769	0.816514	0
	0.51	0	0	1	1	0.00109504	0.00154959	0.816514	0
	0.511	0	0	1	1	0.000950413	0.00121901	0.807339	0
	0.512	0	0	1	1	0.000971074	0.0014876	0.807339	0
	0.513	0	0	1	1	0.00109504	0.00157025	0.807339	0
	0.514	0	0	1	1	0.000909091	0.00169421	0.818605	0
	0.515	0	0	1	1	0.00109504	0.00132231	0.813953	0
	0.516	0	0	1	1	0.00123967	0.00144628	0.809302	0
	0.517	0	0	1	1	0.00105372	0.00115702	0.809302	0
	0.518	0	0	1	1	0.000867769	0.00150826	0.812207	0
	0.519	0	0	1	1	0.00136364	0.00115702	0.812207	0
	0.52	0	0	1	1	0.000991736	0.00115702	0.812207	0
	0.521	0	0	1	1	0.000971074	0.00154959	0.807512	0
	0.522	0	0	1	1	0.00103306	0.00140496	0.807512	0
	0.523	0	0	1	1	0.00121901	0.0013843	0.806604	0
	0.524	0	0	1	1	0.000971074	0.00119835	0.810427	0
	0.525	0	0	1	1	0.000929752	0.00140496	0.814286	0
	0.526	0	0	1	1	0.000826446	0.00142562	0.814286	0
	0.527	0	0	1	1	0.000909091	0.0013843	0.814286	0
	0.528	0	0	1	1	0.00105372	0.00119835	0.818182	0
	0.529	0	0	1	1	0.00117769	0.0017562	0.818182	0
	0.53	0	0	1	1	0.000950413	0.00142562	0.813397	0
	0.531	0	0	1	1	0.00109504	0.00132231	0.817308	0
	0.532	0	0	1	1	0.000929752	0.00109504	0.8125	0
	0.533	0	0	1	1	0.00121901	0.00103306	0.8125	0
	0.534	0	0	1	1	0.000805785	0.00134298	0.802885	0
	0.535	0	0	1	1	0.00117769	0.00144628	0.802885	0
	0.536	0	0	1	1	0.000785124	0.00117769	0.798077	0
	0.537	0	0	1	1	0.00103306	0.0013843	0.798077	0
	0.538	0	0	1	1	0.00103306	0.00132231	0.793269	0
	0.539	0	0	1	1	0.00107438	0.00128099	0.792271	0
	0.54	0	0	1	1	0.000909091	0.00123967	0.8	0
	0.541	0	0	1	1	0.00105372	0.00107438	0.802956	0
	0.542	0	0	1	1	0.00117769	0.0010124	0.802956	0
	0.543	0	0	1	1	0.0010124	0.0013843	0.819095	0
	0.544	0	0	1	1	0.000991736	0.00134298	0.823232	0
	0.545	0	0	1	1	0.0011157	0.00152893	0.818182	0
	0.546	0	0	1	1	0.00134298	0.0013843	0.821429	0
	0.547	0	0	1	1	0.000991736	0.00126033	0.816327	0
	0.548	0	0	1	1	0.000950413	0.00136364	0.811224	0
	0.549	0	0	1	1	0.000991736	0.00126033	0.806122	0
	0.55	0	0	1	1	0.000971074	0.0017562	0.810256	0
	0.551	0	0	1	1	0.000867769	0.00130165	0.805128	0
	0.552	0	0	1	1	0.0010124	0.0011157	0.805128	0
	0.553	0	0	1	1	0.0010124	0.00128099	0.809278	0
	0.554	0	0	1	1	0.00130165	0.00103306	0.809278	0
	0.555	0	0	1	1	0.0011157	0.00134298	0.804124	0
	0.556	0	0	1	1	0.000805785	0.00103306	0.804124	0
	0.557	0	0	1	1	0.00107438	0.00088843	0.78866	0
	0.558	0	0	1	1	0.000929752	0.0014876	0.78866	0
	0.559	0	0	1	1	0.000847107	0.00126033	0.783505	0
	0.56	0	0	1	1	0.000971074	0.00126033	0.787565	0
	0.561	0	0	1	1	0.000971074	0.00130165	0.787565	0
	0.562	0	0	1	1	0.00132231	0.00130165	0.791667	0
	0.563	0	0	1	1	0.0010124	0.0013843	0.795812	0
	0.564	0	0	1	1	0.000950413	0.00103306	0.8	0
	0.565	0	0	1	1	0.00107438	0.00107438	0.798942	0
	0.566	0	0	1	1	0.000971074	0.0010124	0.798942	0
	0.567	0	0	1	1	0.00107438	0.00119835	0.793651	0
	0.568	0	0	1	1	0.000805785	0.0017562	0.797872	0
	0.569	0	0	1	1	0.000929752	0.00144628	0.797872	0
	0.57	0	0	1	1	0.000971074	0.00115702	0.797872	0
	0.571	0	0	1	1	0.00105372	0.00123967	0.797872	0
	0.572	0	0	1	1	0.000847107	0.00130165	0.802139	0
	0.573	0	0	1	1	0.00109504	0.00128099	0.796791	0
	0.574	0	0	1	1	0.0011157	0.0011157	0.796791	0
	0.575	0	0	1	1	0.0010124	0.00146694	0.791444	0
	0.576	0	0	1	1	0.000867769	0.00119835	0.795699	0
	0.577	0	0	1	1	0.000950413	0.0013843	0.804348	0
	0.578	0	0	1	1	0.000929752	0.00121901	0.813187	0
	0.579	0	0	1	1	0.000971074	0.000826446	0.80663	0
	0.58	0	0	1	1	0.000909091	0.0011157	0.801105	0
	0.581	0	0	1	1	0.000743802	0.00130165	0.801105	0
	0.582	0	0	1	1	0.00107438	0.00140496	0.79558	0
	0.583	0	0	1	1	0.00072314	0.00132231	0.790055	0
	0.584	0	0	1	1	0.000991736	0.00115702	0.78453	0
	0.585	0	0	1	1	0.000929752	0.00126033	0.787709	0
	0.586	0	0	1	1	0.000847107	0.00146694	0.787709	0
	0.587	0	0	1	1	0.00107438	0.00107438	0.782123	0
	0.588	0	0	1	1	0.000909091	0.00113636	0.780899	0
	0.589	0	0	1	1	0.000805785	0.00132231	0.775281	0
	0.59	0	0	1	1	0.000805785	0.00103306	0.778409	0
	0.591	0	0	1	1	0.000805785	0.00134298	0.772727	0
	0.592	0	0	1	1	0.000826446	0.00140496	0.772727	0
	0.593	0	0	1	1	0.00119835	0.00128099	0.781609	0
	0.594	0	0	1	1	0.00130165	0.00119835	0.774566	0
	0.595	0	0	1	1	0.000743802	0.00126033	0.774566	0
	0.596	0	0	1	1	0.00109504	0.0011157	0.774566	0
	0.597	0	0	1	1	0.000805785	0.000950413	0.774566	0
	0.598	0	0	1	1	0.00119835	0.00115702	0.774566	0
	0.599	0	0	1	1	0.0011157	0.00126033	0.783626	0
	0.6	0	0	1	1	0.000909091	0.00130165	0.783626	0
	0.601	0	0	1	1	0.00119835	0.00115702	0.777778	0
	0.602	0	0	1	1	0.00115702	0.00109504	0.777778	0
	0.603	0	0	1	1	0.00103306	0.00117769	0.777778	0
	0.604	0	0	1	1	0.00117769	0.00113636	0.777778	0
	0.605	0	0	1	1	0.000950413	0.00130165	0.782353	0
	0.606	0	0	1	1	0.00113636	0.0010124	0.782353	0
	0.607	0	0	1	1	0.00103306	0.00132231	0.776471	0
	0.608	0	0	1	1	0.00113636	0.00121901	0.776471	0
	0.609	0	0	1	1	0.00115702	0.000847107	0.781065	0
	0.61	0	0	1	1	0.00088843	0.000991736	0.781065	0
	0.611	0	0	1	1	0.00134298	0.00107438	0.785714	0
	0.612	0	0	1	1	0.00117769	0.000971074	0.77381	0
	0.613	0	0	1	1	0.00128099	0.00103306	0.77381	0
	0.614	0	0	1	1	0.00123967	0.0010124	0.778443	0
	0.615	0	0	1	1	0.00130165	0.00144628	0.778443	0
	0.616	0	0	1	1	0.00105372	0.00113636	0.772455	0
	0.617	0	0	1	1	0.00126033	0.000950413	0.777108	0
	0.618	0	0	1	1	0.00103306	0.000971074	0.771084	0
	0.619	0	0	1	1	0.00140496	0.00117769	0.780488	0
	0.62	0	0	1	1	0.000785124	0.0010124	0.77439	0
	0.621	0	0	1	1	0.00117769	0.00109504	0.77439	0
	0.622	0	0	1	1	0.00105372	0.00109504	0.779141	0
	0.623	0	0	1	1	0.00130165	0.00105372	0.779141	0
	0.624	0	0	1	1	0.000950413	0.00103306	0.783951	0
	0.625	0	0	1	1	0.0010124	0.00109504	0.78882	0
	0.626	0	0	1	1	0.00113636	0.00105372	0.782609	0
	0.627	0	0	1	1	0.00109504	0.00109504	0.7875	0
	0.628	0	0	1	1	0.00109504	0.00115702	0.791139	0
	0.629	0	0	1	1	0.00088843	0.00113636	0.796178	0
	0.63	0	0	1	1	0.00123967	0.00103306	0.796178	0
	0.631	0	0	1	1	0.000805785	0.00107438	0.796178	0
	0.632	0	0	1	1	0.000950413	0.00113636	0.796178	0
	0.633	0	0	1	1	0.000785124	0.00117769	0.796178	0
	0.634	0	0	1	1	0.000909091	0.00107438	0.796178	0
	0.635	0	0	1	1	0.000971074	0.00126033	0.77707	0
	0.636	0	0	1	1	0.00088843	0.00109504	0.782051	0
	0.637	0	0	1	1	0.00088843	0.000991736	0.780645	0
	0.638	0	0	1	1	0.000929752	0.00107438	0.774194	0
	0.639	0	0	1	1	0.000971074	0.00117769	0.774194	0
	0.64	0	0	1	1	0.00072314	0.00088843	0.772727	0
	0.641	0	0	1	1	0.000599174	0.000950413	0.772727	0
	0.642	0	0	1	1	0.000929752	0.0011157	0.772727	0
	0.643	0	0	1	1	0.000640496	0.00117769	0.772727	0
	0.644	0	0	1	1	0.000847107	0.00109504	0.772727	0
	0.645	0	0	1	1	0.00053719	0.00103306	0.772727	0
	0.646	0	0	1	1	0.0010124	0.00088843	0.772727	0
	0.647	0	0	1	1	0.000805785	0.0010124	0.771242	0
	0.648	0	0	1	1	0.00072314	0.000950413	0.771242	0
	0.649	0	0	1	1	0.000847107	0.00107438	0.75817	0
	0.65	0	0	1	1	0.000764463	0.00109504	0.75817	0
	0.651	0	0	1	1	0.000702479	0.00107438	0.763158	0
	0.652	0	0	1	1	0.000661157	0.00105372	0.76	0
	0.653	0	0	1	1	0.000681818	0.00113636	0.77027	0
	0.654	0	0	1	1	0.000599174	0.00109504	0.780822	0
	0.655	0	0	1	1	0.000619835	0.00115702	0.780822	0
	0.656	0	0	1	1	0.000743802	0.000867769	0.786207	0
	0.657	0	0	1	1	0.000640496	0.000847107	0.786207	0
	0.658	0	0	1	1	0.00053719	0.00121901	0.791667	0
	0.659	0	0	1	1	0.000640496	0.00117769	0.791667	0
	0.66	0	0	1	1	0.00053719	0.00103306	0.802817	0
	0.661	0	0	1	1	0.000743802	0.00109504	0.808511	0
	0.662	0	0	1	1	0.000702479	0.00119835	0.8	0
	0.663	0	0	1	1	0.00072314	0.000991736	0.792857	0
	0.664	0	0	1	1	0.000764463	0.000950413	0.810219	0
	0.665	0	0	1	1	0.000847107	0.00103306	0.810219	0
	0.666	0	0	1	1	0.000702479	0.000743802	0.80292	0
	0.667	0	0	1	1	0.000578512	0.0011157	0.801471	0
	0.668	0	0	1	1	0.000681818	0.000950413	0.801471	0
	0.669	0	0	1	1	0.000619835	0.000805785	0.8	0
	0.67	0	0	1	1	0.000805785	0.00105372	0.8	0
	0.671	0	0	1	1	0.000681818	0.000867769	0.804511	0
	0.672	0	0	1	1	0.000702479	0.00123967	0.796992	0
	0.673	0	0	1	1	0.00088843	0.000971074	0.796992	0
	0.674	2.06612e-05	0	1	1	0.000847107	0.0011157	0.796992	0
	0.675	0	0	0.997934	1	0.000764463	0.000971074	0.789474	0
	0.676	0	0	0.997934	1	0.000619835	0.000991736	0.789474	0
	0.677	0	0	0.997934	1	0.000764463	0.000909091	0.781955	0
	0.678	0	0	0.997934	1	0.00072314	0.00103306	0.774436	0
	0.679	0	2.06612e-05	0.997934	1	0.000805785	0.00109504	0.774436	0
	0.68	0	0	0.997934	0.997934	0.000950413	0.000991736	0.774436	0
	0.681	0	0	0.997934	0.997934	0.00072314	0.000847107	0.774436	0
	0.682	0	0	0.997934	0.997934	0.000847107	0.000867769	0.766917	0
	0.683	0	0	0.997934	0.997934	0.000764463	0.000805785	0.757576	0
	0.684	0	0	0.997934	0.997934	0.000640496	0.000847107	0.757576	0
	0.685	4.13223e-05	0	0.997934	0.997934	0.000743802	0.000847107	0.757576	0
	0.686	4.13223e-05	0	0.997934	0.997934	0.000785124	0.0010124	0.763359	0
	0.687	0	0	0.997934	0.997934	0.0010124	0.000847107	0.763359	0
	0.688	2.06612e-05	0	0.997934	0.997934	0.000805785	0.000640496	0.769231	0
	0.689	0	0	0.997934	0.997934	0.000867769	0.000826446	0.761538	0
	0.69	6.19835e-05	0	0.997934	0.997934	0.000619835	0.000909091	0.761538	0
	0.691	0	0	0.997934	0.997934	0.000805785	0.000805785	0.746154	0
	0.692	2.06612e-05	0	0.997934	0.997934	0.000785124	0.00088843	0.746154	0
	0.693	2.06612e-05	0	0.997934	0.997934	0.000929752	0.00115702	0.751938	0
	0.694	4.13223e-05	0	0.997934	0.997934	0.000805785	0.000991736	0.751938	0
	0.695	6.19835e-05	0	0.997934	0.997934	0.0010124	0.000971074	0.736434	0
	0.696	4.13223e-05	0	0.997934	0.997934	0.000805785	0.00088843	0.742188	0
	0.697	8.26446e-05	0	0.997934	0.997934	0.000909091	0.0011157	0.742188	0
	0.698	2.06612e-05	0	0.995868	0.997934	0.00107438	0.000950413	0.748031	0
	0.699	6.19835e-05	0	0.995868	0.997934	0.000929752	0.0010124	0.748031	0
	0.7	0.000103306	0	0.995868	0.997934	0.000929752	0.000991736	0.740157	0
	0.701	6.19835e-05	0	0.995868	0.997934	0.000867769	0.00115702	0.738095	0
	0.702	4.13223e-05	0	0.995868	0.997934	0.000826446	0.00115702	0.738095	0
	0.703	6.19835e-05	0	0.995868	0.997934	0.000971074	0.000971074	0.744	0
	0.704	4.13223e-05	0	0.995868	0.997934	0.00113636	0.000743802	0.75	0
	0.705	8.26446e-05	0	0.995868	0.997934	0.000971074	0.00072314	0.756098	0
	0.706	0.00018595	0	0.995868	0.997934	0.00140496	0.00088843	0.756098	0
	0.707	6.19835e-05	0	0.995868	0.997934	0.000971074	0.000702479	0.756098	0
	0.708	8.26446e-05	0	0.995868	0.997934	0.0010124	0.00107438	0.756098	0
	0.709	8.26446e-05	0	0.995868	0.997934	0.00103306	0.0010124	0.756098	0
	0.71	2.06612e-05	0	0.995868	0.997934	0.000867769	0.000909091	0.747967	0
	0.711	8.26446e-05	0	0.995868	0.997934	0.00109504	0.00103306	0.747967	0
	0.712	6.19835e-05	0	0.995868	0.997934	0.00105372	0.000867769	0.739837	0
	0.713	0.000123967	0	0.995868	0.997934	0.000950413	0.000929752	0.731707	0
	0.714	8.26446e-05	0	0.995868	0.997934	0.000971074	0.00072314	0.737705	0
	0.715	0	0	0.995868	0.997934	0.00126033	0.000785124	0.743802	0
	0.716	6.19835e-05	0	0.995868	0.997934	0.00109504	0.000929752	0.735537	0
	0.717	8.26446e-05	0	0.995868	0.997934	0.000764463	0.000929752	0.741667	0
	0.718	8.26446e-05	0	0.995868	0.997934	0.00107438	0.00105372	0.733333	0
	0.719	2.06612e-05	0	0.995868	0.997934	0.0010124	0.000971074	0.739496	0
	0.72	2.06612e-05	0	0.995868	0.997934	0.000950413	0.000867769	0.745763	0
	0.721	4.13223e-05	0	0.995868	0.997934	0.000867769	0.00105372	0.745763	0
	0.722	0.000103306	0	0.995868	0.997934	0.0011157	0.000867769	0.745763	0
	0.723	6.19835e-05	0	0.995868	0.997934	0.000971074	0.00088843	0.752137	0
	0.724	8.26446e-05	0	0.995868	0.997934	0.000805785	0.000909091	0.74359	0
	0.725	0.00018595	0	0.995868	0.997934	0.000971074	0.00072314	0.735043	0
	0.726	8.26446e-05	0	0.995868	0.997934	0.000764463	0.000681818	0.735043	0
	0.727	4.13223e-05	0	0.995868	0.997934	0.000826446	0.000826446	0.735043	0
	0.728	0.000144628	2.06612e-05	0.995868	0.997934	0.00072314	0.000867769	0.741379	0
	0.729	0.000123967	0	0.995868	0.995868	0.000785124	0.00103306	0.741379	0
	0.73	2.06612e-05	0	0.995868	0.995868	0.000929752	0.00107438	0.747826	0
	0.731	4.13223e-05	0	0.995868	0.995868	0.000702479	0.000867769	0.754386	0
	0.732	4.13223e-05	0	0.995868	0.995868	0.000640496	0.00130165	0.754386	0
	0.733	8.26446e-05	0	0.995868	0.995868	0.000971074	0.000826446	0.745614	0
	0.734	0.000103306	0	0.995868	0.995868	0.000950413	0.000929752	0.745614	0
	0.735	8.26446e-05	0	0.995868	0.995868	0.000743802	0.000867769	0.745614	0
	0.736	0.000103306	0	0.995868	0.995868	0.000805785	0.000909091	0.758929	0
	0.737	6.19835e-05	2.06612e-05	0.995868	0.995868	0.00088843	0.000971074	0.758929	0
	0.738	4.13223e-05	0	0.995868	0.993802	0.000764463	0.000743802	0.758929	0
	0.739	4.13223e-05	0	0.995868	0.993802	0.000929752	0.000805785	0.758929	0
	0.74	0	0	0.995868	0.993802	0.000661157	0.000929752	0.765766	0
	0.741	8.26446e-05	0	0.995868	0.993802	0.000681818	0.000991736	0.772727	0
	0.742	4.13223e-05	0	0.99793	0.993802	0.000495868	0.000847107	0.770642	0
	0.743	0.000103306	0	0.99793	0.993802	0.000619835	0.000950413	0.770642	0
	0.744	4.13223e-05	0	0.99793	0.993802	0.000681818	0.00115702	0.785047	0
	0.745	2.06612e-05	0	0.99793	0.993802	0.00072314	0.0010124	0.785047	0
	0.746	6.19835e-05	0	0.99793	0.993802	0.000661157	0.000867769	0.785047	0
	0.747	2.06612e-05	0	0.99793	0.993802	0.000764463	0.00121901	0.807692	0
	0.748	2.06612e-05	0	0.99793	0.993802	0.000495868	0.0010124	0.807692	0
	0.749	4.13223e-05	2.06612e-05	0.99793	0.993802	0.000785124	0.000867769	0.815534	0
	0.75	0	0	0.99793	0.993802	0.000640496	0.000764463	0.831683	0
	0.751	2.06612e-05	0	0.99793	0.993802	0.000495868	0.000702479	0.831683	0
	0.752	2.06612e-05	0	0.99793	0.993802	0.000681818	0.000826446	0.831683	0
	0.753	2.06612e-05	0	0.99793	0.993802	0.000640496	0.00115702	0.811881	0
	0.754	2.06612e-05	0	0.99793	0.993802	0.000619835	0.000909091	0.82	0
	0.755	0	0	0.99793	0.993802	0.000578512	0.0011157	0.82	0
	0.756	0	0	0.99793	0.993802	0.00053719	0.000971074	0.818182	0
	0.757	2.06612e-05	0	0.99793	0.993802	0.000681818	0.00088843	0.818182	0
	0.758	0	0	0.99793	0.993802	0.000516529	0.000950413	0.826531	0
	0.759	6.19835e-05	0	0.99793	0.993802	0.000743802	0.000929752	0.816327	0
	0.76	2.06612e-05	0	0.99793	0.993802	0.000413223	0.000867769	0.833333	0
	0.761	2.06612e-05	2.06612e-05	0.99793	0.993802	0.000413223	0.000847107	0.833333	0
	0.762	0	0	0.99793	0.991736	0.000619835	0.000971074	0.833333	0
	0.763	0	2.06612e-05	0.99793	0.991736	0.000557851	0.000764463	0.833333	0
	0.764	2.06612e-05	0	0.99793	0.989669	0.000495868	0.000619835	0.822917	0
	0.765	0	0	1	0.989669	0.000454545	0.000971074	0.8125	0
	0.766	0	0	1	0.989669	0.000433884	0.000826446	0.810526	0
	0.767	0	0	1	0.989669	0.000475207	0.00088843	0.819149	0
	0.768	0	2.06612e-05	1	0.989669	0.000413223	0.000640496	0.819149	0
	0.769	0	0	1	0.987603	0.000495868	0.000867769	0.797872	0
	0.77	0	4.13223e-05	1	0.987603	0.000413223	0.000681818	0.776596	0
	0.771	0	0	1	0.983471	0.00053719	0.000826446	0.776596	0
	0.772	0	0	1	0.983471	0.000289256	0.000867769	0.765957	0
	0.773	0	0	1	0.983471	0.000495868	0.000743802	0.765957	0
	0.774	0	0	1	0.983471	0.000433884	0.000681818	0.755319	0
	0.775	0	0	1	0.983471	0.000619835	0.000909091	0.755319	0
	0.776	0	0	1	0.983471	0.000764463	0.000991736	0.755319	0
	0.777	0	0	1	0.983471	0.000557851	0.000764463	0.763441	0
	0.778	2.06612e-05	0	1	0.983471	0.000702479	0.000619835	0.763441	0
	0.779	0	0	0.997925	0.983471	0.000702479	0.000909091	0.763441	0
	0.78	0	0	0.997925	0.983471	0.000433884	0.000847107	0.771739	0
	0.781	0	0	0.997925	0.983471	0.00072314	0.000764463	0.758242	0
	0.782	0	0	0.997925	0.983471	0.000681818	0.000867769	0.766667	0
	0.783	2.06612e-05	0	0.997925	0.983471	0.000495868	0.000785124	0.775281	0
	0.784	4.13223e-05	0	0.995851	0.983471	0.00053719	0.000909091	0.775281	0
	0.785	6.19835e-05	4.13223e-05	0.995851	0.983471	0.000764463	0.000743802	0.764045	0
	0.786	4.13223e-05	0	0.995851	0.981405	0.000495868	0.000743802	0.764045	0
	0.787	0	2.06612e-05	0.995851	0.981405	0.000640496	0.000702479	0.772727	0
	0.788	2.06612e-05	0	0.995851	0.979339	0.000640496	0.000805785	0.772727	0
	0.789	4.13223e-05	2.06612e-05	0.995851	0.979339	0.000785124	0.00053719	0.75	0
	0.79	0	0	0.995851	0.979339	0.000702479	0.000764463	0.75	0
	0.791	4.13223e-05	2.06612e-05	0.995851	0.979339	0.000826446	0.000743802	0.747126	0
	0.792	0	2.06612e-05	0.995851	0.977273	0.000847107	0.000867769	0.747126	0
	0.793	6.19835e-05	0	0.995851	0.977273	0.00072314	0.000661157	0.747126	0
	0.794	0.000103306	0	0.995851	0.977273	0.000661157	0.000764463	0.744186	0
	0.795	8.26446e-05	2.06612e-05	0.995851	0.977273	0.000764463	0.000867769	0.744186	0
	0.796	8.26446e-05	2.06612e-05	0.995851	0.975207	0.000599174	0.000661157	0.744186	0
	0.797	0.000103306	6.19835e-05	0.995851	0.975207	0.000599174	0.000578512	0.744186	0
	0.798	6.19835e-05	0	0.993776	0.97314	0.000764463	0.00072314	0.744186	0
	0.799	0.000165289	0	0.993776	0.97314	0.000805785	0.00088843	0.744186	0
	0.8	6.19835e-05	0	0.993776	0.97314	0.000909091	0.000578512	0.732558	0
	0.801	4.13223e-05	0	0.993776	0.97314	0.000867769	0.000619835	0.72093	0
	0.802	0.000103306	0	0.993776	0.97314	0.000681818	0.000599174	0.72093	0
	0.803	0.000165289	2.06612e-05	0.993776	0.97314	0.00105372	0.000640496	0.72093	0
	0.804	0.000103306	0	0.993776	0.97314	0.000909091	0.000971074	0.72093	0
	0.805	0.000165289	6.19835e-05	0.993776	0.97314	0.000743802	0.000702479	0.729412	0
	0.806	0.000206612	6.19835e-05	0.993776	0.97314	0.000909091	0.000599174	0.729412	0
	0.807	0.000227273	0	0.993776	0.969008	0.000950413	0.000785124	0.729412	0
	0.808	0.000165289	0	0.993776	0.969008	0.000661157	0.000599174	0.738095	0
	0.809	0.000103306	6.19835e-05	0.993776	0.969008	0.000785124	0.000743802	0.738095	0
	0.81	0.00018595	2.06612e-05	0.993776	0.964876	0.000743802	0.000743802	0.72619	0
	0.811	8.26446e-05	0	0.993776	0.964876	0.000826446	0.000557851	0.72619	0
	0.812	0.000103306	2.06612e-05	0.993776	0.964876	0.000743802	0.000743802	0.72619	0
	0.813	0.00018595	2.06612e-05	0.993776	0.96281	0.000826446	0.000764463	0.714286	0
	0.814	6.19835e-05	0	0.993776	0.960744	0.00105372	0.000433884	0.722892	0
	0.815	0.000309917	2.06612e-05	0.993776	0.960744	0.000847107	0.000640496	0.698795	0
	0.816	0.000123967	0	0.993776	0.958678	0.000909091	0.00072314	0.707317	0
	0.817	0.000165289	2.06612e-05	0.993776	0.958678	0.000826446	0.000743802	0.716049	0
	0.818	0.000144628	2.06612e-05	0.993776	0.956612	0.00072314	0.000495868	0.703704	0
	0.819	0.000206612	0	0.993776	0.956612	0.000867769	0.00072314	0.691358	0
	0.82	8.26446e-05	4.13223e-05	0.993776	0.956612	0.000867769	0.000619835	0.679012	0
	0.821	0.00018595	0	0.993776	0.956612	0.000785124	0.000991736	0.679012	0
	0.822	0.000165289	2.06612e-05	0.993776	0.956612	0.00088843	0.00072314	0.675	0
	0.823	0.000227273	2.06612e-05	0.993776	0.956612	0.000743802	0.000702479	0.675	0
	0.824	0.000144628	2.06612e-05	0.991701	0.956612	0.000578512	0.000805785	0.675	0
	0.825	0.000165289	2.06612e-05	0.989627	0.956612	0.000909091	0.000557851	0.6625	0
	0.826	0.000247934	4.13223e-05	0.989627	0.956612	0.000495868	0.000661157	0.6625	0
	0.827	0.000144628	0	0.989627	0.956612	0.000661157	0.000681818	0.670886	0
	0.828	0.000103306	2.06612e-05	0.989627	0.956612	0.000661157	0.000454545	0.679487	0
	0.829	0.000123967	2.06612e-05	0.987552	0.954545	0.000640496	0.000578512	0.679487	0
	0.83	0.000103306	0	0.987552	0.954545	0.000619835	0.000557851	0.653846	0
	0.831	0.000103306	0	0.987552	0.954545	0.000681818	0.000433884	0.662338	0
	0.832	8.26446e-05	8.26446e-05	0.985477	0.954545	0.000661157	0.000743802	0.662338	0
	0.833	6.19835e-05	2.06612e-05	0.985477	0.952479	0.000950413	0.000495868	0.662338	0
	0.834	0.000227273	0	0.985477	0.952479	0.000805785	0.000681818	0.671053	0
	0.835	0.000123967	2.06612e-05	0.983402	0.952479	0.000743802	0.000578512	0.671053	0
	0.836	0.000227273	2.06612e-05	0.985447	0.952479	0.000681818	0.000764463	0.69863	0
	0.837	0.00018595	4.13223e-05	0.983368	0.952479	0.00072314	0.000557851	0.69863	0
	0.838	0.000165289	2.06612e-05	0.985417	0.952479	0.000681818	0.000661157	0.684932	0
	0.839	0.000123967	0.000103306	0.985417	0.952479	0.000867769	0.000578512	0.666667	0
	0.84	0.00018595	4.13223e-05	0.985417	0.950413	0.000971074	0.000619835	0.676056	0
	0.841	0.000165289	4.13223e-05	0.985417	0.950413	0.000991736	0.000454545	0.685714	0
	0.842	0.00018595	0	0.985417	0.950413	0.000764463	0.000557851	0.685714	0
	0.843	0.000309917	4.13223e-05	0.985417	0.950413	0.000847107	0.000557851	0.695652	0
	0.844	0.000206612	4.13223e-05	0.985417	0.950413	0.000702479	0.000640496	0.695652	0
	0.845	0.000268595	0.000123967	0.985417	0.950413	0.00072314	0.00053719	0.695652	0
	0.846	0.000309917	4.13223e-05	0.985417	0.950413	0.000743802	0.000661157	0.695652	0
	0.847	0.000268595	6.19835e-05	0.987474	0.950413	0.000847107	0.000599174	0.705882	0
	0.848	0.000475207	0	0.987474	0.950413	0.000743802	0.000826446	0.705882	0
	0.849	0.000268595	2.06612e-05	0.987474	0.950413	0.00103306	0.000599174	0.701493	0
	0.85	0.000268595	4.13223e-05	0.987474	0.950413	0.000640496	0.000805785	0.701493	0
	0.851	0.000268595	0.000123967	0.987474	0.950413	0.000971074	0.000578512	0.701493	0
	0.852	0.00035124	4.13223e-05	0.987474	0.950413	0.000785124	0.00072314	0.686567	0
	0.853	0.000433884	4.13223e-05	0.987474	0.950413	0.0010124	0.000516529	0.707692	0
	0.854	0.000371901	0.000103306	0.985386	0.950413	0.000971074	0.000330579	0.692308	0
	0.855	0.000433884	8.26446e-05	0.985386	0.950413	0.000785124	0.000516529	0.692308	0
	0.856	0.00035124	6.19835e-05	0.985386	0.950413	0.000909091	0.000599174	0.692308	0
	0.857	0.000475207	0.000103306	0.985386	0.950413	0.000702479	0.000557851	0.692308	0
	0.858	0.000475207	6.19835e-05	0.985386	0.950413	0.000867769	0.000681818	0.6875	0
	0.859	0.000392562	8.26446e-05	0.981211	0.950413	0.00072314	0.000433884	0.6875	0
	0.86	0.00035124	2.06612e-05	0.981211	0.950413	0.000950413	0.000578512	0.671875	0
	0.861	0.000495868	6.19835e-05	0.981211	0.950413	0.000619835	0.000495868	0.68254	0
	0.862	0.000495868	0.000103306	0.981211	0.950413	0.000950413	0.000599174	0.68254	0
	0.863	0.000392562	4.13223e-05	0.981211	0.950413	0.000847107	0.000371901	0.68254	0
	0.864	0.000371901	8.26446e-05	0.981211	0.950413	0.000619835	0.000764463	0.68254	0
	0.865	0.000392562	2.06612e-05	0.981211	0.950413	0.00109504	0.000330579	0.666667	0
	0.866	0.000392562	8.26446e-05	0.981211	0.950413	0.000950413	0.00053719	0.650794	0
	0.867	0.000557851	0.000103306	0.981211	0.950413	0.000805785	0.00053719	0.650794	0
	0.868	0.00035124	0.000144628	0.981211	0.948347	0.000661157	0.000475207	0.683333	0
	0.869	0.000371901	0.000123967	0.981211	0.948347	0.000743802	0.000475207	0.683333	0
	0.87	0.000495868	4.13223e-05	0.981211	0.946281	0.00072314	0.00035124	0.677966	0
	0.871	0.000309917	0	0.981211	0.946281	0.00072314	0.000475207	0.677966	0
	0.872	0.000433884	4.13223e-05	0.981211	0.946281	0.000661157	0.000495868	0.689655	0
	0.873	0.000433884	0.000144628	0.979123	0.946281	0.000826446	0.00035124	0.689655	0
	0.874	0.000371901	0.000123967	0.979123	0.946281	0.000557851	0.000433884	0.701754	0
	0.875	0.000433884	2.06612e-05	0.979123	0.946281	0.000578512	0.000392562	0.701754	0
	0.876	0.000247934	2.06612e-05	0.979123	0.946281	0.000702479	0.000681818	0.701754	0
	0.877	0.000165289	8.26446e-05	0.979123	0.946281	0.000661157	0.000661157	0.714286	0
	0.878	0.000392562	0.000165289	0.979123	0.944215	0.000495868	0.000433884	0.727273	0
	0.879	0.000392562	0.000103306	0.979079	0.944215	0.000661157	0.000433884	0.727273	0
	0.88	0.000309917	8.26446e-05	0.979079	0.944215	0.000516529	0.000516529	0.727273	0
	0.881	0.000495868	8.26446e-05	0.974895	0.944215	0.000661157	0.000557851	0.727273	0
	0.882	0.000330579	0.000103306	0.976939	0.944215	0.000599174	0.000247934	0.754717	0
	0.883	0.00035124	6.19835e-05	0.976939	0.944215	0.000454545	0.000392562	0.754717	0
	0.884	0.00035124	0.000165289	0.976939	0.944215	0.00053719	0.000454545	0.735849	0
	0.885	0.000433884	0.000144628	0.974843	0.944215	0.000371901	0.000495868	0.75	0
	0.886	0.000268595	0.00018595	0.97479	0.944215	0.000557851	0.000454545	0.764706	0
	0.887	0.000475207	0.000165289	0.97479	0.944215	0.000413223	0.000413223	0.764706	0
	0.888	0.000330579	0.000165289	0.972689	0.944215	0.000619835	0.000475207	0.74	0
	0.889	0.000371901	0.000144628	0.974737	0.942149	0.000413223	0.000454545	0.74	0
	0.89	0.00018595	0.000165289	0.976793	0.940083	0.000640496	0.000392562	0.74	0
	0.891	0.00053719	0.000165289	0.976793	0.938017	0.000619835	0.00053719	0.72	0
	0.892	0.000516529	0.000268595	0.974684	0.933884	0.000619835	0.000413223	0.72	0
	0.893	0.00018595	0.00018595	0.976744	0.929752	0.000392562	0.000433884	0.7	0
	0.894	0.000495868	0.000103306	0.976744	0.929752	0.000557851	0.000454545	0.68	0
	0.895	0.000309917	0.000123967	0.976744	0.92562	0.000599174	0.000433884	0.68	0
	0.896	0.000516529	0.000165289	0.976744	0.923554	0.000433884	0.000309917	0.708333	0
	0.897	0.000289256	0.000227273	0.97463	0.923554	0.000516529	0.000413223	0.708333	0
	0.898	0.000578512	0.000123967	0.97463	0.921488	0.000557851	0.00035124	0.708333	0
	0.899	0.000371901	0.000206612	0.97463	0.917355	0.000557851	0.000433884	0.702128	0
	0.9	0.000433884	0.000247934	0.97463	0.911157	0.000454545	0.00035124	0.733333	0
	0.901	0.000578512	8.26446e-05	0.97463	0.909091	0.000578512	0.000371901	0.733333	0
	0.902	0.000557851	0.000103306	0.972516	0.909091	0.000681818	0.000557851	0.733333	0
	0.903	0.00053719	0.000165289	0.972458	0.909091	0.000599174	0.000433884	0.666667	0
	0.904	0.00053719	0.000227273	0.970339	0.909091	0.000413223	0.000227273	0.666667	0
	0.905	0.00072314	0.000144628	0.970339	0.907025	0.00053719	0.000454545	0.666667	0
	0.906	0.000702479	0.000227273	0.970339	0.904959	0.000433884	0.000475207	0.666667	0
	0.907	0.000640496	0.000330579	0.970339	0.904959	0.000681818	0.000475207	0.644444	0
	0.908	0.000785124	0.000103306	0.96603	0.904959	0.000702479	0.00053719	0.644444	0
	0.909	0.000557851	0.00035124	0.96603	0.904959	0.000785124	0.000392562	0.644444	0
	0.91	0.000681818	0.000289256	0.96603	0.904959	0.000640496	0.000371901	0.659091	0
	0.911	0.000764463	0.000247934	0.96603	0.900826	0.000702479	0.000392562	0.659091	0
	0.912	0.000805785	0.000165289	0.968085	0.896694	0.00088843	0.000371901	0.636364	0
	0.913	0.000909091	0.000247934	0.968085	0.896694	0.000826446	0.000392562	0.636364	0
	0.914	0.000867769	0.000392562	0.968085	0.894628	0.000702479	0.000309917	0.636364	0
	0.915	0.000764463	0.000289256	0.968085	0.88843	0.000619835	0.000165289	0.651163	0
	0.916	0.000805785	0.000227273	0.96383	0.88843	0.000805785	0.000371901	0.658537	0
	0.917	0.00103306	0.000227273	0.965885	0.886364	0.000867769	0.000371901	0.658537	0
	0.918	0.000929752	0.000495868	0.965885	0.886364	0.000867769	0.00035124	0.675	0
	0.919	0.0011157	0.000454545	0.963753	0.886364	0.000805785	0.000289256	0.675	0
	0.92	0.0011157	0.000330579	0.963753	0.880165	0.000805785	0.000330579	0.675	0
	0.921	0.000971074	0.000413223	0.959488	0.878099	0.000847107	0.000206612	0.625	0
	0.922	0.000950413	0.000309917	0.957356	0.878099	0.000929752	0.000247934	0.625	0
	0.923	0.000991736	0.00035124	0.957356	0.878099	0.000805785	0.000433884	0.625	0
	0.924	0.000867769	0.000268595	0.957356	0.873967	0.000991736	0.000247934	0.625	0
	0.925	0.00115702	0.000454545	0.959402	0.871901	0.00107438	0.000289256	0.625	0
	0.926	0.000847107	0.000454545	0.959402	0.865702	0.00088843	0.000227273	0.625	0
	0.927	0.000950413	0.000454545	0.959402	0.863636	0.000909091	0.000392562	0.641026	0
	0.928	0.000950413	0.000330579	0.963519	0.859504	0.000516529	0.000165289	0.641026	0
	0.929	0.00113636	0.000702479	0.961373	0.855372	0.000867769	0.000268595	0.641026	0
	0.93	0.000847107	0.000599174	0.959227	0.85124	0.000578512	0.000123967	0.641026	0
	0.931	0.00113636	0.000557851	0.959227	0.845041	0.000681818	0.000433884	0.641026	0
	0.932	0.00109504	0.000516529	0.954936	0.840909	0.000847107	0.00035124	0.641026	0
	0.933	0.00107438	0.000785124	0.954936	0.840909	0.000599174	0.000330579	0.615385	0
	0.934	0.00117769	0.000454545	0.954839	0.834711	0.000661157	0.000309917	0.666667	0
	0.935	0.00119835	0.000743802	0.950431	0.830579	0.000929752	0.000227273	0.666667	0
	0.936	0.0011157	0.000681818	0.948164	0.828512	0.000743802	0.000289256	0.638889	0
	0.937	0.00123967	0.000516529	0.946004	0.828512	0.000433884	0.000289256	0.6	0
	0.938	0.00121901	0.000702479	0.943844	0.828512	0.00072314	0.00018595	0.571429	0
	0.939	0.00103306	0.000557851	0.943723	0.826446	0.000640496	0.000227273	0.571429	0
	0.94	0.00117769	0.000557851	0.94577	0.820248	0.000516529	0.000247934	0.606061	0
	0.941	0.0013843	0.000805785	0.947826	0.816116	0.000578512	0.000206612	0.606061	0
	0.942	0.00132231	0.000991736	0.945534	0.809917	0.000681818	0.00035124	0.606061	0
	0.943	0.0014876	0.000557851	0.941176	0.805785	0.000516529	0.000247934	0.606061	0
	0.944	0.00171488	0.000743802	0.941176	0.805785	0.000681818	0.000268595	0.606061	0
	0.945	0.00173554	0.000619835	0.938998	0.805785	0.000681818	0.000247934	0.606061	0
	0.946	0.00121901	0.00072314	0.938865	0.799587	0.00072314	0.000309917	0.59375	0
	0.947	0.00167355	0.000909091	0.934211	0.795455	0.000681818	0.000206612	0.59375	0
	0.948	0.00204545	0.000991736	0.932018	0.791322	0.000743802	0.000165289	0.580645	0
	0.949	0.00208678	0.000950413	0.932018	0.789256	0.000371901	0.000206612	0.548387	0
	0.95	0.0018595	0.00107438	0.929825	0.783058	0.000599174	0.000247934	0.566667	0
	0.951	0.00194215	0.000847107	0.923246	0.783058	0.000681818	0.000227273	0.607143	0
	0.952	0.00268595	0.000950413	0.923246	0.780992	0.000578512	0.000165289	0.607143	0
	0.953	0.00264463	0.00126033	0.918681	0.770661	0.000681818	0.000123967	0.607143	0
	0.954	0.00196281	0.00119835	0.918502	0.766529	0.000661157	0.000289256	0.607143	0
	0.955	0.00243802	0.00105372	0.914097	0.764463	0.000475207	0.000206612	0.607143	0
	0.956	0.00239669	0.00132231	0.911894	0.760331	0.000599174	0.00018595	0.607143	0
	0.957	0.00243802	0.00190083	0.9117	0.758264	0.000764463	0.000165289	0.62963	0
	0.958	0.00272727	0.00161157	0.911504	0.75	0.000805785	0.000144628	0.653846	0
	0.959	0.00338843	0.00179752	0.90708	0.745868	0.000475207	0.00018595	0.68	0
	0.96	0.00283058	0.00188017	0.89755	0.741736	0.000681818	0.00018595	0.68	0
	0.961	0.00307851	0.00190083	0.901566	0.727273	0.00053719	0.000165289	0.68	0
	0.962	0.00283058	0.0025	0.897092	0.706612	0.000516529	0.000268595	0.68	0
	0.963	0.00295455	0.00194215	0.892377	0.696281	0.000785124	8.26446e-05	0.708333	0
	0.964	0.00338843	0.00227273	0.883408	0.696281	0.000619835	0.000206612	0.73913	0
	0.965	0.00421488	0.00256198	0.869955	0.67562	0.000516529	0.000247934	0.73913	0
	0.966	0.00417355	0.00278926	0.853933	0.663223	0.00053719	0.000268595	0.772727	0
	0.967	0.00446281	0.00307851	0.835955	0.634298	0.000433884	8.26446e-05	0.772727	0
	0.968	0.00483471	0.00297521	0.817978	0.619835	0.000309917	0.000103306	0.772727	0
	0.969	0.00483471	0.00303719	0.808126	0.609504	0.000268595	0.000123967	0.772727	0
	0.97	0.0063843	0.00373967	0.791855	0.595041	0.000309917	8.26446e-05	0.772727	0
	0.971	0.00632231	0.00342975	0.77551	0.578512	0.000268595	8.26446e-05	0.809524	0
	0.972	0.00752066	0.0042562	0.762014	0.555785	0.000165289	0.000123967	0.809524	0
	0.973	0.00795455	0.00442149	0.73913	0.528926	0.000144628	0.000123967	0.809524	0
	0.974	0.00958678	0.00483471	0.728111	0.516529	0.00018595	0.00018595	0.809524	0
	0.975	0.0104132	0.00506198	0.709007	0.487603	2.06612e-05	0.00018595	0.894737	0
	0.976	0.0125207	0.00619835	0.699301	0.458678	6.19835e-05	8.26446e-05	0.894737	0
	0.977	0.0130579	0.00669421	0.679907	0.440083	4.13223e-05	0.000123967	0.894737	0
	0.978	0.0140083	0.00688017	0.657277	0.419421	4.13223e-05	0.00018595	0.894737	0
	0.979	0.0167975	0.0077686	0.64	0.39876	2.06612e-05	0.000144628	0.894737	0
	0.98	0.0189256	0.00876033	0.62381	0.386364	2.06612e-05	0.000165289	0.944444	0
	0.981	0.0186983	0.0108471	0.583732	0.378099	0	0.000144628	1	0
	0.982	0.0191529	0.0106198	0.544578	0.367769	0	0.000123967	1	0
	0.983	0.0222934	0.0128719	0.527845	0.353306	0	0.000103306	1	0
	0.984	0.0232851	0.0144835	0.513514	0.32438	0	8.26446e-05	1	0
	0.985	0.0250826	0.0162603	0.485149	0.297521	0	8.26446e-05	1	0
	0.986	0.0246074	0.0204959	0.450495	0.260331	0	0.00018595	1	0
	0.987	0.0278719	0.0229752	0.435768	0.210744	0	0.000103306	1	0
	0.988	0.0298967	0.0261364	0.399485	0.177686	0	0.000144628	1	0
	0.989	0.0307645	0.0305372	0.355844	0.132231	0	0.000103306	1	0
	0.99	0.0338223	0.0381612	0.322581	0.0805785	4.13223e-05	0.000144628	1	0
	0.991	0.0363843	0.0442149	0.263158	0.0433884	0	8.26446e-05	0.941176	0
	0.992	0.038843	0.0529545	0.243402	0.0206612	0.000144628	0.00018595	0.941176	0
	0.993	0.0422727	0.0621694	0.200617	0.010352	0.00018595	0.000144628	0.941176	0
	0.994	0.0440496	0.0731818	0.177419	0.002079	0.000309917	4.13223e-05	0.941176	0
	0.995	0.0502686	0.0832025	0.145329	0	0.00035124	0.000123967	0.941176	0
	0.996	0.0503306	0.09	0.122677	0	0.000392562	6.19835e-05	0.882353	0
	0.997	0.0520041	0.0897314	0.120968	0	0.000805785	0.000165289	0.882353	0
	0.998	0.0479545	0.0807438	0.110599	0	0.00128099	0.000289256	0.882353	0
	0.999	0.0422727	0.0589463	0.111111	0	0.00334711	0.000165289	0.588235	0
	1	0.0698967	0.0314256	0.0839695	0	0.0282645	0.00072314	0.529412	0


#	yrange	sparsity	# links	zeta	support at cross	fraction FP	support at cross2	fraction FP2
	0	0.956612	463	2.02589e-05	0.999	0.805673	0.999	0.805673
	0.09	0.956612	463	2.02589e-05	0.999	0.805673	0.999	0.805673
