#	Frequencies and overlap
#	bins	MYC	shuffle	overlap_MYC	overlap_shuffle	SIGN_MYC	SIGNshuffle	SIGNoverlap_MYC	SIGNoverlap_shuffle
	0	0	0	1	1	0.572252	0.591942	0.852679	0
	0.001	0	0	1	1	0	0	0.852679	0
	0.002	0	0	1	1	0	0	0.852679	0
	0.003	0	0	1	1	0	0	0.852679	0
	0.004	0	0	1	1	0	0	0.852679	0
	0.005	0	0	1	1	0	0	0.852679	0
	0.006	0	0	1	1	0	0	0.852679	0
	0.007	0	0	1	1	0	0	0.852679	0
	0.008	0	0	1	1	0	0	0.852679	0
	0.009	0	0	1	1	0	0	0.852679	0
	0.01	0	0	1	1	0	0	0.852679	0
	0.011	0	0	1	1	0	0	0.852679	0
	0.012	0	0	1	1	0	0	0.852679	0
	0.013	0	0	1	1	0	0	0.852679	0
	0.014	0	0	1	1	0	0	0.852679	0
	0.015	0	0	1	1	0	0	0.852679	0
	0.016	0	0	1	1	0	0	0.852679	0
	0.017	0	0	1	1	0	0	0.852679	0
	0.018	0	0	1	1	0	0	0.852679	0
	0.019	0	0	1	1	0	0	0.852679	0
	0.02	0	0	1	1	0	0	0.852679	0
	0.021	0	0	1	1	0	0	0.852679	0
	0.022	0	0	1	1	0	0	0.852679	0
	0.023	0	0	1	1	0	0	0.852679	0
	0.024	0	0	1	1	0	0	0.852679	0
	0.025	0	0	1	1	0	0	0.852679	0
	0.026	0	0	1	1	0	0	0.852679	0
	0.027	0	0	1	1	0	0	0.852679	0
	0.028	0	0	1	1	0	0	0.852679	0
	0.029	0	0	1	1	0	0	0.852679	0
	0.03	0	0	1	1	0	0	0.852679	0
	0.031	0	0	1	1	0	0	0.852679	0
	0.032	0	0	1	1	0	0	0.852679	0
	0.033	0	0	1	1	0	0	0.852679	0
	0.034	0	0	1	1	0	0	0.852679	0
	0.035	0	0	1	1	0	0	0.852679	0
	0.036	0	0	1	1	0	0	0.852679	0
	0.037	0	0	1	1	0	0	0.852679	0
	0.038	0	0	1	1	0	0	0.852679	0
	0.039	0	0	1	1	0	0	0.852679	0
	0.04	0	0	1	1	0	0	0.852679	0
	0.041	0	0	1	1	0	0	0.852679	0
	0.042	0	0	1	1	0	0	0.852679	0
	0.043	0	0	1	1	0	0	0.852679	0
	0.044	0	0	1	1	0	0	0.852679	0
	0.045	0	0	1	1	0	0	0.852679	0
	0.046	0	0	1	1	0	0	0.852679	0
	0.047	0	0	1	1	0	0	0.852679	0
	0.048	0	0	1	1	0	0	0.852679	0
	0.049	0	0	1	1	0	0	0.852679	0
	0.05	0	0	1	1	0	0	0.852679	0
	0.051	0	0	1	1	0	0	0.852679	0
	0.052	0	0	1	1	0	0	0.852679	0
	0.053	0	0	1	1	0	0	0.852679	0
	0.054	0	0	1	1	0	0	0.852679	0
	0.055	0	0	1	1	0	0	0.852679	0
	0.056	0	0	1	1	0	0	0.852679	0
	0.057	0	0	1	1	0	0	0.852679	0
	0.058	0	0	1	1	0	0	0.852679	0
	0.059	0	0	1	1	0	0	0.852679	0
	0.06	0	0	1	1	0	0	0.852679	0
	0.061	0	0	1	1	0	0	0.852679	0
	0.062	0	0	1	1	0	0	0.852679	0
	0.063	0	0	1	1	0	0	0.852679	0
	0.064	0	0	1	1	0	0	0.852679	0
	0.065	0	0	1	1	0	0	0.852679	0
	0.066	0	0	1	1	0	0	0.852679	0
	0.067	0	0	1	1	0	0	0.852679	0
	0.068	0	0	1	1	0	0	0.852679	0
	0.069	0	0	1	1	0	0	0.852679	0
	0.07	0	0	1	1	0	0	0.852679	0
	0.071	0	0	1	1	0	0	0.852679	0
	0.072	0	0	1	1	0	0	0.852679	0
	0.073	0	0	1	1	0	0	0.852679	0
	0.074	0	0	1	1	0	0	0.852679	0
	0.075	0	0	1	1	0	0	0.852679	0
	0.076	0	0	1	1	0	0	0.852679	0
	0.077	0	0	1	1	0	0	0.852679	0
	0.078	0	0	1	1	0	0	0.852679	0
	0.079	0	0	1	1	0	0	0.852679	0
	0.08	0	0	1	1	0	0	0.852679	0
	0.081	0	0	1	1	0	0	0.852679	0
	0.082	0	0	1	1	0	0	0.852679	0
	0.083	0	0	1	1	0	0	0.852679	0
	0.084	0	0	1	1	0	0	0.852679	0
	0.085	0	0	1	1	0	0	0.852679	0
	0.086	0	0	1	1	0	0	0.852679	0
	0.087	0	0	1	1	0	0	0.852679	0
	0.088	0	0	1	1	0	0	0.852679	0
	0.089	0	0	1	1	0	0	0.852679	0
	0.09	0	0	1	1	0	0	0.852679	0
	0.091	0	0	1	1	0	0	0.852679	0
	0.092	0	0	1	1	0	0	0.852679	0
	0.093	0	0	1	1	0	0	0.852679	0
	0.094	0	0	1	1	0	0	0.852679	0
	0.095	0	0	1	1	0	0	0.852679	0
	0.096	0	0	1	1	0	0	0.852679	0
	0.097	0	0	1	1	0	0	0.852679	0
	0.098	0	0	1	1	0	0	0.852679	0
	0.099	0	0	1	1	0	0	0.852679	0
	0.1	0	0	1	1	0	0	0.852679	0
	0.101	0	0	1	1	0	0	0.852679	0
	0.102	0	0	1	1	0	0	0.852679	0
	0.103	0	0	1	1	0	0	0.852679	0
	0.104	0	0	1	1	0	0	0.852679	0
	0.105	0	0	1	1	0	0	0.852679	0
	0.106	0	0	1	1	0	0	0.852679	0
	0.107	0	0	1	1	0	0	0.852679	0
	0.108	0	0	1	1	0	0	0.852679	0
	0.109	0	0	1	1	0	0	0.852679	0
	0.11	0	0	1	1	0	0	0.852679	0
	0.111	0	0	1	1	0	0	0.852679	0
	0.112	0	0	1	1	0	0	0.852679	0
	0.113	0	0	1	1	0	0	0.852679	0
	0.114	0	0	1	1	0	0	0.852679	0
	0.115	0	0	1	1	0	0	0.852679	0
	0.116	0	0	1	1	0	0	0.852679	0
	0.117	0	0	1	1	0	0	0.852679	0
	0.118	0	0	1	1	0	0	0.852679	0
	0.119	0	0	1	1	0	0	0.852679	0
	0.12	0	0	1	1	0	0	0.852679	0
	0.121	0	0	1	1	0	0	0.852679	0
	0.122	0	0	1	1	0	0	0.852679	0
	0.123	0	0	1	1	0	0	0.852679	0
	0.124	0	0	1	1	0	0	0.852679	0
	0.125	0	0	1	1	0	0	0.852679	0
	0.126	0	0	1	1	0	0	0.852679	0
	0.127	0	0	1	1	0	0	0.852679	0
	0.128	0	0	1	1	0	0	0.852679	0
	0.129	0	0	1	1	0	0	0.852679	0
	0.13	0	0	1	1	0	0	0.852679	0
	0.131	0	0	1	1	0	0	0.852679	0
	0.132	0	0	1	1	0	0	0.852679	0
	0.133	0	0	1	1	0	0	0.852679	0
	0.134	0	0	1	1	0	0	0.852679	0
	0.135	0	0	1	1	0	0	0.852679	0
	0.136	0	0	1	1	0	0	0.852679	0
	0.137	0	0	1	1	0	0	0.852679	0
	0.138	0	0	1	1	0	0	0.852679	0
	0.139	0	0	1	1	0	0	0.852679	0
	0.14	0	0	1	1	0	0	0.852679	0
	0.141	0	0	1	1	0	0	0.852679	0
	0.142	0	0	1	1	0	0	0.852679	0
	0.143	0	0	1	1	0	0	0.852679	0
	0.144	0	0	1	1	0	0	0.852679	0
	0.145	0	0	1	1	0	0	0.852679	0
	0.146	0	0	1	1	0	0	0.852679	0
	0.147	0	0	1	1	0	0	0.852679	0
	0.148	0	0	1	1	0	0	0.852679	0
	0.149	0	0	1	1	0	0	0.852679	0
	0.15	0	0	1	1	0	0	0.852679	0
	0.151	0	0	1	1	0	0	0.852679	0
	0.152	0	0	1	1	0	0	0.852679	0
	0.153	0	0	1	1	0	0	0.852679	0
	0.154	0	0	1	1	0	0	0.852679	0
	0.155	0	0	1	1	0	0	0.852679	0
	0.156	0	0	1	1	0	0	0.852679	0
	0.157	0	0	1	1	0	0	0.852679	0
	0.158	0	0	1	1	0	0	0.852679	0
	0.159	0	0	1	1	0	0	0.852679	0
	0.16	0	0	1	1	0	0	0.852679	0
	0.161	0	0	1	1	0	0	0.852679	0
	0.162	0	0	1	1	0	0	0.852679	0
	0.163	0	0	1	1	0	0	0.852679	0
	0.164	0	0	1	1	0	0	0.852679	0
	0.165	0	0	1	1	0	0	0.852679	0
	0.166	0	0	1	1	0	0	0.852679	0
	0.167	0	0	1	1	0	0	0.852679	0
	0.168	0	0	1	1	0	0	0.852679	0
	0.169	0	0	1	1	0	0	0.852679	0
	0.17	0	0	1	1	0	0	0.852679	0
	0.171	0	0	1	1	0	0	0.852679	0
	0.172	0	0	1	1	0	0	0.852679	0
	0.173	0	0	1	1	0	0	0.852679	0
	0.174	0	0	1	1	0	0	0.852679	0
	0.175	0	0	1	1	0	0	0.852679	0
	0.176	0	0	1	1	0	0	0.852679	0
	0.177	0	0	1	1	0	0	0.852679	0
	0.178	0	0	1	1	0	0	0.852679	0
	0.179	0	0	1	1	0	0	0.852679	0
	0.18	0	0	1	1	0	0	0.852679	0
	0.181	0	0	1	1	0	0	0.852679	0
	0.182	0	0	1	1	0	0	0.852679	0
	0.183	0	0	1	1	0	0	0.852679	0
	0.184	0	0	1	1	0	0	0.852679	0
	0.185	0	0	1	1	0	0	0.852679	0
	0.186	0	0	1	1	0	0	0.852679	0
	0.187	0	0	1	1	0	0	0.852679	0
	0.188	0	0	1	1	0	0	0.852679	0
	0.189	0	0	1	1	0	0	0.852679	0
	0.19	0	0	1	1	0	0	0.852679	0
	0.191	0	0	1	1	0	0	0.852679	0
	0.192	0	0	1	1	0	0	0.852679	0
	0.193	0	0	1	1	0	0	0.852679	0
	0.194	0	0	1	1	0	0	0.852679	0
	0.195	0	0	1	1	0	0	0.852679	0
	0.196	0	0	1	1	0	0	0.852679	0
	0.197	0	0	1	1	0	0	0.852679	0
	0.198	0	0	1	1	0	0	0.852679	0
	0.199	0	0	1	1	0	0	0.852679	0
	0.2	0	0	1	1	0	0	0.852679	0
	0.201	0	0	1	1	0	0	0.852679	0
	0.202	0	0	1	1	0	0	0.852679	0
	0.203	0	0	1	1	0	0	0.852679	0
	0.204	0	0	1	1	0	0	0.852679	0
	0.205	0	0	1	1	0	0	0.852679	0
	0.206	0	0	1	1	0	0	0.852679	0
	0.207	0	0	1	1	0	0	0.852679	0
	0.208	0	0	1	1	0	0	0.852679	0
	0.209	0	0	1	1	0	0	0.852679	0
	0.21	0	0	1	1	0	0	0.852679	0
	0.211	0	0	1	1	0	0	0.852679	0
	0.212	0	0	1	1	0	0	0.852679	0
	0.213	0	0	1	1	0	0	0.852679	0
	0.214	0	0	1	1	0	0	0.852679	0
	0.215	0	0	1	1	0	0	0.852679	0
	0.216	0	0	1	1	0	0	0.852679	0
	0.217	0	0	1	1	0	0	0.852679	0
	0.218	0	0	1	1	0	0	0.852679	0
	0.219	0	0	1	1	0	0	0.852679	0
	0.22	0	0	1	1	0	0	0.852679	0
	0.221	0	0	1	1	0	0	0.852679	0
	0.222	0	0	1	1	0	0	0.852679	0
	0.223	0	0	1	1	0	0	0.852679	0
	0.224	0	0	1	1	0	0	0.852679	0
	0.225	0	0	1	1	0	0	0.852679	0
	0.226	0	0	1	1	0	0	0.852679	0
	0.227	0	0	1	1	0	0	0.852679	0
	0.228	0	0	1	1	0	0	0.852679	0
	0.229	0	0	1	1	0	0	0.852679	0
	0.23	0	0	1	1	0	0	0.852679	0
	0.231	0	0	1	1	0	0	0.852679	0
	0.232	0	0	1	1	0	0	0.852679	0
	0.233	0	0	1	1	0	0	0.852679	0
	0.234	0	0	1	1	0	0	0.852679	0
	0.235	0	0	1	1	0	0	0.852679	0
	0.236	0	0	1	1	0	0	0.852679	0
	0.237	0	0	1	1	0	0	0.852679	0
	0.238	0	0	1	1	0	0	0.852679	0
	0.239	0	0	1	1	0	0	0.852679	0
	0.24	0	0	1	1	0	0	0.852679	0
	0.241	0	0	1	1	0	0	0.852679	0
	0.242	0	0	1	1	0	0	0.852679	0
	0.243	0	0	1	1	0	0	0.852679	0
	0.244	0	0	1	1	0	0	0.852679	0
	0.245	0	0	1	1	0	0	0.852679	0
	0.246	0	0	1	1	0	0	0.852679	0
	0.247	0	0	1	1	0	0	0.852679	0
	0.248	0	0	1	1	0	0	0.852679	0
	0.249	0	0	1	1	0	0	0.852679	0
	0.25	0	0	1	1	0	0	0.852679	0
	0.251	0	0	1	1	0	0	0.852679	0
	0.252	0	0	1	1	0	0	0.852679	0
	0.253	0	0	1	1	0	0	0.852679	0
	0.254	0	0	1	1	0	0	0.852679	0
	0.255	0	0	1	1	0	0	0.852679	0
	0.256	0	0	1	1	0	0	0.852679	0
	0.257	0	0	1	1	0	0	0.852679	0
	0.258	0	0	1	1	0	0	0.852679	0
	0.259	0	0	1	1	0	0	0.852679	0
	0.26	0	0	1	1	0	0	0.852679	0
	0.261	0	0	1	1	0	0	0.852679	0
	0.262	0	0	1	1	0	0	0.852679	0
	0.263	0	0	1	1	0	0	0.852679	0
	0.264	0	0	1	1	0	0	0.852679	0
	0.265	0	0	1	1	0	0	0.852679	0
	0.266	0	0	1	1	0	2.06612e-05	0.852679	0
	0.267	0	0	1	1	0	0	0.852679	0
	0.268	0	0	1	1	0	0	0.852679	0
	0.269	0	0	1	1	0	0	0.852679	0
	0.27	0	0	1	1	0	0	0.852679	0
	0.271	0	0	1	1	0	0	0.852679	0
	0.272	0	0	1	1	0	0	0.852679	0
	0.273	0	0	1	1	0	0	0.852679	0
	0.274	0	0	1	1	0	0	0.852679	0
	0.275	0	0	1	1	0	0	0.852679	0
	0.276	0	0	1	1	0	0	0.852679	0
	0.277	0	0	1	1	0	0	0.852679	0
	0.278	0	0	1	1	0	0	0.852679	0
	0.279	0	0	1	1	0	0	0.852679	0
	0.28	0	0	1	1	0	0	0.852679	0
	0.281	0	0	1	1	0	0	0.852679	0
	0.282	0	0	1	1	0	0	0.852679	0
	0.283	0	0	1	1	0	0	0.852679	0
	0.284	0	0	1	1	0	0	0.852679	0
	0.285	0	0	1	1	0	2.06612e-05	0.852679	0
	0.286	0	0	1	1	0	0	0.852679	0
	0.287	0	0	1	1	0	0	0.852679	0
	0.288	0	0	1	1	0	0	0.852679	0
	0.289	0	0	1	1	0	0	0.852679	0
	0.29	0	0	1	1	0	0	0.852679	0
	0.291	0	0	1	1	0	0	0.852679	0
	0.292	0	0	1	1	0	0	0.852679	0
	0.293	0	0	1	1	0	0	0.852679	0
	0.294	0	0	1	1	0	0	0.852679	0
	0.295	0	0	1	1	0	0	0.852679	0
	0.296	0	0	1	1	0	0	0.852679	0
	0.297	0	0	1	1	0	0	0.852679	0
	0.298	0	0	1	1	0	0	0.852679	0
	0.299	0	0	1	1	0	0	0.852679	0
	0.3	0	0	1	1	0	0	0.852679	0
	0.301	0	0	1	1	0	0	0.852679	0
	0.302	0	0	1	1	0	0	0.852679	0
	0.303	0	0	1	1	0	0	0.852679	0
	0.304	0	0	1	1	0	0	0.852679	0
	0.305	0	0	1	1	0	0	0.852679	0
	0.306	0	0	1	1	0	0	0.852679	0
	0.307	0	0	1	1	0	0	0.852679	0
	0.308	0	0	1	1	0	0	0.852679	0
	0.309	0	0	1	1	0	2.06612e-05	0.852679	0
	0.31	0	0	1	1	0	0	0.852679	0
	0.311	0	0	1	1	0	0	0.852679	0
	0.312	0	0	1	1	0	0	0.852679	0
	0.313	0	0	1	1	0	0	0.852679	0
	0.314	0	0	1	1	0	0	0.852679	0
	0.315	0	0	1	1	0	2.06612e-05	0.852679	0
	0.316	0	0	1	1	0	0	0.852679	0
	0.317	0	0	1	1	0	0	0.852679	0
	0.318	0	0	1	1	0	0	0.852679	0
	0.319	0	0	1	1	0	0	0.852679	0
	0.32	0	0	1	1	0	0	0.852679	0
	0.321	0	0	1	1	0	0	0.852679	0
	0.322	0	0	1	1	0	0	0.852679	0
	0.323	0	0	1	1	0	0	0.852679	0
	0.324	0	0	1	1	0	0	0.852679	0
	0.325	0	0	1	1	0	0	0.852679	0
	0.326	0	0	1	1	0	0	0.852679	0
	0.327	0	0	1	1	0	0	0.852679	0
	0.328	0	0	1	1	0	0	0.852679	0
	0.329	0	0	1	1	0	0	0.852679	0
	0.33	0	0	1	1	0	0	0.852679	0
	0.331	0	0	1	1	0	0	0.852679	0
	0.332	0	0	1	1	0	0	0.852679	0
	0.333	0	0	1	1	0	0	0.852679	0
	0.334	0	0	1	1	0	0	0.852679	0
	0.335	0	0	1	1	0	0	0.852679	0
	0.336	0	0	1	1	0	0	0.852679	0
	0.337	0	0	1	1	0	0	0.852679	0
	0.338	0	0	1	1	0	0	0.852679	0
	0.339	0	0	1	1	0	2.06612e-05	0.852679	0
	0.34	0	0	1	1	0	0	0.852679	0
	0.341	0	0	1	1	0	0	0.852679	0
	0.342	0	0	1	1	0	0	0.852679	0
	0.343	0	0	1	1	0	0	0.852679	0
	0.344	0	0	1	1	0	0	0.852679	0
	0.345	0	0	1	1	0	0	0.852679	0
	0.346	0	0	1	1	0	0	0.852679	0
	0.347	0	0	1	1	0	2.06612e-05	0.852679	0
	0.348	0	0	1	1	0	0	0.852679	0
	0.349	0	0	1	1	0	0	0.852679	0
	0.35	0	0	1	1	0	0	0.852679	0
	0.351	0	0	1	1	0	0	0.852679	0
	0.352	0	0	1	1	0	0	0.852679	0
	0.353	0	0	1	1	0	0	0.852679	0
	0.354	0	0	1	1	0	0	0.852679	0
	0.355	0	0	1	1	0	0	0.852679	0
	0.356	0	0	1	1	0	2.06612e-05	0.852679	0
	0.357	0	0	1	1	0	0	0.852679	0
	0.358	0	0	1	1	0	2.06612e-05	0.852679	0
	0.359	0	0	1	1	2.06612e-05	2.06612e-05	0.852679	0
	0.36	0	0	1	1	0	0	0.852679	0
	0.361	0	0	1	1	2.06612e-05	0	0.852679	0
	0.362	0	0	1	1	0	0	0.852679	0
	0.363	0	0	1	1	0	0	0.852679	0
	0.364	0	0	1	1	4.13223e-05	0	0.852679	0
	0.365	0	0	1	1	0	0	0.852679	0
	0.366	0	0	1	1	0	2.06612e-05	0.852679	0
	0.367	0	0	1	1	0	0	0.852679	0
	0.368	0	0	1	1	2.06612e-05	0	0.852679	0
	0.369	0	0	1	1	0	0	0.852679	0
	0.37	0	0	1	1	2.06612e-05	0	0.852679	0
	0.371	0	0	1	1	2.06612e-05	2.06612e-05	0.852679	0
	0.372	0	0	1	1	2.06612e-05	0	0.852679	0
	0.373	0	0	1	1	0	0	0.852679	0
	0.374	0	0	1	1	4.13223e-05	0	0.852679	0
	0.375	0	0	1	1	4.13223e-05	0	0.852679	0
	0.376	0	0	1	1	4.13223e-05	0	0.852679	0
	0.377	0	0	1	1	4.13223e-05	0	0.852679	0
	0.378	0	0	1	1	4.13223e-05	0	0.852679	0
	0.379	0	0	1	1	6.19835e-05	0	0.852679	0
	0.38	0	0	1	1	4.13223e-05	2.06612e-05	0.852679	0
	0.381	0	0	1	1	4.13223e-05	2.06612e-05	0.852679	0
	0.382	0	0	1	1	2.06612e-05	0	0.852679	0
	0.383	0	0	1	1	4.13223e-05	0	0.852679	0
	0.384	0	0	1	1	8.26446e-05	0	0.852679	0
	0.385	0	0	1	1	6.19835e-05	0	0.852679	0
	0.386	0	0	1	1	2.06612e-05	0	0.852679	0
	0.387	0	0	1	1	2.06612e-05	0	0.852679	0
	0.388	0	0	1	1	6.19835e-05	0	0.852679	0
	0.389	0	0	1	1	2.06612e-05	0	0.852679	0
	0.39	0	0	1	1	4.13223e-05	2.06612e-05	0.852679	0
	0.391	0	0	1	1	0	0	0.852679	0
	0.392	0	0	1	1	0.000123967	0	0.852679	0
	0.393	0	0	1	1	2.06612e-05	4.13223e-05	0.852679	0
	0.394	0	0	1	1	6.19835e-05	0	0.852679	0
	0.395	0	0	1	1	4.13223e-05	0	0.852679	0
	0.396	0	0	1	1	4.13223e-05	0	0.852679	0
	0.397	0	0	1	1	4.13223e-05	0	0.852679	0
	0.398	0	0	1	1	0.000103306	2.06612e-05	0.852679	0
	0.399	0	0	1	1	6.19835e-05	0	0.852679	0
	0.4	0	0	1	1	0	0	0.852679	0
	0.401	0	0	1	1	0	2.06612e-05	0.852679	0
	0.402	0	0	1	1	8.26446e-05	0	0.852679	0
	0.403	0	0	1	1	2.06612e-05	0	0.852679	0
	0.404	0	0	1	1	6.19835e-05	0	0.852679	0
	0.405	0	0	1	1	8.26446e-05	0	0.852679	0
	0.406	0	0	1	1	0	4.13223e-05	0.852679	0
	0.407	0	0	1	1	6.19835e-05	0	0.852679	0
	0.408	0	0	1	1	4.13223e-05	4.13223e-05	0.852679	0
	0.409	0	0	1	1	0	6.19835e-05	0.852679	0
	0.41	0	0	1	1	4.13223e-05	0	0.852679	0
	0.411	0	0	1	1	0	4.13223e-05	0.852679	0
	0.412	0	0	1	1	0	4.13223e-05	0.852679	0
	0.413	0	0	1	1	2.06612e-05	4.13223e-05	0.852679	0
	0.414	0	0	1	1	2.06612e-05	2.06612e-05	0.852679	0
	0.415	0	0	1	1	2.06612e-05	0	0.852679	0
	0.416	0	0	1	1	2.06612e-05	2.06612e-05	0.852679	0
	0.417	0	0	1	1	2.06612e-05	2.06612e-05	0.852679	0
	0.418	0	0	1	1	2.06612e-05	2.06612e-05	0.852679	0
	0.419	0	0	1	1	4.13223e-05	2.06612e-05	0.852679	0
	0.42	0	0	1	1	2.06612e-05	0	0.848214	0
	0.421	0	0	1	1	2.06612e-05	2.06612e-05	0.848214	0
	0.422	0	0	1	1	0	4.13223e-05	0.84375	0
	0.423	0	0	1	1	0	0	0.84375	0
	0.424	0	0	1	1	2.06612e-05	4.13223e-05	0.84375	0
	0.425	0	0	1	1	0	0	0.847534	0
	0.426	0	0	1	1	0	6.19835e-05	0.847534	0
	0.427	0	0	1	1	0	2.06612e-05	0.847534	0
	0.428	0	0	1	1	2.06612e-05	2.06612e-05	0.847534	0
	0.429	0	0	1	1	0	8.26446e-05	0.847534	0
	0.43	0	0	1	1	0	2.06612e-05	0.847534	0
	0.431	0	0	1	1	4.13223e-05	4.13223e-05	0.847534	0
	0.432	0	0	1	1	2.06612e-05	0	0.847534	0
	0.433	0	0	1	1	4.13223e-05	2.06612e-05	0.847534	0
	0.434	0	0	1	1	4.13223e-05	0.000103306	0.847534	0
	0.435	0	0	1	1	2.06612e-05	4.13223e-05	0.847534	0
	0.436	0	0	1	1	0	2.06612e-05	0.847534	0
	0.437	0	0	1	1	2.06612e-05	2.06612e-05	0.847534	0
	0.438	0	0	1	1	4.13223e-05	4.13223e-05	0.847534	0
	0.439	0	0	1	1	4.13223e-05	4.13223e-05	0.847534	0
	0.44	0	0	1	1	0.000103306	0	0.847534	0
	0.441	0	0	1	1	0	8.26446e-05	0.851351	0
	0.442	0	0	1	1	2.06612e-05	2.06612e-05	0.851351	0
	0.443	0	0	1	1	2.06612e-05	6.19835e-05	0.851351	0
	0.444	0	0	1	1	4.13223e-05	0	0.851351	0
	0.445	0	0	1	1	0.000103306	2.06612e-05	0.851351	0
	0.446	0	0	1	1	4.13223e-05	8.26446e-05	0.851351	0
	0.447	0	0	1	1	4.13223e-05	2.06612e-05	0.851351	0
	0.448	0	0	1	1	4.13223e-05	0.000103306	0.851351	0
	0.449	0	0	1	1	0.000103306	2.06612e-05	0.851351	0
	0.45	0	0	1	1	6.19835e-05	2.06612e-05	0.842342	0
	0.451	0	0	1	1	6.19835e-05	4.13223e-05	0.842342	0
	0.452	0	0	1	1	0.000123967	8.26446e-05	0.842342	0
	0.453	0	0	1	1	8.26446e-05	6.19835e-05	0.842342	0
	0.454	0	0	1	1	0.000123967	4.13223e-05	0.842342	0
	0.455	0	0	1	1	8.26446e-05	2.06612e-05	0.842342	0
	0.456	0	0	1	1	4.13223e-05	6.19835e-05	0.842342	0
	0.457	0	0	1	1	6.19835e-05	0.000206612	0.842342	0
	0.458	0	0	1	1	8.26446e-05	0.000165289	0.842342	0
	0.459	0	0	1	1	0.000165289	8.26446e-05	0.842342	0
	0.46	0	0	1	1	0.000123967	4.13223e-05	0.842342	0
	0.461	0	0	1	1	0.000144628	0.000103306	0.842342	0
	0.462	0	0	1	1	6.19835e-05	0.000103306	0.842342	0
	0.463	0	0	1	1	0.000206612	8.26446e-05	0.842342	0
	0.464	0	0	1	1	0.000144628	0.000144628	0.842342	0
	0.465	0	0	1	1	0.000103306	0.000206612	0.842342	0
	0.466	0	0	1	1	0.000165289	0.000144628	0.842342	0
	0.467	0	0	1	1	0.000144628	0.000103306	0.842342	0
	0.468	0	0	1	1	0.000227273	0.000103306	0.842342	0
	0.469	0	0	1	1	0.000165289	0.00018595	0.837838	0
	0.47	0	0	1	1	0.000144628	0.000165289	0.837838	0
	0.471	0	0	1	1	0.000206612	8.26446e-05	0.837838	0
	0.472	0	0	1	1	0.000165289	8.26446e-05	0.841629	0
	0.473	0	0	1	1	0.00018595	0.000165289	0.841629	0
	0.474	0	0	1	1	0.000227273	0.000268595	0.841629	0
	0.475	0	0	1	1	0.000289256	0.000144628	0.841629	0
	0.476	0	0	1	1	0.00018595	8.26446e-05	0.841629	0
	0.477	0	0	1	1	0.000289256	0.000103306	0.841629	0
	0.478	0	0	1	1	0.000227273	0.000165289	0.841629	0
	0.479	0	0	1	1	0.00035124	0.000165289	0.841629	0
	0.48	0	0	1	1	0.000495868	0.000247934	0.837104	0
	0.481	0	0	1	1	0.000475207	0.000268595	0.832579	0
	0.482	0	0	1	1	0.000516529	0.000268595	0.832579	0
	0.483	0	0	1	1	0.000495868	0.000475207	0.832579	0
	0.484	0	0	1	1	0.000557851	0.000309917	0.832579	0
	0.485	0	0	1	1	0.000516529	0.000495868	0.832579	0
	0.486	0	0	1	1	0.000557851	0.000371901	0.831818	0
	0.487	0	0	1	1	0.000640496	0.000330579	0.831818	0
	0.488	0	0	1	1	0.000413223	0.000454545	0.831818	0
	0.489	0	0	1	1	0.000516529	0.000516529	0.831818	0
	0.49	0	0	1	1	0.000640496	0.000702479	0.831818	0
	0.491	0	0	1	1	0.000743802	0.000743802	0.831818	0
	0.492	0	0	1	1	0.000991736	0.000867769	0.822727	0
	0.493	0	2.06612e-05	1	1	0.000785124	0.00072314	0.821918	0
	0.494	0	0	1	0.997934	0.000826446	0.00072314	0.821918	0
	0.495	0	0	1	0.997934	0.00088843	0.00130165	0.821918	0
	0.496	0	0	1	0.997934	0.000867769	0.00113636	0.829493	0
	0.497	0	0	1	0.997934	0.00123967	0.00109504	0.829493	0
	0.498	0	0	1	0.997934	0.0010124	0.00136364	0.829493	0
	0.499	0	0	1	0.997934	0.00105372	0.00128099	0.829493	0
	0.5	0	0	1	0.997934	0.000950413	0.00146694	0.829493	0
	0.501	0	0	1	0.997934	0.0010124	0.00126033	0.829493	0
	0.502	0	0	1	0.997934	0.00107438	0.00128099	0.820276	0
	0.503	0	0	1	0.997934	0.00109504	0.00117769	0.81106	0
	0.504	0	0	1	0.997934	0.00103306	0.00113636	0.806452	0
	0.505	0	0	1	0.997934	0.0010124	0.0014876	0.801843	0
	0.506	0	0	1	0.997934	0.000909091	0.00109504	0.796296	0
	0.507	0	0	1	0.997934	0.000929752	0.00134298	0.8	0
	0.508	0	0	1	0.997934	0.000826446	0.00167355	0.799065	0
	0.509	0	0	1	0.997934	0.00119835	0.0014876	0.798122	0
	0.51	0	0	1	0.997934	0.00109504	0.00157025	0.801887	0
	0.511	0	0	1	0.997934	0.00103306	0.00134298	0.801887	0
	0.512	0	0	1	0.997934	0.000991736	0.00134298	0.801887	0
	0.513	0	0	1	0.997934	0.000867769	0.00121901	0.801887	0
	0.514	0	0	1	0.997934	0.0011157	0.00109504	0.801887	0
	0.515	0	0	1	0.997934	0.000950413	0.00132231	0.805687	0
	0.516	0	0	1	0.997934	0.000950413	0.00150826	0.809524	0
	0.517	0	0	1	0.997934	0.000971074	0.00128099	0.808612	0
	0.518	0	0	1	0.997934	0.00105372	0.00144628	0.8125	0
	0.519	0	0	1	0.997934	0.000764463	0.00159091	0.811594	0
	0.52	0	0	1	0.997934	0.000950413	0.00126033	0.811594	0
	0.521	0	0	1	0.997934	0.0011157	0.00132231	0.811594	0
	0.522	0	0	1	0.997934	0.00119835	0.00161157	0.811594	0
	0.523	0	0	1	0.997934	0.000909091	0.00128099	0.819512	0
	0.524	0	0	1	0.997934	0.000929752	0.000991736	0.819512	0
	0.525	0	2.06612e-05	1	0.997934	0.000867769	0.00117769	0.818627	0
	0.526	0	0	1	0.995868	0.00123967	0.00152893	0.818627	0
	0.527	0	0	1	0.995868	0.00113636	0.00136364	0.813725	0
	0.528	0	0	1	0.995868	0.00119835	0.00130165	0.808824	0
	0.529	0	0	1	0.995868	0.00109504	0.0014876	0.807882	0
	0.53	0	0	1	0.995868	0.00103306	0.00107438	0.806931	0
	0.531	0	0	1	0.995868	0.000785124	0.00126033	0.810945	0
	0.532	0	0	1	0.995868	0.000764463	0.00150826	0.815	0
	0.533	0	0	1	0.995868	0.00105372	0.00109504	0.81	0
	0.534	0	0	1	0.995868	0.00109504	0.00132231	0.81	0
	0.535	0	0	1	0.995868	0.000847107	0.00134298	0.81	0
	0.536	0	0	1	0.995868	0.000764463	0.00126033	0.81	0
	0.537	0	0	1	0.995868	0.00109504	0.00126033	0.805	0
	0.538	0	0	1	0.995868	0.00107438	0.00126033	0.8	0
	0.539	0	0	1	0.995868	0.00109504	0.000991736	0.8	0
	0.54	0	0	1	0.995868	0.00105372	0.0014876	0.80402	0
	0.541	0	0	1	0.995868	0.000971074	0.00134298	0.812183	0
	0.542	0	0	1	0.995868	0.000950413	0.0014876	0.80203	0
	0.543	0	0	1	0.995868	0.000909091	0.00121901	0.791878	0
	0.544	0	0	1	0.995868	0.000950413	0.00103306	0.795918	0
	0.545	0	0	1	0.995868	0.000950413	0.00134298	0.793814	0
	0.546	0	0	1	0.995868	0.000950413	0.00121901	0.793814	0
	0.547	0	0	1	0.995868	0.000971074	0.00134298	0.797927	0
	0.548	0	2.06612e-05	1	0.995868	0.000929752	0.00130165	0.797927	0
	0.549	0	0	1	0.993802	0.00113636	0.00144628	0.792746	0
	0.55	0	0	1	0.993802	0.00113636	0.00128099	0.792746	0
	0.551	0	0	1	0.993802	0.00119835	0.000971074	0.796875	0
	0.552	0	0	1	0.993802	0.000847107	0.00126033	0.801047	0
	0.553	0	0	1	0.993802	0.000805785	0.00115702	0.794737	0
	0.554	0	0	1	0.993802	0.0011157	0.00128099	0.798942	0
	0.555	0	0	1	0.993802	0.000991736	0.00132231	0.798942	0
	0.556	0	0	1	0.993802	0.000847107	0.00152893	0.797872	0
	0.557	0	0	1	0.993802	0.000640496	0.000991736	0.797872	0
	0.558	0	2.06612e-05	1	0.993802	0.000867769	0.00109504	0.797872	0
	0.559	0	0	1	0.991736	0.000785124	0.000991736	0.797872	0
	0.56	0	0	1	0.991736	0.00109504	0.00157025	0.802139	0
	0.561	0	0	1	0.991736	0.0010124	0.0013843	0.791444	0
	0.562	0	2.06612e-05	1	0.991736	0.000847107	0.00103306	0.791444	0
	0.563	0	0	1	0.989669	0.000867769	0.00130165	0.795699	0
	0.564	2.06612e-05	0	1	0.989669	0.000971074	0.00123967	0.8	0
	0.565	0	0	0.997934	0.989669	0.000971074	0.00126033	0.8	0
	0.566	0	0	0.997934	0.989669	0.000847107	0.00130165	0.8	0
	0.567	0	0	0.997934	0.989669	0.000805785	0.00132231	0.803279	0
	0.568	0	0	0.997934	0.989669	0.000743802	0.000909091	0.802198	0
	0.569	0	0	0.997934	0.989669	0.000991736	0.00130165	0.796703	0
	0.57	0	0	0.997934	0.989669	0.000785124	0.00130165	0.796703	0
	0.571	0	0	0.997934	0.989669	0.000847107	0.00107438	0.796703	0
	0.572	0	0	0.997934	0.989669	0.000929752	0.00130165	0.796703	0
	0.573	0	0	0.997934	0.989669	0.000805785	0.0010124	0.791209	0
	0.574	2.06612e-05	0	0.997934	0.989669	0.000909091	0.00132231	0.791209	0
	0.575	0	0	0.997934	0.989669	0.00107438	0.0011157	0.79558	0
	0.576	2.06612e-05	4.13223e-05	0.997934	0.989669	0.000785124	0.00121901	0.8	0
	0.577	0	2.06612e-05	0.997934	0.987603	0.000785124	0.00128099	0.8125	0
	0.578	0	2.06612e-05	0.997934	0.985537	0.0011157	0.00119835	0.811429	0
	0.579	0	2.06612e-05	0.997934	0.983471	0.000764463	0.00115702	0.8	0
	0.58	0	0	0.997934	0.981405	0.0011157	0.00130165	0.798851	0
	0.581	2.06612e-05	0	0.997934	0.981405	0.000909091	0.00134298	0.798851	0
	0.582	2.06612e-05	0	0.995868	0.981405	0.000681818	0.0011157	0.803468	0
	0.583	0	0	0.995868	0.981405	0.000929752	0.00126033	0.803468	0
	0.584	2.06612e-05	0	0.995868	0.981405	0.000826446	0.0014876	0.80814	0
	0.585	2.06612e-05	0	0.995868	0.981405	0.000929752	0.0011157	0.80814	0
	0.586	0	0	0.995868	0.981405	0.00072314	0.00144628	0.802326	0
	0.587	6.19835e-05	0	0.995868	0.981405	0.000929752	0.000847107	0.802326	0
	0.588	4.13223e-05	0	0.993802	0.981405	0.000826446	0.00126033	0.796512	0
	0.589	8.26446e-05	0	0.993802	0.981405	0.000826446	0.00144628	0.80117	0
	0.59	4.13223e-05	0	0.993802	0.981405	0.00072314	0.00109504	0.795322	0
	0.591	6.19835e-05	0	0.993802	0.981405	0.00113636	0.00123967	0.783626	0
	0.592	4.13223e-05	0	0.993802	0.981405	0.00088843	0.00107438	0.776471	0
	0.593	8.26446e-05	0	0.993802	0.981405	0.000867769	0.00134298	0.776471	0
	0.594	8.26446e-05	0	0.993802	0.981405	0.000805785	0.00105372	0.776471	0
	0.595	4.13223e-05	0	0.993802	0.981405	0.000805785	0.00126033	0.776471	0
	0.596	0.000123967	0	0.993802	0.981405	0.000971074	0.000991736	0.770588	0
	0.597	0.000103306	0	0.993802	0.981405	0.00113636	0.00088843	0.775148	0
	0.598	0.000123967	0	0.993802	0.981405	0.000826446	0.00105372	0.77381	0
	0.599	6.19835e-05	0	0.993802	0.981405	0.00105372	0.00134298	0.77381	0
	0.6	0.000123967	0	0.993802	0.981405	0.000991736	0.00130165	0.778443	0
	0.601	8.26446e-05	0	0.993802	0.981405	0.000991736	0.00109504	0.778443	0
	0.602	0.000123967	2.06612e-05	0.993802	0.981405	0.0010124	0.00115702	0.772455	0
	0.603	0.000103306	0	0.993802	0.979339	0.00113636	0.000991736	0.772455	0
	0.604	0.000144628	0	0.993802	0.979339	0.00123967	0.00115702	0.772455	0
	0.605	8.26446e-05	0	0.991736	0.979339	0.00121901	0.00107438	0.777108	0
	0.606	0.000123967	0	0.991736	0.979339	0.00109504	0.00130165	0.771084	0
	0.607	8.26446e-05	0	0.991736	0.979339	0.00130165	0.0010124	0.780488	0
	0.608	0.00018595	0	0.991736	0.979339	0.000950413	0.000847107	0.780488	0
	0.609	2.06612e-05	0	0.991736	0.979339	0.0011157	0.000867769	0.77439	0
	0.61	6.19835e-05	0	0.991736	0.979339	0.00107438	0.00107438	0.77439	0
	0.611	0.000206612	0	0.991736	0.979339	0.00103306	0.00132231	0.779141	0
	0.612	6.19835e-05	0	0.991736	0.979339	0.000950413	0.00117769	0.773006	0
	0.613	0.000206612	0	0.991736	0.979339	0.00123967	0.00107438	0.773006	0
	0.614	0.000123967	2.06612e-05	0.991736	0.979339	0.00121901	0.000929752	0.773006	0
	0.615	0.000123967	0	0.991736	0.979339	0.00117769	0.000950413	0.777778	0
	0.616	0.000144628	0	0.991736	0.979339	0.00150826	0.00105372	0.771605	0
	0.617	0.000165289	0	0.991736	0.979339	0.00128099	0.0013843	0.770186	0
	0.618	0.000165289	0	0.991736	0.979339	0.00107438	0.0010124	0.763975	0
	0.619	0.000144628	0	0.991736	0.979339	0.00130165	0.000971074	0.763975	0
	0.62	0.000144628	0	0.991736	0.979339	0.00144628	0.000847107	0.767296	0
	0.621	0.000144628	0	0.991736	0.979339	0.00107438	0.00119835	0.77707	0
	0.622	0.000144628	0	0.991736	0.979339	0.00119835	0.00119835	0.770701	0
	0.623	8.26446e-05	4.13223e-05	0.991736	0.979339	0.00117769	0.00117769	0.770701	0
	0.624	0.000123967	0	0.991736	0.975207	0.000764463	0.000764463	0.769231	0
	0.625	0.000123967	0	0.991736	0.975207	0.00117769	0.000971074	0.769231	0
	0.626	0.00018595	0	0.991736	0.975207	0.00107438	0.0010124	0.769231	0
	0.627	0.000123967	0	0.991736	0.975207	0.000950413	0.00109504	0.769231	0
	0.628	0.00018595	0	0.991736	0.975207	0.0011157	0.00136364	0.769231	0
	0.629	6.19835e-05	0	0.991736	0.975207	0.000971074	0.00109504	0.774194	0
	0.63	0.000144628	0	0.991736	0.975207	0.000826446	0.00115702	0.774194	0
	0.631	0.000123967	2.06612e-05	0.991736	0.975207	0.00109504	0.000950413	0.767742	0
	0.632	0.000123967	0	0.991736	0.975207	0.00103306	0.00115702	0.772727	0
	0.633	0.000165289	0	0.991736	0.975207	0.000805785	0.000909091	0.772727	0
	0.634	6.19835e-05	0	0.991736	0.975207	0.000867769	0.00117769	0.777778	0
	0.635	6.19835e-05	0	0.991736	0.975207	0.000950413	0.000743802	0.777778	0
	0.636	0.000103306	0	0.991736	0.975207	0.00126033	0.000971074	0.777778	0
	0.637	0.000103306	0	0.991736	0.975207	0.0011157	0.000950413	0.782895	0
	0.638	0.000123967	0	0.991736	0.975207	0.000950413	0.000805785	0.788079	0
	0.639	0.000103306	0	0.991736	0.975207	0.000929752	0.00105372	0.788079	0
	0.64	8.26446e-05	0	0.991736	0.975207	0.000929752	0.00123967	0.788079	0
	0.641	0.000103306	0	0.991736	0.975207	0.0011157	0.000929752	0.786667	0
	0.642	0.000144628	0	0.991736	0.975207	0.00072314	0.000991736	0.786667	0
	0.643	8.26446e-05	0	0.991736	0.975207	0.000950413	0.00107438	0.78	0
	0.644	0.000144628	0	0.991736	0.975207	0.000640496	0.00088843	0.785235	0
	0.645	0.000123967	0	0.991736	0.975207	0.000826446	0.00109504	0.785235	0
	0.646	6.19835e-05	0	0.991736	0.975207	0.00072314	0.00103306	0.783784	0
	0.647	0.000165289	4.13223e-05	0.991736	0.975207	0.00088843	0.00088843	0.783784	0
	0.648	2.06612e-05	0	0.993789	0.97314	0.000764463	0.000950413	0.77027	0
	0.649	8.26446e-05	0	0.993789	0.97314	0.000785124	0.000847107	0.768707	0
	0.65	2.06612e-05	0	0.993789	0.97314	0.000785124	0.00117769	0.760274	0
	0.651	8.26446e-05	0	0.993789	0.97314	0.00072314	0.00128099	0.765517	0
	0.652	6.19835e-05	2.06612e-05	0.995851	0.97314	0.000661157	0.00115702	0.770833	0
	0.653	8.26446e-05	0	0.995851	0.97314	0.000619835	0.00109504	0.770833	0
	0.654	6.19835e-05	2.06612e-05	0.995851	0.97314	0.000640496	0.000826446	0.776224	0
	0.655	4.13223e-05	2.06612e-05	0.995851	0.97314	0.000640496	0.00103306	0.776224	0
	0.656	0.00018595	2.06612e-05	0.995851	0.971074	0.000702479	0.0011157	0.787234	0
	0.657	4.13223e-05	0	0.995851	0.971074	0.000557851	0.00126033	0.787234	0
	0.658	4.13223e-05	2.06612e-05	0.995851	0.971074	0.000475207	0.00105372	0.804348	0
	0.659	0.000123967	2.06612e-05	0.995851	0.971074	0.000433884	0.000847107	0.810219	0
	0.66	4.13223e-05	0	0.995851	0.969008	0.000681818	0.000867769	0.822222	0
	0.661	4.13223e-05	0	0.995851	0.969008	0.000661157	0.00105372	0.828358	0
	0.662	2.06612e-05	0	0.995851	0.969008	0.000516529	0.00121901	0.827068	0
	0.663	0	0	0.997921	0.969008	0.000619835	0.000909091	0.833333	0
	0.664	2.06612e-05	2.06612e-05	0.997921	0.969008	0.000619835	0.00107438	0.833333	0
	0.665	0	0	0.997921	0.969008	0.000619835	0.000909091	0.839695	0
	0.666	4.13223e-05	2.06612e-05	0.997921	0.969008	0.000599174	0.000991736	0.832061	0
	0.667	8.26446e-05	2.06612e-05	0.995842	0.969008	0.000599174	0.000909091	0.832061	0
	0.668	4.13223e-05	2.06612e-05	0.995842	0.969008	0.000516529	0.000909091	0.832061	0
	0.669	2.06612e-05	2.06612e-05	0.995842	0.969008	0.000640496	0.000991736	0.816794	0
	0.67	6.19835e-05	2.06612e-05	0.995842	0.969008	0.000640496	0.0010124	0.823077	0
	0.671	4.13223e-05	4.13223e-05	0.995842	0.969008	0.000702479	0.000929752	0.8	0
	0.672	2.06612e-05	4.13223e-05	0.995842	0.966942	0.000557851	0.00088843	0.8	0
	0.673	6.19835e-05	2.06612e-05	0.995842	0.964876	0.000681818	0.000867769	0.8	0
	0.674	6.19835e-05	2.06612e-05	0.995842	0.96281	0.000640496	0.000950413	0.792308	0
	0.675	2.06612e-05	0	0.995842	0.960744	0.000475207	0.000785124	0.776923	0
	0.676	2.06612e-05	0	0.995842	0.960744	0.000785124	0.000702479	0.776923	0
	0.677	2.06612e-05	0	0.995842	0.960744	0.000557851	0.00115702	0.769231	0
	0.678	2.06612e-05	4.13223e-05	0.995842	0.960744	0.000495868	0.000971074	0.775194	0
	0.679	2.06612e-05	4.13223e-05	0.995842	0.960744	0.000805785	0.000743802	0.78125	0
	0.68	0	0	0.995842	0.960744	0.000702479	0.000826446	0.773438	0
	0.681	4.13223e-05	0	0.995842	0.960744	0.000599174	0.000764463	0.773438	0
	0.682	4.13223e-05	0	0.995842	0.960744	0.000619835	0.000805785	0.765625	0
	0.683	2.06612e-05	0	0.995842	0.960744	0.000847107	0.000495868	0.765625	0
	0.684	2.06612e-05	6.19835e-05	0.995842	0.960744	0.000743802	0.00103306	0.771654	0
	0.685	2.06612e-05	2.06612e-05	0.995842	0.958678	0.000785124	0.000785124	0.771654	0
	0.686	2.06612e-05	2.06612e-05	0.995842	0.958678	0.000909091	0.0010124	0.771654	0
	0.687	2.06612e-05	2.06612e-05	0.995842	0.956612	0.000681818	0.000805785	0.777778	0
	0.688	6.19835e-05	2.06612e-05	0.993763	0.956612	0.00107438	0.00115702	0.777778	0
	0.689	6.19835e-05	0	0.993763	0.954545	0.000702479	0.000764463	0.769841	0
	0.69	2.06612e-05	2.06612e-05	0.991684	0.954545	0.000909091	0.00115702	0.761905	0
	0.691	6.19835e-05	0	0.991684	0.954545	0.000599174	0.000991736	0.768	0
	0.692	6.19835e-05	0	0.991684	0.954545	0.000805785	0.000929752	0.766129	0
	0.693	6.19835e-05	6.19835e-05	0.991684	0.954545	0.000619835	0.000950413	0.758065	0
	0.694	2.06612e-05	0	0.991684	0.954545	0.000826446	0.000867769	0.758065	0
	0.695	0.000144628	0	0.99375	0.954545	0.000867769	0.00107438	0.758065	0
	0.696	2.06612e-05	4.13223e-05	0.991667	0.954545	0.000764463	0.00107438	0.764228	0
	0.697	0.000103306	0	0.991667	0.954545	0.000764463	0.0011157	0.764228	0
	0.698	2.06612e-05	0	0.991667	0.954545	0.00107438	0.000950413	0.764228	0
	0.699	6.19835e-05	0	0.991667	0.954545	0.000950413	0.000909091	0.770492	0
	0.7	8.26446e-05	4.13223e-05	0.991667	0.954545	0.000640496	0.000867769	0.762295	0
	0.701	2.06612e-05	0	0.991667	0.952479	0.00113636	0.000681818	0.768595	0
	0.702	6.19835e-05	2.06612e-05	0.991667	0.952479	0.000950413	0.000971074	0.775	0
	0.703	8.26446e-05	2.06612e-05	0.991667	0.952479	0.000785124	0.000971074	0.775	0
	0.704	0.00018595	0	0.991667	0.952479	0.00103306	0.000909091	0.775	0
	0.705	0.000206612	2.06612e-05	0.991667	0.952479	0.00117769	0.00105372	0.773109	0
	0.706	0.000123967	2.06612e-05	0.991667	0.952479	0.000991736	0.000847107	0.764706	0
	0.707	0.00018595	0	0.991667	0.952479	0.000991736	0.000867769	0.764706	0
	0.708	0.000123967	2.06612e-05	0.991667	0.952479	0.000847107	0.00109504	0.756303	0
	0.709	0.000165289	2.06612e-05	0.991667	0.952479	0.000847107	0.00088843	0.747899	0
	0.71	2.06612e-05	4.13223e-05	0.991667	0.952479	0.00113636	0.0011157	0.747899	0
	0.711	0.000123967	0	0.991667	0.952479	0.00107438	0.000950413	0.754237	0
	0.712	0.00018595	2.06612e-05	0.991667	0.952479	0.000950413	0.000805785	0.760684	0
	0.713	0.000165289	4.13223e-05	0.991667	0.952479	0.00088843	0.000743802	0.760684	0
	0.714	0.000144628	2.06612e-05	0.991667	0.950413	0.00146694	0.000599174	0.752137	0
	0.715	0.000268595	8.26446e-05	0.991667	0.950413	0.000847107	0.000929752	0.752137	0
	0.716	0.000123967	4.13223e-05	0.991667	0.950413	0.00128099	0.000826446	0.752137	0
	0.717	0.000165289	4.13223e-05	0.991667	0.950413	0.000743802	0.00103306	0.75	0
	0.718	0.000165289	0	0.991667	0.950413	0.000826446	0.000826446	0.75	0
	0.719	0.000227273	0	0.991667	0.950413	0.000805785	0.00107438	0.75	0
	0.72	0.000227273	6.19835e-05	0.991667	0.950413	0.000909091	0.00107438	0.75	0
	0.721	0.000206612	0	0.989583	0.950413	0.000764463	0.000826446	0.741379	0
	0.722	0.000289256	0	0.989583	0.950413	0.000867769	0.000929752	0.747826	0
	0.723	0.000206612	2.06612e-05	0.9875	0.950413	0.000826446	0.000826446	0.747826	0
	0.724	0.00018595	4.13223e-05	0.987474	0.950413	0.000805785	0.000847107	0.747826	0
	0.725	0.000227273	6.19835e-05	0.987474	0.950413	0.000702479	0.000640496	0.747826	0
	0.726	0.000144628	2.06612e-05	0.987474	0.950413	0.000929752	0.00103306	0.747826	0
	0.727	0.000268595	8.26446e-05	0.987474	0.950413	0.000805785	0.000950413	0.761062	0
	0.728	0.000165289	4.13223e-05	0.987474	0.950413	0.000805785	0.00115702	0.752212	0
	0.729	0.000206612	2.06612e-05	0.987474	0.950413	0.000661157	0.000971074	0.752212	0
	0.73	0.000247934	2.06612e-05	0.987474	0.950413	0.000805785	0.000991736	0.752212	0
	0.731	0.000247934	8.26446e-05	0.987474	0.950413	0.000847107	0.000867769	0.758929	0
	0.732	0.000123967	2.06612e-05	0.987474	0.950413	0.000640496	0.000681818	0.75	0
	0.733	0.000165289	0	0.987474	0.950413	0.000702479	0.00107438	0.747748	0
	0.734	0.000165289	4.13223e-05	0.987474	0.950413	0.000785124	0.00088843	0.768519	0
	0.735	0.000289256	2.06612e-05	0.987474	0.950413	0.00072314	0.000929752	0.768519	0
	0.736	0.00018595	0	0.987474	0.950413	0.000495868	0.000702479	0.768519	0
	0.737	0.000330579	6.19835e-05	0.987474	0.950413	0.000702479	0.000764463	0.768519	0
	0.738	0.000289256	4.13223e-05	0.987474	0.948347	0.000929752	0.00105372	0.768519	0
	0.739	0.000433884	0	0.987474	0.948347	0.00053719	0.00115702	0.768519	0
	0.74	0.00018595	8.26446e-05	0.987474	0.948347	0.000557851	0.000929752	0.775701	0
	0.741	0.000206612	4.13223e-05	0.987474	0.948347	0.000557851	0.000847107	0.775701	0
	0.742	0.000206612	2.06612e-05	0.987474	0.948347	0.000785124	0.000826446	0.790476	0
	0.743	0.000206612	2.06612e-05	0.987474	0.948347	0.000578512	0.000929752	0.788462	0
	0.744	0.000289256	8.26446e-05	0.987474	0.948347	0.000702479	0.000929752	0.796117	0
	0.745	0.000227273	8.26446e-05	0.987474	0.948347	0.000681818	0.00107438	0.796117	0
	0.746	0.000268595	6.19835e-05	0.987474	0.948347	0.000785124	0.00088843	0.786408	0
	0.747	0.000309917	4.13223e-05	0.985386	0.948347	0.000392562	0.000599174	0.80198	0
	0.748	0.00018595	2.06612e-05	0.985386	0.948347	0.000681818	0.000764463	0.80198	0
	0.749	0.000206612	4.13223e-05	0.985386	0.948347	0.000702479	0.000929752	0.818182	0
	0.75	0.000309917	4.13223e-05	0.985386	0.948347	0.000619835	0.00103306	0.818182	0
	0.751	0.000247934	6.19835e-05	0.985386	0.948347	0.000743802	0.000991736	0.816327	0
	0.752	0.00018595	0	0.985386	0.946281	0.000599174	0.000867769	0.806122	0
	0.753	0.000227273	0.000144628	0.985386	0.946281	0.000681818	0.000991736	0.814433	0
	0.754	0.000165289	0.000123967	0.983299	0.946281	0.000764463	0.000909091	0.814433	0
	0.755	0.000268595	8.26446e-05	0.983299	0.946281	0.00053719	0.00105372	0.814433	0
	0.756	0.000227273	4.13223e-05	0.983264	0.946281	0.000805785	0.000681818	0.804124	0
	0.757	0.000123967	8.26446e-05	0.983264	0.946281	0.000619835	0.000785124	0.804124	0
	0.758	0.000144628	0.000103306	0.983264	0.946281	0.000475207	0.000681818	0.8125	0
	0.759	0.000227273	0.000103306	0.983264	0.944215	0.000371901	0.000867769	0.8125	0
	0.76	0.000165289	4.13223e-05	0.983264	0.944215	0.000599174	0.000764463	0.8125	0
	0.761	0.000123967	2.06612e-05	0.985325	0.944215	0.00072314	0.00123967	0.8125	0
	0.762	0.000206612	2.06612e-05	0.985325	0.944215	0.000495868	0.000743802	0.8125	0
	0.763	0.000103306	2.06612e-05	0.987395	0.944215	0.000681818	0.000867769	0.791667	0
	0.764	0.000165289	0.000123967	0.987395	0.944215	0.000309917	0.000619835	0.808511	0
	0.765	0.000103306	6.19835e-05	0.987395	0.944215	0.000578512	0.000764463	0.817204	0
	0.766	0.00018595	0	0.987395	0.944215	0.000413223	0.000847107	0.817204	0
	0.767	0.000103306	6.19835e-05	0.987395	0.944215	0.000599174	0.000847107	0.817204	0
	0.768	0.000123967	6.19835e-05	0.987395	0.944215	0.000516529	0.000764463	0.817204	0
	0.769	0.000165289	0.000123967	0.985294	0.944215	0.00053719	0.000826446	0.806452	0
	0.77	0.000165289	6.19835e-05	0.985294	0.944215	0.000764463	0.000764463	0.806452	0
	0.771	0.000206612	8.26446e-05	0.985294	0.944215	0.000599174	0.000805785	0.806452	0
	0.772	0.000206612	4.13223e-05	0.985294	0.944215	0.00053719	0.000702479	0.806452	0
	0.773	0.000144628	6.19835e-05	0.985294	0.942149	0.000681818	0.000847107	0.804348	0
	0.774	0.000144628	4.13223e-05	0.985294	0.942149	0.000454545	0.000867769	0.804348	0
	0.775	0.000103306	2.06612e-05	0.985294	0.942149	0.000495868	0.00088843	0.782609	0
	0.776	0.000103306	0	0.985294	0.942149	0.000578512	0.000826446	0.791209	0
	0.777	0.000144628	0.000103306	0.987368	0.942149	0.000599174	0.000847107	0.788889	0
	0.778	0.000206612	6.19835e-05	0.989451	0.942149	0.000454545	0.000743802	0.766667	0
	0.779	0.000144628	6.19835e-05	0.989451	0.940083	0.000371901	0.000764463	0.755556	0
	0.78	0.000227273	4.13223e-05	0.989451	0.940083	0.000495868	0.000991736	0.744444	0
	0.781	0.000227273	8.26446e-05	0.989451	0.940083	0.00053719	0.000392562	0.744444	0
	0.782	0.000165289	8.26446e-05	0.989451	0.940083	0.000599174	0.000847107	0.744444	0
	0.783	0.000165289	6.19835e-05	0.989451	0.940083	0.000413223	0.000847107	0.761364	0
	0.784	0.000123967	0.000103306	0.989451	0.940083	0.000516529	0.000702479	0.75	0
	0.785	0.000268595	6.19835e-05	0.989451	0.940083	0.000495868	0.00072314	0.75	0
	0.786	0.000247934	8.26446e-05	0.987342	0.940083	0.000661157	0.000785124	0.75	0
	0.787	0.000330579	6.19835e-05	0.987342	0.940083	0.000475207	0.000785124	0.727273	0
	0.788	0.000392562	6.19835e-05	0.987342	0.940083	0.00072314	0.000743802	0.727273	0
	0.789	0.00035124	0.00018595	0.987342	0.940083	0.000681818	0.000826446	0.735632	0
	0.79	0.000330579	6.19835e-05	0.985232	0.938017	0.000702479	0.000681818	0.724138	0
	0.791	0.000392562	0.000103306	0.985232	0.938017	0.000413223	0.000764463	0.732558	0
	0.792	0.000123967	4.13223e-05	0.985232	0.938017	0.000702479	0.000516529	0.741176	0
	0.793	0.000247934	2.06612e-05	0.987315	0.938017	0.000619835	0.000867769	0.741176	0
	0.794	0.000123967	0.000247934	0.987315	0.938017	0.000743802	0.00053719	0.741176	0
	0.795	0.00035124	2.06612e-05	0.987315	0.938017	0.000619835	0.000743802	0.741176	0
	0.796	0.000309917	6.19835e-05	0.985201	0.938017	0.000619835	0.000619835	0.729412	0
	0.797	0.000495868	8.26446e-05	0.983087	0.938017	0.000702479	0.000640496	0.717647	0
	0.798	0.000206612	0.000103306	0.983087	0.93595	0.000661157	0.000743802	0.717647	0
	0.799	0.00018595	0.000144628	0.983087	0.933884	0.000785124	0.000867769	0.717647	0
	0.8	0.000268595	0	0.983087	0.929752	0.000847107	0.000640496	0.714286	0
	0.801	0.00018595	0.000123967	0.983087	0.929752	0.000681818	0.000557851	0.710843	0
	0.802	0.000206612	6.19835e-05	0.983087	0.927686	0.000826446	0.000495868	0.710843	0
	0.803	0.000247934	0.000144628	0.983087	0.92562	0.00072314	0.000661157	0.710843	0
	0.804	0.000309917	0.000206612	0.983087	0.92562	0.00103306	0.000743802	0.710843	0
	0.805	0.000330579	0.000103306	0.980973	0.921488	0.000826446	0.000599174	0.719512	0
	0.806	0.000392562	8.26446e-05	0.980973	0.919421	0.000847107	0.000619835	0.728395	0
	0.807	0.000206612	6.19835e-05	0.980973	0.917355	0.000743802	0.000826446	0.728395	0
	0.808	0.000309917	0.000103306	0.978858	0.915289	0.00072314	0.000475207	0.746835	0
	0.809	0.000268595	2.06612e-05	0.976744	0.915289	0.00088843	0.000764463	0.734177	0
	0.81	0.000247934	0.000144628	0.976744	0.915289	0.00088843	0.000578512	0.734177	0
	0.811	0.000309917	8.26446e-05	0.97463	0.913223	0.000929752	0.000743802	0.734177	0
	0.812	0.00035124	0.000103306	0.97463	0.913223	0.000867769	0.000661157	0.721519	0
	0.813	0.00035124	4.13223e-05	0.97463	0.913223	0.000785124	0.00072314	0.721519	0
	0.814	0.00035124	0.000165289	0.97463	0.911157	0.000991736	0.00072314	0.721519	0
	0.815	0.000289256	0.000103306	0.97463	0.911157	0.000971074	0.000578512	0.721519	0
	0.816	0.000392562	6.19835e-05	0.976695	0.909091	0.000785124	0.000764463	0.721519	0
	0.817	0.000516529	2.06612e-05	0.976695	0.909091	0.000971074	0.000599174	0.721519	0
	0.818	0.000413223	8.26446e-05	0.976695	0.909091	0.000826446	0.000640496	0.721519	0
	0.819	0.000371901	0.000103306	0.976695	0.909091	0.000929752	0.000785124	0.683544	0
	0.82	0.000495868	0.000103306	0.976695	0.909091	0.000971074	0.000805785	0.683544	0
	0.821	0.00035124	0.000165289	0.978769	0.909091	0.000971074	0.000619835	0.692308	0
	0.822	0.000289256	0.000165289	0.976645	0.909091	0.0010124	0.000516529	0.692308	0
	0.823	0.00035124	0.00018595	0.974522	0.909091	0.000805785	0.000681818	0.679487	0
	0.824	0.000475207	4.13223e-05	0.974522	0.909091	0.000950413	0.000578512	0.679487	0
	0.825	0.000247934	8.26446e-05	0.974522	0.907025	0.000785124	0.000413223	0.679487	0
	0.826	0.000330579	0.000144628	0.974522	0.904959	0.000661157	0.000330579	0.688312	0
	0.827	0.000309917	0.000123967	0.974522	0.904959	0.00088843	0.000599174	0.697368	0
	0.828	0.000578512	0.000165289	0.974522	0.902893	0.000971074	0.000599174	0.671053	0
	0.829	0.000247934	0.000123967	0.976596	0.902893	0.000764463	0.000681818	0.657895	0
	0.83	0.000330579	0.000144628	0.976546	0.89876	0.000867769	0.000557851	0.657895	0
	0.831	0.000330579	0.000206612	0.976546	0.89876	0.000867769	0.000661157	0.666667	0
	0.832	0.000392562	0.000206612	0.976546	0.896694	0.000929752	0.000661157	0.666667	0
	0.833	0.000289256	0.000103306	0.976546	0.896694	0.000826446	0.000599174	0.666667	0
	0.834	0.000454545	0.000123967	0.974414	0.896694	0.000661157	0.000826446	0.675676	0
	0.835	0.000475207	8.26446e-05	0.972281	0.896694	0.000971074	0.000557851	0.675676	0
	0.836	0.000289256	0.00018595	0.972281	0.892562	0.000681818	0.000599174	0.662162	0
	0.837	0.00035124	0.000247934	0.972281	0.886364	0.00072314	0.000661157	0.662162	0
	0.838	0.00035124	0.000165289	0.970149	0.882231	0.00107438	0.000330579	0.671233	0
	0.839	0.000578512	0.000227273	0.968017	0.882231	0.000971074	0.00053719	0.680556	0
	0.84	0.000578512	0.00018595	0.968017	0.880165	0.000950413	0.000681818	0.710145	0
	0.841	0.000619835	0.00018595	0.968017	0.880165	0.000764463	0.00053719	0.695652	0
	0.842	0.000619835	0.000165289	0.967949	0.878099	0.00088843	0.00053719	0.695652	0
	0.843	0.000454545	0.000247934	0.967949	0.878099	0.000599174	0.000578512	0.695652	0
	0.844	0.000578512	0.000206612	0.967949	0.876033	0.000847107	0.00053719	0.705882	0
	0.845	0.000475207	0.000165289	0.967949	0.873967	0.000681818	0.000661157	0.727273	0
	0.846	0.000516529	0.000268595	0.967949	0.871901	0.000805785	0.000640496	0.727273	0
	0.847	0.000619835	0.000330579	0.967949	0.869835	0.000702479	0.000619835	0.712121	0
	0.848	0.00053719	0.000247934	0.970021	0.869835	0.000847107	0.000785124	0.712121	0
	0.849	0.000599174	0.000103306	0.970021	0.869835	0.000847107	0.000495868	0.712121	0
	0.85	0.00053719	0.000227273	0.96788	0.869835	0.000971074	0.000557851	0.712121	0
	0.851	0.000599174	0.00018595	0.965739	0.867769	0.000847107	0.000557851	0.707692	0
	0.852	0.000516529	0.00018595	0.963597	0.867769	0.000743802	0.000764463	0.703125	0
	0.853	0.000743802	0.000247934	0.963597	0.867769	0.000619835	0.00035124	0.703125	0
	0.854	0.000743802	0.000268595	0.961456	0.867769	0.000826446	0.00053719	0.703125	0
	0.855	0.000557851	0.00018595	0.961456	0.867769	0.000826446	0.000371901	0.703125	0
	0.856	0.00072314	0.00035124	0.963519	0.865702	0.000805785	0.00053719	0.703125	0
	0.857	0.000909091	0.000206612	0.963519	0.86157	0.000764463	0.000599174	0.703125	0
	0.858	0.000661157	0.000268595	0.965591	0.859504	0.000661157	0.000433884	0.725806	0
	0.859	0.000578512	0.000289256	0.965591	0.855372	0.000702479	0.000454545	0.709677	0
	0.86	0.000991736	0.000227273	0.965591	0.849174	0.000475207	0.000516529	0.721311	0
	0.861	0.000578512	0.00035124	0.963441	0.849174	0.000640496	0.000578512	0.721311	0
	0.862	0.000764463	0.000289256	0.963441	0.849174	0.000392562	0.000413223	0.688525	0
	0.863	0.000785124	0.000227273	0.963441	0.847107	0.000743802	0.000578512	0.688525	0
	0.864	0.000805785	0.000330579	0.96129	0.845041	0.000475207	0.000578512	0.688525	0
	0.865	0.000661157	0.000330579	0.96129	0.845041	0.000454545	0.000764463	0.736842	0
	0.866	0.000743802	0.000289256	0.96129	0.842975	0.000454545	0.000289256	0.75	0
	0.867	0.000681818	0.000309917	0.96129	0.840909	0.00072314	0.000454545	0.75	0
	0.868	0.000619835	0.000413223	0.95914	0.840909	0.000599174	0.000371901	0.75	0
	0.869	0.000867769	0.00018595	0.95914	0.838843	0.000578512	0.000454545	0.75	0
	0.87	0.000681818	0.000247934	0.961207	0.836777	0.000764463	0.000392562	0.75	0
	0.871	0.000681818	0.000268595	0.959052	0.834711	0.00053719	0.00053719	0.75	0
	0.872	0.000661157	0.000392562	0.956897	0.832645	0.000475207	0.000433884	0.75	0
	0.873	0.000557851	0.000371901	0.956897	0.828512	0.000454545	0.000413223	0.732143	0
	0.874	0.000702479	0.000371901	0.954644	0.828512	0.000578512	0.000330579	0.745455	0
	0.875	0.000867769	0.000433884	0.952484	0.826446	0.000516529	0.000413223	0.745455	0
	0.876	0.00088843	0.000165289	0.954545	0.822314	0.000413223	0.000495868	0.745455	0
	0.877	0.000640496	0.000268595	0.956616	0.822314	0.000599174	0.000371901	0.740741	0
	0.878	0.000702479	0.00035124	0.954447	0.822314	0.000433884	0.000578512	0.722222	0
	0.879	0.000785124	0.000413223	0.956522	0.820248	0.000599174	0.000433884	0.722222	0
	0.88	0.000578512	0.000599174	0.956522	0.81405	0.00035124	0.000661157	0.75	0
	0.881	0.000764463	0.000392562	0.958606	0.811983	0.000764463	0.000371901	0.75	0
	0.882	0.000640496	0.000330579	0.958606	0.811983	0.000578512	0.000413223	0.730769	0
	0.883	0.000867769	0.000289256	0.958606	0.811983	0.000413223	0.000516529	0.730769	0
	0.884	0.000743802	0.00035124	0.958606	0.811983	0.000495868	0.000392562	0.730769	0
	0.885	0.000743802	0.000371901	0.956427	0.809917	0.000392562	0.00035124	0.745098	0
	0.886	0.000661157	0.00035124	0.958515	0.809917	0.000495868	0.000413223	0.77551	0
	0.887	0.000847107	0.000392562	0.960613	0.807851	0.000413223	0.000268595	0.77551	0
	0.888	0.000681818	0.000413223	0.960613	0.807851	0.000475207	0.000330579	0.755102	0
	0.889	0.000805785	0.000330579	0.962719	0.801653	0.000330579	0.000599174	0.734694	0
	0.89	0.000909091	0.00035124	0.962719	0.801653	0.00053719	0.000413223	0.734694	0
	0.891	0.000681818	0.000495868	0.960526	0.801653	0.000371901	0.000392562	0.6875	0
	0.892	0.000702479	0.000495868	0.960526	0.797521	0.000578512	0.00053719	0.6875	0
	0.893	0.000929752	0.000392562	0.960526	0.793388	0.000578512	0.000599174	0.702128	0
	0.894	0.000867769	0.000475207	0.958242	0.793388	0.000454545	0.00053719	0.702128	0
	0.895	0.000867769	0.000557851	0.956044	0.793388	0.000599174	0.000247934	0.702128	0
	0.896	0.000764463	0.00035124	0.960265	0.789256	0.000557851	0.00035124	0.702128	0
	0.897	0.000681818	0.000475207	0.960177	0.789256	0.000557851	0.000330579	0.717391	0
	0.898	0.00107438	0.000578512	0.955752	0.78719	0.000743802	0.000309917	0.717391	0
	0.899	0.000743802	0.000619835	0.95354	0.783058	0.00072314	0.000371901	0.717391	0
	0.9	0.000785124	0.000475207	0.953437	0.778926	0.000495868	0.000330579	0.717391	0
	0.901	0.000929752	0.000681818	0.955556	0.77686	0.00072314	0.000392562	0.717391	0
	0.902	0.000826446	0.00035124	0.953333	0.774793	0.000516529	0.000433884	0.717391	0
	0.903	0.00113636	0.000599174	0.955457	0.772727	0.000578512	0.000475207	0.695652	0
	0.904	0.000805785	0.000475207	0.953229	0.768595	0.000599174	0.000475207	0.711111	0
	0.905	0.000785124	0.000599174	0.951002	0.766529	0.000640496	0.000475207	0.711111	0
	0.906	0.000909091	0.000578512	0.951002	0.766529	0.000785124	0.000516529	0.711111	0
	0.907	0.00103306	0.000661157	0.953125	0.766529	0.000826446	0.000413223	0.666667	0
	0.908	0.000991736	0.000743802	0.950893	0.766529	0.000475207	0.000247934	0.644444	0
	0.909	0.00088843	0.000516529	0.950783	0.766529	0.000743802	0.000392562	0.659091	0
	0.91	0.00115702	0.00072314	0.950783	0.766529	0.000743802	0.00035124	0.659091	0
	0.911	0.00103306	0.000867769	0.946309	0.762397	0.000640496	0.000330579	0.659091	0
	0.912	0.0011157	0.000599174	0.944072	0.758264	0.000867769	0.000309917	0.659091	0
	0.913	0.00107438	0.000743802	0.941834	0.756198	0.000661157	0.000454545	0.651163	0
	0.914	0.0014876	0.00088843	0.93736	0.756198	0.000826446	0.000371901	0.651163	0
	0.915	0.00150826	0.000950413	0.935123	0.752066	0.000929752	0.000247934	0.651163	0
	0.916	0.00117769	0.000847107	0.932886	0.75	0.000785124	0.000413223	0.651163	0
	0.917	0.00140496	0.000929752	0.930649	0.743802	0.000764463	0.000268595	0.642857	0
	0.918	0.0013843	0.0010124	0.932735	0.739669	0.000764463	0.00018595	0.642857	0
	0.919	0.00154959	0.00088843	0.934831	0.733471	0.000681818	0.00018595	0.658537	0
	0.92	0.00190083	0.000909091	0.932584	0.731405	0.000764463	0.000289256	0.675	0
	0.921	0.00132231	0.000991736	0.934389	0.729339	0.000764463	0.000206612	0.666667	0
	0.922	0.00177686	0.00107438	0.934389	0.719008	0.000599174	0.000247934	0.666667	0
	0.923	0.00154959	0.00115702	0.929864	0.714876	0.000805785	0.000268595	0.641026	0
	0.924	0.00181818	0.00103306	0.927438	0.71281	0.000826446	0.000475207	0.641026	0
	0.925	0.00163223	0.000971074	0.925	0.706612	0.000764463	0.000206612	0.641026	0
	0.926	0.00161157	0.00126033	0.922727	0.704545	0.000661157	0.000371901	0.641026	0
	0.927	0.0014876	0.0013843	0.922727	0.698347	0.000764463	0.00035124	0.641026	0
	0.928	0.00179752	0.0011157	0.911364	0.683884	0.000681818	0.000165289	0.615385	0
	0.929	0.00165289	0.00119835	0.909091	0.677686	0.000764463	0.000247934	0.615385	0
	0.93	0.00188017	0.00130165	0.904545	0.673554	0.000929752	0.00018595	0.631579	0
	0.931	0.0022314	0.00150826	0.897494	0.669421	0.000599174	0.000206612	0.631579	0
	0.932	0.00204545	0.00154959	0.892938	0.659091	0.000557851	0.000371901	0.648649	0
	0.933	0.00297521	0.00130165	0.888128	0.640496	0.000619835	0.00035124	0.621622	0
	0.934	0.00256198	0.00163223	0.881279	0.636364	0.000661157	0.000392562	0.621622	0
	0.935	0.0027686	0.00142562	0.881279	0.632231	0.000599174	0.00018595	0.657143	0
	0.936	0.00216942	0.00194215	0.87643	0.621901	0.000516529	0.000330579	0.69697	0
	0.937	0.00221074	0.00167355	0.873853	0.607438	0.000681818	0.00018595	0.69697	0
	0.938	0.00301653	0.00169421	0.875862	0.599174	0.000578512	0.000247934	0.69697	0
	0.939	0.00256198	0.00200413	0.866359	0.595041	0.000743802	0.00018595	0.666667	0
	0.94	0.00311983	0.0018595	0.866051	0.582645	0.000599174	0.000227273	0.636364	0
	0.941	0.00334711	0.00190083	0.842593	0.568182	0.000619835	0.000247934	0.636364	0
	0.942	0.00349174	0.00208678	0.842227	0.559917	0.000599174	0.000289256	0.636364	0
	0.943	0.00376033	0.00190083	0.830626	0.543388	0.000661157	0.000144628	0.606061	0
	0.944	0.00376033	0.00206612	0.823256	0.53719	0.000661157	0.000227273	0.606061	0
	0.945	0.0038843	0.0018595	0.813084	0.524793	0.000640496	0.000206612	0.575758	0
	0.946	0.0042562	0.00227273	0.807512	0.508264	0.000826446	0.000371901	0.545455	0
	0.947	0.00460744	0.00268595	0.798122	0.493802	0.000516529	0.000227273	0.580645	0
	0.948	0.0046281	0.00235537	0.79108	0.477273	0.000619835	0.000144628	0.580645	0
	0.949	0.00508264	0.00258264	0.783019	0.471074	0.000557851	0.00018595	0.580645	0
	0.95	0.00572314	0.0028719	0.773585	0.464876	0.000578512	0.000247934	0.6	0
	0.951	0.00595041	0.00307851	0.765957	0.452479	0.000661157	0.000268595	0.6	0
	0.952	0.00547521	0.00258264	0.761229	0.442149	0.000640496	0.000123967	0.642857	0
	0.953	0.0067562	0.00318182	0.751185	0.43595	0.00053719	0.000165289	0.607143	0
	0.954	0.00739669	0.00367769	0.748219	0.429752	0.000743802	0.000268595	0.62963	0
	0.955	0.00774793	0.00359504	0.73747	0.423554	0.000702479	0.000144628	0.653846	0
	0.956	0.00764463	0.00334711	0.728365	0.419421	0.000516529	0.000206612	0.653846	0
	0.957	0.00758264	0.00427686	0.708434	0.411157	0.000681818	0.000268595	0.653846	0
	0.958	0.00909091	0.00438017	0.698068	0.404959	0.00072314	0.000206612	0.653846	0
	0.959	0.00921488	0.00427686	0.676329	0.392562	0.000681818	8.26446e-05	0.68	0
	0.96	0.0109504	0.00438017	0.67561	0.380165	0.00072314	0.00018595	0.68	0
	0.961	0.0106405	0.00489669	0.671569	0.373967	0.000661157	0.000206612	0.68	0
	0.962	0.00987603	0.00489669	0.657635	0.357438	0.000454545	0.000206612	0.68	0
	0.963	0.0103512	0.0056405	0.64604	0.35124	0.000764463	0.000165289	0.708333	0
	0.964	0.0115702	0.00578512	0.630273	0.340909	0.000557851	0.000144628	0.708333	0
	0.965	0.011219	0.0064876	0.6275	0.336777	0.000433884	0.000206612	0.73913	0
	0.966	0.0128306	0.00700413	0.625316	0.330579	0.000516529	4.13223e-05	0.73913	0
	0.967	0.0123347	0.00706612	0.617949	0.322314	0.000371901	6.19835e-05	0.73913	0
	0.968	0.0120248	0.00820248	0.605195	0.31405	0.000495868	0.000165289	0.73913	0
	0.969	0.0127686	0.00785124	0.584856	0.305785	0.000289256	0.000165289	0.73913	0
	0.97	0.0125413	0.00840909	0.578534	0.295455	0.000371901	0.000144628	0.73913	0
	0.971	0.0114256	0.00993802	0.572559	0.278926	0.000206612	6.19835e-05	0.772727	0
	0.972	0.013843	0.0104752	0.55914	0.254132	0.000144628	0.000103306	0.809524	0
	0.973	0.0136157	0.0110537	0.542234	0.233471	0.000144628	0.000144628	0.809524	0
	0.974	0.0134504	0.011405	0.522099	0.210744	0.000123967	0.000144628	0.809524	0
	0.975	0.0128306	0.0121074	0.5	0.188017	0.000144628	0.000144628	0.85	0
	0.976	0.0141322	0.0130372	0.494286	0.169421	0.000165289	0.000123967	0.85	0
	0.977	0.0152686	0.013843	0.479769	0.154959	8.26446e-05	8.26446e-05	0.944444	0
	0.978	0.0161157	0.016343	0.47181	0.134298	8.26446e-05	0.000206612	0.944444	0
	0.979	0.0169421	0.0175	0.462006	0.107438	2.06612e-05	0.000165289	0.944444	0
	0.98	0.016405	0.0203512	0.436533	0.0909091	0	0.000144628	0.944444	0
	0.981	0.0172521	0.0217975	0.410256	0.0702479	0	0.000144628	0.944444	0
	0.982	0.0186777	0.0235744	0.392157	0.0475207	2.06612e-05	6.19835e-05	0.944444	0
	0.983	0.0183678	0.025186	0.376667	0.035124	0	8.26446e-05	1	0
	0.984	0.0197521	0.0281198	0.357388	0.0247934	0	0.000123967	1	0
	0.985	0.0205992	0.0317355	0.34386	0.0165289	0	6.19835e-05	1	0
	0.986	0.0214463	0.0347314	0.305755	0.00619835	0	0.000103306	1	0
	0.987	0.0231818	0.0367562	0.284644	0.00207039	0	0.000206612	1	0
	0.988	0.0227686	0.0409091	0.263566	0	0	0.00018595	1	0
	0.989	0.0259091	0.0420661	0.247967	0	0	2.06612e-05	1	0
	0.99	0.0271074	0.0449587	0.208333	0	4.13223e-05	0.000123967	1	0
	0.991	0.0268595	0.0462397	0.199134	0	0	0.000123967	0.941176	0
	0.992	0.0256612	0.0492562	0.186364	0	4.13223e-05	0.000165289	0.941176	0
	0.993	0.0266529	0.0467355	0.181818	0	0.000144628	0.000165289	0.941176	0
	0.994	0.0247727	0.045	0.175532	0	0.000309917	6.19835e-05	0.941176	0
	0.995	0.0223967	0.0426653	0.174419	0	0.000330579	0.000123967	0.941176	0
	0.996	0.021405	0.0352893	0.176471	0	0.000433884	2.06612e-05	0.882353	0
	0.997	0.0194215	0.0289669	0.161765	0	0.000805785	0.000165289	0.882353	0
	0.998	0.0175	0.0201653	0.176991	0	0.00109504	0.000289256	0.882353	0
	0.999	0.0169835	0.0135744	0.195402	0	0.00307851	0.00018595	0.588235	0
	1	0.0509711	0.00706612	0.180328	0	0.028843	0.00072314	0.529412	0


#	yrange	sparsity	# links	zeta	support at cross	fraction FP	support at cross2	fraction FP2
	0	0.929752	450	4.19185e-05	0.998	0.477515	0.998	0.477515
	0.06	0.929752	450	4.19185e-05	0.998	0.477515	0.998	0.477515
