#	Frequencies and overlap
#	bins	MYC	shuffle	overlap_MYC	overlap_shuffle	SIGN_MYC	SIGNshuffle	SIGNoverlap_MYC	SIGNoverlap_shuffle
	0	0.912025	0.793471	1	1	0.923678	0.81312	0.952282	0.452479
	0.001	0.0116529	0.0313843	0.402597	0	0.00774793	0.0224793	0.54717	0
	0.002	0.00524793	0.0152273	0.56	0	0.00450413	0.0115289	0.65	0
	0.003	0.00332645	0.00981405	0.666667	0	0.00272727	0.00822314	0.684211	0
	0.004	0.00260331	0.00735537	0.682927	0	0.00219008	0.00605372	0.702703	0
	0.005	0.00169421	0.00508264	0.717949	0	0.00140496	0.00431818	0.742857	0
	0.006	0.00167355	0.00423554	0.777778	0	0.00123967	0.0035124	0.8125	0
	0.007	0.00144628	0.00400826	0.742857	0	0.00115702	0.00373967	0.75	0
	0.008	0.0011157	0.00334711	0.742857	0	0.000826446	0.00301653	0.75	0
	0.009	0.000929752	0.00256198	0.757576	0	0.000661157	0.00239669	0.766667	0
	0.01	0.000909091	0.00295455	0.75	0	0.000785124	0.00266529	0.758621	0
	0.011	0.000681818	0.00272727	0.75	0	0.000619835	0.00258264	0.758621	0
	0.012	0.00053719	0.00208678	0.741935	0	0.000475207	0.00192149	0.785714	0
	0.013	0.000557851	0.00206612	0.766667	0	0.000495868	0.00194215	0.814815	0
	0.014	0.00072314	0.00188017	0.793103	0	0.000702479	0.00181818	0.846154	0
	0.015	0.000619835	0.00163223	0.821429	0	0.000578512	0.00159091	0.846154	0
	0.016	0.000805785	0.00171488	0.821429	0	0.00072314	0.00159091	0.846154	0
	0.017	0.000619835	0.00128099	0.821429	0	0.000578512	0.00121901	0.846154	0
	0.018	0.000702479	0.00121901	0.821429	0	0.000599174	0.0011157	0.846154	0
	0.019	0.000640496	0.00126033	0.821429	0	0.000495868	0.00113636	0.846154	0
	0.02	0.000640496	0.00126033	0.821429	0	0.00053719	0.00119835	0.846154	0
	0.021	0.000516529	0.00109504	0.821429	0	0.000392562	0.00107438	0.846154	0
	0.022	0.000640496	0.00157025	0.821429	0	0.000392562	0.00152893	0.846154	0
	0.023	0.000495868	0.00115702	0.785714	0	0.000309917	0.0011157	0.807692	0
	0.024	0.00053719	0.00105372	0.785714	0	0.000289256	0.000991736	0.807692	0
	0.025	0.000392562	0.00121901	0.814815	0	0.000227273	0.00117769	0.84	0
	0.026	0.000268595	0.000971074	0.846154	0	0.000165289	0.000950413	0.875	0
	0.027	0.000123967	0.000950413	0.846154	0	4.13223e-05	0.000929752	0.875	0
	0.028	0.000268595	0.000764463	0.846154	0	0.000123967	0.000764463	0.875	0
	0.029	0.000206612	0.000764463	0.846154	0	0.000144628	0.00072314	0.875	0
	0.03	2.06612e-05	0.00088843	0.846154	0	2.06612e-05	0.000847107	0.875	0
	0.031	0.000165289	0.000991736	0.846154	0	0.000144628	0.000991736	0.875	0
	0.032	0.000309917	0.000867769	0.88	0	0.000247934	0.000826446	0.913043	0
	0.033	0.00018595	0.000640496	0.84	0	8.26446e-05	0.000640496	0.913043	0
	0.034	0.000206612	0.000847107	0.84	0	0.000165289	0.000826446	0.913043	0
	0.035	0.00035124	0.000681818	0.875	0	0.000289256	0.00072314	0.913043	0
	0.036	0.000144628	0.00088843	0.875	0	0.000123967	0.000847107	0.913043	0
	0.037	0.000206612	0.000702479	0.875	0	8.26446e-05	0.000702479	0.913043	0
	0.038	0.000227273	0.000454545	0.875	0	0.000144628	0.000433884	0.913043	0
	0.039	0.000165289	0.000702479	0.913043	0	0.000103306	0.000681818	0.954545	0
	0.04	0.000247934	0.000578512	0.913043	0	6.19835e-05	0.00053719	0.954545	0
	0.041	0.000247934	0.000309917	0.913043	0	8.26446e-05	0.000309917	0.954545	0
	0.042	0.000165289	0.000454545	0.913043	0	6.19835e-05	0.000475207	0.954545	0
	0.043	0.000227273	0.000557851	0.913043	0	4.13223e-05	0.000557851	0.954545	0
	0.044	0.000144628	0.000743802	0.913043	0	4.13223e-05	0.000743802	0.954545	0
	0.045	0.000206612	0.000495868	0.913043	0	8.26446e-05	0.000495868	0.954545	0
	0.046	8.26446e-05	0.000495868	0.913043	0	2.06612e-05	0.000454545	0.954545	0
	0.047	4.13223e-05	0.000433884	0.954545	0	0	0.000433884	1	0
	0.048	0.000144628	0.000475207	0.954545	0	0	0.000454545	1	0
	0.049	4.13223e-05	0.000475207	0.954545	0	0	0.000475207	1	0
	0.05	6.19835e-05	0.000268595	0.954545	0	0	0.000268595	1	0
	0.051	8.26446e-05	0.000413223	0.954545	0	0	0.000433884	1	0
	0.052	6.19835e-05	0.000516529	0.954545	0	0	0.000516529	1	0
	0.053	2.06612e-05	0.000371901	0.954545	0	0	0.00035124	1	0
	0.054	4.13223e-05	0.000599174	0.954545	0	0	0.000619835	1	0
	0.055	6.19835e-05	0.000454545	0.954545	0	0	0.000454545	1	0
	0.056	0	0.000413223	0.954545	0	0	0.000413223	1	0
	0.057	0	0.000413223	0.954545	0	0	0.000433884	1	0
	0.058	4.13223e-05	0.000495868	0.954545	0	0	0.000454545	1	0
	0.059	0	0.000557851	0.954545	0	0	0.00053719	1	0
	0.06	2.06612e-05	0.000309917	0.954545	0	0	0.000309917	1	0
	0.061	2.06612e-05	0.000206612	0.954545	0	0	0.000227273	1	0
	0.062	2.06612e-05	0.000578512	0.954545	0	0	0.000557851	1	0
	0.063	2.06612e-05	0.000371901	0.954545	0	0	0.000371901	1	0
	0.064	0	0.000371901	0.954545	0	0	0.000371901	1	0
	0.065	0	0.000206612	0.954545	0	0	0.000206612	1	0
	0.066	6.19835e-05	0.000371901	0.954545	0	4.13223e-05	0.00035124	1	0
	0.067	0	0.000309917	0.952381	0	0	0.000309917	0.952381	0
	0.068	2.06612e-05	0.000330579	0.952381	0	2.06612e-05	0.000330579	0.952381	0
	0.069	0	0.000206612	0.952381	0	0	0.000206612	0.952381	0
	0.07	0	0.00035124	0.952381	0	0	0.00035124	0.952381	0
	0.071	0	0.000392562	0.952381	0	0	0.000413223	0.952381	0
	0.072	2.06612e-05	0.000371901	0.952381	0	2.06612e-05	0.00035124	0.952381	0
	0.073	2.06612e-05	0.000433884	0.952381	0	2.06612e-05	0.000433884	0.952381	0
	0.074	0.000123967	0.000330579	0.904762	0	0.000123967	0.000330579	0.904762	0
	0.075	2.06612e-05	0.000268595	0.904762	0	2.06612e-05	0.000268595	0.904762	0
	0.076	6.19835e-05	0.000392562	0.904762	0	6.19835e-05	0.000392562	0.904762	0
	0.077	0	0.000392562	0.904762	0	0	0.000371901	0.904762	0
	0.078	8.26446e-05	0.000454545	0.904762	0	8.26446e-05	0.000454545	0.904762	0
	0.079	8.26446e-05	0.000475207	0.904762	0	8.26446e-05	0.000475207	0.904762	0
	0.08	2.06612e-05	0.000227273	0.904762	0	2.06612e-05	0.000227273	0.904762	0
	0.081	8.26446e-05	0.000268595	0.904762	0	8.26446e-05	0.000268595	0.904762	0
	0.082	6.19835e-05	0.000309917	0.904762	0	6.19835e-05	0.000309917	0.904762	0
	0.083	0.000103306	0.000454545	0.904762	0	0.000103306	0.000454545	0.904762	0
	0.084	0.000144628	0.000247934	0.904762	0	0.000144628	0.000247934	0.904762	0
	0.085	2.06612e-05	0.00035124	0.904762	0	2.06612e-05	0.00035124	0.904762	0
	0.086	8.26446e-05	0.000371901	0.904762	0	8.26446e-05	0.000371901	0.904762	0
	0.087	0.00018595	0.000330579	0.904762	0	0.00018595	0.000330579	0.904762	0
	0.088	0.000123967	0.000289256	0.904762	0	0.000123967	0.000289256	0.904762	0
	0.089	0.000123967	0.000247934	0.904762	0	0.000123967	0.000247934	0.904762	0
	0.09	0.000144628	0.00035124	0.904762	0	0.000144628	0.00035124	0.904762	0
	0.091	0.000144628	0.000392562	0.857143	0	0.000144628	0.000392562	0.857143	0
	0.092	6.19835e-05	0.000268595	0.857143	0	6.19835e-05	0.000268595	0.857143	0
	0.093	8.26446e-05	0.000268595	0.857143	0	8.26446e-05	0.000268595	0.857143	0
	0.094	0.000103306	0.000309917	0.857143	0	0.000103306	0.000330579	0.857143	0
	0.095	0.000103306	0.000247934	0.857143	0	0.000103306	0.000247934	0.857143	0
	0.096	0.000227273	0.000289256	0.857143	0	0.000227273	0.000268595	0.857143	0
	0.097	0.00018595	0.000247934	0.857143	0	0.00018595	0.000247934	0.857143	0
	0.098	0.000165289	0.000247934	0.857143	0	0.000165289	0.000268595	0.857143	0
	0.099	0.000165289	0.000309917	0.857143	0	0.000165289	0.000309917	0.857143	0
	0.1	0.000123967	0.000206612	0.857143	0	0.000123967	0.00018595	0.857143	0
	0.101	0.000144628	0.000206612	0.857143	0	0.000144628	0.000206612	0.857143	0
	0.102	0.000227273	0.000165289	0.857143	0	0.000227273	0.000165289	0.857143	0
	0.103	0.000165289	0.00018595	0.857143	0	0.000165289	0.00018595	0.857143	0
	0.104	0.000247934	0.000413223	0.857143	0	0.000247934	0.000413223	0.857143	0
	0.105	0.000227273	0.000268595	0.857143	0	0.000227273	0.000268595	0.857143	0
	0.106	0.000144628	0.000413223	0.857143	0	0.000144628	0.000413223	0.857143	0
	0.107	0.000309917	0.000392562	0.857143	0	0.000309917	0.000392562	0.857143	0
	0.108	0.000144628	0.000247934	0.857143	0	0.000144628	0.000247934	0.857143	0
	0.109	0.000103306	0.000268595	0.857143	0	0.000103306	0.000268595	0.857143	0
	0.11	0.000123967	0.000247934	0.857143	0	0.000123967	0.000247934	0.857143	0
	0.111	0.00018595	0.000206612	0.857143	0	0.00018595	0.000206612	0.857143	0
	0.112	0.000123967	0.000165289	0.857143	0	0.000123967	0.000165289	0.857143	0
	0.113	0.000103306	0.000289256	0.9	0	0.000103306	0.000289256	0.9	0
	0.114	0.000144628	0.000268595	0.9	0	0.000144628	0.000268595	0.9	0
	0.115	0.000103306	0.000268595	0.9	0	0.000103306	0.000268595	0.9	0
	0.116	0.000103306	0.000227273	0.9	0	0.000103306	0.000227273	0.9	0
	0.117	8.26446e-05	0.00018595	0.9	0	8.26446e-05	0.000206612	0.9	0
	0.118	0	0.000165289	0.9	0	0	0.000144628	0.9	0
	0.119	8.26446e-05	0.000268595	0.9	0	8.26446e-05	0.000289256	0.9	0
	0.12	6.19835e-05	0.00018595	0.9	0	6.19835e-05	0.000165289	0.9	0
	0.121	2.06612e-05	0.000247934	0.9	0	2.06612e-05	0.000247934	0.9	0
	0.122	6.19835e-05	8.26446e-05	0.9	0	6.19835e-05	8.26446e-05	0.9	0
	0.123	0.000123967	0.000227273	0.9	0	0.000123967	0.000227273	0.9	0
	0.124	4.13223e-05	0.000289256	0.9	0	4.13223e-05	0.000289256	0.9	0
	0.125	0	0.000123967	0.9	0	0	0.000144628	0.9	0
	0.126	4.13223e-05	0.000227273	0.9	0	4.13223e-05	0.000227273	0.9	0
	0.127	4.13223e-05	0.00018595	0.9	0	4.13223e-05	0.00018595	0.9	0
	0.128	4.13223e-05	0.000227273	0.947368	0	4.13223e-05	0.000227273	0.947368	0
	0.129	2.06612e-05	0.000144628	0.947368	0	2.06612e-05	0.000144628	0.947368	0
	0.13	2.06612e-05	0.000103306	0.947368	0	2.06612e-05	0.000103306	0.947368	0
	0.131	0	0.000227273	0.947368	0	0	0.000206612	0.947368	0
	0.132	0	0.000144628	0.947368	0	0	0.000144628	0.947368	0
	0.133	0	6.19835e-05	0.947368	0	0	6.19835e-05	0.947368	0
	0.134	0	0.000165289	0.947368	0	0	0.000165289	0.947368	0
	0.135	0	0.000103306	0.947368	0	0	0.000103306	0.947368	0
	0.136	0	0.000144628	0.947368	0	0	0.000144628	0.947368	0
	0.137	0	0.000144628	0.947368	0	0	0.000144628	0.947368	0
	0.138	0	0.000247934	0.947368	0	0	0.000247934	0.947368	0
	0.139	0	0.00018595	0.947368	0	0	0.00018595	0.947368	0
	0.14	2.06612e-05	0.000123967	0.947368	0	2.06612e-05	0.000123967	0.947368	0
	0.141	0	0.000144628	1	0	0	0.000144628	1	0
	0.142	0	0.000165289	1	0	0	0.000165289	1	0
	0.143	0	0.000123967	1	0	0	0.000123967	1	0
	0.144	0	0.000227273	1	0	0	0.000227273	1	0
	0.145	0	8.26446e-05	1	0	0	8.26446e-05	1	0
	0.146	0	0.000268595	1	0	0	0.000268595	1	0
	0.147	0	8.26446e-05	1	0	0	8.26446e-05	1	0
	0.148	0	0.000144628	1	0	0	0.000144628	1	0
	0.149	0	0.000165289	1	0	0	0.000165289	1	0
	0.15	0	0.000206612	1	0	0	0.000206612	1	0
	0.151	0	8.26446e-05	1	0	0	8.26446e-05	1	0
	0.152	0	0.000206612	1	0	0	0.000206612	1	0
	0.153	0	0.000206612	1	0	0	0.000227273	1	0
	0.154	0	0.000227273	1	0	0	0.000206612	1	0
	0.155	0	0.000123967	1	0	0	0.000123967	1	0
	0.156	0	0.000165289	1	0	0	0.000165289	1	0
	0.157	0	8.26446e-05	1	0	0	8.26446e-05	1	0
	0.158	0	0.00018595	1	0	0	0.00018595	1	0
	0.159	0	0.000247934	1	0	0	0.000247934	1	0
	0.16	0	8.26446e-05	1	0	0	8.26446e-05	1	0
	0.161	2.06612e-05	0.000123967	1	0	2.06612e-05	0.000123967	1	0
	0.162	2.06612e-05	0.000206612	0.944444	0	2.06612e-05	0.000206612	0.944444	0
	0.163	0	8.26446e-05	0.944444	0	0	8.26446e-05	0.944444	0
	0.164	0	0.00018595	0.944444	0	0	0.00018595	0.944444	0
	0.165	0	0.000330579	0.944444	0	0	0.000330579	0.944444	0
	0.166	0	6.19835e-05	0.944444	0	0	6.19835e-05	0.944444	0
	0.167	0	0.00018595	0.944444	0	0	0.00018595	0.944444	0
	0.168	2.06612e-05	6.19835e-05	0.944444	0	2.06612e-05	6.19835e-05	0.944444	0
	0.169	0	0.000165289	0.944444	0	0	0.000165289	0.944444	0
	0.17	0	8.26446e-05	0.944444	0	0	8.26446e-05	0.944444	0
	0.171	0	0.000144628	0.944444	0	0	0.000144628	0.944444	0
	0.172	0	0.000165289	0.944444	0	0	0.000165289	0.944444	0
	0.173	0	0.000165289	0.944444	0	0	0.00018595	0.944444	0
	0.174	0	0.000165289	0.944444	0	0	0.000165289	0.944444	0
	0.175	2.06612e-05	0.000165289	0.944444	0	2.06612e-05	0.000165289	0.944444	0
	0.176	2.06612e-05	0.000123967	0.944444	0	2.06612e-05	0.000123967	0.944444	0
	0.177	0	0.000144628	0.944444	0	0	0.000123967	0.944444	0
	0.178	2.06612e-05	0.000165289	0.944444	0	2.06612e-05	0.000165289	0.944444	0
	0.179	2.06612e-05	0.000123967	0.944444	0	2.06612e-05	0.000123967	0.944444	0
	0.18	4.13223e-05	0.000123967	0.944444	0	4.13223e-05	0.000123967	0.944444	0
	0.181	4.13223e-05	8.26446e-05	0.944444	0	4.13223e-05	8.26446e-05	0.944444	0
	0.182	4.13223e-05	0.000103306	0.944444	0	4.13223e-05	0.000103306	0.944444	0
	0.183	4.13223e-05	0.00018595	0.944444	0	4.13223e-05	0.00018595	0.944444	0
	0.184	0	0.000206612	0.944444	0	0	0.000206612	0.944444	0
	0.185	0	0.000103306	0.944444	0	0	0.000103306	0.944444	0
	0.186	2.06612e-05	0.000123967	0.944444	0	2.06612e-05	0.000123967	0.944444	0
	0.187	2.06612e-05	8.26446e-05	0.944444	0	2.06612e-05	8.26446e-05	0.944444	0
	0.188	6.19835e-05	8.26446e-05	0.944444	0	6.19835e-05	8.26446e-05	0.944444	0
	0.189	6.19835e-05	0.000103306	0.944444	0	6.19835e-05	0.000103306	0.944444	0
	0.19	8.26446e-05	8.26446e-05	0.944444	0	8.26446e-05	8.26446e-05	0.944444	0
	0.191	8.26446e-05	6.19835e-05	0.944444	0	8.26446e-05	6.19835e-05	0.944444	0
	0.192	4.13223e-05	6.19835e-05	0.944444	0	4.13223e-05	6.19835e-05	0.944444	0
	0.193	2.06612e-05	0.000165289	0.944444	0	2.06612e-05	0.000165289	0.944444	0
	0.194	0.000103306	0.000123967	0.944444	0	0.000103306	0.000123967	0.944444	0
	0.195	4.13223e-05	0.000103306	0.944444	0	4.13223e-05	0.000103306	0.944444	0
	0.196	4.13223e-05	0.000123967	0.944444	0	4.13223e-05	0.000123967	0.944444	0
	0.197	2.06612e-05	6.19835e-05	0.944444	0	2.06612e-05	6.19835e-05	0.944444	0
	0.198	4.13223e-05	8.26446e-05	0.944444	0	4.13223e-05	8.26446e-05	0.944444	0
	0.199	0.000123967	8.26446e-05	0.944444	0	0.000123967	8.26446e-05	0.944444	0
	0.2	4.13223e-05	0.00018595	0.944444	0	4.13223e-05	0.00018595	0.944444	0
	0.201	6.19835e-05	0.000123967	0.944444	0	6.19835e-05	0.000123967	0.944444	0
	0.202	8.26446e-05	0.000123967	0.944444	0	8.26446e-05	0.000123967	0.944444	0
	0.203	4.13223e-05	0.000123967	0.944444	0	4.13223e-05	0.000123967	0.944444	0
	0.204	8.26446e-05	0.000144628	0.944444	0	8.26446e-05	0.000144628	0.944444	0
	0.205	4.13223e-05	0.000103306	0.944444	0	4.13223e-05	0.000103306	0.944444	0
	0.206	0.000103306	6.19835e-05	0.944444	0	0.000103306	6.19835e-05	0.944444	0
	0.207	0.000103306	0.00018595	0.888889	0	0.000103306	0.00018595	0.888889	0
	0.208	4.13223e-05	0.000165289	0.888889	0	4.13223e-05	0.000165289	0.888889	0
	0.209	2.06612e-05	0.00035124	0.888889	0	2.06612e-05	0.00035124	0.888889	0
	0.21	2.06612e-05	0.000144628	0.888889	0	2.06612e-05	0.000144628	0.888889	0
	0.211	4.13223e-05	0.000103306	0.888889	0	4.13223e-05	0.000103306	0.888889	0
	0.212	0.000103306	0.000123967	0.888889	0	0.000103306	0.000123967	0.888889	0
	0.213	2.06612e-05	0.000165289	0.888889	0	2.06612e-05	0.000165289	0.888889	0
	0.214	2.06612e-05	0.000103306	0.888889	0	2.06612e-05	0.000103306	0.888889	0
	0.215	6.19835e-05	0.000103306	0.888889	0	6.19835e-05	0.000103306	0.888889	0
	0.216	2.06612e-05	8.26446e-05	0.888889	0	2.06612e-05	8.26446e-05	0.888889	0
	0.217	2.06612e-05	0.000123967	0.888889	0	2.06612e-05	0.000123967	0.888889	0
	0.218	4.13223e-05	0.000103306	0.888889	0	4.13223e-05	0.000123967	0.888889	0
	0.219	0.000123967	8.26446e-05	0.888889	0	0.000123967	8.26446e-05	0.888889	0
	0.22	0.000103306	0.000247934	0.888889	0	0.000103306	0.000247934	0.888889	0
	0.221	4.13223e-05	0.000206612	0.888889	0	4.13223e-05	0.000227273	0.888889	0
	0.222	6.19835e-05	0.00018595	0.888889	0	6.19835e-05	0.000165289	0.888889	0
	0.223	4.13223e-05	0.000144628	0.888889	0	4.13223e-05	0.000144628	0.888889	0
	0.224	6.19835e-05	0.000103306	0.888889	0	6.19835e-05	0.000103306	0.888889	0
	0.225	6.19835e-05	0.00018595	0.888889	0	6.19835e-05	0.00018595	0.888889	0
	0.226	4.13223e-05	0.000144628	0.888889	0	4.13223e-05	0.000144628	0.888889	0
	0.227	6.19835e-05	0.000103306	0.888889	0	6.19835e-05	0.000103306	0.888889	0
	0.228	8.26446e-05	0.000144628	0.888889	0	8.26446e-05	0.000144628	0.888889	0
	0.229	0	0.000144628	0.888889	0	0	0.000144628	0.888889	0
	0.23	4.13223e-05	0.00018595	0.888889	0	4.13223e-05	0.00018595	0.888889	0
	0.231	4.13223e-05	0.00018595	0.888889	0	4.13223e-05	0.00018595	0.888889	0
	0.232	0.000123967	0.000123967	0.941176	0	0.000123967	0.000123967	0.941176	0
	0.233	0.000123967	0.000144628	0.941176	0	0.000123967	0.000144628	0.941176	0
	0.234	8.26446e-05	0.000247934	0.941176	0	8.26446e-05	0.000247934	0.941176	0
	0.235	2.06612e-05	0.000165289	0.941176	0	2.06612e-05	0.000165289	0.941176	0
	0.236	8.26446e-05	0.000144628	0.941176	0	8.26446e-05	0.000123967	0.941176	0
	0.237	6.19835e-05	0.000123967	0.941176	0	6.19835e-05	0.000123967	0.941176	0
	0.238	4.13223e-05	0.000103306	0.941176	0	4.13223e-05	0.000103306	0.941176	0
	0.239	8.26446e-05	0.000103306	0.941176	0	8.26446e-05	0.000103306	0.941176	0
	0.24	8.26446e-05	0.000144628	0.941176	0	8.26446e-05	0.000144628	0.941176	0
	0.241	2.06612e-05	6.19835e-05	0.941176	0	2.06612e-05	6.19835e-05	0.941176	0
	0.242	8.26446e-05	0.000206612	0.941176	0	8.26446e-05	0.000206612	0.941176	0
	0.243	2.06612e-05	0.000123967	0.941176	0	2.06612e-05	0.000123967	0.941176	0
	0.244	4.13223e-05	0.000123967	0.941176	0	4.13223e-05	0.000123967	0.941176	0
	0.245	6.19835e-05	0.000206612	0.941176	0	6.19835e-05	0.000206612	0.941176	0
	0.246	2.06612e-05	0.000123967	0.941176	0	2.06612e-05	0.000144628	0.941176	0
	0.247	6.19835e-05	0.00018595	0.941176	0	6.19835e-05	0.000165289	0.941176	0
	0.248	0	0.000165289	0.941176	0	0	0.000165289	0.941176	0
	0.249	4.13223e-05	0.000123967	0.941176	0	4.13223e-05	0.000123967	0.941176	0
	0.25	2.06612e-05	8.26446e-05	0.941176	0	2.06612e-05	8.26446e-05	0.941176	0
	0.251	2.06612e-05	0.000268595	0.941176	0	2.06612e-05	0.000268595	0.941176	0
	0.252	4.13223e-05	0.000289256	0.941176	0	4.13223e-05	0.000289256	0.941176	0
	0.253	0	0.000165289	0.941176	0	0	0.000165289	0.941176	0
	0.254	2.06612e-05	0.000144628	0.941176	0	2.06612e-05	0.000144628	0.941176	0
	0.255	2.06612e-05	0.000123967	0.941176	0	2.06612e-05	0.000123967	0.941176	0
	0.256	0	0.000206612	0.941176	0	0	0.000206612	0.941176	0
	0.257	0	0.000165289	0.941176	0	0	0.000165289	0.941176	0
	0.258	2.06612e-05	0.000103306	0.941176	0	2.06612e-05	0.000103306	0.941176	0
	0.259	2.06612e-05	0.000123967	0.941176	0	2.06612e-05	0.000123967	0.941176	0
	0.26	2.06612e-05	0.000227273	0.941176	0	2.06612e-05	0.000227273	0.941176	0
	0.261	4.13223e-05	0.000165289	0.941176	0	4.13223e-05	0.00018595	0.941176	0
	0.262	0	0.00018595	0.941176	0	0	0.000165289	0.941176	0
	0.263	0	0.000103306	0.941176	0	0	0.000103306	0.941176	0
	0.264	0	0.000103306	0.941176	0	0	0.000103306	0.941176	0
	0.265	0	6.19835e-05	0.941176	0	0	6.19835e-05	0.941176	0
	0.266	0	0.000103306	0.941176	0	0	8.26446e-05	0.941176	0
	0.267	0	0.00018595	0.941176	0	0	0.00018595	0.941176	0
	0.268	0	0.000144628	0.941176	0	0	0.000144628	0.941176	0
	0.269	0	2.06612e-05	0.941176	0	0	2.06612e-05	0.941176	0
	0.27	0	0.000103306	0.941176	0	0	0.000103306	0.941176	0
	0.271	0	0.000103306	0.941176	0	0	0.000103306	0.941176	0
	0.272	0	0.000103306	0.941176	0	0	0.000103306	0.941176	0
	0.273	2.06612e-05	0.00018595	0.941176	0	2.06612e-05	0.00018595	0.941176	0
	0.274	0	0.000144628	0.941176	0	0	0.000144628	0.941176	0
	0.275	2.06612e-05	4.13223e-05	0.941176	0	2.06612e-05	4.13223e-05	0.941176	0
	0.276	0	6.19835e-05	1	0	0	6.19835e-05	1	0
	0.277	0	0.000144628	1	0	0	0.000144628	1	0
	0.278	0	0.000123967	1	0	0	0.000123967	1	0
	0.279	0	0.000144628	1	0	0	0.000144628	1	0
	0.28	0	0.000144628	1	0	0	0.000144628	1	0
	0.281	0	4.13223e-05	1	0	0	4.13223e-05	1	0
	0.282	0	0.000206612	1	0	0	0.000206612	1	0
	0.283	0	0.000123967	1	0	0	0.000123967	1	0
	0.284	0	0.000165289	1	0	0	0.000165289	1	0
	0.285	0	0.000123967	1	0	0	0.000123967	1	0
	0.286	0	0.000123967	1	0	0	0.000123967	1	0
	0.287	0	0.000123967	1	0	0	0.000123967	1	0
	0.288	0	0.000123967	1	0	0	0.000123967	1	0
	0.289	0	0.000144628	1	0	0	0.000144628	1	0
	0.29	0	8.26446e-05	1	0	0	8.26446e-05	1	0
	0.291	0	0.000144628	1	0	0	0.000144628	1	0
	0.292	0	2.06612e-05	1	0	0	2.06612e-05	1	0
	0.293	0	8.26446e-05	1	0	0	8.26446e-05	1	0
	0.294	0	8.26446e-05	1	0	0	8.26446e-05	1	0
	0.295	0	6.19835e-05	1	0	0	6.19835e-05	1	0
	0.296	0	0.000165289	1	0	0	0.000165289	1	0
	0.297	0	0.000144628	1	0	0	0.000144628	1	0
	0.298	0	0.000227273	1	0	0	0.000227273	1	0
	0.299	0	0.00018595	1	0	0	0.00018595	1	0
	0.3	0	0.000165289	1	0	0	0.000165289	1	0
	0.301	0	6.19835e-05	1	0	0	6.19835e-05	1	0
	0.302	0	0.000103306	1	0	0	0.000103306	1	0
	0.303	0	0.000123967	1	0	0	0.000123967	1	0
	0.304	0	6.19835e-05	1	0	0	6.19835e-05	1	0
	0.305	0	0.000165289	1	0	0	0.000165289	1	0
	0.306	0	6.19835e-05	1	0	0	6.19835e-05	1	0
	0.307	0	6.19835e-05	1	0	0	6.19835e-05	1	0
	0.308	0	2.06612e-05	1	0	0	2.06612e-05	1	0
	0.309	0	0.000103306	1	0	0	0.000103306	1	0
	0.31	0	0.000123967	1	0	0	0.000123967	1	0
	0.311	0	0.000103306	1	0	0	0.000103306	1	0
	0.312	0	0.000103306	1	0	0	0.000123967	1	0
	0.313	0	6.19835e-05	1	0	2.06612e-05	4.13223e-05	1	0
	0.314	0	6.19835e-05	1	0	0	6.19835e-05	0.9375	0
	0.315	0	8.26446e-05	1	0	0	8.26446e-05	0.9375	0
	0.316	0	8.26446e-05	1	0	0	8.26446e-05	0.9375	0
	0.317	2.06612e-05	0.000165289	1	0	2.06612e-05	0.000165289	0.9375	0
	0.318	0	0.000144628	0.9375	0	4.13223e-05	0.000144628	0.9375	0
	0.319	0	0.000103306	0.9375	0	2.06612e-05	0.000103306	0.9375	0
	0.32	2.06612e-05	0.000123967	0.9375	0	2.06612e-05	0.000123967	0.9375	0
	0.321	2.06612e-05	0.000247934	0.9375	0	0	0.000247934	0.9375	0
	0.322	0	0.000123967	0.9375	0	4.13223e-05	0.000123967	0.9375	0
	0.323	2.06612e-05	4.13223e-05	0.9375	0	0.000103306	4.13223e-05	0.9375	0
	0.324	2.06612e-05	0.00018595	0.9375	0	0	0.00018595	0.9375	0
	0.325	2.06612e-05	0.00018595	0.9375	0	2.06612e-05	0.00018595	0.9375	0
	0.326	2.06612e-05	0.00018595	0.9375	0	2.06612e-05	0.00018595	0.9375	0
	0.327	4.13223e-05	4.13223e-05	0.9375	0	2.06612e-05	4.13223e-05	0.9375	0
	0.328	0	0.000123967	0.9375	0	4.13223e-05	0.000123967	0.9375	0
	0.329	2.06612e-05	0.000123967	0.9375	0	4.13223e-05	0.000123967	0.9375	0
	0.33	4.13223e-05	0.000144628	0.9375	0	0	0.000144628	0.9375	0
	0.331	2.06612e-05	0.000123967	0.9375	0	2.06612e-05	0.000123967	0.9375	0
	0.332	4.13223e-05	0.000103306	0.9375	0	8.26446e-05	0.000103306	0.9375	0
	0.333	4.13223e-05	8.26446e-05	0.9375	0	8.26446e-05	8.26446e-05	0.9375	0
	0.334	2.06612e-05	4.13223e-05	0.9375	0	6.19835e-05	4.13223e-05	0.9375	0
	0.335	8.26446e-05	4.13223e-05	0.9375	0	0.000123967	4.13223e-05	0.9375	0
	0.336	4.13223e-05	0.000123967	0.9375	0	2.06612e-05	0.000123967	0.9375	0
	0.337	2.06612e-05	8.26446e-05	0.9375	0	8.26446e-05	8.26446e-05	0.9375	0
	0.338	4.13223e-05	6.19835e-05	0.9375	0	8.26446e-05	6.19835e-05	0.9375	0
	0.339	0.000103306	0.000123967	0.9375	0	4.13223e-05	0.000123967	0.9375	0
	0.34	4.13223e-05	8.26446e-05	0.9375	0	6.19835e-05	8.26446e-05	0.9375	0
	0.341	4.13223e-05	0.000123967	0.9375	0	8.26446e-05	0.000123967	0.9375	0
	0.342	8.26446e-05	2.06612e-05	0.9375	0	4.13223e-05	2.06612e-05	0.9375	0
	0.343	8.26446e-05	0.000144628	0.9375	0	2.06612e-05	0.000144628	0.9375	0
	0.344	6.19835e-05	0.000165289	0.9375	0	4.13223e-05	0.000165289	0.9375	0
	0.345	0.000103306	8.26446e-05	0.9375	0	0	8.26446e-05	0.9375	0
	0.346	0	0.00018595	0.9375	0	4.13223e-05	0.00018595	0.9375	0
	0.347	8.26446e-05	0.000123967	0.9375	0	8.26446e-05	0.000123967	0.9375	0
	0.348	2.06612e-05	0.000123967	0.9375	0	6.19835e-05	0.000123967	0.9375	0
	0.349	4.13223e-05	0.000165289	0.9375	0	4.13223e-05	0.000165289	0.9375	0
	0.35	6.19835e-05	0.000123967	0.9375	0	2.06612e-05	0.000123967	0.9375	0
	0.351	2.06612e-05	0.000103306	0.9375	0	4.13223e-05	0.000103306	0.9375	0
	0.352	4.13223e-05	0.000144628	0.9375	0	2.06612e-05	0.000144628	0.9375	0
	0.353	8.26446e-05	4.13223e-05	0.9375	0	8.26446e-05	4.13223e-05	0.9375	0
	0.354	2.06612e-05	6.19835e-05	0.9375	0	8.26446e-05	6.19835e-05	0.9375	0
	0.355	4.13223e-05	0.000144628	0.9375	0	2.06612e-05	0.000144628	0.9375	0
	0.356	4.13223e-05	6.19835e-05	0.9375	0	2.06612e-05	6.19835e-05	0.9375	0
	0.357	4.13223e-05	6.19835e-05	0.9375	0	2.06612e-05	6.19835e-05	0.9375	0
	0.358	8.26446e-05	8.26446e-05	0.9375	0	2.06612e-05	8.26446e-05	0.9375	0
	0.359	4.13223e-05	0.000123967	0.9375	0	4.13223e-05	0.000123967	0.9375	0
	0.36	4.13223e-05	4.13223e-05	0.9375	0	0	4.13223e-05	0.9375	0
	0.361	2.06612e-05	6.19835e-05	0.9375	0	4.13223e-05	6.19835e-05	0.9375	0
	0.362	4.13223e-05	0.000123967	0.9375	0	0	0.000123967	0.9375	0
	0.363	2.06612e-05	8.26446e-05	0.9375	0	6.19835e-05	8.26446e-05	0.9375	0
	0.364	2.06612e-05	0.000165289	0.9375	0	2.06612e-05	0.000165289	0.9375	0
	0.365	2.06612e-05	0.000103306	0.9375	0	2.06612e-05	0.000123967	0.9375	0
	0.366	4.13223e-05	0.000103306	0.9375	0	0	0.000103306	0.9375	0
	0.367	4.13223e-05	0.000123967	0.9375	0	2.06612e-05	0.000103306	0.9375	0
	0.368	2.06612e-05	6.19835e-05	0.9375	0	0	6.19835e-05	0.9375	0
	0.369	2.06612e-05	8.26446e-05	0.9375	0	0	8.26446e-05	0.9375	0
	0.37	0	0.000103306	0.9375	0	0	0.000103306	0.9375	0
	0.371	0	0.000123967	0.9375	0	0	0.000123967	0.9375	0
	0.372	2.06612e-05	8.26446e-05	0.9375	0	2.06612e-05	8.26446e-05	0.9375	0
	0.373	0	4.13223e-05	0.9375	0	0	4.13223e-05	0.9375	0
	0.374	0	8.26446e-05	0.9375	0	0	8.26446e-05	0.9375	0
	0.375	0	8.26446e-05	0.9375	0	0	8.26446e-05	0.9375	0
	0.376	4.13223e-05	0.000144628	0.9375	0	0	0.000144628	0.9375	0
	0.377	0	0.000103306	0.9375	0	0	0.000103306	0.9375	0
	0.378	0	0.000103306	0.9375	0	0	0.000103306	0.9375	0
	0.379	0	8.26446e-05	0.9375	0	0	0.000103306	0.9375	0
	0.38	0	0.000123967	0.9375	0	0	0.000103306	0.9375	0
	0.381	0	6.19835e-05	0.9375	0	0	6.19835e-05	0.9375	0
	0.382	0	0.000103306	0.9375	0	0	0.000103306	0.9375	0
	0.383	0	0.000165289	0.9375	0	0	0.000165289	0.9375	0
	0.384	0	2.06612e-05	0.9375	0	0	2.06612e-05	0.9375	0
	0.385	0	0	0.9375	0	0	0	0.9375	0
	0.386	0	0.000144628	0.9375	0	0	0.000144628	0.9375	0
	0.387	0	8.26446e-05	0.9375	0	0	8.26446e-05	0.9375	0
	0.388	0	0.000144628	0.9375	0	0	0.000144628	0.9375	0
	0.389	0	0.000103306	0.9375	0	0	0.000103306	0.9375	0
	0.39	0	6.19835e-05	0.9375	0	0	6.19835e-05	0.9375	0
	0.391	0	6.19835e-05	0.9375	0	2.06612e-05	6.19835e-05	0.9375	0
	0.392	0	0.000103306	0.9375	0	0	0.000103306	1	0
	0.393	0	8.26446e-05	0.9375	0	0	8.26446e-05	1	0
	0.394	2.06612e-05	4.13223e-05	0.9375	0	0	4.13223e-05	1	0
	0.395	0	0.000103306	1	0	0	0.000103306	1	0
	0.396	0	0.000123967	1	0	0	0.000123967	1	0
	0.397	0	8.26446e-05	1	0	0	8.26446e-05	1	0
	0.398	0	8.26446e-05	1	0	0	8.26446e-05	1	0
	0.399	0	6.19835e-05	1	0	0	6.19835e-05	1	0
	0.4	0	6.19835e-05	1	0	0	6.19835e-05	1	0
	0.401	0	0.000103306	1	0	0	0.000103306	1	0
	0.402	0	0.000144628	1	0	0	0.000144628	1	0
	0.403	0	2.06612e-05	1	0	0	2.06612e-05	1	0
	0.404	0	6.19835e-05	1	0	0	6.19835e-05	1	0
	0.405	0	8.26446e-05	1	0	0	8.26446e-05	1	0
	0.406	0	6.19835e-05	1	0	0	6.19835e-05	1	0
	0.407	0	8.26446e-05	1	0	0	8.26446e-05	1	0
	0.408	0	6.19835e-05	1	0	0	6.19835e-05	1	0
	0.409	0	8.26446e-05	1	0	0	0.000103306	1	0
	0.41	0	0.000144628	1	0	0	0.000123967	1	0
	0.411	0	8.26446e-05	1	0	0	8.26446e-05	1	0
	0.412	0	6.19835e-05	1	0	0	6.19835e-05	1	0
	0.413	0	6.19835e-05	1	0	0	6.19835e-05	1	0
	0.414	0	0	1	0	0	0	1	0
	0.415	0	0.000103306	1	0	0	0.000103306	1	0
	0.416	0	0.000103306	1	0	0	0.000103306	1	0
	0.417	0	2.06612e-05	1	0	0	2.06612e-05	1	0
	0.418	0	4.13223e-05	1	0	0	4.13223e-05	1	0
	0.419	0	2.06612e-05	1	0	0	2.06612e-05	1	0
	0.42	0	0.000103306	1	0	0	0.000103306	1	0
	0.421	0	0.000103306	1	0	0	0.000123967	1	0
	0.422	0	6.19835e-05	1	0	0	6.19835e-05	1	0
	0.423	0	4.13223e-05	1	0	0	2.06612e-05	1	0
	0.424	0	2.06612e-05	1	0	0	2.06612e-05	1	0
	0.425	0	4.13223e-05	1	0	0	4.13223e-05	1	0
	0.426	0	0.000103306	1	0	0	0.000103306	1	0
	0.427	0	6.19835e-05	1	0	0	6.19835e-05	1	0
	0.428	0	0.000103306	1	0	0	0.000103306	1	0
	0.429	0	0.000144628	1	0	0	0.000144628	1	0
	0.43	0	2.06612e-05	1	0	0	2.06612e-05	1	0
	0.431	0	6.19835e-05	1	0	0	6.19835e-05	1	0
	0.432	0	2.06612e-05	1	0	0	2.06612e-05	1	0
	0.433	0	0.000103306	1	0	0	0.000103306	1	0
	0.434	0	2.06612e-05	1	0	0	2.06612e-05	1	0
	0.435	0	8.26446e-05	1	0	0	8.26446e-05	1	0
	0.436	0	6.19835e-05	1	0	0	6.19835e-05	1	0
	0.437	0	0.000103306	1	0	0	0.000103306	1	0
	0.438	0	0	1	0	0	0	1	0
	0.439	0	6.19835e-05	1	0	0	6.19835e-05	1	0
	0.44	0	4.13223e-05	1	0	0	6.19835e-05	1	0
	0.441	0	0.000123967	1	0	0	0.000123967	1	0
	0.442	0	6.19835e-05	1	0	0	6.19835e-05	1	0
	0.443	0	0	1	0	0	0	1	0
	0.444	0	0.000123967	1	0	0	0.000123967	1	0
	0.445	0	8.26446e-05	1	0	0	8.26446e-05	1	0
	0.446	0	8.26446e-05	1	0	0	6.19835e-05	1	0
	0.447	0	0.000123967	1	0	0	0.000123967	1	0
	0.448	0	2.06612e-05	1	0	0	2.06612e-05	1	0
	0.449	0	6.19835e-05	1	0	0	6.19835e-05	1	0
	0.45	0	0.000123967	1	0	0	0.000123967	1	0
	0.451	0	2.06612e-05	1	0	0	2.06612e-05	1	0
	0.452	0	0.000144628	1	0	0	0.000144628	1	0
	0.453	0	2.06612e-05	1	0	0	2.06612e-05	1	0
	0.454	0	6.19835e-05	1	0	0	6.19835e-05	1	0
	0.455	0	4.13223e-05	1	0	0	4.13223e-05	1	0
	0.456	0	0	1	0	0	0	1	0
	0.457	0	8.26446e-05	1	0	0	8.26446e-05	1	0
	0.458	0	4.13223e-05	1	0	0	4.13223e-05	1	0
	0.459	0	8.26446e-05	1	0	0	8.26446e-05	1	0
	0.46	0	6.19835e-05	1	0	0	6.19835e-05	1	0
	0.461	0	2.06612e-05	1	0	0	4.13223e-05	1	0
	0.462	0	6.19835e-05	1	0	0	6.19835e-05	1	0
	0.463	0	6.19835e-05	1	0	0	8.26446e-05	1	0
	0.464	0	8.26446e-05	1	0	0	6.19835e-05	1	0
	0.465	0	4.13223e-05	1	0	0	4.13223e-05	1	0
	0.466	0	2.06612e-05	1	0	0	2.06612e-05	1	0
	0.467	0	6.19835e-05	1	0	0	6.19835e-05	1	0
	0.468	0	2.06612e-05	1	0	0	2.06612e-05	1	0
	0.469	0	0.000103306	1	0	0	8.26446e-05	1	0
	0.47	0	6.19835e-05	1	0	0	6.19835e-05	1	0
	0.471	0	0	1	0	0	0	1	0
	0.472	0	6.19835e-05	1	0	0	6.19835e-05	1	0
	0.473	2.06612e-05	4.13223e-05	1	0	2.06612e-05	4.13223e-05	1	0
	0.474	0	8.26446e-05	0.933333	0	0	8.26446e-05	0.933333	0
	0.475	0	4.13223e-05	0.933333	0	0	4.13223e-05	0.933333	0
	0.476	2.06612e-05	0	0.933333	0	2.06612e-05	0	0.933333	0
	0.477	2.06612e-05	4.13223e-05	0.866667	0	2.06612e-05	4.13223e-05	0.866667	0
	0.478	0	4.13223e-05	0.866667	0	0	4.13223e-05	0.866667	0
	0.479	0	2.06612e-05	0.866667	0	0	2.06612e-05	0.866667	0
	0.48	2.06612e-05	8.26446e-05	0.866667	0	2.06612e-05	8.26446e-05	0.866667	0
	0.481	0	4.13223e-05	0.866667	0	0	4.13223e-05	0.866667	0
	0.482	0	8.26446e-05	0.866667	0	0	0.000103306	0.866667	0
	0.483	2.06612e-05	0.000144628	0.866667	0	2.06612e-05	0.000123967	0.866667	0
	0.484	2.06612e-05	6.19835e-05	0.866667	0	2.06612e-05	6.19835e-05	0.866667	0
	0.485	2.06612e-05	4.13223e-05	0.866667	0	2.06612e-05	4.13223e-05	0.866667	0
	0.486	0	6.19835e-05	0.866667	0	0	6.19835e-05	0.866667	0
	0.487	0	0.000103306	0.866667	0	0	0.000103306	0.866667	0
	0.488	2.06612e-05	4.13223e-05	0.866667	0	2.06612e-05	4.13223e-05	0.866667	0
	0.489	2.06612e-05	0	0.866667	0	2.06612e-05	0	0.866667	0
	0.49	4.13223e-05	4.13223e-05	0.866667	0	4.13223e-05	4.13223e-05	0.866667	0
	0.491	0	2.06612e-05	0.866667	0	0	2.06612e-05	0.866667	0
	0.492	0	6.19835e-05	0.866667	0	0	6.19835e-05	0.866667	0
	0.493	4.13223e-05	8.26446e-05	0.866667	0	4.13223e-05	8.26446e-05	0.866667	0
	0.494	2.06612e-05	2.06612e-05	0.866667	0	2.06612e-05	2.06612e-05	0.866667	0
	0.495	2.06612e-05	0	0.866667	0	2.06612e-05	0	0.866667	0
	0.496	6.19835e-05	0	0.866667	0	6.19835e-05	0	0.866667	0
	0.497	2.06612e-05	2.06612e-05	0.866667	0	2.06612e-05	2.06612e-05	0.866667	0
	0.498	6.19835e-05	4.13223e-05	0.866667	0	6.19835e-05	4.13223e-05	0.866667	0
	0.499	0.000103306	2.06612e-05	0.866667	0	0.000103306	2.06612e-05	0.866667	0
	0.5	4.13223e-05	2.06612e-05	0.866667	0	4.13223e-05	2.06612e-05	0.866667	0
	0.501	8.26446e-05	6.19835e-05	0.866667	0	8.26446e-05	6.19835e-05	0.866667	0
	0.502	6.19835e-05	0	0.866667	0	6.19835e-05	0	0.866667	0
	0.503	2.06612e-05	6.19835e-05	0.866667	0	2.06612e-05	6.19835e-05	0.866667	0
	0.504	8.26446e-05	8.26446e-05	0.866667	0	8.26446e-05	8.26446e-05	0.866667	0
	0.505	6.19835e-05	2.06612e-05	0.866667	0	6.19835e-05	2.06612e-05	0.866667	0
	0.506	8.26446e-05	2.06612e-05	0.866667	0	8.26446e-05	2.06612e-05	0.866667	0
	0.507	0.000123967	4.13223e-05	0.866667	0	0.000123967	4.13223e-05	0.866667	0
	0.508	8.26446e-05	2.06612e-05	0.866667	0	8.26446e-05	2.06612e-05	0.866667	0
	0.509	0.000103306	6.19835e-05	0.866667	0	0.000103306	6.19835e-05	0.866667	0
	0.51	0.000123967	0.000103306	0.866667	0	0.000123967	0.000103306	0.866667	0
	0.511	8.26446e-05	8.26446e-05	0.866667	0	8.26446e-05	8.26446e-05	0.866667	0
	0.512	6.19835e-05	4.13223e-05	0.866667	0	6.19835e-05	4.13223e-05	0.866667	0
	0.513	4.13223e-05	0.000123967	0.866667	0	4.13223e-05	0.000123967	0.866667	0
	0.514	4.13223e-05	4.13223e-05	0.866667	0	4.13223e-05	4.13223e-05	0.866667	0
	0.515	4.13223e-05	4.13223e-05	0.866667	0	4.13223e-05	4.13223e-05	0.866667	0
	0.516	0.000123967	2.06612e-05	0.866667	0	0.000123967	2.06612e-05	0.866667	0
	0.517	6.19835e-05	0	0.866667	0	6.19835e-05	0	0.866667	0
	0.518	8.26446e-05	8.26446e-05	0.866667	0	8.26446e-05	8.26446e-05	0.866667	0
	0.519	0.000123967	4.13223e-05	0.866667	0	0.000123967	4.13223e-05	0.866667	0
	0.52	2.06612e-05	2.06612e-05	0.866667	0	2.06612e-05	2.06612e-05	0.866667	0
	0.521	0.000123967	4.13223e-05	0.866667	0	0.000123967	4.13223e-05	0.866667	0
	0.522	0.000103306	6.19835e-05	0.866667	0	0.000103306	6.19835e-05	0.866667	0
	0.523	8.26446e-05	4.13223e-05	0.866667	0	8.26446e-05	4.13223e-05	0.866667	0
	0.524	0.000144628	6.19835e-05	0.866667	0	0.000144628	6.19835e-05	0.866667	0
	0.525	0.00018595	4.13223e-05	0.866667	0	0.00018595	4.13223e-05	0.866667	0
	0.526	0.000165289	4.13223e-05	0.866667	0	0.000165289	4.13223e-05	0.866667	0
	0.527	2.06612e-05	6.19835e-05	0.866667	0	2.06612e-05	6.19835e-05	0.866667	0
	0.528	2.06612e-05	4.13223e-05	0.866667	0	2.06612e-05	4.13223e-05	0.866667	0
	0.529	8.26446e-05	4.13223e-05	0.866667	0	8.26446e-05	4.13223e-05	0.866667	0
	0.53	8.26446e-05	4.13223e-05	0.866667	0	8.26446e-05	4.13223e-05	0.866667	0
	0.531	4.13223e-05	2.06612e-05	0.866667	0	4.13223e-05	2.06612e-05	0.866667	0
	0.532	8.26446e-05	4.13223e-05	0.866667	0	8.26446e-05	4.13223e-05	0.866667	0
	0.533	4.13223e-05	4.13223e-05	0.866667	0	4.13223e-05	4.13223e-05	0.866667	0
	0.534	2.06612e-05	2.06612e-05	0.866667	0	2.06612e-05	2.06612e-05	0.866667	0
	0.535	4.13223e-05	4.13223e-05	0.866667	0	4.13223e-05	4.13223e-05	0.866667	0
	0.536	2.06612e-05	2.06612e-05	0.866667	0	2.06612e-05	2.06612e-05	0.866667	0
	0.537	4.13223e-05	0.000103306	0.866667	0	4.13223e-05	0.000103306	0.866667	0
	0.538	4.13223e-05	4.13223e-05	0.866667	0	4.13223e-05	4.13223e-05	0.866667	0
	0.539	4.13223e-05	6.19835e-05	0.866667	0	4.13223e-05	6.19835e-05	0.866667	0
	0.54	4.13223e-05	6.19835e-05	0.866667	0	4.13223e-05	6.19835e-05	0.866667	0
	0.541	2.06612e-05	0	0.866667	0	2.06612e-05	0	0.866667	0
	0.542	4.13223e-05	8.26446e-05	0.866667	0	4.13223e-05	8.26446e-05	0.866667	0
	0.543	6.19835e-05	6.19835e-05	0.866667	0	6.19835e-05	6.19835e-05	0.866667	0
	0.544	4.13223e-05	2.06612e-05	0.866667	0	4.13223e-05	2.06612e-05	0.866667	0
	0.545	2.06612e-05	6.19835e-05	0.866667	0	2.06612e-05	6.19835e-05	0.866667	0
	0.546	4.13223e-05	8.26446e-05	0.866667	0	4.13223e-05	8.26446e-05	0.866667	0
	0.547	0	0	0.866667	0	0	0	0.866667	0
	0.548	4.13223e-05	2.06612e-05	0.866667	0	4.13223e-05	2.06612e-05	0.866667	0
	0.549	4.13223e-05	4.13223e-05	0.866667	0	4.13223e-05	4.13223e-05	0.866667	0
	0.55	6.19835e-05	0	0.866667	0	6.19835e-05	0	0.866667	0
	0.551	2.06612e-05	4.13223e-05	0.866667	0	2.06612e-05	4.13223e-05	0.866667	0
	0.552	2.06612e-05	4.13223e-05	0.866667	0	2.06612e-05	4.13223e-05	0.866667	0
	0.553	0	2.06612e-05	0.866667	0	0	2.06612e-05	0.866667	0
	0.554	4.13223e-05	0	0.866667	0	4.13223e-05	0	0.866667	0
	0.555	2.06612e-05	8.26446e-05	0.866667	0	2.06612e-05	8.26446e-05	0.866667	0
	0.556	0	4.13223e-05	0.866667	0	0	4.13223e-05	0.866667	0
	0.557	0	4.13223e-05	0.866667	0	0	4.13223e-05	0.866667	0
	0.558	4.13223e-05	4.13223e-05	0.866667	0	4.13223e-05	4.13223e-05	0.866667	0
	0.559	0	0.000103306	0.866667	0	0	0.000103306	0.866667	0
	0.56	0	8.26446e-05	0.866667	0	0	8.26446e-05	0.866667	0
	0.561	2.06612e-05	4.13223e-05	0.866667	0	2.06612e-05	4.13223e-05	0.866667	0
	0.562	4.13223e-05	0	0.866667	0	4.13223e-05	0	0.866667	0
	0.563	0	0	0.928571	0	0	0	0.928571	0
	0.564	0	2.06612e-05	0.928571	0	0	2.06612e-05	0.928571	0
	0.565	0	6.19835e-05	0.928571	0	0	6.19835e-05	0.928571	0
	0.566	0	4.13223e-05	0.928571	0	0	4.13223e-05	0.928571	0
	0.567	0	2.06612e-05	0.928571	0	0	2.06612e-05	0.928571	0
	0.568	0	0	0.928571	0	0	0	0.928571	0
	0.569	0	8.26446e-05	0.928571	0	0	8.26446e-05	0.928571	0
	0.57	0	2.06612e-05	0.928571	0	0	2.06612e-05	0.928571	0
	0.571	0	4.13223e-05	0.928571	0	0	4.13223e-05	0.928571	0
	0.572	0	0	0.928571	0	0	0	0.928571	0
	0.573	0	4.13223e-05	0.928571	0	0	4.13223e-05	0.928571	0
	0.574	0	8.26446e-05	0.928571	0	0	8.26446e-05	0.928571	0
	0.575	0	4.13223e-05	0.928571	0	0	4.13223e-05	0.928571	0
	0.576	0	0	0.928571	0	0	0	0.928571	0
	0.577	0	2.06612e-05	0.928571	0	0	2.06612e-05	0.928571	0
	0.578	0	8.26446e-05	0.928571	0	0	8.26446e-05	0.928571	0
	0.579	0	6.19835e-05	0.928571	0	0	6.19835e-05	0.928571	0
	0.58	0	2.06612e-05	0.928571	0	0	2.06612e-05	0.928571	0
	0.581	0	0.000103306	0.928571	0	0	0.000103306	0.928571	0
	0.582	0	6.19835e-05	0.928571	0	0	6.19835e-05	0.928571	0
	0.583	0	4.13223e-05	0.928571	0	0	4.13223e-05	0.928571	0
	0.584	2.06612e-05	4.13223e-05	0.928571	0	2.06612e-05	4.13223e-05	0.928571	0
	0.585	2.06612e-05	6.19835e-05	0.857143	0	2.06612e-05	6.19835e-05	0.857143	0
	0.586	0	4.13223e-05	0.857143	0	0	4.13223e-05	0.857143	0
	0.587	4.13223e-05	2.06612e-05	0.857143	0	4.13223e-05	2.06612e-05	0.857143	0
	0.588	2.06612e-05	0	0.923077	0	2.06612e-05	0	0.923077	0
	0.589	0	0.000103306	0.923077	0	0	0.000103306	0.923077	0
	0.59	0	0.000103306	0.923077	0	0	0.000103306	0.923077	0
	0.591	0	4.13223e-05	0.923077	0	0	4.13223e-05	0.923077	0
	0.592	0	6.19835e-05	0.923077	0	0	6.19835e-05	0.923077	0
	0.593	4.13223e-05	2.06612e-05	0.923077	0	4.13223e-05	2.06612e-05	0.923077	0
	0.594	4.13223e-05	6.19835e-05	0.923077	0	4.13223e-05	6.19835e-05	0.923077	0
	0.595	2.06612e-05	6.19835e-05	0.923077	0	2.06612e-05	6.19835e-05	0.923077	0
	0.596	6.19835e-05	8.26446e-05	0.923077	0	6.19835e-05	8.26446e-05	0.923077	0
	0.597	2.06612e-05	4.13223e-05	0.923077	0	2.06612e-05	4.13223e-05	0.923077	0
	0.598	2.06612e-05	4.13223e-05	0.923077	0	2.06612e-05	4.13223e-05	0.923077	0
	0.599	2.06612e-05	6.19835e-05	0.923077	0	2.06612e-05	6.19835e-05	0.923077	0
	0.6	2.06612e-05	2.06612e-05	0.923077	0	2.06612e-05	2.06612e-05	0.923077	0
	0.601	2.06612e-05	6.19835e-05	0.923077	0	2.06612e-05	6.19835e-05	0.923077	0
	0.602	6.19835e-05	4.13223e-05	0.923077	0	6.19835e-05	4.13223e-05	0.923077	0
	0.603	2.06612e-05	6.19835e-05	0.923077	0	2.06612e-05	6.19835e-05	0.923077	0
	0.604	4.13223e-05	0.000103306	0.923077	0	4.13223e-05	0.000103306	0.923077	0
	0.605	6.19835e-05	0.000103306	0.923077	0	6.19835e-05	0.000103306	0.923077	0
	0.606	4.13223e-05	4.13223e-05	0.923077	0	4.13223e-05	4.13223e-05	0.923077	0
	0.607	6.19835e-05	8.26446e-05	0.923077	0	6.19835e-05	8.26446e-05	0.923077	0
	0.608	8.26446e-05	6.19835e-05	0.923077	0	8.26446e-05	6.19835e-05	0.923077	0
	0.609	0.000103306	8.26446e-05	0.923077	0	0.000103306	8.26446e-05	0.923077	0
	0.61	4.13223e-05	8.26446e-05	0.923077	0	4.13223e-05	8.26446e-05	0.923077	0
	0.611	2.06612e-05	6.19835e-05	0.923077	0	2.06612e-05	6.19835e-05	0.923077	0
	0.612	6.19835e-05	0	0.923077	0	6.19835e-05	0	0.923077	0
	0.613	2.06612e-05	0.00018595	0.923077	0	2.06612e-05	0.00018595	0.923077	0
	0.614	8.26446e-05	8.26446e-05	0.923077	0	8.26446e-05	8.26446e-05	0.923077	0
	0.615	2.06612e-05	6.19835e-05	0.923077	0	2.06612e-05	6.19835e-05	0.923077	0
	0.616	4.13223e-05	6.19835e-05	0.923077	0	4.13223e-05	6.19835e-05	0.923077	0
	0.617	8.26446e-05	8.26446e-05	0.923077	0	8.26446e-05	0.000103306	0.923077	0
	0.618	6.19835e-05	8.26446e-05	0.923077	0	6.19835e-05	6.19835e-05	0.923077	0
	0.619	4.13223e-05	4.13223e-05	0.923077	0	4.13223e-05	4.13223e-05	0.923077	0
	0.62	2.06612e-05	2.06612e-05	0.923077	0	2.06612e-05	2.06612e-05	0.923077	0
	0.621	0.000103306	6.19835e-05	0.923077	0	0.000103306	6.19835e-05	0.923077	0
	0.622	6.19835e-05	8.26446e-05	0.923077	0	6.19835e-05	8.26446e-05	0.923077	0
	0.623	2.06612e-05	4.13223e-05	0.923077	0	2.06612e-05	4.13223e-05	0.923077	0
	0.624	0	8.26446e-05	0.923077	0	0	8.26446e-05	0.923077	0
	0.625	4.13223e-05	8.26446e-05	0.923077	0	4.13223e-05	8.26446e-05	0.923077	0
	0.626	4.13223e-05	0.000123967	0.923077	0	4.13223e-05	0.000123967	0.923077	0
	0.627	6.19835e-05	8.26446e-05	0.923077	0	6.19835e-05	8.26446e-05	0.923077	0
	0.628	6.19835e-05	4.13223e-05	0.923077	0	6.19835e-05	4.13223e-05	0.923077	0
	0.629	4.13223e-05	8.26446e-05	0.923077	0	4.13223e-05	8.26446e-05	0.923077	0
	0.63	2.06612e-05	8.26446e-05	0.923077	0	2.06612e-05	8.26446e-05	0.923077	0
	0.631	4.13223e-05	8.26446e-05	0.923077	0	4.13223e-05	8.26446e-05	0.923077	0
	0.632	2.06612e-05	0.000123967	0.923077	0	2.06612e-05	0.000123967	0.923077	0
	0.633	2.06612e-05	8.26446e-05	0.923077	0	2.06612e-05	8.26446e-05	0.923077	0
	0.634	2.06612e-05	4.13223e-05	0.923077	0	2.06612e-05	4.13223e-05	0.923077	0
	0.635	4.13223e-05	0.000165289	0.923077	0	4.13223e-05	0.000165289	0.923077	0
	0.636	2.06612e-05	4.13223e-05	0.923077	0	2.06612e-05	4.13223e-05	0.923077	0
	0.637	4.13223e-05	8.26446e-05	0.923077	0	4.13223e-05	8.26446e-05	0.923077	0
	0.638	0	0	0.923077	0	0	0	0.923077	0
	0.639	0	6.19835e-05	0.923077	0	0	6.19835e-05	0.923077	0
	0.64	2.06612e-05	8.26446e-05	0.923077	0	2.06612e-05	8.26446e-05	0.923077	0
	0.641	0	4.13223e-05	0.923077	0	0	4.13223e-05	0.923077	0
	0.642	0	8.26446e-05	0.923077	0	0	8.26446e-05	0.923077	0
	0.643	0	4.13223e-05	0.923077	0	0	4.13223e-05	0.923077	0
	0.644	2.06612e-05	2.06612e-05	0.923077	0	2.06612e-05	2.06612e-05	0.923077	0
	0.645	2.06612e-05	4.13223e-05	0.923077	0	2.06612e-05	4.13223e-05	0.923077	0
	0.646	4.13223e-05	2.06612e-05	0.923077	0	4.13223e-05	2.06612e-05	0.923077	0
	0.647	0	2.06612e-05	0.916667	0	0	2.06612e-05	0.916667	0
	0.648	2.06612e-05	8.26446e-05	0.916667	0	2.06612e-05	8.26446e-05	0.916667	0
	0.649	0	8.26446e-05	0.916667	0	0	8.26446e-05	0.916667	0
	0.65	0	2.06612e-05	0.916667	0	0	2.06612e-05	0.916667	0
	0.651	0	6.19835e-05	0.916667	0	0	6.19835e-05	0.916667	0
	0.652	0	6.19835e-05	0.916667	0	0	6.19835e-05	0.916667	0
	0.653	2.06612e-05	0.000123967	0.916667	0	2.06612e-05	0.000123967	0.916667	0
	0.654	4.13223e-05	8.26446e-05	0.916667	0	4.13223e-05	8.26446e-05	0.916667	0
	0.655	6.19835e-05	6.19835e-05	0.916667	0	6.19835e-05	6.19835e-05	0.916667	0
	0.656	0	4.13223e-05	0.916667	0	0	4.13223e-05	0.916667	0
	0.657	0	6.19835e-05	0.916667	0	0	6.19835e-05	0.916667	0
	0.658	2.06612e-05	4.13223e-05	0.916667	0	2.06612e-05	4.13223e-05	0.916667	0
	0.659	0	4.13223e-05	0.916667	0	0	4.13223e-05	0.916667	0
	0.66	6.19835e-05	4.13223e-05	0.916667	0	6.19835e-05	4.13223e-05	0.916667	0
	0.661	0.000123967	4.13223e-05	0.916667	0	0.000123967	4.13223e-05	0.916667	0
	0.662	2.06612e-05	6.19835e-05	0.916667	0	2.06612e-05	6.19835e-05	0.916667	0
	0.663	0	0	0.916667	0	0	0	0.916667	0
	0.664	6.19835e-05	2.06612e-05	0.916667	0	6.19835e-05	2.06612e-05	0.916667	0
	0.665	2.06612e-05	6.19835e-05	0.916667	0	2.06612e-05	6.19835e-05	0.916667	0
	0.666	0	2.06612e-05	0.916667	0	0	2.06612e-05	0.916667	0
	0.667	0	2.06612e-05	0.916667	0	0	2.06612e-05	0.916667	0
	0.668	4.13223e-05	4.13223e-05	0.916667	0	4.13223e-05	4.13223e-05	0.916667	0
	0.669	2.06612e-05	4.13223e-05	0.916667	0	2.06612e-05	4.13223e-05	0.916667	0
	0.67	4.13223e-05	6.19835e-05	0.916667	0	4.13223e-05	6.19835e-05	0.916667	0
	0.671	4.13223e-05	4.13223e-05	0.916667	0	4.13223e-05	4.13223e-05	0.916667	0
	0.672	0	4.13223e-05	0.916667	0	0	4.13223e-05	0.916667	0
	0.673	2.06612e-05	0.000103306	0.916667	0	2.06612e-05	0.000103306	0.916667	0
	0.674	4.13223e-05	0.000123967	0.916667	0	4.13223e-05	0.000123967	0.916667	0
	0.675	4.13223e-05	4.13223e-05	0.916667	0	4.13223e-05	4.13223e-05	0.916667	0
	0.676	6.19835e-05	0.000123967	0.916667	0	6.19835e-05	0.000123967	0.916667	0
	0.677	0.000103306	4.13223e-05	0.916667	0	0.000103306	4.13223e-05	0.916667	0
	0.678	0	8.26446e-05	0.916667	0	0	8.26446e-05	0.916667	0
	0.679	8.26446e-05	4.13223e-05	0.916667	0	8.26446e-05	4.13223e-05	0.916667	0
	0.68	8.26446e-05	0.000144628	0.916667	0	8.26446e-05	0.000144628	0.916667	0
	0.681	6.19835e-05	4.13223e-05	0.916667	0	6.19835e-05	4.13223e-05	0.916667	0
	0.682	8.26446e-05	0.000165289	0.916667	0	8.26446e-05	0.000165289	0.916667	0
	0.683	0.000123967	0.000103306	0.916667	0	0.000123967	0.000103306	0.916667	0
	0.684	2.06612e-05	6.19835e-05	0.916667	0	2.06612e-05	6.19835e-05	0.916667	0
	0.685	4.13223e-05	2.06612e-05	0.916667	0	4.13223e-05	2.06612e-05	0.916667	0
	0.686	2.06612e-05	0.000144628	0.916667	0	2.06612e-05	0.000144628	0.916667	0
	0.687	8.26446e-05	0.000144628	0.916667	0	8.26446e-05	0.000144628	0.916667	0
	0.688	2.06612e-05	0.000103306	0.916667	0	2.06612e-05	0.000103306	0.916667	0
	0.689	6.19835e-05	0.000165289	0.916667	0	6.19835e-05	0.000165289	0.916667	0
	0.69	2.06612e-05	8.26446e-05	0.916667	0	2.06612e-05	8.26446e-05	0.916667	0
	0.691	0.000144628	0.000103306	0.916667	0	0.000144628	0.000103306	0.916667	0
	0.692	4.13223e-05	0.000289256	0.916667	0	4.13223e-05	0.000289256	0.916667	0
	0.693	4.13223e-05	8.26446e-05	0.916667	0	4.13223e-05	8.26446e-05	0.916667	0
	0.694	4.13223e-05	8.26446e-05	0.916667	0	4.13223e-05	8.26446e-05	0.916667	0
	0.695	0.000103306	0.000103306	0.916667	0	0.000103306	0.000103306	0.916667	0
	0.696	0	0.000165289	0.916667	0	0	0.000165289	0.916667	0
	0.697	0	8.26446e-05	0.916667	0	0	8.26446e-05	0.916667	0
	0.698	2.06612e-05	0.000165289	0.916667	0	2.06612e-05	0.000165289	0.916667	0
	0.699	2.06612e-05	0.000103306	0.916667	0	2.06612e-05	0.000103306	0.916667	0
	0.7	2.06612e-05	0.000206612	0.916667	0	2.06612e-05	0.000206612	0.916667	0
	0.701	0	0.000268595	0.916667	0	0	0.000268595	0.916667	0
	0.702	0	0.000206612	0.916667	0	0	0.000206612	0.916667	0
	0.703	0	0.000227273	0.916667	0	0	0.000227273	0.916667	0
	0.704	0	0.000123967	0.916667	0	0	0.000123967	0.916667	0
	0.705	0	0.000144628	0.916667	0	0	0.000144628	0.916667	0
	0.706	0	0.000268595	0.916667	0	0	0.000268595	0.916667	0
	0.707	0	0.000123967	0.916667	0	0	0.000123967	0.916667	0
	0.708	0	0.00018595	0.916667	0	0	0.00018595	0.916667	0
	0.709	0	0.000103306	0.916667	0	0	0.000103306	0.916667	0
	0.71	0	0.00018595	0.916667	0	0	0.00018595	0.916667	0
	0.711	0	0.000123967	0.916667	0	0	0.000123967	0.916667	0
	0.712	0	0.000144628	0.916667	0	0	0.000144628	0.916667	0
	0.713	0	0.00018595	0.916667	0	0	0.00018595	0.916667	0
	0.714	2.06612e-05	0.000103306	0.916667	0	2.06612e-05	0.000103306	0.916667	0
	0.715	0	6.19835e-05	0.916667	0	0	6.19835e-05	0.916667	0
	0.716	2.06612e-05	8.26446e-05	0.916667	0	2.06612e-05	8.26446e-05	0.916667	0
	0.717	0	4.13223e-05	1	0	0	4.13223e-05	1	0
	0.718	0	0.000165289	1	0	0	0.000165289	1	0
	0.719	0	8.26446e-05	1	0	0	8.26446e-05	1	0
	0.72	0	6.19835e-05	1	0	0	6.19835e-05	1	0
	0.721	0	0.000103306	1	0	0	0.000103306	1	0
	0.722	0	8.26446e-05	1	0	0	8.26446e-05	1	0
	0.723	0	8.26446e-05	1	0	0	8.26446e-05	1	0
	0.724	0	4.13223e-05	1	0	0	4.13223e-05	1	0
	0.725	0	0.000165289	1	0	0	0.000165289	1	0
	0.726	0	0	1	0	0	0	1	0
	0.727	0	2.06612e-05	1	0	0	2.06612e-05	1	0
	0.728	0	4.13223e-05	1	0	0	4.13223e-05	1	0
	0.729	0	0	1	0	0	0	1	0
	0.73	0	2.06612e-05	1	0	0	2.06612e-05	1	0
	0.731	0	4.13223e-05	1	0	0	4.13223e-05	1	0
	0.732	0	4.13223e-05	1	0	0	4.13223e-05	1	0
	0.733	0	4.13223e-05	1	0	0	4.13223e-05	1	0
	0.734	0	4.13223e-05	1	0	0	4.13223e-05	1	0
	0.735	0	4.13223e-05	1	0	0	4.13223e-05	1	0
	0.736	0	6.19835e-05	1	0	0	6.19835e-05	1	0
	0.737	0	0	1	0	0	0	1	0
	0.738	0	2.06612e-05	1	0	0	2.06612e-05	1	0
	0.739	0	2.06612e-05	1	0	0	2.06612e-05	1	0
	0.74	0	2.06612e-05	1	0	0	2.06612e-05	1	0
	0.741	0	2.06612e-05	1	0	0	2.06612e-05	1	0
	0.742	0	0	1	0	0	0	1	0
	0.743	0	2.06612e-05	1	0	0	2.06612e-05	1	0
	0.744	0	2.06612e-05	1	0	0	2.06612e-05	1	0
	0.745	0	0	1	0	0	0	1	0
	0.746	0	2.06612e-05	1	0	0	2.06612e-05	1	0
	0.747	0	0	1	0	0	0	1	0
	0.748	0	0	1	0	0	0	1	0
	0.749	0	0	1	0	0	0	1	0
	0.75	0	0	1	0	0	0	1	0
	0.751	0	0	1	0	0	0	1	0
	0.752	0	0	1	0	0	0	1	0
	0.753	0	0	1	0	0	0	1	0
	0.754	2.06612e-05	0	1	0	2.06612e-05	0	1	0
	0.755	0	0	0.909091	0	0	0	0.909091	0
	0.756	0	2.06612e-05	0.909091	0	0	2.06612e-05	0.909091	0
	0.757	2.06612e-05	0	0.909091	0	2.06612e-05	0	0.909091	0
	0.758	0	0	0.909091	0	0	0	0.909091	0
	0.759	2.06612e-05	0	0.909091	0	2.06612e-05	0	0.909091	0
	0.76	2.06612e-05	0	0.909091	0	2.06612e-05	0	0.909091	0
	0.761	4.13223e-05	0	0.909091	0	4.13223e-05	0	0.909091	0
	0.762	2.06612e-05	0	0.909091	0	2.06612e-05	0	0.909091	0
	0.763	2.06612e-05	0	0.909091	0	2.06612e-05	0	0.909091	0
	0.764	4.13223e-05	0	0.909091	0	4.13223e-05	0	0.909091	0
	0.765	4.13223e-05	0	0.909091	0	4.13223e-05	0	0.909091	0
	0.766	2.06612e-05	0	0.909091	0	2.06612e-05	0	0.909091	0
	0.767	4.13223e-05	0	0.909091	0	4.13223e-05	0	0.909091	0
	0.768	6.19835e-05	0	0.909091	0	6.19835e-05	0	0.909091	0
	0.769	2.06612e-05	0	0.909091	0	2.06612e-05	0	0.909091	0
	0.77	4.13223e-05	0	0.909091	0	4.13223e-05	0	0.909091	0
	0.771	6.19835e-05	0	0.909091	0	6.19835e-05	0	0.909091	0
	0.772	6.19835e-05	0	0.909091	0	6.19835e-05	0	0.909091	0
	0.773	2.06612e-05	0	0.909091	0	2.06612e-05	0	0.909091	0
	0.774	6.19835e-05	0	0.909091	0	6.19835e-05	0	0.909091	0
	0.775	4.13223e-05	0	0.909091	0	4.13223e-05	0	0.909091	0
	0.776	4.13223e-05	0	0.909091	0	4.13223e-05	0	0.909091	0
	0.777	4.13223e-05	0	0.909091	0	4.13223e-05	0	0.909091	0
	0.778	8.26446e-05	0	0.909091	0	8.26446e-05	0	0.909091	0
	0.779	2.06612e-05	0	0.909091	0	2.06612e-05	0	0.909091	0
	0.78	2.06612e-05	2.06612e-05	0.909091	0	2.06612e-05	2.06612e-05	0.909091	0
	0.781	0.000103306	0	0.909091	0	0.000103306	0	0.909091	0
	0.782	6.19835e-05	2.06612e-05	0.909091	0	6.19835e-05	2.06612e-05	0.909091	0
	0.783	8.26446e-05	0	0.818182	0	8.26446e-05	0	0.818182	0
	0.784	0.000123967	2.06612e-05	0.818182	0	0.000123967	2.06612e-05	0.818182	0
	0.785	4.13223e-05	2.06612e-05	0.818182	0	4.13223e-05	2.06612e-05	0.818182	0
	0.786	8.26446e-05	0	0.818182	0	8.26446e-05	0	0.818182	0
	0.787	4.13223e-05	0	0.727273	0	4.13223e-05	0	0.727273	0
	0.788	8.26446e-05	0	0.727273	0	8.26446e-05	0	0.727273	0
	0.789	4.13223e-05	0	0.727273	0	4.13223e-05	0	0.727273	0
	0.79	0.000103306	2.06612e-05	0.636364	0	0.000103306	2.06612e-05	0.636364	0
	0.791	4.13223e-05	0	0.636364	0	4.13223e-05	0	0.636364	0
	0.792	6.19835e-05	0	0.636364	0	6.19835e-05	0	0.636364	0
	0.793	6.19835e-05	0	0.636364	0	6.19835e-05	0	0.636364	0
	0.794	6.19835e-05	0	0.636364	0	6.19835e-05	0	0.636364	0
	0.795	4.13223e-05	0	0.636364	0	4.13223e-05	0	0.636364	0
	0.796	0.000123967	0	0.636364	0	0.000123967	0	0.636364	0
	0.797	8.26446e-05	0	0.636364	0	8.26446e-05	0	0.636364	0
	0.798	6.19835e-05	0	0.636364	0	6.19835e-05	0	0.636364	0
	0.799	0.000103306	2.06612e-05	0.636364	0	0.000103306	2.06612e-05	0.636364	0
	0.8	6.19835e-05	0	0.636364	0	6.19835e-05	0	0.636364	0
	0.801	4.13223e-05	0	0.636364	0	4.13223e-05	0	0.636364	0
	0.802	4.13223e-05	0	0.636364	0	4.13223e-05	0	0.636364	0
	0.803	0.000123967	0	0.636364	0	0.000123967	0	0.636364	0
	0.804	0.000227273	0	0.636364	0	0.000227273	0	0.636364	0
	0.805	0	0	0.636364	0	0	0	0.636364	0
	0.806	0.000144628	0	0.636364	0	0.000144628	0	0.636364	0
	0.807	8.26446e-05	0	0.636364	0	8.26446e-05	0	0.636364	0
	0.808	0.00018595	0	0.636364	0	0.00018595	0	0.636364	0
	0.809	0.000309917	4.13223e-05	0.636364	0	0.000309917	4.13223e-05	0.636364	0
	0.81	0.000165289	0	0.636364	0	0.000165289	0	0.636364	0
	0.811	0.000144628	2.06612e-05	0.7	0	0.000144628	2.06612e-05	0.7	0
	0.812	0.00018595	0	0.7	0	0.00018595	0	0.7	0
	0.813	0.000103306	0	0.7	0	0.000103306	0	0.7	0
	0.814	0.000206612	0	0.7	0	0.000206612	0	0.7	0
	0.815	0.000206612	0	0.7	0	0.000206612	0	0.7	0
	0.816	0.000165289	0	0.7	0	0.000165289	0	0.7	0
	0.817	0.000165289	0	0.7	0	0.000165289	0	0.7	0
	0.818	0.000227273	0	0.7	0	0.000227273	0	0.7	0
	0.819	0.000103306	0	0.7	0	0.000103306	0	0.7	0
	0.82	0.000227273	0	0.7	0	0.000227273	0	0.7	0
	0.821	0.00018595	0	0.7	0	0.00018595	0	0.7	0
	0.822	0.000227273	2.06612e-05	0.7	0	0.000227273	2.06612e-05	0.7	0
	0.823	0.00018595	0	0.7	0	0.00018595	0	0.7	0
	0.824	0.000206612	0	0.7	0	0.000206612	0	0.7	0
	0.825	0.000144628	0	0.7	0	0.000144628	0	0.7	0
	0.826	0.000227273	0	0.7	0	0.000227273	0	0.7	0
	0.827	0.000144628	0	0.7	0	0.000144628	0	0.7	0
	0.828	8.26446e-05	0	0.7	0	8.26446e-05	0	0.7	0
	0.829	4.13223e-05	0	0.7	0	4.13223e-05	0	0.7	0
	0.83	0.000227273	0	0.7	0	0.000227273	0	0.7	0
	0.831	0.000206612	2.06612e-05	0.7	0	0.000206612	2.06612e-05	0.7	0
	0.832	0.000165289	0	0.7	0	0.000165289	0	0.7	0
	0.833	0.000103306	2.06612e-05	0.7	0	0.000103306	2.06612e-05	0.7	0
	0.834	8.26446e-05	0	0.7	0	8.26446e-05	0	0.7	0
	0.835	0.000103306	0	0.7	0	0.000103306	0	0.7	0
	0.836	4.13223e-05	0	0.7	0	4.13223e-05	0	0.7	0
	0.837	0.000103306	2.06612e-05	0.7	0	0.000103306	2.06612e-05	0.7	0
	0.838	4.13223e-05	0	0.7	0	4.13223e-05	0	0.7	0
	0.839	6.19835e-05	0	0.7	0	6.19835e-05	0	0.7	0
	0.84	8.26446e-05	0	0.7	0	8.26446e-05	0	0.7	0
	0.841	2.06612e-05	0	0.7	0	2.06612e-05	0	0.7	0
	0.842	0	0	0.7	0	0	0	0.7	0
	0.843	2.06612e-05	0	0.7	0	2.06612e-05	0	0.7	0
	0.844	6.19835e-05	2.06612e-05	0.7	0	6.19835e-05	2.06612e-05	0.7	0
	0.845	2.06612e-05	0	0.777778	0	2.06612e-05	0	0.777778	0
	0.846	0	0	0.777778	0	0	0	0.777778	0
	0.847	2.06612e-05	0	0.777778	0	2.06612e-05	0	0.777778	0
	0.848	0	0	0.777778	0	0	0	0.777778	0
	0.849	0	0	0.777778	0	0	0	0.777778	0
	0.85	0	0	0.777778	0	0	0	0.777778	0
	0.851	2.06612e-05	0	0.777778	0	2.06612e-05	0	0.777778	0
	0.852	2.06612e-05	0	0.875	0	2.06612e-05	0	0.875	0
	0.853	0	0	1	0	0	0	1	0
	0.854	0	0	1	0	0	0	1	0
	0.855	0	2.06612e-05	1	0	0	2.06612e-05	1	0
	0.856	0	0	1	0	0	0	1	0
	0.857	0	0	1	0	0	0	1	0
	0.858	0	0	1	0	0	0	1	0
	0.859	0	0	1	0	0	0	1	0
	0.86	0	0	1	0	0	0	1	0
	0.861	0	0	1	0	0	0	1	0
	0.862	0	0	1	0	0	0	1	0
	0.863	0	0	1	0	0	0	1	0
	0.864	0	0	1	0	0	0	1	0
	0.865	0	0	1	0	0	0	1	0
	0.866	0	0	1	0	0	0	1	0
	0.867	0	0	1	0	0	0	1	0
	0.868	0	0	1	0	0	0	1	0
	0.869	0	0	1	0	0	0	1	0
	0.87	0	0	1	0	0	0	1	0
	0.871	0	0	1	0	0	0	1	0
	0.872	0	2.06612e-05	1	0	0	2.06612e-05	1	0
	0.873	0	2.06612e-05	1	0	0	2.06612e-05	1	0
	0.874	0	0	1	0	0	0	1	0
	0.875	0	0	1	0	0	0	1	0
	0.876	0	0	1	0	0	0	1	0
	0.877	0	0	1	0	0	0	1	0
	0.878	0	0	1	0	0	0	1	0
	0.879	0	0	1	0	0	0	1	0
	0.88	0	0	1	0	0	0	1	0
	0.881	0	0	1	0	0	0	1	0
	0.882	0	0	1	0	0	0	1	0
	0.883	0	0	1	0	0	0	1	0
	0.884	0	0	1	0	0	0	1	0
	0.885	0	2.06612e-05	1	0	0	2.06612e-05	1	0
	0.886	0	2.06612e-05	1	0	0	2.06612e-05	1	0
	0.887	0	0	1	0	0	0	1	0
	0.888	0	2.06612e-05	1	0	0	2.06612e-05	1	0
	0.889	0	0	1	0	0	0	1	0
	0.89	0	0	1	0	0	0	1	0
	0.891	0	0	1	0	0	0	1	0
	0.892	0	0	1	0	0	0	1	0
	0.893	0	0	1	0	0	0	1	0
	0.894	0	0	1	0	0	0	1	0
	0.895	0	0	1	0	0	0	1	0
	0.896	0	0	1	0	0	0	1	0
	0.897	0	0	1	0	0	0	1	0
	0.898	0	0	1	0	0	0	1	0
	0.899	0	0	1	0	0	0	1	0
	0.9	0	0	1	0	0	0	1	0
	0.901	0	0	1	0	0	0	1	0
	0.902	0	0	1	0	0	0	1	0
	0.903	0	0	1	0	0	0	1	0
	0.904	0	0	1	0	0	0	1	0
	0.905	0	0	1	0	0	0	1	0
	0.906	0	0	1	0	0	0	1	0
	0.907	0	0	1	0	0	0	1	0
	0.908	0	0	1	0	0	0	1	0
	0.909	0	0	1	0	0	0	1	0
	0.91	0	0	1	0	0	0	1	0
	0.911	0	0	1	0	0	0	1	0
	0.912	0	0	1	0	0	0	1	0
	0.913	0	0	1	0	0	0	1	0
	0.914	0	0	1	0	0	0	1	0
	0.915	0	0	1	0	0	0	1	0
	0.916	0	0	1	0	0	0	1	0
	0.917	0	0	1	0	0	0	1	0
	0.918	0	0	1	0	0	0	1	0
	0.919	0	0	1	0	0	0	1	0
	0.92	0	0	1	0	0	0	1	0
	0.921	0	2.06612e-05	1	0	0	2.06612e-05	1	0
	0.922	0	0	1	0	0	0	1	0
	0.923	0	0	1	0	0	0	1	0
	0.924	0	0	1	0	0	0	1	0
	0.925	0	0	1	0	0	0	1	0
	0.926	0	0	1	0	0	0	1	0
	0.927	0	0	1	0	0	0	1	0
	0.928	0	0	1	0	0	0	1	0
	0.929	0	0	1	0	0	0	1	0
	0.93	0	0	1	0	0	0	1	0
	0.931	0	0	1	0	0	0	1	0
	0.932	0	0	1	0	0	0	1	0
	0.933	0	0	1	0	0	0	1	0
	0.934	0	0	1	0	0	0	1	0
	0.935	0	0	1	0	0	0	1	0
	0.936	0	0	1	0	0	0	1	0
	0.937	2.06612e-05	0	1	0	2.06612e-05	0	1	0
	0.938	0	0	0.857143	0	0	0	0.857143	0
	0.939	0	0	0.857143	0	0	0	0.857143	0
	0.94	0	0	0.857143	0	0	0	0.857143	0
	0.941	2.06612e-05	0	0.857143	0	2.06612e-05	0	0.857143	0
	0.942	0	0	0.857143	0	0	0	0.857143	0
	0.943	2.06612e-05	0	0.857143	0	2.06612e-05	0	0.857143	0
	0.944	4.13223e-05	0	0.857143	0	4.13223e-05	0	0.857143	0
	0.945	8.26446e-05	0	0.857143	0	8.26446e-05	0	0.857143	0
	0.946	2.06612e-05	0	0.857143	0	2.06612e-05	0	0.857143	0
	0.947	4.13223e-05	0	0.857143	0	4.13223e-05	0	0.857143	0
	0.948	8.26446e-05	0	0.857143	0	8.26446e-05	0	0.857143	0
	0.949	8.26446e-05	0	0.857143	0	8.26446e-05	0	0.857143	0
	0.95	4.13223e-05	0	0.857143	0	4.13223e-05	0	0.857143	0
	0.951	6.19835e-05	0	0.857143	0	6.19835e-05	0	0.857143	0
	0.952	0	0	0.857143	0	0	0	0.857143	0
	0.953	0.000144628	0	0.857143	0	0.000144628	0	0.857143	0
	0.954	0.000123967	0	0.714286	0	0.000123967	0	0.714286	0
	0.955	0.000227273	0	0.714286	0	0.000227273	0	0.714286	0
	0.956	0.000144628	0	0.714286	0	0.000144628	0	0.714286	0
	0.957	0.000144628	0	0.714286	0	0.000144628	0	0.714286	0
	0.958	0.000165289	0	0.714286	0	0.000165289	0	0.714286	0
	0.959	8.26446e-05	0	0.714286	0	8.26446e-05	0	0.714286	0
	0.96	0.000227273	0	0.714286	0	0.000227273	0	0.714286	0
	0.961	0.000123967	0	0.714286	0	0.000123967	0	0.714286	0
	0.962	0.000144628	0	0.714286	0	0.000144628	0	0.714286	0
	0.963	0.000206612	0	0.714286	0	0.000206612	0	0.714286	0
	0.964	0.000206612	0	0.714286	0	0.000206612	0	0.714286	0
	0.965	0.00018595	0	0.714286	0	0.00018595	0	0.714286	0
	0.966	0.000206612	0	0.714286	0	0.000206612	0	0.714286	0
	0.967	0.000165289	0	0.714286	0	0.000165289	0	0.714286	0
	0.968	0.00018595	0	0.714286	0	0.00018595	0	0.714286	0
	0.969	0.000268595	0	0.714286	0	0.000268595	0	0.714286	0
	0.97	0.000144628	0	0.714286	0	0.000144628	0	0.714286	0
	0.971	8.26446e-05	0	0.833333	0	8.26446e-05	0	0.833333	0
	0.972	0.000123967	0	0.833333	0	0.000123967	0	0.833333	0
	0.973	0.000103306	0	0.833333	0	0.000103306	0	0.833333	0
	0.974	4.13223e-05	0	0.833333	0	4.13223e-05	0	0.833333	0
	0.975	6.19835e-05	0	0.833333	0	6.19835e-05	0	0.833333	0
	0.976	6.19835e-05	0	0.666667	0	6.19835e-05	0	0.666667	0
	0.977	2.06612e-05	0	0.666667	0	2.06612e-05	0	0.666667	0
	0.978	0	0	0.666667	0	0	0	0.666667	0
	0.979	4.13223e-05	0	0.666667	0	4.13223e-05	0	0.666667	0
	0.98	2.06612e-05	2.06612e-05	0.666667	0	2.06612e-05	2.06612e-05	0.666667	0
	0.981	8.26446e-05	0	0.666667	0	8.26446e-05	0	0.666667	0
	0.982	0.000123967	0	0.666667	0	0.000123967	0	0.666667	0
	0.983	8.26446e-05	0	0.8	0	8.26446e-05	0	0.8	0
	0.984	0.000227273	0	0.6	0	0.000227273	0	0.6	0
	0.985	0.000206612	0	0.6	0	0.000206612	0	0.6	0
	0.986	0.000268595	0	0.6	0	0.000268595	0	0.6	0
	0.987	0.000165289	0	0.6	0	0.000165289	0	0.6	0
	0.988	0.000371901	0	0.6	0	0.000371901	0	0.6	0
	0.989	0.000309917	2.06612e-05	0.6	0	0.000309917	2.06612e-05	0.6	0
	0.99	0.000289256	0	0.6	0	0.000289256	0	0.6	0
	0.991	0.000330579	0	0.6	0	0.000330579	0	0.6	0
	0.992	0.000268595	0	0.6	0	0.000268595	0	0.6	0
	0.993	0.000392562	0	0.6	0	0.000392562	0	0.6	0
	0.994	0.000454545	0	0.75	0	0.000454545	0	0.75	0
	0.995	0.000289256	0	0.75	0	0.000289256	0	0.75	0
	0.996	0.000289256	0	0.5	0	0.000289256	0	0.5	0
	0.997	0.000516529	0	0.5	0	0.000516529	0	0.5	0
	0.998	0.000640496	0	0.5	0	0.000640496	0	0.5	0
	0.999	0.000495868	0	0.666667	0	0.000495868	0	0.666667	0
	1	0.00448347	0.000123967	0.666667	0	0.00448347	0.000123967	0.666667	0


#	yrange	sparsity	# links	zeta	support at cross	fraction FP	support at cross2	fraction FP2
	0	0.0289256	14	0.0302204	0.921	0.0128571	0.921	0.0128571
	1	0.0289256	14	0.0302204	0.921	0.0128571	0.921	0.0128571
