#	Frequencies and overlap
#	bins	MYC	shuffle	overlap_MYC	overlap_shuffle	SIGN_MYC	SIGNshuffle	SIGNoverlap_MYC	SIGNoverlap_shuffle
	0	0.37188	0.13686	1	1	0.811963	0.686736	0.630435	0
	0.001	0.0470868	0.0420248	0.647368	0.165289	0.0134917	0.0140909	0.5	0
	0.002	0.027314	0.0306612	0.682635	0.088843	0.00659091	0.0100413	0.603604	0
	0.003	0.0221901	0.0244215	0.697452	0.0702479	0.00504132	0.00739669	0.637255	0
	0.004	0.0187397	0.0215496	0.692308	0.0557851	0.00446281	0.00729339	0.649485	0
	0.005	0.0167149	0.0184091	0.686207	0.053719	0.00429752	0.0057438	0.655914	0
	0.006	0.015124	0.0182851	0.684211	0.0516529	0.00409091	0.00504132	0.659341	0
	0.007	0.0130165	0.0171074	0.67029	0.0475207	0.0031405	0.00427686	0.674157	0
	0.008	0.0124587	0.0148347	0.67037	0.0454545	0.00336777	0.00423554	0.674419	0
	0.009	0.0125	0.0134091	0.675472	0.0433884	0.00260331	0.00359504	0.707317	0
	0.01	0.0112603	0.0136364	0.69685	0.0433884	0.00266529	0.00336777	0.707317	0
	0.011	0.00964876	0.0116529	0.709677	0.0413223	0.00188017	0.00301653	0.730769	0
	0.012	0.00995868	0.0115909	0.704453	0.0413223	0.00214876	0.00297521	0.717949	0
	0.013	0.00791322	0.011157	0.702479	0.0413223	0.00167355	0.00297521	0.736842	0
	0.014	0.00789256	0.0109298	0.722222	0.0413223	0.00121901	0.0025	0.756757	0
	0.015	0.00696281	0.00960744	0.727273	0.0413223	0.00144628	0.00241736	0.753425	0
	0.016	0.00533058	0.00913223	0.72807	0.0371901	0.000950413	0.00260331	0.739726	0
	0.017	0.00566116	0.00911157	0.738739	0.0330579	0.00107438	0.00221074	0.736111	0
	0.018	0.0047314	0.00902893	0.744292	0.0330579	0.000826446	0.00225207	0.746479	0
	0.019	0.00471074	0.00863636	0.772512	0.0289256	0.00109504	0.00227273	0.757143	0
	0.02	0.00371901	0.00832645	0.784314	0.0289256	0.000867769	0.00200413	0.75	0
	0.021	0.00402893	0.00692149	0.782178	0.0247934	0.0013843	0.00198347	0.75	0
	0.022	0.00369835	0.00758264	0.77	0.0206612	0.00123967	0.00204545	0.75	0
	0.023	0.00342975	0.00754132	0.766497	0.0165289	0.00115702	0.00196281	0.720588	0
	0.024	0.00301653	0.00642562	0.773196	0.0144628	0.00119835	0.00163223	0.720588	0
	0.025	0.00285124	0.00634298	0.784211	0.0123967	0.000991736	0.00154959	0.731343	0
	0.026	0.00330579	0.00694215	0.787234	0.00826446	0.00144628	0.00181818	0.731343	0
	0.027	0.00283058	0.00597107	0.8	0.00826446	0.00130165	0.00130165	0.753846	0
	0.028	0.00270661	0.00599174	0.813187	0.00619835	0.00117769	0.00173554	0.777778	0
	0.029	0.00264463	0.0056405	0.80663	0.00619835	0.00117769	0.00115702	0.777778	0
	0.03	0.00293388	0.00580579	0.80663	0.00413223	0.00103306	0.00181818	0.777778	0
	0.031	0.00278926	0.00566116	0.793296	0.00413223	0.0011157	0.00154959	0.777778	0
	0.032	0.00303719	0.00514463	0.801136	0	0.000847107	0.00123967	0.790323	0
	0.033	0.00280992	0.00522727	0.778409	0	0.000764463	0.00144628	0.803279	0
	0.034	0.00305785	0.00543388	0.770115	0	0.000909091	0.00140496	0.803279	0
	0.035	0.0027686	0.00487603	0.770115	0	0.00072314	0.00115702	0.786885	0
	0.036	0.00266529	0.00489669	0.763006	0	0.000702479	0.00121901	0.783333	0
	0.037	0.0027686	0.00456612	0.767442	0	0.000847107	0.00113636	0.79661	0
	0.038	0.0027686	0.00487603	0.770588	0	0.000743802	0.00154959	0.810345	0
	0.039	0.00260331	0.00454545	0.779762	0	0.000599174	0.0011157	0.824561	0
	0.04	0.00266529	0.00431818	0.781818	0	0.000578512	0.0011157	0.803571	0
	0.041	0.0025	0.00469008	0.780488	0	0.000392562	0.00107438	0.818182	0
	0.042	0.00264463	0.00431818	0.77439	0	0.000619835	0.0011157	0.818182	0
	0.043	0.00303719	0.00411157	0.773006	0	0.000516529	0.00109504	0.833333	0
	0.044	0.00293388	0.00404959	0.773006	0	0.000557851	0.00103306	0.833333	0
	0.045	0.00254132	0.00433884	0.765432	0	0.000599174	0.00126033	0.833333	0
	0.046	0.0025	0.0043595	0.765432	0	0.000557851	0.00132231	0.833333	0
	0.047	0.00289256	0.00384298	0.734568	0	0.000702479	0.0013843	0.814815	0
	0.048	0.0027686	0.00382231	0.73913	0	0.000475207	0.00117769	0.814815	0
	0.049	0.00235537	0.0036157	0.748428	0	0.000785124	0.00088843	0.830189	0
	0.05	0.00237603	0.00336777	0.757962	0	0.000702479	0.00109504	0.830189	0
	0.051	0.00227273	0.0035124	0.75	0	0.000702479	0.000909091	0.830189	0
	0.052	0.00270661	0.00353306	0.745098	0	0.000661157	0.00119835	0.811321	0
	0.053	0.0021281	0.00297521	0.748344	0	0.000619835	0.000991736	0.811321	0
	0.054	0.00214876	0.0035124	0.728477	0	0.00053719	0.000909091	0.811321	0
	0.055	0.00219008	0.00353306	0.728477	0	0.000495868	0.00115702	0.811321	0
	0.056	0.00204545	0.00365702	0.738255	0	0.000495868	0.000991736	0.826923	0
	0.057	0.00237603	0.00289256	0.724832	0	0.000433884	0.00088843	0.826923	0
	0.058	0.00204545	0.00367769	0.711409	0	0.000454545	0.000805785	0.826923	0
	0.059	0.00179752	0.00247934	0.721088	0	0.000413223	0.000847107	0.826923	0
	0.06	0.00214876	0.00301653	0.726027	0	0.000289256	0.00113636	0.826923	0
	0.061	0.00227273	0.00309917	0.731034	0	0.00053719	0.000909091	0.826923	0
	0.062	0.00198347	0.00320248	0.722222	0	0.000247934	0.000826446	0.823529	0
	0.063	0.00227273	0.00303719	0.708333	0	0.000392562	0.000702479	0.823529	0
	0.064	0.00163223	0.00322314	0.723404	0	0.000227273	0.00107438	0.823529	0
	0.065	0.00188017	0.00266529	0.719424	0	0.00018595	0.000826446	0.84	0
	0.066	0.0021281	0.00283058	0.719424	0	0.000371901	0.00088843	0.84	0
	0.067	0.00177686	0.00285124	0.717391	0	0.000206612	0.000785124	0.82	0
	0.068	0.00225207	0.00280992	0.695652	0	0.000330579	0.000661157	0.816327	0
	0.069	0.0021281	0.00270661	0.688406	0	0.000330579	0.000743802	0.795918	0
	0.07	0.00210744	0.00297521	0.683824	0	0.000309917	0.000785124	0.795918	0
	0.071	0.00204545	0.00252066	0.688889	0	0.000165289	0.000702479	0.8125	0
	0.072	0.00196281	0.00243802	0.691729	0	0.00018595	0.00072314	0.8125	0
	0.073	0.0018595	0.00254132	0.7	0	0.000206612	0.000619835	0.847826	0
	0.074	0.00173554	0.0021281	0.7	0	0.000206612	0.000619835	0.847826	0
	0.075	0.00233471	0.00289256	0.703125	0	0.000206612	0.000805785	0.847826	0
	0.076	0.00204545	0.00227273	0.695312	0	0.000330579	0.000826446	0.847826	0
	0.077	0.00190083	0.0027686	0.6875	0	0.00035124	0.000454545	0.826087	0
	0.078	0.00190083	0.00229339	0.692913	0	0.000227273	0.000702479	0.826087	0
	0.079	0.00198347	0.00235537	0.692913	0	0.000289256	0.000764463	0.826087	0
	0.08	0.00181818	0.00233471	0.690476	0	0.000413223	0.000640496	0.826087	0
	0.081	0.00183884	0.00254132	0.696	0	0.000433884	0.000764463	0.826087	0
	0.082	0.00188017	0.00256198	0.688	0	0.000475207	0.00072314	0.804348	0
	0.083	0.00181818	0.00196281	0.688	0	0.000392562	0.000702479	0.804348	0
	0.084	0.00157025	0.00219008	0.685484	0	0.000454545	0.000661157	0.804348	0
	0.085	0.0018595	0.00231405	0.685484	0	0.000557851	0.000702479	0.804348	0
	0.086	0.00233471	0.00256198	0.702479	0	0.000640496	0.00072314	0.782609	0
	0.087	0.00171488	0.00196281	0.694215	0	0.000475207	0.000640496	0.777778	0
	0.088	0.00221074	0.00210744	0.711864	0	0.000433884	0.000764463	0.777778	0
	0.089	0.00163223	0.00252066	0.709402	0	0.000309917	0.000661157	0.795455	0
	0.09	0.00159091	0.00204545	0.713043	0	0.000475207	0.000330579	0.795455	0
	0.091	0.00210744	0.00196281	0.719298	0	0.000454545	0.00072314	0.795455	0
	0.092	0.00165289	0.00173554	0.716814	0	0.00053719	0.000392562	0.795455	0
	0.093	0.00165289	0.00188017	0.720721	0	0.000309917	0.000371901	0.795455	0
	0.094	0.00150826	0.0021281	0.720721	0	0.000454545	0.000309917	0.795455	0
	0.095	0.00123967	0.00181818	0.720721	0	0.000371901	0.000309917	0.795455	0
	0.096	0.00130165	0.00177686	0.718182	0	0.000392562	0.000454545	0.795455	0
	0.097	0.00115702	0.00192149	0.731481	0	0.000433884	0.000495868	0.795455	0
	0.098	0.00128099	0.00200413	0.738318	0	0.000516529	0.000578512	0.795455	0
	0.099	0.00134298	0.0017562	0.738318	0	0.000309917	0.000392562	0.795455	0
	0.1	0.0011157	0.00165289	0.752381	0	0.000433884	0.000475207	0.795455	0
	0.101	0.000991736	0.00163223	0.752381	0	0.000330579	0.000557851	0.795455	0
	0.102	0.00117769	0.00171488	0.752381	0	0.000247934	0.000599174	0.795455	0
	0.103	0.00107438	0.00152893	0.752381	0	0.000289256	0.000516529	0.795455	0
	0.104	0.000971074	0.00204545	0.752381	0	0.000206612	0.00053719	0.795455	0
	0.105	0.00107438	0.00181818	0.752381	0	0.000330579	0.000330579	0.795455	0
	0.106	0.00119835	0.00167355	0.752381	0	0.000309917	0.00053719	0.795455	0
	0.107	0.000991736	0.00165289	0.759615	0	0.000371901	0.00053719	0.795455	0
	0.108	0.000785124	0.0014876	0.75	0	0.000165289	0.000227273	0.809524	0
	0.109	0.000929752	0.0013843	0.78	0	0.000289256	0.000495868	0.809524	0
	0.11	0.000826446	0.00192149	0.767677	0	0.000206612	0.000433884	0.809524	0
	0.111	0.000826446	0.00173554	0.77551	0	0.000268595	0.000413223	0.809524	0
	0.112	0.000826446	0.00154959	0.783505	0	0.000289256	0.000475207	0.809524	0
	0.113	0.000661157	0.00157025	0.8	0	0.000247934	0.000454545	0.829268	0
	0.114	0.000743802	0.00173554	0.778947	0	0.000123967	0.000392562	0.829268	0
	0.115	0.00115702	0.00157025	0.768421	0	0.000247934	0.000619835	0.804878	0
	0.116	0.000764463	0.00134298	0.776596	0	0.000165289	0.000371901	0.825	0
	0.117	0.000599174	0.00179752	0.776596	0	0.000103306	0.000681818	0.825	0
	0.118	0.000785124	0.00128099	0.776596	0	0.000123967	0.000433884	0.825	0
	0.119	0.000785124	0.00132231	0.793478	0	0.00018595	0.000557851	0.825	0
	0.12	0.000681818	0.00183884	0.78022	0	0.000165289	0.00053719	0.8	0
	0.121	0.000578512	0.0013843	0.788889	0	0.00018595	0.000413223	0.8	0
	0.122	0.00113636	0.00136364	0.788889	0	0.000371901	0.000371901	0.8	0
	0.123	0.000640496	0.00126033	0.777778	0	0.000206612	0.000227273	0.8	0
	0.124	0.000619835	0.00142562	0.766667	0	0.000206612	0.000454545	0.775	0
	0.125	0.00072314	0.00134298	0.755556	0	0.000247934	0.000433884	0.775	0
	0.126	0.000867769	0.00123967	0.764045	0	0.000247934	0.000309917	0.794872	0
	0.127	0.000640496	0.00119835	0.75	0	0.00018595	0.000578512	0.794872	0
	0.128	0.00053719	0.00119835	0.75	0	0.000144628	0.000413223	0.794872	0
	0.129	0.000619835	0.00105372	0.75	0	0.000289256	0.000309917	0.794872	0
	0.13	0.000743802	0.00109504	0.767442	0	0.000330579	0.00035124	0.815789	0
	0.131	0.000619835	0.00121901	0.764706	0	0.000206612	0.000309917	0.815789	0
	0.132	0.00088843	0.0014876	0.764706	0	0.000330579	0.000268595	0.815789	0
	0.133	0.000867769	0.00107438	0.764706	0	0.000268595	0.000309917	0.815789	0
	0.134	0.000764463	0.00109504	0.764706	0	0.00018595	0.000371901	0.815789	0
	0.135	0.00072314	0.00134298	0.764706	0	0.000206612	0.000454545	0.815789	0
	0.136	0.000619835	0.00134298	0.77381	0	0.000123967	0.000289256	0.815789	0
	0.137	0.000867769	0.000681818	0.77381	0	0.00035124	0.000392562	0.815789	0
	0.138	0.0011157	0.00113636	0.77381	0	0.00053719	0.000578512	0.815789	0
	0.139	0.000743802	0.00130165	0.77381	0	0.000309917	0.000289256	0.810811	0
	0.14	0.000702479	0.00105372	0.77381	0	0.00035124	0.00035124	0.810811	0
	0.141	0.000785124	0.00130165	0.783133	0	0.000227273	0.000454545	0.810811	0
	0.142	0.00088843	0.00126033	0.792683	0	0.000330579	0.000330579	0.810811	0
	0.143	0.00072314	0.00117769	0.780488	0	0.000289256	0.00053719	0.810811	0
	0.144	0.000785124	0.00136364	0.768293	0	0.000330579	0.000495868	0.810811	0
	0.145	0.000640496	0.0013843	0.777778	0	0.000309917	0.000516529	0.810811	0
	0.146	0.000764463	0.000909091	0.777778	0	0.000247934	0.000289256	0.810811	0
	0.147	0.000991736	0.000991736	0.777778	0	0.000309917	0.00035124	0.810811	0
	0.148	0.000785124	0.00105372	0.765432	0	0.000268595	0.000309917	0.810811	0
	0.149	0.000909091	0.00117769	0.765432	0	0.000247934	0.000289256	0.810811	0
	0.15	0.000785124	0.0010124	0.753086	0	0.000413223	0.000413223	0.810811	0
	0.151	0.000971074	0.00113636	0.7625	0	0.000454545	0.000371901	0.810811	0
	0.152	0.000578512	0.00113636	0.772152	0	0.000289256	0.000247934	0.833333	0
	0.153	0.00088843	0.000909091	0.759494	0	0.000454545	0.000371901	0.805556	0
	0.154	0.000867769	0.000991736	0.759494	0	0.000454545	0.000475207	0.805556	0
	0.155	0.000599174	0.000950413	0.759494	0	0.000206612	0.000371901	0.805556	0
	0.156	0.000847107	0.000867769	0.759494	0	0.000227273	0.000330579	0.805556	0
	0.157	0.000661157	0.00119835	0.769231	0	0.000268595	0.00053719	0.805556	0
	0.158	0.00072314	0.000929752	0.766234	0	0.000165289	0.000330579	0.828571	0
	0.159	0.000640496	0.00105372	0.766234	0	0.000268595	0.000206612	0.828571	0
	0.16	0.000661157	0.000847107	0.776316	0	0.000268595	0.000227273	0.852941	0
	0.161	0.000599174	0.0011157	0.763158	0	8.26446e-05	0.000330579	0.852941	0
	0.162	0.00035124	0.000785124	0.763158	0	0.000103306	0.000309917	0.852941	0
	0.163	0.000475207	0.000847107	0.763158	0	0.000123967	0.000309917	0.852941	0
	0.164	0.00072314	0.0011157	0.763158	0	0.000247934	0.000289256	0.852941	0
	0.165	0.000454545	0.000991736	0.763158	0	0.00018595	0.000268595	0.852941	0
	0.166	0.000413223	0.000826446	0.783784	0	0.000103306	0.000371901	0.852941	0
	0.167	0.000599174	0.000805785	0.780822	0	0.000165289	0.000268595	0.823529	0
	0.168	0.000599174	0.000743802	0.780822	0	0.000123967	0.000247934	0.823529	0
	0.169	0.000578512	0.00072314	0.777778	0	8.26446e-05	0.000289256	0.848485	0
	0.17	0.000578512	0.000640496	0.777778	0	8.26446e-05	0.000206612	0.848485	0
	0.171	0.000454545	0.000826446	0.777778	0	0.000123967	0.000268595	0.818182	0
	0.172	0.00053719	0.000909091	0.777778	0	0.000144628	0.000268595	0.818182	0
	0.173	0.000495868	0.000785124	0.777778	0	8.26446e-05	0.000268595	0.818182	0
	0.174	0.000454545	0.000826446	0.777778	0	6.19835e-05	0.000247934	0.84375	0
	0.175	0.000516529	0.000785124	0.777778	0	6.19835e-05	0.00035124	0.84375	0
	0.176	0.00035124	0.000826446	0.8	0	6.19835e-05	0.000371901	0.870968	0
	0.177	0.000475207	0.000991736	0.8	0	6.19835e-05	0.000413223	0.870968	0
	0.178	0.000495868	0.00088843	0.782609	0	0.000123967	0.000392562	0.870968	0
	0.179	0.000454545	0.00072314	0.782609	0	0.000103306	0.000227273	0.870968	0
	0.18	0.000330579	0.000785124	0.794118	0	8.26446e-05	0.00053719	0.870968	0
	0.181	0.000371901	0.000867769	0.794118	0	0.000103306	0.000289256	0.870968	0
	0.182	0.000454545	0.000805785	0.80597	0	0.000144628	0.000103306	0.870968	0
	0.183	0.000289256	0.000867769	0.818182	0	8.26446e-05	0.000268595	0.870968	0
	0.184	0.000330579	0.000785124	0.818182	0	0.000123967	0.000330579	0.870968	0
	0.185	0.000309917	0.000764463	0.818182	0	6.19835e-05	0.000165289	0.870968	0
	0.186	0.000330579	0.00103306	0.818182	0	0.000123967	0.000330579	0.9	0
	0.187	0.000413223	0.000289256	0.818182	0	0.000144628	0.000144628	0.9	0
	0.188	0.000371901	0.000764463	0.818182	0	0.000103306	0.000103306	0.9	0
	0.189	0.000495868	0.000681818	0.830769	0	0.000123967	0.000227273	0.9	0
	0.19	0.000392562	0.000805785	0.830769	0	0.000103306	0.00035124	0.9	0
	0.191	0.00035124	0.000826446	0.830769	0	0.000144628	0.000392562	0.9	0
	0.192	0.000475207	0.000950413	0.830769	0	0.000103306	0.000392562	0.9	0
	0.193	0.00035124	0.000578512	0.84375	0	0.000165289	0.000309917	0.866667	0
	0.194	0.000433884	0.000909091	0.84127	0	0.000227273	0.00035124	0.866667	0
	0.195	0.000475207	0.000929752	0.84127	0	0.000165289	0.000433884	0.866667	0
	0.196	0.000268595	0.000805785	0.825397	0	0.000144628	0.000371901	0.866667	0
	0.197	0.000309917	0.000557851	0.825397	0	0.000165289	0.000268595	0.866667	0
	0.198	0.00035124	0.000805785	0.825397	0	0.000247934	0.000330579	0.866667	0
	0.199	0.000578512	0.000805785	0.825397	0	8.26446e-05	0.000330579	0.866667	0
	0.2	0.000371901	0.00103306	0.822581	0	0.000165289	0.000330579	0.866667	0
	0.201	0.00035124	0.00072314	0.822581	0	6.19835e-05	0.000289256	0.866667	0
	0.202	0.00035124	0.000764463	0.822581	0	0.00018595	0.00035124	0.866667	0
	0.203	0.000392562	0.000557851	0.822581	0	0.000227273	0.000309917	0.866667	0
	0.204	0.000392562	0.000475207	0.836066	0	0.000206612	0.000330579	0.866667	0
	0.205	0.000268595	0.000847107	0.819672	0	0.000206612	0.000454545	0.866667	0
	0.206	0.000227273	0.000681818	0.786885	0	0.00018595	0.000309917	0.866667	0
	0.207	0.000516529	0.000557851	0.786885	0	0.000123967	0.00018595	0.866667	0
	0.208	0.000330579	0.000578512	0.786885	0	0.000123967	0.000371901	0.866667	0
	0.209	0.000454545	0.000743802	0.786885	0	0.000165289	0.00035124	0.866667	0
	0.21	0.000227273	0.00072314	0.786885	0	0.000165289	0.000371901	0.866667	0
	0.211	0.00035124	0.000681818	0.786885	0	0.000206612	0.000206612	0.866667	0
	0.212	0.000392562	0.000619835	0.786885	0	0.000123967	0.000289256	0.866667	0
	0.213	0.000433884	0.000661157	0.786885	0	0.000206612	0.000371901	0.866667	0
	0.214	0.000371901	0.000764463	0.786885	0	0.000103306	0.000227273	0.866667	0
	0.215	0.000413223	0.000475207	0.8	0	0.000227273	0.000206612	0.866667	0
	0.216	0.000371901	0.000702479	0.8	0	0.000165289	0.000371901	0.866667	0
	0.217	0.000516529	0.000743802	0.813559	0	0.000144628	0.000227273	0.896552	0
	0.218	0.00035124	0.000619835	0.79661	0	0.000144628	0.000165289	0.896552	0
	0.219	0.000495868	0.000619835	0.79661	0	0.00018595	0.000309917	0.896552	0
	0.22	0.000454545	0.000578512	0.79661	0	8.26446e-05	0.000289256	0.896552	0
	0.221	0.000454545	0.000433884	0.779661	0	8.26446e-05	0.00018595	0.896552	0
	0.222	0.000392562	0.000681818	0.779661	0	8.26446e-05	0.000123967	0.896552	0
	0.223	0.000454545	0.000516529	0.779661	0	0.000123967	0.00018595	0.896552	0
	0.224	0.000661157	0.000661157	0.779661	0	0.000123967	0.000165289	0.896552	0
	0.225	0.000247934	0.000475207	0.779661	0	8.26446e-05	0.000309917	0.896552	0
	0.226	0.000413223	0.00072314	0.779661	0	4.13223e-05	0.000392562	0.896552	0
	0.227	0.00053719	0.000619835	0.779661	0	8.26446e-05	0.000289256	0.896552	0
	0.228	0.000495868	0.000516529	0.779661	0	0.000103306	0.00018595	0.896552	0
	0.229	0.000371901	0.000661157	0.779661	0	0.000103306	0.000247934	0.896552	0
	0.23	0.000557851	0.000433884	0.762712	0	4.13223e-05	0.000330579	0.896552	0
	0.231	0.00053719	0.000702479	0.775862	0	4.13223e-05	0.000289256	0.896552	0
	0.232	0.000495868	0.000475207	0.775862	0	6.19835e-05	0.000289256	0.896552	0
	0.233	0.000557851	0.000495868	0.775862	0	6.19835e-05	0.000247934	0.896552	0
	0.234	0.00053719	0.000599174	0.775862	0	0.000103306	0.000289256	0.896552	0
	0.235	0.000413223	0.000661157	0.789474	0	4.13223e-05	0.000392562	0.928571	0
	0.236	0.000599174	0.000578512	0.77193	0	6.19835e-05	0.000289256	0.892857	0
	0.237	0.000495868	0.00035124	0.77193	0	0	0.000123967	0.892857	0
	0.238	0.000599174	0.000516529	0.77193	0	0.000103306	0.000289256	0.892857	0
	0.239	0.000309917	0.000619835	0.785714	0	0	0.000206612	0.892857	0
	0.24	0.000433884	0.00053719	0.767857	0	2.06612e-05	0.000206612	0.892857	0
	0.241	0.000454545	0.000578512	0.767857	0	8.26446e-05	0.000289256	0.892857	0
	0.242	0.000413223	0.000495868	0.767857	0	2.06612e-05	0.000144628	0.892857	0
	0.243	0.000371901	0.000289256	0.75	0	4.13223e-05	0.000144628	0.892857	0
	0.244	0.00035124	0.000619835	0.75	0	4.13223e-05	0.000289256	0.892857	0
	0.245	0.000495868	0.000640496	0.75	0	4.13223e-05	0.000227273	0.925926	0
	0.246	0.00035124	0.000475207	0.75	0	0	0.000103306	0.925926	0
	0.247	0.00053719	0.000309917	0.763636	0	2.06612e-05	0.000165289	0.925926	0
	0.248	0.00035124	0.000371901	0.763636	0	2.06612e-05	0.00018595	0.925926	0
	0.249	0.00035124	0.000309917	0.763636	0	4.13223e-05	0.000206612	0.925926	0
	0.25	0.000289256	0.000433884	0.763636	0	0	0.000165289	0.925926	0
	0.251	0.000330579	0.000681818	0.763636	0	0	0.00035124	0.925926	0
	0.252	0.000268595	0.000475207	0.763636	0	0	0.000165289	0.925926	0
	0.253	0.000309917	0.000661157	0.763636	0	2.06612e-05	0.000289256	0.925926	0
	0.254	0.000309917	0.000433884	0.763636	0	0	0.000289256	0.925926	0
	0.255	0.000247934	0.000309917	0.745455	0	0	0.000227273	0.925926	0
	0.256	0.000289256	0.000392562	0.759259	0	4.13223e-05	0.000123967	0.925926	0
	0.257	0.000454545	0.000392562	0.773585	0	6.19835e-05	0.000165289	0.961538	0
	0.258	0.000330579	0.000454545	0.773585	0	4.13223e-05	0.000144628	0.961538	0
	0.259	0.000247934	0.000268595	0.773585	0	0	0.000103306	0.961538	0
	0.26	0.000227273	0.000227273	0.773585	0	0	0.00018595	0.961538	0
	0.261	0.000247934	0.000247934	0.773585	0	4.13223e-05	8.26446e-05	0.961538	0
	0.262	0.000289256	0.000433884	0.773585	0	2.06612e-05	0.00018595	0.961538	0
	0.263	0.00018595	0.000578512	0.773585	0	2.06612e-05	0.00018595	0.961538	0
	0.264	0.000309917	0.000371901	0.788462	0	8.26446e-05	0.00018595	0.961538	0
	0.265	0.00035124	0.000454545	0.788462	0	2.06612e-05	0.000227273	0.961538	0
	0.266	0.000144628	0.00018595	0.769231	0	0	0.000123967	0.961538	0
	0.267	0.00018595	0.000454545	0.769231	0	4.13223e-05	0.000206612	0.961538	0
	0.268	0.000309917	0.000309917	0.769231	0	6.19835e-05	0.000123967	0.961538	0
	0.269	0.000227273	0.000330579	0.769231	0	2.06612e-05	0.000144628	0.961538	0
	0.27	0.000289256	0.000289256	0.764706	0	4.13223e-05	0.000103306	0.961538	0
	0.271	0.000289256	0.000330579	0.78	0	4.13223e-05	0.000206612	0.961538	0
	0.272	0.000206612	0.000475207	0.78	0	4.13223e-05	0.000227273	0.961538	0
	0.273	0.000371901	0.000371901	0.78	0	0.000103306	0.000144628	0.961538	0
	0.274	0.000371901	0.000392562	0.78	0	2.06612e-05	0.000227273	0.961538	0
	0.275	0.000227273	0.000433884	0.78	0	6.19835e-05	0.00018595	0.961538	0
	0.276	0.000330579	0.00035124	0.78	0	4.13223e-05	0.000123967	0.961538	0
	0.277	0.000289256	0.000392562	0.78	0	2.06612e-05	0.00018595	0.961538	0
	0.278	0.000206612	0.000371901	0.77551	0	2.06612e-05	0.000206612	0.961538	0
	0.279	0.000330579	0.00035124	0.770833	0	4.13223e-05	0.000206612	0.961538	0
	0.28	0.000371901	0.000330579	0.770833	0	4.13223e-05	0.000206612	0.961538	0
	0.281	0.000371901	0.000516529	0.770833	0	6.19835e-05	0.000227273	0.961538	0
	0.282	0.000392562	0.000330579	0.787234	0	8.26446e-05	0.000144628	0.961538	0
	0.283	0.000309917	0.000433884	0.787234	0	2.06612e-05	0.000165289	0.961538	0
	0.284	0.000268595	0.000454545	0.787234	0	0.000103306	0.000144628	0.961538	0
	0.285	0.000392562	0.00035124	0.765957	0	0.000103306	0.000165289	0.961538	0
	0.286	0.000413223	0.000413223	0.765957	0	4.13223e-05	0.000227273	0.961538	0
	0.287	0.000144628	0.000247934	0.782609	0	2.06612e-05	4.13223e-05	0.961538	0
	0.288	0.000330579	0.000247934	0.782609	0	8.26446e-05	0.000165289	0.961538	0
	0.289	0.000371901	0.00053719	0.782609	0	2.06612e-05	0.000206612	0.961538	0
	0.29	0.000454545	0.000227273	0.782609	0	4.13223e-05	0.00018595	0.961538	0
	0.291	0.000165289	0.000371901	0.782609	0	0	0.000165289	0.961538	0
	0.292	0.000330579	0.000309917	0.782609	0	4.13223e-05	0.000206612	0.961538	0
	0.293	0.00035124	0.000289256	0.782609	0	8.26446e-05	0.000123967	0.961538	0
	0.294	0.000289256	0.000392562	0.782609	0	6.19835e-05	0.000103306	0.961538	0
	0.295	0.000330579	0.000475207	0.782609	0	2.06612e-05	0.000247934	0.961538	0
	0.296	0.000206612	0.000413223	0.782609	0	2.06612e-05	0.000165289	0.961538	0
	0.297	0.00053719	0.000330579	0.782609	0	6.19835e-05	0.000227273	0.961538	0
	0.298	0.000371901	0.000247934	0.782609	0	0	4.13223e-05	0.961538	0
	0.299	0.000247934	0.000309917	0.782609	0	0	0.000165289	0.961538	0
	0.3	0.000206612	0.000309917	0.782609	0	6.19835e-05	0.000165289	0.961538	0
	0.301	0.000371901	0.000206612	0.782609	0	2.06612e-05	6.19835e-05	0.961538	0
	0.302	0.000268595	0.000227273	0.782609	0	0	0.000123967	0.961538	0
	0.303	0.000289256	0.000392562	0.8	0	0	0.000123967	0.961538	0
	0.304	0.000247934	0.000330579	0.8	0	0	0.000103306	0.961538	0
	0.305	0.00018595	0.000330579	0.8	0	0	0.000227273	0.961538	0
	0.306	0.00018595	0.00018595	0.8	0	2.06612e-05	0.000103306	0.961538	0
	0.307	0.000289256	0.000289256	0.8	0	2.06612e-05	8.26446e-05	0.961538	0
	0.308	0.000495868	0.000247934	0.818182	0	4.13223e-05	8.26446e-05	0.961538	0
	0.309	0.000206612	0.000392562	0.795455	0	4.13223e-05	0.000268595	0.961538	0
	0.31	0.00035124	0.000268595	0.795455	0	0	0.000206612	0.961538	0
	0.311	0.000247934	0.00035124	0.795455	0	2.06612e-05	8.26446e-05	0.961538	0
	0.312	0.000227273	0.000330579	0.795455	0	0	0.000206612	0.961538	0
	0.313	0.000227273	0.000289256	0.795455	0	0	6.19835e-05	0.961538	0
	0.314	0.000227273	0.000289256	0.795455	0	0	0.000103306	0.961538	0
	0.315	0.00018595	0.000206612	0.813953	0	0	0.000247934	0.961538	0
	0.316	0.000289256	0.000433884	0.813953	0	2.06612e-05	0.000165289	0.961538	0
	0.317	0.000289256	0.000371901	0.833333	0	0	0.000144628	1	0
	0.318	0.000206612	0.000144628	0.833333	0	0	0.000165289	1	0
	0.319	0.000144628	0.000330579	0.833333	0	0	6.19835e-05	1	0
	0.32	0.000227273	0.000309917	0.833333	0	0	0.000123967	1	0
	0.321	0.000268595	0.000454545	0.833333	0	0	0.00018595	1	0
	0.322	0.000227273	0.000206612	0.833333	0	0	0.000144628	1	0
	0.323	0.000268595	0.000392562	0.833333	0	0	0.000103306	1	0
	0.324	0.000165289	0.000165289	0.833333	0	0	0.000103306	1	0
	0.325	0.000103306	0.000206612	0.833333	0	0	4.13223e-05	1	0
	0.326	0.000227273	0.000227273	0.833333	0	0	0.000103306	1	0
	0.327	6.19835e-05	0.000206612	0.833333	0	0	0.000123967	1	0
	0.328	0.000103306	0.000247934	0.853659	0	2.06612e-05	0.000123967	1	0
	0.329	0.000227273	0.000227273	0.829268	0	2.06612e-05	0.000123967	0.96	0
	0.33	0.000144628	0.000144628	0.829268	0	0	0.000103306	0.96	0
	0.331	0.000144628	0.000268595	0.829268	0	0	0.000144628	0.96	0
	0.332	0.000165289	0.000247934	0.829268	0	2.06612e-05	0.000123967	0.96	0
	0.333	0.000103306	0.000247934	0.829268	0	0	0.000165289	0.96	0
	0.334	0.000123967	0.000103306	0.829268	0	2.06612e-05	4.13223e-05	0.96	0
	0.335	8.26446e-05	0.000165289	0.829268	0	0	0.00018595	0.96	0
	0.336	0.000144628	0.000227273	0.85	0	0	0.000165289	0.96	0
	0.337	0.000103306	0.000330579	0.85	0	2.06612e-05	0.000144628	0.96	0
	0.338	0.000103306	0.00035124	0.85	0	0	0.000103306	0.96	0
	0.339	4.13223e-05	0.000268595	0.85	0	0	0.00018595	0.96	0
	0.34	0.000144628	0.000227273	0.85	0	2.06612e-05	0.000103306	0.96	0
	0.341	0.000123967	0.00018595	0.85	0	0	6.19835e-05	0.96	0
	0.342	6.19835e-05	0.000268595	0.871795	0	0	0.000144628	0.96	0
	0.343	8.26446e-05	0.000247934	0.871795	0	4.13223e-05	0.00018595	0.96	0
	0.344	8.26446e-05	0.000413223	0.871795	0	0	0.000227273	0.96	0
	0.345	0.000144628	0.000144628	0.871795	0	4.13223e-05	0.000144628	0.96	0
	0.346	0.000247934	0.000309917	0.871795	0	4.13223e-05	0.000289256	0.96	0
	0.347	8.26446e-05	0.000227273	0.894737	0	0	0.000144628	0.96	0
	0.348	6.19835e-05	0.000330579	0.894737	0	2.06612e-05	0.000165289	0.96	0
	0.349	0.000123967	0.000289256	0.894737	0	4.13223e-05	0.000144628	0.96	0
	0.35	8.26446e-05	0.000227273	0.894737	0	2.06612e-05	8.26446e-05	0.96	0
	0.351	0.000103306	0.000206612	0.894737	0	2.06612e-05	8.26446e-05	0.96	0
	0.352	8.26446e-05	0.000206612	0.894737	0	0	0.000144628	0.96	0
	0.353	8.26446e-05	0.000206612	0.868421	0	4.13223e-05	0.000123967	0.96	0
	0.354	0.000144628	0.000165289	0.891892	0	6.19835e-05	0.000206612	0.96	0
	0.355	0.000123967	0.000206612	0.891892	0	6.19835e-05	0.000103306	0.96	0
	0.356	8.26446e-05	0.000247934	0.891892	0	6.19835e-05	8.26446e-05	0.96	0
	0.357	0.000144628	0.000268595	0.891892	0	4.13223e-05	0.000144628	0.96	0
	0.358	4.13223e-05	0.000165289	0.916667	0	0	0.000103306	0.96	0
	0.359	0.000123967	0.000123967	0.916667	0	6.19835e-05	0.000103306	0.96	0
	0.36	8.26446e-05	0.000206612	0.916667	0	2.06612e-05	0.000123967	0.96	0
	0.361	8.26446e-05	0.000144628	0.916667	0	6.19835e-05	0.000103306	0.96	0
	0.362	0.000165289	0.000165289	0.916667	0	0.000144628	0.000165289	0.96	0
	0.363	8.26446e-05	0.000165289	0.916667	0	4.13223e-05	6.19835e-05	0.96	0
	0.364	0.00018595	0.000227273	0.916667	0	6.19835e-05	8.26446e-05	0.96	0
	0.365	6.19835e-05	0.000165289	0.916667	0	4.13223e-05	8.26446e-05	0.96	0
	0.366	0.00018595	8.26446e-05	0.916667	0	0.000144628	0.000103306	0.96	0
	0.367	4.13223e-05	0.000227273	0.916667	0	4.13223e-05	0.000103306	0.96	0
	0.368	4.13223e-05	0.000247934	0.916667	0	4.13223e-05	0.000165289	0.96	0
	0.369	8.26446e-05	0.000227273	0.916667	0	4.13223e-05	0.000165289	0.96	0
	0.37	0.000165289	0.000309917	0.888889	0	8.26446e-05	0.000165289	0.92	0
	0.371	0.000103306	0.000289256	0.888889	0	8.26446e-05	8.26446e-05	0.92	0
	0.372	6.19835e-05	0.000165289	0.888889	0	2.06612e-05	0.000103306	0.92	0
	0.373	0.000103306	0.000227273	0.861111	0	8.26446e-05	8.26446e-05	0.88	0
	0.374	8.26446e-05	0.000103306	0.861111	0	4.13223e-05	0.000103306	0.88	0
	0.375	8.26446e-05	0.000206612	0.861111	0	2.06612e-05	0.000103306	0.88	0
	0.376	2.06612e-05	0.00018595	0.861111	0	2.06612e-05	0.000144628	0.88	0
	0.377	4.13223e-05	0.000227273	0.861111	0	2.06612e-05	0.000103306	0.88	0
	0.378	0.000103306	0.000165289	0.861111	0	4.13223e-05	0.00018595	0.88	0
	0.379	6.19835e-05	0.00035124	0.861111	0	4.13223e-05	0.000144628	0.88	0
	0.38	8.26446e-05	0.000144628	0.861111	0	6.19835e-05	4.13223e-05	0.88	0
	0.381	4.13223e-05	8.26446e-05	0.861111	0	4.13223e-05	0.000123967	0.88	0
	0.382	4.13223e-05	0.000227273	0.861111	0	0	0.000103306	0.88	0
	0.383	0.000103306	0.000144628	0.861111	0	6.19835e-05	0.000123967	0.88	0
	0.384	8.26446e-05	0.000103306	0.861111	0	4.13223e-05	6.19835e-05	0.88	0
	0.385	8.26446e-05	0.000227273	0.861111	0	6.19835e-05	0.000103306	0.88	0
	0.386	0.000123967	0.000103306	0.885714	0	8.26446e-05	0.000123967	0.88	0
	0.387	8.26446e-05	0.000165289	0.885714	0	4.13223e-05	0.000103306	0.88	0
	0.388	0.000103306	0.00018595	0.857143	0	2.06612e-05	4.13223e-05	0.88	0
	0.389	6.19835e-05	0.000165289	0.857143	0	2.06612e-05	0.000103306	0.88	0
	0.39	0.000165289	0.000165289	0.828571	0	4.13223e-05	0.000103306	0.88	0
	0.391	6.19835e-05	0.000123967	0.828571	0	2.06612e-05	6.19835e-05	0.88	0
	0.392	8.26446e-05	0.000309917	0.828571	0	0	0.000144628	0.88	0
	0.393	6.19835e-05	0.000123967	0.828571	0	2.06612e-05	8.26446e-05	0.88	0
	0.394	0.000123967	0.000165289	0.828571	0	6.19835e-05	4.13223e-05	0.88	0
	0.395	0.000123967	0.000165289	0.8	0	2.06612e-05	4.13223e-05	0.88	0
	0.396	0.000206612	0.000289256	0.8	0	0.000123967	0.000123967	0.88	0
	0.397	6.19835e-05	0.00018595	0.823529	0	2.06612e-05	0.000123967	0.916667	0
	0.398	0.000123967	2.06612e-05	0.823529	0	4.13223e-05	2.06612e-05	0.916667	0
	0.399	0.000123967	0.000268595	0.823529	0	8.26446e-05	0.000144628	0.916667	0
	0.4	0.000144628	0.00018595	0.823529	0	2.06612e-05	0.000123967	0.916667	0
	0.401	0.000247934	0.000123967	0.823529	0	0.000103306	6.19835e-05	0.916667	0
	0.402	0.000165289	0.000123967	0.823529	0	2.06612e-05	0.000123967	0.916667	0
	0.403	0.000123967	0.00018595	0.823529	0	4.13223e-05	0.000123967	0.916667	0
	0.404	0.000227273	0.00018595	0.823529	0	0.000103306	0.000123967	0.916667	0
	0.405	0.000268595	0.00018595	0.823529	0	0.00018595	0.000144628	0.916667	0
	0.406	0.00018595	0.000144628	0.823529	0	0.000103306	0.000165289	0.916667	0
	0.407	0.000268595	0.000227273	0.823529	0	0.000123967	0.000103306	0.916667	0
	0.408	0.000165289	0.00018595	0.794118	0	4.13223e-05	0.00018595	0.875	0
	0.409	0.000227273	0.00018595	0.794118	0	0.000123967	6.19835e-05	0.875	0
	0.41	0.000454545	0.000123967	0.794118	0	0.00018595	0.00018595	0.875	0
	0.411	0.000247934	0.000227273	0.794118	0	8.26446e-05	0.000144628	0.875	0
	0.412	0.000289256	0.00018595	0.794118	0	0.000123967	8.26446e-05	0.875	0
	0.413	0.000227273	0.000144628	0.794118	0	6.19835e-05	0.000103306	0.875	0
	0.414	0.000247934	0.000144628	0.794118	0	6.19835e-05	8.26446e-05	0.875	0
	0.415	0.00035124	0.000247934	0.794118	0	0.000123967	6.19835e-05	0.875	0
	0.416	0.000144628	0.000103306	0.794118	0	8.26446e-05	0.000123967	0.875	0
	0.417	0.000268595	0.000206612	0.794118	0	0.000123967	4.13223e-05	0.875	0
	0.418	0.00018595	6.19835e-05	0.794118	0	8.26446e-05	0.000103306	0.875	0
	0.419	0.000289256	0.000165289	0.794118	0	0.000165289	6.19835e-05	0.875	0
	0.42	0.000247934	0.000227273	0.794118	0	6.19835e-05	0.000123967	0.875	0
	0.421	0.00018595	0.000144628	0.794118	0	0.000144628	4.13223e-05	0.875	0
	0.422	8.26446e-05	2.06612e-05	0.794118	0	4.13223e-05	8.26446e-05	0.875	0
	0.423	0.000247934	0.000206612	0.794118	0	0.000103306	6.19835e-05	0.875	0
	0.424	0.000247934	0.000247934	0.794118	0	0.000103306	8.26446e-05	0.875	0
	0.425	0.000268595	0.000103306	0.794118	0	0.000165289	0.000103306	0.875	0
	0.426	0.000206612	8.26446e-05	0.794118	0	0.000103306	6.19835e-05	0.875	0
	0.427	0.000268595	0.000123967	0.794118	0	0.000103306	6.19835e-05	0.875	0
	0.428	0.000247934	0.000103306	0.794118	0	8.26446e-05	6.19835e-05	0.875	0
	0.429	0.000247934	0.000144628	0.794118	0	0.00018595	6.19835e-05	0.875	0
	0.43	0.000330579	4.13223e-05	0.794118	0	0.000165289	8.26446e-05	0.875	0
	0.431	0.000206612	0.000165289	0.794118	0	8.26446e-05	6.19835e-05	0.875	0
	0.432	0.000268595	0.000247934	0.794118	0	8.26446e-05	0.000144628	0.875	0
	0.433	0.000289256	8.26446e-05	0.794118	0	0.000103306	4.13223e-05	0.875	0
	0.434	0.000227273	0.000103306	0.818182	0	0.000123967	6.19835e-05	0.875	0
	0.435	0.00018595	0.00018595	0.818182	0	4.13223e-05	0.000123967	0.875	0
	0.436	0.000247934	0.000165289	0.818182	0	0.000123967	8.26446e-05	0.875	0
	0.437	0.000206612	0.000103306	0.818182	0	6.19835e-05	6.19835e-05	0.875	0
	0.438	0.000103306	0.000103306	0.818182	0	4.13223e-05	4.13223e-05	0.875	0
	0.439	0.000123967	0.000144628	0.818182	0	6.19835e-05	0.000123967	0.875	0
	0.44	0.000206612	0.000144628	0.818182	0	0.000123967	8.26446e-05	0.875	0
	0.441	0.000123967	0.000144628	0.818182	0	0.000123967	0.000123967	0.875	0
	0.442	0.00018595	4.13223e-05	0.818182	0	6.19835e-05	4.13223e-05	0.875	0
	0.443	0.00018595	0.000144628	0.818182	0	4.13223e-05	8.26446e-05	0.875	0
	0.444	0.000206612	0.000165289	0.818182	0	8.26446e-05	0.000165289	0.875	0
	0.445	0.000165289	0.000123967	0.818182	0	0.000103306	4.13223e-05	0.875	0
	0.446	8.26446e-05	0.000144628	0.818182	0	2.06612e-05	0.000144628	0.875	0
	0.447	0.000123967	0.000247934	0.818182	0	6.19835e-05	0.000103306	0.875	0
	0.448	0.000289256	0.000165289	0.818182	0	0.00018595	0.000103306	0.875	0
	0.449	6.19835e-05	0.000165289	0.84375	0	0	0.000123967	0.913043	0
	0.45	0.000165289	0.000103306	0.84375	0	2.06612e-05	6.19835e-05	0.913043	0
	0.451	8.26446e-05	0.000206612	0.84375	0	4.13223e-05	8.26446e-05	0.913043	0
	0.452	0.000206612	4.13223e-05	0.84375	0	6.19835e-05	2.06612e-05	0.913043	0
	0.453	0.000103306	6.19835e-05	0.84375	0	6.19835e-05	0.000103306	0.913043	0
	0.454	6.19835e-05	0.000206612	0.84375	0	2.06612e-05	0.000165289	0.913043	0
	0.455	8.26446e-05	0.000206612	0.870968	0	2.06612e-05	6.19835e-05	0.913043	0
	0.456	0.000165289	0.000103306	0.870968	0	6.19835e-05	0.000103306	0.913043	0
	0.457	4.13223e-05	8.26446e-05	0.870968	0	4.13223e-05	8.26446e-05	0.913043	0
	0.458	2.06612e-05	8.26446e-05	0.870968	0	0	0.000123967	0.913043	0
	0.459	6.19835e-05	6.19835e-05	0.870968	0	4.13223e-05	0	0.913043	0
	0.46	6.19835e-05	0.000144628	0.870968	0	6.19835e-05	4.13223e-05	0.913043	0
	0.461	6.19835e-05	0.000206612	0.870968	0	4.13223e-05	0.000103306	0.913043	0
	0.462	0.000144628	0.000247934	0.9	0	0.000103306	0.000206612	0.913043	0
	0.463	4.13223e-05	0.000123967	0.9	0	2.06612e-05	0.000103306	0.913043	0
	0.464	2.06612e-05	8.26446e-05	0.9	0	0	0.000103306	0.913043	0
	0.465	0.000103306	0.000103306	0.9	0	0.000103306	0.000123967	0.913043	0
	0.466	2.06612e-05	0.000144628	0.9	0	0	0.000103306	0.913043	0
	0.467	8.26446e-05	0.000103306	0.9	0	4.13223e-05	8.26446e-05	0.913043	0
	0.468	2.06612e-05	8.26446e-05	0.9	0	0	6.19835e-05	0.913043	0
	0.469	2.06612e-05	0.000123967	0.9	0	2.06612e-05	4.13223e-05	0.913043	0
	0.47	8.26446e-05	0.000144628	0.9	0	2.06612e-05	6.19835e-05	0.913043	0
	0.471	4.13223e-05	0.000165289	0.9	0	4.13223e-05	0.000165289	0.913043	0
	0.472	2.06612e-05	6.19835e-05	0.931034	0	2.06612e-05	6.19835e-05	0.954545	0
	0.473	0	0.000103306	0.931034	0	0	0.000103306	0.954545	0
	0.474	0	8.26446e-05	0.931034	0	0	8.26446e-05	0.954545	0
	0.475	0	0.000144628	0.931034	0	0	0.000123967	0.954545	0
	0.476	2.06612e-05	8.26446e-05	0.931034	0	0	0.000103306	0.954545	0
	0.477	0	0.000227273	0.931034	0	0	0.000103306	0.954545	0
	0.478	2.06612e-05	8.26446e-05	0.931034	0	0	8.26446e-05	0.954545	0
	0.479	0	0.000123967	0.964286	0	0	0.000165289	0.954545	0
	0.48	0	8.26446e-05	0.964286	0	0	4.13223e-05	0.954545	0
	0.481	0	0.000123967	0.964286	0	0	2.06612e-05	0.954545	0
	0.482	0	0.000144628	0.964286	0	0	0.000144628	0.954545	0
	0.483	0	0.000103306	0.964286	0	0	0.000123967	0.954545	0
	0.484	0	8.26446e-05	0.964286	0	0	8.26446e-05	0.954545	0
	0.485	2.06612e-05	0.000165289	0.964286	0	2.06612e-05	0.000144628	0.954545	0
	0.486	0	0.000165289	1	0	0	2.06612e-05	1	0
	0.487	0	0.00018595	1	0	0	0.000123967	1	0
	0.488	0	0.00018595	1	0	0	0.000103306	1	0
	0.489	0	0.000103306	1	0	0	0.000165289	1	0
	0.49	0	0.000123967	1	0	0	8.26446e-05	1	0
	0.491	0	6.19835e-05	1	0	0	0	1	0
	0.492	0	0.000123967	1	0	0	0.000123967	1	0
	0.493	0	0.00018595	1	0	0	0.000123967	1	0
	0.494	0	0.000123967	1	0	0	8.26446e-05	1	0
	0.495	0	0.000144628	1	0	0	0.00018595	1	0
	0.496	0	0.000103306	1	0	0	8.26446e-05	1	0
	0.497	2.06612e-05	6.19835e-05	1	0	0	0.000144628	1	0
	0.498	0	0.000144628	0.962963	0	0	0.000103306	1	0
	0.499	0	8.26446e-05	0.962963	0	0	6.19835e-05	1	0
	0.5	0	0.000165289	0.962963	0	0	6.19835e-05	1	0
	0.501	0	0.000309917	0.962963	0	0	0.000165289	1	0
	0.502	0	0.000103306	0.962963	0	0	2.06612e-05	1	0
	0.503	0	0.000144628	0.962963	0	0	0.000144628	1	0
	0.504	0	0.000103306	0.962963	0	0	0.000103306	1	0
	0.505	0	8.26446e-05	0.962963	0	0	0.000103306	1	0
	0.506	0	0.000144628	0.962963	0	0	4.13223e-05	1	0
	0.507	0	0.000103306	0.962963	0	0	4.13223e-05	1	0
	0.508	0	0.000144628	0.962963	0	0	6.19835e-05	1	0
	0.509	2.06612e-05	0.000165289	0.962963	0	0	0.000103306	1	0
	0.51	0	6.19835e-05	0.962963	0	0	6.19835e-05	1	0
	0.511	0	6.19835e-05	0.962963	0	0	8.26446e-05	1	0
	0.512	0	0.000144628	0.962963	0	0	6.19835e-05	1	0
	0.513	0	0.000206612	0.962963	0	0	6.19835e-05	1	0
	0.514	0	0.00018595	0.962963	0	0	0.000103306	1	0
	0.515	2.06612e-05	4.13223e-05	0.962963	0	0	4.13223e-05	1	0
	0.516	0	0.000123967	0.962963	0	0	0.000123967	1	0
	0.517	0	0.000247934	0.962963	0	0	0.000123967	1	0
	0.518	0	0.000165289	0.962963	0	0	0.000103306	1	0
	0.519	0	4.13223e-05	0.962963	0	0	0.000144628	1	0
	0.52	0	0.000103306	0.962963	0	0	4.13223e-05	1	0
	0.521	0	0.00018595	0.962963	0	0	0.000123967	1	0
	0.522	0	0.000227273	0.962963	0	0	0.00018595	1	0
	0.523	2.06612e-05	8.26446e-05	0.962963	0	0	4.13223e-05	1	0
	0.524	4.13223e-05	0.000144628	0.962963	0	0	8.26446e-05	1	0
	0.525	0	8.26446e-05	0.962963	0	0	0.000103306	1	0
	0.526	2.06612e-05	6.19835e-05	0.962963	0	0	8.26446e-05	1	0
	0.527	0	0.000144628	0.962963	0	0	0.000123967	1	0
	0.528	2.06612e-05	0.000165289	0.962963	0	0	0.000165289	1	0
	0.529	4.13223e-05	0.000103306	0.962963	0	0	0.000103306	1	0
	0.53	0	8.26446e-05	0.962963	0	0	6.19835e-05	1	0
	0.531	2.06612e-05	0.000123967	0.962963	0	0	0.00018595	1	0
	0.532	0	0.000206612	0.962963	0	0	8.26446e-05	1	0
	0.533	4.13223e-05	0.000247934	0.962963	0	0	0.000103306	1	0
	0.534	0	0.000144628	0.962963	0	0	6.19835e-05	1	0
	0.535	2.06612e-05	0.000165289	0.962963	0	0	0.000103306	1	0
	0.536	8.26446e-05	8.26446e-05	0.962963	0	2.06612e-05	0.000103306	1	0
	0.537	6.19835e-05	6.19835e-05	0.962963	0	0	8.26446e-05	0.952381	0
	0.538	6.19835e-05	0.000103306	0.925926	0	0	0.000123967	0.952381	0
	0.539	0.000103306	8.26446e-05	0.888889	0	0	8.26446e-05	0.952381	0
	0.54	8.26446e-05	0.000123967	0.888889	0	0	0.000144628	0.952381	0
	0.541	6.19835e-05	4.13223e-05	0.888889	0	2.06612e-05	4.13223e-05	0.952381	0
	0.542	4.13223e-05	8.26446e-05	0.888889	0	0	8.26446e-05	0.952381	0
	0.543	8.26446e-05	0.000144628	0.888889	0	0	8.26446e-05	0.952381	0
	0.544	0.000103306	0.000123967	0.888889	0	0	0.000103306	0.952381	0
	0.545	4.13223e-05	0.000123967	0.888889	0	0	6.19835e-05	0.952381	0
	0.546	4.13223e-05	0.000123967	0.888889	0	0	0.00018595	0.952381	0
	0.547	8.26446e-05	6.19835e-05	0.888889	0	0	2.06612e-05	0.952381	0
	0.548	0.000144628	0.000103306	0.888889	0	2.06612e-05	8.26446e-05	0.952381	0
	0.549	4.13223e-05	0.000103306	0.888889	0	0	0.000103306	0.952381	0
	0.55	0.000144628	0.000103306	0.888889	0	0	8.26446e-05	0.952381	0
	0.551	4.13223e-05	0.00018595	0.888889	0	4.13223e-05	8.26446e-05	0.952381	0
	0.552	0.00018595	8.26446e-05	0.888889	0	2.06612e-05	4.13223e-05	0.952381	0
	0.553	0.000144628	6.19835e-05	0.888889	0	2.06612e-05	4.13223e-05	0.952381	0
	0.554	0.000103306	6.19835e-05	0.888889	0	2.06612e-05	0.000103306	0.952381	0
	0.555	0.000103306	0.000103306	0.888889	0	2.06612e-05	6.19835e-05	0.952381	0
	0.556	0.000123967	4.13223e-05	0.888889	0	0	6.19835e-05	0.952381	0
	0.557	8.26446e-05	0.000144628	0.888889	0	2.06612e-05	0.000123967	0.952381	0
	0.558	8.26446e-05	8.26446e-05	0.888889	0	2.06612e-05	8.26446e-05	0.952381	0
	0.559	0.000123967	6.19835e-05	0.888889	0	0	0.000227273	0.952381	0
	0.56	2.06612e-05	0.000144628	0.888889	0	4.13223e-05	0.00018595	0.952381	0
	0.561	0.000103306	0.000144628	0.888889	0	6.19835e-05	6.19835e-05	0.952381	0
	0.562	0.000123967	0.000247934	0.888889	0	2.06612e-05	0.000123967	0.952381	0
	0.563	0.000103306	0.000123967	0.888889	0	4.13223e-05	0.00018595	0.952381	0
	0.564	0.000103306	8.26446e-05	0.888889	0	2.06612e-05	8.26446e-05	0.952381	0
	0.565	0.000165289	8.26446e-05	0.888889	0	2.06612e-05	6.19835e-05	0.952381	0
	0.566	6.19835e-05	0.000165289	0.888889	0	0	6.19835e-05	0.952381	0
	0.567	0.000123967	6.19835e-05	0.888889	0	2.06612e-05	8.26446e-05	0.952381	0
	0.568	6.19835e-05	4.13223e-05	0.888889	0	6.19835e-05	0.000103306	0.952381	0
	0.569	2.06612e-05	0.000103306	0.851852	0	4.13223e-05	0.00018595	0.904762	0
	0.57	8.26446e-05	0.000144628	0.851852	0	0	0.000103306	0.904762	0
	0.571	6.19835e-05	0.00018595	0.851852	0	0	0.000103306	0.904762	0
	0.572	8.26446e-05	0.00018595	0.851852	0	4.13223e-05	0.000103306	0.904762	0
	0.573	0.000103306	0.000206612	0.851852	0	4.13223e-05	0.000144628	0.904762	0
	0.574	0.000103306	6.19835e-05	0.851852	0	4.13223e-05	0.000103306	0.904762	0
	0.575	0.000123967	0.000309917	0.851852	0	6.19835e-05	0.000268595	0.904762	0
	0.576	0.000123967	0.000123967	0.851852	0	6.19835e-05	0.000103306	0.904762	0
	0.577	0.000103306	0.000206612	0.814815	0	8.26446e-05	8.26446e-05	0.904762	0
	0.578	8.26446e-05	0.000123967	0.814815	0	2.06612e-05	0.000103306	0.904762	0
	0.579	0.000144628	4.13223e-05	0.814815	0	6.19835e-05	0.000123967	0.904762	0
	0.58	0.000268595	0.000103306	0.777778	0	0.000165289	0.000144628	0.857143	0
	0.581	0.000144628	0.000227273	0.777778	0	6.19835e-05	0.000247934	0.857143	0
	0.582	0.000165289	0.00018595	0.807692	0	0.00018595	0.000227273	0.857143	0
	0.583	0.00018595	0.000165289	0.807692	0	0.000103306	0.000103306	0.857143	0
	0.584	0.000144628	0.000289256	0.807692	0	4.13223e-05	0.000227273	0.857143	0
	0.585	0.000165289	0.000309917	0.807692	0	6.19835e-05	0.000309917	0.857143	0
	0.586	0.000123967	0.000227273	0.807692	0	6.19835e-05	0.000227273	0.857143	0
	0.587	0.000165289	0.000309917	0.807692	0	8.26446e-05	0.000289256	0.857143	0
	0.588	6.19835e-05	0.000227273	0.807692	0	6.19835e-05	0.000206612	0.857143	0
	0.589	0.000206612	0.000206612	0.807692	0	0.000123967	0.000268595	0.857143	0
	0.59	0.000247934	8.26446e-05	0.807692	0	0.00018595	6.19835e-05	0.857143	0
	0.591	0.000165289	0.00018595	0.807692	0	8.26446e-05	0.000206612	0.857143	0
	0.592	0.000144628	0.000247934	0.807692	0	0.000103306	0.000392562	0.857143	0
	0.593	0.000144628	0.000227273	0.807692	0	8.26446e-05	0.000309917	0.809524	0
	0.594	0.000165289	0.000206612	0.807692	0	6.19835e-05	0.00018595	0.809524	0
	0.595	0.000144628	0.000247934	0.807692	0	8.26446e-05	0.000227273	0.809524	0
	0.596	0.000165289	0.00018595	0.807692	0	6.19835e-05	0.000247934	0.809524	0
	0.597	0.000123967	0.000165289	0.807692	0	8.26446e-05	0.000454545	0.809524	0
	0.598	4.13223e-05	0.000247934	0.769231	0	6.19835e-05	0.000247934	0.761905	0
	0.599	0.000268595	0.000123967	0.769231	0	0.000165289	0.000165289	0.761905	0
	0.6	0.000206612	0.000144628	0.769231	0	0.00018595	0.000289256	0.761905	0
	0.601	0.000165289	0.000309917	0.769231	0	0.000165289	0.00018595	0.761905	0
	0.602	0.000144628	0.000206612	0.769231	0	8.26446e-05	0.00035124	0.761905	0
	0.603	0.000144628	0.00018595	0.769231	0	0.000144628	0.000289256	0.761905	0
	0.604	0.000206612	0.000227273	0.769231	0	0.000123967	0.000206612	0.761905	0
	0.605	0.000165289	0.000309917	0.8	0	0.000123967	0.000309917	0.761905	0
	0.606	0.000206612	0.000227273	0.8	0	0.000206612	0.000123967	0.761905	0
	0.607	0.000206612	0.000289256	0.8	0	0.000206612	0.000309917	0.761905	0
	0.608	0.000227273	0.000371901	0.8	0	0.00018595	0.000330579	0.761905	0
	0.609	0.000227273	0.000371901	0.8	0	0.000165289	0.000392562	0.761905	0
	0.61	0.00018595	0.000227273	0.8	0	8.26446e-05	0.000309917	0.761905	0
	0.611	0.000165289	0.000330579	0.76	0	0.00018595	0.000289256	0.761905	0
	0.612	0.000206612	0.000371901	0.76	0	0.000123967	0.000392562	0.761905	0
	0.613	0.000268595	0.000309917	0.76	0	0.000227273	0.00035124	0.761905	0
	0.614	0.000103306	0.000247934	0.76	0	0.00018595	0.00035124	0.761905	0
	0.615	0.000144628	0.000330579	0.76	0	0.000144628	0.000371901	0.761905	0
	0.616	0.000268595	0.000330579	0.76	0	0.000165289	0.000227273	0.761905	0
	0.617	0.000165289	0.000392562	0.76	0	0.000123967	0.000454545	0.761905	0
	0.618	0.000268595	0.000268595	0.76	0	0.000206612	0.00035124	0.761905	0
	0.619	0.000227273	0.000309917	0.76	0	0.000247934	0.000289256	0.761905	0
	0.62	0.000227273	0.000371901	0.76	0	0.000227273	0.000371901	0.8	0
	0.621	0.00018595	0.000289256	0.791667	0	0.000144628	0.000309917	0.8	0
	0.622	0.00018595	0.000309917	0.791667	0	0.000206612	0.000289256	0.8	0
	0.623	0.000165289	0.000371901	0.791667	0	0.000144628	0.000309917	0.8	0
	0.624	0.000227273	0.000330579	0.791667	0	0.000227273	0.00035124	0.8	0
	0.625	0.00018595	0.000144628	0.791667	0	0.000165289	0.000206612	0.8	0
	0.626	0.000123967	0.000227273	0.791667	0	0.000123967	0.000227273	0.8	0
	0.627	0.000144628	0.000454545	0.791667	0	0.000206612	0.000268595	0.8	0
	0.628	8.26446e-05	0.000206612	0.791667	0	0.000144628	0.000227273	0.8	0
	0.629	0.00018595	0.000309917	0.791667	0	0.00018595	0.000289256	0.8	0
	0.63	0.000123967	0.000289256	0.791667	0	0.000165289	0.000165289	0.8	0
	0.631	0.000144628	0.000289256	0.791667	0	0.000103306	0.000371901	0.8	0
	0.632	0.000165289	0.000247934	0.791667	0	0.000144628	0.000289256	0.8	0
	0.633	0.000206612	0.000227273	0.791667	0	0.000165289	0.000144628	0.8	0
	0.634	0.000123967	0.000289256	0.791667	0	0.000103306	0.000309917	0.8	0
	0.635	6.19835e-05	0.000289256	0.791667	0	8.26446e-05	0.000289256	0.8	0
	0.636	0.000123967	0.000392562	0.791667	0	8.26446e-05	0.000289256	0.8	0
	0.637	0.000144628	0.000268595	0.826087	0	0.000144628	0.000206612	0.8	0
	0.638	0.000123967	0.000227273	0.826087	0	0.000123967	0.000103306	0.8	0
	0.639	0.00018595	0.00018595	0.826087	0	0.000144628	0.000123967	0.8	0
	0.64	8.26446e-05	0.000268595	0.826087	0	8.26446e-05	0.000247934	0.8	0
	0.641	8.26446e-05	0.000227273	0.826087	0	8.26446e-05	0.000165289	0.8	0
	0.642	8.26446e-05	0.000247934	0.826087	0	2.06612e-05	0.000144628	0.8	0
	0.643	0.000103306	0.000289256	0.826087	0	0.000123967	0.000144628	0.8	0
	0.644	0.000123967	0.000247934	0.826087	0	0.000103306	0.000144628	0.8	0
	0.645	6.19835e-05	0.000165289	0.863636	0	4.13223e-05	0.000103306	0.842105	0
	0.646	0.000123967	0.000309917	0.863636	0	2.06612e-05	0.000206612	0.842105	0
	0.647	4.13223e-05	0.000123967	0.863636	0	4.13223e-05	0.000165289	0.842105	0
	0.648	4.13223e-05	0.000289256	0.863636	0	8.26446e-05	0.000227273	0.842105	0
	0.649	0.000144628	0.000165289	0.863636	0	6.19835e-05	0.000206612	0.842105	0
	0.65	0.000123967	0.000206612	0.863636	0	4.13223e-05	0.000247934	0.842105	0
	0.651	0.000123967	0.000123967	0.863636	0	8.26446e-05	0.000144628	0.842105	0
	0.652	8.26446e-05	0.000165289	0.863636	0	2.06612e-05	0.000206612	0.842105	0
	0.653	4.13223e-05	0.000289256	0.863636	0	4.13223e-05	0.000165289	0.842105	0
	0.654	0.000103306	0.000206612	0.863636	0	8.26446e-05	0.000165289	0.842105	0
	0.655	2.06612e-05	0.000103306	0.863636	0	4.13223e-05	8.26446e-05	0.842105	0
	0.656	6.19835e-05	0.000103306	0.863636	0	0	0.000165289	0.842105	0
	0.657	6.19835e-05	0.000123967	0.863636	0	0	0.000144628	0.842105	0
	0.658	6.19835e-05	0.00018595	0.863636	0	6.19835e-05	0.00018595	0.842105	0
	0.659	4.13223e-05	0.000247934	0.863636	0	4.13223e-05	0.000227273	0.842105	0
	0.66	6.19835e-05	0.000144628	0.863636	0	0	8.26446e-05	0.888889	0
	0.661	0	0.000144628	0.863636	0	0	8.26446e-05	0.888889	0
	0.662	4.13223e-05	0.000123967	0.863636	0	0	0.000123967	0.888889	0
	0.663	2.06612e-05	0.000103306	0.863636	0	0	0.000123967	0.888889	0
	0.664	0	0.000206612	0.863636	0	0	0.00018595	0.888889	0
	0.665	4.13223e-05	0.000165289	0.863636	0	0	0.00018595	0.888889	0
	0.666	0	0.00018595	0.863636	0	0	0.000206612	0.888889	0
	0.667	2.06612e-05	0.000227273	0.863636	0	2.06612e-05	8.26446e-05	0.888889	0
	0.668	2.06612e-05	8.26446e-05	0.904762	0	2.06612e-05	0.000123967	0.941176	0
	0.669	0	0.000165289	0.95	0	0	0.000227273	1	0
	0.67	0	0.000268595	0.95	0	0	0.000247934	1	0
	0.671	0	0.000165289	0.95	0	0	0.00018595	1	0
	0.672	0	0.00018595	0.95	0	0	0.000247934	1	0
	0.673	4.13223e-05	0.000123967	0.95	0	0	0.000165289	1	0
	0.674	0	0.000206612	0.95	0	0	0.000309917	1	0
	0.675	0	0.000247934	0.95	0	0	0.000165289	1	0
	0.676	0	0.00035124	0.95	0	0	0.000330579	1	0
	0.677	0	0.000309917	0.95	0	0	0.000227273	1	0
	0.678	0	0.00018595	0.95	0	0	0.00018595	1	0
	0.679	0	0.000247934	0.95	0	0	0.000247934	1	0
	0.68	0	0.000289256	0.95	0	0	0.000227273	1	0
	0.681	0	0.000268595	0.95	0	0	0.00018595	1	0
	0.682	0	0.000371901	0.95	0	0	0.000309917	1	0
	0.683	0	0.000227273	0.95	0	0	0.000268595	1	0
	0.684	2.06612e-05	0.000433884	0.95	0	0	0.000516529	1	0
	0.685	0	0.000557851	0.95	0	0	0.000475207	1	0
	0.686	0	0.000413223	0.95	0	0	0.000413223	1	0
	0.687	0	0.000433884	0.95	0	0	0.000454545	1	0
	0.688	0	0.000454545	0.95	0	0	0.00053719	1	0
	0.689	0	0.00035124	0.95	0	0	0.000433884	1	0
	0.69	2.06612e-05	0.000619835	0.95	0	0	0.000702479	1	0
	0.691	0	0.000599174	1	0	0	0.000578512	1	0
	0.692	0	0.000433884	1	0	0	0.000475207	1	0
	0.693	0	0.000557851	1	0	0	0.000516529	1	0
	0.694	0	0.000433884	1	0	0	0.000516529	1	0
	0.695	0	0.00053719	1	0	0	0.000495868	1	0
	0.696	0	0.000371901	1	0	0	0.000454545	1	0
	0.697	0	0.000743802	1	0	0	0.000785124	1	0
	0.698	0	0.000640496	1	0	0	0.000599174	1	0
	0.699	0	0.000681818	1	0	0	0.000640496	1	0
	0.7	0	0.000681818	1	0	0	0.000619835	1	0
	0.701	0	0.000578512	1	0	0	0.000661157	1	0
	0.702	0	0.000599174	1	0	0	0.000599174	1	0
	0.703	0	0.000495868	1	0	0	0.000599174	1	0
	0.704	0	0.000826446	1	0	0	0.000661157	1	0
	0.705	0	0.00105372	1	0	0	0.0010124	1	0
	0.706	0	0.000702479	1	0	0	0.000847107	1	0
	0.707	0	0.000681818	1	0	0	0.000681818	1	0
	0.708	0	0.00088843	1	0	0	0.00088843	1	0
	0.709	0	0.000661157	1	0	0	0.00072314	1	0
	0.71	0	0.000661157	1	0	0	0.000743802	1	0
	0.711	0	0.000578512	1	0	0	0.000702479	1	0
	0.712	0	0.000702479	1	0	0	0.000764463	1	0
	0.713	0	0.000578512	1	0	0	0.000661157	1	0
	0.714	0	0.00088843	1	0	0	0.00072314	1	0
	0.715	0	0.000640496	1	0	0	0.000661157	1	0
	0.716	0	0.00072314	1	0	0	0.000640496	1	0
	0.717	0	0.000454545	1	0	0	0.000495868	1	0
	0.718	0	0.000578512	1	0	0	0.000454545	1	0
	0.719	0	0.00053719	1	0	0	0.000516529	1	0
	0.72	0	0.000475207	1	0	0	0.000516529	1	0
	0.721	0	0.000475207	1	0	0	0.000371901	1	0
	0.722	0	0.000475207	1	0	0	0.000392562	1	0
	0.723	0	0.000309917	1	0	0	0.000247934	1	0
	0.724	0	0.000371901	1	0	0	0.00035124	1	0
	0.725	0	0.000475207	1	0	0	0.000330579	1	0
	0.726	0	0.000289256	1	0	0	0.000227273	1	0
	0.727	0	0.000309917	1	0	0	0.000227273	1	0
	0.728	0	0.000289256	1	0	0	0.000227273	1	0
	0.729	0	0.000309917	1	0	0	0.000289256	1	0
	0.73	0	0.000227273	1	0	0	0.000206612	1	0
	0.731	0	0.000289256	1	0	0	0.000227273	1	0
	0.732	0	0.000309917	1	0	0	0.000227273	1	0
	0.733	0	0.000144628	1	0	0	0.000103306	1	0
	0.734	0	0.00018595	1	0	0	0.000206612	1	0
	0.735	0	0.000289256	1	0	0	0.000247934	1	0
	0.736	0	0.000330579	1	0	0	0.000227273	1	0
	0.737	0	0.000144628	1	0	0	6.19835e-05	1	0
	0.738	0	0.00018595	1	0	0	0.000103306	1	0
	0.739	0	0.000144628	1	0	0	0.000103306	1	0
	0.74	0	0.00018595	1	0	0	6.19835e-05	1	0
	0.741	0	0.000165289	1	0	0	0.000123967	1	0
	0.742	0	0.000165289	1	0	0	8.26446e-05	1	0
	0.743	0	0.000103306	1	0	0	8.26446e-05	1	0
	0.744	0	8.26446e-05	1	0	0	6.19835e-05	1	0
	0.745	0	0.000103306	1	0	0	6.19835e-05	1	0
	0.746	0	8.26446e-05	1	0	0	6.19835e-05	1	0
	0.747	0	6.19835e-05	1	0	0	4.13223e-05	1	0
	0.748	0	0.000165289	1	0	0	6.19835e-05	1	0
	0.749	0	0.000123967	1	0	0	4.13223e-05	1	0
	0.75	0	2.06612e-05	1	0	0	2.06612e-05	1	0
	0.751	0	6.19835e-05	1	0	0	6.19835e-05	1	0
	0.752	0	8.26446e-05	1	0	0	2.06612e-05	1	0
	0.753	0	8.26446e-05	1	0	0	4.13223e-05	1	0
	0.754	0	4.13223e-05	1	0	0	2.06612e-05	1	0
	0.755	0	0	1	0	0	0	1	0
	0.756	0	2.06612e-05	1	0	0	0	1	0
	0.757	0	0.000103306	1	0	0	0.000103306	1	0
	0.758	0	0.000103306	1	0	0	6.19835e-05	1	0
	0.759	2.06612e-05	4.13223e-05	1	0	2.06612e-05	2.06612e-05	1	0
	0.76	2.06612e-05	2.06612e-05	0.947368	0	2.06612e-05	2.06612e-05	0.9375	0
	0.761	2.06612e-05	0.000123967	0.947368	0	2.06612e-05	2.06612e-05	0.9375	0
	0.762	0	4.13223e-05	0.947368	0	0	4.13223e-05	0.9375	0
	0.763	0	6.19835e-05	0.947368	0	0	4.13223e-05	0.9375	0
	0.764	0	6.19835e-05	0.947368	0	0	6.19835e-05	0.9375	0
	0.765	0	4.13223e-05	0.947368	0	0	2.06612e-05	0.9375	0
	0.766	2.06612e-05	8.26446e-05	0.947368	0	2.06612e-05	4.13223e-05	0.9375	0
	0.767	0	6.19835e-05	0.947368	0	0	2.06612e-05	0.9375	0
	0.768	2.06612e-05	6.19835e-05	0.947368	0	2.06612e-05	4.13223e-05	0.9375	0
	0.769	2.06612e-05	6.19835e-05	0.947368	0	2.06612e-05	4.13223e-05	0.9375	0
	0.77	0	0.000103306	0.947368	0	0	6.19835e-05	0.9375	0
	0.771	0	6.19835e-05	0.947368	0	0	2.06612e-05	0.9375	0
	0.772	2.06612e-05	2.06612e-05	0.947368	0	2.06612e-05	4.13223e-05	0.9375	0
	0.773	0	4.13223e-05	0.947368	0	0	2.06612e-05	0.9375	0
	0.774	2.06612e-05	0.000103306	0.947368	0	2.06612e-05	4.13223e-05	0.9375	0
	0.775	8.26446e-05	0	0.947368	0	8.26446e-05	0	0.9375	0
	0.776	0	4.13223e-05	0.947368	0	0	2.06612e-05	0.9375	0
	0.777	2.06612e-05	4.13223e-05	0.947368	0	2.06612e-05	4.13223e-05	0.9375	0
	0.778	0	0.000103306	0.947368	0	0	4.13223e-05	0.9375	0
	0.779	0	4.13223e-05	0.947368	0	0	2.06612e-05	0.9375	0
	0.78	2.06612e-05	0	0.947368	0	2.06612e-05	0	0.9375	0
	0.781	4.13223e-05	2.06612e-05	0.947368	0	4.13223e-05	0	0.9375	0
	0.782	2.06612e-05	2.06612e-05	0.947368	0	2.06612e-05	4.13223e-05	0.9375	0
	0.783	6.19835e-05	2.06612e-05	0.947368	0	6.19835e-05	0	0.9375	0
	0.784	2.06612e-05	2.06612e-05	0.947368	0	2.06612e-05	4.13223e-05	0.9375	0
	0.785	0.000103306	2.06612e-05	0.947368	0	0.000103306	0	0.9375	0
	0.786	4.13223e-05	4.13223e-05	0.947368	0	4.13223e-05	4.13223e-05	0.9375	0
	0.787	6.19835e-05	0	0.947368	0	6.19835e-05	0	0.9375	0
	0.788	6.19835e-05	2.06612e-05	0.947368	0	6.19835e-05	0	0.9375	0
	0.789	2.06612e-05	0.000103306	0.947368	0	2.06612e-05	8.26446e-05	0.9375	0
	0.79	0	4.13223e-05	0.947368	0	0	2.06612e-05	0.9375	0
	0.791	0	6.19835e-05	0.947368	0	0	2.06612e-05	0.9375	0
	0.792	0	0	0.947368	0	0	0	0.9375	0
	0.793	6.19835e-05	8.26446e-05	0.947368	0	6.19835e-05	6.19835e-05	0.9375	0
	0.794	4.13223e-05	6.19835e-05	0.947368	0	4.13223e-05	4.13223e-05	0.9375	0
	0.795	8.26446e-05	0.000103306	0.947368	0	6.19835e-05	6.19835e-05	0.9375	0
	0.796	8.26446e-05	2.06612e-05	0.894737	0	8.26446e-05	0	0.9375	0
	0.797	0.000103306	0	0.894737	0	0.000103306	0	0.9375	0
	0.798	0.000144628	0.000103306	0.894737	0	0.000144628	0.000103306	0.9375	0
	0.799	0.000123967	2.06612e-05	0.894737	0	8.26446e-05	0	0.9375	0
	0.8	4.13223e-05	0	0.842105	0	4.13223e-05	0	0.9375	0
	0.801	0.000165289	2.06612e-05	0.842105	0	0.000123967	4.13223e-05	0.9375	0
	0.802	2.06612e-05	4.13223e-05	0.842105	0	2.06612e-05	2.06612e-05	0.9375	0
	0.803	8.26446e-05	8.26446e-05	0.842105	0	8.26446e-05	6.19835e-05	0.9375	0
	0.804	8.26446e-05	0	0.842105	0	6.19835e-05	0	0.9375	0
	0.805	4.13223e-05	0	0.842105	0	4.13223e-05	0	0.9375	0
	0.806	6.19835e-05	8.26446e-05	0.842105	0	4.13223e-05	8.26446e-05	0.9375	0
	0.807	6.19835e-05	4.13223e-05	0.842105	0	2.06612e-05	2.06612e-05	0.9375	0
	0.808	8.26446e-05	6.19835e-05	0.842105	0	4.13223e-05	0	0.9375	0
	0.809	8.26446e-05	0	0.842105	0	4.13223e-05	0	0.9375	0
	0.81	4.13223e-05	4.13223e-05	0.842105	0	2.06612e-05	2.06612e-05	0.9375	0
	0.811	4.13223e-05	2.06612e-05	0.842105	0	4.13223e-05	2.06612e-05	0.9375	0
	0.812	4.13223e-05	2.06612e-05	0.842105	0	0	0	0.9375	0
	0.813	2.06612e-05	0	0.842105	0	2.06612e-05	0	0.9375	0
	0.814	0.000123967	2.06612e-05	0.842105	0	4.13223e-05	2.06612e-05	0.9375	0
	0.815	0.000103306	0	0.842105	0	2.06612e-05	0	0.9375	0
	0.816	2.06612e-05	4.13223e-05	0.842105	0	0	4.13223e-05	0.9375	0
	0.817	6.19835e-05	0	0.842105	0	0	0	0.9375	0
	0.818	0.000144628	2.06612e-05	0.842105	0	0	2.06612e-05	0.9375	0
	0.819	0.000103306	2.06612e-05	0.842105	0	2.06612e-05	2.06612e-05	0.9375	0
	0.82	0.000123967	2.06612e-05	0.842105	0	0	2.06612e-05	0.9375	0
	0.821	0.000144628	6.19835e-05	0.842105	0	0	4.13223e-05	0.9375	0
	0.822	0.00018595	0	0.842105	0	2.06612e-05	2.06612e-05	0.9375	0
	0.823	4.13223e-05	4.13223e-05	0.842105	0	0	4.13223e-05	0.9375	0
	0.824	0.000144628	0	0.842105	0	0	0	0.9375	0
	0.825	0.000165289	0.000103306	0.842105	0	4.13223e-05	4.13223e-05	0.9375	0
	0.826	0.000103306	4.13223e-05	0.842105	0	0	4.13223e-05	0.9375	0
	0.827	0.000103306	2.06612e-05	0.842105	0	0	2.06612e-05	0.9375	0
	0.828	0.000227273	0	0.842105	0	0	0	0.9375	0
	0.829	8.26446e-05	4.13223e-05	0.842105	0	0	4.13223e-05	0.9375	0
	0.83	0.000123967	0	0.842105	0	0	0	0.9375	0
	0.831	0.000165289	0	0.842105	0	0	0	0.9375	0
	0.832	0.000123967	0	0.842105	0	0	0	0.9375	0
	0.833	8.26446e-05	0	0.842105	0	0	0	0.9375	0
	0.834	0.000165289	0	0.842105	0	2.06612e-05	0	0.9375	0
	0.835	0.000103306	2.06612e-05	0.888889	0	0	0	1	0
	0.836	0.000144628	0	0.888889	0	0	0	1	0
	0.837	8.26446e-05	2.06612e-05	0.888889	0	0	6.19835e-05	1	0
	0.838	0.000123967	8.26446e-05	0.888889	0	0	4.13223e-05	1	0
	0.839	0.000103306	0	0.888889	0	0	0	1	0
	0.84	4.13223e-05	6.19835e-05	0.888889	0	0	6.19835e-05	1	0
	0.841	6.19835e-05	2.06612e-05	0.888889	0	0	4.13223e-05	1	0
	0.842	6.19835e-05	2.06612e-05	0.888889	0	0	0	1	0
	0.843	0.000103306	2.06612e-05	0.888889	0	0	0	1	0
	0.844	8.26446e-05	2.06612e-05	0.888889	0	0	2.06612e-05	1	0
	0.845	4.13223e-05	0	0.888889	0	0	0	1	0
	0.846	6.19835e-05	0	0.888889	0	0	2.06612e-05	1	0
	0.847	2.06612e-05	2.06612e-05	0.888889	0	0	2.06612e-05	1	0
	0.848	6.19835e-05	0	0.888889	0	0	4.13223e-05	1	0
	0.849	4.13223e-05	2.06612e-05	0.888889	0	0	2.06612e-05	1	0
	0.85	2.06612e-05	2.06612e-05	0.888889	0	0	4.13223e-05	1	0
	0.851	0.000123967	0	0.888889	0	0	0	1	0
	0.852	0	4.13223e-05	0.888889	0	0	2.06612e-05	1	0
	0.853	4.13223e-05	2.06612e-05	0.888889	0	0	2.06612e-05	1	0
	0.854	0	4.13223e-05	0.888889	0	0	2.06612e-05	1	0
	0.855	2.06612e-05	0	0.888889	0	0	0	1	0
	0.856	6.19835e-05	4.13223e-05	0.833333	0	0	2.06612e-05	1	0
	0.857	4.13223e-05	0	0.882353	0	0	0	1	0
	0.858	0.000103306	6.19835e-05	0.882353	0	0	6.19835e-05	1	0
	0.859	0	0	0.882353	0	0	4.13223e-05	1	0
	0.86	4.13223e-05	4.13223e-05	0.882353	0	0	4.13223e-05	1	0
	0.861	0.000123967	2.06612e-05	0.882353	0	0	0	1	0
	0.862	6.19835e-05	2.06612e-05	0.882353	0	0	4.13223e-05	1	0
	0.863	0.000103306	4.13223e-05	0.9375	0	0	6.19835e-05	1	0
	0.864	0.000103306	2.06612e-05	0.9375	0	0	2.06612e-05	1	0
	0.865	2.06612e-05	6.19835e-05	0.9375	0	0	2.06612e-05	1	0
	0.866	8.26446e-05	2.06612e-05	0.9375	0	0	2.06612e-05	1	0
	0.867	2.06612e-05	0	0.9375	0	0	0	1	0
	0.868	4.13223e-05	2.06612e-05	0.9375	0	0	2.06612e-05	1	0
	0.869	8.26446e-05	2.06612e-05	0.9375	0	0	2.06612e-05	1	0
	0.87	2.06612e-05	2.06612e-05	0.9375	0	0	0	1	0
	0.871	0.000165289	0	0.9375	0	0	0	1	0
	0.872	6.19835e-05	0	0.9375	0	0	2.06612e-05	1	0
	0.873	6.19835e-05	2.06612e-05	0.9375	0	0	0	1	0
	0.874	6.19835e-05	2.06612e-05	0.9375	0	0	0	1	0
	0.875	6.19835e-05	2.06612e-05	0.9375	0	0	0	1	0
	0.876	6.19835e-05	4.13223e-05	0.9375	0	0	4.13223e-05	1	0
	0.877	8.26446e-05	6.19835e-05	0.9375	0	0	4.13223e-05	1	0
	0.878	4.13223e-05	2.06612e-05	0.9375	0	0	0	1	0
	0.879	2.06612e-05	0	0.9375	0	0	0	1	0
	0.88	4.13223e-05	4.13223e-05	0.9375	0	0	2.06612e-05	1	0
	0.881	6.19835e-05	0	0.9375	0	0	0	1	0
	0.882	4.13223e-05	4.13223e-05	0.9375	0	0	0	1	0
	0.883	6.19835e-05	2.06612e-05	0.9375	0	0	2.06612e-05	1	0
	0.884	2.06612e-05	2.06612e-05	0.9375	0	0	2.06612e-05	1	0
	0.885	6.19835e-05	2.06612e-05	0.9375	0	0	2.06612e-05	1	0
	0.886	8.26446e-05	0	0.9375	0	0	0	1	0
	0.887	4.13223e-05	2.06612e-05	0.9375	0	0	2.06612e-05	1	0
	0.888	6.19835e-05	0	0.9375	0	0	0	1	0
	0.889	2.06612e-05	6.19835e-05	0.9375	0	0	6.19835e-05	1	0
	0.89	0	4.13223e-05	0.9375	0	0	4.13223e-05	1	0
	0.891	2.06612e-05	0	0.9375	0	0	0	1	0
	0.892	2.06612e-05	2.06612e-05	0.9375	0	0	2.06612e-05	1	0
	0.893	2.06612e-05	0	0.9375	0	0	0	1	0
	0.894	0	4.13223e-05	0.9375	0	0	4.13223e-05	1	0
	0.895	0	0	0.9375	0	0	0	1	0
	0.896	0	2.06612e-05	0.9375	0	0	2.06612e-05	1	0
	0.897	2.06612e-05	2.06612e-05	0.9375	0	0	2.06612e-05	1	0
	0.898	0	2.06612e-05	0.9375	0	0	2.06612e-05	1	0
	0.899	0	6.19835e-05	0.9375	0	0	6.19835e-05	1	0
	0.9	0	4.13223e-05	0.9375	0	0	4.13223e-05	1	0
	0.901	0	0	0.9375	0	0	0	1	0
	0.902	2.06612e-05	0	0.9375	0	0	0	1	0
	0.903	0	2.06612e-05	0.9375	0	0	2.06612e-05	1	0
	0.904	0	0	0.9375	0	0	0	1	0
	0.905	0	2.06612e-05	0.9375	0	0	2.06612e-05	1	0
	0.906	0	0	0.9375	0	0	0	1	0
	0.907	0	0	0.9375	0	0	0	1	0
	0.908	0	0	0.9375	0	0	0	1	0
	0.909	0	2.06612e-05	0.9375	0	0	2.06612e-05	1	0
	0.91	0	0	0.9375	0	0	0	1	0
	0.911	0	2.06612e-05	0.9375	0	0	2.06612e-05	1	0
	0.912	0	0	0.9375	0	0	0	1	0
	0.913	0	0	0.9375	0	0	0	1	0
	0.914	2.06612e-05	0	0.9375	0	0	0	1	0
	0.915	2.06612e-05	2.06612e-05	1	0	2.06612e-05	2.06612e-05	1	0
	0.916	0	2.06612e-05	0.933333	0	0	2.06612e-05	0.933333	0
	0.917	0	0	0.933333	0	0	0	0.933333	0
	0.918	2.06612e-05	0	0.933333	0	2.06612e-05	0	0.933333	0
	0.919	0	2.06612e-05	0.933333	0	0	0	0.933333	0
	0.92	4.13223e-05	0	0.933333	0	4.13223e-05	0	0.933333	0
	0.921	0	2.06612e-05	0.933333	0	0	2.06612e-05	0.933333	0
	0.922	2.06612e-05	0	0.933333	0	2.06612e-05	0	0.933333	0
	0.923	2.06612e-05	0	0.933333	0	2.06612e-05	0	0.933333	0
	0.924	4.13223e-05	0	0.933333	0	4.13223e-05	0	0.933333	0
	0.925	0	0	0.933333	0	0	0	0.933333	0
	0.926	0	4.13223e-05	0.933333	0	0	4.13223e-05	0.933333	0
	0.927	8.26446e-05	2.06612e-05	0.933333	0	8.26446e-05	2.06612e-05	0.933333	0
	0.928	6.19835e-05	2.06612e-05	0.933333	0	6.19835e-05	2.06612e-05	0.933333	0
	0.929	4.13223e-05	4.13223e-05	0.933333	0	4.13223e-05	4.13223e-05	0.933333	0
	0.93	0.000144628	0	0.933333	0	0.000144628	0	0.933333	0
	0.931	0.000123967	0	0.933333	0	0.000123967	0	0.933333	0
	0.932	8.26446e-05	0	0.933333	0	8.26446e-05	0	0.933333	0
	0.933	2.06612e-05	0	0.933333	0	2.06612e-05	0	0.933333	0
	0.934	2.06612e-05	0	0.933333	0	2.06612e-05	0	0.933333	0
	0.935	0.000144628	0	0.933333	0	0.000144628	0	0.933333	0
	0.936	4.13223e-05	4.13223e-05	0.933333	0	4.13223e-05	4.13223e-05	0.933333	0
	0.937	0.000123967	0	0.933333	0	0.000123967	0	0.933333	0
	0.938	8.26446e-05	0	0.933333	0	8.26446e-05	0	0.933333	0
	0.939	0.000103306	0	0.933333	0	0.000103306	0	0.933333	0
	0.94	6.19835e-05	0	0.933333	0	6.19835e-05	0	0.933333	0
	0.941	0.000144628	0	0.933333	0	0.000144628	0	0.933333	0
	0.942	6.19835e-05	2.06612e-05	0.933333	0	6.19835e-05	2.06612e-05	0.933333	0
	0.943	8.26446e-05	4.13223e-05	0.933333	0	8.26446e-05	4.13223e-05	0.933333	0
	0.944	8.26446e-05	0	0.933333	0	8.26446e-05	0	0.933333	0
	0.945	8.26446e-05	2.06612e-05	0.933333	0	8.26446e-05	2.06612e-05	0.933333	0
	0.946	8.26446e-05	0	0.933333	0	8.26446e-05	0	0.933333	0
	0.947	6.19835e-05	0	0.933333	0	6.19835e-05	0	0.933333	0
	0.948	4.13223e-05	2.06612e-05	0.933333	0	4.13223e-05	2.06612e-05	0.933333	0
	0.949	4.13223e-05	0	0.933333	0	4.13223e-05	0	0.933333	0
	0.95	0	0	0.933333	0	0	0	0.933333	0
	0.951	4.13223e-05	0	0.933333	0	4.13223e-05	0	0.933333	0
	0.952	0	0	0.933333	0	0	0	0.933333	0
	0.953	0	4.13223e-05	0.933333	0	0	2.06612e-05	0.933333	0
	0.954	2.06612e-05	0	0.933333	0	2.06612e-05	0	0.933333	0
	0.955	0	0	0.933333	0	0	0	0.933333	0
	0.956	2.06612e-05	2.06612e-05	0.933333	0	2.06612e-05	2.06612e-05	0.933333	0
	0.957	0	0	1	0	0	0	1	0
	0.958	0	0	1	0	0	0	1	0
	0.959	0	2.06612e-05	1	0	0	2.06612e-05	1	0
	0.96	0	0	1	0	0	0	1	0
	0.961	0	0	1	0	0	0	1	0
	0.962	0	0	1	0	0	0	1	0
	0.963	0	0	1	0	0	0	1	0
	0.964	0	4.13223e-05	1	0	0	4.13223e-05	1	0
	0.965	0	0	1	0	0	0	1	0
	0.966	0	0	1	0	0	0	1	0
	0.967	0	2.06612e-05	1	0	0	2.06612e-05	1	0
	0.968	0	0	1	0	0	0	1	0
	0.969	0	4.13223e-05	1	0	0	4.13223e-05	1	0
	0.97	0	2.06612e-05	1	0	0	2.06612e-05	1	0
	0.971	0	0	1	0	0	0	1	0
	0.972	0	2.06612e-05	1	0	0	2.06612e-05	1	0
	0.973	0	2.06612e-05	1	0	0	2.06612e-05	1	0
	0.974	0	2.06612e-05	1	0	0	2.06612e-05	1	0
	0.975	0	0	1	0	0	0	1	0
	0.976	0	4.13223e-05	1	0	0	4.13223e-05	1	0
	0.977	0	0	1	0	0	0	1	0
	0.978	0	4.13223e-05	1	0	0	4.13223e-05	1	0
	0.979	0	2.06612e-05	1	0	0	2.06612e-05	1	0
	0.98	0	0	1	0	0	0	1	0
	0.981	0	2.06612e-05	1	0	0	2.06612e-05	1	0
	0.982	0	0	1	0	0	0	1	0
	0.983	0	0	1	0	0	0	1	0
	0.984	2.06612e-05	0	1	0	2.06612e-05	0	1	0
	0.985	0	0	0.928571	0	0	0	0.928571	0
	0.986	4.13223e-05	0	0.928571	0	4.13223e-05	0	0.928571	0
	0.987	4.13223e-05	2.06612e-05	0.928571	0	4.13223e-05	2.06612e-05	0.928571	0
	0.988	0	2.06612e-05	0.928571	0	0	2.06612e-05	0.928571	0
	0.989	0.000144628	2.06612e-05	0.928571	0	0.000144628	2.06612e-05	0.928571	0
	0.99	0.000144628	0	0.928571	0	0.000144628	0	0.928571	0
	0.991	0.000206612	0	0.928571	0	0.000206612	0	0.928571	0
	0.992	0.000330579	0	0.928571	0	0.000330579	0	0.928571	0
	0.993	0.00035124	0	0.928571	0	0.00035124	0	0.928571	0
	0.994	0.000371901	2.06612e-05	0.857143	0	0.000371901	2.06612e-05	0.857143	0
	0.995	0.000578512	2.06612e-05	0.857143	0	0.000578512	2.06612e-05	0.857143	0
	0.996	0.000371901	6.19835e-05	0.857143	0	0.000371901	6.19835e-05	0.857143	0
	0.997	0.000619835	4.13223e-05	0.857143	0	0.000619835	4.13223e-05	0.857143	0
	0.998	0.00072314	0	0.785714	0	0.00072314	0	0.785714	0
	0.999	0.000702479	4.13223e-05	0.785714	0	0.000702479	4.13223e-05	0.785714	0
	1	0.0242769	0.000619835	0.846154	0	0.0242769	0.000599174	0.846154	0


#	yrange	sparsity	# links	zeta	support at cross	fraction FP	support at cross2	fraction FP2
	0	0.0764463	37	0.00759103	0.988	0.0293907	0.988	0.0293907
	0.4	0.0764463	37	0.00759103	0.988	0.0293907	0.988	0.0293907
