#	Frequencies and overlap
#	bins	MYC	shuffle	overlap_MYC	overlap_shuffle	SIGN_MYC	SIGNshuffle	SIGNoverlap_MYC	SIGNoverlap_shuffle
	0	0.851901	0.686426	1	1	0.901529	0.764876	0.863445	0.0764463
	0.001	0.0261364	0.056405	0.328571	0	0.0114876	0.0270455	0.527778	0
	0.002	0.0109917	0.026343	0.461538	0	0.00448347	0.0140289	0.654545	0
	0.003	0.00747934	0.0160744	0.519481	0	0.00278926	0.00940083	0.673077	0
	0.004	0.00588843	0.0119628	0.58209	0	0.00192149	0.00754132	0.777778	0
	0.005	0.00493802	0.0103719	0.569231	0	0.00140496	0.00663223	0.733333	0
	0.006	0.00380165	0.00710744	0.637931	0	0.000929752	0.00471074	0.804878	0
	0.007	0.00316116	0.00605372	0.642857	0	0.00113636	0.0042562	0.780488	0
	0.008	0.00216942	0.00508264	0.692308	0	0.00103306	0.00365702	0.842105	0
	0.009	0.00200413	0.00489669	0.686275	0	0.00119835	0.00328512	0.789474	0
	0.01	0.00161157	0.00423554	0.66	0	0.00115702	0.00301653	0.763158	0
	0.011	0.00142562	0.00411157	0.6875	0	0.00117769	0.0031405	0.763158	0
	0.012	0.00132231	0.00345041	0.711111	0	0.00109504	0.00254132	0.756757	0
	0.013	0.000867769	0.00318182	0.727273	0	0.000785124	0.00237603	0.756757	0
	0.014	0.0010124	0.00285124	0.744186	0	0.00105372	0.00219008	0.756757	0
	0.015	0.00117769	0.00280992	0.761905	0	0.00119835	0.0021281	0.756757	0
	0.016	0.00113636	0.00245868	0.761905	0	0.0011157	0.00181818	0.756757	0
	0.017	0.00132231	0.00239669	0.731707	0	0.0013843	0.00169421	0.722222	0
	0.018	0.000847107	0.0022314	0.763158	0	0.00072314	0.00171488	0.735294	0
	0.019	0.000971074	0.00188017	0.763158	0	0.000991736	0.00146694	0.735294	0
	0.02	0.000991736	0.00194215	0.763158	0	0.000991736	0.00144628	0.735294	0
	0.021	0.000702479	0.00154959	0.763158	0	0.000619835	0.00123967	0.735294	0
	0.022	0.000764463	0.00181818	0.783784	0	0.000743802	0.00154959	0.757576	0
	0.023	0.000702479	0.00152893	0.783784	0	0.000702479	0.00130165	0.757576	0
	0.024	0.000743802	0.0014876	0.783784	0	0.000702479	0.00123967	0.757576	0
	0.025	0.00072314	0.00150826	0.783784	0	0.000661157	0.00121901	0.757576	0
	0.026	0.000578512	0.00121901	0.756757	0	0.00053719	0.000929752	0.78125	0
	0.027	0.000619835	0.00128099	0.823529	0	0.000557851	0.00113636	0.833333	0
	0.028	0.000516529	0.00123967	0.823529	0	0.000495868	0.00103306	0.833333	0
	0.029	0.000557851	0.00130165	0.823529	0	0.00053719	0.00119835	0.833333	0
	0.03	0.00072314	0.00136364	0.823529	0	0.000578512	0.00126033	0.833333	0
	0.031	0.000371901	0.00134298	0.823529	0	0.000371901	0.000971074	0.833333	0
	0.032	0.00053719	0.000909091	0.823529	0	0.000433884	0.000764463	0.833333	0
	0.033	0.000578512	0.00128099	0.848485	0	0.000454545	0.0010124	0.862069	0
	0.034	0.000247934	0.000826446	0.848485	0	0.000165289	0.000702479	0.862069	0
	0.035	0.000516529	0.00105372	0.848485	0	0.000227273	0.00088843	0.862069	0
	0.036	0.000413223	0.000826446	0.848485	0	0.000206612	0.000785124	0.862069	0
	0.037	0.000330579	0.000599174	0.875	0	0.000206612	0.000557851	0.892857	0
	0.038	0.000227273	0.000950413	0.875	0	0.000123967	0.00088843	0.892857	0
	0.039	0.000392562	0.00105372	0.875	0	0.00018595	0.000950413	0.892857	0
	0.04	0.000123967	0.00088843	0.875	0	4.13223e-05	0.000764463	0.892857	0
	0.041	0.00018595	0.000826446	0.903226	0	6.19835e-05	0.00072314	0.925926	0
	0.042	6.19835e-05	0.000661157	0.903226	0	2.06612e-05	0.00053719	0.925926	0
	0.043	6.19835e-05	0.000681818	0.903226	0	6.19835e-05	0.000599174	0.925926	0
	0.044	6.19835e-05	0.00072314	0.933333	0	2.06612e-05	0.000599174	0.961538	0
	0.045	0.000123967	0.0010124	0.933333	0	2.06612e-05	0.000867769	0.961538	0
	0.046	0.000103306	0.000867769	0.933333	0	6.19835e-05	0.000826446	0.961538	0
	0.047	2.06612e-05	0.000475207	0.896552	0	0	0.00035124	0.92	0
	0.048	0	0.000661157	0.862069	0	0	0.000640496	0.92	0
	0.049	0.000103306	0.00053719	0.862069	0	6.19835e-05	0.000475207	0.92	0
	0.05	2.06612e-05	0.000909091	0.862069	0	0	0.000826446	0.92	0
	0.051	6.19835e-05	0.000475207	0.862069	0	2.06612e-05	0.000392562	0.92	0
	0.052	8.26446e-05	0.000578512	0.892857	0	8.26446e-05	0.00053719	0.92	0
	0.053	4.13223e-05	0.000743802	0.892857	0	4.13223e-05	0.000640496	0.92	0
	0.054	4.13223e-05	0.000557851	0.892857	0	4.13223e-05	0.000557851	0.92	0
	0.055	0.000123967	0.000454545	0.892857	0	0.000103306	0.000413223	0.92	0
	0.056	0.000247934	0.000495868	0.892857	0	0.00018595	0.000433884	0.92	0
	0.057	0.000206612	0.000640496	0.892857	0	0.00018595	0.000557851	0.92	0
	0.058	0.000227273	0.000599174	0.892857	0	0.000144628	0.000619835	0.92	0
	0.059	0.000247934	0.000578512	0.857143	0	0.00018595	0.000557851	0.92	0
	0.06	0.000289256	0.000661157	0.857143	0	0.000206612	0.000599174	0.92	0
	0.061	0.000206612	0.000454545	0.821429	0	0.000206612	0.000413223	0.88	0
	0.062	0.000144628	0.00053719	0.821429	0	0.000103306	0.000433884	0.88	0
	0.063	0.000392562	0.000557851	0.821429	0	0.000309917	0.000578512	0.88	0
	0.064	0.000268595	0.000309917	0.821429	0	0.00018595	0.000309917	0.88	0
	0.065	0.000392562	0.000557851	0.821429	0	0.000268595	0.000475207	0.88	0
	0.066	0.000330579	0.000330579	0.821429	0	0.000206612	0.000330579	0.88	0
	0.067	0.000371901	0.00053719	0.821429	0	0.00018595	0.000516529	0.88	0
	0.068	0.000371901	0.000557851	0.821429	0	0.000227273	0.000557851	0.88	0
	0.069	0.000475207	0.000475207	0.821429	0	0.000309917	0.000433884	0.88	0
	0.07	0.000330579	0.000578512	0.821429	0	0.000206612	0.000557851	0.88	0
	0.071	0.000392562	0.000557851	0.821429	0	0.000144628	0.000516529	0.88	0
	0.072	0.000309917	0.000392562	0.821429	0	0.000123967	0.000371901	0.88	0
	0.073	0.000371901	0.000454545	0.821429	0	0.000165289	0.000413223	0.88	0
	0.074	0.000413223	0.00035124	0.821429	0	0.00018595	0.000289256	0.88	0
	0.075	0.000619835	0.000371901	0.821429	0	0.000413223	0.000330579	0.88	0
	0.076	0.000309917	0.000268595	0.821429	0	0.000144628	0.000247934	0.88	0
	0.077	0.000330579	0.000475207	0.821429	0	0.000165289	0.000495868	0.88	0
	0.078	0.000330579	0.000392562	0.821429	0	0.000165289	0.00035124	0.88	0
	0.079	0.000165289	0.000599174	0.821429	0	0.000123967	0.00053719	0.88	0
	0.08	0.00035124	0.00035124	0.821429	0	0.000165289	0.000392562	0.88	0
	0.081	0.000165289	0.000309917	0.821429	0	8.26446e-05	0.000247934	0.88	0
	0.082	0.000247934	0.000309917	0.821429	0	8.26446e-05	0.000309917	0.88	0
	0.083	0.000371901	0.000413223	0.821429	0	0.000206612	0.000392562	0.88	0
	0.084	6.19835e-05	0.000268595	0.814815	0	2.06612e-05	0.000268595	0.875	0
	0.085	0.00018595	0.000227273	0.814815	0	0.000103306	0.000206612	0.875	0
	0.086	0.000144628	0.000454545	0.814815	0	0.000103306	0.000392562	0.875	0
	0.087	0.00018595	0.000289256	0.814815	0	0.000123967	0.000309917	0.875	0
	0.088	0.00018595	0.000413223	0.846154	0	0.000144628	0.000392562	0.875	0
	0.089	0.000144628	0.00035124	0.846154	0	0.000123967	0.000330579	0.875	0
	0.09	6.19835e-05	0.000309917	0.88	0	4.13223e-05	0.000289256	0.913043	0
	0.091	8.26446e-05	0.00035124	0.88	0	6.19835e-05	0.000330579	0.913043	0
	0.092	8.26446e-05	0.000330579	0.88	0	8.26446e-05	0.00035124	0.913043	0
	0.093	0.00018595	0.000330579	0.88	0	0.000144628	0.000289256	0.913043	0
	0.094	0.000144628	0.000475207	0.88	0	0.000123967	0.000433884	0.913043	0
	0.095	6.19835e-05	0.00035124	0.88	0	6.19835e-05	0.000330579	0.913043	0
	0.096	8.26446e-05	0.000309917	0.88	0	8.26446e-05	0.000309917	0.913043	0
	0.097	0.000165289	0.000309917	0.88	0	0.000144628	0.000289256	0.913043	0
	0.098	0.000165289	0.000309917	0.88	0	0.000123967	0.000309917	0.913043	0
	0.099	8.26446e-05	0.000165289	0.916667	0	8.26446e-05	0.000144628	0.913043	0
	0.1	6.19835e-05	0.00018595	0.916667	0	6.19835e-05	0.000165289	0.913043	0
	0.101	8.26446e-05	0.000309917	0.956522	0	8.26446e-05	0.000309917	0.954545	0
	0.102	0.000123967	0.000371901	0.956522	0	0.000123967	0.000330579	0.954545	0
	0.103	0.000165289	0.000330579	0.956522	0	0.000165289	0.000309917	0.954545	0
	0.104	4.13223e-05	0.000371901	0.956522	0	4.13223e-05	0.000371901	0.954545	0
	0.105	6.19835e-05	0.000454545	0.956522	0	6.19835e-05	0.000475207	0.954545	0
	0.106	6.19835e-05	0.000165289	0.956522	0	6.19835e-05	0.000165289	0.954545	0
	0.107	2.06612e-05	0.000330579	0.956522	0	2.06612e-05	0.000289256	0.954545	0
	0.108	0.000103306	0.000206612	0.956522	0	0.000103306	0.000206612	0.954545	0
	0.109	8.26446e-05	0.000227273	0.956522	0	8.26446e-05	0.000206612	0.954545	0
	0.11	4.13223e-05	0.000330579	0.956522	0	4.13223e-05	0.00035124	0.954545	0
	0.111	4.13223e-05	0.000165289	0.956522	0	4.13223e-05	0.000144628	0.954545	0
	0.112	0	0.000123967	0.956522	0	0	0.000144628	0.954545	0
	0.113	0	0.000289256	0.956522	0	0	0.000247934	0.954545	0
	0.114	2.06612e-05	0.000309917	0.956522	0	2.06612e-05	0.000289256	0.954545	0
	0.115	0	0.00018595	0.956522	0	0	0.000165289	0.954545	0
	0.116	2.06612e-05	0.000330579	0.956522	0	2.06612e-05	0.000268595	0.954545	0
	0.117	0	0.00035124	0.956522	0	0	0.000371901	0.954545	0
	0.118	0	0.000268595	0.956522	0	0	0.000247934	0.954545	0
	0.119	0	0.000227273	0.956522	0	0	0.000247934	0.954545	0
	0.12	0	0.000268595	0.956522	0	0	0.000289256	0.954545	0
	0.121	2.06612e-05	0.000309917	0.956522	0	2.06612e-05	0.000247934	0.954545	0
	0.122	2.06612e-05	0.00018595	0.956522	0	2.06612e-05	0.000206612	0.954545	0
	0.123	0	0.000144628	0.956522	0	0	0.000144628	0.954545	0
	0.124	0	0.00018595	0.956522	0	0	0.000165289	0.954545	0
	0.125	2.06612e-05	0.000309917	0.956522	0	2.06612e-05	0.000309917	0.954545	0
	0.126	0	0.000247934	0.956522	0	0	0.000206612	0.954545	0
	0.127	2.06612e-05	6.19835e-05	0.956522	0	2.06612e-05	8.26446e-05	0.954545	0
	0.128	0	0.000309917	1	0	0	0.000268595	1	0
	0.129	0	0.00018595	1	0	0	0.00018595	1	0
	0.13	0	0.000144628	1	0	0	0.000103306	1	0
	0.131	0	0.000165289	1	0	0	0.00018595	1	0
	0.132	0	0.000165289	1	0	0	0.000165289	1	0
	0.133	0	0.000206612	1	0	0	0.000206612	1	0
	0.134	0	0.000247934	1	0	0	0.000227273	1	0
	0.135	0	0.000144628	1	0	0	0.000144628	1	0
	0.136	0	0.000227273	1	0	0	0.00018595	1	0
	0.137	0	0.000165289	1	0	0	0.000165289	1	0
	0.138	0	0.000309917	1	0	0	0.000268595	1	0
	0.139	0	0.000206612	1	0	0	0.000165289	1	0
	0.14	0	0.000309917	1	0	0	0.000309917	1	0
	0.141	0	0.00018595	1	0	0	0.00018595	1	0
	0.142	0	0.000268595	1	0	0	0.000268595	1	0
	0.143	0	8.26446e-05	1	0	0	8.26446e-05	1	0
	0.144	0	0.000247934	1	0	0	0.000289256	1	0
	0.145	0	0.000247934	1	0	0	0.000227273	1	0
	0.146	0	8.26446e-05	1	0	0	8.26446e-05	1	0
	0.147	0	0.000227273	1	0	0	0.000227273	1	0
	0.148	0	0.000206612	1	0	0	0.000165289	1	0
	0.149	0	0.00018595	1	0	0	0.000165289	1	0
	0.15	0	0.000268595	1	0	0	0.000268595	1	0
	0.151	0	0.000123967	1	0	0	0.000123967	1	0
	0.152	0	0.000165289	1	0	0	0.000165289	1	0
	0.153	0	0.000206612	1	0	0	0.000206612	1	0
	0.154	0	0.000165289	1	0	0	0.000165289	1	0
	0.155	0	0.000144628	1	0	0	0.000123967	1	0
	0.156	0	0.000247934	1	0	0	0.000268595	1	0
	0.157	0	0.000206612	1	0	0	0.000227273	1	0
	0.158	4.13223e-05	0.000227273	1	0	4.13223e-05	0.000206612	1	0
	0.159	0	0.000123967	0.954545	0	0	0.000103306	0.952381	0
	0.16	0	0.000227273	0.954545	0	0	0.000247934	0.952381	0
	0.161	0	0.000165289	0.954545	0	0	0.000144628	0.952381	0
	0.162	0	0.000206612	0.954545	0	0	0.00018595	0.952381	0
	0.163	2.06612e-05	0.000206612	0.954545	0	2.06612e-05	0.000227273	0.952381	0
	0.164	0	0.000227273	0.954545	0	0	0.000247934	0.952381	0
	0.165	0	0.00018595	0.954545	0	0	0.00018595	0.952381	0
	0.166	0	0.000144628	0.954545	0	0	0.000123967	0.952381	0
	0.167	0	0.000165289	0.954545	0	0	0.000165289	0.952381	0
	0.168	0	0.000165289	0.954545	0	0	0.000144628	0.952381	0
	0.169	0	0.000268595	0.954545	0	0	0.000268595	0.952381	0
	0.17	0	0.00018595	0.954545	0	0	0.00018595	0.952381	0
	0.171	2.06612e-05	6.19835e-05	0.954545	0	2.06612e-05	8.26446e-05	0.952381	0
	0.172	4.13223e-05	0.000309917	0.954545	0	4.13223e-05	0.000309917	0.952381	0
	0.173	0	0.000144628	0.954545	0	0	0.000165289	0.952381	0
	0.174	2.06612e-05	0.000247934	0.954545	0	2.06612e-05	0.00018595	0.952381	0
	0.175	2.06612e-05	8.26446e-05	0.954545	0	2.06612e-05	8.26446e-05	0.952381	0
	0.176	6.19835e-05	0.000123967	0.954545	0	4.13223e-05	0.000165289	0.952381	0
	0.177	6.19835e-05	0.000206612	0.909091	0	4.13223e-05	0.00018595	0.952381	0
	0.178	0.000144628	0.000165289	0.909091	0	0.000103306	0.000165289	0.952381	0
	0.179	2.06612e-05	0.000206612	0.909091	0	0	0.000206612	0.952381	0
	0.18	2.06612e-05	0.000144628	0.909091	0	2.06612e-05	0.000144628	0.952381	0
	0.181	4.13223e-05	0.000165289	0.909091	0	4.13223e-05	0.000144628	0.952381	0
	0.182	2.06612e-05	0.000268595	0.909091	0	2.06612e-05	0.000268595	0.952381	0
	0.183	0.000144628	0.000144628	0.909091	0	0.000144628	0.000144628	0.952381	0
	0.184	2.06612e-05	0.000227273	0.909091	0	2.06612e-05	0.000247934	0.952381	0
	0.185	0.000206612	0.000165289	0.909091	0	0.000144628	0.000165289	0.952381	0
	0.186	8.26446e-05	0.000165289	0.909091	0	4.13223e-05	0.000144628	0.952381	0
	0.187	8.26446e-05	0.000165289	0.909091	0	4.13223e-05	0.000165289	0.952381	0
	0.188	2.06612e-05	0.000144628	0.909091	0	2.06612e-05	0.000144628	0.952381	0
	0.189	0.000103306	0.000103306	0.909091	0	8.26446e-05	0.000103306	0.952381	0
	0.19	0.000103306	0.000206612	0.863636	0	4.13223e-05	0.000206612	0.904762	0
	0.191	0.000103306	8.26446e-05	0.863636	0	8.26446e-05	8.26446e-05	0.904762	0
	0.192	4.13223e-05	0.000165289	0.818182	0	2.06612e-05	0.000165289	0.857143	0
	0.193	0.000144628	0.000165289	0.818182	0	8.26446e-05	0.000165289	0.857143	0
	0.194	0.000206612	8.26446e-05	0.818182	0	8.26446e-05	0.000123967	0.857143	0
	0.195	8.26446e-05	0.000165289	0.818182	0	4.13223e-05	0.000144628	0.857143	0
	0.196	0.000165289	0.000227273	0.818182	0	0.000103306	0.00018595	0.857143	0
	0.197	0.000206612	0.00018595	0.818182	0	4.13223e-05	0.00018595	0.857143	0
	0.198	0.00018595	0.000268595	0.818182	0	8.26446e-05	0.000268595	0.857143	0
	0.199	0.000227273	0.000123967	0.818182	0	0.000144628	0.000123967	0.857143	0
	0.2	0.000206612	0.000165289	0.818182	0	0.000144628	0.000165289	0.857143	0
	0.201	0.00018595	0.00018595	0.818182	0	8.26446e-05	0.00018595	0.857143	0
	0.202	0.000206612	0.000289256	0.818182	0	0.000123967	0.000289256	0.857143	0
	0.203	0.000206612	0.00018595	0.818182	0	0.000144628	0.000165289	0.857143	0
	0.204	0.000247934	0.000309917	0.818182	0	0.000103306	0.000268595	0.857143	0
	0.205	6.19835e-05	0.000247934	0.818182	0	6.19835e-05	0.000268595	0.857143	0
	0.206	0.000103306	0.000227273	0.818182	0	0.000103306	0.000227273	0.857143	0
	0.207	0.000103306	8.26446e-05	0.818182	0	4.13223e-05	8.26446e-05	0.857143	0
	0.208	0.000165289	0.000413223	0.818182	0	0.000103306	0.000413223	0.857143	0
	0.209	0.000268595	0.00018595	0.818182	0	0.000144628	0.00018595	0.857143	0
	0.21	0.000144628	0.000165289	0.818182	0	0.000103306	0.00018595	0.857143	0
	0.211	0.000103306	0.000165289	0.818182	0	8.26446e-05	0.000165289	0.857143	0
	0.212	0.000123967	0.000227273	0.818182	0	8.26446e-05	0.000247934	0.857143	0
	0.213	0.000103306	0.000289256	0.818182	0	6.19835e-05	0.000268595	0.857143	0
	0.214	0.00018595	0.000165289	0.818182	0	0.000123967	0.000165289	0.857143	0
	0.215	0.000123967	0.000103306	0.818182	0	0.000103306	0.000123967	0.857143	0
	0.216	2.06612e-05	0.000103306	0.857143	0	2.06612e-05	8.26446e-05	0.9	0
	0.217	8.26446e-05	0.000123967	0.857143	0	8.26446e-05	0.000103306	0.9	0
	0.218	0.000144628	8.26446e-05	0.857143	0	0.000103306	6.19835e-05	0.9	0
	0.219	0.000144628	8.26446e-05	0.857143	0	0.000144628	8.26446e-05	0.9	0
	0.22	0.000103306	0.000144628	0.857143	0	8.26446e-05	0.000144628	0.9	0
	0.221	0.000123967	0.000123967	0.857143	0	0.000123967	0.000123967	0.9	0
	0.222	8.26446e-05	0.000165289	0.857143	0	8.26446e-05	0.000165289	0.9	0
	0.223	0.000123967	0.000206612	0.857143	0	0.000123967	0.000206612	0.9	0
	0.224	4.13223e-05	0.000165289	0.857143	0	4.13223e-05	0.000165289	0.9	0
	0.225	6.19835e-05	0.000206612	0.857143	0	6.19835e-05	0.000206612	0.9	0
	0.226	2.06612e-05	0.000247934	0.857143	0	2.06612e-05	0.000247934	0.9	0
	0.227	4.13223e-05	0.000144628	0.857143	0	4.13223e-05	0.000144628	0.9	0
	0.228	4.13223e-05	0.000123967	0.857143	0	4.13223e-05	0.000123967	0.9	0
	0.229	4.13223e-05	0.000268595	0.857143	0	4.13223e-05	0.000268595	0.9	0
	0.23	8.26446e-05	0.000103306	0.857143	0	4.13223e-05	0.000103306	0.9	0
	0.231	0.000165289	0.000103306	0.857143	0	0.000165289	0.000103306	0.9	0
	0.232	0.000103306	0.000206612	0.857143	0	8.26446e-05	0.000206612	0.9	0
	0.233	6.19835e-05	0.000123967	0.9	0	6.19835e-05	0.000123967	0.9	0
	0.234	0.00018595	0.000144628	0.9	0	0.00018595	0.000144628	0.9	0
	0.235	8.26446e-05	0.000144628	0.9	0	8.26446e-05	0.000144628	0.9	0
	0.236	2.06612e-05	0.000165289	0.9	0	2.06612e-05	0.000165289	0.9	0
	0.237	0.000103306	0.000123967	0.9	0	0.000103306	0.000123967	0.9	0
	0.238	0.000123967	0.000123967	0.9	0	0.000123967	0.000123967	0.9	0
	0.239	8.26446e-05	6.19835e-05	0.9	0	8.26446e-05	8.26446e-05	0.9	0
	0.24	0.000165289	0.000123967	0.9	0	0.000165289	0.000123967	0.9	0
	0.241	6.19835e-05	0.000165289	0.9	0	6.19835e-05	0.000165289	0.9	0
	0.242	4.13223e-05	0.000123967	0.9	0	4.13223e-05	0.000103306	0.9	0
	0.243	4.13223e-05	0.000103306	0.9	0	4.13223e-05	6.19835e-05	0.9	0
	0.244	6.19835e-05	0.000123967	0.9	0	6.19835e-05	0.000123967	0.9	0
	0.245	4.13223e-05	8.26446e-05	0.9	0	4.13223e-05	8.26446e-05	0.9	0
	0.246	0	0.000123967	0.9	0	0	0.000123967	0.9	0
	0.247	0	0.000123967	0.9	0	0	0.000123967	0.9	0
	0.248	4.13223e-05	0.000123967	0.9	0	4.13223e-05	0.000144628	0.9	0
	0.249	8.26446e-05	0.00018595	0.947368	0	8.26446e-05	0.000165289	0.947368	0
	0.25	4.13223e-05	0.000144628	0.947368	0	4.13223e-05	0.000144628	0.947368	0
	0.251	0	0.000165289	0.947368	0	0	0.00018595	0.947368	0
	0.252	2.06612e-05	0.000165289	0.947368	0	2.06612e-05	0.000144628	0.947368	0
	0.253	0	0.000103306	0.947368	0	0	0.000103306	0.947368	0
	0.254	4.13223e-05	6.19835e-05	0.947368	0	4.13223e-05	6.19835e-05	0.947368	0
	0.255	6.19835e-05	4.13223e-05	0.947368	0	6.19835e-05	4.13223e-05	0.947368	0
	0.256	0	0.000123967	0.947368	0	0	0.000123967	0.947368	0
	0.257	6.19835e-05	4.13223e-05	0.947368	0	6.19835e-05	4.13223e-05	0.947368	0
	0.258	4.13223e-05	6.19835e-05	0.894737	0	4.13223e-05	6.19835e-05	0.894737	0
	0.259	2.06612e-05	0.000165289	0.894737	0	2.06612e-05	0.000165289	0.894737	0
	0.26	6.19835e-05	0.000103306	0.894737	0	6.19835e-05	0.000103306	0.894737	0
	0.261	2.06612e-05	8.26446e-05	0.894737	0	2.06612e-05	8.26446e-05	0.894737	0
	0.262	4.13223e-05	4.13223e-05	0.842105	0	4.13223e-05	4.13223e-05	0.842105	0
	0.263	0	0.000103306	0.842105	0	0	0.000123967	0.842105	0
	0.264	2.06612e-05	0.00018595	0.842105	0	2.06612e-05	0.000165289	0.842105	0
	0.265	8.26446e-05	6.19835e-05	0.842105	0	8.26446e-05	6.19835e-05	0.842105	0
	0.266	4.13223e-05	0.000165289	0.842105	0	4.13223e-05	0.000165289	0.842105	0
	0.267	6.19835e-05	6.19835e-05	0.842105	0	6.19835e-05	6.19835e-05	0.842105	0
	0.268	2.06612e-05	0.000227273	0.842105	0	2.06612e-05	0.000227273	0.842105	0
	0.269	4.13223e-05	0.000227273	0.842105	0	4.13223e-05	0.000247934	0.842105	0
	0.27	0	0.00018595	0.842105	0	0	0.000165289	0.842105	0
	0.271	0.000103306	0.00018595	0.842105	0	0.000103306	0.00018595	0.842105	0
	0.272	0.000123967	0.000165289	0.888889	0	0.000123967	0.000165289	0.888889	0
	0.273	8.26446e-05	0.000144628	0.888889	0	8.26446e-05	0.000165289	0.888889	0
	0.274	4.13223e-05	0.000227273	0.888889	0	4.13223e-05	0.000206612	0.888889	0
	0.275	2.06612e-05	4.13223e-05	0.888889	0	2.06612e-05	4.13223e-05	0.888889	0
	0.276	8.26446e-05	8.26446e-05	0.888889	0	8.26446e-05	8.26446e-05	0.888889	0
	0.277	0.000103306	0.000165289	0.888889	0	0.000103306	0.000165289	0.888889	0
	0.278	8.26446e-05	0.000268595	0.888889	0	8.26446e-05	0.000268595	0.888889	0
	0.279	0.000103306	8.26446e-05	0.888889	0	0.000103306	8.26446e-05	0.888889	0
	0.28	8.26446e-05	8.26446e-05	0.888889	0	8.26446e-05	8.26446e-05	0.888889	0
	0.281	0.000144628	0.000123967	0.888889	0	0.000144628	0.000123967	0.888889	0
	0.282	8.26446e-05	8.26446e-05	0.888889	0	8.26446e-05	8.26446e-05	0.888889	0
	0.283	0.000103306	0.000227273	0.888889	0	0.000103306	0.000227273	0.888889	0
	0.284	0.000103306	0.000103306	0.888889	0	0.000103306	0.000103306	0.888889	0
	0.285	0.000123967	0.000144628	0.888889	0	0.000123967	0.000144628	0.888889	0
	0.286	8.26446e-05	8.26446e-05	0.888889	0	8.26446e-05	8.26446e-05	0.888889	0
	0.287	6.19835e-05	0.000144628	0.888889	0	6.19835e-05	0.000144628	0.888889	0
	0.288	0.000103306	8.26446e-05	0.888889	0	0.000103306	0.000103306	0.888889	0
	0.289	0.000103306	8.26446e-05	0.888889	0	0.000103306	6.19835e-05	0.888889	0
	0.29	6.19835e-05	0.000165289	0.888889	0	6.19835e-05	0.000165289	0.888889	0
	0.291	8.26446e-05	8.26446e-05	0.888889	0	8.26446e-05	8.26446e-05	0.888889	0
	0.292	6.19835e-05	0.000206612	0.888889	0	6.19835e-05	0.000206612	0.888889	0
	0.293	0.000144628	0.00018595	0.888889	0	0.000144628	0.000206612	0.888889	0
	0.294	0.000144628	0.000165289	0.888889	0	0.000144628	0.000165289	0.888889	0
	0.295	6.19835e-05	8.26446e-05	0.888889	0	6.19835e-05	8.26446e-05	0.888889	0
	0.296	0.000123967	8.26446e-05	0.888889	0	0.000123967	6.19835e-05	0.888889	0
	0.297	6.19835e-05	4.13223e-05	0.888889	0	6.19835e-05	4.13223e-05	0.888889	0
	0.298	0.000123967	0.000123967	0.888889	0	0.000123967	0.000123967	0.888889	0
	0.299	0.000123967	0.000123967	0.888889	0	0.000123967	0.000123967	0.888889	0
	0.3	2.06612e-05	0.000123967	0.888889	0	2.06612e-05	0.000123967	0.888889	0
	0.301	0.000103306	6.19835e-05	0.888889	0	0.000103306	6.19835e-05	0.888889	0
	0.302	4.13223e-05	0.000144628	0.888889	0	4.13223e-05	0.000144628	0.888889	0
	0.303	0.000144628	0.000144628	0.888889	0	0.000144628	0.000144628	0.888889	0
	0.304	6.19835e-05	4.13223e-05	0.888889	0	6.19835e-05	4.13223e-05	0.888889	0
	0.305	8.26446e-05	0.000165289	0.888889	0	8.26446e-05	0.00018595	0.888889	0
	0.306	0.000103306	0.000144628	0.888889	0	0.000103306	0.000123967	0.888889	0
	0.307	8.26446e-05	8.26446e-05	0.888889	0	8.26446e-05	8.26446e-05	0.888889	0
	0.308	6.19835e-05	4.13223e-05	0.888889	0	6.19835e-05	4.13223e-05	0.888889	0
	0.309	8.26446e-05	0.000165289	0.888889	0	8.26446e-05	0.000144628	0.888889	0
	0.31	4.13223e-05	4.13223e-05	0.888889	0	4.13223e-05	4.13223e-05	0.888889	0
	0.311	2.06612e-05	0.000123967	0.888889	0	2.06612e-05	0.000123967	0.888889	0
	0.312	8.26446e-05	0.000144628	0.888889	0	8.26446e-05	0.000165289	0.888889	0
	0.313	2.06612e-05	0	0.888889	0	2.06612e-05	2.06612e-05	0.888889	0
	0.314	0	0.000103306	0.888889	0	0	0.000103306	0.888889	0
	0.315	0	0.000144628	0.888889	0	0	0.000123967	0.888889	0
	0.316	2.06612e-05	6.19835e-05	0.888889	0	2.06612e-05	4.13223e-05	0.888889	0
	0.317	4.13223e-05	8.26446e-05	0.888889	0	4.13223e-05	8.26446e-05	0.888889	0
	0.318	4.13223e-05	8.26446e-05	0.941176	0	4.13223e-05	0.000103306	0.941176	0
	0.319	0	0.000123967	0.941176	0	0	0.000123967	0.941176	0
	0.32	0	0.000103306	0.941176	0	0	0.000103306	0.941176	0
	0.321	2.06612e-05	0.000144628	0.941176	0	2.06612e-05	0.000123967	0.941176	0
	0.322	0	2.06612e-05	0.941176	0	0	2.06612e-05	0.941176	0
	0.323	2.06612e-05	4.13223e-05	0.941176	0	2.06612e-05	4.13223e-05	0.941176	0
	0.324	0	0.000123967	0.941176	0	0	0.000144628	0.941176	0
	0.325	0	0.00018595	0.941176	0	0	0.000165289	0.941176	0
	0.326	0	0.000103306	0.941176	0	0	0.000103306	0.941176	0
	0.327	0	6.19835e-05	0.941176	0	0	0.000103306	0.941176	0
	0.328	0	0.00018595	0.941176	0	0	0.000165289	0.941176	0
	0.329	0	8.26446e-05	0.941176	0	0	8.26446e-05	0.941176	0
	0.33	0	0.000123967	0.941176	0	0	0.000103306	0.941176	0
	0.331	0	0.000165289	0.941176	0	0	0.000165289	0.941176	0
	0.332	4.13223e-05	8.26446e-05	0.941176	0	4.13223e-05	8.26446e-05	0.941176	0
	0.333	0	8.26446e-05	0.941176	0	0	8.26446e-05	0.941176	0
	0.334	2.06612e-05	4.13223e-05	0.941176	0	2.06612e-05	4.13223e-05	0.941176	0
	0.335	0	8.26446e-05	1	0	0	8.26446e-05	1	0
	0.336	0	0.000103306	1	0	0	0.000103306	1	0
	0.337	0	0.000123967	1	0	0	0.000123967	1	0
	0.338	0	0.000144628	1	0	0	0.000144628	1	0
	0.339	0	8.26446e-05	1	0	0	8.26446e-05	1	0
	0.34	0	0.000144628	1	0	0	0.000144628	1	0
	0.341	0	0.000123967	1	0	0	0.000123967	1	0
	0.342	0	8.26446e-05	1	0	0	8.26446e-05	1	0
	0.343	0	0.000123967	1	0	0	0.000123967	1	0
	0.344	0	2.06612e-05	1	0	0	2.06612e-05	1	0
	0.345	0	4.13223e-05	1	0	0	4.13223e-05	1	0
	0.346	0	6.19835e-05	1	0	0	6.19835e-05	1	0
	0.347	0	0.000103306	1	0	0	0.000103306	1	0
	0.348	0	8.26446e-05	1	0	0	8.26446e-05	1	0
	0.349	0	6.19835e-05	1	0	0	6.19835e-05	1	0
	0.35	0	8.26446e-05	1	0	0	8.26446e-05	1	0
	0.351	0	4.13223e-05	1	0	0	4.13223e-05	1	0
	0.352	0	0.000103306	1	0	0	0.000103306	1	0
	0.353	0	0.000103306	1	0	0	0.000103306	1	0
	0.354	0	0.000123967	1	0	0	0.000123967	1	0
	0.355	0	4.13223e-05	1	0	0	4.13223e-05	1	0
	0.356	0	4.13223e-05	1	0	0	6.19835e-05	1	0
	0.357	0	8.26446e-05	1	0	0	6.19835e-05	1	0
	0.358	0	4.13223e-05	1	0	0	4.13223e-05	1	0
	0.359	0	8.26446e-05	1	0	0	8.26446e-05	1	0
	0.36	0	0.000123967	1	0	0	0.000123967	1	0
	0.361	0	0.000103306	1	0	0	0.000103306	1	0
	0.362	0	4.13223e-05	1	0	0	6.19835e-05	1	0
	0.363	0	8.26446e-05	1	0	0	6.19835e-05	1	0
	0.364	0	0.000123967	1	0	0	0.000123967	1	0
	0.365	0	6.19835e-05	1	0	0	8.26446e-05	1	0
	0.366	0	0.000103306	1	0	0	8.26446e-05	1	0
	0.367	0	0.000103306	1	0	0	0.000103306	1	0
	0.368	0	0.000103306	1	0	0	0.000123967	1	0
	0.369	0	0.000206612	1	0	0	0.00018595	1	0
	0.37	0	2.06612e-05	1	0	0	2.06612e-05	1	0
	0.371	0	2.06612e-05	1	0	0	2.06612e-05	1	0
	0.372	0	6.19835e-05	1	0	0	6.19835e-05	1	0
	0.373	0	0.000144628	1	0	0	0.00018595	1	0
	0.374	0	0.000165289	1	0	0	0.000123967	1	0
	0.375	0	2.06612e-05	1	0	0	2.06612e-05	1	0
	0.376	0	4.13223e-05	1	0	0	4.13223e-05	1	0
	0.377	0	8.26446e-05	1	0	0	8.26446e-05	1	0
	0.378	0	4.13223e-05	1	0	0	4.13223e-05	1	0
	0.379	0	4.13223e-05	1	0	0	4.13223e-05	1	0
	0.38	0	0.000103306	1	0	0	0.000123967	1	0
	0.381	0	0.000165289	1	0	0	0.000165289	1	0
	0.382	0	0.000103306	1	0	0	0.000103306	1	0
	0.383	0	0.00018595	1	0	0	0.00018595	1	0
	0.384	0	8.26446e-05	1	0	0	8.26446e-05	1	0
	0.385	0	8.26446e-05	1	0	0	8.26446e-05	1	0
	0.386	0	8.26446e-05	1	0	0	8.26446e-05	1	0
	0.387	0	0.00018595	1	0	0	0.00018595	1	0
	0.388	0	0.000103306	1	0	0	0.000103306	1	0
	0.389	0	6.19835e-05	1	0	0	6.19835e-05	1	0
	0.39	0	6.19835e-05	1	0	0	6.19835e-05	1	0
	0.391	0	0.000123967	1	0	0	0.000123967	1	0
	0.392	0	0.000103306	1	0	0	0.000103306	1	0
	0.393	0	0.000103306	1	0	0	8.26446e-05	1	0
	0.394	0	2.06612e-05	1	0	0	2.06612e-05	1	0
	0.395	0	6.19835e-05	1	0	0	6.19835e-05	1	0
	0.396	0	0.000103306	1	0	0	0.000123967	1	0
	0.397	0	0.000103306	1	0	0	8.26446e-05	1	0
	0.398	0	6.19835e-05	1	0	0	6.19835e-05	1	0
	0.399	0	0.000103306	1	0	0	0.000103306	1	0
	0.4	0	0.00018595	1	0	0	0.000206612	1	0
	0.401	0	8.26446e-05	1	0	0	6.19835e-05	1	0
	0.402	0	4.13223e-05	1	0	0	4.13223e-05	1	0
	0.403	0	0	1	0	0	0	1	0
	0.404	0	4.13223e-05	1	0	0	6.19835e-05	1	0
	0.405	0	0.000123967	1	0	0	0.000123967	1	0
	0.406	0	0.000103306	1	0	0	0.000103306	1	0
	0.407	0	4.13223e-05	1	0	0	4.13223e-05	1	0
	0.408	0	0.000103306	1	0	0	0.000103306	1	0
	0.409	0	2.06612e-05	1	0	0	2.06612e-05	1	0
	0.41	0	2.06612e-05	1	0	0	2.06612e-05	1	0
	0.411	0	0.000123967	1	0	0	0.000123967	1	0
	0.412	0	4.13223e-05	1	0	0	4.13223e-05	1	0
	0.413	0	0.000123967	1	0	0	0.000103306	1	0
	0.414	0	0.000103306	1	0	0	0.000103306	1	0
	0.415	0	4.13223e-05	1	0	0	4.13223e-05	1	0
	0.416	0	6.19835e-05	1	0	0	6.19835e-05	1	0
	0.417	0	0.000103306	1	0	0	0.000103306	1	0
	0.418	0	0.000165289	1	0	0	0.000165289	1	0
	0.419	0	0.000123967	1	0	0	0.000123967	1	0
	0.42	0	4.13223e-05	1	0	0	4.13223e-05	1	0
	0.421	0	2.06612e-05	1	0	0	2.06612e-05	1	0
	0.422	0	0.000144628	1	0	0	0.000144628	1	0
	0.423	0	4.13223e-05	1	0	0	4.13223e-05	1	0
	0.424	0	6.19835e-05	1	0	0	6.19835e-05	1	0
	0.425	0	8.26446e-05	1	0	0	8.26446e-05	1	0
	0.426	0	4.13223e-05	1	0	0	4.13223e-05	1	0
	0.427	0	0.000103306	1	0	0	0.000103306	1	0
	0.428	0	4.13223e-05	1	0	0	4.13223e-05	1	0
	0.429	0	4.13223e-05	1	0	0	6.19835e-05	1	0
	0.43	0	4.13223e-05	1	0	0	2.06612e-05	1	0
	0.431	0	6.19835e-05	1	0	0	6.19835e-05	1	0
	0.432	0	8.26446e-05	1	0	0	8.26446e-05	1	0
	0.433	0	8.26446e-05	1	0	0	8.26446e-05	1	0
	0.434	0	4.13223e-05	1	0	0	4.13223e-05	1	0
	0.435	0	2.06612e-05	1	0	0	4.13223e-05	1	0
	0.436	0	4.13223e-05	1	0	0	6.19835e-05	1	0
	0.437	0	6.19835e-05	1	0	0	6.19835e-05	1	0
	0.438	0	4.13223e-05	1	0	0	4.13223e-05	1	0
	0.439	0	6.19835e-05	1	0	0	6.19835e-05	1	0
	0.44	0	4.13223e-05	1	0	0	4.13223e-05	1	0
	0.441	0	4.13223e-05	1	0	0	4.13223e-05	1	0
	0.442	0	2.06612e-05	1	0	0	0	1	0
	0.443	0	4.13223e-05	1	0	0	4.13223e-05	1	0
	0.444	0	8.26446e-05	1	0	0	0.000103306	1	0
	0.445	0	4.13223e-05	1	0	0	2.06612e-05	1	0
	0.446	0	0.000123967	1	0	0	0.000123967	1	0
	0.447	0	2.06612e-05	1	0	0	2.06612e-05	1	0
	0.448	0	4.13223e-05	1	0	0	4.13223e-05	1	0
	0.449	0	4.13223e-05	1	0	0	4.13223e-05	1	0
	0.45	0	6.19835e-05	1	0	0	6.19835e-05	1	0
	0.451	0	4.13223e-05	1	0	0	4.13223e-05	1	0
	0.452	0	4.13223e-05	1	0	0	4.13223e-05	1	0
	0.453	0	2.06612e-05	1	0	0	2.06612e-05	1	0
	0.454	0	2.06612e-05	1	0	0	2.06612e-05	1	0
	0.455	0	2.06612e-05	1	0	0	4.13223e-05	1	0
	0.456	0	6.19835e-05	1	0	0	4.13223e-05	1	0
	0.457	0	2.06612e-05	1	0	0	2.06612e-05	1	0
	0.458	0	4.13223e-05	1	0	0	4.13223e-05	1	0
	0.459	0	2.06612e-05	1	0	0	2.06612e-05	1	0
	0.46	0	0.000103306	1	0	0	0.000103306	1	0
	0.461	0	4.13223e-05	1	0	0	4.13223e-05	1	0
	0.462	0	0	1	0	0	0	1	0
	0.463	0	2.06612e-05	1	0	0	2.06612e-05	1	0
	0.464	0	2.06612e-05	1	0	0	2.06612e-05	1	0
	0.465	0	4.13223e-05	1	0	0	4.13223e-05	1	0
	0.466	0	2.06612e-05	1	0	0	2.06612e-05	1	0
	0.467	0	2.06612e-05	1	0	0	2.06612e-05	1	0
	0.468	0	6.19835e-05	1	0	0	6.19835e-05	1	0
	0.469	0	4.13223e-05	1	0	0	4.13223e-05	1	0
	0.47	0	0.000123967	1	0	0	0.000123967	1	0
	0.471	0	0	1	0	0	0	1	0
	0.472	0	6.19835e-05	1	0	0	6.19835e-05	1	0
	0.473	0	6.19835e-05	1	0	0	6.19835e-05	1	0
	0.474	0	2.06612e-05	1	0	0	2.06612e-05	1	0
	0.475	0	4.13223e-05	1	0	0	4.13223e-05	1	0
	0.476	0	0	1	0	0	0	1	0
	0.477	0	4.13223e-05	1	0	0	4.13223e-05	1	0
	0.478	0	6.19835e-05	1	0	0	6.19835e-05	1	0
	0.479	0	0.000103306	1	0	0	0.000103306	1	0
	0.48	0	0	1	0	0	0	1	0
	0.481	0	6.19835e-05	1	0	0	6.19835e-05	1	0
	0.482	0	4.13223e-05	1	0	0	4.13223e-05	1	0
	0.483	0	8.26446e-05	1	0	0	8.26446e-05	1	0
	0.484	0	0	1	0	0	0	1	0
	0.485	0	4.13223e-05	1	0	0	4.13223e-05	1	0
	0.486	0	0	1	0	0	0	1	0
	0.487	0	6.19835e-05	1	0	0	6.19835e-05	1	0
	0.488	0	6.19835e-05	1	0	0	6.19835e-05	1	0
	0.489	0	2.06612e-05	1	0	0	2.06612e-05	1	0
	0.49	0	0.000123967	1	0	0	0.000123967	1	0
	0.491	0	6.19835e-05	1	0	0	6.19835e-05	1	0
	0.492	0	0	1	0	0	0	1	0
	0.493	0	6.19835e-05	1	0	0	6.19835e-05	1	0
	0.494	0	4.13223e-05	1	0	0	4.13223e-05	1	0
	0.495	0	6.19835e-05	1	0	0	6.19835e-05	1	0
	0.496	0	4.13223e-05	1	0	0	4.13223e-05	1	0
	0.497	0	4.13223e-05	1	0	0	4.13223e-05	1	0
	0.498	0	2.06612e-05	1	0	0	2.06612e-05	1	0
	0.499	0	4.13223e-05	1	0	0	4.13223e-05	1	0
	0.5	0	6.19835e-05	1	0	0	6.19835e-05	1	0
	0.501	0	0.000123967	1	0	0	0.000123967	1	0
	0.502	0	4.13223e-05	1	0	0	4.13223e-05	1	0
	0.503	0	8.26446e-05	1	0	0	8.26446e-05	1	0
	0.504	0	0	1	0	0	0	1	0
	0.505	0	0.000103306	1	0	0	0.000103306	1	0
	0.506	0	2.06612e-05	1	0	0	2.06612e-05	1	0
	0.507	0	8.26446e-05	1	0	0	8.26446e-05	1	0
	0.508	0	0.000103306	1	0	0	0.000103306	1	0
	0.509	0	2.06612e-05	1	0	0	2.06612e-05	1	0
	0.51	0	6.19835e-05	1	0	0	6.19835e-05	1	0
	0.511	0	8.26446e-05	1	0	0	8.26446e-05	1	0
	0.512	0	6.19835e-05	1	0	0	6.19835e-05	1	0
	0.513	0	2.06612e-05	1	0	0	2.06612e-05	1	0
	0.514	0	6.19835e-05	1	0	0	6.19835e-05	1	0
	0.515	0	0	1	0	0	0	1	0
	0.516	0	2.06612e-05	1	0	0	2.06612e-05	1	0
	0.517	0	2.06612e-05	1	0	0	2.06612e-05	1	0
	0.518	0	0.000103306	1	0	0	0.000123967	1	0
	0.519	0	2.06612e-05	1	0	0	2.06612e-05	1	0
	0.52	0	4.13223e-05	1	0	0	2.06612e-05	1	0
	0.521	0	4.13223e-05	1	0	0	4.13223e-05	1	0
	0.522	0	0	1	0	0	0	1	0
	0.523	0	2.06612e-05	1	0	0	2.06612e-05	1	0
	0.524	0	2.06612e-05	1	0	0	4.13223e-05	1	0
	0.525	0	8.26446e-05	1	0	0	6.19835e-05	1	0
	0.526	0	8.26446e-05	1	0	0	8.26446e-05	1	0
	0.527	0	0	1	0	0	0	1	0
	0.528	0	6.19835e-05	1	0	0	6.19835e-05	1	0
	0.529	0	4.13223e-05	1	0	0	8.26446e-05	1	0
	0.53	0	8.26446e-05	1	0	0	4.13223e-05	1	0
	0.531	0	6.19835e-05	1	0	0	4.13223e-05	1	0
	0.532	0	2.06612e-05	1	0	0	2.06612e-05	1	0
	0.533	0	0.000123967	1	0	0	0.000123967	1	0
	0.534	0	2.06612e-05	1	0	0	2.06612e-05	1	0
	0.535	0	4.13223e-05	1	0	0	4.13223e-05	1	0
	0.536	0	0.000103306	1	0	0	0.000103306	1	0
	0.537	0	4.13223e-05	1	0	0	2.06612e-05	1	0
	0.538	0	4.13223e-05	1	0	0	4.13223e-05	1	0
	0.539	0	4.13223e-05	1	0	0	4.13223e-05	1	0
	0.54	0	6.19835e-05	1	0	0	6.19835e-05	1	0
	0.541	0	0	1	0	0	0	1	0
	0.542	0	6.19835e-05	1	0	0	6.19835e-05	1	0
	0.543	0	0	1	0	0	0	1	0
	0.544	0	0	1	0	0	0	1	0
	0.545	0	2.06612e-05	1	0	0	2.06612e-05	1	0
	0.546	0	2.06612e-05	1	0	0	2.06612e-05	1	0
	0.547	0	2.06612e-05	1	0	0	2.06612e-05	1	0
	0.548	0	4.13223e-05	1	0	0	4.13223e-05	1	0
	0.549	0	6.19835e-05	1	0	0	6.19835e-05	1	0
	0.55	0	8.26446e-05	1	0	0	0.000103306	1	0
	0.551	0	4.13223e-05	1	0	0	2.06612e-05	1	0
	0.552	0	0.000123967	1	0	0	0.000123967	1	0
	0.553	0	6.19835e-05	1	0	0	6.19835e-05	1	0
	0.554	0	4.13223e-05	1	0	0	4.13223e-05	1	0
	0.555	0	0.000103306	1	0	0	0.000103306	1	0
	0.556	0	2.06612e-05	1	0	0	2.06612e-05	1	0
	0.557	0	8.26446e-05	1	0	0	8.26446e-05	1	0
	0.558	0	6.19835e-05	1	0	0	6.19835e-05	1	0
	0.559	0	8.26446e-05	1	0	0	8.26446e-05	1	0
	0.56	0	6.19835e-05	1	0	0	6.19835e-05	1	0
	0.561	0	4.13223e-05	1	0	0	4.13223e-05	1	0
	0.562	0	0	1	0	0	0	1	0
	0.563	0	0.000123967	1	0	0	0.000123967	1	0
	0.564	0	0.000103306	1	0	0	0.000103306	1	0
	0.565	0	2.06612e-05	1	0	0	2.06612e-05	1	0
	0.566	0	4.13223e-05	1	0	0	4.13223e-05	1	0
	0.567	0	6.19835e-05	1	0	0	8.26446e-05	1	0
	0.568	0	6.19835e-05	1	0	0	6.19835e-05	1	0
	0.569	0	8.26446e-05	1	0	0	8.26446e-05	1	0
	0.57	0	8.26446e-05	1	0	0	8.26446e-05	1	0
	0.571	0	0.000103306	1	0	0	8.26446e-05	1	0
	0.572	0	6.19835e-05	1	0	0	6.19835e-05	1	0
	0.573	0	6.19835e-05	1	0	0	0.000103306	1	0
	0.574	0	0.000144628	1	0	0	0.000144628	1	0
	0.575	0	0.000144628	1	0	0	0.000123967	1	0
	0.576	0	8.26446e-05	1	0	0	8.26446e-05	1	0
	0.577	0	6.19835e-05	1	0	0	0.000103306	1	0
	0.578	0	0.00018595	1	0	0	0.000165289	1	0
	0.579	0	0.000206612	1	0	0	0.000206612	1	0
	0.58	0	0.000103306	1	0	0	0.000103306	1	0
	0.581	0	0.000247934	1	0	0	0.000289256	1	0
	0.582	0	2.06612e-05	1	0	0	2.06612e-05	1	0
	0.583	0	8.26446e-05	1	0	0	8.26446e-05	1	0
	0.584	0	0.000165289	1	0	0	0.000144628	1	0
	0.585	0	0.000206612	1	0	0	0.000206612	1	0
	0.586	0	0.000144628	1	0	2.06612e-05	0.000144628	1	0
	0.587	0	0.000165289	1	0	0	0.000144628	0.9375	0
	0.588	0	0.000123967	1	0	0	0.000123967	0.9375	0
	0.589	0	0.00018595	1	0	4.13223e-05	0.000165289	0.9375	0
	0.59	0	8.26446e-05	1	0	0	8.26446e-05	0.9375	0
	0.591	0	0.000103306	1	0	0	0.000103306	0.9375	0
	0.592	0	0.000144628	1	0	2.06612e-05	0.000165289	0.9375	0
	0.593	0	0.00018595	1	0	2.06612e-05	0.00018595	0.9375	0
	0.594	0	0.000289256	1	0	0	0.000309917	0.9375	0
	0.595	0	0.000227273	1	0	2.06612e-05	0.000227273	0.9375	0
	0.596	0	0.000103306	1	0	4.13223e-05	8.26446e-05	0.9375	0
	0.597	0	6.19835e-05	1	0	0	6.19835e-05	0.9375	0
	0.598	0	8.26446e-05	1	0	0	8.26446e-05	0.9375	0
	0.599	0	0.00018595	1	0	6.19835e-05	0.000206612	0.9375	0
	0.6	0	0.000227273	1	0	0	0.000247934	0.9375	0
	0.601	0	8.26446e-05	1	0	2.06612e-05	6.19835e-05	0.9375	0
	0.602	0	0.000144628	1	0	2.06612e-05	0.000165289	0.9375	0
	0.603	0	0.000103306	1	0	4.13223e-05	0.000123967	0.9375	0
	0.604	0	0.000206612	1	0	4.13223e-05	0.000165289	0.9375	0
	0.605	0	0.000165289	1	0	2.06612e-05	0.000165289	0.9375	0
	0.606	0	0.000206612	1	0	0.000103306	0.00018595	0.9375	0
	0.607	0	0.00018595	1	0	4.13223e-05	0.000227273	0.9375	0
	0.608	0	0.000309917	1	0	0	0.000309917	0.9375	0
	0.609	0	0.000289256	1	0	2.06612e-05	0.000330579	0.9375	0
	0.61	0	0.000144628	1	0	8.26446e-05	0.000144628	0.9375	0
	0.611	0	0.000206612	1	0	0.000103306	0.000247934	0.9375	0
	0.612	0	0.000330579	1	0	4.13223e-05	0.000289256	0.9375	0
	0.613	0	8.26446e-05	1	0	0	0.000123967	0.9375	0
	0.614	0	0.000206612	1	0	2.06612e-05	0.00018595	0.9375	0
	0.615	0	0.000268595	1	0	4.13223e-05	0.000227273	0.9375	0
	0.616	0	0.000268595	1	0	4.13223e-05	0.000227273	0.9375	0
	0.617	0	0.000227273	1	0	6.19835e-05	0.000227273	0.9375	0
	0.618	0	0.000206612	1	0	0	0.000206612	0.9375	0
	0.619	0	0.00018595	1	0	2.06612e-05	0.00018595	0.9375	0
	0.62	0	0.00018595	1	0	0.000103306	0.000206612	0.9375	0
	0.621	0	0.00018595	1	0	8.26446e-05	0.000144628	0.9375	0
	0.622	2.06612e-05	0.000165289	1	0	2.06612e-05	0.000206612	0.9375	0
	0.623	0	0.000165289	0.9375	0	2.06612e-05	0.000123967	0.9375	0
	0.624	0	0.000123967	0.9375	0	0.000123967	0.000103306	0.9375	0
	0.625	0	0.000144628	0.9375	0	6.19835e-05	0.000144628	0.9375	0
	0.626	2.06612e-05	0.000206612	0.9375	0	4.13223e-05	0.000206612	0.9375	0
	0.627	0	0.000165289	0.9375	0	4.13223e-05	0.000165289	0.9375	0
	0.628	0	0.000123967	0.9375	0	6.19835e-05	0.000123967	0.9375	0
	0.629	0	0.000165289	0.9375	0	4.13223e-05	0.000165289	0.9375	0
	0.63	0	0.000103306	0.9375	0	0	0.000103306	0.9375	0
	0.631	4.13223e-05	0.000206612	0.9375	0	0	0.00018595	0.9375	0
	0.632	0	0.000144628	0.9375	0	2.06612e-05	0.000144628	0.9375	0
	0.633	2.06612e-05	0.000123967	0.9375	0	2.06612e-05	0.000123967	0.9375	0
	0.634	6.19835e-05	0.000123967	0.9375	0	4.13223e-05	0.000123967	0.9375	0
	0.635	2.06612e-05	0.000165289	0.9375	0	2.06612e-05	0.000165289	0.9375	0
	0.636	0	0.000165289	0.9375	0	6.19835e-05	0.000165289	0.9375	0
	0.637	0	0.000103306	0.9375	0	2.06612e-05	0.000103306	0.9375	0
	0.638	2.06612e-05	6.19835e-05	0.9375	0	2.06612e-05	6.19835e-05	0.9375	0
	0.639	6.19835e-05	8.26446e-05	0.9375	0	0	8.26446e-05	0.9375	0
	0.64	0	0.000165289	0.9375	0	6.19835e-05	0.000165289	0.9375	0
	0.641	4.13223e-05	6.19835e-05	0.9375	0	2.06612e-05	6.19835e-05	0.9375	0
	0.642	0	8.26446e-05	0.9375	0	2.06612e-05	0.000103306	0.9375	0
	0.643	6.19835e-05	0.000165289	0.9375	0	4.13223e-05	0.000206612	0.9375	0
	0.644	0	0.000103306	0.9375	0	0	8.26446e-05	0.9375	0
	0.645	2.06612e-05	0	0.9375	0	2.06612e-05	0	0.9375	0
	0.646	0	0.000165289	0.9375	0	0	0.000144628	0.9375	0
	0.647	2.06612e-05	0.000123967	0.9375	0	2.06612e-05	0.000123967	0.9375	0
	0.648	6.19835e-05	6.19835e-05	0.9375	0	2.06612e-05	6.19835e-05	0.9375	0
	0.649	6.19835e-05	6.19835e-05	0.9375	0	4.13223e-05	6.19835e-05	0.9375	0
	0.65	2.06612e-05	0.000103306	0.9375	0	4.13223e-05	0.000103306	0.9375	0
	0.651	6.19835e-05	6.19835e-05	0.9375	0	0	6.19835e-05	0.9375	0
	0.652	6.19835e-05	8.26446e-05	0.9375	0	0	8.26446e-05	0.9375	0
	0.653	8.26446e-05	2.06612e-05	0.9375	0	2.06612e-05	2.06612e-05	0.9375	0
	0.654	6.19835e-05	2.06612e-05	0.9375	0	0	2.06612e-05	1	0
	0.655	0	8.26446e-05	0.9375	0	0	8.26446e-05	1	0
	0.656	4.13223e-05	0.000103306	0.9375	0	0	0.000103306	1	0
	0.657	8.26446e-05	6.19835e-05	0.9375	0	0	6.19835e-05	1	0
	0.658	6.19835e-05	0.000123967	0.9375	0	0	0.000123967	1	0
	0.659	6.19835e-05	0.000103306	0.9375	0	0	0.000103306	1	0
	0.66	4.13223e-05	6.19835e-05	0.9375	0	0	6.19835e-05	1	0
	0.661	0	0.000165289	0.9375	0	0	0.000144628	1	0
	0.662	8.26446e-05	4.13223e-05	0.9375	0	0	4.13223e-05	1	0
	0.663	2.06612e-05	0.000144628	0.9375	0	0	0.000144628	1	0
	0.664	6.19835e-05	2.06612e-05	0.9375	0	0	2.06612e-05	1	0
	0.665	2.06612e-05	4.13223e-05	0.9375	0	0	4.13223e-05	1	0
	0.666	4.13223e-05	6.19835e-05	0.9375	0	0	6.19835e-05	1	0
	0.667	8.26446e-05	6.19835e-05	0.9375	0	0	6.19835e-05	1	0
	0.668	4.13223e-05	6.19835e-05	0.9375	0	0	6.19835e-05	1	0
	0.669	4.13223e-05	6.19835e-05	0.9375	0	0	6.19835e-05	1	0
	0.67	6.19835e-05	0.000103306	0.9375	0	0	0.000103306	1	0
	0.671	6.19835e-05	0.000123967	0.9375	0	0	0.000123967	1	0
	0.672	4.13223e-05	0.000165289	0.9375	0	0	0.000165289	1	0
	0.673	0	0.000165289	0.9375	0	0	0.000165289	1	0
	0.674	0	0.000103306	0.9375	0	0	0.000103306	1	0
	0.675	4.13223e-05	0.000123967	0.9375	0	0	0.000123967	1	0
	0.676	2.06612e-05	0.000103306	0.9375	0	0	0.000103306	1	0
	0.677	4.13223e-05	6.19835e-05	0.9375	0	0	6.19835e-05	1	0
	0.678	4.13223e-05	6.19835e-05	0.9375	0	0	6.19835e-05	1	0
	0.679	4.13223e-05	0.000123967	0.9375	0	0	0.000123967	1	0
	0.68	0	0.000123967	0.9375	0	0	0.000123967	1	0
	0.681	2.06612e-05	0.000144628	0.9375	0	0	0.000144628	1	0
	0.682	4.13223e-05	0.000165289	0.9375	0	0	0.000165289	1	0
	0.683	0	0.00018595	0.9375	0	0	0.00018595	1	0
	0.684	2.06612e-05	0.000227273	0.9375	0	0	0.000227273	1	0
	0.685	2.06612e-05	0.000206612	0.9375	0	0	0.000206612	1	0
	0.686	0	0.000309917	0.9375	0	0	0.000309917	1	0
	0.687	0	0.000289256	0.9375	0	0	0.000309917	1	0
	0.688	4.13223e-05	0.00035124	0.9375	0	0	0.000330579	1	0
	0.689	0	0.000268595	0.9375	0	0	0.000268595	1	0
	0.69	4.13223e-05	0.00035124	0.9375	0	0	0.00035124	1	0
	0.691	0	0.000206612	0.9375	0	0	0.000206612	1	0
	0.692	0	0.00035124	0.9375	0	0	0.000371901	1	0
	0.693	2.06612e-05	0.000289256	0.9375	0	2.06612e-05	0.000289256	1	0
	0.694	0	0.000289256	0.875	0	0	0.000289256	0.933333	0
	0.695	2.06612e-05	0.000330579	0.875	0	0	0.000330579	0.933333	0
	0.696	0	0.000247934	0.933333	0	0	0.000247934	0.933333	0
	0.697	0	0.000371901	0.933333	0	0	0.000371901	0.933333	0
	0.698	0	0.000433884	0.933333	0	0	0.000413223	0.933333	0
	0.699	0	0.000227273	0.933333	0	0	0.000227273	0.933333	0
	0.7	0	0.000454545	0.933333	0	0	0.000454545	0.933333	0
	0.701	2.06612e-05	0.000413223	0.933333	0	2.06612e-05	0.000413223	0.933333	0
	0.702	0	0.000330579	0.933333	0	0	0.000330579	0.933333	0
	0.703	0	0.000516529	0.933333	0	0	0.000516529	0.933333	0
	0.704	2.06612e-05	0.000371901	0.933333	0	2.06612e-05	0.000371901	0.933333	0
	0.705	0	0.000330579	0.933333	0	0	0.000330579	0.933333	0
	0.706	2.06612e-05	0.00035124	0.933333	0	2.06612e-05	0.00035124	0.933333	0
	0.707	4.13223e-05	0.000433884	0.933333	0	4.13223e-05	0.000454545	0.933333	0
	0.708	0	0.00035124	0.933333	0	0	0.00035124	0.933333	0
	0.709	4.13223e-05	0.000413223	0.933333	0	4.13223e-05	0.000392562	0.933333	0
	0.71	2.06612e-05	0.000413223	0.933333	0	2.06612e-05	0.000413223	0.933333	0
	0.711	4.13223e-05	0.00035124	0.933333	0	4.13223e-05	0.00035124	0.933333	0
	0.712	2.06612e-05	0.000475207	0.933333	0	2.06612e-05	0.000495868	0.933333	0
	0.713	2.06612e-05	0.000433884	0.933333	0	2.06612e-05	0.000433884	0.933333	0
	0.714	2.06612e-05	0.000309917	0.933333	0	2.06612e-05	0.000309917	0.933333	0
	0.715	2.06612e-05	0.000309917	0.933333	0	2.06612e-05	0.000309917	0.933333	0
	0.716	0	0.000227273	0.933333	0	0	0.000206612	0.933333	0
	0.717	2.06612e-05	0.000206612	0.933333	0	2.06612e-05	0.000227273	0.933333	0
	0.718	2.06612e-05	0.000289256	0.933333	0	2.06612e-05	0.000268595	0.933333	0
	0.719	0	0.00018595	0.933333	0	0	0.00018595	0.933333	0
	0.72	4.13223e-05	0.00018595	0.933333	0	4.13223e-05	0.00018595	0.933333	0
	0.721	4.13223e-05	0.00018595	0.933333	0	4.13223e-05	0.00018595	0.933333	0
	0.722	2.06612e-05	0.000165289	0.933333	0	2.06612e-05	0.000165289	0.933333	0
	0.723	4.13223e-05	0.000165289	0.933333	0	4.13223e-05	0.000165289	0.933333	0
	0.724	0.000103306	0.000206612	0.933333	0	0.000103306	0.000206612	0.933333	0
	0.725	0.000103306	0.00018595	0.933333	0	0.000103306	0.00018595	0.933333	0
	0.726	4.13223e-05	0.000165289	0.933333	0	4.13223e-05	0.000165289	0.933333	0
	0.727	4.13223e-05	0.000103306	0.933333	0	4.13223e-05	0.000103306	0.933333	0
	0.728	4.13223e-05	8.26446e-05	0.933333	0	4.13223e-05	8.26446e-05	0.933333	0
	0.729	0	0.000123967	0.933333	0	0	0.000123967	0.933333	0
	0.73	6.19835e-05	0.000123967	0.933333	0	6.19835e-05	0.000123967	0.933333	0
	0.731	4.13223e-05	4.13223e-05	0.933333	0	4.13223e-05	4.13223e-05	0.933333	0
	0.732	4.13223e-05	0.000103306	0.933333	0	4.13223e-05	0.000103306	0.933333	0
	0.733	8.26446e-05	0.000123967	0.933333	0	8.26446e-05	0.000144628	0.933333	0
	0.734	0.000103306	0.000103306	0.933333	0	0.000103306	8.26446e-05	0.933333	0
	0.735	2.06612e-05	0.000103306	0.933333	0	2.06612e-05	0.000103306	0.933333	0
	0.736	4.13223e-05	0.000144628	0.933333	0	4.13223e-05	0.000144628	0.933333	0
	0.737	4.13223e-05	0	0.933333	0	4.13223e-05	0	0.933333	0
	0.738	2.06612e-05	2.06612e-05	0.933333	0	2.06612e-05	2.06612e-05	0.933333	0
	0.739	4.13223e-05	0	0.933333	0	4.13223e-05	0	0.933333	0
	0.74	4.13223e-05	6.19835e-05	0.866667	0	4.13223e-05	8.26446e-05	0.866667	0
	0.741	8.26446e-05	6.19835e-05	0.866667	0	8.26446e-05	4.13223e-05	0.866667	0
	0.742	8.26446e-05	0	0.866667	0	8.26446e-05	0	0.866667	0
	0.743	6.19835e-05	8.26446e-05	0.8	0	6.19835e-05	8.26446e-05	0.8	0
	0.744	2.06612e-05	0	0.8	0	2.06612e-05	0	0.8	0
	0.745	6.19835e-05	4.13223e-05	0.8	0	6.19835e-05	4.13223e-05	0.8	0
	0.746	0.000103306	6.19835e-05	0.8	0	0.000103306	6.19835e-05	0.8	0
	0.747	6.19835e-05	0	0.8	0	6.19835e-05	0	0.8	0
	0.748	6.19835e-05	2.06612e-05	0.8	0	6.19835e-05	2.06612e-05	0.8	0
	0.749	2.06612e-05	2.06612e-05	0.8	0	2.06612e-05	2.06612e-05	0.8	0
	0.75	2.06612e-05	0	0.8	0	2.06612e-05	0	0.8	0
	0.751	4.13223e-05	0	0.8	0	4.13223e-05	0	0.8	0
	0.752	6.19835e-05	0	0.8	0	6.19835e-05	0	0.8	0
	0.753	2.06612e-05	0	0.8	0	2.06612e-05	0	0.8	0
	0.754	0.000103306	2.06612e-05	0.8	0	0.000103306	2.06612e-05	0.8	0
	0.755	4.13223e-05	0	0.8	0	4.13223e-05	0	0.8	0
	0.756	4.13223e-05	0	0.8	0	4.13223e-05	0	0.8	0
	0.757	0.000144628	2.06612e-05	0.8	0	0.000144628	2.06612e-05	0.8	0
	0.758	4.13223e-05	6.19835e-05	0.8	0	4.13223e-05	6.19835e-05	0.8	0
	0.759	6.19835e-05	0	0.8	0	6.19835e-05	0	0.8	0
	0.76	4.13223e-05	0	0.8	0	4.13223e-05	0	0.8	0
	0.761	0.000103306	0	0.8	0	0.000103306	0	0.8	0
	0.762	6.19835e-05	0	0.8	0	6.19835e-05	0	0.8	0
	0.763	6.19835e-05	0	0.8	0	6.19835e-05	0	0.8	0
	0.764	0.000103306	0	0.8	0	0.000103306	0	0.8	0
	0.765	2.06612e-05	0	0.8	0	2.06612e-05	0	0.8	0
	0.766	2.06612e-05	2.06612e-05	0.8	0	2.06612e-05	2.06612e-05	0.8	0
	0.767	0.000123967	0	0.8	0	0.000123967	0	0.8	0
	0.768	0.000206612	2.06612e-05	0.8	0	0.000206612	2.06612e-05	0.8	0
	0.769	0.000103306	2.06612e-05	0.8	0	0.000103306	2.06612e-05	0.8	0
	0.77	0.000227273	2.06612e-05	0.8	0	0.000227273	2.06612e-05	0.8	0
	0.771	0.000165289	0	0.8	0	0.000165289	0	0.8	0
	0.772	0.00018595	0	0.8	0	0.00018595	0	0.8	0
	0.773	6.19835e-05	2.06612e-05	0.8	0	6.19835e-05	2.06612e-05	0.8	0
	0.774	0.000123967	2.06612e-05	0.8	0	0.000123967	2.06612e-05	0.8	0
	0.775	0.000103306	0	0.8	0	0.000103306	0	0.8	0
	0.776	0.000165289	0	0.8	0	0.000165289	0	0.8	0
	0.777	0.000165289	0	0.857143	0	0.000165289	0	0.857143	0
	0.778	8.26446e-05	2.06612e-05	0.857143	0	8.26446e-05	2.06612e-05	0.857143	0
	0.779	0.000144628	0	0.857143	0	0.000144628	0	0.857143	0
	0.78	0.000123967	0	0.857143	0	0.000123967	0	0.857143	0
	0.781	0.000103306	0	0.857143	0	0.000103306	0	0.857143	0
	0.782	6.19835e-05	2.06612e-05	0.857143	0	6.19835e-05	2.06612e-05	0.857143	0
	0.783	6.19835e-05	2.06612e-05	0.857143	0	6.19835e-05	2.06612e-05	0.857143	0
	0.784	8.26446e-05	0	0.857143	0	8.26446e-05	0	0.857143	0
	0.785	0.000103306	0	0.857143	0	0.000103306	0	0.857143	0
	0.786	8.26446e-05	0	0.857143	0	8.26446e-05	0	0.857143	0
	0.787	8.26446e-05	4.13223e-05	0.857143	0	8.26446e-05	4.13223e-05	0.857143	0
	0.788	6.19835e-05	2.06612e-05	0.857143	0	6.19835e-05	2.06612e-05	0.857143	0
	0.789	4.13223e-05	0	0.857143	0	4.13223e-05	0	0.857143	0
	0.79	6.19835e-05	0	0.857143	0	6.19835e-05	0	0.857143	0
	0.791	2.06612e-05	0	0.857143	0	2.06612e-05	0	0.857143	0
	0.792	2.06612e-05	0	0.857143	0	2.06612e-05	0	0.857143	0
	0.793	6.19835e-05	6.19835e-05	0.857143	0	6.19835e-05	6.19835e-05	0.857143	0
	0.794	4.13223e-05	0	0.857143	0	4.13223e-05	0	0.857143	0
	0.795	0.000103306	0	0.785714	0	0.000103306	0	0.785714	0
	0.796	6.19835e-05	0	0.785714	0	6.19835e-05	0	0.785714	0
	0.797	0	0	0.785714	0	0	0	0.785714	0
	0.798	8.26446e-05	2.06612e-05	0.785714	0	8.26446e-05	2.06612e-05	0.785714	0
	0.799	8.26446e-05	4.13223e-05	0.785714	0	8.26446e-05	4.13223e-05	0.785714	0
	0.8	2.06612e-05	0	0.785714	0	2.06612e-05	0	0.785714	0
	0.801	0	0	0.785714	0	0	0	0.785714	0
	0.802	4.13223e-05	2.06612e-05	0.785714	0	4.13223e-05	2.06612e-05	0.785714	0
	0.803	2.06612e-05	0	0.785714	0	2.06612e-05	0	0.785714	0
	0.804	4.13223e-05	0	0.785714	0	4.13223e-05	0	0.785714	0
	0.805	4.13223e-05	0	0.785714	0	4.13223e-05	0	0.785714	0
	0.806	4.13223e-05	0	0.846154	0	4.13223e-05	0	0.846154	0
	0.807	0.000123967	0	0.846154	0	0.000123967	0	0.846154	0
	0.808	0.000103306	0	0.846154	0	0.000103306	0	0.846154	0
	0.809	6.19835e-05	0	0.846154	0	6.19835e-05	0	0.846154	0
	0.81	6.19835e-05	2.06612e-05	0.846154	0	6.19835e-05	2.06612e-05	0.846154	0
	0.811	8.26446e-05	0	0.846154	0	8.26446e-05	0	0.846154	0
	0.812	4.13223e-05	2.06612e-05	0.846154	0	4.13223e-05	2.06612e-05	0.846154	0
	0.813	0.000103306	4.13223e-05	0.846154	0	0.000103306	4.13223e-05	0.846154	0
	0.814	8.26446e-05	2.06612e-05	0.846154	0	8.26446e-05	2.06612e-05	0.846154	0
	0.815	6.19835e-05	0	0.846154	0	6.19835e-05	0	0.846154	0
	0.816	4.13223e-05	0	0.846154	0	4.13223e-05	0	0.846154	0
	0.817	6.19835e-05	0	0.846154	0	6.19835e-05	0	0.846154	0
	0.818	6.19835e-05	0	0.846154	0	6.19835e-05	0	0.846154	0
	0.819	0.000103306	2.06612e-05	0.846154	0	0.000103306	2.06612e-05	0.846154	0
	0.82	4.13223e-05	0	0.846154	0	4.13223e-05	0	0.846154	0
	0.821	0.000103306	0	0.916667	0	0.000103306	0	0.916667	0
	0.822	0.000123967	0	0.916667	0	0.000123967	0	0.916667	0
	0.823	6.19835e-05	0	0.833333	0	6.19835e-05	0	0.833333	0
	0.824	0.000165289	0	0.833333	0	0.000165289	0	0.833333	0
	0.825	4.13223e-05	0	0.833333	0	4.13223e-05	0	0.833333	0
	0.826	0.000123967	0	0.833333	0	0.000123967	0	0.833333	0
	0.827	0	2.06612e-05	0.833333	0	0	2.06612e-05	0.833333	0
	0.828	2.06612e-05	2.06612e-05	0.833333	0	2.06612e-05	2.06612e-05	0.833333	0
	0.829	4.13223e-05	0	0.833333	0	4.13223e-05	0	0.833333	0
	0.83	0	2.06612e-05	0.833333	0	0	2.06612e-05	0.833333	0
	0.831	6.19835e-05	2.06612e-05	0.833333	0	6.19835e-05	2.06612e-05	0.833333	0
	0.832	6.19835e-05	0	0.833333	0	6.19835e-05	0	0.833333	0
	0.833	2.06612e-05	0	0.833333	0	2.06612e-05	0	0.833333	0
	0.834	4.13223e-05	0	0.833333	0	4.13223e-05	0	0.833333	0
	0.835	6.19835e-05	0	0.833333	0	6.19835e-05	0	0.833333	0
	0.836	8.26446e-05	0	0.833333	0	8.26446e-05	0	0.833333	0
	0.837	0.000144628	0	0.833333	0	0.000144628	0	0.833333	0
	0.838	4.13223e-05	0	0.833333	0	4.13223e-05	0	0.833333	0
	0.839	2.06612e-05	2.06612e-05	0.833333	0	2.06612e-05	2.06612e-05	0.833333	0
	0.84	8.26446e-05	0	0.833333	0	8.26446e-05	0	0.833333	0
	0.841	8.26446e-05	4.13223e-05	0.833333	0	8.26446e-05	4.13223e-05	0.833333	0
	0.842	0.000103306	0	0.833333	0	0.000103306	0	0.833333	0
	0.843	2.06612e-05	0	0.909091	0	2.06612e-05	0	0.909091	0
	0.844	6.19835e-05	0	0.909091	0	6.19835e-05	0	0.909091	0
	0.845	4.13223e-05	0	0.909091	0	4.13223e-05	0	0.909091	0
	0.846	8.26446e-05	0	0.909091	0	8.26446e-05	0	0.909091	0
	0.847	6.19835e-05	2.06612e-05	0.909091	0	6.19835e-05	2.06612e-05	0.909091	0
	0.848	8.26446e-05	0	0.909091	0	8.26446e-05	0	0.909091	0
	0.849	4.13223e-05	0	0.909091	0	4.13223e-05	0	0.909091	0
	0.85	6.19835e-05	0	0.909091	0	6.19835e-05	0	0.909091	0
	0.851	8.26446e-05	0	0.909091	0	8.26446e-05	0	0.909091	0
	0.852	4.13223e-05	2.06612e-05	0.909091	0	4.13223e-05	2.06612e-05	0.909091	0
	0.853	4.13223e-05	0	0.909091	0	4.13223e-05	0	0.909091	0
	0.854	0.000103306	2.06612e-05	0.909091	0	0.000103306	2.06612e-05	0.909091	0
	0.855	8.26446e-05	2.06612e-05	0.909091	0	8.26446e-05	2.06612e-05	0.909091	0
	0.856	4.13223e-05	0	0.909091	0	4.13223e-05	0	0.909091	0
	0.857	6.19835e-05	2.06612e-05	0.909091	0	6.19835e-05	2.06612e-05	0.909091	0
	0.858	8.26446e-05	0	0.909091	0	8.26446e-05	0	0.909091	0
	0.859	6.19835e-05	0	0.909091	0	6.19835e-05	0	0.909091	0
	0.86	8.26446e-05	0	0.909091	0	8.26446e-05	0	0.909091	0
	0.861	4.13223e-05	0	0.909091	0	4.13223e-05	0	0.909091	0
	0.862	8.26446e-05	2.06612e-05	0.909091	0	8.26446e-05	2.06612e-05	0.909091	0
	0.863	0	4.13223e-05	0.909091	0	0	4.13223e-05	0.909091	0
	0.864	2.06612e-05	0	0.909091	0	2.06612e-05	0	0.909091	0
	0.865	0	0	0.909091	0	0	0	0.909091	0
	0.866	6.19835e-05	0	0.909091	0	6.19835e-05	0	0.909091	0
	0.867	6.19835e-05	2.06612e-05	0.909091	0	6.19835e-05	2.06612e-05	0.909091	0
	0.868	2.06612e-05	0	0.909091	0	2.06612e-05	0	0.909091	0
	0.869	0	0	0.909091	0	0	0	0.909091	0
	0.87	0	2.06612e-05	0.909091	0	0	2.06612e-05	0.909091	0
	0.871	2.06612e-05	0	0.909091	0	2.06612e-05	0	0.909091	0
	0.872	0	2.06612e-05	0.909091	0	0	2.06612e-05	0.909091	0
	0.873	0	0	0.909091	0	0	0	0.909091	0
	0.874	4.13223e-05	0	0.909091	0	4.13223e-05	0	0.909091	0
	0.875	0	0	1	0	0	0	1	0
	0.876	0	0	1	0	0	0	1	0
	0.877	0	0	1	0	0	0	1	0
	0.878	0	0	1	0	0	0	1	0
	0.879	0	2.06612e-05	1	0	0	2.06612e-05	1	0
	0.88	0	0	1	0	0	0	1	0
	0.881	0	0	1	0	0	0	1	0
	0.882	0	0	1	0	0	0	1	0
	0.883	0	0	1	0	0	0	1	0
	0.884	0	0	1	0	0	0	1	0
	0.885	0	2.06612e-05	1	0	0	2.06612e-05	1	0
	0.886	0	0	1	0	0	0	1	0
	0.887	0	0	1	0	0	0	1	0
	0.888	0	0	1	0	0	0	1	0
	0.889	0	0	1	0	0	0	1	0
	0.89	0	2.06612e-05	1	0	0	2.06612e-05	1	0
	0.891	0	0	1	0	0	0	1	0
	0.892	0	2.06612e-05	1	0	0	2.06612e-05	1	0
	0.893	0	0	1	0	0	0	1	0
	0.894	0	0	1	0	0	0	1	0
	0.895	0	0	1	0	0	0	1	0
	0.896	0	0	1	0	0	0	1	0
	0.897	0	0	1	0	0	0	1	0
	0.898	0	2.06612e-05	1	0	0	2.06612e-05	1	0
	0.899	0	0	1	0	0	0	1	0
	0.9	0	4.13223e-05	1	0	0	4.13223e-05	1	0
	0.901	0	0	1	0	0	0	1	0
	0.902	0	0	1	0	0	0	1	0
	0.903	0	0	1	0	0	0	1	0
	0.904	0	0	1	0	0	0	1	0
	0.905	0	0	1	0	0	0	1	0
	0.906	0	0	1	0	0	0	1	0
	0.907	0	0	1	0	0	0	1	0
	0.908	0	2.06612e-05	1	0	0	2.06612e-05	1	0
	0.909	0	0	1	0	0	0	1	0
	0.91	0	0	1	0	0	0	1	0
	0.911	0	0	1	0	0	0	1	0
	0.912	0	0	1	0	0	0	1	0
	0.913	0	0	1	0	0	0	1	0
	0.914	0	0	1	0	0	0	1	0
	0.915	0	0	1	0	0	0	1	0
	0.916	0	0	1	0	0	0	1	0
	0.917	0	0	1	0	0	0	1	0
	0.918	0	0	1	0	0	0	1	0
	0.919	0	0	1	0	0	0	1	0
	0.92	0	2.06612e-05	1	0	0	2.06612e-05	1	0
	0.921	0	0	1	0	0	0	1	0
	0.922	0	0	1	0	0	0	1	0
	0.923	0	0	1	0	0	0	1	0
	0.924	0	0	1	0	0	0	1	0
	0.925	0	0	1	0	0	0	1	0
	0.926	0	0	1	0	0	0	1	0
	0.927	0	0	1	0	0	0	1	0
	0.928	0	4.13223e-05	1	0	0	4.13223e-05	1	0
	0.929	0	0	1	0	0	0	1	0
	0.93	0	0	1	0	0	0	1	0
	0.931	0	0	1	0	0	0	1	0
	0.932	0	0	1	0	0	0	1	0
	0.933	0	0	1	0	0	0	1	0
	0.934	0	0	1	0	0	0	1	0
	0.935	0	0	1	0	0	0	1	0
	0.936	0	0	1	0	0	0	1	0
	0.937	0	0	1	0	0	0	1	0
	0.938	0	0	1	0	0	0	1	0
	0.939	0	0	1	0	0	0	1	0
	0.94	0	0	1	0	0	0	1	0
	0.941	0	0	1	0	0	0	1	0
	0.942	0	2.06612e-05	1	0	0	2.06612e-05	1	0
	0.943	0	0	1	0	0	0	1	0
	0.944	0	0	1	0	0	0	1	0
	0.945	0	0	1	0	0	0	1	0
	0.946	0	0	1	0	0	0	1	0
	0.947	0	0	1	0	0	0	1	0
	0.948	0	0	1	0	0	0	1	0
	0.949	0	0	1	0	0	0	1	0
	0.95	0	0	1	0	0	0	1	0
	0.951	0	0	1	0	0	0	1	0
	0.952	0	0	1	0	0	0	1	0
	0.953	0	0	1	0	0	0	1	0
	0.954	0	0	1	0	0	0	1	0
	0.955	0	0	1	0	0	0	1	0
	0.956	0	0	1	0	0	0	1	0
	0.957	0	0	1	0	0	0	1	0
	0.958	0	0	1	0	0	0	1	0
	0.959	0	0	1	0	0	0	1	0
	0.96	0	0	1	0	0	0	1	0
	0.961	0	0	1	0	0	0	1	0
	0.962	0	0	1	0	0	0	1	0
	0.963	0	0	1	0	0	0	1	0
	0.964	0	0	1	0	0	0	1	0
	0.965	0	2.06612e-05	1	0	0	2.06612e-05	1	0
	0.966	2.06612e-05	0	1	0	2.06612e-05	0	1	0
	0.967	0	0	0.9	0	0	0	0.9	0
	0.968	0	2.06612e-05	0.9	0	0	2.06612e-05	0.9	0
	0.969	6.19835e-05	0	0.9	0	6.19835e-05	0	0.9	0
	0.97	2.06612e-05	0	0.9	0	2.06612e-05	0	0.9	0
	0.971	2.06612e-05	0	0.9	0	2.06612e-05	0	0.9	0
	0.972	6.19835e-05	0	0.9	0	6.19835e-05	0	0.9	0
	0.973	0.000165289	0	0.9	0	0.000165289	0	0.9	0
	0.974	0.000103306	0	0.9	0	0.000103306	0	0.9	0
	0.975	0.000123967	0	0.9	0	0.000123967	0	0.9	0
	0.976	0.000144628	2.06612e-05	0.9	0	0.000144628	2.06612e-05	0.9	0
	0.977	0.00018595	0	0.9	0	0.00018595	0	0.9	0
	0.978	0.000227273	0	0.9	0	0.000227273	0	0.9	0
	0.979	0.000206612	0	0.9	0	0.000206612	0	0.9	0
	0.98	0.000289256	0	0.9	0	0.000289256	0	0.9	0
	0.981	0.000144628	0	0.9	0	0.000144628	0	0.9	0
	0.982	8.26446e-05	0	0.9	0	8.26446e-05	0	0.9	0
	0.983	4.13223e-05	0	0.9	0	4.13223e-05	0	0.9	0
	0.984	8.26446e-05	0	0.9	0	8.26446e-05	0	0.9	0
	0.985	2.06612e-05	0	0.9	0	2.06612e-05	0	0.9	0
	0.986	4.13223e-05	0	0.9	0	4.13223e-05	0	0.9	0
	0.987	0	0	0.9	0	0	0	0.9	0
	0.988	0	0	0.9	0	0	0	0.9	0
	0.989	0	2.06612e-05	0.9	0	0	2.06612e-05	0.9	0
	0.99	2.06612e-05	0	0.9	0	2.06612e-05	0	0.9	0
	0.991	0	2.06612e-05	1	0	0	2.06612e-05	1	0
	0.992	2.06612e-05	0	1	0	2.06612e-05	0	1	0
	0.993	4.13223e-05	0	0.888889	0	4.13223e-05	0	0.888889	0
	0.994	4.13223e-05	0	0.888889	0	4.13223e-05	0	0.888889	0
	0.995	0.000103306	0	0.888889	0	0.000103306	0	0.888889	0
	0.996	0.000433884	2.06612e-05	0.888889	0	0.000433884	2.06612e-05	0.888889	0
	0.997	0.000764463	0	0.777778	0	0.000764463	0	0.777778	0
	0.998	0.000909091	0	0.777778	0	0.000909091	0	0.777778	0
	0.999	0.00105372	2.06612e-05	0.777778	0	0.00105372	2.06612e-05	0.777778	0
	1	0.0152273	0.000247934	0.666667	0	0.0152273	0.000247934	0.666667	0


#	yrange	sparsity	# links	zeta	support at cross	fraction FP	support at cross2	fraction FP2
	0	0.0371901	18	0.0213944	0.991	0.0166667	0.991	0.0166667
	0.9	0.0371901	18	0.0213944	0.991	0.0166667	0.991	0.0166667
