#	Frequencies and overlap
#	bins	MYC	shuffle	overlap_MYC	overlap_shuffle	SIGN_MYC	SIGNshuffle	SIGNoverlap_MYC	SIGNoverlap_shuffle
	0	0.00446281	0.00183884	1	1	0.617748	0.635351	0.8125	0
	0.001	0.00165289	0.000764463	0.991736	0.952479	0.00115702	0.000433884	0.806763	0
	0.002	0.00128099	0.000454545	0.989648	0.950413	0.000950413	0.00018595	0.806763	0
	0.003	0.00119835	0.000475207	0.989627	0.942149	0.000826446	0.000123967	0.81068	0
	0.004	0.00113636	0.000475207	0.989627	0.940083	0.00035124	0.000309917	0.81068	0
	0.005	0.00128099	0.000289256	0.989627	0.931818	0.000495868	0.000165289	0.814634	0
	0.006	0.000971074	0.00035124	0.991684	0.927686	0.000123967	0.000103306	0.818627	0
	0.007	0.000640496	0.000330579	0.989605	0.92562	0.000123967	8.26446e-05	0.818627	0
	0.008	0.000764463	0.000227273	0.991667	0.921488	8.26446e-05	0.000103306	0.82266	0
	0.009	0.000619835	0.000268595	0.989583	0.917355	8.26446e-05	0.000144628	0.817734	0
	0.01	0.00053719	0.000268595	0.9875	0.915289	0.00018595	0.000144628	0.817734	0
	0.011	0.000392562	0.000206612	0.987474	0.913223	0.000165289	0.000165289	0.825871	0
	0.012	0.000392562	0.000206612	0.987474	0.911157	0.000165289	0.000103306	0.825871	0
	0.013	0.000619835	0.000206612	0.987474	0.909091	0.000268595	0.000165289	0.825871	0
	0.014	0.000599174	0.000103306	0.987474	0.909091	0.000268595	0.000144628	0.825871	0
	0.015	0.000619835	0.000268595	0.98954	0.909091	0.000289256	0.000103306	0.825871	0
	0.016	0.000640496	0.000371901	0.98954	0.904959	0.000227273	0.000123967	0.825871	0
	0.017	0.000681818	0.000144628	0.991614	0.89876	0.000247934	0.00018595	0.825871	0
	0.018	0.000599174	0.000144628	0.991614	0.88843	0.000247934	8.26446e-05	0.825871	0
	0.019	0.000578512	0.000206612	0.989518	0.886364	0.00018595	0.000144628	0.825871	0
	0.02	0.000764463	0.000227273	0.989518	0.882231	0.000144628	0.000165289	0.825871	0
	0.021	0.000661157	0.00018595	0.989518	0.880165	4.13223e-05	0.000165289	0.83	0
	0.022	0.00053719	0.000268595	0.989518	0.878099	0.000123967	0.00018595	0.83	0
	0.023	0.000578512	0.00018595	0.991597	0.873967	4.13223e-05	0.000123967	0.83	0
	0.024	0.000454545	0.000144628	0.991597	0.869835	4.13223e-05	8.26446e-05	0.83	0
	0.025	0.00035124	0.000227273	0.991597	0.867769	4.13223e-05	0.00018595	0.83	0
	0.026	0.000247934	0.000144628	0.991597	0.86157	0	0.000103306	0.834171	0
	0.027	0.000268595	0.000247934	0.989496	0.857438	0	0.000103306	0.834171	0
	0.028	0.000227273	0.000247934	0.989496	0.85124	0	0.000144628	0.834171	0
	0.029	0.000123967	0.000144628	0.991579	0.85124	0	6.19835e-05	0.834171	0
	0.03	0.000227273	0.000144628	0.991579	0.849174	0	8.26446e-05	0.834171	0
	0.031	0.00018595	0.000165289	0.991579	0.847107	2.06612e-05	0.000123967	0.834171	0
	0.032	0.000144628	0.000206612	0.993671	0.842975	0	8.26446e-05	0.834171	0
	0.033	0.000144628	0.000144628	0.993671	0.838843	4.13223e-05	0.000144628	0.834171	0
	0.034	0.000123967	0.000123967	0.991561	0.834711	0	0.000123967	0.829146	0
	0.035	0.000123967	0.000165289	0.991561	0.834711	6.19835e-05	8.26446e-05	0.829146	0
	0.036	0.00018595	0.000206612	0.993658	0.834711	8.26446e-05	0.000103306	0.829146	0
	0.037	0.00018595	0.000289256	0.993658	0.832645	0.000123967	0.000227273	0.829146	0
	0.038	0.000165289	0.000103306	0.993658	0.830579	8.26446e-05	0.000144628	0.829146	0
	0.039	0.000144628	0.000144628	0.993658	0.830579	0.000165289	4.13223e-05	0.829146	0
	0.04	0.000165289	0.00018595	0.993658	0.828512	8.26446e-05	0.000144628	0.829146	0
	0.041	0.000289256	0.000144628	0.993658	0.828512	0.000227273	8.26446e-05	0.829146	0
	0.042	0.000144628	4.13223e-05	0.995763	0.828512	0.000247934	6.19835e-05	0.829146	0
	0.043	0.000227273	0.00018595	0.995763	0.828512	0.000268595	0.000227273	0.829146	0
	0.044	0.000289256	0.000268595	0.995763	0.826446	0.000330579	0.00018595	0.829146	0
	0.045	0.000247934	0.000144628	0.993644	0.82438	0.000144628	0.000165289	0.829146	0
	0.046	0.00035124	0.000206612	0.993644	0.818182	0.000227273	0.000123967	0.829146	0
	0.047	0.000227273	0.000144628	0.993644	0.818182	0.000227273	8.26446e-05	0.829146	0
	0.048	0.000289256	0.000206612	0.993644	0.816116	0.000165289	0.000123967	0.833333	0
	0.049	0.000289256	8.26446e-05	0.993644	0.816116	0.000206612	6.19835e-05	0.833333	0
	0.05	0.000433884	0.000206612	0.993644	0.816116	0.000206612	0.000206612	0.833333	0
	0.051	0.000309917	0.000144628	0.989407	0.816116	0.000206612	0.000144628	0.833333	0
	0.052	0.000165289	0.000144628	0.989407	0.816116	0.000268595	4.13223e-05	0.833333	0
	0.053	0.00035124	0.000144628	0.989407	0.81405	0.00018595	0.000144628	0.833333	0
	0.054	0.000289256	0.000247934	0.989407	0.81405	0.000165289	0.00018595	0.828283	0
	0.055	0.000268595	0.000206612	0.989407	0.811983	0.000103306	6.19835e-05	0.828283	0
	0.056	0.000206612	0.000227273	0.989407	0.811983	0.00018595	0.000103306	0.828283	0
	0.057	0.000268595	0.000227273	0.989407	0.811983	6.19835e-05	0.000268595	0.828283	0
	0.058	8.26446e-05	6.19835e-05	0.987288	0.807851	2.06612e-05	0.000103306	0.828283	0
	0.059	0.00018595	0.00018595	0.987288	0.807851	0.00018595	0.000206612	0.828283	0
	0.06	0.00018595	0.000103306	0.987288	0.807851	6.19835e-05	0.000144628	0.828283	0
	0.061	0.000371901	0.000123967	0.987288	0.807851	0.000144628	0.000103306	0.832487	0
	0.062	0.000289256	0.000123967	0.987288	0.805785	0.000103306	0.00018595	0.836735	0
	0.063	0.000144628	0.000206612	0.987288	0.805785	8.26446e-05	8.26446e-05	0.836735	0
	0.064	0.000268595	0.000268595	0.987288	0.803719	8.26446e-05	0.000123967	0.841026	0
	0.065	0.00018595	0.000165289	0.985169	0.803719	0.000247934	6.19835e-05	0.841026	0
	0.066	0.000330579	0.00018595	0.985169	0.803719	0.000123967	2.06612e-05	0.840206	0
	0.067	0.000268595	6.19835e-05	0.989362	0.803719	6.19835e-05	0.000123967	0.840206	0
	0.068	0.000206612	0.000103306	0.989362	0.803719	4.13223e-05	0.00018595	0.840206	0
	0.069	0.00035124	0.00018595	0.987234	0.803719	0.000144628	8.26446e-05	0.840206	0
	0.07	0.000454545	0.000123967	0.987234	0.801653	0.000165289	6.19835e-05	0.840206	0
	0.071	0.000309917	6.19835e-05	0.985106	0.801653	0.00018595	0.000103306	0.840206	0
	0.072	0.000557851	0.000144628	0.985106	0.801653	0.000144628	0.000165289	0.840206	0
	0.073	0.000392562	0.000268595	0.982979	0.801653	0.00018595	0.00018595	0.835052	0
	0.074	0.000454545	0.00018595	0.982979	0.801653	0.00018595	8.26446e-05	0.839378	0
	0.075	0.000454545	8.26446e-05	0.982979	0.801653	8.26446e-05	0.000165289	0.839378	0
	0.076	0.000516529	0.000123967	0.980851	0.801653	0.000165289	8.26446e-05	0.839378	0
	0.077	0.000516529	0.000144628	0.980851	0.799587	8.26446e-05	0.000103306	0.839378	0
	0.078	0.000433884	0.000103306	0.982942	0.799587	0.000123967	8.26446e-05	0.839378	0
	0.079	0.000557851	0.000165289	0.98081	0.799587	0.000123967	4.13223e-05	0.834197	0
	0.08	0.000454545	0.00018595	0.978678	0.797521	0.000206612	0.000165289	0.834197	0
	0.081	0.000495868	0.000206612	0.978678	0.797521	0.000268595	8.26446e-05	0.834197	0
	0.082	0.000578512	6.19835e-05	0.978678	0.795455	0.000165289	0.00018595	0.834197	0
	0.083	0.000392562	0.000123967	0.976546	0.795455	0.000227273	0.000165289	0.834197	0
	0.084	0.000454545	8.26446e-05	0.976546	0.793388	0.000123967	4.13223e-05	0.834197	0
	0.085	0.000557851	8.26446e-05	0.978632	0.793388	0.000268595	0.000123967	0.834197	0
	0.086	0.000681818	0.000227273	0.976496	0.793388	0.000144628	0.000123967	0.834197	0
	0.087	0.000454545	0.000123967	0.976496	0.791322	0.000165289	2.06612e-05	0.834197	0
	0.088	0.000557851	0.000144628	0.976496	0.791322	0.00018595	0.000206612	0.834197	0
	0.089	0.000826446	0.000268595	0.976496	0.789256	0.000289256	0.00018595	0.838542	0
	0.09	0.000433884	0.000227273	0.976496	0.789256	0.000330579	0.000123967	0.838542	0
	0.091	0.00072314	0.000103306	0.974359	0.78719	0.000289256	0.000103306	0.838542	0
	0.092	0.00053719	0.000165289	0.976445	0.78719	0.000103306	0.000144628	0.838542	0
	0.093	0.000867769	0.000144628	0.976445	0.78719	0.000330579	0.000144628	0.838542	0
	0.094	0.000557851	0.000227273	0.976445	0.78719	0.000144628	6.19835e-05	0.838542	0
	0.095	0.000454545	0.000123967	0.976445	0.785124	0.000165289	4.13223e-05	0.838542	0
	0.096	0.000826446	0.000268595	0.976445	0.785124	0.00035124	0.000103306	0.833333	0
	0.097	0.000413223	0.000123967	0.976445	0.783058	0.000247934	0.000165289	0.833333	0
	0.098	0.000702479	0.000206612	0.976445	0.783058	0.000268595	8.26446e-05	0.833333	0
	0.099	0.00072314	0.000227273	0.976445	0.783058	0.000165289	0.00018595	0.833333	0
	0.1	0.000640496	6.19835e-05	0.976395	0.783058	0.00035124	8.26446e-05	0.833333	0
	0.101	0.000578512	4.13223e-05	0.976395	0.780992	0.000289256	0.000123967	0.833333	0
	0.102	0.000516529	0.000103306	0.976395	0.780992	0.000268595	0.000144628	0.833333	0
	0.103	0.000371901	8.26446e-05	0.976395	0.780992	0.000330579	6.19835e-05	0.833333	0
	0.104	0.000619835	2.06612e-05	0.974249	0.780992	0.000268595	4.13223e-05	0.833333	0
	0.105	0.000454545	0.000144628	0.974249	0.780992	0.000165289	0.000144628	0.833333	0
	0.106	0.000371901	0.000247934	0.976344	0.780992	0.000268595	0.000227273	0.833333	0
	0.107	0.000433884	0.000268595	0.976344	0.780992	0.000144628	0.000103306	0.837696	0
	0.108	0.000454545	8.26446e-05	0.976344	0.780992	0.000268595	0.000103306	0.837696	0
	0.109	0.000413223	0.000165289	0.978448	0.780992	0.000268595	0.00018595	0.842105	0
	0.11	0.00035124	0.000123967	0.976293	0.780992	0.00018595	6.19835e-05	0.842105	0
	0.111	0.000433884	0.000103306	0.976293	0.778926	0.000247934	0.000103306	0.842105	0
	0.112	0.000289256	0.000123967	0.978402	0.778926	0.000247934	0.00018595	0.842105	0
	0.113	0.000392562	0.000123967	0.978402	0.778926	0.00018595	0.000144628	0.842105	0
	0.114	0.000165289	0.000206612	0.978402	0.778926	8.26446e-05	0.000227273	0.842105	0
	0.115	0.000330579	0.000123967	0.978402	0.778926	0.000227273	0.000144628	0.842105	0
	0.116	0.000330579	0.00035124	0.978402	0.77686	8.26446e-05	0.000165289	0.842105	0
	0.117	0.000289256	0.000165289	0.980519	0.77686	0.000206612	0.000165289	0.846561	0
	0.118	0.000413223	0.00018595	0.980519	0.77686	0.000227273	0.000103306	0.846561	0
	0.119	0.000309917	0.000123967	0.980519	0.77686	0.00018595	0.000123967	0.846561	0
	0.12	0.000247934	0.00018595	0.982646	0.77686	0.000123967	0.000103306	0.840426	0
	0.121	0.000268595	0.000144628	0.982646	0.77686	0.000165289	0.00018595	0.840426	0
	0.122	0.00035124	0.000144628	0.980477	0.77686	4.13223e-05	0.000103306	0.840426	0
	0.123	0.000392562	0.000144628	0.978308	0.77686	0.000144628	0.000123967	0.840426	0
	0.124	0.000309917	0.000144628	0.976139	0.77686	8.26446e-05	0.00018595	0.84492	0
	0.125	0.00018595	0.000227273	0.976139	0.77686	0.000206612	0.000144628	0.84492	0
	0.126	0.000206612	0.000165289	0.976139	0.77686	0.000103306	0.000103306	0.84492	0
	0.127	0.000289256	0.000144628	0.976139	0.77686	0.000103306	0.00018595	0.839572	0
	0.128	0.000371901	4.13223e-05	0.9718	0.774793	0.000227273	0.000123967	0.839572	0
	0.129	0.00035124	0.000144628	0.973913	0.774793	8.26446e-05	0.000165289	0.839572	0
	0.13	0.000413223	0.000247934	0.976035	0.772727	0.000123967	0.000144628	0.839572	0
	0.131	0.000268595	0.000206612	0.976035	0.772727	0.00018595	0.000165289	0.839572	0
	0.132	0.000330579	0.00018595	0.976035	0.772727	0.000144628	0.000123967	0.839572	0
	0.133	0.000516529	0.000123967	0.978166	0.772727	0.000123967	0.000289256	0.834225	0
	0.134	0.00035124	0.000165289	0.973799	0.772727	0.000289256	6.19835e-05	0.828877	0
	0.135	0.000289256	0.00018595	0.97593	0.772727	0.000123967	0.000227273	0.828877	0
	0.136	0.000289256	0.000123967	0.97593	0.770661	0.000123967	0.000103306	0.828877	0
	0.137	0.00035124	0.000103306	0.97807	0.770661	0.000227273	6.19835e-05	0.828877	0
	0.138	0.00035124	0.000206612	0.97807	0.770661	0.000227273	0.000206612	0.828877	0
	0.139	0.000454545	0.000206612	0.97807	0.768595	0.000289256	0.000206612	0.828877	0
	0.14	0.000516529	8.26446e-05	0.975877	0.766529	0.00018595	0.000206612	0.828877	0
	0.141	0.000371901	0.000206612	0.975877	0.766529	0.000330579	0.000206612	0.823529	0
	0.142	0.000516529	0.00018595	0.975877	0.764463	0.000247934	0.000103306	0.823529	0
	0.143	0.000371901	0.000144628	0.975877	0.764463	0.000165289	0.000144628	0.823529	0
	0.144	0.000619835	0.000144628	0.975877	0.762397	0.000289256	0.000165289	0.823529	0
	0.145	0.000578512	0.000247934	0.975877	0.762397	0.000289256	0.000268595	0.827957	0
	0.146	0.000516529	0.000206612	0.975877	0.762397	0.000268595	0.000289256	0.827957	0
	0.147	0.000454545	0.000289256	0.975877	0.762397	0.000475207	0.000268595	0.827957	0
	0.148	0.000764463	0.000123967	0.975877	0.760331	0.000454545	0.00018595	0.822581	0
	0.149	0.000516529	0.000144628	0.975877	0.760331	0.000330579	0.000103306	0.822581	0
	0.15	0.000392562	0.000144628	0.973684	0.760331	0.000206612	0.00018595	0.827027	0
	0.151	0.000475207	0.000268595	0.973684	0.758264	0.000599174	0.000268595	0.827027	0
	0.152	0.000495868	0.00018595	0.971491	0.756198	0.000392562	6.19835e-05	0.827027	0
	0.153	0.000495868	0.000268595	0.971491	0.756198	0.000371901	0.000206612	0.827027	0
	0.154	0.000413223	0.000103306	0.971491	0.756198	0.00053719	0.000103306	0.821622	0
	0.155	0.000578512	0.000144628	0.971491	0.756198	0.000475207	0.000165289	0.821622	0
	0.156	0.000475207	0.000165289	0.973626	0.756198	0.000578512	0.000268595	0.816216	0
	0.157	0.000495868	0.000206612	0.973626	0.754132	0.000433884	0.000123967	0.816216	0
	0.158	0.00053719	0.000144628	0.975771	0.752066	0.000619835	0.000227273	0.816216	0
	0.159	0.000475207	0.000206612	0.973568	0.752066	0.000702479	0.000330579	0.816216	0
	0.16	0.000475207	0.000165289	0.973568	0.752066	0.00053719	0.000227273	0.816216	0
	0.161	0.000433884	0.000165289	0.971366	0.752066	0.000578512	0.000165289	0.816216	0
	0.162	0.000475207	6.19835e-05	0.969163	0.752066	0.00072314	0.000206612	0.816216	0
	0.163	0.000413223	0.000165289	0.971302	0.752066	0.000557851	0.00018595	0.805405	0
	0.164	0.000475207	0.000206612	0.969095	0.752066	0.000661157	0.000206612	0.805405	0
	0.165	0.000433884	0.000206612	0.969095	0.747934	0.00053719	0.00018595	0.805405	0
	0.166	0.000413223	0.000206612	0.969095	0.747934	0.000557851	0.000309917	0.805405	0
	0.167	0.000454545	0.000247934	0.969095	0.745868	0.000516529	0.000330579	0.809783	0
	0.168	0.000454545	0.000247934	0.969095	0.745868	0.000578512	0.000247934	0.809783	0
	0.169	0.000413223	0.000247934	0.969095	0.745868	0.000599174	0.000144628	0.809783	0
	0.17	0.000392562	0.00018595	0.969095	0.743802	0.000371901	0.000247934	0.814208	0
	0.171	0.000413223	6.19835e-05	0.96468	0.743802	0.000661157	0.000227273	0.808743	0
	0.172	0.000371901	0.000206612	0.966814	0.743802	0.000764463	0.000227273	0.808743	0
	0.173	0.000206612	0.000371901	0.964602	0.743802	0.000681818	0.000165289	0.803279	0
	0.174	0.000309917	0.000206612	0.964602	0.741736	0.000619835	0.000206612	0.803279	0
	0.175	0.000289256	0.000268595	0.964523	0.739669	0.000661157	0.00018595	0.803279	0
	0.176	0.000309917	0.000144628	0.966667	0.739669	0.000516529	0.000165289	0.803279	0
	0.177	0.000475207	0.000289256	0.966667	0.739669	0.00088843	0.000268595	0.803279	0
	0.178	0.000247934	0.000206612	0.96882	0.739669	0.000661157	0.000165289	0.802198	0
	0.179	0.000413223	0.00018595	0.96882	0.739669	0.000619835	0.00018595	0.802198	0
	0.18	0.000454545	0.000227273	0.96882	0.739669	0.000557851	0.000227273	0.80663	0
	0.181	0.00035124	0.000165289	0.966592	0.739669	0.000599174	0.000247934	0.80663	0
	0.182	0.00035124	0.000289256	0.966592	0.739669	0.000929752	0.00018595	0.80663	0
	0.183	0.000413223	0.00018595	0.966592	0.737603	0.00072314	0.000227273	0.80663	0
	0.184	0.000599174	0.000206612	0.966592	0.737603	0.000661157	0.000309917	0.811111	0
	0.185	0.000599174	0.000206612	0.966592	0.737603	0.000743802	0.000206612	0.811111	0
	0.186	0.00035124	0.00018595	0.966592	0.737603	0.000661157	0.000247934	0.811111	0
	0.187	0.00053719	0.000247934	0.966592	0.735537	0.000805785	0.000268595	0.815642	0
	0.188	0.000557851	0.000289256	0.964365	0.735537	0.000454545	0.000144628	0.815642	0
	0.189	0.00053719	0.000247934	0.964365	0.735537	0.00072314	0.000289256	0.815642	0
	0.19	0.000557851	0.000165289	0.966518	0.735537	0.00072314	0.000206612	0.820225	0
	0.191	0.000681818	0.000123967	0.96868	0.735537	0.000516529	0.000227273	0.814607	0
	0.192	0.000557851	0.000165289	0.96868	0.735537	0.000681818	0.000247934	0.814607	0
	0.193	0.000681818	0.000309917	0.966443	0.735537	0.000557851	0.000247934	0.814607	0
	0.194	0.000640496	0.000206612	0.964206	0.731405	0.000743802	0.000268595	0.814607	0
	0.195	0.000495868	0.000330579	0.966368	0.731405	0.000826446	0.000165289	0.814607	0
	0.196	0.000681818	0.000227273	0.966368	0.731405	0.000599174	0.000330579	0.814607	0
	0.197	0.000454545	0.00018595	0.966368	0.729339	0.000516529	0.000227273	0.808989	0
	0.198	0.000516529	0.000371901	0.964126	0.729339	0.000826446	0.000330579	0.808989	0
	0.199	0.000433884	0.000206612	0.964126	0.727273	0.000661157	0.00035124	0.813559	0
	0.2	0.000702479	0.000227273	0.964126	0.727273	0.000578512	0.000289256	0.813559	0
	0.201	0.000681818	0.000165289	0.964126	0.725207	0.000599174	0.000289256	0.80791	0
	0.202	0.000578512	0.000392562	0.964126	0.725207	0.00088843	0.000268595	0.8125	0
	0.203	0.000909091	0.000206612	0.966292	0.72314	0.000475207	0.000309917	0.806818	0
	0.204	0.000619835	0.000227273	0.961798	0.72314	0.000743802	0.000289256	0.795455	0
	0.205	0.000702479	0.000123967	0.961798	0.72314	0.000619835	0.000392562	0.795455	0
	0.206	0.000599174	0.00035124	0.959551	0.72314	0.000661157	0.000227273	0.8	0
	0.207	0.000454545	0.000227273	0.957303	0.721074	0.000475207	0.00018595	0.8	0
	0.208	0.000578512	0.000144628	0.957303	0.721074	0.000578512	0.000268595	0.804598	0
	0.209	0.00072314	0.000268595	0.957303	0.721074	0.000599174	0.000247934	0.804598	0
	0.21	0.00053719	0.00018595	0.957303	0.719008	0.000433884	0.000330579	0.804598	0
	0.211	0.00053719	0.000206612	0.955056	0.716942	0.000475207	0.000392562	0.804598	0
	0.212	0.00053719	0.000247934	0.955056	0.716942	0.000557851	0.000227273	0.803468	0
	0.213	0.000640496	0.000206612	0.955056	0.716942	0.000392562	0.000247934	0.791908	0
	0.214	0.000516529	0.000309917	0.957207	0.714876	0.000495868	0.000247934	0.791908	0
	0.215	0.000516529	0.000165289	0.957207	0.71281	0.000413223	0.000309917	0.796512	0
	0.216	0.000826446	0.000330579	0.954955	0.71281	0.000433884	0.000268595	0.796512	0
	0.217	0.000392562	0.000165289	0.954853	0.71281	0.000413223	0.000433884	0.796512	0
	0.218	0.000599174	0.000247934	0.954853	0.71281	0.000475207	0.000247934	0.796512	0
	0.219	0.000516529	0.000268595	0.954853	0.710744	0.000619835	0.000309917	0.80117	0
	0.22	0.000640496	0.000268595	0.957014	0.706612	0.000599174	0.000433884	0.8	0
	0.221	0.000495868	0.000247934	0.954751	0.706612	0.000454545	0.000247934	0.8	0
	0.222	0.000475207	0.000268595	0.952489	0.704545	0.000454545	0.00035124	0.8	0
	0.223	0.000640496	0.000309917	0.952489	0.702479	0.000578512	0.000247934	0.8	0
	0.224	0.000785124	0.000206612	0.950226	0.698347	0.000392562	0.000227273	0.8	0
	0.225	0.000599174	0.000247934	0.945701	0.696281	0.00035124	0.000227273	0.8	0
	0.226	0.00072314	0.000227273	0.943439	0.696281	0.000495868	0.000289256	0.804734	0
	0.227	0.000681818	0.000309917	0.941176	0.694215	0.000495868	0.000289256	0.809524	0
	0.228	0.00088843	0.000330579	0.943311	0.692149	0.000640496	0.000454545	0.808383	0
	0.229	0.000805785	0.000413223	0.943182	0.688017	0.000785124	0.000268595	0.802395	0
	0.23	0.000764463	0.000268595	0.943182	0.688017	0.000619835	0.000330579	0.796407	0
	0.231	0.000619835	0.000247934	0.943182	0.688017	0.000475207	0.000227273	0.796407	0
	0.232	0.000661157	0.00035124	0.943182	0.688017	0.000681818	0.000227273	0.801205	0
	0.233	0.000764463	0.000227273	0.94533	0.683884	0.000619835	0.00035124	0.801205	0
	0.234	0.000950413	0.000309917	0.94533	0.683884	0.000578512	0.000392562	0.801205	0
	0.235	0.000867769	0.000268595	0.94533	0.683884	0.000847107	0.000330579	0.795181	0
	0.236	0.000661157	0.000227273	0.947489	0.683884	0.000743802	0.000330579	0.795181	0
	0.237	0.000847107	0.000247934	0.947489	0.683884	0.000743802	0.000227273	0.8	0
	0.238	0.000764463	0.000227273	0.949541	0.681818	0.000681818	0.00035124	0.8	0
	0.239	0.00072314	0.000227273	0.949541	0.679752	0.00053719	0.00035124	0.804878	0
	0.24	0.000971074	0.000247934	0.951724	0.679752	0.000702479	0.000392562	0.809816	0
	0.241	0.000578512	0.000206612	0.949425	0.679752	0.000475207	0.000247934	0.808642	0
	0.242	0.000826446	0.000227273	0.949425	0.677686	0.000557851	0.000289256	0.808642	0
	0.243	0.000991736	0.000206612	0.949425	0.677686	0.000599174	0.00053719	0.808642	0
	0.244	0.000826446	0.00018595	0.949425	0.677686	0.000599174	0.00035124	0.808642	0
	0.245	0.000867769	0.000206612	0.949309	0.677686	0.00072314	0.000206612	0.796296	0
	0.246	0.000743802	0.00035124	0.9447	0.67562	0.000619835	0.000475207	0.80625	0
	0.247	0.000826446	0.000309917	0.9447	0.671488	0.000826446	0.000371901	0.8	0
	0.248	0.000909091	0.000371901	0.9447	0.671488	0.000578512	0.00035124	0.8	0
	0.249	0.000785124	0.000289256	0.9447	0.669421	0.000557851	0.000330579	0.79375	0
	0.25	0.0010124	0.000206612	0.9447	0.669421	0.000702479	0.000330579	0.79375	0
	0.251	0.0010124	0.000309917	0.9447	0.667355	0.000702479	0.000330579	0.79375	0
	0.252	0.000681818	0.000268595	0.9447	0.665289	0.000764463	0.000330579	0.79375	0
	0.253	0.000785124	0.00018595	0.9447	0.661157	0.00072314	0.000475207	0.7875	0
	0.254	0.00088843	0.000330579	0.942396	0.657025	0.00072314	0.000330579	0.792453	0
	0.255	0.000826446	0.000206612	0.942396	0.657025	0.000805785	0.000268595	0.791139	0
	0.256	0.00053719	0.000433884	0.940092	0.657025	0.000805785	0.000289256	0.78481	0
	0.257	0.000640496	0.000247934	0.940092	0.64876	0.00072314	0.000392562	0.778481	0
	0.258	0.000826446	0.000144628	0.937788	0.64876	0.000661157	0.000413223	0.778481	0
	0.259	0.000661157	0.000206612	0.937788	0.646694	0.000640496	0.000392562	0.778481	0
	0.26	0.000785124	0.000268595	0.935484	0.646694	0.000599174	0.000247934	0.772152	0
	0.261	0.000661157	0.000289256	0.935484	0.646694	0.00088843	0.000289256	0.772152	0
	0.262	0.000619835	0.000413223	0.93318	0.646694	0.000640496	0.000268595	0.772152	0
	0.263	0.000702479	0.000227273	0.93318	0.644628	0.000785124	0.000371901	0.772152	0
	0.264	0.000785124	0.000247934	0.935335	0.644628	0.000619835	0.000268595	0.77707	0
	0.265	0.000702479	0.000247934	0.933025	0.644628	0.000805785	0.00035124	0.782051	0
	0.266	0.000661157	0.000268595	0.930556	0.644628	0.000764463	0.000330579	0.782051	0
	0.267	0.000681818	0.000309917	0.930556	0.642562	0.000619835	0.000309917	0.769231	0
	0.268	0.000619835	0.000289256	0.932715	0.640496	0.000640496	0.000413223	0.767742	0
	0.269	0.000495868	0.000330579	0.934732	0.63843	0.000619835	0.000330579	0.772727	0
	0.27	0.000743802	0.000289256	0.936916	0.636364	0.000661157	0.000392562	0.772727	0
	0.271	0.00072314	0.000227273	0.936916	0.636364	0.00088843	0.000330579	0.782895	0
	0.272	0.000805785	0.000227273	0.936768	0.636364	0.000413223	0.000557851	0.782895	0
	0.273	0.00053719	0.000371901	0.941176	0.634298	0.000619835	0.000371901	0.782895	0
	0.274	0.000681818	0.000247934	0.941176	0.634298	0.000764463	0.000392562	0.788079	0
	0.275	0.000702479	0.000392562	0.938824	0.632231	0.000599174	0.000516529	0.788079	0
	0.276	0.000702479	0.000330579	0.938679	0.630165	0.000764463	0.000330579	0.788079	0
	0.277	0.000619835	0.00035124	0.938679	0.626033	0.000847107	0.000578512	0.781457	0
	0.278	0.000578512	0.000475207	0.938679	0.621901	0.000702479	0.000309917	0.774834	0
	0.279	0.000785124	0.000165289	0.940898	0.619835	0.000743802	0.000557851	0.78	0
	0.28	0.000909091	0.000289256	0.940898	0.619835	0.000578512	0.000371901	0.78	0
	0.281	0.00072314	0.000247934	0.938534	0.615702	0.000743802	0.000433884	0.78	0
	0.282	0.000661157	0.000227273	0.93617	0.61157	0.000785124	0.000433884	0.773333	0
	0.283	0.000743802	0.000227273	0.938389	0.61157	0.0010124	0.000495868	0.766667	0
	0.284	0.000909091	0.000330579	0.938389	0.61157	0.00072314	0.000454545	0.777027	0
	0.285	0.000661157	0.000227273	0.936019	0.61157	0.000516529	0.000433884	0.782313	0
	0.286	0.000599174	0.000309917	0.936019	0.609504	0.000909091	0.000681818	0.787671	0
	0.287	0.000599174	0.000227273	0.936019	0.607438	0.000640496	0.000413223	0.787671	0
	0.288	0.000743802	0.000413223	0.938242	0.607438	0.000743802	0.000433884	0.787671	0
	0.289	0.00107438	0.00035124	0.938095	0.603306	0.00072314	0.000309917	0.787671	0
	0.29	0.000743802	0.000371901	0.935714	0.595041	0.00072314	0.000495868	0.787671	0
	0.291	0.000867769	0.000330579	0.935714	0.595041	0.000599174	0.000516529	0.780822	0
	0.292	0.000619835	0.000309917	0.933333	0.595041	0.000785124	0.000557851	0.786207	0
	0.293	0.000702479	0.000227273	0.933333	0.592975	0.000847107	0.000495868	0.786207	0
	0.294	0.000743802	0.000247934	0.933333	0.590909	0.00053719	0.000681818	0.797203	0
	0.295	0.000826446	0.000289256	0.933333	0.586777	0.00072314	0.00035124	0.797203	0
	0.296	0.000847107	0.000433884	0.928571	0.586777	0.00088843	0.000495868	0.797203	0
	0.297	0.000702479	0.000413223	0.930622	0.584711	0.000578512	0.000557851	0.797203	0
	0.298	0.000495868	0.00035124	0.930456	0.582645	0.000909091	0.000578512	0.797203	0
	0.299	0.000847107	0.000289256	0.932692	0.582645	0.00053719	0.000661157	0.79021	0
	0.3	0.000826446	0.000495868	0.932692	0.580579	0.000867769	0.000495868	0.79021	0
	0.301	0.00088843	0.000268595	0.93494	0.580579	0.000619835	0.000289256	0.79021	0
	0.302	0.000929752	0.000475207	0.93494	0.580579	0.000578512	0.000557851	0.79021	0
	0.303	0.000971074	0.000289256	0.934783	0.576446	0.000743802	0.00072314	0.776224	0
	0.304	0.000867769	0.000268595	0.932367	0.576446	0.000619835	0.000557851	0.776224	0
	0.305	0.000971074	0.000392562	0.929952	0.572314	0.000516529	0.000433884	0.776224	0
	0.306	0.000991736	0.00035124	0.927536	0.568182	0.000743802	0.000599174	0.776224	0
	0.307	0.00088843	0.000433884	0.929782	0.568182	0.00072314	0.000475207	0.798561	0
	0.308	0.000971074	0.000309917	0.922518	0.568182	0.000371901	0.000413223	0.798561	0
	0.309	0.00107438	0.000475207	0.922518	0.566116	0.000640496	0.00053719	0.798561	0
	0.31	0.000743802	0.00053719	0.917676	0.56405	0.000867769	0.000495868	0.798561	0
	0.311	0.00105372	0.000289256	0.915254	0.561983	0.000702479	0.000516529	0.791367	0
	0.312	0.000847107	0.000289256	0.915254	0.559917	0.00072314	0.000516529	0.791367	0
	0.313	0.000764463	0.000309917	0.912833	0.559917	0.00072314	0.000516529	0.791367	0
	0.314	0.00105372	0.000330579	0.912833	0.559917	0.00053719	0.000475207	0.784173	0
	0.315	0.00103306	0.000475207	0.90799	0.557851	0.000433884	0.000578512	0.784173	0
	0.316	0.000971074	0.000309917	0.90799	0.557851	0.000495868	0.000805785	0.784173	0
	0.317	0.000681818	0.000330579	0.905569	0.557851	0.000330579	0.000640496	0.79562	0
	0.318	0.000661157	0.000433884	0.907767	0.557851	0.000495868	0.000495868	0.79562	0
	0.319	0.000991736	0.000495868	0.909976	0.553719	0.000371901	0.000433884	0.788321	0
	0.32	0.000909091	0.000454545	0.912195	0.549587	0.00053719	0.000454545	0.781022	0
	0.321	0.000929752	0.000371901	0.912195	0.541322	0.000516529	0.000557851	0.786765	0
	0.322	0.000991736	0.000392562	0.91198	0.539256	0.00035124	0.000557851	0.786765	0
	0.323	0.000971074	0.000330579	0.909535	0.535124	0.000599174	0.000640496	0.786765	0
	0.324	0.00109504	0.000557851	0.909314	0.535124	0.00035124	0.000475207	0.772059	0
	0.325	0.000909091	0.000413223	0.906863	0.535124	0.000578512	0.000599174	0.783582	0
	0.326	0.00119835	0.000371901	0.906863	0.533058	0.000557851	0.000702479	0.781955	0
	0.327	0.000805785	0.000392562	0.909091	0.533058	0.000475207	0.000640496	0.787879	0
	0.328	0.000847107	0.000495868	0.909091	0.530992	0.000516529	0.000495868	0.787879	0
	0.329	0.00140496	0.00018595	0.906634	0.528926	0.000702479	0.000640496	0.787879	0
	0.33	0.000971074	0.000413223	0.906634	0.52686	0.000392562	0.00053719	0.787879	0
	0.331	0.00107438	0.000413223	0.904177	0.524793	0.000413223	0.000681818	0.787879	0
	0.332	0.00072314	0.000495868	0.903941	0.522727	0.000557851	0.000495868	0.787879	0
	0.333	0.000971074	0.000371901	0.903941	0.516529	0.000454545	0.000578512	0.787879	0
	0.334	0.00134298	0.000475207	0.903941	0.516529	0.000516529	0.000640496	0.787879	0
	0.335	0.0013843	0.000309917	0.901478	0.516529	0.000785124	0.000413223	0.787879	0
	0.336	0.00117769	0.00053719	0.905941	0.516529	0.000578512	0.000847107	0.793893	0
	0.337	0.00103306	0.000516529	0.905707	0.514463	0.000454545	0.000433884	0.793893	0
	0.338	0.00109504	0.000123967	0.905707	0.514463	0.000454545	0.000392562	0.793893	0
	0.339	0.00119835	0.000309917	0.905707	0.512397	0.000495868	0.000599174	0.793893	0
	0.34	0.00128099	0.00035124	0.905707	0.512397	0.000454545	0.00072314	0.793893	0
	0.341	0.00132231	0.000392562	0.90796	0.512397	0.000743802	0.00072314	0.793893	0
	0.342	0.00113636	0.000433884	0.905473	0.508264	0.000454545	0.000495868	0.793893	0
	0.343	0.0010124	0.000475207	0.907731	0.506198	0.000785124	0.000702479	0.793893	0
	0.344	0.00103306	0.000454545	0.907731	0.502066	0.000681818	0.000578512	0.804688	0
	0.345	0.00132231	0.00053719	0.9075	0.5	0.000454545	0.000516529	0.80315	0
	0.346	0.00113636	0.00035124	0.905	0.491736	0.000599174	0.00053719	0.809524	0
	0.347	0.00128099	0.000392562	0.907268	0.489669	0.000227273	0.000743802	0.808	0
	0.348	0.00113636	0.000371901	0.909548	0.485537	0.000681818	0.000392562	0.808	0
	0.349	0.00117769	0.000433884	0.907035	0.483471	0.00053719	0.000661157	0.821138	0
	0.35	0.00132231	0.000516529	0.90932	0.483471	0.000661157	0.000661157	0.821138	0
	0.351	0.00123967	0.000454545	0.909091	0.481405	0.000392562	0.000805785	0.813008	0
	0.352	0.00128099	0.000454545	0.906566	0.477273	0.000578512	0.000619835	0.813008	0
	0.353	0.00123967	0.00053719	0.90404	0.475207	0.000475207	0.00053719	0.796748	0
	0.354	0.00103306	0.00035124	0.90404	0.471074	0.000392562	0.00072314	0.788618	0
	0.355	0.00121901	0.000330579	0.90404	0.471074	0.000516529	0.000764463	0.795082	0
	0.356	0.00144628	0.000433884	0.90404	0.469008	0.000640496	0.000557851	0.795082	0
	0.357	0.00121901	0.000433884	0.90404	0.469008	0.000433884	0.000619835	0.801653	0
	0.358	0.00113636	0.000433884	0.903797	0.464876	0.00053719	0.000743802	0.801653	0
	0.359	0.00144628	0.000330579	0.903797	0.46281	0.000516529	0.000702479	0.801653	0
	0.36	0.00109504	0.000516529	0.901266	0.458678	0.000619835	0.000661157	0.808333	0
	0.361	0.00115702	0.000599174	0.891139	0.458678	0.000599174	0.000785124	0.808333	0
	0.362	0.00103306	0.00035124	0.888608	0.458678	0.000392562	0.000516529	0.8	0
	0.363	0.00123967	0.000413223	0.888608	0.456612	0.000289256	0.000681818	0.8	0
	0.364	0.00113636	0.000309917	0.888608	0.456612	0.000454545	0.000681818	0.8	0
	0.365	0.00117769	0.00053719	0.888608	0.456612	0.000557851	0.000743802	0.791667	0
	0.366	0.000764463	0.00035124	0.886076	0.452479	0.000495868	0.000681818	0.791667	0
	0.367	0.00103306	0.000330579	0.886076	0.450413	0.000413223	0.000578512	0.791667	0
	0.368	0.00132231	0.000619835	0.885787	0.450413	0.000640496	0.000557851	0.791667	0
	0.369	0.000847107	0.000309917	0.888041	0.448347	0.000454545	0.000516529	0.791667	0
	0.37	0.000971074	0.000454545	0.885496	0.448347	0.000433884	0.00072314	0.791667	0
	0.371	0.0011157	0.000371901	0.882952	0.448347	0.00035124	0.000805785	0.791667	0
	0.372	0.00134298	0.000413223	0.880407	0.446281	0.000702479	0.000743802	0.791667	0
	0.373	0.000991736	0.000640496	0.877551	0.446281	0.00035124	0.000599174	0.791667	0
	0.374	0.000681818	0.000516529	0.882051	0.442149	0.000454545	0.000764463	0.791667	0
	0.375	0.000950413	0.000557851	0.882051	0.433884	0.000557851	0.000950413	0.798319	0
	0.376	0.00126033	0.000309917	0.879177	0.431818	0.000619835	0.000702479	0.798319	0
	0.377	0.0011157	0.000454545	0.879177	0.429752	0.000599174	0.000557851	0.798319	0
	0.378	0.0010124	0.000454545	0.881443	0.429752	0.000268595	0.000847107	0.811966	0
	0.379	0.00113636	0.000578512	0.88342	0.42562	0.000495868	0.000764463	0.811966	0
	0.38	0.000826446	0.000578512	0.880829	0.423554	0.000475207	0.000557851	0.794872	0
	0.381	0.000971074	0.000578512	0.880829	0.423554	0.000454545	0.000661157	0.808696	0
	0.382	0.000909091	0.000495868	0.883117	0.421488	0.000392562	0.000578512	0.807018	0
	0.383	0.00132231	0.000578512	0.885417	0.421488	0.000413223	0.000578512	0.807018	0
	0.384	0.000599174	0.000867769	0.887435	0.421488	0.000619835	0.000495868	0.807018	0
	0.385	0.0011157	0.000640496	0.887435	0.419421	0.000557851	0.000661157	0.814159	0
	0.386	0.000991736	0.000557851	0.892105	0.415289	0.00053719	0.000578512	0.80531	0
	0.387	0.0011157	0.000413223	0.891821	0.413223	0.000619835	0.000619835	0.803571	0
	0.388	0.00109504	0.000495868	0.891821	0.409091	0.000640496	0.000619835	0.810811	0
	0.389	0.00088843	0.000805785	0.89418	0.407025	0.000371901	0.000599174	0.810811	0
	0.39	0.00072314	0.000475207	0.898936	0.404959	0.000599174	0.00072314	0.818182	0
	0.391	0.000805785	0.000371901	0.896277	0.404959	0.000392562	0.000785124	0.825688	0
	0.392	0.00107438	0.000475207	0.893617	0.400826	0.000454545	0.000805785	0.825688	0
	0.393	0.00113636	0.00053719	0.888298	0.39876	0.000475207	0.000681818	0.816514	0
	0.394	0.00113636	0.000578512	0.882979	0.39876	0.000516529	0.000702479	0.816514	0
	0.395	0.00115702	0.000661157	0.880319	0.394628	0.000247934	0.000516529	0.816514	0
	0.396	0.000909091	0.000681818	0.880319	0.390496	0.000371901	0.000743802	0.816514	0
	0.397	0.00103306	0.000433884	0.880319	0.38843	0.000516529	0.000640496	0.816514	0
	0.398	0.000950413	0.00053719	0.882667	0.386364	0.000413223	0.00053719	0.816514	0
	0.399	0.00113636	0.000640496	0.882667	0.386364	0.000516529	0.000661157	0.816514	0
	0.4	0.00113636	0.000619835	0.885027	0.384298	0.000475207	0.000847107	0.816514	0
	0.401	0.000847107	0.000847107	0.885027	0.382231	0.000516529	0.000805785	0.816514	0
	0.402	0.000867769	0.000413223	0.885027	0.382231	0.000392562	0.000785124	0.807339	0
	0.403	0.00113636	0.000743802	0.885027	0.382231	0.000475207	0.000599174	0.807339	0
	0.404	0.00109504	0.000743802	0.887399	0.382231	0.000599174	0.000847107	0.807339	0
	0.405	0.00109504	0.000475207	0.889785	0.373967	0.000805785	0.000847107	0.807339	0
	0.406	0.000991736	0.000433884	0.892183	0.369835	0.000661157	0.000702479	0.805556	0
	0.407	0.00115702	0.000599174	0.886792	0.369835	0.000475207	0.000661157	0.820755	0
	0.408	0.00117769	0.000640496	0.884097	0.369835	0.000661157	0.000867769	0.828571	0
	0.409	0.000929752	0.000454545	0.878706	0.367769	0.00053719	0.000578512	0.828571	0
	0.41	0.000950413	0.000702479	0.881081	0.367769	0.000516529	0.00072314	0.819048	0
	0.411	0.0011157	0.000475207	0.888283	0.367769	0.00053719	0.00072314	0.819048	0
	0.412	0.00123967	0.000578512	0.887978	0.365702	0.00053719	0.000785124	0.819048	0
	0.413	0.00123967	0.00053719	0.887978	0.363636	0.000516529	0.000661157	0.819048	0
	0.414	0.00128099	0.000640496	0.885246	0.357438	0.000619835	0.000847107	0.819048	0
	0.415	0.00136364	0.000475207	0.885246	0.357438	0.000475207	0.000929752	0.819048	0
	0.416	0.00136364	0.000826446	0.887671	0.355372	0.000475207	0.00072314	0.819048	0
	0.417	0.00115702	0.000578512	0.887671	0.353306	0.000495868	0.000971074	0.809524	0
	0.418	0.00144628	0.000557851	0.887363	0.35124	0.000433884	0.000681818	0.817308	0
	0.419	0.00115702	0.00088843	0.889807	0.35124	0.000640496	0.00072314	0.817308	0
	0.42	0.00130165	0.000433884	0.887052	0.349174	0.000516529	0.000661157	0.817308	0
	0.421	0.00123967	0.000371901	0.88674	0.347107	0.000557851	0.000454545	0.825243	0
	0.422	0.00117769	0.000661157	0.88674	0.342975	0.000495868	0.00072314	0.825243	0
	0.423	0.00123967	0.000681818	0.881215	0.336777	0.000392562	0.000826446	0.825243	0
	0.424	0.00128099	0.00072314	0.880886	0.332645	0.000785124	0.000847107	0.825243	0
	0.425	0.00117769	0.000743802	0.880886	0.330579	0.000661157	0.00072314	0.815534	0
	0.426	0.00107438	0.000661157	0.875346	0.330579	0.00053719	0.000619835	0.815534	0
	0.427	0.0010124	0.000619835	0.875346	0.330579	0.000495868	0.000785124	0.815534	0
	0.428	0.0010124	0.000619835	0.875	0.330579	0.000578512	0.000764463	0.831683	0
	0.429	0.00107438	0.000578512	0.875	0.330579	0.00053719	0.000619835	0.831683	0
	0.43	0.000971074	0.000599174	0.879888	0.330579	0.000578512	0.000826446	0.831683	0
	0.431	0.00126033	0.00053719	0.879552	0.328512	0.000640496	0.000702479	0.821782	0
	0.432	0.00117769	0.000578512	0.879552	0.328512	0.000578512	0.000785124	0.821782	0
	0.433	0.00142562	0.000619835	0.879552	0.328512	0.00053719	0.00053719	0.821782	0
	0.434	0.00113636	0.000661157	0.876751	0.326446	0.000392562	0.000805785	0.811881	0
	0.435	0.00123967	0.000413223	0.876751	0.32438	0.000640496	0.000516529	0.811881	0
	0.436	0.00107438	0.000743802	0.87395	0.32438	0.000330579	0.000681818	0.82	0
	0.437	0.00140496	0.000516529	0.87395	0.322314	0.000413223	0.000702479	0.82	0
	0.438	0.000909091	0.000867769	0.873596	0.320248	0.000371901	0.000578512	0.82	0
	0.439	0.000950413	0.000991736	0.873596	0.320248	0.000433884	0.000764463	0.828283	0
	0.44	0.00105372	0.00072314	0.876056	0.320248	0.000454545	0.000826446	0.818182	0
	0.441	0.00117769	0.000557851	0.876056	0.320248	0.000413223	0.000661157	0.818182	0
	0.442	0.000971074	0.000619835	0.878531	0.320248	0.000371901	0.000640496	0.818182	0
	0.443	0.00109504	0.000619835	0.875706	0.320248	0.000454545	0.000929752	0.818182	0
	0.444	0.00132231	0.000971074	0.872881	0.320248	0.000413223	0.000661157	0.818182	0
	0.445	0.00088843	0.000475207	0.877841	0.318182	0.000413223	0.000578512	0.818182	0
	0.446	0.00072314	0.00088843	0.880342	0.318182	0.000392562	0.000702479	0.808081	0
	0.447	0.00107438	0.000929752	0.880342	0.318182	0.000309917	0.00053719	0.79798	0
	0.448	0.000909091	0.000805785	0.880342	0.316116	0.000475207	0.000640496	0.79798	0
	0.449	0.00107438	0.000681818	0.885387	0.316116	0.000268595	0.000785124	0.79798	0
	0.45	0.00105372	0.000785124	0.882521	0.31405	0.00035124	0.000516529	0.79798	0
	0.451	0.00126033	0.000681818	0.882184	0.309917	0.00035124	0.000743802	0.79798	0
	0.452	0.00134298	0.000557851	0.87931	0.309917	0.000413223	0.000599174	0.806122	0
	0.453	0.00103306	0.000991736	0.876081	0.309917	0.000309917	0.000516529	0.814433	0
	0.454	0.00121901	0.000702479	0.873199	0.307851	0.000247934	0.000661157	0.814433	0
	0.455	0.00107438	0.000702479	0.873199	0.305785	0.000392562	0.000578512	0.814433	0
	0.456	0.00105372	0.000909091	0.873199	0.303719	0.000268595	0.000681818	0.804124	0
	0.457	0.0010124	0.00107438	0.875723	0.301653	0.000454545	0.000516529	0.804124	0
	0.458	0.000991736	0.00072314	0.875723	0.301653	0.000578512	0.000764463	0.804124	0
	0.459	0.00126033	0.000599174	0.875362	0.301653	0.000516529	0.000557851	0.8125	0
	0.46	0.00119835	0.000785124	0.877907	0.301653	0.000454545	0.000661157	0.802083	0
	0.461	0.000847107	0.000847107	0.877907	0.301653	0.000268595	0.000619835	0.810526	0
	0.462	0.00126033	0.000971074	0.877907	0.297521	0.000454545	0.00072314	0.810526	0
	0.463	0.00105372	0.000929752	0.875	0.293388	0.000309917	0.000578512	0.819149	0
	0.464	0.0010124	0.000743802	0.877551	0.293388	0.00053719	0.000681818	0.819149	0
	0.465	0.00126033	0.000950413	0.879412	0.293388	0.000475207	0.000433884	0.827957	0
	0.466	0.00144628	0.00107438	0.879412	0.293388	0.000413223	0.000826446	0.836957	0
	0.467	0.00117769	0.000785124	0.876471	0.293388	0.000392562	0.00053719	0.836957	0
	0.468	0.00113636	0.000743802	0.881657	0.293388	0.000640496	0.000516529	0.835165	0
	0.469	0.000929752	0.000516529	0.884273	0.293388	0.000392562	0.000454545	0.835165	0
	0.47	0.00103306	0.000702479	0.884273	0.289256	0.000495868	0.000557851	0.835165	0
	0.471	0.00117769	0.000743802	0.884273	0.28719	0.000289256	0.000516529	0.844444	0
	0.472	0.00109504	0.000764463	0.880952	0.28719	0.000371901	0.000661157	0.833333	0
	0.473	0.00115702	0.000661157	0.877976	0.285124	0.000392562	0.000578512	0.833333	0
	0.474	0.000971074	0.00117769	0.883234	0.285124	0.000392562	0.000640496	0.833333	0
	0.475	0.000867769	0.000764463	0.883234	0.278926	0.000433884	0.000619835	0.833333	0
	0.476	0.00103306	0.000743802	0.883234	0.274793	0.000516529	0.000578512	0.833333	0
	0.477	0.000743802	0.000743802	0.885886	0.274793	0.000433884	0.000516529	0.842697	0
	0.478	0.000991736	0.000785124	0.882883	0.274793	0.000392562	0.000826446	0.842697	0
	0.479	0.00107438	0.000764463	0.88253	0.272727	0.000578512	0.000475207	0.842697	0
	0.48	0.00105372	0.000805785	0.885196	0.268595	0.000433884	0.000681818	0.842697	0
	0.481	0.000909091	0.0010124	0.882175	0.268595	0.000330579	0.000599174	0.842697	0
	0.482	0.000867769	0.000847107	0.882175	0.266529	0.00053719	0.000578512	0.842697	0
	0.483	0.00072314	0.000867769	0.879154	0.266529	0.000454545	0.000599174	0.842697	0
	0.484	0.000847107	0.000681818	0.879154	0.266529	0.000268595	0.000743802	0.862069	0
	0.485	0.000991736	0.00105372	0.881818	0.266529	0.000247934	0.000619835	0.862069	0
	0.486	0.000785124	0.000764463	0.878788	0.264463	0.000475207	0.000578512	0.862069	0
	0.487	0.00105372	0.000867769	0.878788	0.260331	0.000433884	0.000764463	0.862069	0
	0.488	0.000971074	0.00113636	0.884146	0.258264	0.000371901	0.000454545	0.862069	0
	0.489	0.00103306	0.000971074	0.88685	0.254132	0.000289256	0.000516529	0.862069	0
	0.49	0.000847107	0.000743802	0.886503	0.25	0.000247934	0.00053719	0.862069	0
	0.491	0.00088843	0.000826446	0.883436	0.25	0.00035124	0.000661157	0.862069	0
	0.492	0.000785124	0.00107438	0.883436	0.247934	0.000247934	0.000578512	0.862069	0
	0.493	0.00109504	0.00105372	0.883436	0.247934	0.000392562	0.000516529	0.862069	0
	0.494	0.0011157	0.00113636	0.883436	0.247934	0.000413223	0.000599174	0.862069	0
	0.495	0.0010124	0.000950413	0.886154	0.247934	0.000247934	0.000578512	0.882353	0
	0.496	0.0011157	0.000826446	0.883077	0.243802	0.000330579	0.000433884	0.882353	0
	0.497	0.000805785	0.000681818	0.890966	0.243802	0.000330579	0.000619835	0.882353	0
	0.498	0.000950413	0.000971074	0.89375	0.243802	0.00018595	0.000433884	0.892857	0
	0.499	0.000991736	0.000764463	0.890282	0.241736	0.000247934	0.000289256	0.880952	0
	0.5	0.000785124	0.000991736	0.890282	0.237603	0.000433884	0.000681818	0.869048	0
	0.501	0.000950413	0.00119835	0.889937	0.233471	0.00018595	0.000661157	0.869048	0
	0.502	0.00103306	0.0011157	0.889937	0.229339	0.000268595	0.000454545	0.869048	0
	0.503	0.000805785	0.0010124	0.886792	0.227273	0.000309917	0.000847107	0.857143	0
	0.504	0.000702479	0.000599174	0.886792	0.225207	0.000330579	0.000640496	0.857143	0
	0.505	0.000867769	0.00088843	0.886792	0.22314	0.000206612	0.000702479	0.857143	0
	0.506	0.00088843	0.000785124	0.88959	0.221074	0.000268595	0.000495868	0.845238	0
	0.507	0.000950413	0.000991736	0.883281	0.219008	0.000247934	0.000578512	0.845238	0
	0.508	0.000826446	0.00105372	0.880126	0.219008	0.00018595	0.000557851	0.845238	0
	0.509	0.000867769	0.000929752	0.880126	0.214876	0.000206612	0.000578512	0.845238	0
	0.51	0.000929752	0.00105372	0.882911	0.210744	0.000247934	0.000578512	0.845238	0
	0.511	0.0010124	0.0010124	0.885714	0.208678	0.000247934	0.000475207	0.845238	0
	0.512	0.00109504	0.00109504	0.88254	0.206612	0.00018595	0.000557851	0.845238	0
	0.513	0.000909091	0.0011157	0.87619	0.206612	0.000165289	0.000599174	0.855422	0
	0.514	0.000950413	0.0010124	0.87619	0.204545	0.000289256	0.000475207	0.855422	0
	0.515	0.000785124	0.00113636	0.873016	0.204545	0.000268595	0.000454545	0.831325	0
	0.516	0.0010124	0.000764463	0.869841	0.202479	0.000268595	0.000702479	0.831325	0
	0.517	0.00072314	0.000867769	0.869841	0.200413	0.000289256	0.000599174	0.831325	0
	0.518	0.00103306	0.00088843	0.869427	0.196281	0.000268595	0.00035124	0.831325	0
	0.519	0.000929752	0.00113636	0.869427	0.192149	0.000206612	0.000516529	0.841463	0
	0.52	0.0011157	0.00113636	0.877814	0.190083	0.000247934	0.000599174	0.841463	0
	0.521	0.000950413	0.0011157	0.877419	0.183884	0.000165289	0.000661157	0.841463	0
	0.522	0.000847107	0.00105372	0.877419	0.177686	0.00018595	0.000578512	0.829268	0
	0.523	0.000764463	0.00088843	0.877419	0.173554	0.000433884	0.000454545	0.829268	0
	0.524	0.000785124	0.00103306	0.874194	0.173554	0.000247934	0.000454545	0.829268	0
	0.525	0.000971074	0.000805785	0.877023	0.173554	0.000206612	0.000640496	0.829268	0
	0.526	0.0010124	0.000826446	0.87987	0.173554	0.00018595	0.000516529	0.829268	0
	0.527	0.000867769	0.00115702	0.87987	0.173554	0.000309917	0.00072314	0.829268	0
	0.528	0.000764463	0.00119835	0.882353	0.171488	0.000289256	0.000640496	0.829268	0
	0.529	0.000764463	0.0011157	0.882353	0.167355	0.000309917	0.000454545	0.829268	0
	0.53	0.000867769	0.00123967	0.882353	0.167355	0.000330579	0.000433884	0.829268	0
	0.531	0.000991736	0.000971074	0.885246	0.165289	0.000413223	0.000599174	0.829268	0
	0.532	0.000826446	0.00121901	0.885246	0.161157	0.000454545	0.000392562	0.829268	0
	0.533	0.000826446	0.000991736	0.885246	0.157025	0.000454545	0.000516529	0.829268	0
	0.534	0.00119835	0.00140496	0.887789	0.157025	0.00035124	0.000413223	0.829268	0
	0.535	0.000867769	0.0011157	0.887417	0.14876	0.000557851	0.000599174	0.829268	0
	0.536	0.00105372	0.00103306	0.887417	0.146694	0.000392562	0.00053719	0.839506	0
	0.537	0.00088843	0.00130165	0.887417	0.146694	0.000392562	0.000454545	0.860759	0
	0.538	0.00117769	0.00115702	0.887417	0.142562	0.00018595	0.000702479	0.860759	0
	0.539	0.000971074	0.0011157	0.887417	0.140496	0.000227273	0.00053719	0.871795	0
	0.54	0.00113636	0.00105372	0.887417	0.13843	0.00035124	0.000454545	0.871795	0
	0.541	0.000971074	0.000847107	0.887417	0.13843	0.000392562	0.000516529	0.883117	0
	0.542	0.0010124	0.0013843	0.890365	0.13843	0.00035124	0.000433884	0.894737	0
	0.543	0.00123967	0.00117769	0.890365	0.13843	0.00035124	0.000475207	0.894737	0
	0.544	0.00103306	0.0010124	0.887043	0.136364	0.000309917	0.000268595	0.894737	0
	0.545	0.00115702	0.00115702	0.89	0.134298	0.000330579	0.000371901	0.894737	0
	0.546	0.000785124	0.00088843	0.886288	0.130165	0.000392562	0.000330579	0.894737	0
	0.547	0.000847107	0.00115702	0.886288	0.126033	0.000247934	0.000454545	0.894737	0
	0.548	0.000971074	0.00126033	0.886288	0.123967	0.000433884	0.000495868	0.894737	0
	0.549	0.000826446	0.00115702	0.889262	0.121901	0.000330579	0.000433884	0.894737	0
	0.55	0.0011157	0.00119835	0.892256	0.121901	0.00018595	0.000433884	0.894737	0
	0.551	0.000702479	0.00103306	0.891892	0.117769	0.000165289	0.00053719	0.868421	0
	0.552	0.00109504	0.00121901	0.888514	0.117769	0.000247934	0.000413223	0.868421	0
	0.553	0.000826446	0.00103306	0.888514	0.115702	0.000247934	0.000516529	0.868421	0
	0.554	0.000661157	0.0011157	0.888514	0.113636	0.000309917	0.000330579	0.868421	0
	0.555	0.000640496	0.00126033	0.891525	0.11157	0.000309917	0.000495868	0.868421	0
	0.556	0.000826446	0.000971074	0.897611	0.109504	0.000227273	0.000557851	0.868421	0
	0.557	0.000867769	0.000971074	0.897611	0.109504	0.000165289	0.000475207	0.868421	0
	0.558	0.00088843	0.00165289	0.894198	0.109504	0.000206612	0.000619835	0.868421	0
	0.559	0.00103306	0.00121901	0.887372	0.107438	0.000309917	0.000392562	0.868421	0
	0.56	0.000619835	0.00134298	0.883959	0.103306	0.00018595	0.000578512	0.868421	0
	0.561	0.000847107	0.00103306	0.883959	0.103306	0.000206612	0.000578512	0.855263	0
	0.562	0.00103306	0.00144628	0.883959	0.103306	0.000268595	0.000227273	0.855263	0
	0.563	0.000764463	0.00157025	0.883562	0.103306	0.00018595	0.000413223	0.853333	0
	0.564	0.000640496	0.0014876	0.883562	0.103306	0.000227273	0.000330579	0.853333	0
	0.565	0.000847107	0.00126033	0.880137	0.10124	0.000144628	0.000330579	0.853333	0
	0.566	0.000661157	0.000950413	0.876712	0.10124	0.000268595	0.000309917	0.853333	0
	0.567	0.000805785	0.00121901	0.876712	0.10124	0.000268595	0.000454545	0.853333	0
	0.568	0.000743802	0.00128099	0.876712	0.10124	0.000165289	0.000516529	0.853333	0
	0.569	0.000785124	0.0013843	0.872852	0.0991736	0.000123967	0.00053719	0.853333	0
	0.57	0.00072314	0.00115702	0.865517	0.0950413	0.000227273	0.000516529	0.853333	0
	0.571	0.000702479	0.00119835	0.855172	0.0950413	0.000227273	0.000516529	0.853333	0
	0.572	0.00088843	0.00134298	0.858131	0.0950413	0.000123967	0.000557851	0.853333	0
	0.573	0.000661157	0.00154959	0.858131	0.0909091	0.000123967	0.000413223	0.864865	0
	0.574	0.000909091	0.000991736	0.854671	0.088843	0.000123967	0.000309917	0.864865	0
	0.575	0.000702479	0.00171488	0.857639	0.088843	0.00018595	0.000454545	0.876712	0
	0.576	0.00105372	0.00134298	0.857639	0.0867769	0.00018595	0.000268595	0.876712	0
	0.577	0.0011157	0.00119835	0.863636	0.0867769	0.000206612	0.000371901	0.888889	0
	0.578	0.000640496	0.0013843	0.866667	0.0847107	0.000247934	0.000330579	0.888889	0
	0.579	0.00105372	0.00144628	0.869718	0.0847107	8.26446e-05	0.000454545	0.888889	0
	0.58	0.000785124	0.00146694	0.872792	0.0826446	0.000165289	0.000433884	0.888889	0
	0.581	0.00107438	0.00150826	0.875445	0.0826446	0.000165289	0.000578512	0.888889	0
	0.582	0.00115702	0.00154959	0.875445	0.0826446	0.000206612	0.000495868	0.888889	0
	0.583	0.000991736	0.00150826	0.875445	0.0785124	0.000165289	0.000247934	0.901408	0
	0.584	0.000826446	0.00142562	0.871886	0.0764463	8.26446e-05	0.000516529	0.887324	0
	0.585	0.000867769	0.00121901	0.864769	0.0764463	0.000144628	0.00053719	0.887324	0
	0.586	0.000909091	0.00121901	0.874101	0.072314	0.000247934	0.000247934	0.887324	0
	0.587	0.00103306	0.00136364	0.874101	0.072314	0.000123967	0.000371901	0.9	0
	0.588	0.000847107	0.00163223	0.880435	0.072314	0.000227273	0.00053719	0.9	0
	0.589	0.000971074	0.00132231	0.880435	0.072314	0.000165289	0.000433884	0.898551	0
	0.59	0.000847107	0.00126033	0.883636	0.072314	0.000289256	0.000578512	0.898551	0
	0.591	0.000991736	0.00163223	0.875912	0.0702479	0.00018595	0.00035124	0.898551	0
	0.592	0.00088843	0.00117769	0.875912	0.0681818	0.000330579	0.000433884	0.898551	0
	0.593	0.0011157	0.00134298	0.875458	0.0681818	0.000123967	0.000516529	0.869565	0
	0.594	0.0011157	0.00157025	0.875458	0.0640496	0.00035124	0.000309917	0.869565	0
	0.595	0.00119835	0.00126033	0.871795	0.0619835	0.000227273	0.000289256	0.869565	0
	0.596	0.0011157	0.00152893	0.868132	0.0619835	0.000206612	0.000330579	0.84058	0
	0.597	0.00123967	0.00163223	0.868132	0.0578512	0.000289256	0.000578512	0.84058	0
	0.598	0.00121901	0.00152893	0.864469	0.0557851	0.000309917	0.000330579	0.84058	0
	0.599	0.00119835	0.00152893	0.864469	0.0557851	0.000413223	0.000247934	0.84058	0
	0.6	0.00103306	0.0014876	0.860806	0.0557851	0.000268595	0.000392562	0.84058	0
	0.601	0.000867769	0.00171488	0.860806	0.053719	0.000309917	0.000516529	0.84058	0
	0.602	0.00123967	0.00161157	0.857143	0.0516529	0.000289256	0.00035124	0.84058	0
	0.603	0.00115702	0.00154959	0.857143	0.0516529	0.000268595	0.000454545	0.826087	0
	0.604	0.00140496	0.00177686	0.852941	0.0516529	0.000309917	0.000413223	0.826087	0
	0.605	0.00144628	0.00136364	0.852941	0.0516529	0.000247934	0.000454545	0.838235	0
	0.606	0.0011157	0.00132231	0.841912	0.0516529	0.000144628	0.000454545	0.838235	0
	0.607	0.0011157	0.00150826	0.838235	0.0516529	0.000371901	0.00053719	0.838235	0
	0.608	0.00103306	0.00130165	0.833948	0.0516529	0.000309917	0.000433884	0.838235	0
	0.609	0.00115702	0.00159091	0.830258	0.0516529	0.000433884	0.000454545	0.838235	0
	0.61	0.00142562	0.00140496	0.830258	0.0516529	0.000247934	0.000599174	0.838235	0
	0.611	0.00109504	0.00157025	0.825926	0.0516529	0.000268595	0.000557851	0.838235	0
	0.612	0.0011157	0.00165289	0.828996	0.0495868	0.00035124	0.000640496	0.838235	0
	0.613	0.0014876	0.0014876	0.828358	0.0495868	0.000289256	0.000371901	0.838235	0
	0.614	0.00109504	0.0014876	0.828358	0.0475207	0.000371901	0.000289256	0.838235	0
	0.615	0.00154959	0.00159091	0.828358	0.0475207	0.000289256	0.000475207	0.823529	0
	0.616	0.00142562	0.00179752	0.828358	0.0475207	0.000144628	0.000413223	0.823529	0
	0.617	0.0011157	0.00167355	0.828358	0.0475207	0.000330579	0.000454545	0.823529	0
	0.618	0.0011157	0.00169421	0.828358	0.0475207	0.000330579	0.000433884	0.823529	0
	0.619	0.00121901	0.00144628	0.828358	0.0475207	0.00053719	0.000392562	0.823529	0
	0.62	0.00126033	0.00146694	0.828358	0.0475207	0.000330579	0.000330579	0.823529	0
	0.621	0.00140496	0.00157025	0.831461	0.0454545	0.000371901	0.000433884	0.808824	0
	0.622	0.0013843	0.00200413	0.831461	0.0454545	0.000433884	0.000433884	0.808824	0
	0.623	0.00142562	0.00192149	0.82397	0.0454545	0.000206612	0.000495868	0.794118	0
	0.624	0.00136364	0.00190083	0.82397	0.0454545	0.000454545	0.000557851	0.80597	0
	0.625	0.00115702	0.00163223	0.820225	0.0454545	0.000371901	0.00053719	0.80597	0
	0.626	0.0013843	0.00208678	0.826415	0.0454545	0.000516529	0.000371901	0.791045	0
	0.627	0.00119835	0.00169421	0.829545	0.0454545	0.000330579	0.000619835	0.791045	0
	0.628	0.00144628	0.00146694	0.82197	0.0454545	0.000247934	0.000516529	0.776119	0
	0.629	0.00119835	0.0018595	0.82197	0.0454545	0.000309917	0.000475207	0.787879	0
	0.63	0.00132231	0.00190083	0.82197	0.0433884	0.000433884	0.000371901	0.772727	0
	0.631	0.0011157	0.00134298	0.816794	0.0413223	0.000475207	0.000371901	0.757576	0
	0.632	0.00132231	0.00202479	0.819923	0.0413223	0.000578512	0.000371901	0.757576	0
	0.633	0.0011157	0.00146694	0.819923	0.0392562	0.000392562	0.000454545	0.757576	0
	0.634	0.00121901	0.00204545	0.823077	0.0392562	0.000413223	0.00035124	0.757576	0
	0.635	0.0013843	0.00181818	0.819231	0.0392562	0.000702479	0.000413223	0.757576	0
	0.636	0.00121901	0.00181818	0.822394	0.0392562	0.000495868	0.000413223	0.757576	0
	0.637	0.00144628	0.0017562	0.818533	0.0392562	0.000413223	0.000433884	0.753846	0
	0.638	0.00117769	0.00165289	0.810811	0.0392562	0.000268595	0.00053719	0.738462	0
	0.639	0.00121901	0.00183884	0.810811	0.0392562	0.000433884	0.000392562	0.738462	0
	0.64	0.00128099	0.00177686	0.810811	0.0392562	0.00072314	0.000454545	0.738462	0
	0.641	0.00144628	0.00167355	0.809339	0.035124	0.000330579	0.000557851	0.75	0
	0.642	0.00128099	0.0017562	0.811765	0.035124	0.000516529	0.000454545	0.75	0
	0.643	0.00126033	0.00142562	0.807843	0.035124	0.000826446	0.000495868	0.75	0
	0.644	0.00126033	0.00157025	0.811024	0.035124	0.000578512	0.000433884	0.75	0
	0.645	0.00171488	0.00192149	0.810277	0.035124	0.000557851	0.000702479	0.75	0
	0.646	0.0013843	0.00194215	0.805556	0.035124	0.000702479	0.000599174	0.75	0
	0.647	0.0014876	0.0018595	0.812	0.0330579	0.000826446	0.000619835	0.75	0
	0.648	0.00113636	0.0018595	0.811245	0.0330579	0.000599174	0.000681818	0.734375	0
	0.649	0.00115702	0.00181818	0.814516	0.0330579	0.000619835	0.000495868	0.734375	0
	0.65	0.00121901	0.00192149	0.817814	0.0330579	0.000495868	0.000495868	0.734375	0
	0.651	0.000991736	0.0021281	0.817814	0.0330579	0.000516529	0.000392562	0.734375	0
	0.652	0.00117769	0.00192149	0.817814	0.0330579	0.000495868	0.000516529	0.734375	0
	0.653	0.00136364	0.00161157	0.809717	0.0330579	0.000475207	0.000309917	0.734375	0
	0.654	0.00130165	0.00183884	0.809717	0.0330579	0.000785124	0.000330579	0.746032	0
	0.655	0.0013843	0.00194215	0.804878	0.0309917	0.000475207	0.00035124	0.746032	0
	0.656	0.0013843	0.00136364	0.800813	0.0309917	0.000619835	0.00035124	0.746032	0
	0.657	0.00128099	0.00200413	0.804082	0.0309917	0.000495868	0.000371901	0.746032	0
	0.658	0.00132231	0.00171488	0.804082	0.0309917	0.000681818	0.000475207	0.758065	0
	0.659	0.00123967	0.00229339	0.806584	0.0309917	0.000640496	0.000599174	0.770492	0
	0.66	0.00119835	0.0013843	0.809917	0.0309917	0.000413223	0.000433884	0.770492	0
	0.661	0.00109504	0.00188017	0.801653	0.0309917	0.000516529	0.000475207	0.770492	0
	0.662	0.00121901	0.00181818	0.801653	0.0309917	0.000578512	0.000392562	0.754098	0
	0.663	0.00132231	0.00204545	0.801653	0.0309917	0.000371901	0.000619835	0.754098	0
	0.664	0.00130165	0.00179752	0.801653	0.0289256	0.000557851	0.000495868	0.754098	0
	0.665	0.00144628	0.00210744	0.804979	0.0289256	0.000413223	0.000433884	0.754098	0
	0.666	0.00132231	0.00152893	0.80083	0.0289256	0.000475207	0.000392562	0.737705	0
	0.667	0.00107438	0.00183884	0.803347	0.0289256	0.000640496	0.000371901	0.737705	0
	0.668	0.00144628	0.00206612	0.803347	0.0247934	0.000454545	0.000371901	0.737705	0
	0.669	0.00177686	0.00202479	0.805907	0.0227273	0.000516529	0.000495868	0.737705	0
	0.67	0.00163223	0.00171488	0.801688	0.0206612	0.000371901	0.000454545	0.737705	0
	0.671	0.00142562	0.00163223	0.797468	0.0206612	0.000640496	0.000681818	0.737705	0
	0.672	0.00132231	0.00165289	0.792373	0.0206612	0.000309917	0.000392562	0.721311	0
	0.673	0.00159091	0.00192149	0.783898	0.0206612	0.000392562	0.000371901	0.733333	0
	0.674	0.00167355	0.0021281	0.783898	0.018595	0.000599174	0.000495868	0.733333	0
	0.675	0.00126033	0.00214876	0.779661	0.018595	0.000392562	0.000371901	0.733333	0
	0.676	0.00159091	0.00165289	0.775424	0.018595	0.000433884	0.00053719	0.728814	0
	0.677	0.0013843	0.00198347	0.774468	0.018595	0.00035124	0.000826446	0.728814	0
	0.678	0.00152893	0.00188017	0.774468	0.0165289	0.000330579	0.000433884	0.728814	0
	0.679	0.00146694	0.00194215	0.773504	0.0165289	0.000413223	0.000371901	0.728814	0
	0.68	0.00167355	0.00206612	0.76824	0.0165289	0.000309917	0.000330579	0.728814	0
	0.681	0.00161157	0.00225207	0.763948	0.0144628	0.000392562	0.000516529	0.728814	0
	0.682	0.00142562	0.00181818	0.777293	0.0144628	0.000103306	0.000681818	0.728814	0
	0.683	0.00163223	0.00190083	0.777293	0.0144628	0.000227273	0.000371901	0.741379	0
	0.684	0.00150826	0.00208678	0.767544	0.0144628	0.000371901	0.000475207	0.741379	0
	0.685	0.00179752	0.00198347	0.767544	0.0144628	0.000227273	0.000392562	0.741379	0
	0.686	0.00200413	0.00229339	0.757709	0.0144628	0.000165289	0.000599174	0.741379	0
	0.687	0.0014876	0.00206612	0.76	0.0144628	0.000247934	0.000495868	0.741379	0
	0.688	0.00183884	0.00202479	0.76	0.0144628	0.00035124	0.000454545	0.741379	0
	0.689	0.00198347	0.00245868	0.763393	0.0123967	0.000309917	0.000495868	0.724138	0
	0.69	0.00163223	0.00196281	0.758929	0.0123967	0.000309917	0.000433884	0.724138	0
	0.691	0.00140496	0.00260331	0.762332	0.0123967	0.00035124	0.000640496	0.75	0
	0.692	0.00188017	0.00241736	0.757848	0.0123967	0.000433884	0.00053719	0.75	0
	0.693	0.00163223	0.0021281	0.757848	0.0123967	0.000247934	0.000702479	0.75	0
	0.694	0.00169421	0.0022314	0.761261	0.0123967	0.000413223	0.00053719	0.75	0
	0.695	0.00163223	0.00227273	0.755656	0.0123967	0.000268595	0.000495868	0.75	0
	0.696	0.00196281	0.00202479	0.751131	0.0123967	0.000289256	0.000785124	0.763636	0
	0.697	0.00126033	0.00225207	0.754545	0.0123967	0.000330579	0.000599174	0.777778	0
	0.698	0.00152893	0.00196281	0.757991	0.0123967	0.000289256	0.000681818	0.777778	0
	0.699	0.00163223	0.00208678	0.757991	0.0123967	0.000247934	0.000433884	0.792453	0
	0.7	0.00142562	0.00221074	0.761468	0.0103306	0.000371901	0.000619835	0.823529	0
	0.701	0.00154959	0.00225207	0.761468	0.0103306	0.000206612	0.000640496	0.803922	0
	0.702	0.00150826	0.00233471	0.761468	0.0103306	0.000227273	0.000661157	0.803922	0
	0.703	0.00150826	0.00233471	0.764977	0.0103306	0.000289256	0.000640496	0.82	0
	0.704	0.00200413	0.0021281	0.764977	0.00826446	0.00035124	0.00072314	0.82	0
	0.705	0.00163223	0.00254132	0.764977	0.00826446	0.00018595	0.000578512	0.82	0
	0.706	0.00130165	0.00200413	0.760369	0.00413223	0.000289256	0.000743802	0.816327	0
	0.707	0.0017562	0.00204545	0.760369	0.00413223	0.000247934	0.000805785	0.795918	0
	0.708	0.00146694	0.0022314	0.762791	0.00206612	0.000227273	0.000702479	0.795918	0
	0.709	0.00146694	0.00237603	0.766355	0	0.000247934	0.000867769	0.8125	0
	0.71	0.00117769	0.00200413	0.757009	0	0.000247934	0.000702479	0.8125	0
	0.711	0.0014876	0.00208678	0.752336	0	0.000144628	0.000743802	0.8125	0
	0.712	0.0013843	0.00188017	0.747664	0	0.000289256	0.000764463	0.8125	0
	0.713	0.00167355	0.00243802	0.747664	0	0.000330579	0.000743802	0.8125	0
	0.714	0.00171488	0.00233471	0.754717	0	0.000247934	0.000681818	0.8125	0
	0.715	0.0017562	0.00241736	0.752381	0	0.000227273	0.000909091	0.8125	0
	0.716	0.00150826	0.00229339	0.758454	0	0.000309917	0.000826446	0.8125	0
	0.717	0.00128099	0.0025	0.765854	0	8.26446e-05	0.000743802	0.8125	0
	0.718	0.00134298	0.00231405	0.765854	0	0.000309917	0.000805785	0.8125	0
	0.719	0.00136364	0.00247934	0.769608	0	0.000227273	0.000909091	0.8125	0
	0.72	0.00152893	0.00254132	0.773399	0	0.000309917	0.0010124	0.8125	0
	0.721	0.00136364	0.00183884	0.767327	0	0.000247934	0.000681818	0.8125	0
	0.722	0.00126033	0.00241736	0.775	0	0.000206612	0.000619835	0.8125	0
	0.723	0.0014876	0.00266529	0.77	0	0.000123967	0.000578512	0.791667	0
	0.724	0.0013843	0.00247934	0.768844	0	0.000165289	0.000516529	0.791667	0
	0.725	0.0013843	0.00231405	0.772727	0	0.000268595	0.00053719	0.791667	0
	0.726	0.00126033	0.00252066	0.767677	0	0.000268595	0.000557851	0.791667	0
	0.727	0.00136364	0.00239669	0.757576	0	0.000289256	0.000640496	0.791667	0
	0.728	0.00157025	0.00204545	0.751269	0	0.000268595	0.000681818	0.787234	0
	0.729	0.0011157	0.00235537	0.751269	0	0.000206612	0.000557851	0.787234	0
	0.73	0.00119835	0.00252066	0.748718	0	0.000247934	0.000454545	0.765957	0
	0.731	0.00121901	0.00247934	0.74359	0	0.000268595	0.000557851	0.765957	0
	0.732	0.00107438	0.00192149	0.747423	0	0.000330579	0.000475207	0.76087	0
	0.733	0.00134298	0.00245868	0.747423	0	0.00035124	0.00053719	0.76087	0
	0.734	0.00088843	0.00233471	0.751295	0	0.000371901	0.000681818	0.76087	0
	0.735	0.00107438	0.00239669	0.75	0	0.000330579	0.000805785	0.76087	0
	0.736	0.00115702	0.00229339	0.75	0	0.000330579	0.000454545	0.76087	0
	0.737	0.000971074	0.00280992	0.75	0	0.000268595	0.000578512	0.76087	0
	0.738	0.00109504	0.00283058	0.757895	0	0.000330579	0.000557851	0.76087	0
	0.739	0.000929752	0.00225207	0.761905	0	0.000206612	0.000557851	0.76087	0
	0.74	0.00121901	0.00254132	0.765957	0	0.00035124	0.000578512	0.76087	0
	0.741	0.0011157	0.00216942	0.770053	0	0.000309917	0.000516529	0.777778	0
	0.742	0.0011157	0.00245868	0.778378	0	0.000475207	0.00053719	0.777778	0
	0.743	0.00121901	0.00237603	0.772973	0	0.000289256	0.000495868	0.777778	0
	0.744	0.000929752	0.00225207	0.771739	0	0.000330579	0.00053719	0.795455	0
	0.745	0.00117769	0.00245868	0.78022	0	0.000289256	0.000495868	0.795455	0
	0.746	0.00126033	0.0022314	0.783333	0	0.000475207	0.000578512	0.795455	0
	0.747	0.00119835	0.00231405	0.787709	0	0.000413223	0.000433884	0.813953	0
	0.748	0.0010124	0.00247934	0.787709	0	0.000371901	0.000371901	0.813953	0
	0.749	0.000950413	0.00210744	0.792135	0	0.000227273	0.000475207	0.813953	0
	0.75	0.00119835	0.00252066	0.79661	0	0.000309917	0.000247934	0.813953	0
	0.751	0.00123967	0.00245868	0.79661	0	0.000247934	0.000516529	0.813953	0
	0.752	0.00132231	0.00231405	0.795455	0	0.000330579	0.000454545	0.813953	0
	0.753	0.00107438	0.00260331	0.795455	0	0.000371901	0.000371901	0.813953	0
	0.754	0.00136364	0.00206612	0.804598	0	0.000454545	0.000392562	0.813953	0
	0.755	0.00115702	0.00243802	0.809249	0	0.000227273	0.000330579	0.813953	0
	0.756	0.00115702	0.00247934	0.802326	0	0.000495868	0.00035124	0.813953	0
	0.757	0.0013843	0.00231405	0.80117	0	0.000330579	0.00035124	0.813953	0
	0.758	0.00117769	0.00252066	0.80117	0	0.000247934	0.000475207	0.813953	0
	0.759	0.00123967	0.00221074	0.80117	0	0.000330579	0.000413223	0.813953	0
	0.76	0.00130165	0.00258264	0.795322	0	0.000247934	0.000557851	0.813953	0
	0.761	0.000950413	0.00243802	0.795322	0	0.000392562	0.000495868	0.813953	0
	0.762	0.00130165	0.0025	0.795322	0	0.000206612	0.000371901	0.813953	0
	0.763	0.00117769	0.00235537	0.795322	0	0.000227273	0.000392562	0.813953	0
	0.764	0.00109504	0.00247934	0.804734	0	0.000268595	0.000165289	0.813953	0
	0.765	0.00117769	0.00241736	0.792899	0	0.000289256	0.000268595	0.813953	0
	0.766	0.000971074	0.00252066	0.781065	0	0.000165289	0.000268595	0.813953	0
	0.767	0.0010124	0.00227273	0.769231	0	0.00018595	0.000392562	0.813953	0
	0.768	0.00113636	0.00262397	0.77381	0	0.000227273	0.000309917	0.833333	0
	0.769	0.00088843	0.00280992	0.772455	0	0.000144628	0.000371901	0.833333	0
	0.77	0.00132231	0.00219008	0.772455	0	0.000165289	0.000289256	0.809524	0
	0.771	0.000764463	0.00247934	0.772455	0	0.00018595	0.000227273	0.809524	0
	0.772	0.00117769	0.00278926	0.760479	0	0.000309917	0.000247934	0.829268	0
	0.773	0.00130165	0.00256198	0.763636	0	0.00018595	0.000206612	0.846154	0
	0.774	0.00128099	0.00231405	0.768293	0	0.000123967	0.000454545	0.846154	0
	0.775	0.00113636	0.00227273	0.756098	0	0.000103306	0.000433884	0.846154	0
	0.776	0.00107438	0.00225207	0.765432	0	0.000247934	0.000247934	0.846154	0
	0.777	0.00119835	0.00229339	0.759259	0	0.000165289	0.000247934	0.820513	0
	0.778	0.000991736	0.00245868	0.759259	0	0.000144628	0.000330579	0.820513	0
	0.779	0.00113636	0.0025	0.763975	0	6.19835e-05	0.000330579	0.820513	0
	0.78	0.00115702	0.00198347	0.763975	0	0.00018595	0.000247934	0.794872	0
	0.781	0.00107438	0.00237603	0.75	0	0.000123967	0.000309917	0.794872	0
	0.782	0.000991736	0.00247934	0.7375	0	0.000165289	0.000330579	0.794872	0
	0.783	0.000909091	0.00237603	0.7375	0	0.000165289	0.000268595	0.794872	0
	0.784	0.000950413	0.00247934	0.7375	0	2.06612e-05	0.000433884	0.794872	0
	0.785	0.000991736	0.00239669	0.745223	0	0.000103306	0.000268595	0.794872	0
	0.786	0.0011157	0.00243802	0.738854	0	0.000144628	0.000268595	0.794872	0
	0.787	0.00107438	0.00260331	0.738854	0	0.000165289	0.000227273	0.794872	0
	0.788	0.00146694	0.00229339	0.730769	0	0.000206612	0.000330579	0.794872	0
	0.789	0.00121901	0.0022314	0.717949	0	0.000165289	0.000247934	0.815789	0
	0.79	0.0013843	0.00239669	0.716129	0	0.000227273	0.000330579	0.837838	0
	0.791	0.00128099	0.00214876	0.709677	0	0.000165289	0.000123967	0.837838	0
	0.792	0.00146694	0.00202479	0.701299	0	0.00018595	0.000247934	0.837838	0
	0.793	0.0013843	0.00229339	0.701299	0	0.000144628	0.000206612	0.837838	0
	0.794	0.00157025	0.00241736	0.701299	0	0.000227273	0.000371901	0.837838	0
	0.795	0.00134298	0.00237603	0.701299	0	0.00018595	0.000227273	0.837838	0
	0.796	0.00140496	0.00243802	0.705882	0	0.000247934	0.00035124	0.861111	0
	0.797	0.00157025	0.00227273	0.708609	0	0.000123967	0.000206612	0.861111	0
	0.798	0.00150826	0.0025	0.708609	0	0.000268595	0.000227273	0.861111	0
	0.799	0.00144628	0.00256198	0.706667	0	0.000227273	0.000289256	0.885714	0
	0.8	0.00163223	0.00227273	0.704698	0	0.000206612	0.000206612	0.885714	0
	0.801	0.00134298	0.00241736	0.691275	0	0.000268595	0.00018595	0.885714	0
	0.802	0.00154959	0.00202479	0.691275	0	0.000247934	0.000268595	0.857143	0
	0.803	0.0018595	0.00233471	0.695946	0	0.000330579	0.000247934	0.857143	0
	0.804	0.00169421	0.00214876	0.70068	0	0.000309917	0.000165289	0.857143	0
	0.805	0.00198347	0.00256198	0.710345	0	0.000227273	0.000123967	0.857143	0
	0.806	0.00134298	0.00227273	0.710345	0	0.000165289	0.000330579	0.857143	0
	0.807	0.00177686	0.00204545	0.703448	0	0.000123967	0.000309917	0.857143	0
	0.808	0.00150826	0.00196281	0.703448	0	0.000144628	0.000268595	0.857143	0
	0.809	0.00192149	0.00214876	0.699301	0	0.000206612	0.000144628	0.828571	0
	0.81	0.0017562	0.0022314	0.702128	0	0.000144628	0.000165289	0.8	0
	0.811	0.0018595	0.00202479	0.71223	0	0.000227273	0.000247934	0.8	0
	0.812	0.00179752	0.00208678	0.71223	0	0.000309917	0.000206612	0.8	0
	0.813	0.00183884	0.00254132	0.705036	0	0.000330579	0.000268595	0.8	0
	0.814	0.00177686	0.00214876	0.705036	0	0.000268595	0.000206612	0.8	0
	0.815	0.00167355	0.00264463	0.690647	0	0.000206612	0.000227273	0.771429	0
	0.816	0.00198347	0.00262397	0.690647	0	0.000247934	0.000227273	0.771429	0
	0.817	0.00231405	0.00233471	0.676259	0	0.000227273	0.000289256	0.771429	0
	0.818	0.00161157	0.00243802	0.681159	0	0.000289256	0.000165289	0.771429	0
	0.819	0.00165289	0.00258264	0.666667	0	0.000206612	0.000247934	0.771429	0
	0.82	0.00163223	0.00241736	0.652174	0	0.00018595	0.000247934	0.771429	0
	0.821	0.00171488	0.00216942	0.652174	0	0.000247934	8.26446e-05	0.771429	0
	0.822	0.00159091	0.00237603	0.649635	0	0.000103306	0.00018595	0.771429	0
	0.823	0.00142562	0.00183884	0.649635	0	0.000144628	0.000289256	0.771429	0
	0.824	0.00140496	0.0022314	0.654412	0	0.000165289	0.000144628	0.771429	0
	0.825	0.00173554	0.00239669	0.659259	0	0.000227273	0.000165289	0.771429	0
	0.826	0.00136364	0.00241736	0.664179	0	0.000247934	0.00018595	0.771429	0
	0.827	0.00136364	0.00190083	0.669173	0	0.000247934	0.000268595	0.771429	0
	0.828	0.00152893	0.00243802	0.669173	0	0.000144628	0.000247934	0.771429	0
	0.829	0.00119835	0.00227273	0.661654	0	0.000144628	0.00018595	0.764706	0
	0.83	0.00113636	0.0025	0.666667	0	0.000206612	0.000144628	0.764706	0
	0.831	0.00130165	0.00204545	0.659091	0	0.000206612	0.00018595	0.764706	0
	0.832	0.0013843	0.00206612	0.659091	0	0.000206612	0.000123967	0.764706	0
	0.833	0.00136364	0.00204545	0.651515	0	0.000206612	0.000206612	0.787879	0
	0.834	0.00144628	0.00188017	0.648855	0	0.000247934	0.000227273	0.787879	0
	0.835	0.00130165	0.00221074	0.641221	0	0.00018595	0.000247934	0.787879	0
	0.836	0.0014876	0.00219008	0.646154	0	0.000289256	0.000123967	0.787879	0
	0.837	0.0011157	0.00231405	0.638462	0	0.000289256	0.00018595	0.787879	0
	0.838	0.00117769	0.00258264	0.643411	0	0.00018595	0.000123967	0.787879	0
	0.839	0.00136364	0.00208678	0.637795	0	0.000309917	0.00018595	0.8125	0
	0.84	0.0013843	0.00204545	0.637795	0	0.000330579	0.000103306	0.8125	0
	0.841	0.00161157	0.0021281	0.648	0	0.000309917	0.000289256	0.8125	0
	0.842	0.00169421	0.00237603	0.658537	0	0.00035124	0.000206612	0.8125	0
	0.843	0.00152893	0.00237603	0.650407	0	0.00035124	0.00018595	0.8125	0
	0.844	0.0011157	0.00221074	0.661157	0	0.00018595	8.26446e-05	0.8125	0
	0.845	0.00136364	0.00241736	0.658333	0	0.000330579	0.000103306	0.8125	0
	0.846	0.00130165	0.00204545	0.663866	0	0.000227273	0.000144628	0.83871	0
	0.847	0.00136364	0.00198347	0.669492	0	0.000227273	0.00018595	0.83871	0
	0.848	0.00134298	0.00200413	0.675214	0	0.000330579	4.13223e-05	0.83871	0
	0.849	0.00117769	0.0021281	0.672414	0	0.000268595	0.000227273	0.83871	0
	0.85	0.00115702	0.00219008	0.678261	0	0.000206612	0.000227273	0.83871	0
	0.851	0.00142562	0.00216942	0.684211	0	0.000268595	0.00018595	0.83871	0
	0.852	0.00130165	0.00206612	0.690265	0	0.000206612	0.000123967	0.83871	0
	0.853	0.00123967	0.00243802	0.693694	0	0.000309917	0.000206612	0.83871	0
	0.854	0.00132231	0.00188017	0.697248	0	0.000330579	0.000206612	0.806452	0
	0.855	0.00123967	0.00196281	0.694444	0	0.000165289	0.000165289	0.806452	0
	0.856	0.0010124	0.00165289	0.694444	0	0.00018595	0.000144628	0.806452	0
	0.857	0.00144628	0.00219008	0.700935	0	0.000165289	2.06612e-05	0.806452	0
	0.858	0.00119835	0.00179752	0.698113	0	0.000268595	0.000123967	0.806452	0
	0.859	0.00132231	0.00171488	0.698113	0	0.000247934	0.000103306	0.806452	0
	0.86	0.00109504	0.00252066	0.692308	0	0.000247934	0.000144628	0.774194	0
	0.861	0.00123967	0.00161157	0.682692	0	0.000206612	0.000206612	0.774194	0
	0.862	0.00115702	0.00159091	0.68932	0	0.000103306	0.000247934	0.766667	0
	0.863	0.00126033	0.00165289	0.696078	0	0.000206612	0.000268595	0.766667	0
	0.864	0.00113636	0.00202479	0.686275	0	8.26446e-05	0.000144628	0.766667	0
	0.865	0.00134298	0.0017562	0.683168	0	4.13223e-05	0.00018595	0.766667	0
	0.866	0.000764463	0.00169421	0.69	0	4.13223e-05	0.00018595	0.766667	0
	0.867	0.000971074	0.00183884	0.69	0	6.19835e-05	0.00018595	0.766667	0
	0.868	0.000971074	0.00198347	0.68	0	0.000103306	0.000123967	0.766667	0
	0.869	0.000909091	0.0018595	0.65	0	4.13223e-05	0.000144628	0.766667	0
	0.87	0.0011157	0.0013843	0.65	0	8.26446e-05	0.000123967	0.766667	0
	0.871	0.000785124	0.00173554	0.64	0	6.19835e-05	0.000165289	0.766667	0
	0.872	0.00109504	0.00165289	0.646465	0	8.26446e-05	0.000103306	0.766667	0
	0.873	0.00130165	0.00221074	0.653061	0	2.06612e-05	0.000144628	0.793103	0
	0.874	0.00109504	0.00198347	0.659794	0	0.000103306	6.19835e-05	0.793103	0
	0.875	0.00150826	0.00196281	0.663158	0	0.00018595	0.000144628	0.821429	0
	0.876	0.000991736	0.00183884	0.663158	0	0.000103306	0.000165289	0.821429	0
	0.877	0.00117769	0.00188017	0.663158	0	8.26446e-05	0.000144628	0.821429	0
	0.878	0.00105372	0.00173554	0.663158	0	0.000123967	0.000165289	0.821429	0
	0.879	0.00154959	0.00188017	0.670213	0	0.000165289	0.000123967	0.851852	0
	0.88	0.00144628	0.00165289	0.659574	0	0.000123967	0.000123967	0.814815	0
	0.881	0.0011157	0.00167355	0.663043	0	0.000123967	8.26446e-05	0.814815	0
	0.882	0.00126033	0.0017562	0.659341	0	0.000289256	0.000165289	0.814815	0
	0.883	0.00123967	0.0017562	0.644444	0	0.000309917	0.000165289	0.814815	0
	0.884	0.00150826	0.00163223	0.659091	0	0.00035124	0.000165289	0.846154	0
	0.885	0.00128099	0.00159091	0.659091	0	0.000247934	6.19835e-05	0.846154	0
	0.886	0.0013843	0.00136364	0.647727	0	0.000247934	0.000123967	0.846154	0
	0.887	0.00140496	0.00169421	0.647727	0	0.000206612	0.000144628	0.846154	0
	0.888	0.00130165	0.00152893	0.647727	0	0.000268595	0.000123967	0.846154	0
	0.889	0.00107438	0.00119835	0.647727	0	0.000247934	0.000165289	0.846154	0
	0.89	0.00105372	0.00159091	0.655172	0	0.00035124	0.000123967	0.846154	0
	0.891	0.00128099	0.0017562	0.670588	0	0.000227273	0.000123967	0.846154	0
	0.892	0.00113636	0.00119835	0.678571	0	0.00035124	0.000144628	0.846154	0
	0.893	0.00115702	0.00163223	0.686747	0	0.000309917	8.26446e-05	0.846154	0
	0.894	0.00113636	0.00140496	0.682927	0	0.000165289	0.00018595	0.846154	0
	0.895	0.00126033	0.00165289	0.691358	0	0.000413223	0.000103306	0.846154	0
	0.896	0.00107438	0.00192149	0.679012	0	0.00018595	0.000144628	0.846154	0
	0.897	0.0010124	0.00115702	0.6875	0	0.000227273	0.000123967	0.846154	0
	0.898	0.000950413	0.00177686	0.6875	0	0.000289256	0.000123967	0.846154	0
	0.899	0.00117769	0.00144628	0.6875	0	0.000206612	0.000123967	0.846154	0
	0.9	0.00105372	0.00113636	0.6875	0	0.000289256	0.000165289	0.846154	0
	0.901	0.000867769	0.0013843	0.6875	0	0.000227273	0.000144628	0.846154	0
	0.902	0.000909091	0.00136364	0.683544	0	0.000103306	0.000123967	0.846154	0
	0.903	0.000847107	0.00165289	0.701299	0	0.000227273	0.000165289	0.846154	0
	0.904	0.000991736	0.00144628	0.688312	0	0.000144628	0.000103306	0.807692	0
	0.905	0.000599174	0.00159091	0.688312	0	0.000206612	4.13223e-05	0.769231	0
	0.906	0.0010124	0.0014876	0.697368	0	0.000103306	8.26446e-05	0.769231	0
	0.907	0.000950413	0.0013843	0.716216	0	0.000144628	0.000165289	0.769231	0
	0.908	0.00088843	0.00134298	0.69863	0	0.000144628	2.06612e-05	0.769231	0
	0.909	0.00105372	0.00115702	0.708333	0	0.000268595	0.000123967	0.8	0
	0.91	0.00109504	0.00126033	0.704225	0	0.000103306	8.26446e-05	0.833333	0
	0.911	0.000826446	0.00123967	0.724638	0	0.000144628	0.000123967	0.833333	0
	0.912	0.000909091	0.00119835	0.710145	0	8.26446e-05	4.13223e-05	0.833333	0
	0.913	0.0011157	0.00115702	0.720588	0	0.000165289	0	0.833333	0
	0.914	0.000640496	0.00119835	0.742424	0	6.19835e-05	4.13223e-05	0.833333	0
	0.915	0.0010124	0.00115702	0.753846	0	0.000268595	2.06612e-05	0.833333	0
	0.916	0.000764463	0.00103306	0.738462	0	0.000144628	8.26446e-05	0.791667	0
	0.917	0.000950413	0.00105372	0.738462	0	0.00018595	4.13223e-05	0.826087	0
	0.918	0.0010124	0.00117769	0.738462	0	0.000227273	0.000103306	0.826087	0
	0.919	0.00103306	0.00117769	0.75	0	0.000165289	0.00018595	0.826087	0
	0.92	0.000991736	0.00115702	0.746032	0	0.00035124	8.26446e-05	0.826087	0
	0.921	0.000909091	0.00140496	0.730159	0	0.000227273	4.13223e-05	0.826087	0
	0.922	0.00103306	0.00117769	0.714286	0	0.000206612	8.26446e-05	0.826087	0
	0.923	0.000867769	0.000929752	0.714286	0	0.000289256	0.000123967	0.826087	0
	0.924	0.00088843	0.00119835	0.725806	0	0.000165289	6.19835e-05	0.863636	0
	0.925	0.000867769	0.00119835	0.725806	0	0.000309917	4.13223e-05	0.863636	0
	0.926	0.000929752	0.00115702	0.733333	0	0.000144628	8.26446e-05	0.863636	0
	0.927	0.000929752	0.000847107	0.733333	0	0.000268595	8.26446e-05	0.863636	0
	0.928	0.000702479	0.000971074	0.733333	0	0.000206612	8.26446e-05	0.863636	0
	0.929	0.000826446	0.00103306	0.733333	0	0.000289256	6.19835e-05	0.863636	0
	0.93	0.000847107	0.000867769	0.733333	0	0.000371901	0.000103306	0.863636	0
	0.931	0.000681818	0.00103306	0.741379	0	0.000268595	0.000144628	0.818182	0
	0.932	0.00072314	0.00103306	0.741379	0	0.00018595	4.13223e-05	0.818182	0
	0.933	0.000847107	0.000971074	0.741379	0	0.00035124	0	0.818182	0
	0.934	0.000743802	0.00115702	0.754386	0	0.000268595	0.000165289	0.818182	0
	0.935	0.000743802	0.0010124	0.767857	0	0.000330579	6.19835e-05	0.818182	0
	0.936	0.000743802	0.000867769	0.767857	0	0.000206612	4.13223e-05	0.818182	0
	0.937	0.000971074	0.00103306	0.767857	0	0.000330579	8.26446e-05	0.818182	0
	0.938	0.000681818	0.000909091	0.75	0	0.000165289	8.26446e-05	0.818182	0
	0.939	0.000599174	0.000826446	0.763636	0	0.000227273	0	0.818182	0
	0.94	0.00053719	0.000743802	0.763636	0	0.000144628	4.13223e-05	0.818182	0
	0.941	0.000392562	0.000805785	0.763636	0	0.000103306	8.26446e-05	0.818182	0
	0.942	0.000847107	0.000743802	0.777778	0	0.000206612	2.06612e-05	0.818182	0
	0.943	0.000619835	0.000743802	0.792453	0	0.000165289	2.06612e-05	0.857143	0
	0.944	0.000702479	0.00072314	0.792453	0	0.000144628	4.13223e-05	0.857143	0
	0.945	0.00053719	0.000578512	0.773585	0	0.000103306	0	0.857143	0
	0.946	0.000454545	0.000764463	0.754717	0	0.000103306	6.19835e-05	0.857143	0
	0.947	0.000661157	0.000847107	0.735849	0	0.00018595	0.000165289	0.857143	0
	0.948	0.000681818	0.00088843	0.75	0	0.000103306	8.26446e-05	0.9	0
	0.949	0.000557851	0.000516529	0.745098	0	0.000103306	6.19835e-05	0.85	0
	0.95	0.000454545	0.000599174	0.76	0	0.00018595	4.13223e-05	0.85	0
	0.951	0.000433884	0.000785124	0.77551	0	2.06612e-05	6.19835e-05	0.894737	0
	0.952	0.000640496	0.000661157	0.77551	0	0.00018595	6.19835e-05	0.894737	0
	0.953	0.000557851	0.000599174	0.755102	0	6.19835e-05	0	0.894737	0
	0.954	0.000619835	0.00072314	0.755102	0	0.000144628	6.19835e-05	0.894737	0
	0.955	0.000557851	0.000743802	0.770833	0	8.26446e-05	0	0.894737	0
	0.956	0.000599174	0.000743802	0.770833	0	0.000103306	2.06612e-05	0.894737	0
	0.957	0.000785124	0.000681818	0.770833	0	8.26446e-05	0.000103306	0.894737	0
	0.958	0.000557851	0.000785124	0.787234	0	0.000123967	6.19835e-05	0.894737	0
	0.959	0.000867769	0.000557851	0.787234	0	8.26446e-05	6.19835e-05	0.894737	0
	0.96	0.000516529	0.000475207	0.787234	0	6.19835e-05	0.000123967	0.894737	0
	0.961	0.000805785	0.000516529	0.765957	0	0.000103306	4.13223e-05	0.894737	0
	0.962	0.000619835	0.000661157	0.765957	0	8.26446e-05	6.19835e-05	0.894737	0
	0.963	0.000847107	0.000599174	0.818182	0	8.26446e-05	6.19835e-05	0.894737	0
	0.964	0.000702479	0.000495868	0.837209	0	0.000103306	4.13223e-05	0.944444	0
	0.965	0.000557851	0.000578512	0.837209	0	6.19835e-05	0.000103306	0.944444	0
	0.966	0.000785124	0.000309917	0.837209	0	0.000123967	2.06612e-05	0.944444	0
	0.967	0.000785124	0.000516529	0.813953	0	0.000247934	0.000123967	0.888889	0
	0.968	0.000805785	0.000454545	0.790698	0	0.000165289	2.06612e-05	0.888889	0
	0.969	0.00053719	0.00053719	0.790698	0	0.000206612	0.000103306	0.888889	0
	0.97	0.000413223	0.000454545	0.790698	0	0.000103306	0.000103306	0.888889	0
	0.971	0.000578512	0.000413223	0.790698	0	0.000268595	4.13223e-05	0.888889	0
	0.972	0.000516529	0.000454545	0.790698	0	8.26446e-05	2.06612e-05	0.888889	0
	0.973	0.000454545	0.000516529	0.744186	0	0.00018595	8.26446e-05	0.833333	0
	0.974	0.00053719	0.00035124	0.738095	0	0.000103306	4.13223e-05	0.833333	0
	0.975	0.000619835	0.00018595	0.731707	0	0.000123967	6.19835e-05	0.833333	0
	0.976	0.00072314	0.000413223	0.769231	0	0.000268595	4.13223e-05	0.833333	0
	0.977	0.000661157	0.00035124	0.789474	0	0.000289256	0.000103306	0.882353	0
	0.978	0.000578512	0.000392562	0.789474	0	0.00035124	0.000103306	0.882353	0
	0.979	0.00107438	0.000516529	0.810811	0	0.000392562	8.26446e-05	0.882353	0
	0.98	0.0011157	0.000206612	0.783784	0	0.000309917	4.13223e-05	0.882353	0
	0.981	0.00117769	0.000309917	0.72973	0	0.000495868	6.19835e-05	0.882353	0
	0.982	0.0013843	0.000268595	0.702703	0	0.000475207	2.06612e-05	0.823529	0
	0.983	0.00126033	0.000289256	0.702703	0	0.000309917	4.13223e-05	0.823529	0
	0.984	0.00142562	0.000227273	0.702703	0	0.00035124	0.000123967	0.823529	0
	0.985	0.00140496	0.000309917	0.722222	0	0.000371901	8.26446e-05	0.823529	0
	0.986	0.00134298	0.000289256	0.722222	0	0.000309917	4.13223e-05	0.823529	0
	0.987	0.00190083	0.000330579	0.694444	0	0.000371901	8.26446e-05	0.823529	0
	0.988	0.00157025	0.000144628	0.666667	0	0.000268595	4.13223e-05	0.823529	0
	0.989	0.00146694	0.000309917	0.657143	0	0.000309917	8.26446e-05	0.823529	0
	0.99	0.0017562	0.00035124	0.647059	0	0.000289256	4.13223e-05	0.875	0
	0.991	0.00132231	0.000103306	0.617647	0	0.000103306	2.06612e-05	0.875	0
	0.992	0.00134298	0.000165289	0.588235	0	0.000206612	0.000103306	0.875	0
	0.993	0.00227273	0.000206612	0.558824	0	0.000433884	6.19835e-05	0.8125	0
	0.994	0.00231405	0.000309917	0.545455	0	0.000289256	0.00018595	0.866667	0
	0.995	0.00262397	0.000227273	0.6	0	0.000495868	0	0.866667	0
	0.996	0.00330579	0.000227273	0.62069	0	0.000433884	0.000165289	0.866667	0
	0.997	0.00297521	0.000268595	0.62963	0	0.000371901	0.000165289	0.928571	0
	0.998	0.00231405	0.000289256	0.615385	0	0.000144628	0.000144628	0.928571	0
	0.999	0.00266529	0.000371901	0.6	0	0.000103306	0.000206612	0.928571	0
	1	0.0344835	0.00105372	0.583333	0	0.0268802	0.000971074	0.928571	0


#	yrange	sparsity	# links	zeta	support at cross	fraction FP	support at cross2	fraction FP2
	0	0.382231	185	0.000955654	0.973	0.118142	0.973	0.118142
	0.035	0.382231	185	0.000955654	0.973	0.118142	0.973	0.118142
