#	Frequencies and overlap
#	bins	MYC	shuffle	overlap_MYC	overlap_shuffle	SIGN_MYC	SIGNshuffle	SIGNoverlap_MYC	SIGNoverlap_shuffle
	0	0.712293	0.491405	1	1	0.870496	0.722417	0.739421	0
	0.001	0.0493802	0.085062	0.359649	0	0.0139669	0.027686	0.529412	0
	0.002	0.0292769	0.0443388	0.436047	0	0.00890496	0.0144421	0.573333	0
	0.003	0.0208264	0.0318388	0.460526	0	0.00584711	0.0110537	0.6	0
	0.004	0.0137603	0.0225826	0.49635	0	0.00394628	0.00838843	0.646154	0
	0.005	0.0104959	0.0184711	0.519685	0	0.00297521	0.00634298	0.7	0
	0.006	0.00762397	0.0152893	0.529915	0	0.0022314	0.00590909	0.701754	0
	0.007	0.00584711	0.0117769	0.546296	0	0.0018595	0.00514463	0.690909	0
	0.008	0.00483471	0.0108264	0.59	0	0.0014876	0.00438017	0.730769	0
	0.009	0.00456612	0.00991736	0.6	0	0.0013843	0.00446281	0.76	0
	0.01	0.00386364	0.00811983	0.611111	0	0.00140496	0.00347107	0.74	0
	0.011	0.00338843	0.00706612	0.639535	0	0.00136364	0.00295455	0.755102	0
	0.012	0.00283058	0.00706612	0.654321	0	0.00103306	0.0031405	0.804348	0
	0.013	0.00334711	0.00628099	0.693333	0	0.00126033	0.00311983	0.822222	0
	0.014	0.00297521	0.00568182	0.702703	0	0.0011157	0.00260331	0.840909	0
	0.015	0.00237603	0.00493802	0.722222	0	0.000867769	0.00260331	0.860465	0
	0.016	0.00237603	0.00491736	0.714286	0	0.000826446	0.00264463	0.837209	0
	0.017	0.00200413	0.00417355	0.724638	0	0.000702479	0.00219008	0.857143	0
	0.018	0.00181818	0.00384298	0.676471	0	0.000557851	0.00194215	0.857143	0
	0.019	0.00171488	0.00347107	0.661765	0	0.000330579	0.00188017	0.833333	0
	0.02	0.00152893	0.00376033	0.661765	0	0.000309917	0.00183884	0.833333	0
	0.021	0.0014876	0.00371901	0.647059	0	0.000413223	0.00171488	0.809524	0
	0.022	0.00134298	0.00342975	0.641791	0	0.000165289	0.00167355	0.809524	0
	0.023	0.00123967	0.00299587	0.641791	0	0.000309917	0.00159091	0.809524	0
	0.024	0.00179752	0.00322314	0.651515	0	0.000309917	0.0017562	0.809524	0
	0.025	0.00140496	0.00247934	0.636364	0	0.000268595	0.00154959	0.785714	0
	0.026	0.00167355	0.00245868	0.666667	0	0.000433884	0.00159091	0.846154	0
	0.027	0.00140496	0.00210744	0.7	0	0.000433884	0.00117769	0.868421	0
	0.028	0.00140496	0.00219008	0.689655	0	0.000371901	0.0013843	0.842105	0
	0.029	0.00167355	0.00221074	0.672414	0	0.000516529	0.00130165	0.815789	0
	0.03	0.00140496	0.00202479	0.666667	0	0.000495868	0.0011157	0.837838	0
	0.031	0.00167355	0.00173554	0.678571	0	0.000495868	0.00088843	0.837838	0
	0.032	0.00142562	0.0022314	0.703704	0	0.000702479	0.00117769	0.837838	0
	0.033	0.00150826	0.00171488	0.685185	0	0.000640496	0.00107438	0.810811	0
	0.034	0.00142562	0.0022314	0.685185	0	0.000578512	0.00136364	0.810811	0
	0.035	0.00117769	0.0018595	0.685185	0	0.000557851	0.00109504	0.810811	0
	0.036	0.00109504	0.00188017	0.685185	0	0.000454545	0.00113636	0.810811	0
	0.037	0.0010124	0.00206612	0.685185	0	0.000619835	0.00134298	0.810811	0
	0.038	0.00103306	0.00161157	0.698113	0	0.000475207	0.00109504	0.783784	0
	0.039	0.00134298	0.0017562	0.679245	0	0.000805785	0.00109504	0.783784	0
	0.04	0.00103306	0.00115702	0.679245	0	0.000681818	0.000826446	0.783784	0
	0.041	0.00103306	0.0014876	0.692308	0	0.000599174	0.000991736	0.783784	0
	0.042	0.000599174	0.00136364	0.692308	0	0.000268595	0.000640496	0.783784	0
	0.043	0.00107438	0.0014876	0.686275	0	0.000681818	0.00105372	0.783784	0
	0.044	0.000909091	0.00132231	0.7	0	0.000578512	0.000681818	0.783784	0
	0.045	0.00109504	0.00134298	0.714286	0	0.000640496	0.000805785	0.805556	0
	0.046	0.000743802	0.0010124	0.76087	0	0.000454545	0.000764463	0.828571	0
	0.047	0.000785124	0.000950413	0.795455	0	0.000599174	0.000681818	0.852941	0
	0.048	0.000805785	0.000971074	0.772727	0	0.000433884	0.000867769	0.852941	0
	0.049	0.000661157	0.00144628	0.772727	0	0.000495868	0.000847107	0.852941	0
	0.05	0.000475207	0.0010124	0.75	0	0.000495868	0.000681818	0.823529	0
	0.051	0.000495868	0.000867769	0.767442	0	0.000330579	0.00053719	0.823529	0
	0.052	0.000702479	0.000971074	0.767442	0	0.00035124	0.000681818	0.823529	0
	0.053	0.000454545	0.000785124	0.767442	0	0.000289256	0.000578512	0.823529	0
	0.054	0.000475207	0.00123967	0.785714	0	0.000309917	0.000785124	0.848485	0
	0.055	0.000392562	0.000702479	0.785714	0	0.000289256	0.000495868	0.848485	0
	0.056	0.000413223	0.00072314	0.804878	0	0.000330579	0.000599174	0.875	0
	0.057	0.000454545	0.000867769	0.804878	0	0.000227273	0.00053719	0.875	0
	0.058	0.000516529	0.000909091	0.804878	0	0.000206612	0.000661157	0.875	0
	0.059	0.000413223	0.00103306	0.825	0	0.000144628	0.000805785	0.875	0
	0.06	0.000516529	0.000847107	0.846154	0	0.000165289	0.00053719	0.875	0
	0.061	0.000454545	0.000991736	0.846154	0	0.00018595	0.000681818	0.875	0
	0.062	0.000206612	0.000764463	0.846154	0	0.000123967	0.000599174	0.875	0
	0.063	0.000309917	0.000826446	0.868421	0	8.26446e-05	0.00053719	0.903226	0
	0.064	0.000330579	0.000847107	0.891892	0	0.00018595	0.000599174	0.933333	0
	0.065	0.000392562	0.000702479	0.891892	0	0.000144628	0.00053719	0.933333	0
	0.066	0.00035124	0.00072314	0.891892	0	0.000165289	0.000743802	0.933333	0
	0.067	0.000289256	0.000909091	0.864865	0	8.26446e-05	0.000619835	0.931034	0
	0.068	0.000330579	0.000847107	0.837838	0	0.000144628	0.000681818	0.896552	0
	0.069	0.000268595	0.000826446	0.861111	0	0.000103306	0.000619835	0.896552	0
	0.07	0.000247934	0.000764463	0.861111	0	0.000103306	0.000392562	0.896552	0
	0.071	0.000103306	0.000640496	0.861111	0	4.13223e-05	0.00053719	0.896552	0
	0.072	0.000144628	0.000702479	0.861111	0	0.000123967	0.000578512	0.896552	0
	0.073	0.000206612	0.000599174	0.861111	0	0.000103306	0.00035124	0.896552	0
	0.074	0.000227273	0.00072314	0.861111	0	0.000123967	0.000557851	0.896552	0
	0.075	0.000144628	0.000599174	0.861111	0	0.000123967	0.000495868	0.896552	0
	0.076	0.000247934	0.000826446	0.861111	0	0.00018595	0.000619835	0.896552	0
	0.077	0.000123967	0.000619835	0.833333	0	0.000123967	0.000433884	0.862069	0
	0.078	0.00018595	0.00053719	0.833333	0	0.000165289	0.000433884	0.862069	0
	0.079	0.000165289	0.000764463	0.833333	0	8.26446e-05	0.000557851	0.862069	0
	0.08	0.000103306	0.000433884	0.857143	0	8.26446e-05	0.000433884	0.862069	0
	0.081	0.00018595	0.000702479	0.857143	0	0.000144628	0.000475207	0.862069	0
	0.082	0.000227273	0.00053719	0.857143	0	0.000206612	0.000392562	0.862069	0
	0.083	0.000227273	0.000681818	0.882353	0	0.000206612	0.00053719	0.892857	0
	0.084	0.000103306	0.000516529	0.882353	0	8.26446e-05	0.000433884	0.892857	0
	0.085	0.00018595	0.000516529	0.909091	0	0.00018595	0.000413223	0.892857	0
	0.086	0.000165289	0.000557851	0.909091	0	0.000165289	0.00035124	0.892857	0
	0.087	0.000227273	0.000516529	0.909091	0	0.000227273	0.00035124	0.892857	0
	0.088	0.000247934	0.000640496	0.909091	0	0.000247934	0.000433884	0.892857	0
	0.089	0.000309917	0.00072314	0.909091	0	0.000309917	0.000619835	0.892857	0
	0.09	0.000247934	0.000557851	0.909091	0	0.000247934	0.000413223	0.892857	0
	0.091	0.000309917	0.000516529	0.909091	0	0.000309917	0.000433884	0.892857	0
	0.092	0.000227273	0.000495868	0.909091	0	0.000227273	0.000433884	0.892857	0
	0.093	0.000123967	0.000454545	0.909091	0	0.000123967	0.00035124	0.892857	0
	0.094	0.000268595	0.000495868	0.909091	0	0.000268595	0.000371901	0.892857	0
	0.095	0.00018595	0.000371901	0.909091	0	0.00018595	0.000247934	0.892857	0
	0.096	0.000227273	0.000371901	0.909091	0	0.000227273	0.000289256	0.892857	0
	0.097	0.000227273	0.000413223	0.909091	0	0.000227273	0.000309917	0.892857	0
	0.098	0.000144628	0.000413223	0.909091	0	0.000144628	0.000330579	0.892857	0
	0.099	0.000144628	0.000289256	0.909091	0	0.000144628	0.000165289	0.892857	0
	0.1	4.13223e-05	0.000433884	0.909091	0	4.13223e-05	0.00035124	0.892857	0
	0.101	0.000103306	0.000330579	0.909091	0	0.000103306	0.000330579	0.892857	0
	0.102	0.000144628	0.000454545	0.909091	0	0.000144628	0.000392562	0.892857	0
	0.103	0.000123967	0.000371901	0.909091	0	0.000123967	0.000330579	0.892857	0
	0.104	0.000144628	0.00035124	0.909091	0	0.000144628	0.000268595	0.892857	0
	0.105	0.000247934	0.000516529	0.909091	0	0.000247934	0.000268595	0.892857	0
	0.106	8.26446e-05	0.000309917	0.9375	0	8.26446e-05	0.000247934	0.925926	0
	0.107	0.000123967	0.000454545	0.9375	0	0.000123967	0.000433884	0.925926	0
	0.108	6.19835e-05	0.000433884	0.9375	0	6.19835e-05	0.000413223	0.925926	0
	0.109	8.26446e-05	0.000495868	0.90625	0	8.26446e-05	0.000433884	0.888889	0
	0.11	4.13223e-05	0.000433884	0.935484	0	4.13223e-05	0.000330579	0.923077	0
	0.111	0	0.000268595	0.935484	0	0	0.000227273	0.923077	0
	0.112	6.19835e-05	0.000516529	0.935484	0	6.19835e-05	0.000413223	0.923077	0
	0.113	0.000103306	0.000268595	0.935484	0	0.000103306	0.000330579	0.923077	0
	0.114	6.19835e-05	0.00035124	0.935484	0	6.19835e-05	0.000227273	0.923077	0
	0.115	2.06612e-05	0.00035124	0.935484	0	2.06612e-05	0.00035124	0.923077	0
	0.116	6.19835e-05	0.000475207	0.935484	0	6.19835e-05	0.00035124	0.923077	0
	0.117	6.19835e-05	0.000392562	0.935484	0	6.19835e-05	0.000309917	0.923077	0
	0.118	0	0.000289256	0.935484	0	0	0.00018595	0.923077	0
	0.119	4.13223e-05	0.000247934	0.935484	0	4.13223e-05	0.00018595	0.923077	0
	0.12	8.26446e-05	0.000227273	0.935484	0	8.26446e-05	0.000227273	0.923077	0
	0.121	0.000103306	0.000206612	0.935484	0	0.000103306	0.000206612	0.923077	0
	0.122	4.13223e-05	0.000495868	0.935484	0	4.13223e-05	0.000309917	0.923077	0
	0.123	2.06612e-05	0.000413223	0.966667	0	2.06612e-05	0.000289256	0.96	0
	0.124	8.26446e-05	0.000227273	0.966667	0	8.26446e-05	0.00018595	0.96	0
	0.125	0.000123967	0.000309917	0.966667	0	0.000123967	0.000206612	0.96	0
	0.126	4.13223e-05	0.000268595	0.933333	0	4.13223e-05	0.000123967	0.92	0
	0.127	8.26446e-05	0.000289256	0.933333	0	8.26446e-05	0.000289256	0.92	0
	0.128	0.000103306	0.00018595	0.933333	0	0.000103306	0.000144628	0.92	0
	0.129	2.06612e-05	0.000206612	0.933333	0	2.06612e-05	0.000227273	0.92	0
	0.13	8.26446e-05	0.000330579	0.933333	0	8.26446e-05	0.000289256	0.92	0
	0.131	6.19835e-05	0.000392562	0.933333	0	6.19835e-05	0.000392562	0.92	0
	0.132	8.26446e-05	0.000309917	0.9	0	8.26446e-05	0.00018595	0.88	0
	0.133	0.00018595	0.000371901	0.9	0	0.00018595	0.000330579	0.88	0
	0.134	0.000165289	0.000165289	0.9	0	0.000165289	0.000123967	0.88	0
	0.135	4.13223e-05	0.000392562	0.9	0	4.13223e-05	0.00035124	0.88	0
	0.136	8.26446e-05	0.000268595	0.9	0	8.26446e-05	0.000268595	0.88	0
	0.137	0.000123967	0.000371901	0.9	0	0.000123967	0.000330579	0.88	0
	0.138	0.000103306	0.000227273	0.9	0	8.26446e-05	0.00018595	0.88	0
	0.139	4.13223e-05	0.000123967	0.866667	0	4.13223e-05	8.26446e-05	0.88	0
	0.14	0.000144628	0.000413223	0.866667	0	0.000103306	0.000495868	0.88	0
	0.141	4.13223e-05	0.00035124	0.833333	0	4.13223e-05	0.000268595	0.88	0
	0.142	0.000123967	0.00035124	0.833333	0	0.000123967	0.000330579	0.88	0
	0.143	0.000247934	0.000330579	0.833333	0	0.000247934	0.000309917	0.88	0
	0.144	0.000103306	0.000309917	0.833333	0	8.26446e-05	0.00035124	0.88	0
	0.145	0.000144628	0.000371901	0.833333	0	8.26446e-05	0.000247934	0.88	0
	0.146	0.00018595	0.000144628	0.833333	0	0.000144628	0.000144628	0.88	0
	0.147	0.000123967	0.000330579	0.833333	0	8.26446e-05	0.000289256	0.88	0
	0.148	0.000123967	0.00018595	0.833333	0	0.000103306	0.000123967	0.88	0
	0.149	0.000227273	0.000144628	0.833333	0	0.000165289	0.000123967	0.88	0
	0.15	0.00018595	0.000247934	0.833333	0	0.000165289	0.00018595	0.88	0
	0.151	0.000227273	0.00018595	0.833333	0	0.000206612	0.00018595	0.88	0
	0.152	0.000309917	0.000309917	0.833333	0	0.000247934	0.000206612	0.88	0
	0.153	0.000268595	0.000392562	0.833333	0	0.000206612	0.000309917	0.88	0
	0.154	0.000227273	0.000247934	0.833333	0	0.000206612	0.000247934	0.88	0
	0.155	0.000309917	0.00035124	0.833333	0	0.000206612	0.000289256	0.88	0
	0.156	0.000247934	0.000206612	0.833333	0	0.000144628	0.000165289	0.88	0
	0.157	0.000330579	0.00018595	0.833333	0	0.000247934	0.000165289	0.88	0
	0.158	0.000206612	0.000206612	0.8	0	0.000123967	0.000268595	0.88	0
	0.159	0.000268595	0.000206612	0.827586	0	0.00018595	0.000123967	0.916667	0
	0.16	0.000371901	0.000289256	0.827586	0	0.000268595	0.000165289	0.916667	0
	0.161	0.000206612	0.00018595	0.827586	0	0.000123967	0.000206612	0.916667	0
	0.162	0.000123967	0.000165289	0.827586	0	6.19835e-05	0.00018595	0.916667	0
	0.163	0.000206612	0.000123967	0.827586	0	8.26446e-05	6.19835e-05	0.916667	0
	0.164	0.000165289	0.00018595	0.827586	0	4.13223e-05	0.000206612	0.916667	0
	0.165	0.000247934	0.00018595	0.827586	0	8.26446e-05	0.000227273	0.916667	0
	0.166	0.000392562	0.000247934	0.827586	0	0.000103306	0.000227273	0.916667	0
	0.167	0.000330579	0.000289256	0.827586	0	2.06612e-05	0.000227273	0.916667	0
	0.168	0.000227273	0.00018595	0.827586	0	2.06612e-05	0.000103306	0.916667	0
	0.169	0.000123967	0.000144628	0.827586	0	2.06612e-05	0.000123967	0.916667	0
	0.17	0.000144628	0.00018595	0.827586	0	6.19835e-05	0.000144628	0.916667	0
	0.171	0.000247934	0.000144628	0.827586	0	8.26446e-05	0.000123967	0.916667	0
	0.172	0.000309917	0.000413223	0.827586	0	6.19835e-05	0.000330579	0.916667	0
	0.173	0.000309917	0.000227273	0.827586	0	2.06612e-05	0.000247934	0.916667	0
	0.174	0.00018595	0.000309917	0.827586	0	4.13223e-05	0.000289256	0.916667	0
	0.175	0.000165289	0.00018595	0.827586	0	2.06612e-05	0.000165289	0.916667	0
	0.176	0.000247934	0.000165289	0.827586	0	0	0.000165289	0.916667	0
	0.177	0.000165289	0.000309917	0.827586	0	2.06612e-05	0.000268595	0.916667	0
	0.178	0.000144628	0.000227273	0.827586	0	4.13223e-05	0.000227273	0.916667	0
	0.179	0.000144628	0.000227273	0.827586	0	2.06612e-05	0.00018595	0.916667	0
	0.18	0.000165289	0.000268595	0.827586	0	0	0.000227273	0.916667	0
	0.181	0.000144628	0.000206612	0.827586	0	0	0.000165289	0.916667	0
	0.182	0.000227273	0.000206612	0.827586	0	4.13223e-05	0.000165289	0.916667	0
	0.183	0.000247934	0.000268595	0.827586	0	2.06612e-05	0.000247934	0.916667	0
	0.184	8.26446e-05	0.000123967	0.827586	0	0	8.26446e-05	0.916667	0
	0.185	0.000123967	0.000227273	0.827586	0	2.06612e-05	0.000165289	0.916667	0
	0.186	0.000103306	0.000206612	0.857143	0	2.06612e-05	0.000289256	0.956522	0
	0.187	0.000103306	0.000268595	0.888889	0	0	0.000206612	1	0
	0.188	4.13223e-05	0.000247934	0.888889	0	0	0.000247934	1	0
	0.189	0.000123967	0.000144628	0.888889	0	0	0.000144628	1	0
	0.19	4.13223e-05	0.00018595	0.888889	0	0	0.000247934	1	0
	0.191	0.000123967	0.000247934	0.888889	0	0	0.000165289	1	0
	0.192	6.19835e-05	0.000165289	0.888889	0	0	0.000206612	1	0
	0.193	4.13223e-05	0.000144628	0.888889	0	0	0.000206612	1	0
	0.194	6.19835e-05	0.000268595	0.888889	0	0	0.000206612	1	0
	0.195	8.26446e-05	0.000144628	0.923077	0	0	0.000144628	1	0
	0.196	4.13223e-05	0.000268595	0.923077	0	0	0.000247934	1	0
	0.197	2.06612e-05	0.000330579	0.923077	0	0	0.000268595	1	0
	0.198	2.06612e-05	0.000227273	0.923077	0	0	0.00018595	1	0
	0.199	6.19835e-05	0.000144628	0.923077	0	0	0.000206612	1	0
	0.2	0	0.000330579	0.884615	0	0	0.000309917	1	0
	0.201	6.19835e-05	0.000309917	0.884615	0	0	0.000330579	1	0
	0.202	2.06612e-05	0.000206612	0.884615	0	0	0.00018595	1	0
	0.203	0	0.000330579	0.884615	0	0	0.000330579	1	0
	0.204	0	0.000165289	0.884615	0	0	0.000144628	1	0
	0.205	2.06612e-05	0.000289256	0.884615	0	0	0.000309917	1	0
	0.206	0	0.000206612	0.884615	0	0	0.00018595	1	0
	0.207	2.06612e-05	0.000227273	0.884615	0	0	0.00018595	1	0
	0.208	6.19835e-05	0.000371901	0.884615	0	0	0.00035124	1	0
	0.209	2.06612e-05	0.000247934	0.884615	0	0	0.00018595	1	0
	0.21	4.13223e-05	0.000289256	0.884615	0	0	0.000247934	1	0
	0.211	4.13223e-05	0.000309917	0.884615	0	0	0.000289256	1	0
	0.212	4.13223e-05	0.000227273	0.884615	0	0	0.000268595	1	0
	0.213	6.19835e-05	0.000227273	0.884615	0	0	0.00018595	1	0
	0.214	0	0.000268595	0.92	0	0	0.000268595	1	0
	0.215	2.06612e-05	0.000309917	0.92	0	0	0.000227273	1	0
	0.216	4.13223e-05	0.000123967	0.958333	0	0	0.000144628	1	0
	0.217	2.06612e-05	0.000227273	0.958333	0	0	0.00018595	1	0
	0.218	0	8.26446e-05	0.958333	0	0	0.000103306	1	0
	0.219	6.19835e-05	0.000268595	0.958333	0	0	0.000268595	1	0
	0.22	0.000123967	0.000227273	0.958333	0	0	0.00018595	1	0
	0.221	6.19835e-05	0.00018595	0.958333	0	0	0.000206612	1	0
	0.222	4.13223e-05	0.000165289	0.958333	0	0	0.000165289	1	0
	0.223	2.06612e-05	0.000123967	0.958333	0	0	0.000123967	1	0
	0.224	2.06612e-05	0.000227273	0.958333	0	0	0.000206612	1	0
	0.225	4.13223e-05	0.000227273	0.958333	0	0	0.000206612	1	0
	0.226	6.19835e-05	8.26446e-05	0.958333	0	0	6.19835e-05	1	0
	0.227	4.13223e-05	0.000227273	0.958333	0	0	0.000227273	1	0
	0.228	4.13223e-05	0.000206612	0.958333	0	0	0.000227273	1	0
	0.229	4.13223e-05	0.000289256	0.958333	0	2.06612e-05	0.000309917	1	0
	0.23	2.06612e-05	0.000247934	0.916667	0	2.06612e-05	0.000247934	0.954545	0
	0.231	0.000123967	0.000309917	0.916667	0	2.06612e-05	0.000289256	0.954545	0
	0.232	6.19835e-05	0.00018595	0.916667	0	0	0.000103306	0.954545	0
	0.233	0.000123967	0.000165289	0.916667	0	6.19835e-05	0.000123967	0.954545	0
	0.234	0.000123967	0.000144628	0.875	0	4.13223e-05	0.000103306	0.909091	0
	0.235	8.26446e-05	0.000165289	0.875	0	0	0.00018595	0.909091	0
	0.236	4.13223e-05	0.00018595	0.875	0	0	0.00018595	0.909091	0
	0.237	6.19835e-05	0.000206612	0.875	0	0	0.000206612	0.909091	0
	0.238	0.000103306	0.000206612	0.875	0	4.13223e-05	0.00018595	0.909091	0
	0.239	6.19835e-05	0.000268595	0.875	0	2.06612e-05	0.000227273	0.909091	0
	0.24	4.13223e-05	0.000165289	0.875	0	0	0.000123967	0.909091	0
	0.241	0.000123967	0.000144628	0.875	0	0.000103306	0.000103306	0.909091	0
	0.242	0.000165289	0.00018595	0.875	0	6.19835e-05	0.000165289	0.909091	0
	0.243	4.13223e-05	0.000103306	0.875	0	2.06612e-05	0.000123967	0.909091	0
	0.244	8.26446e-05	0.000144628	0.875	0	6.19835e-05	0.000123967	0.909091	0
	0.245	0.000144628	0.000165289	0.875	0	6.19835e-05	0.000144628	0.909091	0
	0.246	2.06612e-05	0.000144628	0.875	0	2.06612e-05	0.000144628	0.909091	0
	0.247	0.000103306	0.000165289	0.875	0	8.26446e-05	0.00018595	0.909091	0
	0.248	6.19835e-05	0.000103306	0.875	0	6.19835e-05	8.26446e-05	0.909091	0
	0.249	4.13223e-05	0.000123967	0.875	0	2.06612e-05	0.000123967	0.909091	0
	0.25	0.000123967	0.000123967	0.875	0	8.26446e-05	0.000123967	0.909091	0
	0.251	8.26446e-05	0.000123967	0.875	0	6.19835e-05	0.000123967	0.909091	0
	0.252	0.000144628	8.26446e-05	0.875	0	0.000103306	6.19835e-05	0.909091	0
	0.253	8.26446e-05	0.00018595	0.875	0	4.13223e-05	0.000123967	0.909091	0
	0.254	0.000144628	0.00018595	0.875	0	0.000123967	0.00018595	0.909091	0
	0.255	0.000123967	0.000103306	0.875	0	0.000123967	0.000103306	0.909091	0
	0.256	0.000123967	0.000144628	0.875	0	0.000103306	0.000144628	0.909091	0
	0.257	0.000123967	6.19835e-05	0.875	0	8.26446e-05	6.19835e-05	0.909091	0
	0.258	2.06612e-05	0.000123967	0.875	0	2.06612e-05	0.000165289	0.909091	0
	0.259	8.26446e-05	0.000103306	0.875	0	8.26446e-05	0.000103306	0.909091	0
	0.26	4.13223e-05	0.000165289	0.875	0	4.13223e-05	0.000165289	0.909091	0
	0.261	8.26446e-05	8.26446e-05	0.875	0	8.26446e-05	4.13223e-05	0.909091	0
	0.262	0.000103306	0.000227273	0.875	0	6.19835e-05	0.000247934	0.909091	0
	0.263	0.000123967	0.000247934	0.875	0	0.000123967	0.000227273	0.909091	0
	0.264	6.19835e-05	0.000206612	0.875	0	6.19835e-05	0.00018595	0.909091	0
	0.265	0.000103306	0.000227273	0.875	0	0.000103306	0.000206612	0.909091	0
	0.266	0.000123967	0.000247934	0.875	0	0.000123967	0.000247934	0.909091	0
	0.267	0.000103306	0.000144628	0.875	0	8.26446e-05	0.000123967	0.909091	0
	0.268	0.000103306	0.00018595	0.913043	0	0.000103306	0.00018595	0.909091	0
	0.269	8.26446e-05	0.00018595	0.913043	0	8.26446e-05	0.00018595	0.909091	0
	0.27	4.13223e-05	0.000289256	0.913043	0	4.13223e-05	0.000247934	0.909091	0
	0.271	8.26446e-05	8.26446e-05	0.913043	0	8.26446e-05	6.19835e-05	0.909091	0
	0.272	6.19835e-05	0.000144628	0.913043	0	6.19835e-05	0.000103306	0.909091	0
	0.273	2.06612e-05	0.000103306	0.913043	0	2.06612e-05	0.000103306	0.909091	0
	0.274	8.26446e-05	0.000103306	0.913043	0	8.26446e-05	0.000144628	0.909091	0
	0.275	0.000123967	0.00018595	0.913043	0	0.000123967	0.000144628	0.909091	0
	0.276	0.000103306	0.000103306	0.913043	0	0.000103306	0.000103306	0.909091	0
	0.277	6.19835e-05	2.06612e-05	0.913043	0	6.19835e-05	6.19835e-05	0.909091	0
	0.278	0.000103306	0.000227273	0.913043	0	0.000103306	0.000165289	0.909091	0
	0.279	0	0.000144628	0.913043	0	0	0.000144628	0.909091	0
	0.28	4.13223e-05	0.00018595	0.913043	0	4.13223e-05	0.000144628	0.909091	0
	0.281	0.000103306	0.000144628	0.913043	0	0.000103306	8.26446e-05	0.909091	0
	0.282	6.19835e-05	0.00018595	0.913043	0	6.19835e-05	0.000206612	0.909091	0
	0.283	4.13223e-05	0.000144628	0.913043	0	4.13223e-05	0.000123967	0.909091	0
	0.284	0.000103306	0.000165289	0.913043	0	0.000103306	0.000144628	0.909091	0
	0.285	0.000103306	0.000144628	0.913043	0	0.000103306	0.000165289	0.909091	0
	0.286	6.19835e-05	0.000247934	0.913043	0	6.19835e-05	0.000247934	0.909091	0
	0.287	4.13223e-05	0.000144628	0.913043	0	4.13223e-05	0.000144628	0.909091	0
	0.288	8.26446e-05	4.13223e-05	0.913043	0	8.26446e-05	6.19835e-05	0.909091	0
	0.289	0	0.000165289	0.913043	0	0	0.000123967	0.909091	0
	0.29	0	0.000123967	0.913043	0	0	0.000123967	0.909091	0
	0.291	4.13223e-05	2.06612e-05	0.913043	0	4.13223e-05	8.26446e-05	0.909091	0
	0.292	2.06612e-05	8.26446e-05	0.869565	0	2.06612e-05	6.19835e-05	0.863636	0
	0.293	0	0.000206612	0.869565	0	0	0.000144628	0.863636	0
	0.294	0	8.26446e-05	0.869565	0	0	4.13223e-05	0.863636	0
	0.295	4.13223e-05	0.000165289	0.869565	0	4.13223e-05	0.000165289	0.863636	0
	0.296	8.26446e-05	0.000103306	0.869565	0	8.26446e-05	0.000103306	0.863636	0
	0.297	4.13223e-05	0.000165289	0.869565	0	4.13223e-05	0.00018595	0.863636	0
	0.298	6.19835e-05	0.000247934	0.869565	0	6.19835e-05	0.000206612	0.863636	0
	0.299	2.06612e-05	0.000206612	0.869565	0	2.06612e-05	0.000227273	0.863636	0
	0.3	0	6.19835e-05	0.869565	0	0	6.19835e-05	0.863636	0
	0.301	0	0.000103306	0.869565	0	0	8.26446e-05	0.863636	0
	0.302	8.26446e-05	0.000165289	0.869565	0	8.26446e-05	0.000165289	0.863636	0
	0.303	2.06612e-05	0.000103306	0.869565	0	2.06612e-05	0.000103306	0.863636	0
	0.304	8.26446e-05	0.00018595	0.869565	0	8.26446e-05	0.00018595	0.863636	0
	0.305	0	0.000103306	0.826087	0	0	0.000103306	0.818182	0
	0.306	2.06612e-05	8.26446e-05	0.826087	0	2.06612e-05	6.19835e-05	0.818182	0
	0.307	0	4.13223e-05	0.826087	0	0	4.13223e-05	0.818182	0
	0.308	4.13223e-05	0.000165289	0.826087	0	4.13223e-05	0.000144628	0.818182	0
	0.309	6.19835e-05	0.000206612	0.826087	0	6.19835e-05	0.000206612	0.818182	0
	0.31	0.00018595	0.000165289	0.863636	0	0.00018595	0.000123967	0.857143	0
	0.311	6.19835e-05	0.000165289	0.904762	0	6.19835e-05	0.00018595	0.9	0
	0.312	6.19835e-05	0.000103306	0.904762	0	6.19835e-05	8.26446e-05	0.9	0
	0.313	0	0.000206612	0.904762	0	0	0.000206612	0.9	0
	0.314	8.26446e-05	0.000144628	0.904762	0	8.26446e-05	0.000165289	0.9	0
	0.315	0	0.000103306	0.904762	0	0	8.26446e-05	0.9	0
	0.316	0.000103306	0.000103306	0.904762	0	0.000103306	0.000144628	0.9	0
	0.317	2.06612e-05	6.19835e-05	0.904762	0	2.06612e-05	4.13223e-05	0.9	0
	0.318	0.000144628	6.19835e-05	0.904762	0	0.000144628	4.13223e-05	0.9	0
	0.319	0.000103306	0.000144628	0.904762	0	0.000103306	0.000144628	0.9	0
	0.32	6.19835e-05	0.000206612	0.904762	0	6.19835e-05	0.000165289	0.9	0
	0.321	2.06612e-05	0.000206612	0.904762	0	2.06612e-05	0.000206612	0.9	0
	0.322	8.26446e-05	0.000165289	0.904762	0	8.26446e-05	0.000165289	0.9	0
	0.323	0	0.00018595	0.904762	0	0	0.000165289	0.9	0
	0.324	8.26446e-05	0.000144628	0.904762	0	8.26446e-05	0.000144628	0.9	0
	0.325	0.000144628	0.000103306	0.904762	0	0.000144628	8.26446e-05	0.9	0
	0.326	0.000123967	0.00018595	0.904762	0	0.000123967	0.00018595	0.9	0
	0.327	0.000165289	0.000144628	0.904762	0	0.000165289	0.000165289	0.9	0
	0.328	2.06612e-05	0.000144628	0.904762	0	2.06612e-05	0.000165289	0.9	0
	0.329	2.06612e-05	0.000206612	0.904762	0	2.06612e-05	0.000227273	0.9	0
	0.33	0.000103306	0.000247934	0.904762	0	0.000103306	0.000206612	0.9	0
	0.331	0.000144628	0.00018595	0.904762	0	0.000144628	0.00018595	0.9	0
	0.332	8.26446e-05	0.000103306	0.904762	0	8.26446e-05	8.26446e-05	0.9	0
	0.333	0.000144628	0.000144628	0.904762	0	0.000144628	0.000165289	0.9	0
	0.334	8.26446e-05	4.13223e-05	0.904762	0	8.26446e-05	2.06612e-05	0.9	0
	0.335	8.26446e-05	0.000103306	0.904762	0	8.26446e-05	0.000123967	0.9	0
	0.336	0.000123967	8.26446e-05	0.904762	0	0.000123967	0.000123967	0.9	0
	0.337	6.19835e-05	4.13223e-05	0.904762	0	6.19835e-05	4.13223e-05	0.9	0
	0.338	8.26446e-05	6.19835e-05	0.904762	0	8.26446e-05	8.26446e-05	0.9	0
	0.339	6.19835e-05	4.13223e-05	0.904762	0	6.19835e-05	2.06612e-05	0.9	0
	0.34	6.19835e-05	8.26446e-05	0.904762	0	6.19835e-05	0.000103306	0.9	0
	0.341	6.19835e-05	0.000165289	0.904762	0	6.19835e-05	0.000144628	0.9	0
	0.342	8.26446e-05	6.19835e-05	0.904762	0	8.26446e-05	8.26446e-05	0.9	0
	0.343	0.000103306	0.000103306	0.904762	0	0.000103306	8.26446e-05	0.9	0
	0.344	6.19835e-05	0.000123967	0.904762	0	6.19835e-05	0.000103306	0.9	0
	0.345	8.26446e-05	8.26446e-05	0.904762	0	8.26446e-05	0.000103306	0.9	0
	0.346	0.000144628	8.26446e-05	0.904762	0	0.000144628	6.19835e-05	0.9	0
	0.347	6.19835e-05	0.000123967	0.904762	0	6.19835e-05	8.26446e-05	0.9	0
	0.348	0.000103306	8.26446e-05	0.904762	0	0.000103306	6.19835e-05	0.9	0
	0.349	4.13223e-05	0.000123967	0.904762	0	4.13223e-05	0.000123967	0.9	0
	0.35	4.13223e-05	6.19835e-05	0.904762	0	4.13223e-05	8.26446e-05	0.9	0
	0.351	2.06612e-05	0.000103306	0.904762	0	2.06612e-05	0.000103306	0.9	0
	0.352	4.13223e-05	0.000103306	0.904762	0	4.13223e-05	0.000123967	0.9	0
	0.353	2.06612e-05	4.13223e-05	0.904762	0	2.06612e-05	4.13223e-05	0.9	0
	0.354	4.13223e-05	0.000103306	0.904762	0	4.13223e-05	4.13223e-05	0.9	0
	0.355	0.000103306	8.26446e-05	0.95	0	0.000103306	8.26446e-05	0.947368	0
	0.356	4.13223e-05	0	0.95	0	4.13223e-05	2.06612e-05	0.947368	0
	0.357	4.13223e-05	0.000103306	0.95	0	4.13223e-05	0.000123967	0.947368	0
	0.358	2.06612e-05	6.19835e-05	0.95	0	2.06612e-05	6.19835e-05	0.947368	0
	0.359	4.13223e-05	0.000123967	0.95	0	4.13223e-05	0.000103306	0.947368	0
	0.36	4.13223e-05	0	0.95	0	4.13223e-05	0	0.947368	0
	0.361	2.06612e-05	6.19835e-05	0.9	0	2.06612e-05	8.26446e-05	0.894737	0
	0.362	2.06612e-05	6.19835e-05	0.9	0	2.06612e-05	6.19835e-05	0.894737	0
	0.363	6.19835e-05	0.000103306	0.9	0	6.19835e-05	8.26446e-05	0.894737	0
	0.364	2.06612e-05	8.26446e-05	0.9	0	2.06612e-05	6.19835e-05	0.894737	0
	0.365	0	0.000144628	0.9	0	0	0.000165289	0.894737	0
	0.366	6.19835e-05	0.000165289	0.9	0	6.19835e-05	0.000123967	0.894737	0
	0.367	2.06612e-05	8.26446e-05	0.9	0	2.06612e-05	4.13223e-05	0.894737	0
	0.368	2.06612e-05	8.26446e-05	0.9	0	2.06612e-05	6.19835e-05	0.894737	0
	0.369	0	6.19835e-05	0.9	0	0	6.19835e-05	0.894737	0
	0.37	0	0.000123967	0.9	0	0	0.000123967	0.894737	0
	0.371	2.06612e-05	0.000123967	0.9	0	2.06612e-05	0.000123967	0.894737	0
	0.372	0	0.000144628	0.9	0	0	0.000144628	0.894737	0
	0.373	0.000103306	8.26446e-05	0.9	0	0.000103306	8.26446e-05	0.894737	0
	0.374	0	0.000206612	0.9	0	0	0.000227273	0.894737	0
	0.375	2.06612e-05	6.19835e-05	0.9	0	2.06612e-05	4.13223e-05	0.894737	0
	0.376	4.13223e-05	8.26446e-05	0.9	0	4.13223e-05	8.26446e-05	0.894737	0
	0.377	0	4.13223e-05	0.9	0	0	6.19835e-05	0.894737	0
	0.378	4.13223e-05	6.19835e-05	0.9	0	4.13223e-05	4.13223e-05	0.894737	0
	0.379	6.19835e-05	4.13223e-05	0.9	0	6.19835e-05	4.13223e-05	0.894737	0
	0.38	8.26446e-05	8.26446e-05	0.9	0	8.26446e-05	8.26446e-05	0.894737	0
	0.381	2.06612e-05	0.000103306	0.947368	0	2.06612e-05	0.000123967	0.944444	0
	0.382	4.13223e-05	2.06612e-05	0.947368	0	4.13223e-05	4.13223e-05	0.944444	0
	0.383	2.06612e-05	4.13223e-05	0.947368	0	2.06612e-05	4.13223e-05	0.944444	0
	0.384	4.13223e-05	0.000144628	0.947368	0	4.13223e-05	0.000103306	0.944444	0
	0.385	2.06612e-05	8.26446e-05	0.947368	0	2.06612e-05	8.26446e-05	0.944444	0
	0.386	2.06612e-05	6.19835e-05	0.947368	0	2.06612e-05	6.19835e-05	0.944444	0
	0.387	4.13223e-05	6.19835e-05	0.947368	0	4.13223e-05	4.13223e-05	0.944444	0
	0.388	4.13223e-05	8.26446e-05	0.947368	0	4.13223e-05	0.000103306	0.944444	0
	0.389	6.19835e-05	0.000123967	0.947368	0	6.19835e-05	0.000123967	0.944444	0
	0.39	2.06612e-05	4.13223e-05	0.947368	0	2.06612e-05	4.13223e-05	0.944444	0
	0.391	0.000103306	6.19835e-05	0.947368	0	0.000103306	6.19835e-05	0.944444	0
	0.392	0	0	0.947368	0	0	0	0.944444	0
	0.393	6.19835e-05	6.19835e-05	0.947368	0	6.19835e-05	6.19835e-05	0.944444	0
	0.394	6.19835e-05	0.000103306	0.947368	0	6.19835e-05	8.26446e-05	0.944444	0
	0.395	2.06612e-05	6.19835e-05	0.947368	0	2.06612e-05	0.000103306	0.944444	0
	0.396	4.13223e-05	0.000144628	0.947368	0	4.13223e-05	0.000123967	0.944444	0
	0.397	8.26446e-05	0.000144628	0.947368	0	6.19835e-05	0.000123967	0.944444	0
	0.398	4.13223e-05	8.26446e-05	0.894737	0	4.13223e-05	0.000103306	0.944444	0
	0.399	4.13223e-05	4.13223e-05	0.894737	0	4.13223e-05	4.13223e-05	0.944444	0
	0.4	8.26446e-05	6.19835e-05	0.894737	0	6.19835e-05	6.19835e-05	0.944444	0
	0.401	8.26446e-05	8.26446e-05	0.894737	0	8.26446e-05	8.26446e-05	0.944444	0
	0.402	2.06612e-05	4.13223e-05	0.894737	0	2.06612e-05	4.13223e-05	0.944444	0
	0.403	4.13223e-05	4.13223e-05	0.894737	0	4.13223e-05	4.13223e-05	0.944444	0
	0.404	4.13223e-05	6.19835e-05	0.894737	0	2.06612e-05	8.26446e-05	0.944444	0
	0.405	4.13223e-05	0.00018595	0.894737	0	2.06612e-05	0.000165289	0.944444	0
	0.406	6.19835e-05	0.000103306	0.894737	0	4.13223e-05	8.26446e-05	0.944444	0
	0.407	0	4.13223e-05	0.894737	0	0	4.13223e-05	0.944444	0
	0.408	6.19835e-05	0.000123967	0.894737	0	6.19835e-05	0.000165289	0.944444	0
	0.409	0	0.000123967	0.894737	0	0	6.19835e-05	0.944444	0
	0.41	0	0.000103306	0.894737	0	0	8.26446e-05	0.944444	0
	0.411	0.000123967	0	0.894737	0	8.26446e-05	0	0.944444	0
	0.412	8.26446e-05	8.26446e-05	0.894737	0	8.26446e-05	8.26446e-05	0.944444	0
	0.413	4.13223e-05	0	0.894737	0	2.06612e-05	2.06612e-05	0.944444	0
	0.414	0	2.06612e-05	0.894737	0	0	2.06612e-05	0.944444	0
	0.415	6.19835e-05	4.13223e-05	0.894737	0	2.06612e-05	4.13223e-05	0.944444	0
	0.416	8.26446e-05	0.000123967	0.894737	0	6.19835e-05	0.000103306	0.944444	0
	0.417	0.000123967	4.13223e-05	0.894737	0	8.26446e-05	4.13223e-05	0.944444	0
	0.418	4.13223e-05	8.26446e-05	0.894737	0	2.06612e-05	8.26446e-05	0.944444	0
	0.419	8.26446e-05	2.06612e-05	0.894737	0	2.06612e-05	2.06612e-05	0.944444	0
	0.42	2.06612e-05	4.13223e-05	0.894737	0	0	0	0.944444	0
	0.421	0	6.19835e-05	0.894737	0	0	8.26446e-05	0.944444	0
	0.422	4.13223e-05	2.06612e-05	0.894737	0	0	2.06612e-05	0.944444	0
	0.423	0.000103306	6.19835e-05	0.894737	0	2.06612e-05	6.19835e-05	0.944444	0
	0.424	6.19835e-05	0.000103306	0.894737	0	0	0.000103306	0.944444	0
	0.425	4.13223e-05	4.13223e-05	0.894737	0	2.06612e-05	4.13223e-05	0.944444	0
	0.426	6.19835e-05	4.13223e-05	0.894737	0	0	2.06612e-05	0.944444	0
	0.427	2.06612e-05	0	0.894737	0	2.06612e-05	0	0.944444	0
	0.428	0.000103306	6.19835e-05	0.894737	0	0	8.26446e-05	0.944444	0
	0.429	0.000206612	4.13223e-05	0.894737	0	6.19835e-05	4.13223e-05	0.944444	0
	0.43	8.26446e-05	4.13223e-05	0.894737	0	2.06612e-05	2.06612e-05	0.944444	0
	0.431	2.06612e-05	4.13223e-05	0.944444	0	0	6.19835e-05	1	0
	0.432	0.000103306	6.19835e-05	0.944444	0	0	8.26446e-05	1	0
	0.433	4.13223e-05	2.06612e-05	0.944444	0	0	2.06612e-05	1	0
	0.434	6.19835e-05	0.000123967	0.944444	0	0	0.000123967	1	0
	0.435	2.06612e-05	4.13223e-05	0.944444	0	0	2.06612e-05	1	0
	0.436	4.13223e-05	0.000123967	0.944444	0	0	0.000123967	1	0
	0.437	6.19835e-05	2.06612e-05	0.944444	0	0	2.06612e-05	1	0
	0.438	6.19835e-05	0	0.944444	0	0	0	1	0
	0.439	6.19835e-05	8.26446e-05	0.944444	0	0	0.000103306	1	0
	0.44	2.06612e-05	6.19835e-05	0.944444	0	0	4.13223e-05	1	0
	0.441	4.13223e-05	4.13223e-05	0.944444	0	0	4.13223e-05	1	0
	0.442	4.13223e-05	4.13223e-05	0.944444	0	0	4.13223e-05	1	0
	0.443	0	4.13223e-05	0.944444	0	0	4.13223e-05	1	0
	0.444	6.19835e-05	4.13223e-05	0.944444	0	0	4.13223e-05	1	0
	0.445	2.06612e-05	4.13223e-05	0.944444	0	0	4.13223e-05	1	0
	0.446	6.19835e-05	6.19835e-05	0.944444	0	0	6.19835e-05	1	0
	0.447	0	0	0.944444	0	0	0	1	0
	0.448	2.06612e-05	6.19835e-05	0.944444	0	0	6.19835e-05	1	0
	0.449	2.06612e-05	4.13223e-05	0.944444	0	0	4.13223e-05	1	0
	0.45	4.13223e-05	6.19835e-05	0.944444	0	0	2.06612e-05	1	0
	0.451	2.06612e-05	6.19835e-05	0.944444	0	0	6.19835e-05	1	0
	0.452	2.06612e-05	8.26446e-05	0.944444	0	0	8.26446e-05	1	0
	0.453	2.06612e-05	2.06612e-05	0.944444	0	0	2.06612e-05	1	0
	0.454	0	4.13223e-05	0.944444	0	0	6.19835e-05	1	0
	0.455	0	0	0.944444	0	0	0	1	0
	0.456	0	4.13223e-05	0.944444	0	0	4.13223e-05	1	0
	0.457	4.13223e-05	8.26446e-05	0.944444	0	0	8.26446e-05	1	0
	0.458	4.13223e-05	6.19835e-05	0.944444	0	0	6.19835e-05	1	0
	0.459	4.13223e-05	6.19835e-05	0.944444	0	0	6.19835e-05	1	0
	0.46	2.06612e-05	8.26446e-05	0.944444	0	0	8.26446e-05	1	0
	0.461	0	8.26446e-05	0.944444	0	0	0.000103306	1	0
	0.462	2.06612e-05	2.06612e-05	0.944444	0	0	2.06612e-05	1	0
	0.463	0	0.000103306	0.944444	0	0	8.26446e-05	1	0
	0.464	0	0.000123967	0.944444	0	0	0.000165289	1	0
	0.465	0	8.26446e-05	0.944444	0	0	6.19835e-05	1	0
	0.466	0	0.000103306	0.944444	0	0	0.000144628	1	0
	0.467	2.06612e-05	8.26446e-05	0.944444	0	0	6.19835e-05	1	0
	0.468	2.06612e-05	0.000103306	0.944444	0	0	0.000103306	1	0
	0.469	2.06612e-05	2.06612e-05	0.944444	0	0	2.06612e-05	1	0
	0.47	0	2.06612e-05	0.944444	0	0	2.06612e-05	1	0
	0.471	0	8.26446e-05	0.944444	0	0	6.19835e-05	1	0
	0.472	2.06612e-05	8.26446e-05	0.944444	0	0	0.000103306	1	0
	0.473	0	0.000103306	1	0	0	6.19835e-05	1	0
	0.474	0	6.19835e-05	1	0	0	6.19835e-05	1	0
	0.475	0	0.000123967	1	0	0	0.000123967	1	0
	0.476	0	2.06612e-05	1	0	0	2.06612e-05	1	0
	0.477	0	2.06612e-05	1	0	0	4.13223e-05	1	0
	0.478	0	4.13223e-05	1	0	0	0	1	0
	0.479	0	6.19835e-05	1	0	0	4.13223e-05	1	0
	0.48	0	2.06612e-05	1	0	0	2.06612e-05	1	0
	0.481	0	8.26446e-05	1	0	0	0.000103306	1	0
	0.482	0	8.26446e-05	1	0	0	0.000103306	1	0
	0.483	0	8.26446e-05	1	0	0	6.19835e-05	1	0
	0.484	0	2.06612e-05	1	0	0	2.06612e-05	1	0
	0.485	0	2.06612e-05	1	0	0	2.06612e-05	1	0
	0.486	0	4.13223e-05	1	0	0	4.13223e-05	1	0
	0.487	0	2.06612e-05	1	0	0	2.06612e-05	1	0
	0.488	0	6.19835e-05	1	0	0	6.19835e-05	1	0
	0.489	0	8.26446e-05	1	0	0	0.000103306	1	0
	0.49	0	2.06612e-05	1	0	0	2.06612e-05	1	0
	0.491	0	2.06612e-05	1	0	0	4.13223e-05	1	0
	0.492	0	8.26446e-05	1	0	0	8.26446e-05	1	0
	0.493	0	8.26446e-05	1	0	0	6.19835e-05	1	0
	0.494	0	6.19835e-05	1	0	0	6.19835e-05	1	0
	0.495	0	8.26446e-05	1	0	0	8.26446e-05	1	0
	0.496	0	6.19835e-05	1	0	0	6.19835e-05	1	0
	0.497	0	2.06612e-05	1	0	0	4.13223e-05	1	0
	0.498	0	6.19835e-05	1	0	0	6.19835e-05	1	0
	0.499	0	6.19835e-05	1	0	0	2.06612e-05	1	0
	0.5	0	6.19835e-05	1	0	0	6.19835e-05	1	0
	0.501	0	0.000144628	1	0	0	0.000165289	1	0
	0.502	0	2.06612e-05	1	0	0	4.13223e-05	1	0
	0.503	0	6.19835e-05	1	0	0	4.13223e-05	1	0
	0.504	0	8.26446e-05	1	0	0	6.19835e-05	1	0
	0.505	2.06612e-05	2.06612e-05	1	0	2.06612e-05	2.06612e-05	1	0
	0.506	0	2.06612e-05	0.941176	0	0	2.06612e-05	0.941176	0
	0.507	0	8.26446e-05	0.941176	0	0	6.19835e-05	0.941176	0
	0.508	0	2.06612e-05	0.941176	0	0	2.06612e-05	0.941176	0
	0.509	0	4.13223e-05	0.941176	0	0	4.13223e-05	0.941176	0
	0.51	0	6.19835e-05	0.941176	0	0	6.19835e-05	0.941176	0
	0.511	2.06612e-05	4.13223e-05	0.941176	0	2.06612e-05	4.13223e-05	0.941176	0
	0.512	0	8.26446e-05	0.941176	0	0	0.000103306	0.941176	0
	0.513	0	0.000103306	0.941176	0	0	8.26446e-05	0.941176	0
	0.514	0	6.19835e-05	0.941176	0	0	6.19835e-05	0.941176	0
	0.515	0	2.06612e-05	0.941176	0	0	2.06612e-05	0.941176	0
	0.516	0	6.19835e-05	0.941176	0	0	8.26446e-05	0.941176	0
	0.517	0	2.06612e-05	0.941176	0	0	2.06612e-05	0.941176	0
	0.518	0	6.19835e-05	0.941176	0	0	6.19835e-05	0.941176	0
	0.519	0	8.26446e-05	0.941176	0	0	0.000103306	0.941176	0
	0.52	0	6.19835e-05	0.941176	0	0	4.13223e-05	0.941176	0
	0.521	0	2.06612e-05	0.941176	0	0	4.13223e-05	0.941176	0
	0.522	0	2.06612e-05	0.941176	0	0	0	0.941176	0
	0.523	0	4.13223e-05	0.941176	0	0	2.06612e-05	0.941176	0
	0.524	0	2.06612e-05	0.941176	0	0	2.06612e-05	0.941176	0
	0.525	0	8.26446e-05	0.941176	0	0	0.000103306	0.941176	0
	0.526	0	0	0.941176	0	0	2.06612e-05	0.941176	0
	0.527	0	0.000123967	0.941176	0	0	8.26446e-05	0.941176	0
	0.528	2.06612e-05	2.06612e-05	0.941176	0	2.06612e-05	2.06612e-05	0.941176	0
	0.529	0	4.13223e-05	0.941176	0	0	6.19835e-05	0.941176	0
	0.53	0	8.26446e-05	0.941176	0	0	8.26446e-05	0.941176	0
	0.531	0	0.000123967	0.941176	0	0	0.000103306	0.941176	0
	0.532	2.06612e-05	8.26446e-05	0.941176	0	2.06612e-05	0.000103306	0.941176	0
	0.533	4.13223e-05	6.19835e-05	0.941176	0	4.13223e-05	8.26446e-05	0.941176	0
	0.534	2.06612e-05	8.26446e-05	0.941176	0	2.06612e-05	4.13223e-05	0.941176	0
	0.535	8.26446e-05	6.19835e-05	0.941176	0	8.26446e-05	6.19835e-05	0.941176	0
	0.536	2.06612e-05	0.000103306	0.941176	0	2.06612e-05	8.26446e-05	0.941176	0
	0.537	6.19835e-05	4.13223e-05	0.941176	0	6.19835e-05	4.13223e-05	0.941176	0
	0.538	4.13223e-05	0	0.941176	0	4.13223e-05	2.06612e-05	0.941176	0
	0.539	2.06612e-05	0.000103306	0.941176	0	2.06612e-05	8.26446e-05	0.941176	0
	0.54	0	6.19835e-05	0.941176	0	0	6.19835e-05	0.941176	0
	0.541	2.06612e-05	6.19835e-05	0.941176	0	2.06612e-05	6.19835e-05	0.941176	0
	0.542	6.19835e-05	0.000103306	0.941176	0	6.19835e-05	0.000103306	0.941176	0
	0.543	2.06612e-05	0.000103306	0.941176	0	2.06612e-05	0.000103306	0.941176	0
	0.544	2.06612e-05	6.19835e-05	0.941176	0	2.06612e-05	8.26446e-05	0.941176	0
	0.545	0.000103306	8.26446e-05	0.941176	0	0.000103306	0.000103306	0.941176	0
	0.546	6.19835e-05	0.000123967	0.941176	0	6.19835e-05	0.000103306	0.941176	0
	0.547	0	0.000103306	0.941176	0	0	0.000103306	0.941176	0
	0.548	2.06612e-05	2.06612e-05	0.941176	0	2.06612e-05	2.06612e-05	0.941176	0
	0.549	4.13223e-05	8.26446e-05	0.941176	0	4.13223e-05	0.000103306	0.941176	0
	0.55	6.19835e-05	8.26446e-05	0.941176	0	6.19835e-05	0.000103306	0.941176	0
	0.551	2.06612e-05	6.19835e-05	0.941176	0	2.06612e-05	6.19835e-05	0.941176	0
	0.552	0.000103306	0.000123967	0.941176	0	0.000103306	0.000123967	0.941176	0
	0.553	0.000123967	0	0.941176	0	0.000123967	0	0.941176	0
	0.554	2.06612e-05	6.19835e-05	0.941176	0	2.06612e-05	4.13223e-05	0.941176	0
	0.555	2.06612e-05	0.000123967	0.941176	0	2.06612e-05	0.000123967	0.941176	0
	0.556	2.06612e-05	4.13223e-05	0.941176	0	2.06612e-05	6.19835e-05	0.941176	0
	0.557	6.19835e-05	0.000103306	0.941176	0	6.19835e-05	0.000123967	0.941176	0
	0.558	2.06612e-05	4.13223e-05	0.941176	0	2.06612e-05	2.06612e-05	0.941176	0
	0.559	6.19835e-05	4.13223e-05	0.941176	0	6.19835e-05	2.06612e-05	0.941176	0
	0.56	2.06612e-05	6.19835e-05	0.941176	0	2.06612e-05	8.26446e-05	0.941176	0
	0.561	6.19835e-05	0.000103306	0.941176	0	6.19835e-05	8.26446e-05	0.941176	0
	0.562	4.13223e-05	4.13223e-05	0.941176	0	4.13223e-05	4.13223e-05	0.941176	0
	0.563	0	0.000103306	0.941176	0	0	0.000103306	0.941176	0
	0.564	6.19835e-05	4.13223e-05	0.941176	0	6.19835e-05	6.19835e-05	0.941176	0
	0.565	2.06612e-05	8.26446e-05	0.941176	0	2.06612e-05	8.26446e-05	0.941176	0
	0.566	6.19835e-05	4.13223e-05	0.941176	0	6.19835e-05	4.13223e-05	0.941176	0
	0.567	6.19835e-05	6.19835e-05	0.941176	0	6.19835e-05	6.19835e-05	0.941176	0
	0.568	2.06612e-05	2.06612e-05	0.941176	0	2.06612e-05	6.19835e-05	0.941176	0
	0.569	4.13223e-05	0.00018595	0.941176	0	4.13223e-05	0.000165289	0.941176	0
	0.57	4.13223e-05	0.000165289	0.941176	0	4.13223e-05	0.000165289	0.941176	0
	0.571	4.13223e-05	8.26446e-05	0.941176	0	4.13223e-05	8.26446e-05	0.941176	0
	0.572	4.13223e-05	0.000103306	0.941176	0	4.13223e-05	8.26446e-05	0.941176	0
	0.573	8.26446e-05	6.19835e-05	0.941176	0	8.26446e-05	6.19835e-05	0.941176	0
	0.574	2.06612e-05	4.13223e-05	0.941176	0	2.06612e-05	4.13223e-05	0.941176	0
	0.575	2.06612e-05	0.000144628	0.941176	0	2.06612e-05	0.000144628	0.941176	0
	0.576	2.06612e-05	0.000165289	0.941176	0	2.06612e-05	0.000165289	0.941176	0
	0.577	0	6.19835e-05	0.941176	0	0	8.26446e-05	0.941176	0
	0.578	2.06612e-05	0.000144628	0.941176	0	2.06612e-05	0.000206612	0.941176	0
	0.579	2.06612e-05	0.000144628	0.941176	0	2.06612e-05	0.000103306	0.941176	0
	0.58	2.06612e-05	0.000144628	0.941176	0	2.06612e-05	0.000123967	0.941176	0
	0.581	0	0.00018595	0.941176	0	0	0.000289256	0.941176	0
	0.582	0	0.000144628	0.941176	0	0	8.26446e-05	0.941176	0
	0.583	4.13223e-05	0.000144628	0.941176	0	4.13223e-05	0.000144628	0.941176	0
	0.584	2.06612e-05	0.000144628	0.941176	0	2.06612e-05	0.000206612	0.941176	0
	0.585	0	0.000165289	0.941176	0	0	0.000206612	0.941176	0
	0.586	0	0.000165289	0.941176	0	0	0.000103306	0.941176	0
	0.587	2.06612e-05	0.000206612	0.941176	0	2.06612e-05	0.00018595	0.941176	0
	0.588	0	0.000144628	0.941176	0	0	0.00018595	0.941176	0
	0.589	0	0.000206612	0.941176	0	0	0.000227273	0.941176	0
	0.59	0	8.26446e-05	0.941176	0	0	8.26446e-05	0.941176	0
	0.591	0	0.000330579	0.941176	0	2.06612e-05	0.000289256	0.941176	0
	0.592	0	0.000330579	0.941176	0	0	0.000289256	0.882353	0
	0.593	0	0.000289256	0.941176	0	0	0.00035124	0.882353	0
	0.594	0	0.000268595	0.941176	0	0	0.000289256	0.882353	0
	0.595	0	0.000206612	0.941176	0	4.13223e-05	0.00018595	0.882353	0
	0.596	0	0.000123967	0.941176	0	2.06612e-05	0.000123967	0.882353	0
	0.597	0	0.000206612	0.941176	0	0	0.000206612	0.882353	0
	0.598	2.06612e-05	0.000289256	0.941176	0	4.13223e-05	0.000247934	0.882353	0
	0.599	0	0.000165289	1	0	2.06612e-05	0.00018595	0.9375	0
	0.6	0	0.000413223	1	0	2.06612e-05	0.000495868	0.9375	0
	0.601	0	0.000206612	1	0	0	0.00018595	0.9375	0
	0.602	0	0.000165289	1	0	2.06612e-05	0.00018595	0.9375	0
	0.603	0	0.00018595	1	0	2.06612e-05	0.00018595	0.9375	0
	0.604	0	0.000206612	1	0	0	0.00018595	0.9375	0
	0.605	0	0.000309917	1	0	0	0.000309917	0.9375	0
	0.606	0	0.000309917	1	0	6.19835e-05	0.000289256	0.9375	0
	0.607	0	0.000268595	1	0	2.06612e-05	0.000247934	0.9375	0
	0.608	0	0.000227273	1	0	2.06612e-05	0.000289256	0.9375	0
	0.609	0	0.000206612	1	0	4.13223e-05	0.000227273	0.9375	0
	0.61	0	0.000247934	1	0	0	0.000268595	0.9375	0
	0.611	0	0.00018595	1	0	6.19835e-05	0.000227273	0.9375	0
	0.612	0	0.000289256	1	0	2.06612e-05	0.000289256	0.9375	0
	0.613	0	0.000165289	1	0	8.26446e-05	0.000247934	0.9375	0
	0.614	0	0.000247934	1	0	6.19835e-05	0.000227273	0.9375	0
	0.615	0	0.000227273	1	0	2.06612e-05	0.000227273	0.9375	0
	0.616	0	0.00018595	1	0	2.06612e-05	0.000206612	0.9375	0
	0.617	0	0.000227273	1	0	4.13223e-05	0.000227273	0.9375	0
	0.618	0	0.000227273	1	0	6.19835e-05	0.000247934	0.9375	0
	0.619	0	0.000165289	1	0	6.19835e-05	0.000165289	0.9375	0
	0.62	0	0.000309917	1	0	2.06612e-05	0.000289256	0.9375	0
	0.621	0	0.000206612	1	0	2.06612e-05	0.000206612	0.9375	0
	0.622	0	0.00018595	1	0	6.19835e-05	0.000206612	0.9375	0
	0.623	0	0.00018595	1	0	0	0.00018595	0.9375	0
	0.624	0	0.000206612	1	0	4.13223e-05	0.000227273	0.9375	0
	0.625	0	0.000268595	1	0	4.13223e-05	0.000206612	0.9375	0
	0.626	0	0.000289256	1	0	6.19835e-05	0.000247934	0.9375	0
	0.627	0	0.000309917	1	0	8.26446e-05	0.000247934	0.9375	0
	0.628	0	0.000165289	1	0	8.26446e-05	0.00018595	0.9375	0
	0.629	0	0.000165289	1	0	2.06612e-05	0.00018595	0.9375	0
	0.63	0	0.000103306	1	0	6.19835e-05	0.000103306	0.9375	0
	0.631	0	0.000330579	1	0	0	0.000289256	0.9375	0
	0.632	0	0.000247934	1	0	4.13223e-05	0.000268595	0.9375	0
	0.633	0	0.000227273	1	0	8.26446e-05	0.00018595	0.9375	0
	0.634	0	0.000144628	1	0	2.06612e-05	0.000144628	0.9375	0
	0.635	0	0.000206612	1	0	6.19835e-05	0.000268595	0.9375	0
	0.636	0	0.000165289	1	0	2.06612e-05	8.26446e-05	0.9375	0
	0.637	0	0.000103306	1	0	4.13223e-05	0.000103306	0.9375	0
	0.638	0	0.000165289	1	0	2.06612e-05	0.000144628	0.9375	0
	0.639	0	0.000103306	1	0	6.19835e-05	6.19835e-05	0.9375	0
	0.64	0	0.000206612	1	0	2.06612e-05	0.000206612	0.9375	0
	0.641	0	0.000227273	1	0	2.06612e-05	0.000227273	0.9375	0
	0.642	0	0.000103306	1	0	2.06612e-05	0.000103306	0.9375	0
	0.643	0	0.000123967	1	0	4.13223e-05	0.000123967	0.9375	0
	0.644	0	6.19835e-05	1	0	4.13223e-05	0.000123967	0.9375	0
	0.645	0	0.000123967	1	0	2.06612e-05	0.000103306	0.9375	0
	0.646	0	0.000165289	1	0	2.06612e-05	0.000144628	0.9375	0
	0.647	0	0.000144628	1	0	4.13223e-05	0.000123967	0.9375	0
	0.648	0	4.13223e-05	1	0	4.13223e-05	4.13223e-05	0.9375	0
	0.649	0	8.26446e-05	1	0	2.06612e-05	8.26446e-05	0.9375	0
	0.65	0	0.000103306	1	0	2.06612e-05	0.000123967	0.9375	0
	0.651	0	0.00018595	1	0	0	0.000165289	0.9375	0
	0.652	0	8.26446e-05	1	0	0	6.19835e-05	0.9375	0
	0.653	0	0.000103306	1	0	2.06612e-05	6.19835e-05	0.9375	0
	0.654	0	8.26446e-05	1	0	2.06612e-05	0.000103306	0.9375	0
	0.655	0	8.26446e-05	1	0	2.06612e-05	8.26446e-05	0.9375	0
	0.656	0	0.000165289	1	0	0	0.000165289	0.9375	0
	0.657	0	0.000165289	1	0	0	0.000165289	0.9375	0
	0.658	0	0.000123967	1	0	4.13223e-05	0.000123967	0.9375	0
	0.659	0	8.26446e-05	1	0	4.13223e-05	8.26446e-05	0.9375	0
	0.66	0	4.13223e-05	1	0	0	4.13223e-05	1	0
	0.661	0	8.26446e-05	1	0	0	6.19835e-05	1	0
	0.662	0	8.26446e-05	1	0	0	8.26446e-05	1	0
	0.663	0	0.000123967	1	0	0	8.26446e-05	1	0
	0.664	0	8.26446e-05	1	0	0	8.26446e-05	1	0
	0.665	0	0.000123967	1	0	0	0.000144628	1	0
	0.666	0	0.000103306	1	0	0	0.000103306	1	0
	0.667	0	0.000103306	1	0	0	6.19835e-05	1	0
	0.668	0	0.000123967	1	0	0	0.000103306	1	0
	0.669	0	8.26446e-05	1	0	0	0.000103306	1	0
	0.67	0	0.000123967	1	0	0	0.000123967	1	0
	0.671	0	4.13223e-05	1	0	0	4.13223e-05	1	0
	0.672	0	0.000103306	1	0	0	0.000123967	1	0
	0.673	0	0.000165289	1	0	0	0.000144628	1	0
	0.674	0	0.000227273	1	0	0	0.000206612	1	0
	0.675	0	0.000103306	1	0	0	0.000103306	1	0
	0.676	0	0.000206612	1	0	0	0.000227273	1	0
	0.677	0	0.000247934	1	0	0	0.000227273	1	0
	0.678	0	0.00018595	1	0	0	0.000227273	1	0
	0.679	0	0.000206612	1	0	0	0.000165289	1	0
	0.68	0	0.000144628	1	0	0	0.000123967	1	0
	0.681	0	0.00018595	1	0	0	0.00018595	1	0
	0.682	0	0.000268595	1	0	0	0.000268595	1	0
	0.683	0	0.000330579	1	0	0	0.00035124	1	0
	0.684	0	0.000330579	1	0	0	0.000330579	1	0
	0.685	0	0.000206612	1	0	0	0.000206612	1	0
	0.686	0	0.000227273	1	0	0	0.000247934	1	0
	0.687	0	0.000309917	1	0	0	0.000330579	1	0
	0.688	2.06612e-05	0.000289256	1	0	0	0.000309917	1	0
	0.689	0	0.000371901	0.9375	0	0	0.000371901	1	0
	0.69	0	0.000371901	0.9375	0	0	0.000371901	1	0
	0.691	0	0.000371901	0.9375	0	0	0.000371901	1	0
	0.692	0	0.000433884	0.9375	0	0	0.000413223	1	0
	0.693	0	0.000289256	0.9375	0	0	0.000330579	1	0
	0.694	0	0.000371901	0.9375	0	0	0.00035124	1	0
	0.695	0	0.000578512	0.9375	0	0	0.000557851	1	0
	0.696	0	0.000309917	0.9375	0	0	0.000289256	1	0
	0.697	0	0.000516529	0.9375	0	0	0.000557851	1	0
	0.698	0	0.000557851	0.9375	0	0	0.000578512	1	0
	0.699	0	0.000330579	0.9375	0	0	0.000309917	1	0
	0.7	0	0.000516529	0.9375	0	0	0.000495868	1	0
	0.701	0	0.000640496	0.9375	0	0	0.000619835	1	0
	0.702	0	0.000330579	0.9375	0	0	0.000371901	1	0
	0.703	2.06612e-05	0.000640496	0.9375	0	0	0.000661157	1	0
	0.704	2.06612e-05	0.000557851	0.9375	0	2.06612e-05	0.000578512	1	0
	0.705	0	0.000681818	0.875	0	0	0.000743802	0.933333	0
	0.706	0	0.000619835	0.875	0	0	0.000557851	0.933333	0
	0.707	2.06612e-05	0.000433884	0.875	0	0	0.000413223	0.933333	0
	0.708	0	0.000392562	0.875	0	0	0.000392562	0.933333	0
	0.709	2.06612e-05	0.000661157	0.875	0	2.06612e-05	0.000661157	0.933333	0
	0.71	0	0.000433884	0.875	0	0	0.000495868	0.933333	0
	0.711	2.06612e-05	0.000516529	0.875	0	0	0.000475207	0.933333	0
	0.712	0	0.000557851	0.875	0	0	0.00053719	0.933333	0
	0.713	2.06612e-05	0.000413223	0.875	0	0	0.000392562	0.933333	0
	0.714	2.06612e-05	0.000557851	0.875	0	2.06612e-05	0.00053719	0.933333	0
	0.715	2.06612e-05	0.000371901	0.875	0	2.06612e-05	0.000371901	0.933333	0
	0.716	4.13223e-05	0.000454545	0.875	0	2.06612e-05	0.000433884	0.933333	0
	0.717	8.26446e-05	0.000268595	0.875	0	2.06612e-05	0.000289256	0.933333	0
	0.718	6.19835e-05	0.000268595	0.875	0	2.06612e-05	0.000268595	0.933333	0
	0.719	6.19835e-05	0.000330579	0.875	0	4.13223e-05	0.00035124	0.933333	0
	0.72	4.13223e-05	0.000247934	0.875	0	2.06612e-05	0.000227273	0.933333	0
	0.721	6.19835e-05	0.000289256	0.875	0	2.06612e-05	0.000309917	0.933333	0
	0.722	4.13223e-05	0.000165289	0.875	0	0	0.000144628	0.933333	0
	0.723	0	0.000289256	0.875	0	0	0.000289256	0.933333	0
	0.724	6.19835e-05	0.000309917	0.875	0	4.13223e-05	0.000289256	0.933333	0
	0.725	2.06612e-05	0.000268595	0.875	0	0	0.000247934	0.933333	0
	0.726	4.13223e-05	0.000144628	0.875	0	2.06612e-05	0.000144628	0.933333	0
	0.727	8.26446e-05	0.000206612	0.875	0	0	0.00018595	0.933333	0
	0.728	0.000123967	0.000206612	0.875	0	8.26446e-05	0.000206612	0.933333	0
	0.729	0.000103306	0.000103306	0.875	0	2.06612e-05	0.000103306	0.933333	0
	0.73	0.000103306	0.000165289	0.875	0	2.06612e-05	0.000165289	0.933333	0
	0.731	8.26446e-05	0.000144628	0.875	0	2.06612e-05	0.000123967	0.933333	0
	0.732	8.26446e-05	0.000206612	0.875	0	0	0.000206612	0.933333	0
	0.733	6.19835e-05	8.26446e-05	0.875	0	4.13223e-05	0.000103306	0.933333	0
	0.734	0.000123967	0.000123967	0.875	0	6.19835e-05	0.000123967	0.933333	0
	0.735	4.13223e-05	8.26446e-05	0.875	0	0	8.26446e-05	0.933333	0
	0.736	6.19835e-05	0.000206612	0.875	0	4.13223e-05	0.000206612	0.933333	0
	0.737	6.19835e-05	4.13223e-05	0.875	0	6.19835e-05	4.13223e-05	0.933333	0
	0.738	0.000144628	4.13223e-05	0.875	0	8.26446e-05	4.13223e-05	0.933333	0
	0.739	0.000123967	6.19835e-05	0.875	0	6.19835e-05	4.13223e-05	0.933333	0
	0.74	0.000123967	2.06612e-05	0.875	0	4.13223e-05	4.13223e-05	0.933333	0
	0.741	8.26446e-05	0.000144628	0.875	0	4.13223e-05	0.000103306	0.933333	0
	0.742	6.19835e-05	6.19835e-05	0.875	0	2.06612e-05	6.19835e-05	0.933333	0
	0.743	0.000103306	0.000103306	0.875	0	4.13223e-05	0.000103306	0.933333	0
	0.744	0.000144628	8.26446e-05	0.875	0	8.26446e-05	6.19835e-05	0.933333	0
	0.745	0.000165289	0	0.875	0	8.26446e-05	0	0.933333	0
	0.746	2.06612e-05	0	0.875	0	2.06612e-05	0	0.933333	0
	0.747	6.19835e-05	0	0.875	0	0	0	0.933333	0
	0.748	0.000165289	2.06612e-05	0.875	0	0.000123967	2.06612e-05	0.933333	0
	0.749	0.000103306	2.06612e-05	0.875	0	8.26446e-05	2.06612e-05	0.933333	0
	0.75	0.000103306	0	0.875	0	4.13223e-05	0	0.933333	0
	0.751	0.000103306	2.06612e-05	0.875	0	8.26446e-05	2.06612e-05	0.933333	0
	0.752	0.000103306	4.13223e-05	0.875	0	6.19835e-05	4.13223e-05	0.933333	0
	0.753	2.06612e-05	0	0.875	0	0	0	0.933333	0
	0.754	4.13223e-05	2.06612e-05	0.875	0	4.13223e-05	2.06612e-05	0.933333	0
	0.755	0.000123967	4.13223e-05	0.875	0	8.26446e-05	4.13223e-05	0.933333	0
	0.756	8.26446e-05	0	0.875	0	4.13223e-05	0	0.933333	0
	0.757	4.13223e-05	4.13223e-05	0.875	0	2.06612e-05	4.13223e-05	0.933333	0
	0.758	8.26446e-05	2.06612e-05	0.875	0	6.19835e-05	2.06612e-05	0.933333	0
	0.759	6.19835e-05	2.06612e-05	0.875	0	4.13223e-05	2.06612e-05	0.933333	0
	0.76	4.13223e-05	0	0.875	0	4.13223e-05	0	0.933333	0
	0.761	4.13223e-05	0	0.875	0	2.06612e-05	0	0.933333	0
	0.762	4.13223e-05	0	0.875	0	2.06612e-05	0	0.933333	0
	0.763	8.26446e-05	4.13223e-05	0.875	0	2.06612e-05	6.19835e-05	0.933333	0
	0.764	2.06612e-05	2.06612e-05	0.875	0	2.06612e-05	0	0.933333	0
	0.765	4.13223e-05	0	0.875	0	2.06612e-05	0	0.933333	0
	0.766	2.06612e-05	0	0.875	0	2.06612e-05	0	0.933333	0
	0.767	2.06612e-05	0	0.875	0	0	0	0.933333	0
	0.768	0	4.13223e-05	0.875	0	0	6.19835e-05	0.933333	0
	0.769	2.06612e-05	0	0.875	0	2.06612e-05	0	0.933333	0
	0.77	2.06612e-05	2.06612e-05	0.875	0	0	2.06612e-05	0.933333	0
	0.771	0	2.06612e-05	0.933333	0	0	0	0.933333	0
	0.772	0	2.06612e-05	0.933333	0	0	2.06612e-05	0.933333	0
	0.773	0	0	0.933333	0	0	0	0.933333	0
	0.774	2.06612e-05	0	0.933333	0	2.06612e-05	0	0.933333	0
	0.775	0	0	0.933333	0	0	0	0.933333	0
	0.776	2.06612e-05	0	0.933333	0	2.06612e-05	0	0.933333	0
	0.777	0	2.06612e-05	0.933333	0	0	2.06612e-05	0.933333	0
	0.778	0	4.13223e-05	0.933333	0	0	4.13223e-05	0.933333	0
	0.779	0	0	0.933333	0	0	0	0.933333	0
	0.78	0	2.06612e-05	0.933333	0	0	2.06612e-05	0.933333	0
	0.781	0	0	0.933333	0	0	0	0.933333	0
	0.782	0	0	0.933333	0	0	0	0.933333	0
	0.783	2.06612e-05	2.06612e-05	0.933333	0	2.06612e-05	2.06612e-05	0.933333	0
	0.784	2.06612e-05	0	0.933333	0	2.06612e-05	0	0.933333	0
	0.785	0	0	1	0	0	0	1	0
	0.786	0	0	1	0	0	0	1	0
	0.787	0	2.06612e-05	1	0	0	2.06612e-05	1	0
	0.788	0	4.13223e-05	1	0	0	4.13223e-05	1	0
	0.789	0	4.13223e-05	1	0	0	4.13223e-05	1	0
	0.79	0	0	1	0	0	0	1	0
	0.791	0	4.13223e-05	1	0	0	4.13223e-05	1	0
	0.792	0	0	1	0	0	0	1	0
	0.793	0	0	1	0	0	0	1	0
	0.794	0	0	1	0	0	0	1	0
	0.795	0	2.06612e-05	1	0	0	2.06612e-05	1	0
	0.796	0	2.06612e-05	1	0	0	2.06612e-05	1	0
	0.797	0	0	1	0	0	0	1	0
	0.798	0	0	1	0	0	0	1	0
	0.799	0	4.13223e-05	1	0	0	4.13223e-05	1	0
	0.8	0	0	1	0	0	0	1	0
	0.801	0	0	1	0	0	0	1	0
	0.802	0	0	1	0	0	0	1	0
	0.803	0	2.06612e-05	1	0	0	2.06612e-05	1	0
	0.804	0	0	1	0	0	0	1	0
	0.805	0	0	1	0	0	0	1	0
	0.806	0	2.06612e-05	1	0	0	2.06612e-05	1	0
	0.807	0	2.06612e-05	1	0	0	2.06612e-05	1	0
	0.808	0	0	1	0	0	0	1	0
	0.809	0	0	1	0	0	0	1	0
	0.81	0	2.06612e-05	1	0	0	2.06612e-05	1	0
	0.811	0	0	1	0	0	0	1	0
	0.812	0	0	1	0	0	0	1	0
	0.813	0	0	1	0	0	0	1	0
	0.814	0	4.13223e-05	1	0	0	4.13223e-05	1	0
	0.815	0	0	1	0	0	0	1	0
	0.816	0	0	1	0	0	0	1	0
	0.817	0	0	1	0	0	0	1	0
	0.818	0	0	1	0	0	0	1	0
	0.819	0	2.06612e-05	1	0	0	2.06612e-05	1	0
	0.82	0	0	1	0	0	0	1	0
	0.821	0	0	1	0	0	0	1	0
	0.822	0	2.06612e-05	1	0	0	2.06612e-05	1	0
	0.823	0	0	1	0	0	0	1	0
	0.824	0	0	1	0	0	0	1	0
	0.825	0	0	1	0	0	0	1	0
	0.826	0	0	1	0	0	0	1	0
	0.827	0	0	1	0	0	0	1	0
	0.828	0	2.06612e-05	1	0	0	2.06612e-05	1	0
	0.829	0	0	1	0	0	0	1	0
	0.83	0	0	1	0	0	0	1	0
	0.831	0	0	1	0	0	0	1	0
	0.832	0	0	1	0	0	0	1	0
	0.833	0	0	1	0	0	0	1	0
	0.834	0	4.13223e-05	1	0	0	4.13223e-05	1	0
	0.835	0	2.06612e-05	1	0	0	2.06612e-05	1	0
	0.836	0	0	1	0	0	0	1	0
	0.837	0	0	1	0	0	0	1	0
	0.838	0	0	1	0	0	0	1	0
	0.839	0	0	1	0	0	0	1	0
	0.84	0	4.13223e-05	1	0	0	4.13223e-05	1	0
	0.841	0	0	1	0	0	0	1	0
	0.842	0	0	1	0	0	2.06612e-05	1	0
	0.843	0	0	1	0	0	0	1	0
	0.844	0	4.13223e-05	1	0	0	4.13223e-05	1	0
	0.845	0	4.13223e-05	1	0	0	2.06612e-05	1	0
	0.846	0	0	1	0	0	0	1	0
	0.847	0	0	1	0	0	0	1	0
	0.848	0	0	1	0	0	0	1	0
	0.849	0	2.06612e-05	1	0	0	2.06612e-05	1	0
	0.85	0	0	1	0	0	0	1	0
	0.851	0	0	1	0	0	0	1	0
	0.852	0	2.06612e-05	1	0	0	2.06612e-05	1	0
	0.853	0	2.06612e-05	1	0	0	2.06612e-05	1	0
	0.854	0	0	1	0	0	0	1	0
	0.855	0	2.06612e-05	1	0	0	2.06612e-05	1	0
	0.856	0	4.13223e-05	1	0	0	4.13223e-05	1	0
	0.857	0	0	1	0	0	0	1	0
	0.858	0	0	1	0	0	0	1	0
	0.859	2.06612e-05	2.06612e-05	1	0	2.06612e-05	2.06612e-05	1	0
	0.86	0	8.26446e-05	0.928571	0	0	8.26446e-05	0.928571	0
	0.861	2.06612e-05	0	0.928571	0	2.06612e-05	2.06612e-05	0.928571	0
	0.862	0	2.06612e-05	0.928571	0	0	2.06612e-05	0.928571	0
	0.863	0	0	0.928571	0	0	0	0.928571	0
	0.864	0	4.13223e-05	0.928571	0	0	2.06612e-05	0.928571	0
	0.865	2.06612e-05	0	0.928571	0	2.06612e-05	0	0.928571	0
	0.866	0	0	0.928571	0	0	0	0.928571	0
	0.867	0	0	0.928571	0	0	0	0.928571	0
	0.868	2.06612e-05	0	0.928571	0	2.06612e-05	0	0.928571	0
	0.869	6.19835e-05	4.13223e-05	0.928571	0	6.19835e-05	4.13223e-05	0.928571	0
	0.87	6.19835e-05	2.06612e-05	0.928571	0	6.19835e-05	2.06612e-05	0.928571	0
	0.871	4.13223e-05	0	0.928571	0	4.13223e-05	0	0.928571	0
	0.872	2.06612e-05	0	0.928571	0	2.06612e-05	0	0.928571	0
	0.873	6.19835e-05	0	0.928571	0	6.19835e-05	0	0.928571	0
	0.874	2.06612e-05	2.06612e-05	0.928571	0	2.06612e-05	2.06612e-05	0.928571	0
	0.875	0.000103306	2.06612e-05	0.928571	0	0.000103306	2.06612e-05	0.928571	0
	0.876	6.19835e-05	0	0.928571	0	6.19835e-05	0	0.928571	0
	0.877	0.000103306	0	0.928571	0	0.000103306	0	0.928571	0
	0.878	2.06612e-05	0	0.928571	0	2.06612e-05	0	0.928571	0
	0.879	8.26446e-05	2.06612e-05	0.928571	0	8.26446e-05	2.06612e-05	0.928571	0
	0.88	4.13223e-05	0	0.928571	0	4.13223e-05	0	0.928571	0
	0.881	6.19835e-05	2.06612e-05	0.928571	0	6.19835e-05	2.06612e-05	0.928571	0
	0.882	4.13223e-05	0	0.928571	0	4.13223e-05	0	0.928571	0
	0.883	0.000165289	2.06612e-05	0.928571	0	0.000165289	2.06612e-05	0.928571	0
	0.884	0.000144628	2.06612e-05	0.928571	0	0.000144628	2.06612e-05	0.928571	0
	0.885	0.000144628	2.06612e-05	0.928571	0	0.000144628	2.06612e-05	0.928571	0
	0.886	0.000103306	0	0.928571	0	0.000103306	0	0.928571	0
	0.887	6.19835e-05	2.06612e-05	0.928571	0	6.19835e-05	2.06612e-05	0.928571	0
	0.888	6.19835e-05	0	0.928571	0	6.19835e-05	0	0.928571	0
	0.889	0.000103306	2.06612e-05	0.928571	0	0.000103306	2.06612e-05	0.928571	0
	0.89	6.19835e-05	4.13223e-05	0.928571	0	6.19835e-05	4.13223e-05	0.928571	0
	0.891	8.26446e-05	0	0.928571	0	8.26446e-05	0	0.928571	0
	0.892	0	0	0.928571	0	0	0	0.928571	0
	0.893	0	0	0.928571	0	0	0	0.928571	0
	0.894	0	2.06612e-05	0.928571	0	0	2.06612e-05	0.928571	0
	0.895	6.19835e-05	0	0.928571	0	6.19835e-05	0	0.928571	0
	0.896	4.13223e-05	0	0.928571	0	4.13223e-05	0	0.928571	0
	0.897	2.06612e-05	0	0.928571	0	2.06612e-05	0	0.928571	0
	0.898	4.13223e-05	0	0.928571	0	4.13223e-05	0	0.928571	0
	0.899	0	0	0.928571	0	0	0	0.928571	0
	0.9	0	2.06612e-05	0.928571	0	0	2.06612e-05	0.928571	0
	0.901	2.06612e-05	0	0.928571	0	2.06612e-05	0	0.928571	0
	0.902	0	0	0.928571	0	0	0	0.928571	0
	0.903	2.06612e-05	0	0.928571	0	2.06612e-05	0	0.928571	0
	0.904	4.13223e-05	0	0.928571	0	4.13223e-05	0	0.928571	0
	0.905	0	0	0.928571	0	0	0	0.928571	0
	0.906	0	0	0.928571	0	0	0	0.928571	0
	0.907	0	0	0.928571	0	0	0	0.928571	0
	0.908	0	0	0.928571	0	0	0	0.928571	0
	0.909	0	0	0.928571	0	0	0	0.928571	0
	0.91	0	0	0.928571	0	0	0	0.928571	0
	0.911	0	0	0.928571	0	0	0	0.928571	0
	0.912	0	2.06612e-05	0.928571	0	0	2.06612e-05	0.928571	0
	0.913	0	0	0.928571	0	0	0	0.928571	0
	0.914	2.06612e-05	0	0.928571	0	2.06612e-05	0	0.928571	0
	0.915	0	0	1	0	0	0	1	0
	0.916	0	0	1	0	0	0	1	0
	0.917	0	0	1	0	0	0	1	0
	0.918	0	2.06612e-05	1	0	0	2.06612e-05	1	0
	0.919	0	0	1	0	0	0	1	0
	0.92	0	0	1	0	0	0	1	0
	0.921	0	0	1	0	0	0	1	0
	0.922	0	0	1	0	0	0	1	0
	0.923	0	0	1	0	0	0	1	0
	0.924	0	0	1	0	0	0	1	0
	0.925	2.06612e-05	0	1	0	2.06612e-05	0	1	0
	0.926	0	0	0.923077	0	0	0	0.923077	0
	0.927	0	2.06612e-05	0.923077	0	0	2.06612e-05	0.923077	0
	0.928	4.13223e-05	0	0.923077	0	4.13223e-05	0	0.923077	0
	0.929	2.06612e-05	2.06612e-05	0.923077	0	2.06612e-05	2.06612e-05	0.923077	0
	0.93	0	0	0.923077	0	0	0	0.923077	0
	0.931	2.06612e-05	0	0.923077	0	2.06612e-05	0	0.923077	0
	0.932	0	0	0.923077	0	0	0	0.923077	0
	0.933	2.06612e-05	0	0.923077	0	2.06612e-05	0	0.923077	0
	0.934	4.13223e-05	0	0.923077	0	4.13223e-05	0	0.923077	0
	0.935	6.19835e-05	0	0.923077	0	6.19835e-05	0	0.923077	0
	0.936	2.06612e-05	0	0.923077	0	2.06612e-05	0	0.923077	0
	0.937	4.13223e-05	0	0.923077	0	4.13223e-05	0	0.923077	0
	0.938	4.13223e-05	0	0.923077	0	4.13223e-05	0	0.923077	0
	0.939	8.26446e-05	2.06612e-05	0.923077	0	8.26446e-05	2.06612e-05	0.923077	0
	0.94	0.000103306	0	0.923077	0	0.000103306	0	0.923077	0
	0.941	0.000165289	0	0.923077	0	0.000165289	0	0.923077	0
	0.942	0.000123967	0	0.923077	0	0.000123967	0	0.923077	0
	0.943	0.000103306	0	0.923077	0	0.000103306	0	0.923077	0
	0.944	0.000123967	2.06612e-05	0.923077	0	0.000123967	2.06612e-05	0.923077	0
	0.945	0.000144628	2.06612e-05	0.923077	0	0.000144628	2.06612e-05	0.923077	0
	0.946	0.000103306	2.06612e-05	0.923077	0	0.000103306	2.06612e-05	0.923077	0
	0.947	0.000123967	2.06612e-05	0.923077	0	0.000123967	2.06612e-05	0.923077	0
	0.948	0.000123967	0	0.923077	0	0.000123967	0	0.923077	0
	0.949	4.13223e-05	0	0.923077	0	4.13223e-05	0	0.923077	0
	0.95	0.000123967	2.06612e-05	0.923077	0	0.000123967	2.06612e-05	0.923077	0
	0.951	4.13223e-05	0	0.923077	0	4.13223e-05	0	0.923077	0
	0.952	0.000103306	0	0.923077	0	0.000103306	0	0.923077	0
	0.953	4.13223e-05	2.06612e-05	0.923077	0	4.13223e-05	2.06612e-05	0.923077	0
	0.954	0	0	0.923077	0	0	0	0.923077	0
	0.955	2.06612e-05	2.06612e-05	0.923077	0	2.06612e-05	2.06612e-05	0.923077	0
	0.956	4.13223e-05	0	0.923077	0	4.13223e-05	0	0.923077	0
	0.957	2.06612e-05	2.06612e-05	0.923077	0	2.06612e-05	2.06612e-05	0.923077	0
	0.958	4.13223e-05	0	0.923077	0	4.13223e-05	0	0.923077	0
	0.959	2.06612e-05	2.06612e-05	0.923077	0	2.06612e-05	2.06612e-05	0.923077	0
	0.96	2.06612e-05	0	0.923077	0	2.06612e-05	0	0.923077	0
	0.961	2.06612e-05	2.06612e-05	0.923077	0	2.06612e-05	2.06612e-05	0.923077	0
	0.962	0	0	1	0	0	0	1	0
	0.963	0	0	1	0	0	0	1	0
	0.964	0	0	1	0	0	0	1	0
	0.965	2.06612e-05	2.06612e-05	1	0	2.06612e-05	2.06612e-05	1	0
	0.966	0	0	0.916667	0	0	0	0.916667	0
	0.967	2.06612e-05	0	0.916667	0	2.06612e-05	0	0.916667	0
	0.968	0	0	0.916667	0	0	0	0.916667	0
	0.969	0	0	0.916667	0	0	0	0.916667	0
	0.97	0	0	0.916667	0	0	0	0.916667	0
	0.971	4.13223e-05	0	0.916667	0	4.13223e-05	0	0.916667	0
	0.972	6.19835e-05	0	0.916667	0	6.19835e-05	0	0.916667	0
	0.973	4.13223e-05	2.06612e-05	0.916667	0	4.13223e-05	2.06612e-05	0.916667	0
	0.974	0.000123967	0	0.916667	0	0.000123967	0	0.916667	0
	0.975	0.000103306	2.06612e-05	0.916667	0	0.000103306	2.06612e-05	0.916667	0
	0.976	0.000103306	6.19835e-05	0.916667	0	0.000103306	6.19835e-05	0.916667	0
	0.977	0.00018595	0	0.916667	0	0.00018595	0	0.916667	0
	0.978	0.000227273	0	0.916667	0	0.000227273	0	0.916667	0
	0.979	0.000289256	0	0.916667	0	0.000289256	0	0.916667	0
	0.98	0.000144628	0	0.916667	0	0.000144628	0	0.916667	0
	0.981	6.19835e-05	0	0.916667	0	6.19835e-05	0	0.916667	0
	0.982	0.000144628	2.06612e-05	0.916667	0	0.000144628	2.06612e-05	0.916667	0
	0.983	0.000103306	0	0.916667	0	0.000103306	0	0.916667	0
	0.984	0.000165289	0	0.916667	0	0.000165289	0	0.916667	0
	0.985	2.06612e-05	0	0.916667	0	2.06612e-05	0	0.916667	0
	0.986	0.000123967	0	0.916667	0	0.000123967	0	0.916667	0
	0.987	4.13223e-05	0	0.916667	0	4.13223e-05	0	0.916667	0
	0.988	0	0	0.916667	0	0	0	0.916667	0
	0.989	2.06612e-05	2.06612e-05	0.916667	0	2.06612e-05	2.06612e-05	0.916667	0
	0.99	2.06612e-05	0	0.916667	0	2.06612e-05	0	0.916667	0
	0.991	0	2.06612e-05	1	0	0	2.06612e-05	1	0
	0.992	0	0	1	0	0	0	1	0
	0.993	0	2.06612e-05	1	0	0	2.06612e-05	1	0
	0.994	0	2.06612e-05	1	0	0	2.06612e-05	1	0
	0.995	0	0	1	0	0	0	1	0
	0.996	8.26446e-05	0	1	0	8.26446e-05	0	1	0
	0.997	0.000103306	0	0.909091	0	0.000103306	0	0.909091	0
	0.998	0.000454545	0	0.909091	0	0.000454545	0	0.909091	0
	0.999	0.000847107	0	0.909091	0	0.000847107	0	0.909091	0
	1	0.0212397	0.00035124	0.909091	0	0.0212397	0.00035124	0.909091	0


#	yrange	sparsity	# links	zeta	support at cross	fraction FP	support at cross2	fraction FP2
	0	0.0433884	21	0.0151461	0.994	0.0163636	0.994	0.0163636
	0.8	0.0433884	21	0.0151461	0.994	0.0163636	0.994	0.0163636
