#	Frequencies and overlap
#	bins	MYC	shuffle	overlap_MYC	overlap_shuffle	SIGN_MYC	SIGNshuffle	SIGNoverlap_MYC	SIGNoverlap_shuffle
	0	0	2.06612e-05	1	1	0.583223	0.608058	0.854545	0
	0.001	0	0	1	0.997934	0	0	0.854545	0
	0.002	0	0	1	0.997934	0	0	0.854545	0
	0.003	0	2.06612e-05	1	0.997934	0	0	0.854545	0
	0.004	0	0	1	0.995868	0	4.13223e-05	0.854545	0
	0.005	0	6.19835e-05	1	0.995868	0	4.13223e-05	0.854545	0
	0.006	0	4.13223e-05	1	0.989669	0	2.06612e-05	0.854545	0
	0.007	0	2.06612e-05	1	0.985537	0	4.13223e-05	0.854545	0
	0.008	0	6.19835e-05	1	0.983471	0	0	0.854545	0
	0.009	0	0	1	0.977273	0	2.06612e-05	0.854545	0
	0.01	0	2.06612e-05	1	0.977273	0	0	0.854545	0
	0.011	0	4.13223e-05	1	0.977273	0	2.06612e-05	0.854545	0
	0.012	0	6.19835e-05	1	0.97314	0	0	0.854545	0
	0.013	0	0	1	0.969008	0	0	0.854545	0
	0.014	0	0	1	0.969008	0	0	0.854545	0
	0.015	0	2.06612e-05	1	0.969008	0	2.06612e-05	0.854545	0
	0.016	0	2.06612e-05	1	0.969008	0	0	0.854545	0
	0.017	0	2.06612e-05	1	0.969008	0	2.06612e-05	0.854545	0
	0.018	0	0	1	0.969008	0	0	0.854545	0
	0.019	0	2.06612e-05	1	0.969008	0	2.06612e-05	0.854545	0
	0.02	0	4.13223e-05	1	0.966942	0	0	0.854545	0
	0.021	0	2.06612e-05	1	0.966942	0	0	0.854545	0
	0.022	0	0	1	0.966942	0	0	0.854545	0
	0.023	0	0	1	0.966942	0	0	0.854545	0
	0.024	0	0	1	0.966942	0	0	0.854545	0
	0.025	0	0	1	0.966942	0	2.06612e-05	0.854545	0
	0.026	2.06612e-05	4.13223e-05	1	0.966942	0	0	0.854545	0
	0.027	2.06612e-05	4.13223e-05	0.997934	0.964876	0	2.06612e-05	0.854545	0
	0.028	0	0	0.997934	0.96281	0	0	0.854545	0
	0.029	0	2.06612e-05	0.997934	0.96281	0	4.13223e-05	0.854545	0
	0.03	2.06612e-05	2.06612e-05	0.997934	0.96281	0	0	0.854545	0
	0.031	4.13223e-05	2.06612e-05	0.997934	0.96281	0	0	0.854545	0
	0.032	4.13223e-05	0	0.997934	0.96281	0	2.06612e-05	0.854545	0
	0.033	8.26446e-05	4.13223e-05	0.997934	0.96281	0	0	0.854545	0
	0.034	2.06612e-05	0	0.997934	0.96281	0	2.06612e-05	0.854545	0
	0.035	0	0	0.997934	0.96281	0	0	0.854545	0
	0.036	0.000103306	2.06612e-05	0.997934	0.96281	0	2.06612e-05	0.854545	0
	0.037	0.000123967	2.06612e-05	0.997934	0.96281	0	0	0.854545	0
	0.038	0.000103306	2.06612e-05	0.997934	0.96281	0	0	0.854545	0
	0.039	6.19835e-05	4.13223e-05	0.997934	0.96281	0	0	0.854545	0
	0.04	8.26446e-05	4.13223e-05	0.997934	0.960744	0	0	0.854545	0
	0.041	0.000144628	0	0.997934	0.960744	0	0	0.854545	0
	0.042	0.000103306	2.06612e-05	0.997934	0.960744	0	0	0.854545	0
	0.043	6.19835e-05	0	0.997934	0.960744	0	0	0.854545	0
	0.044	0.000123967	2.06612e-05	0.997934	0.960744	0	0	0.854545	0
	0.045	0.000144628	0	0.997934	0.958678	0	0	0.854545	0
	0.046	0.000103306	4.13223e-05	0.997934	0.958678	0	0	0.854545	0
	0.047	8.26446e-05	0	0.997934	0.958678	0	0	0.854545	0
	0.048	0.000103306	2.06612e-05	0.997934	0.958678	0	0	0.854545	0
	0.049	0.000123967	0	0.997934	0.958678	0	2.06612e-05	0.854545	0
	0.05	0.000103306	4.13223e-05	0.997934	0.958678	2.06612e-05	2.06612e-05	0.854545	0
	0.051	2.06612e-05	4.13223e-05	0.997934	0.958678	0	2.06612e-05	0.854545	0
	0.052	0.000103306	2.06612e-05	0.997934	0.956612	0	0	0.854545	0
	0.053	4.13223e-05	2.06612e-05	0.997934	0.956612	2.06612e-05	0	0.854545	0
	0.054	4.13223e-05	0	0.997934	0.956612	2.06612e-05	2.06612e-05	0.854545	0
	0.055	4.13223e-05	0	0.997934	0.956612	2.06612e-05	0	0.854545	0
	0.056	0	0	1	0.956612	2.06612e-05	0	0.854545	0
	0.057	0	2.06612e-05	1	0.956612	0	2.06612e-05	0.854545	0
	0.058	0	2.06612e-05	1	0.956612	2.06612e-05	2.06612e-05	0.854545	0
	0.059	0	0	1	0.956612	2.06612e-05	4.13223e-05	0.854545	0
	0.06	0	0	1	0.956612	8.26446e-05	2.06612e-05	0.854545	0
	0.061	0	0	1	0.956612	2.06612e-05	0	0.854545	0
	0.062	0	0	1	0.956612	8.26446e-05	2.06612e-05	0.854545	0
	0.063	0	2.06612e-05	1	0.956612	8.26446e-05	0	0.854545	0
	0.064	0	2.06612e-05	1	0.956612	4.13223e-05	0	0.854545	0
	0.065	0	0	1	0.956612	4.13223e-05	2.06612e-05	0.854545	0
	0.066	0	0	1	0.956612	0.000103306	2.06612e-05	0.854545	0
	0.067	0	4.13223e-05	1	0.956612	6.19835e-05	0	0.854545	0
	0.068	0	2.06612e-05	1	0.956612	4.13223e-05	0	0.854545	0
	0.069	0	2.06612e-05	1	0.956612	0	0	0.854545	0
	0.07	0	2.06612e-05	1	0.956612	6.19835e-05	0	0.854545	0
	0.071	0	0	1	0.956612	4.13223e-05	0	0.854545	0
	0.072	0	6.19835e-05	1	0.956612	2.06612e-05	0	0.854545	0
	0.073	0	2.06612e-05	1	0.956612	8.26446e-05	0.000103306	0.854545	0
	0.074	0	2.06612e-05	1	0.956612	2.06612e-05	0	0.854545	0
	0.075	0	0	1	0.956612	4.13223e-05	2.06612e-05	0.854545	0
	0.076	0	0	1	0.956612	0	2.06612e-05	0.854545	0
	0.077	0	0	1	0.956612	2.06612e-05	0	0.854545	0
	0.078	0	6.19835e-05	1	0.956612	2.06612e-05	4.13223e-05	0.854545	0
	0.079	0	0	1	0.956612	4.13223e-05	6.19835e-05	0.854545	0
	0.08	0	2.06612e-05	1	0.956612	0	2.06612e-05	0.854545	0
	0.081	0	2.06612e-05	1	0.956612	0	0	0.854545	0
	0.082	0	0	1	0.956612	0	4.13223e-05	0.854545	0
	0.083	0	4.13223e-05	1	0.956612	2.06612e-05	0	0.854545	0
	0.084	0	0	1	0.956612	0	2.06612e-05	0.858447	0
	0.085	0	4.13223e-05	1	0.956612	0	4.13223e-05	0.858447	0
	0.086	0	2.06612e-05	1	0.956612	0	2.06612e-05	0.858447	0
	0.087	0	2.06612e-05	1	0.956612	0	0	0.858447	0
	0.088	0	0	1	0.956612	0	0	0.858447	0
	0.089	0	0	1	0.956612	0	2.06612e-05	0.858447	0
	0.09	0	0	1	0.956612	0	4.13223e-05	0.858447	0
	0.091	0	2.06612e-05	1	0.956612	0	0	0.858447	0
	0.092	0	0	1	0.956612	0	2.06612e-05	0.858447	0
	0.093	0	4.13223e-05	1	0.956612	0	4.13223e-05	0.858447	0
	0.094	0	2.06612e-05	1	0.956612	0	4.13223e-05	0.858447	0
	0.095	0	0	1	0.956612	0	4.13223e-05	0.858447	0
	0.096	0	2.06612e-05	1	0.956612	0	0	0.858447	0
	0.097	0	2.06612e-05	1	0.956612	0	2.06612e-05	0.858447	0
	0.098	2.06612e-05	2.06612e-05	1	0.956612	0	2.06612e-05	0.858447	0
	0.099	2.06612e-05	2.06612e-05	0.99793	0.954545	0	2.06612e-05	0.858447	0
	0.1	0	4.13223e-05	0.99793	0.954545	0	4.13223e-05	0.858447	0
	0.101	0	6.19835e-05	0.99793	0.954545	0	0	0.858447	0
	0.102	0	6.19835e-05	0.99793	0.954545	0	4.13223e-05	0.858447	0
	0.103	4.13223e-05	0	0.99793	0.954545	0	2.06612e-05	0.858447	0
	0.104	2.06612e-05	4.13223e-05	0.99793	0.954545	0	0	0.858447	0
	0.105	2.06612e-05	4.13223e-05	0.99793	0.954545	0	2.06612e-05	0.858447	0
	0.106	0	4.13223e-05	0.99793	0.954545	0	2.06612e-05	0.858447	0
	0.107	0	6.19835e-05	0.99793	0.954545	0	0	0.858447	0
	0.108	4.13223e-05	2.06612e-05	0.99793	0.954545	0	0	0.858447	0
	0.109	4.13223e-05	4.13223e-05	0.99793	0.954545	0	2.06612e-05	0.858447	0
	0.11	0	2.06612e-05	0.99793	0.952479	0	8.26446e-05	0.858447	0
	0.111	4.13223e-05	0	0.99793	0.952479	0	6.19835e-05	0.858447	0
	0.112	2.06612e-05	2.06612e-05	0.99793	0.952479	0	2.06612e-05	0.858447	0
	0.113	8.26446e-05	2.06612e-05	0.99793	0.952479	0	0	0.858447	0
	0.114	2.06612e-05	2.06612e-05	0.99793	0.952479	0	2.06612e-05	0.858447	0
	0.115	6.19835e-05	4.13223e-05	0.99793	0.952479	0	2.06612e-05	0.858447	0
	0.116	0.000103306	4.13223e-05	0.99793	0.952479	2.06612e-05	2.06612e-05	0.858447	0
	0.117	8.26446e-05	2.06612e-05	0.99793	0.952479	0	4.13223e-05	0.853881	0
	0.118	0.000123967	0	0.99793	0.952479	0	4.13223e-05	0.853881	0
	0.119	6.19835e-05	4.13223e-05	0.99793	0.952479	0	4.13223e-05	0.853881	0
	0.12	0	4.13223e-05	0.99793	0.950413	0	0	0.853881	0
	0.121	4.13223e-05	4.13223e-05	0.99793	0.950413	2.06612e-05	0	0.853881	0
	0.122	0.000144628	6.19835e-05	0.99793	0.950413	4.13223e-05	2.06612e-05	0.853881	0
	0.123	0.000123967	2.06612e-05	0.99793	0.950413	2.06612e-05	2.06612e-05	0.853881	0
	0.124	6.19835e-05	0	0.99793	0.950413	0	0	0.853881	0
	0.125	4.13223e-05	6.19835e-05	0.99793	0.950413	4.13223e-05	0	0.853881	0
	0.126	4.13223e-05	2.06612e-05	0.99793	0.948347	6.19835e-05	2.06612e-05	0.853881	0
	0.127	2.06612e-05	0	0.99793	0.946281	4.13223e-05	0	0.853881	0
	0.128	8.26446e-05	6.19835e-05	0.99793	0.946281	6.19835e-05	2.06612e-05	0.853881	0
	0.129	0.000103306	0	0.99793	0.946281	4.13223e-05	4.13223e-05	0.853881	0
	0.13	2.06612e-05	4.13223e-05	0.99793	0.946281	4.13223e-05	4.13223e-05	0.853881	0
	0.131	4.13223e-05	0	0.99793	0.946281	2.06612e-05	4.13223e-05	0.853881	0
	0.132	0.000144628	4.13223e-05	0.99793	0.946281	0.000103306	4.13223e-05	0.853881	0
	0.133	4.13223e-05	0	0.99793	0.946281	6.19835e-05	0	0.853881	0
	0.134	6.19835e-05	4.13223e-05	0.99793	0.946281	8.26446e-05	8.26446e-05	0.853881	0
	0.135	2.06612e-05	0	0.99793	0.946281	8.26446e-05	2.06612e-05	0.853881	0
	0.136	0	0	0.99793	0.946281	4.13223e-05	8.26446e-05	0.853881	0
	0.137	0	2.06612e-05	0.99793	0.946281	6.19835e-05	2.06612e-05	0.853881	0
	0.138	2.06612e-05	6.19835e-05	0.99793	0.946281	2.06612e-05	2.06612e-05	0.853881	0
	0.139	4.13223e-05	4.13223e-05	0.99793	0.946281	6.19835e-05	2.06612e-05	0.853881	0
	0.14	2.06612e-05	2.06612e-05	0.99793	0.944215	0.000123967	4.13223e-05	0.853881	0
	0.141	2.06612e-05	0	0.99793	0.944215	0.000103306	2.06612e-05	0.853881	0
	0.142	2.06612e-05	6.19835e-05	0.99793	0.944215	4.13223e-05	6.19835e-05	0.853881	0
	0.143	2.06612e-05	2.06612e-05	0.99793	0.942149	0.000103306	2.06612e-05	0.853881	0
	0.144	2.06612e-05	4.13223e-05	0.99793	0.942149	0.000103306	0	0.853881	0
	0.145	0	2.06612e-05	0.99793	0.942149	4.13223e-05	2.06612e-05	0.853881	0
	0.146	4.13223e-05	4.13223e-05	0.99793	0.942149	0.000144628	2.06612e-05	0.853881	0
	0.147	2.06612e-05	0	0.99793	0.942149	6.19835e-05	6.19835e-05	0.853881	0
	0.148	0	4.13223e-05	0.99793	0.942149	2.06612e-05	2.06612e-05	0.853881	0
	0.149	0	4.13223e-05	0.99793	0.942149	4.13223e-05	0	0.853881	0
	0.15	2.06612e-05	2.06612e-05	0.99793	0.942149	4.13223e-05	2.06612e-05	0.853881	0
	0.151	0	2.06612e-05	0.99793	0.940083	4.13223e-05	8.26446e-05	0.853881	0
	0.152	0	4.13223e-05	0.99793	0.940083	0	6.19835e-05	0.853881	0
	0.153	0	0	0.99793	0.940083	4.13223e-05	0	0.853881	0
	0.154	0	6.19835e-05	0.99793	0.940083	2.06612e-05	2.06612e-05	0.853881	0
	0.155	0	0	0.99793	0.938017	2.06612e-05	2.06612e-05	0.853881	0
	0.156	0	4.13223e-05	0.99793	0.938017	4.13223e-05	2.06612e-05	0.853881	0
	0.157	0	6.19835e-05	0.99793	0.938017	2.06612e-05	2.06612e-05	0.853881	0
	0.158	0	2.06612e-05	0.99793	0.93595	2.06612e-05	0	0.853881	0
	0.159	0	4.13223e-05	0.99793	0.93595	2.06612e-05	0	0.853881	0
	0.16	0	6.19835e-05	0.99793	0.933884	4.13223e-05	8.26446e-05	0.849315	0
	0.161	0	4.13223e-05	0.99793	0.929752	0	8.26446e-05	0.844749	0
	0.162	2.06612e-05	6.19835e-05	0.99793	0.927686	4.13223e-05	0	0.844749	0
	0.163	0	2.06612e-05	1	0.92562	0	0	0.844749	0
	0.164	0	6.19835e-05	1	0.92562	6.19835e-05	2.06612e-05	0.844749	0
	0.165	0	4.13223e-05	1	0.92562	6.19835e-05	4.13223e-05	0.844749	0
	0.166	0	4.13223e-05	1	0.92562	2.06612e-05	6.19835e-05	0.844749	0
	0.167	0	6.19835e-05	1	0.92562	8.26446e-05	0	0.844749	0
	0.168	0	6.19835e-05	1	0.923554	6.19835e-05	0	0.844749	0
	0.169	0	4.13223e-05	1	0.923554	2.06612e-05	4.13223e-05	0.844749	0
	0.17	0	4.13223e-05	1	0.921488	4.13223e-05	0	0.844749	0
	0.171	0	4.13223e-05	1	0.919421	4.13223e-05	6.19835e-05	0.844749	0
	0.172	0	4.13223e-05	1	0.919421	8.26446e-05	8.26446e-05	0.844749	0
	0.173	0	2.06612e-05	1	0.917355	2.06612e-05	0	0.844749	0
	0.174	0	2.06612e-05	1	0.917355	2.06612e-05	2.06612e-05	0.844749	0
	0.175	2.06612e-05	0	1	0.917355	6.19835e-05	0	0.844749	0
	0.176	0	4.13223e-05	0.997925	0.917355	4.13223e-05	8.26446e-05	0.848624	0
	0.177	0	2.06612e-05	0.997925	0.915289	0.000123967	4.13223e-05	0.848624	0
	0.178	4.13223e-05	2.06612e-05	0.997925	0.913223	6.19835e-05	0	0.848624	0
	0.179	0	2.06612e-05	0.995851	0.913223	0.000247934	4.13223e-05	0.848624	0
	0.18	2.06612e-05	4.13223e-05	0.995851	0.913223	0.000144628	2.06612e-05	0.848624	0
	0.181	0	0	0.995851	0.913223	0.000123967	2.06612e-05	0.848624	0
	0.182	2.06612e-05	0	0.995851	0.913223	0.00018595	4.13223e-05	0.848624	0
	0.183	4.13223e-05	0	0.995851	0.913223	0.000165289	2.06612e-05	0.848624	0
	0.184	4.13223e-05	0	0.995851	0.913223	0.000103306	4.13223e-05	0.848624	0
	0.185	4.13223e-05	2.06612e-05	0.995851	0.913223	0.000165289	0	0.848624	0
	0.186	8.26446e-05	4.13223e-05	0.995851	0.913223	0.00018595	4.13223e-05	0.848624	0
	0.187	6.19835e-05	4.13223e-05	0.995851	0.913223	0.000165289	2.06612e-05	0.848624	0
	0.188	0.000103306	4.13223e-05	0.995851	0.913223	0.000123967	0	0.848624	0
	0.189	4.13223e-05	6.19835e-05	0.995851	0.913223	0.000123967	8.26446e-05	0.848624	0
	0.19	4.13223e-05	0	0.995851	0.913223	0.000206612	2.06612e-05	0.848624	0
	0.191	8.26446e-05	0	0.995851	0.913223	0.000165289	2.06612e-05	0.848624	0
	0.192	0.000123967	4.13223e-05	0.995851	0.913223	8.26446e-05	4.13223e-05	0.848624	0
	0.193	0.000103306	8.26446e-05	0.995851	0.911157	0.000165289	6.19835e-05	0.848624	0
	0.194	8.26446e-05	2.06612e-05	0.995851	0.911157	0.000268595	8.26446e-05	0.848624	0
	0.195	0.000165289	2.06612e-05	0.995851	0.911157	0.000247934	0	0.848624	0
	0.196	0.000165289	8.26446e-05	0.995851	0.911157	0.000165289	0	0.844037	0
	0.197	0.000144628	6.19835e-05	0.995851	0.911157	0.000123967	0	0.844037	0
	0.198	8.26446e-05	4.13223e-05	0.995851	0.911157	0.000165289	8.26446e-05	0.844037	0
	0.199	6.19835e-05	2.06612e-05	0.995851	0.911157	0.000123967	6.19835e-05	0.844037	0
	0.2	0.000247934	4.13223e-05	0.995851	0.911157	0.000103306	6.19835e-05	0.83945	0
	0.201	4.13223e-05	4.13223e-05	0.995851	0.911157	0.000227273	0.000103306	0.834862	0
	0.202	0.000165289	4.13223e-05	0.995851	0.911157	0.000144628	6.19835e-05	0.834862	0
	0.203	0.000165289	8.26446e-05	0.995851	0.909091	0.000103306	0.000103306	0.834862	0
	0.204	0.000144628	8.26446e-05	0.995851	0.907025	0.000206612	4.13223e-05	0.834862	0
	0.205	0.000289256	2.06612e-05	0.995851	0.907025	0.000123967	6.19835e-05	0.834862	0
	0.206	0.000103306	4.13223e-05	0.995851	0.907025	0.00018595	0.000123967	0.834862	0
	0.207	0.000123967	2.06612e-05	0.995851	0.907025	0.000206612	4.13223e-05	0.83871	0
	0.208	0.000103306	2.06612e-05	0.995851	0.907025	0.000144628	8.26446e-05	0.83871	0
	0.209	8.26446e-05	6.19835e-05	0.995851	0.907025	0.00018595	2.06612e-05	0.83871	0
	0.21	8.26446e-05	2.06612e-05	0.995851	0.904959	0.000206612	2.06612e-05	0.83871	0
	0.211	8.26446e-05	0	0.995851	0.904959	0.000103306	6.19835e-05	0.83871	0
	0.212	0.000144628	6.19835e-05	0.995851	0.904959	0.000268595	4.13223e-05	0.83871	0
	0.213	0.000144628	0	0.995851	0.904959	0.000144628	4.13223e-05	0.842593	0
	0.214	2.06612e-05	4.13223e-05	0.995851	0.904959	0.000165289	8.26446e-05	0.842593	0
	0.215	0.000123967	2.06612e-05	0.995851	0.904959	0.000247934	8.26446e-05	0.842593	0
	0.216	0.000103306	4.13223e-05	0.993776	0.904959	0.000103306	4.13223e-05	0.842593	0
	0.217	4.13223e-05	0	0.991701	0.904959	0.000123967	4.13223e-05	0.842593	0
	0.218	0.000123967	4.13223e-05	0.991701	0.904959	0.000309917	4.13223e-05	0.842593	0
	0.219	6.19835e-05	2.06612e-05	0.991701	0.904959	0.000165289	0	0.842593	0
	0.22	4.13223e-05	2.06612e-05	0.991701	0.904959	0.000144628	6.19835e-05	0.842593	0
	0.221	6.19835e-05	2.06612e-05	0.991701	0.904959	0.000165289	4.13223e-05	0.842593	0
	0.222	2.06612e-05	0	0.991701	0.904959	0.00018595	2.06612e-05	0.842593	0
	0.223	2.06612e-05	0	0.991701	0.904959	0.000227273	2.06612e-05	0.846512	0
	0.224	8.26446e-05	8.26446e-05	0.991701	0.904959	0.000165289	0.000123967	0.846512	0
	0.225	8.26446e-05	2.06612e-05	0.991701	0.904959	0.000144628	4.13223e-05	0.846512	0
	0.226	8.26446e-05	2.06612e-05	0.991701	0.904959	0.000330579	6.19835e-05	0.846512	0
	0.227	4.13223e-05	4.13223e-05	0.991701	0.904959	0.000123967	0.000103306	0.846512	0
	0.228	8.26446e-05	4.13223e-05	0.991701	0.904959	0.000206612	8.26446e-05	0.846512	0
	0.229	8.26446e-05	4.13223e-05	0.991701	0.904959	0.000123967	0.000103306	0.846512	0
	0.23	0.000103306	2.06612e-05	0.991701	0.904959	0.000206612	6.19835e-05	0.846512	0
	0.231	0.000103306	4.13223e-05	0.993763	0.904959	0.000206612	0	0.846512	0
	0.232	0.000103306	4.13223e-05	0.993763	0.904959	0.000330579	6.19835e-05	0.846512	0
	0.233	0.000165289	4.13223e-05	0.993763	0.904959	0.000227273	4.13223e-05	0.846512	0
	0.234	6.19835e-05	2.06612e-05	0.993763	0.904959	0.00018595	8.26446e-05	0.846512	0
	0.235	0.000123967	4.13223e-05	0.993763	0.902893	0.000123967	0.000123967	0.846512	0
	0.236	0.000165289	0	0.993763	0.902893	0.000144628	6.19835e-05	0.846512	0
	0.237	0.000123967	4.13223e-05	0.995833	0.902893	0.000165289	0.000103306	0.846512	0
	0.238	0.000165289	0.000103306	0.995833	0.900826	0.000227273	0.000103306	0.846512	0
	0.239	0.000123967	6.19835e-05	0.995833	0.900826	0.000144628	4.13223e-05	0.846512	0
	0.24	0.000144628	2.06612e-05	0.995833	0.900826	0.00018595	0.000144628	0.846512	0
	0.241	8.26446e-05	4.13223e-05	0.995833	0.900826	0.00018595	6.19835e-05	0.84186	0
	0.242	8.26446e-05	8.26446e-05	0.99375	0.896694	0.000103306	0.000103306	0.84186	0
	0.243	6.19835e-05	4.13223e-05	0.99375	0.896694	0.000103306	0.000103306	0.84186	0
	0.244	0.000123967	0	0.99375	0.896694	8.26446e-05	8.26446e-05	0.84186	0
	0.245	0.00018595	0	0.99375	0.896694	0.000165289	4.13223e-05	0.84186	0
	0.246	6.19835e-05	0.000123967	0.991667	0.896694	6.19835e-05	6.19835e-05	0.84186	0
	0.247	0.000165289	2.06612e-05	0.989583	0.894628	0.000103306	2.06612e-05	0.845794	0
	0.248	6.19835e-05	2.06612e-05	0.989583	0.894628	4.13223e-05	6.19835e-05	0.845794	0
	0.249	0.000103306	4.13223e-05	0.989583	0.894628	0	0	0.845794	0
	0.25	0.00018595	0	0.989583	0.894628	4.13223e-05	6.19835e-05	0.845794	0
	0.251	0.000165289	4.13223e-05	0.989583	0.894628	6.19835e-05	4.13223e-05	0.845794	0
	0.252	0.000227273	2.06612e-05	0.989583	0.894628	0	6.19835e-05	0.845794	0
	0.253	0.000289256	2.06612e-05	0.9875	0.894628	0	8.26446e-05	0.845794	0
	0.254	0.000144628	8.26446e-05	0.9875	0.894628	4.13223e-05	6.19835e-05	0.845794	0
	0.255	0.000289256	2.06612e-05	0.9875	0.894628	0	0.000103306	0.845794	0
	0.256	0.00018595	6.19835e-05	0.9875	0.894628	6.19835e-05	0.000165289	0.845794	0
	0.257	0.000123967	4.13223e-05	0.9875	0.894628	0	2.06612e-05	0.849765	0
	0.258	0.000268595	6.19835e-05	0.9875	0.894628	0	4.13223e-05	0.849765	0
	0.259	0.000144628	2.06612e-05	0.9875	0.894628	8.26446e-05	0.000123967	0.849765	0
	0.26	0.000123967	4.13223e-05	0.9875	0.894628	2.06612e-05	0.000103306	0.840376	0
	0.261	0.000144628	4.13223e-05	0.9875	0.894628	2.06612e-05	0.000103306	0.840376	0
	0.262	0.000165289	2.06612e-05	0.9875	0.894628	4.13223e-05	6.19835e-05	0.840376	0
	0.263	0.000165289	4.13223e-05	0.9875	0.894628	6.19835e-05	8.26446e-05	0.84434	0
	0.264	8.26446e-05	6.19835e-05	0.9875	0.894628	8.26446e-05	0.000103306	0.839623	0
	0.265	0.000144628	4.13223e-05	0.9875	0.894628	2.06612e-05	0.000123967	0.839623	0
	0.266	0.000227273	6.19835e-05	0.9875	0.892562	2.06612e-05	0.00018595	0.839623	0
	0.267	0.000123967	2.06612e-05	0.9875	0.890496	0.000123967	0.000144628	0.839623	0
	0.268	0.000144628	2.06612e-05	0.9875	0.890496	8.26446e-05	0.000103306	0.839623	0
	0.269	0.000206612	4.13223e-05	0.9875	0.890496	6.19835e-05	8.26446e-05	0.843602	0
	0.27	8.26446e-05	0	0.9875	0.890496	0.000103306	0.000103306	0.843602	0
	0.271	0.000144628	4.13223e-05	0.9875	0.890496	6.19835e-05	6.19835e-05	0.843602	0
	0.272	0.000144628	4.13223e-05	0.9875	0.88843	0.000103306	0.000103306	0.843602	0
	0.273	0.000144628	4.13223e-05	0.9875	0.88843	0.000103306	0.000103306	0.843602	0
	0.274	0.00018595	4.13223e-05	0.9875	0.88843	0.000123967	8.26446e-05	0.843602	0
	0.275	0.000165289	4.13223e-05	0.9875	0.88843	0.000268595	4.13223e-05	0.843602	0
	0.276	0.000227273	4.13223e-05	0.9875	0.886364	0.000144628	0.000123967	0.843602	0
	0.277	0.000123967	8.26446e-05	0.9875	0.886364	0.000144628	8.26446e-05	0.843602	0
	0.278	0.00018595	0.000103306	0.985417	0.886364	0.00018595	0	0.843602	0
	0.279	0.000309917	0	0.987474	0.886364	0.000247934	0.000144628	0.843602	0
	0.28	0.000206612	8.26446e-05	0.98954	0.886364	0.000206612	4.13223e-05	0.843602	0
	0.281	0.000309917	2.06612e-05	0.98954	0.884298	0.000247934	2.06612e-05	0.843602	0
	0.282	0.000206612	6.19835e-05	0.98954	0.884298	0.000227273	6.19835e-05	0.843602	0
	0.283	0.000247934	8.26446e-05	0.98954	0.882231	0.000206612	8.26446e-05	0.838863	0
	0.284	0.00018595	6.19835e-05	0.98954	0.882231	0.000144628	6.19835e-05	0.838863	0
	0.285	0.00018595	0.000103306	0.98954	0.882231	0.000247934	8.26446e-05	0.838863	0
	0.286	0.00018595	4.13223e-05	0.98954	0.880165	0.00018595	0.000165289	0.838863	0
	0.287	0.000268595	8.26446e-05	0.98954	0.880165	0.000165289	0.000103306	0.838863	0
	0.288	8.26446e-05	6.19835e-05	0.98954	0.880165	0.000309917	0.000123967	0.838863	0
	0.289	0.000247934	8.26446e-05	0.98954	0.876033	0.000392562	0.000123967	0.838863	0
	0.29	0.000227273	2.06612e-05	0.987448	0.876033	0.000247934	6.19835e-05	0.838863	0
	0.291	0.000247934	8.26446e-05	0.987448	0.876033	0.000247934	0.000165289	0.838863	0
	0.292	0.000123967	0.000165289	0.987448	0.871901	0.000330579	0.000123967	0.838863	0
	0.293	0.000144628	4.13223e-05	0.987448	0.869835	0.000371901	0.00018595	0.838863	0
	0.294	0.000268595	0	0.987448	0.867769	0.000330579	6.19835e-05	0.838863	0
	0.295	0.000123967	2.06612e-05	0.987448	0.867769	0.000309917	4.13223e-05	0.838863	0
	0.296	0.000123967	8.26446e-05	0.987448	0.867769	0.000206612	0.000103306	0.838863	0
	0.297	0.000103306	0	0.987448	0.865702	0.000165289	0.000165289	0.838863	0
	0.298	0.000123967	8.26446e-05	0.987448	0.865702	0.000268595	6.19835e-05	0.838863	0
	0.299	0.000247934	2.06612e-05	0.987448	0.865702	0.000227273	0.000123967	0.838863	0
	0.3	4.13223e-05	0.000123967	0.985356	0.865702	0.000289256	0.000103306	0.838863	0
	0.301	0.000123967	6.19835e-05	0.985356	0.865702	0.000289256	6.19835e-05	0.838863	0
	0.302	0.000165289	2.06612e-05	0.985356	0.863636	0.000227273	0.00018595	0.838863	0
	0.303	0.000103306	6.19835e-05	0.985356	0.86157	0.00035124	2.06612e-05	0.838863	0
	0.304	0.00018595	8.26446e-05	0.985356	0.86157	0.000206612	0.000103306	0.838863	0
	0.305	0.000123967	4.13223e-05	0.987421	0.859504	0.000144628	0.000206612	0.838863	0
	0.306	8.26446e-05	6.19835e-05	0.987421	0.857438	0.00035124	0.000123967	0.838863	0
	0.307	8.26446e-05	4.13223e-05	0.987421	0.857438	0.000144628	0.000103306	0.838863	0
	0.308	0.000123967	6.19835e-05	0.987421	0.857438	0.000103306	0.000165289	0.838863	0
	0.309	0.000144628	4.13223e-05	0.987421	0.857438	0.000206612	0.000206612	0.838863	0
	0.31	0.000123967	4.13223e-05	0.987421	0.857438	0.000144628	0.000144628	0.842857	0
	0.311	0.000123967	6.19835e-05	0.987421	0.857438	0.000165289	0.00018595	0.842857	0
	0.312	6.19835e-05	8.26446e-05	0.985325	0.857438	8.26446e-05	0.000144628	0.842857	0
	0.313	0.000165289	4.13223e-05	0.985325	0.857438	0.000268595	0.000123967	0.842857	0
	0.314	0.000206612	4.13223e-05	0.985325	0.857438	0.000103306	0.000144628	0.842857	0
	0.315	0.000165289	0	0.983229	0.857438	0.00018595	0.000227273	0.842857	0
	0.316	0.000103306	8.26446e-05	0.983229	0.857438	0.000165289	4.13223e-05	0.84689	0
	0.317	0.000165289	4.13223e-05	0.983229	0.857438	0.000103306	6.19835e-05	0.84689	0
	0.318	0.00018595	2.06612e-05	0.983229	0.857438	0.000144628	0.000123967	0.850962	0
	0.319	0.00018595	8.26446e-05	0.983229	0.857438	0.000144628	0.000123967	0.850962	0
	0.32	2.06612e-05	8.26446e-05	0.983193	0.857438	4.13223e-05	0.000227273	0.855072	0
	0.321	0.000206612	4.13223e-05	0.983193	0.857438	6.19835e-05	0.000206612	0.855072	0
	0.322	0.000165289	4.13223e-05	0.983158	0.857438	0.00018595	0.000206612	0.859223	0
	0.323	0.000165289	4.13223e-05	0.981053	0.857438	2.06612e-05	0.000103306	0.854369	0
	0.324	0.000123967	6.19835e-05	0.981053	0.857438	0.000103306	0.000144628	0.858537	0
	0.325	0.000289256	0.000103306	0.981053	0.857438	0.000165289	0.00018595	0.858537	0
	0.326	0.000227273	6.19835e-05	0.981053	0.855372	2.06612e-05	0.000289256	0.84878	0
	0.327	0.000144628	2.06612e-05	0.981053	0.855372	0.000103306	0.000165289	0.84878	0
	0.328	0.000123967	8.26446e-05	0.981053	0.855372	8.26446e-05	0.000289256	0.84878	0
	0.329	0.000247934	6.19835e-05	0.981053	0.855372	0.000165289	0.00018595	0.852941	0
	0.33	0.000103306	2.06612e-05	0.983122	0.855372	8.26446e-05	0.000123967	0.852941	0
	0.331	0.00018595	8.26446e-05	0.983122	0.855372	8.26446e-05	0.000206612	0.852941	0
	0.332	0.000268595	6.19835e-05	0.983122	0.855372	2.06612e-05	4.13223e-05	0.852941	0
	0.333	0.000206612	2.06612e-05	0.983122	0.855372	6.19835e-05	0.000144628	0.852941	0
	0.334	0.000206612	0.000103306	0.978903	0.855372	4.13223e-05	0.000206612	0.852941	0
	0.335	0.00018595	8.26446e-05	0.978903	0.855372	0.000206612	0.000144628	0.852941	0
	0.336	0.000247934	0.000103306	0.978903	0.855372	0.000165289	0.000123967	0.852217	0
	0.337	0.000268595	4.13223e-05	0.976793	0.853306	0.000123967	0.000165289	0.847291	0
	0.338	0.000227273	6.19835e-05	0.976793	0.853306	0.00018595	0.000123967	0.847291	0
	0.339	0.000309917	6.19835e-05	0.976793	0.853306	6.19835e-05	0.000227273	0.851485	0
	0.34	0.00018595	0.000123967	0.976793	0.853306	0.000123967	0.000165289	0.851485	0
	0.341	0.000206612	8.26446e-05	0.974684	0.853306	0.000268595	0.00018595	0.851485	0
	0.342	0.00035124	0.000144628	0.974684	0.853306	0.000144628	0.000123967	0.851485	0
	0.343	0.000227273	6.19835e-05	0.974684	0.853306	6.19835e-05	0.000103306	0.851485	0
	0.344	0.000309917	0.000123967	0.974684	0.853306	0.000247934	0.000206612	0.851485	0
	0.345	0.000206612	4.13223e-05	0.974684	0.85124	0.000144628	0.000289256	0.851485	0
	0.346	0.000289256	0.000103306	0.972574	0.849174	0.000144628	0.00018595	0.851485	0
	0.347	0.000309917	6.19835e-05	0.972574	0.847107	0.000144628	0.000206612	0.851485	0
	0.348	0.000206612	8.26446e-05	0.972574	0.847107	4.13223e-05	0.00018595	0.851485	0
	0.349	0.000392562	0.000103306	0.972574	0.845041	0.000123967	0.00018595	0.851485	0
	0.35	0.000247934	8.26446e-05	0.972574	0.842975	0.000206612	0.000144628	0.851485	0
	0.351	0.000392562	6.19835e-05	0.972574	0.842975	0.000206612	0.000268595	0.851485	0
	0.352	0.000309917	0.000144628	0.972574	0.842975	0.000330579	0.000165289	0.851485	0
	0.353	0.000371901	4.13223e-05	0.97463	0.842975	0.000289256	0.000206612	0.851485	0
	0.354	0.000516529	6.19835e-05	0.97463	0.842975	0.000330579	0.000165289	0.851485	0
	0.355	0.000475207	4.13223e-05	0.972516	0.842975	0.000227273	0.000123967	0.851485	0
	0.356	0.000495868	4.13223e-05	0.972516	0.842975	0.000330579	0.000247934	0.851485	0
	0.357	0.000495868	0.000165289	0.970402	0.842975	0.000268595	0.00018595	0.851485	0
	0.358	0.000454545	8.26446e-05	0.970402	0.842975	0.000413223	0.00018595	0.851485	0
	0.359	0.000454545	0.000103306	0.970402	0.842975	0.000268595	0.000165289	0.851485	0
	0.36	0.000557851	0.000103306	0.970402	0.842975	0.000309917	0.00035124	0.851485	0
	0.361	0.000371901	0.000165289	0.968288	0.842975	0.000268595	0.000247934	0.851485	0
	0.362	0.000475207	8.26446e-05	0.966173	0.840909	0.000247934	0.00035124	0.851485	0
	0.363	0.000475207	2.06612e-05	0.966173	0.840909	0.000309917	0.000227273	0.851485	0
	0.364	0.000516529	2.06612e-05	0.966173	0.840909	0.000475207	0.000247934	0.851485	0
	0.365	0.000516529	0.000123967	0.966173	0.840909	0.000289256	0.000144628	0.851485	0
	0.366	0.000413223	0.000123967	0.966173	0.840909	0.000289256	0.000268595	0.851485	0
	0.367	0.000495868	0.000103306	0.966173	0.840909	0.000433884	0.000206612	0.851485	0
	0.368	0.000475207	8.26446e-05	0.966173	0.840909	0.00018595	0.000123967	0.851485	0
	0.369	0.000371901	0.000123967	0.966173	0.840909	0.000516529	0.000330579	0.851485	0
	0.37	0.000371901	0.000123967	0.966173	0.838843	0.000475207	0.000309917	0.855721	0
	0.371	0.000578512	8.26446e-05	0.966173	0.838843	0.000247934	0.00035124	0.86	0
	0.372	0.000413223	0.000103306	0.966173	0.838843	0.000371901	0.000247934	0.86	0
	0.373	0.000640496	4.13223e-05	0.966173	0.838843	0.000392562	0.000371901	0.86	0
	0.374	0.000433884	0.000103306	0.966173	0.836777	0.000371901	0.000165289	0.86	0
	0.375	0.000475207	0.000206612	0.966173	0.836777	0.000433884	0.000309917	0.86	0
	0.376	0.000681818	8.26446e-05	0.959831	0.832645	0.000475207	0.000289256	0.859296	0
	0.377	0.000599174	0.000144628	0.959831	0.832645	0.000247934	0.000206612	0.859296	0
	0.378	0.000516529	0.000123967	0.959831	0.832645	0.000392562	0.00035124	0.859296	0
	0.379	0.000557851	0.000103306	0.959831	0.832645	0.000289256	0.000330579	0.859296	0
	0.38	0.00053719	6.19835e-05	0.957717	0.832645	0.000413223	0.000227273	0.859296	0
	0.381	0.000578512	0.000103306	0.959746	0.832645	0.000309917	0.000268595	0.859296	0
	0.382	0.000475207	6.19835e-05	0.959746	0.830579	0.00035124	0.000227273	0.863636	0
	0.383	0.000495868	0.000103306	0.959746	0.830579	0.00018595	0.000495868	0.863636	0
	0.384	0.000578512	0.000144628	0.961783	0.830579	0.000495868	0.000309917	0.863636	0
	0.385	0.000433884	0.000103306	0.961783	0.830579	0.00035124	0.000309917	0.863636	0
	0.386	0.000578512	8.26446e-05	0.961783	0.830579	0.000309917	0.000371901	0.858586	0
	0.387	0.000578512	0.000103306	0.96383	0.830579	0.000289256	0.000247934	0.862944	0
	0.388	0.000578512	0.000103306	0.961702	0.830579	0.000289256	0.000227273	0.862944	0
	0.389	0.000661157	8.26446e-05	0.961702	0.828512	0.000413223	0.000371901	0.857868	0
	0.39	0.000599174	0.000103306	0.963753	0.826446	0.00018595	0.000371901	0.857868	0
	0.391	0.000599174	8.26446e-05	0.959488	0.826446	0.000289256	0.000413223	0.857868	0
	0.392	0.00053719	4.13223e-05	0.959488	0.826446	0.000371901	0.000413223	0.852792	0
	0.393	0.000475207	0.000103306	0.959488	0.82438	0.000330579	0.000268595	0.852792	0
	0.394	0.000433884	8.26446e-05	0.961538	0.82438	0.000330579	0.000454545	0.852792	0
	0.395	0.00035124	0.000123967	0.961538	0.82438	0.000371901	0.000309917	0.847716	0
	0.396	0.000557851	0.000144628	0.961538	0.820248	0.000268595	0.000309917	0.847716	0
	0.397	0.000413223	0.000123967	0.963597	0.820248	0.000392562	0.000392562	0.847716	0
	0.398	0.000516529	6.19835e-05	0.963597	0.820248	0.000309917	0.00035124	0.846939	0
	0.399	0.00035124	0.000123967	0.965665	0.818182	0.000413223	0.000495868	0.846939	0
	0.4	0.000475207	0.000103306	0.965665	0.816116	0.000206612	0.000392562	0.846939	0
	0.401	0.000619835	8.26446e-05	0.963519	0.816116	0.000371901	0.000392562	0.851282	0
	0.402	0.000599174	0.000103306	0.963519	0.81405	0.000330579	0.000413223	0.851282	0
	0.403	0.000764463	8.26446e-05	0.963519	0.809917	0.00035124	0.00053719	0.85567	0
	0.404	0.000371901	4.13223e-05	0.963519	0.809917	0.000289256	0.000268595	0.860104	0
	0.405	0.000392562	8.26446e-05	0.963519	0.809917	0.000268595	0.00035124	0.854922	0
	0.406	0.000392562	0.000123967	0.963519	0.809917	0.000165289	0.000392562	0.854922	0
	0.407	0.00053719	0.000123967	0.963519	0.809917	0.000247934	0.000599174	0.854922	0
	0.408	0.000495868	0.000123967	0.963519	0.809917	0.000289256	0.000392562	0.854922	0
	0.409	0.000413223	0.000144628	0.965591	0.809917	0.000247934	0.000330579	0.854922	0
	0.41	0.000516529	4.13223e-05	0.967672	0.809917	0.000371901	0.000371901	0.859375	0
	0.411	0.000371901	0.000144628	0.967672	0.809917	0.00035124	0.000475207	0.859375	0
	0.412	0.000599174	8.26446e-05	0.967672	0.809917	0.000433884	0.000371901	0.858639	0
	0.413	0.000516529	0.000103306	0.967672	0.809917	0.000371901	0.000433884	0.858639	0
	0.414	0.000619835	0.000123967	0.969762	0.809917	0.000454545	0.000413223	0.858639	0
	0.415	0.000681818	6.19835e-05	0.969762	0.807851	0.000371901	0.000475207	0.863158	0
	0.416	0.000206612	0.000123967	0.971861	0.807851	0.000516529	0.000454545	0.863158	0
	0.417	0.000330579	6.19835e-05	0.971861	0.807851	0.000413223	0.000392562	0.863158	0
	0.418	0.00053719	6.19835e-05	0.971861	0.807851	0.000268595	0.000557851	0.867725	0
	0.419	0.000413223	4.13223e-05	0.97397	0.807851	0.000289256	0.000454545	0.867725	0
	0.42	0.000268595	0.00018595	0.97397	0.807851	0.000475207	0.000495868	0.867725	0
	0.421	0.000289256	0.000103306	0.97397	0.805785	0.000371901	0.000578512	0.867725	0
	0.422	0.000289256	0.000165289	0.97397	0.805785	0.000330579	0.000371901	0.857143	0
	0.423	0.000433884	6.19835e-05	0.97397	0.805785	0.000619835	0.000681818	0.851852	0
	0.424	0.00035124	0.000103306	0.97397	0.803719	0.000392562	0.000557851	0.851852	0
	0.425	0.000371901	0.000165289	0.973913	0.803719	0.000495868	0.000619835	0.851852	0
	0.426	0.000330579	6.19835e-05	0.973913	0.803719	0.000433884	0.000640496	0.846561	0
	0.427	0.000371901	0.000103306	0.973913	0.803719	0.000413223	0.000785124	0.846561	0
	0.428	0.000371901	0.000123967	0.973913	0.803719	0.000578512	0.000619835	0.851064	0
	0.429	0.000371901	0.000123967	0.973913	0.803719	0.000557851	0.000702479	0.851064	0
	0.43	0.000289256	0.000103306	0.973913	0.803719	0.000743802	0.000743802	0.851064	0
	0.431	0.000289256	0.000206612	0.973913	0.803719	0.000702479	0.000475207	0.850267	0
	0.432	0.000289256	0.000103306	0.971739	0.803719	0.000433884	0.000743802	0.849462	0
	0.433	0.000309917	0.000165289	0.971739	0.803719	0.000475207	0.000867769	0.849462	0
	0.434	0.000475207	0.000165289	0.971739	0.803719	0.000516529	0.00035124	0.854054	0
	0.435	0.000289256	2.06612e-05	0.973856	0.803719	0.000330579	0.00053719	0.848649	0
	0.436	0.000371901	0.000144628	0.973856	0.803719	0.000640496	0.000702479	0.848649	0
	0.437	0.000289256	0.000123967	0.973856	0.801653	0.000640496	0.000661157	0.848649	0
	0.438	0.000227273	0.000165289	0.973856	0.801653	0.000681818	0.000805785	0.843243	0
	0.439	0.000392562	0.000206612	0.973856	0.799587	0.000475207	0.000785124	0.837838	0
	0.44	0.000206612	0.000123967	0.973856	0.799587	0.000475207	0.00115702	0.837838	0
	0.441	0.000206612	0.000165289	0.973856	0.799587	0.000764463	0.00072314	0.842391	0
	0.442	0.000165289	0.00018595	0.971678	0.799587	0.000619835	0.000702479	0.842391	0
	0.443	0.00018595	0.000227273	0.973799	0.799587	0.000516529	0.000599174	0.842391	0
	0.444	0.000289256	0.000165289	0.973742	0.797521	0.000805785	0.000743802	0.836957	0
	0.445	0.000247934	0.000103306	0.973742	0.797521	0.000640496	0.000929752	0.831522	0
	0.446	0.000123967	8.26446e-05	0.973742	0.797521	0.000681818	0.000971074	0.831522	0
	0.447	0.000227273	0.000206612	0.973742	0.797521	0.000495868	0.000826446	0.831522	0
	0.448	0.00018595	0.000247934	0.973742	0.797521	0.000578512	0.00088843	0.825137	0
	0.449	0.000144628	0.000144628	0.973742	0.797521	0.000640496	0.000929752	0.808743	0
	0.45	0.000289256	6.19835e-05	0.975877	0.797521	0.000640496	0.000743802	0.803279	0
	0.451	0.000227273	0.000227273	0.975877	0.795455	0.000681818	0.000826446	0.797814	0
	0.452	4.13223e-05	0.000165289	0.978022	0.793388	0.000785124	0.000867769	0.797814	0
	0.453	0.000247934	8.26446e-05	0.978022	0.791322	0.000371901	0.00088843	0.797814	0
	0.454	0.000123967	0.000165289	0.978022	0.791322	0.000971074	0.000826446	0.802198	0
	0.455	0.000227273	0.000309917	0.978022	0.791322	0.000599174	0.00107438	0.796703	0
	0.456	0.000206612	0.000123967	0.978022	0.789256	0.000909091	0.000743802	0.791209	0
	0.457	0.000123967	0.000103306	0.978022	0.78719	0.00072314	0.00105372	0.791209	0
	0.458	0.000165289	0.000144628	0.978022	0.78719	0.000619835	0.000702479	0.785714	0
	0.459	0.000206612	0.000103306	0.980176	0.785124	0.000909091	0.00105372	0.790055	0
	0.46	0.000165289	0.000144628	0.980176	0.785124	0.000826446	0.000805785	0.78453	0
	0.461	0.000165289	0.000103306	0.980176	0.785124	0.000826446	0.00113636	0.78453	0
	0.462	0.000144628	0.000165289	0.98234	0.785124	0.000661157	0.000971074	0.779006	0
	0.463	0.000289256	4.13223e-05	0.984513	0.785124	0.000743802	0.00107438	0.783333	0
	0.464	0.00018595	0.000144628	0.982301	0.785124	0.00109504	0.000785124	0.777778	0
	0.465	6.19835e-05	0.000103306	0.982301	0.785124	0.00088843	0.000867769	0.777778	0
	0.466	0.000309917	0.000103306	0.982301	0.785124	0.00103306	0.00117769	0.780899	0
	0.467	0.000165289	0.000123967	0.982301	0.783058	0.0010124	0.00121901	0.775281	0
	0.468	0.000206612	0.000144628	0.984479	0.780992	0.000950413	0.000971074	0.779661	0
	0.469	0.00018595	0.000103306	0.984479	0.780992	0.000971074	0.000950413	0.774011	0
	0.47	0.000289256	0.000206612	0.984479	0.780992	0.000991736	0.0011157	0.768362	0
	0.471	8.26446e-05	0.000123967	0.988864	0.780992	0.00105372	0.00105372	0.768362	0
	0.472	0.000309917	0.000165289	0.988864	0.780992	0.000929752	0.000785124	0.771429	0
	0.473	0.000165289	0.000123967	0.988864	0.780992	0.00105372	0.000950413	0.771429	0
	0.474	0.000144628	0.000165289	0.988864	0.780992	0.00119835	0.00142562	0.771429	0
	0.475	0.000206612	6.19835e-05	0.988864	0.780992	0.00136364	0.000991736	0.765714	0
	0.476	0.000123967	0.000144628	0.988864	0.780992	0.00105372	0.000826446	0.768786	0
	0.477	0.000206612	0.000144628	0.988864	0.780992	0.00113636	0.00103306	0.763006	0
	0.478	0.00018595	0.000206612	0.988864	0.780992	0.0010124	0.00115702	0.767442	0
	0.479	0.000165289	0.000165289	0.988864	0.780992	0.00115702	0.000971074	0.761628	0
	0.48	0.000227273	0.000227273	0.988864	0.778926	0.00140496	0.00107438	0.766082	0
	0.481	0.00018595	0.000165289	0.988864	0.77686	0.00119835	0.00113636	0.766082	0
	0.482	0.000165289	0.000144628	0.986637	0.770661	0.00105372	0.00119835	0.760234	0
	0.483	0.00018595	0.000144628	0.988839	0.770661	0.00115702	0.0011157	0.760234	0
	0.484	0.000309917	0.000165289	0.988839	0.768595	0.000991736	0.00109504	0.760234	0
	0.485	0.000206612	0.000123967	0.988839	0.768595	0.00126033	0.0010124	0.760234	0
	0.486	0.000206612	0.00018595	0.988839	0.768595	0.00150826	0.000805785	0.760234	0
	0.487	0.000165289	0.00018595	0.988839	0.768595	0.00103306	0.00107438	0.754386	0
	0.488	0.000123967	0.000289256	0.988839	0.768595	0.000950413	0.00134298	0.758824	0
	0.489	0.000165289	0.000123967	0.988839	0.768595	0.000929752	0.00107438	0.763314	0
	0.49	0.000123967	0.000227273	0.988839	0.768595	0.00146694	0.000971074	0.767857	0
	0.491	0.000227273	0.000165289	0.988839	0.768595	0.000971074	0.00113636	0.766467	0
	0.492	0.000103306	0.00018595	0.988839	0.768595	0.00134298	0.00117769	0.766467	0
	0.493	4.13223e-05	0.00018595	0.988839	0.768595	0.00126033	0.00105372	0.759036	0
	0.494	0.000165289	0.000268595	0.988839	0.768595	0.00105372	0.000929752	0.759036	0
	0.495	0.000123967	0.000268595	0.988839	0.766529	0.00123967	0.0010124	0.759036	0
	0.496	0.000123967	8.26446e-05	0.988839	0.766529	0.000971074	0.00119835	0.746988	0
	0.497	8.26446e-05	0.000227273	0.988839	0.766529	0.00119835	0.000929752	0.740964	0
	0.498	0.00018595	0.000206612	0.986607	0.766529	0.00119835	0.00117769	0.733333	0
	0.499	0.000103306	0.000165289	0.986607	0.766529	0.0011157	0.00105372	0.733333	0
	0.5	0.00018595	0.000123967	0.986607	0.766529	0.00132231	0.00128099	0.733333	0
	0.501	0.000123967	0.000123967	0.986607	0.766529	0.00123967	0.00105372	0.727273	0
	0.502	0.000123967	0.000123967	0.986607	0.766529	0.000971074	0.00105372	0.72561	0
	0.503	0.000123967	0.00018595	0.986607	0.766529	0.00109504	0.000991736	0.72561	0
	0.504	0.000103306	0.000144628	0.986607	0.766529	0.00115702	0.000805785	0.730061	0
	0.505	0.000123967	0.000144628	0.986607	0.764463	0.00142562	0.000847107	0.730061	0
	0.506	8.26446e-05	0.000268595	0.984375	0.764463	0.0014876	0.000826446	0.734568	0
	0.507	0.000165289	0.000247934	0.984375	0.764463	0.000867769	0.00123967	0.734568	0
	0.508	0.000103306	0.000268595	0.984375	0.764463	0.00130165	0.0010124	0.734568	0
	0.509	0.000103306	0.000206612	0.986577	0.762397	0.00119835	0.00107438	0.7375	0
	0.51	0.000144628	0.000289256	0.986577	0.762397	0.00130165	0.000847107	0.735849	0
	0.511	0.000165289	0.000103306	0.986577	0.762397	0.00115702	0.000847107	0.740506	0
	0.512	0.000123967	0.000247934	0.988789	0.762397	0.00130165	0.0011157	0.734177	0
	0.513	6.19835e-05	0.000227273	0.988789	0.762397	0.00113636	0.000971074	0.734177	0
	0.514	0.000103306	0.000227273	0.986547	0.762397	0.00107438	0.00103306	0.734177	0
	0.515	0.000103306	0.000371901	0.986547	0.760331	0.00117769	0.000702479	0.734177	0
	0.516	2.06612e-05	0.000247934	0.984305	0.760331	0.0010124	0.000929752	0.734177	0
	0.517	2.06612e-05	0.000206612	0.984305	0.760331	0.00142562	0.000867769	0.727848	0
	0.518	0.000227273	0.000227273	0.984305	0.760331	0.00113636	0.0010124	0.727848	0
	0.519	0.000123967	0.000165289	0.982063	0.760331	0.00119835	0.000826446	0.732484	0
	0.52	8.26446e-05	0.00018595	0.982063	0.760331	0.000743802	0.000785124	0.732484	0
	0.521	0.000165289	0.000371901	0.979775	0.758264	0.00113636	0.000847107	0.730769	0
	0.522	6.19835e-05	0.00018595	0.977528	0.756198	0.00119835	0.00107438	0.724359	0
	0.523	0.000123967	0.000247934	0.977528	0.756198	0.00117769	0.00109504	0.729032	0
	0.524	0.000144628	6.19835e-05	0.977528	0.752066	0.0010124	0.000950413	0.732026	0
	0.525	8.26446e-05	0.000165289	0.977528	0.752066	0.000971074	0.000971074	0.732026	0
	0.526	0.000103306	0.000144628	0.977528	0.752066	0.000929752	0.00119835	0.736842	0
	0.527	0.000289256	0.000227273	0.977528	0.75	0.00117769	0.00088843	0.736842	0
	0.528	6.19835e-05	0.000309917	0.975281	0.75	0.00109504	0.00105372	0.741722	0
	0.529	0.00018595	0.000227273	0.975281	0.75	0.00103306	0.00088843	0.741722	0
	0.53	0.000268595	0.000268595	0.973034	0.75	0.000805785	0.00119835	0.75	0
	0.531	0.000268595	0.000289256	0.973034	0.75	0.000847107	0.000847107	0.736486	0
	0.532	0.000165289	0.000165289	0.975225	0.747934	0.00113636	0.000764463	0.741497	0
	0.533	0.000309917	0.000206612	0.975225	0.747934	0.000847107	0.000785124	0.741497	0
	0.534	0.00018595	0.000289256	0.975225	0.747934	0.00107438	0.0010124	0.746575	0
	0.535	0.000165289	0.000413223	0.975225	0.747934	0.00088843	0.00103306	0.739726	0
	0.536	0.000165289	0.000144628	0.975225	0.747934	0.00088843	0.00103306	0.726027	0
	0.537	0.000206612	0.000144628	0.975225	0.747934	0.00132231	0.000826446	0.726027	0
	0.538	0.000206612	0.000206612	0.972973	0.747934	0.000743802	0.000805785	0.736111	0
	0.539	0.00018595	0.00018595	0.972973	0.747934	0.000805785	0.00107438	0.741259	0
	0.54	0.000309917	0.00035124	0.972973	0.747934	0.00072314	0.000847107	0.739437	0
	0.541	0.000206612	0.000289256	0.972973	0.747934	0.000681818	0.000826446	0.744681	0
	0.542	0.00035124	0.000227273	0.972973	0.747934	0.00072314	0.000867769	0.737589	0
	0.543	0.00035124	0.000268595	0.972973	0.747934	0.000929752	0.000971074	0.748201	0
	0.544	0.000247934	0.000247934	0.972973	0.747934	0.000826446	0.00103306	0.748201	0
	0.545	0.000433884	0.000413223	0.968468	0.745868	0.000826446	0.0010124	0.746377	0
	0.546	0.00053719	0.000227273	0.966216	0.745868	0.000909091	0.000867769	0.746377	0
	0.547	0.000475207	0.000289256	0.966216	0.745868	0.000950413	0.000847107	0.751825	0
	0.548	0.000371901	0.000227273	0.963964	0.745868	0.000661157	0.000929752	0.75	0
	0.549	0.000392562	0.000268595	0.96614	0.745868	0.000764463	0.000805785	0.75	0
	0.55	0.000475207	0.000309917	0.96614	0.745868	0.00088843	0.000785124	0.75	0
	0.551	0.000165289	0.000247934	0.96614	0.745868	0.000805785	0.000867769	0.75	0
	0.552	0.00035124	0.000227273	0.96614	0.745868	0.000971074	0.000681818	0.75	0
	0.553	0.000640496	0.00018595	0.96614	0.745868	0.000867769	0.000950413	0.75	0
	0.554	0.000413223	0.000330579	0.961625	0.745868	0.000805785	0.00109504	0.75	0
	0.555	0.000805785	0.000247934	0.959368	0.743802	0.000826446	0.000909091	0.755556	0
	0.556	0.000454545	0.000247934	0.959368	0.741736	0.000640496	0.00105372	0.755556	0
	0.557	0.000764463	0.000206612	0.959368	0.741736	0.000826446	0.000950413	0.766917	0
	0.558	0.000413223	0.000247934	0.959368	0.741736	0.000619835	0.000785124	0.766917	0
	0.559	0.000433884	0.000289256	0.959368	0.739669	0.00053719	0.000929752	0.766917	0
	0.56	0.000702479	0.000289256	0.957111	0.739669	0.00103306	0.000764463	0.772727	0
	0.561	0.000557851	0.000247934	0.957111	0.733471	0.000764463	0.000578512	0.784615	0
	0.562	0.00072314	0.000247934	0.957111	0.733471	0.00088843	0.000805785	0.784615	0
	0.563	0.000433884	0.000309917	0.957111	0.733471	0.000805785	0.000929752	0.776923	0
	0.564	0.000661157	0.000330579	0.954853	0.733471	0.000681818	0.000847107	0.776923	0
	0.565	0.000557851	0.000227273	0.954853	0.733471	0.000764463	0.000971074	0.776923	0
	0.566	0.000681818	0.00018595	0.954853	0.733471	0.000909091	0.000785124	0.782946	0
	0.567	0.000578512	0.000247934	0.954853	0.733471	0.0010124	0.000909091	0.775194	0
	0.568	0.000681818	0.00035124	0.954853	0.733471	0.000971074	0.00115702	0.773438	0
	0.569	0.000599174	0.000206612	0.954853	0.731405	0.000640496	0.000785124	0.773438	0
	0.57	0.000661157	0.000371901	0.952596	0.729339	0.000681818	0.00072314	0.771654	0
	0.571	0.000785124	0.000371901	0.950339	0.729339	0.000681818	0.000805785	0.771654	0
	0.572	0.000516529	0.000392562	0.950339	0.729339	0.000661157	0.00103306	0.76378	0
	0.573	0.000681818	0.000268595	0.950339	0.727273	0.000661157	0.000867769	0.761905	0
	0.574	0.000640496	0.000309917	0.950339	0.725207	0.000702479	0.000971074	0.753968	0
	0.575	0.00053719	0.000289256	0.950339	0.721074	0.000599174	0.000661157	0.746032	0
	0.576	0.000867769	0.000227273	0.950339	0.716942	0.000971074	0.000743802	0.752	0
	0.577	0.000847107	0.000165289	0.950339	0.716942	0.000764463	0.000971074	0.770492	0
	0.578	0.000557851	0.000433884	0.950339	0.716942	0.000909091	0.000867769	0.770492	0
	0.579	0.000661157	0.000309917	0.950339	0.71281	0.000764463	0.000702479	0.770492	0
	0.58	0.000661157	0.000206612	0.950339	0.71281	0.000743802	0.000971074	0.770492	0
	0.581	0.000950413	0.000392562	0.950339	0.71281	0.000743802	0.000805785	0.770492	0
	0.582	0.00072314	0.000247934	0.948081	0.710744	0.000640496	0.000743802	0.77686	0
	0.583	0.00053719	0.000289256	0.948081	0.710744	0.000867769	0.000681818	0.783333	0
	0.584	0.000805785	0.000289256	0.950226	0.710744	0.000867769	0.000991736	0.783333	0
	0.585	0.000785124	0.000268595	0.950226	0.708678	0.000743802	0.00105372	0.783333	0
	0.586	0.000619835	0.000206612	0.950226	0.708678	0.000785124	0.000929752	0.775	0
	0.587	0.000826446	0.000433884	0.950226	0.706612	0.000702479	0.000743802	0.781513	0
	0.588	0.000578512	0.000289256	0.950226	0.704545	0.000578512	0.000991736	0.777778	0
	0.589	0.000681818	0.00018595	0.950226	0.702479	0.000785124	0.000785124	0.777778	0
	0.59	0.000619835	0.000247934	0.947964	0.702479	0.000847107	0.000743802	0.769231	0
	0.591	0.000433884	0.00018595	0.950113	0.700413	0.000702479	0.000764463	0.769231	0
	0.592	0.000599174	0.000206612	0.950113	0.698347	0.00113636	0.000847107	0.767241	0
	0.593	0.000495868	0.000289256	0.950113	0.698347	0.000681818	0.000785124	0.767241	0
	0.594	0.000557851	0.000413223	0.952273	0.698347	0.00053719	0.000764463	0.767241	0
	0.595	0.000661157	0.000330579	0.95	0.694215	0.00088843	0.000826446	0.767241	0
	0.596	0.000578512	0.000227273	0.945455	0.692149	0.000867769	0.00088843	0.780702	0
	0.597	0.00053719	0.000227273	0.943182	0.692149	0.000413223	0.00088843	0.787611	0
	0.598	0.000805785	0.000227273	0.940909	0.692149	0.000433884	0.000681818	0.787611	0
	0.599	0.000619835	0.000495868	0.936364	0.692149	0.000619835	0.00103306	0.787611	0
	0.6	0.000557851	0.000268595	0.934091	0.688017	0.00072314	0.000950413	0.785714	0
	0.601	0.000413223	0.00035124	0.936073	0.688017	0.000599174	0.000599174	0.785714	0
	0.602	0.000640496	0.000392562	0.938215	0.688017	0.00072314	0.000681818	0.785714	0
	0.603	0.000619835	0.000516529	0.935927	0.68595	0.00088843	0.000681818	0.785714	0
	0.604	0.000557851	0.000475207	0.935927	0.68595	0.000847107	0.000909091	0.785714	0
	0.605	0.000599174	0.00035124	0.93135	0.679752	0.000475207	0.000929752	0.785714	0
	0.606	0.000640496	0.000309917	0.933486	0.67562	0.000681818	0.000867769	0.776786	0
	0.607	0.00072314	0.00018595	0.928899	0.673554	0.000681818	0.000826446	0.776786	0
	0.608	0.000619835	0.000475207	0.924312	0.673554	0.000785124	0.000909091	0.776786	0
	0.609	0.000743802	0.00035124	0.924312	0.667355	0.000454545	0.000640496	0.783784	0
	0.61	0.000557851	0.000330579	0.926437	0.665289	0.000578512	0.000826446	0.774775	0
	0.611	0.000661157	0.000392562	0.928571	0.663223	0.000557851	0.000619835	0.781818	0
	0.612	0.000640496	0.000475207	0.926267	0.663223	0.000578512	0.000826446	0.781818	0
	0.613	0.000557851	0.000392562	0.928406	0.661157	0.000681818	0.000785124	0.781818	0
	0.614	0.000681818	0.000309917	0.928406	0.652893	0.000619835	0.000950413	0.796296	0
	0.615	0.00072314	0.000413223	0.928406	0.64876	0.000433884	0.000867769	0.796296	0
	0.616	0.000516529	0.000309917	0.926097	0.644628	0.000557851	0.000681818	0.796296	0
	0.617	0.000847107	0.000371901	0.926097	0.642562	0.000702479	0.00072314	0.794393	0
	0.618	0.000743802	0.000309917	0.925926	0.640496	0.000785124	0.000764463	0.785047	0
	0.619	0.000826446	0.000454545	0.925926	0.63843	0.000619835	0.000578512	0.785047	0
	0.62	0.000475207	0.000371901	0.921296	0.634298	0.000516529	0.000826446	0.783019	0
	0.621	0.000640496	0.000371901	0.918981	0.634298	0.00053719	0.000764463	0.773585	0
	0.622	0.00072314	0.000433884	0.918794	0.632231	0.000557851	0.000867769	0.773585	0
	0.623	0.000661157	0.000371901	0.916473	0.628099	0.000516529	0.000619835	0.780952	0
	0.624	0.000764463	0.000433884	0.916279	0.621901	0.00053719	0.000702479	0.780952	0
	0.625	0.00088843	0.000433884	0.916279	0.615702	0.00072314	0.000681818	0.780952	0
	0.626	0.000764463	0.000227273	0.913953	0.61157	0.000516529	0.000867769	0.780952	0
	0.627	0.00105372	0.000247934	0.913953	0.607438	0.000681818	0.000661157	0.788462	0
	0.628	0.000805785	0.000433884	0.911628	0.605372	0.000475207	0.000909091	0.786408	0
	0.629	0.00072314	0.000599174	0.913753	0.605372	0.000516529	0.000516529	0.786408	0
	0.63	0.00136364	0.000371901	0.913753	0.60124	0.000475207	0.000599174	0.786408	0
	0.631	0.00109504	0.000640496	0.915888	0.595041	0.000516529	0.000764463	0.784314	0
	0.632	0.0011157	0.000371901	0.913551	0.595041	0.000702479	0.000681818	0.792079	0
	0.633	0.000805785	0.000454545	0.908879	0.592975	0.000495868	0.00053719	0.782178	0
	0.634	0.000909091	0.000330579	0.908879	0.590909	0.000743802	0.000599174	0.782178	0
	0.635	0.00103306	0.000371901	0.906542	0.586777	0.000475207	0.000826446	0.79798	0
	0.636	0.00105372	0.000454545	0.906323	0.584711	0.000371901	0.000619835	0.787879	0
	0.637	0.00109504	0.000371901	0.906103	0.582645	0.000557851	0.000702479	0.787879	0
	0.638	0.00121901	0.00053719	0.906103	0.578512	0.000330579	0.000661157	0.787879	0
	0.639	0.00113636	0.000454545	0.903756	0.57438	0.000516529	0.00053719	0.795918	0
	0.64	0.00113636	0.000413223	0.903529	0.570248	0.000640496	0.000743802	0.785714	0
	0.641	0.00142562	0.000640496	0.898824	0.566116	0.000475207	0.000681818	0.785714	0
	0.642	0.00105372	0.000454545	0.898824	0.557851	0.000516529	0.00053719	0.785714	0
	0.643	0.0013843	0.000413223	0.898824	0.557851	0.000599174	0.000661157	0.785714	0
	0.644	0.00121901	0.000475207	0.896471	0.551653	0.000495868	0.000929752	0.793814	0
	0.645	0.00126033	0.000371901	0.898585	0.547521	0.00053719	0.000826446	0.793814	0
	0.646	0.00154959	0.00053719	0.898585	0.545455	0.000578512	0.000681818	0.802083	0
	0.647	0.00144628	0.000454545	0.900709	0.53719	0.000433884	0.000661157	0.802083	0
	0.648	0.00128099	0.00035124	0.891253	0.53719	0.000599174	0.000599174	0.802083	0
	0.649	0.000991736	0.000371901	0.891253	0.530992	0.00053719	0.000909091	0.802083	0
	0.65	0.00150826	0.000475207	0.893365	0.528926	0.000454545	0.000785124	0.802083	0
	0.651	0.00159091	0.000413223	0.886256	0.524793	0.000392562	0.000599174	0.791667	0
	0.652	0.0013843	0.000454545	0.881517	0.522727	0.000619835	0.000599174	0.791667	0
	0.653	0.00128099	0.000392562	0.876777	0.520661	0.000495868	0.000909091	0.8	0
	0.654	0.00132231	0.000619835	0.876777	0.520661	0.000433884	0.000785124	0.8	0
	0.655	0.00159091	0.000454545	0.876777	0.518595	0.000433884	0.000785124	0.789474	0
	0.656	0.00173554	0.000330579	0.876777	0.516529	0.000681818	0.000805785	0.789474	0
	0.657	0.00130165	0.000392562	0.874408	0.516529	0.000495868	0.000909091	0.806452	0
	0.658	0.00130165	0.000619835	0.872038	0.514463	0.000826446	0.000661157	0.806452	0
	0.659	0.00121901	0.000681818	0.872038	0.5	0.000392562	0.000661157	0.815217	0
	0.66	0.00123967	0.000578512	0.869668	0.495868	0.000495868	0.000805785	0.815217	0
	0.661	0.00150826	0.000578512	0.869668	0.489669	0.000516529	0.000743802	0.815217	0
	0.662	0.00177686	0.000578512	0.866983	0.485537	0.000433884	0.000867769	0.815217	0
	0.663	0.00123967	0.000619835	0.871122	0.483471	0.000413223	0.000640496	0.824176	0
	0.664	0.00109504	0.000702479	0.871122	0.479339	0.000599174	0.000764463	0.824176	0
	0.665	0.00140496	0.000495868	0.868735	0.479339	0.000495868	0.000661157	0.802198	0
	0.666	0.00134298	0.000475207	0.870813	0.47314	0.000516529	0.00072314	0.811111	0
	0.667	0.00144628	0.000516529	0.870813	0.47314	0.000681818	0.000805785	0.788889	0
	0.668	0.00150826	0.000475207	0.866029	0.47314	0.000454545	0.000640496	0.797753	0
	0.669	0.0014876	0.000640496	0.868106	0.469008	0.000413223	0.000619835	0.786517	0
	0.67	0.00177686	0.000495868	0.868106	0.466942	0.000475207	0.000516529	0.786517	0
	0.671	0.00115702	0.00053719	0.865707	0.46281	0.000599174	0.000578512	0.775281	0
	0.672	0.00159091	0.000516529	0.863309	0.460744	0.00072314	0.000661157	0.775281	0
	0.673	0.00161157	0.000516529	0.862981	0.460744	0.000702479	0.000991736	0.775281	0
	0.674	0.00152893	0.000599174	0.86506	0.458678	0.000805785	0.000702479	0.772727	0
	0.675	0.00167355	0.00053719	0.864734	0.456612	0.000330579	0.000599174	0.772727	0
	0.676	0.00159091	0.000640496	0.862319	0.454545	0.000495868	0.000847107	0.772727	0
	0.677	0.00146694	0.000661157	0.864407	0.448347	0.000454545	0.000743802	0.761364	0
	0.678	0.00123967	0.000661157	0.866505	0.442149	0.000681818	0.000847107	0.761364	0
	0.679	0.00159091	0.00053719	0.868613	0.442149	0.000619835	0.000805785	0.770115	0
	0.68	0.00152893	0.000599174	0.863747	0.440083	0.000495868	0.000640496	0.770115	0
	0.681	0.0017562	0.000557851	0.863747	0.438017	0.000578512	0.000640496	0.770115	0
	0.682	0.00173554	0.00053719	0.865854	0.43595	0.00053719	0.000743802	0.770115	0
	0.683	0.0017562	0.000557851	0.860976	0.427686	0.000557851	0.000661157	0.758621	0
	0.684	0.0014876	0.000557851	0.860636	0.423554	0.000578512	0.000578512	0.747126	0
	0.685	0.00159091	0.000516529	0.862745	0.419421	0.000413223	0.000619835	0.747126	0
	0.686	0.00181818	0.000599174	0.864865	0.417355	0.000661157	0.000661157	0.755814	0
	0.687	0.00140496	0.000454545	0.862408	0.413223	0.000454545	0.00088843	0.764706	0
	0.688	0.0013843	0.000702479	0.864198	0.413223	0.000640496	0.00072314	0.752941	0
	0.689	0.00173554	0.000557851	0.864198	0.413223	0.000413223	0.000826446	0.752941	0
	0.69	0.00159091	0.000557851	0.866337	0.413223	0.000475207	0.000681818	0.752941	0
	0.691	0.00169421	0.000475207	0.866005	0.413223	0.000599174	0.000805785	0.741176	0
	0.692	0.00161157	0.000640496	0.866005	0.411157	0.000475207	0.000681818	0.741176	0
	0.693	0.00136364	0.000640496	0.863524	0.411157	0.000702479	0.000619835	0.741176	0
	0.694	0.00154959	0.000640496	0.863184	0.411157	0.000578512	0.000516529	0.741176	0
	0.695	0.00154959	0.000702479	0.858209	0.411157	0.000392562	0.000785124	0.741176	0
	0.696	0.00157025	0.000785124	0.860349	0.402893	0.000578512	0.000599174	0.741176	0
	0.697	0.00171488	0.000764463	0.855362	0.402893	0.000578512	0.000640496	0.75	0
	0.698	0.00159091	0.000743802	0.852868	0.400826	0.000413223	0.000805785	0.75	0
	0.699	0.00154959	0.000805785	0.859296	0.400826	0.000454545	0.000661157	0.738095	0
	0.7	0.00146694	0.000413223	0.859296	0.39876	0.00072314	0.00088843	0.738095	0
	0.701	0.00136364	0.000433884	0.859296	0.396694	0.000805785	0.000847107	0.756098	0
	0.702	0.00159091	0.000702479	0.859296	0.394628	0.000599174	0.000681818	0.765432	0
	0.703	0.00142562	0.000847107	0.865823	0.392562	0.000681818	0.000661157	0.775	0
	0.704	0.00161157	0.000516529	0.855696	0.392562	0.000681818	0.0010124	0.7625	0
	0.705	0.00163223	0.00053719	0.855696	0.38843	0.000516529	0.00103306	0.7625	0
	0.706	0.00126033	0.00053719	0.857868	0.382231	0.000599174	0.000867769	0.7625	0
	0.707	0.00181818	0.000640496	0.857506	0.382231	0.000702479	0.000826446	0.7625	0
	0.708	0.00128099	0.000578512	0.856777	0.382231	0.000681818	0.000805785	0.7625	0
	0.709	0.0014876	0.000909091	0.85641	0.382231	0.000950413	0.000785124	0.7625	0
	0.71	0.00126033	0.000475207	0.85641	0.382231	0.00072314	0.000681818	0.7625	0
	0.711	0.00119835	0.000743802	0.860825	0.382231	0.000661157	0.000805785	0.75	0
	0.712	0.00123967	0.000702479	0.860825	0.380165	0.00072314	0.000847107	0.759494	0
	0.713	0.00136364	0.000743802	0.860465	0.378099	0.000681818	0.000867769	0.759494	0
	0.714	0.00115702	0.000909091	0.862338	0.378099	0.000516529	0.00088843	0.759494	0
	0.715	0.00142562	0.000847107	0.85974	0.376033	0.000433884	0.000702479	0.746835	0
	0.716	0.00103306	0.000909091	0.859375	0.373967	0.000557851	0.000495868	0.746835	0
	0.717	0.0014876	0.000785124	0.856771	0.373967	0.000805785	0.000557851	0.75641	0
	0.718	0.00132231	0.000826446	0.851562	0.371901	0.00053719	0.000929752	0.74359	0
	0.719	0.00136364	0.0011157	0.853786	0.371901	0.000516529	0.000826446	0.74359	0
	0.72	0.00142562	0.000909091	0.853403	0.369835	0.000640496	0.000785124	0.74359	0
	0.721	0.0017562	0.00088843	0.853018	0.369835	0.00053719	0.000785124	0.74359	0
	0.722	0.00113636	0.000847107	0.855263	0.367769	0.000640496	0.000702479	0.74359	0
	0.723	0.00123967	0.000950413	0.85	0.367769	0.000640496	0.00072314	0.730769	0
	0.724	0.00140496	0.000826446	0.856764	0.367769	0.000619835	0.000764463	0.74026	0
	0.725	0.00154959	0.000785124	0.854111	0.367769	0.000578512	0.00072314	0.75	0
	0.726	0.00173554	0.00088843	0.853723	0.363636	0.00053719	0.000578512	0.76	0
	0.727	0.00179752	0.000971074	0.851064	0.363636	0.000454545	0.000805785	0.76	0
	0.728	0.0014876	0.000847107	0.851064	0.36157	0.000516529	0.000640496	0.76	0
	0.729	0.00150826	0.000805785	0.851064	0.36157	0.000495868	0.000619835	0.76	0
	0.73	0.00132231	0.000640496	0.852941	0.36157	0.000413223	0.000640496	0.77027	0
	0.731	0.00169421	0.000661157	0.852547	0.36157	0.000433884	0.000805785	0.780822	0
	0.732	0.00169421	0.000847107	0.854839	0.36157	0.000495868	0.000516529	0.791667	0
	0.733	0.00150826	0.00109504	0.859459	0.357438	0.000681818	0.000681818	0.791667	0
	0.734	0.00163223	0.000950413	0.856369	0.357438	0.000392562	0.000619835	0.791667	0
	0.735	0.00167355	0.00109504	0.853261	0.355372	0.00035124	0.000826446	0.791667	0
	0.736	0.00157025	0.000971074	0.853261	0.353306	0.000392562	0.00072314	0.791667	0
	0.737	0.00134298	0.000867769	0.860274	0.353306	0.000516529	0.000619835	0.791667	0
	0.738	0.00159091	0.00115702	0.857534	0.353306	0.000392562	0.00053719	0.777778	0
	0.739	0.0014876	0.000702479	0.857534	0.35124	0.000330579	0.000826446	0.777778	0
	0.74	0.00167355	0.00121901	0.857534	0.35124	0.000413223	0.000764463	0.763889	0
	0.741	0.00183884	0.00109504	0.85989	0.349174	0.000557851	0.000702479	0.763889	0
	0.742	0.00171488	0.000991736	0.85989	0.349174	0.000557851	0.000909091	0.774648	0
	0.743	0.00198347	0.00117769	0.864641	0.349174	0.000516529	0.00072314	0.774648	0
	0.744	0.00183884	0.00103306	0.861878	0.349174	0.00035124	0.000557851	0.774648	0
	0.745	0.00194215	0.000909091	0.859116	0.349174	0.000475207	0.000785124	0.774648	0
	0.746	0.00161157	0.0011157	0.859116	0.349174	0.00053719	0.000454545	0.785714	0
	0.747	0.0017562	0.00113636	0.863889	0.347107	0.000454545	0.000640496	0.785714	0
	0.748	0.00136364	0.00088843	0.863889	0.345041	0.000516529	0.000599174	0.785714	0
	0.749	0.00206612	0.000991736	0.866295	0.345041	0.000371901	0.000392562	0.785714	0
	0.75	0.0017562	0.00119835	0.865546	0.340909	0.000413223	0.000599174	0.808824	0
	0.751	0.00167355	0.000805785	0.862745	0.334711	0.000433884	0.00088843	0.808824	0
	0.752	0.00144628	0.00130165	0.86236	0.332645	0.000475207	0.000495868	0.833333	0
	0.753	0.00167355	0.000847107	0.86236	0.330579	0.000454545	0.000454545	0.833333	0
	0.754	0.00157025	0.0010124	0.86236	0.326446	0.00035124	0.000743802	0.830769	0
	0.755	0.00194215	0.0010124	0.859551	0.32438	0.000392562	0.000557851	0.815385	0
	0.756	0.00154959	0.00103306	0.859155	0.322314	8.26446e-05	0.000805785	0.815385	0
	0.757	0.00140496	0.00119835	0.856338	0.320248	0.00035124	0.000743802	0.815385	0
	0.758	0.00144628	0.000909091	0.858757	0.318182	0.000433884	0.000433884	0.828125	0
	0.759	0.00144628	0.00144628	0.853107	0.318182	0.000268595	0.000619835	0.828125	0
	0.76	0.00154959	0.00136364	0.850282	0.318182	0.000289256	0.000619835	0.828125	0
	0.761	0.00163223	0.0011157	0.855114	0.318182	0.000330579	0.000557851	0.828125	0
	0.762	0.00157025	0.00115702	0.852273	0.31405	0.000309917	0.000661157	0.84127	0
	0.763	0.00150826	0.000950413	0.851852	0.31405	0.000309917	0.000516529	0.825397	0
	0.764	0.00142562	0.00123967	0.856734	0.311983	0.000433884	0.000413223	0.825397	0
	0.765	0.00113636	0.000950413	0.850575	0.311983	0.000413223	0.000661157	0.825397	0
	0.766	0.00165289	0.000950413	0.850144	0.311983	0.000309917	0.000743802	0.809524	0
	0.767	0.00159091	0.00103306	0.847262	0.307851	0.000268595	0.000599174	0.809524	0
	0.768	0.0010124	0.00132231	0.843931	0.305785	0.000227273	0.00053719	0.790323	0
	0.769	0.00150826	0.00121901	0.843478	0.305785	0.000289256	0.000454545	0.790323	0
	0.77	0.00126033	0.00146694	0.843023	0.303719	0.000247934	0.000599174	0.790323	0
	0.771	0.00142562	0.00140496	0.840116	0.299587	0.000247934	0.000371901	0.790323	0
	0.772	0.00136364	0.0013843	0.840116	0.299587	0.000330579	0.000681818	0.774194	0
	0.773	0.00128099	0.00159091	0.845029	0.299587	0.000309917	0.000640496	0.786885	0
	0.774	0.00132231	0.00150826	0.847507	0.297521	0.000392562	0.000702479	0.786885	0
	0.775	0.00144628	0.00109504	0.85	0.297521	0.00018595	0.00053719	0.786885	0
	0.776	0.00105372	0.00107438	0.85503	0.293388	0.00018595	0.000847107	0.786885	0
	0.777	0.00142562	0.0011157	0.85503	0.291322	0.000289256	0.000640496	0.786885	0
	0.778	0.0013843	0.00119835	0.854599	0.289256	0.000433884	0.000371901	0.786885	0
	0.779	0.00136364	0.00146694	0.854167	0.28719	0.000206612	0.000516529	0.786885	0
	0.78	0.00140496	0.00146694	0.853293	0.283058	0.000165289	0.000557851	0.786885	0
	0.781	0.0014876	0.00171488	0.858434	0.280992	0.000433884	0.000743802	0.786885	0
	0.782	0.00146694	0.00157025	0.855422	0.278926	0.000330579	0.000640496	0.786885	0
	0.783	0.00126033	0.0013843	0.85241	0.272727	0.000454545	0.000371901	0.770492	0
	0.784	0.00196281	0.00121901	0.857143	0.270661	0.000413223	0.000454545	0.783333	0
	0.785	0.00146694	0.00146694	0.859327	0.266529	0.000392562	0.00053719	0.783333	0
	0.786	0.00123967	0.00179752	0.861963	0.266529	0.000289256	0.000516529	0.783333	0
	0.787	0.0013843	0.00157025	0.867284	0.264463	0.000206612	0.000495868	0.779661	0
	0.788	0.00130165	0.00154959	0.867284	0.264463	0.000433884	0.000516529	0.779661	0
	0.789	0.00140496	0.00198347	0.861111	0.260331	0.000371901	0.000433884	0.779661	0
	0.79	0.00150826	0.00140496	0.860681	0.258264	0.000309917	0.000454545	0.793103	0
	0.791	0.00140496	0.00165289	0.850932	0.254132	0.000289256	0.000681818	0.793103	0
	0.792	0.00169421	0.00179752	0.853125	0.25	0.000495868	0.000330579	0.793103	0
	0.793	0.00150826	0.00159091	0.852665	0.243802	0.000330579	0.00072314	0.807018	0
	0.794	0.00140496	0.00146694	0.852201	0.243802	0.000495868	0.000495868	0.789474	0
	0.795	0.00173554	0.00169421	0.852201	0.241736	0.000495868	0.000309917	0.789474	0
	0.796	0.00163223	0.00161157	0.84858	0.237603	0.000578512	0.000495868	0.789474	0
	0.797	0.00152893	0.00154959	0.848101	0.233471	0.000371901	0.000433884	0.803571	0
	0.798	0.00183884	0.0014876	0.835443	0.229339	0.000454545	0.000371901	0.818182	0
	0.799	0.00159091	0.00179752	0.832278	0.225207	0.00053719	0.000413223	0.818182	0
	0.8	0.00200413	0.00146694	0.825949	0.219008	0.00053719	0.000599174	0.8	0
	0.801	0.00190083	0.00171488	0.81962	0.216942	0.000371901	0.000681818	0.8	0
	0.802	0.00136364	0.00196281	0.81962	0.214876	0.000413223	0.000475207	0.8	0
	0.803	0.00188017	0.00165289	0.815873	0.21281	0.000454545	0.000392562	0.8	0
	0.804	0.00165289	0.00190083	0.805732	0.21281	0.000475207	0.000371901	0.781818	0
	0.805	0.00177686	0.00194215	0.808307	0.210744	0.000309917	0.000392562	0.763636	0
	0.806	0.00181818	0.00214876	0.805112	0.206612	0.000330579	0.000454545	0.763636	0
	0.807	0.00169421	0.00216942	0.801917	0.204545	0.000371901	0.000516529	0.763636	0
	0.808	0.00181818	0.0014876	0.798722	0.196281	0.000640496	0.000433884	0.763636	0
	0.809	0.0018595	0.00190083	0.803859	0.194215	0.000557851	0.000495868	0.763636	0
	0.81	0.00216942	0.00206612	0.8	0.190083	0.000268595	0.00035124	0.763636	0
	0.811	0.00214876	0.0017562	0.796774	0.18595	0.000433884	0.000413223	0.763636	0
	0.812	0.00231405	0.00192149	0.793548	0.183884	0.000268595	0.000578512	0.763636	0
	0.813	0.00196281	0.00239669	0.795455	0.183884	0.000578512	0.000475207	0.763636	0
	0.814	0.00216942	0.00206612	0.795455	0.177686	0.000309917	0.000413223	0.763636	0
	0.815	0.00194215	0.0021281	0.791531	0.17562	0.000454545	0.00035124	0.763636	0
	0.816	0.00216942	0.00190083	0.791531	0.173554	0.000413223	0.000309917	0.763636	0
	0.817	0.00245868	0.00167355	0.788274	0.171488	0.000330579	0.000371901	0.763636	0
	0.818	0.00245868	0.00229339	0.785016	0.171488	0.000557851	0.000247934	0.763636	0
	0.819	0.00235537	0.00206612	0.785016	0.171488	0.000681818	0.000454545	0.763636	0
	0.82	0.00272727	0.00219008	0.790164	0.165289	0.000309917	0.000475207	0.763636	0
	0.821	0.00274793	0.00210744	0.783607	0.163223	0.000454545	0.000454545	0.763636	0
	0.822	0.00268595	0.00229339	0.782178	0.159091	0.000392562	0.000247934	0.763636	0
	0.823	0.00202479	0.00254132	0.787375	0.157025	0.000268595	0.000557851	0.763636	0
	0.824	0.00221074	0.00225207	0.786667	0.154959	0.000330579	0.000516529	0.763636	0
	0.825	0.0027686	0.00241736	0.776667	0.152893	0.000413223	0.00053719	0.745455	0
	0.826	0.00262397	0.00221074	0.77592	0.146694	0.000433884	0.000475207	0.745455	0
	0.827	0.00256198	0.00202479	0.775168	0.142562	0.000330579	0.000578512	0.759259	0
	0.828	0.00262397	0.00210744	0.777027	0.13843	0.000495868	0.000454545	0.759259	0
	0.829	0.00268595	0.00235537	0.779661	0.132231	0.000247934	0.000309917	0.773585	0
	0.83	0.00297521	0.00225207	0.780822	0.126033	0.000413223	0.000516529	0.773585	0
	0.831	0.00262397	0.00225207	0.777397	0.119835	0.000454545	0.000392562	0.754717	0
	0.832	0.00270661	0.00210744	0.777397	0.113636	0.000330579	0.000433884	0.754717	0
	0.833	0.00268595	0.00258264	0.773196	0.11157	0.000392562	0.000309917	0.769231	0
	0.834	0.00252066	0.00258264	0.773196	0.109504	0.000330579	0.000413223	0.769231	0
	0.835	0.00229339	0.00229339	0.756014	0.105372	0.000454545	0.000495868	0.769231	0
	0.836	0.00268595	0.00272727	0.756014	0.105372	0.000413223	0.000433884	0.8	0
	0.837	0.00280992	0.00239669	0.751724	0.10124	0.000206612	0.000454545	0.795918	0
	0.838	0.00297521	0.00272727	0.747405	0.0991736	0.000227273	0.000392562	0.795918	0
	0.839	0.00254132	0.00239669	0.743056	0.0950413	0.000413223	0.000309917	0.77551	0
	0.84	0.00311983	0.00280992	0.74216	0.0909091	0.000392562	0.000289256	0.77551	0
	0.841	0.00266529	0.00266529	0.728223	0.088843	0.000268595	0.000268595	0.77551	0
	0.842	0.00270661	0.0025	0.724739	0.0847107	0.000309917	0.000433884	0.77551	0
	0.843	0.00295455	0.00301653	0.723776	0.0826446	0.000330579	0.000247934	0.791667	0
	0.844	0.00301653	0.00283058	0.725352	0.0785124	0.000247934	0.000371901	0.791667	0
	0.845	0.00285124	0.00293388	0.712766	0.072314	0.000330579	0.00035124	0.791667	0
	0.846	0.00340909	0.00272727	0.715302	0.0702479	0.000330579	0.000165289	0.791667	0
	0.847	0.00280992	0.00283058	0.716846	0.0702479	0.00035124	0.000289256	0.808511	0
	0.848	0.00280992	0.00328512	0.719424	0.0640496	0.000268595	0.000247934	0.808511	0
	0.849	0.00303719	0.00285124	0.727273	0.0640496	0.000206612	0.000413223	0.808511	0
	0.85	0.00272727	0.00270661	0.726277	0.0619835	0.00018595	0.000309917	0.808511	0
	0.851	0.00268595	0.00332645	0.725275	0.0619835	0.000289256	0.00035124	0.808511	0
	0.852	0.00285124	0.00272727	0.726937	0.0578512	0.000475207	0.000309917	0.808511	0
	0.853	0.00307851	0.00345041	0.728625	0.0578512	0.000330579	0.000247934	0.826087	0
	0.854	0.00297521	0.00293388	0.72119	0.0578512	0.000371901	0.000309917	0.826087	0
	0.855	0.00307851	0.00347107	0.716418	0.0557851	0.000330579	0.000227273	0.826087	0
	0.856	0.0032438	0.00359504	0.715356	0.0557851	0.000309917	0.000330579	0.804348	0
	0.857	0.00318182	0.00342975	0.722433	0.053719	0.000330579	0.000309917	0.818182	0
	0.858	0.0028719	0.00359504	0.722433	0.0495868	0.000289256	0.000289256	0.818182	0
	0.859	0.00274793	0.00311983	0.724138	0.0495868	0.000371901	0.000268595	0.795455	0
	0.86	0.00293388	0.00340909	0.72973	0.0475207	0.000206612	0.000268595	0.772727	0
	0.861	0.00264463	0.00326446	0.72973	0.0475207	0.000268595	0.000247934	0.75	0
	0.862	0.00262397	0.00349174	0.728682	0.0433884	0.000330579	0.000247934	0.75	0
	0.863	0.0028719	0.0036157	0.723735	0.0392562	0.000165289	0.000371901	0.727273	0
	0.864	0.00297521	0.0036157	0.722656	0.0371901	0.000392562	0.000330579	0.744186	0
	0.865	0.00280992	0.00400826	0.724409	0.035124	0.000309917	0.00035124	0.72093	0
	0.866	0.00256198	0.00396694	0.722222	0.035124	0.000227273	0.000330579	0.714286	0
	0.867	0.00260331	0.00390496	0.724	0.0330579	0.000247934	0.000413223	0.714286	0
	0.868	0.00264463	0.00376033	0.728745	0.0330579	0.000309917	0.000289256	0.714286	0
	0.869	0.00295455	0.00415289	0.727642	0.0330579	0.000330579	0.000371901	0.714286	0
	0.87	0.00266529	0.00386364	0.726531	0.0289256	0.000475207	0.000309917	0.714286	0
	0.871	0.00245868	0.00450413	0.722449	0.0289256	0.000330579	0.000475207	0.714286	0
	0.872	0.00214876	0.00448347	0.714286	0.0289256	0.000330579	0.000309917	0.714286	0
	0.873	0.00291322	0.00442149	0.704918	0.0289256	0.000557851	0.000309917	0.714286	0
	0.874	0.00291322	0.00464876	0.703704	0.0268595	0.000516529	0.000268595	0.714286	0
	0.875	0.00260331	0.0043595	0.699588	0.0268595	0.000495868	0.000289256	0.714286	0
	0.876	0.00258264	0.00433884	0.691358	0.0247934	0.000578512	0.000330579	0.714286	0
	0.877	0.00262397	0.00396694	0.681818	0.0247934	0.000599174	0.000289256	0.714286	0
	0.878	0.0028719	0.00442149	0.693277	0.0227273	0.000557851	0.000392562	0.714286	0
	0.879	0.00237603	0.00469008	0.689076	0.018595	0.000743802	0.000247934	0.714286	0
	0.88	0.00260331	0.00464876	0.686441	0.018595	0.00072314	0.000268595	0.731707	0
	0.881	0.00235537	0.00475207	0.692308	0.018595	0.00072314	0.000454545	0.731707	0
	0.882	0.00241736	0.00497934	0.693966	0.0165289	0.00088843	0.000392562	0.731707	0
	0.883	0.00268595	0.00469008	0.691304	0.0165289	0.000805785	0.000309917	0.731707	0
	0.884	0.00256198	0.00460744	0.692982	0.0165289	0.000805785	0.000268595	0.731707	0
	0.885	0.0025	0.00485537	0.699552	0.0144628	0.000640496	0.000371901	0.75	0
	0.886	0.00272727	0.00481405	0.709091	0.0144628	0.000413223	0.000227273	0.75	0
	0.887	0.00254132	0.00444215	0.69863	0.0123967	0.000661157	0.00018595	0.769231	0
	0.888	0.0028719	0.00479339	0.701835	0.0103306	0.000619835	0.000227273	0.74359	0
	0.889	0.00266529	0.00495868	0.700461	0.0103306	0.000599174	0.000123967	0.74359	0
	0.89	0.00252066	0.00471074	0.691244	0.0103306	0.000764463	0.00018595	0.74359	0
	0.891	0.0028719	0.0057438	0.691589	0.0103306	0.000433884	0.00018595	0.717949	0
	0.892	0.00256198	0.005	0.690141	0.0103306	0.000640496	0.000144628	0.717949	0
	0.893	0.00270661	0.00518595	0.679245	0.0103306	0.000516529	0.00018595	0.666667	0
	0.894	0.00303719	0.00514463	0.679426	0.0103306	0.000557851	0.000206612	0.666667	0
	0.895	0.00256198	0.00541322	0.660287	0.00619835	0.000495868	0.000309917	0.666667	0
	0.896	0.00299587	0.00520661	0.668293	0.00413223	0.000557851	0.000289256	0.666667	0
	0.897	0.00266529	0.00580579	0.658537	0.00413223	0.000495868	0.000206612	0.666667	0
	0.898	0.00307851	0.00533058	0.663366	0	0.000309917	0.000247934	0.666667	0
	0.899	0.0028719	0.00559917	0.67	0	0.000413223	0.000413223	0.666667	0
	0.9	0.00280992	0.0056405	0.668342	0	0.000289256	0.000268595	0.684211	0
	0.901	0.00274793	0.00553719	0.663317	0	0.000392562	0.000330579	0.702703	0
	0.902	0.00293388	0.00549587	0.658291	0	0.000268595	0.000227273	0.702703	0
	0.903	0.00309917	0.00541322	0.658291	0	0.000268595	0.000309917	0.702703	0
	0.904	0.00318182	0.00543388	0.653266	0	0.000413223	0.000227273	0.702703	0
	0.905	0.00274793	0.00599174	0.651515	0	0.000330579	0.000309917	0.742857	0
	0.906	0.00357438	0.00572314	0.634518	0	0.00035124	0.000206612	0.742857	0
	0.907	0.00342975	0.00634298	0.632653	0	0.00035124	0.000330579	0.742857	0
	0.908	0.00326446	0.00582645	0.634021	0	0.000309917	0.00018595	0.742857	0
	0.909	0.00328512	0.00650826	0.640625	0	0.000454545	0.00018595	0.764706	0
	0.91	0.00371901	0.00640496	0.645503	0	0.000495868	0.000247934	0.787879	0
	0.911	0.00326446	0.00681818	0.636364	0	0.000475207	0.000289256	0.787879	0
	0.912	0.00307851	0.00615702	0.623656	0	0.000289256	8.26446e-05	0.787879	0
	0.913	0.0035124	0.00669421	0.612903	0	0.000268595	0.000247934	0.787879	0
	0.914	0.00311983	0.00677686	0.602151	0	0.000433884	0.000165289	0.8125	0
	0.915	0.00338843	0.0063843	0.60989	0	0.000268595	0.000289256	0.83871	0
	0.916	0.00322314	0.00704545	0.614525	0	0.000371901	0.000144628	0.83871	0
	0.917	0.00404959	0.00652893	0.606742	0	0.000392562	0.00018595	0.83871	0
	0.918	0.00380165	0.00586777	0.60452	0	0.000268595	6.19835e-05	0.866667	0
	0.919	0.00355372	0.00615702	0.59887	0	0.000289256	0.000227273	0.866667	0
	0.92	0.00413223	0.00592975	0.590909	0	0.000371901	2.06612e-05	0.833333	0
	0.921	0.00347107	0.0063843	0.579545	0	0.000227273	0.000206612	0.833333	0
	0.922	0.00390496	0.00688017	0.578035	0	0.000206612	0.000144628	0.833333	0
	0.923	0.00336777	0.0067562	0.569767	0	0.00018595	8.26446e-05	0.833333	0
	0.924	0.00336777	0.00659091	0.573099	0	0.000309917	6.19835e-05	0.833333	0
	0.925	0.00328512	0.00634298	0.580838	0	0.000144628	8.26446e-05	0.833333	0
	0.926	0.0035124	0.00646694	0.578313	0	0.00018595	8.26446e-05	0.766667	0
	0.927	0.00309917	0.0060124	0.58642	0	0.000165289	0.000144628	0.766667	0
	0.928	0.00349174	0.00681818	0.59375	0	0.000206612	0.000289256	0.766667	0
	0.929	0.00311983	0.00661157	0.584906	0	0.000206612	0.000144628	0.793103	0
	0.93	0.00390496	0.00692149	0.566038	0	0.000165289	0.000206612	0.758621	0
	0.931	0.00311983	0.0063843	0.557692	0	0.000247934	0.000247934	0.758621	0
	0.932	0.00413223	0.00636364	0.562092	0	0.000144628	0.000165289	0.758621	0
	0.933	0.00334711	0.00632231	0.54902	0	0.000206612	0.000123967	0.758621	0
	0.934	0.0031405	0.00650826	0.543624	0	0.000268595	0.000165289	0.785714	0
	0.935	0.00400826	0.00665289	0.544218	0	0.000289256	0.000330579	0.785714	0
	0.936	0.0032438	0.0060124	0.527397	0	0.000309917	0.000103306	0.785714	0
	0.937	0.00326446	0.00607438	0.524138	0	0.000371901	6.19835e-05	0.785714	0
	0.938	0.00382231	0.00595041	0.535211	0	0.000268595	6.19835e-05	0.807692	0
	0.939	0.00371901	0.00683884	0.532374	0	0.000330579	0.000165289	0.807692	0
	0.94	0.00390496	0.00628099	0.507246	0	0.000330579	0.000144628	0.769231	0
	0.941	0.00376033	0.00646694	0.5	0	0.000392562	0.000227273	0.769231	0
	0.942	0.0035124	0.0056405	0.492647	0	0.000475207	6.19835e-05	0.769231	0
	0.943	0.00378099	0.00628099	0.477612	0	0.000454545	0.00018595	0.769231	0
	0.944	0.00392562	0.00578512	0.484848	0	0.000475207	0.000103306	0.769231	0
	0.945	0.00371901	0.00572314	0.476923	0	0.000557851	0.000144628	0.769231	0
	0.946	0.00396694	0.00607438	0.476562	0	0.000475207	0.000247934	0.769231	0
	0.947	0.00417355	0.00566116	0.491935	0	0.000557851	0.000165289	0.769231	0
	0.948	0.00417355	0.00584711	0.491803	0	0.000475207	0.000103306	0.769231	0
	0.949	0.00369835	0.00477273	0.483607	0	0.000454545	0.000103306	0.769231	0
	0.95	0.00411157	0.00555785	0.491525	0	0.000557851	6.19835e-05	0.769231	0
	0.951	0.00407025	0.00580579	0.5	0	0.00053719	0.000103306	0.769231	0
	0.952	0.00433884	0.00576446	0.495652	0	0.000268595	0.000206612	0.769231	0
	0.953	0.0039876	0.00539256	0.478261	0	0.000330579	0.000165289	0.8	0
	0.954	0.0042562	0.00516529	0.473684	0	0.000454545	0.000123967	0.8	0
	0.955	0.00293388	0.00555785	0.469027	0	0.000206612	0.000103306	0.8	0
	0.956	0.00299587	0.00466942	0.481818	0	0.000392562	0.000144628	0.8	0
	0.957	0.00390496	0.00493802	0.463636	0	0.000268595	0.000103306	0.8	0
	0.958	0.00342975	0.00466942	0.46729	0	0.000516529	6.19835e-05	0.8	0
	0.959	0.00347107	0.00413223	0.475728	0	0.000247934	0.000144628	0.8	0
	0.96	0.0032438	0.00423554	0.485149	0	0.000144628	4.13223e-05	0.8	0
	0.961	0.00320248	0.00421488	0.505155	0	0.000227273	2.06612e-05	0.833333	0
	0.962	0.00272727	0.00479339	0.510417	0	8.26446e-05	8.26446e-05	0.826087	0
	0.963	0.00229339	0.00411157	0.538462	0	0.000103306	0.000144628	0.826087	0
	0.964	0.00239669	0.00411157	0.539326	0	0.000123967	0.000103306	0.826087	0
	0.965	0.0022314	0.00369835	0.546512	0	6.19835e-05	0.000144628	0.863636	0
	0.966	0.00233471	0.00365702	0.566265	0	4.13223e-05	0.000103306	0.863636	0
	0.967	0.00233471	0.00386364	0.567901	0	0.000144628	0.000144628	0.863636	0
	0.968	0.00216942	0.00357438	0.56962	0	0.000144628	8.26446e-05	0.863636	0
	0.969	0.0025	0.00402893	0.564103	0	0.000144628	8.26446e-05	0.863636	0
	0.97	0.00192149	0.00330579	0.578947	0	0.000165289	4.13223e-05	0.863636	0
	0.971	0.00214876	0.00347107	0.573333	0	0.00018595	4.13223e-05	0.863636	0
	0.972	0.0021281	0.00347107	0.614286	0	0.000165289	0.000123967	0.95	0
	0.973	0.00190083	0.00334711	0.617647	0	0.000227273	6.19835e-05	0.95	0
	0.974	0.00216942	0.00274793	0.621212	0	0.000144628	0.000103306	0.95	0
	0.975	0.00192149	0.00295455	0.584615	0	0.000206612	0.000123967	0.95	0
	0.976	0.00154959	0.00270661	0.59375	0	0.000227273	8.26446e-05	0.9	0
	0.977	0.0017562	0.00274793	0.612903	0	0.000206612	8.26446e-05	0.85	0
	0.978	0.00192149	0.00266529	0.644068	0	0.00018595	4.13223e-05	0.85	0
	0.979	0.00181818	0.00229339	0.637931	0	0.000144628	4.13223e-05	0.85	0
	0.98	0.00181818	0.00237603	0.631579	0	0.000103306	0.000103306	0.85	0
	0.981	0.00173554	0.00196281	0.631579	0	0.000227273	0.000103306	0.85	0
	0.982	0.0021281	0.00225207	0.625	0	0.000413223	0.000123967	0.85	0
	0.983	0.0018595	0.00192149	0.653846	0	0.000268595	0.000123967	0.85	0
	0.984	0.00214876	0.00154959	0.615385	0	0.000413223	4.13223e-05	0.894737	0
	0.985	0.00190083	0.00163223	0.607843	0	0.000330579	6.19835e-05	0.894737	0
	0.986	0.0022314	0.00161157	0.58	0	0.000433884	6.19835e-05	0.894737	0
	0.987	0.00216942	0.00157025	0.571429	0	0.00035124	4.13223e-05	0.894737	0
	0.988	0.00256198	0.00130165	0.541667	0	0.000330579	0.000103306	0.894737	0
	0.989	0.00260331	0.00128099	0.565217	0	0.000392562	6.19835e-05	0.894737	0
	0.99	0.00309917	0.00103306	0.565217	0	0.000454545	8.26446e-05	0.894737	0
	0.991	0.00274793	0.000971074	0.577778	0	0.000144628	0.000165289	0.894737	0
	0.992	0.00289256	0.000619835	0.619048	0	0.000103306	0.000103306	0.894737	0
	0.993	0.0027686	0.000971074	0.666667	0	6.19835e-05	6.19835e-05	0.894737	0
	0.994	0.00235537	0.00053719	0.605263	0	2.06612e-05	0.000165289	0.894737	0
	0.995	0.00258264	0.000702479	0.621622	0	0.000144628	0.000123967	0.944444	0
	0.996	0.0028719	0.000495868	0.583333	0	0.00053719	6.19835e-05	0.833333	0
	0.997	0.00326446	0.00053719	0.575758	0	0.000805785	0.000165289	0.823529	0
	0.998	0.00464876	0.000454545	0.548387	0	0.00179752	0.000247934	0.764706	0
	0.999	0.00644628	0.000454545	0.517241	0	0.00243802	0.00018595	0.764706	0
	1	0.0380785	0.00117769	0.481481	0	0.0294215	0.000929752	0.647059	0


#	yrange	sparsity	# links	zeta	support at cross	fraction FP	support at cross2	fraction FP2
	0	0.572314	277	0.000339079	0.983	0.215775	0.983	0.215775
	0.04	0.572314	277	0.000339079	0.983	0.215775	0.983	0.215775
