#	Frequencies and overlap
#	bins	MYC	shuffle	overlap_MYC	overlap_shuffle	SIGN_MYC	SIGNshuffle	SIGNoverlap_MYC	SIGNoverlap_shuffle
	0	0	0	1	1	0.580186	0.615806	0.79646	0
	0.001	0	0	1	1	0	0	0.79646	0
	0.002	0	0	1	1	0	0	0.79646	0
	0.003	0	0	1	1	0	0	0.79646	0
	0.004	0	0	1	1	0	0	0.79646	0
	0.005	0	0	1	1	0	0	0.79646	0
	0.006	0	0	1	1	0	0	0.79646	0
	0.007	0	0	1	1	0	0	0.79646	0
	0.008	0	0	1	1	0	0	0.79646	0
	0.009	0	0	1	1	0	0	0.79646	0
	0.01	0	0	1	1	0	0	0.79646	0
	0.011	0	0	1	1	0	0	0.79646	0
	0.012	0	0	1	1	0	0	0.79646	0
	0.013	0	0	1	1	0	0	0.79646	0
	0.014	0	0	1	1	0	0	0.79646	0
	0.015	0	0	1	1	0	0	0.79646	0
	0.016	0	0	1	1	0	0	0.79646	0
	0.017	0	0	1	1	0	0	0.79646	0
	0.018	0	0	1	1	0	0	0.79646	0
	0.019	0	0	1	1	0	0	0.79646	0
	0.02	0	0	1	1	0	0	0.79646	0
	0.021	0	0	1	1	0	0	0.79646	0
	0.022	0	0	1	1	0	0	0.79646	0
	0.023	0	0	1	1	0	0	0.79646	0
	0.024	0	0	1	1	0	0	0.79646	0
	0.025	0	0	1	1	0	0	0.79646	0
	0.026	0	0	1	1	0	0	0.79646	0
	0.027	0	0	1	1	0	0	0.79646	0
	0.028	0	0	1	1	0	0	0.79646	0
	0.029	0	0	1	1	0	0	0.79646	0
	0.03	0	0	1	1	0	0	0.79646	0
	0.031	0	0	1	1	0	0	0.79646	0
	0.032	0	0	1	1	0	0	0.79646	0
	0.033	0	0	1	1	0	0	0.79646	0
	0.034	0	0	1	1	0	0	0.79646	0
	0.035	0	0	1	1	0	0	0.79646	0
	0.036	0	0	1	1	0	0	0.79646	0
	0.037	0	0	1	1	0	0	0.79646	0
	0.038	0	0	1	1	0	0	0.79646	0
	0.039	0	0	1	1	0	0	0.79646	0
	0.04	0	0	1	1	0	0	0.79646	0
	0.041	0	0	1	1	0	0	0.79646	0
	0.042	0	0	1	1	0	0	0.79646	0
	0.043	0	0	1	1	0	0	0.79646	0
	0.044	0	0	1	1	0	0	0.79646	0
	0.045	0	0	1	1	0	0	0.79646	0
	0.046	0	0	1	1	0	0	0.79646	0
	0.047	0	0	1	1	0	0	0.79646	0
	0.048	0	0	1	1	0	0	0.79646	0
	0.049	0	0	1	1	0	0	0.79646	0
	0.05	0	0	1	1	0	0	0.79646	0
	0.051	0	0	1	1	0	0	0.79646	0
	0.052	0	0	1	1	0	0	0.79646	0
	0.053	0	0	1	1	0	0	0.79646	0
	0.054	0	0	1	1	0	0	0.79646	0
	0.055	0	0	1	1	0	0	0.79646	0
	0.056	0	0	1	1	0	0	0.79646	0
	0.057	0	0	1	1	0	0	0.79646	0
	0.058	0	0	1	1	0	0	0.79646	0
	0.059	0	0	1	1	0	0	0.79646	0
	0.06	0	0	1	1	0	0	0.79646	0
	0.061	0	0	1	1	0	0	0.79646	0
	0.062	0	0	1	1	0	0	0.79646	0
	0.063	0	0	1	1	0	0	0.79646	0
	0.064	0	0	1	1	0	0	0.79646	0
	0.065	0	0	1	1	0	0	0.79646	0
	0.066	0	0	1	1	0	0	0.79646	0
	0.067	0	0	1	1	0	0	0.79646	0
	0.068	0	0	1	1	0	0	0.79646	0
	0.069	0	0	1	1	0	0	0.79646	0
	0.07	0	0	1	1	0	0	0.79646	0
	0.071	0	0	1	1	0	0	0.79646	0
	0.072	0	0	1	1	0	0	0.79646	0
	0.073	0	0	1	1	0	0	0.79646	0
	0.074	0	0	1	1	0	0	0.79646	0
	0.075	0	0	1	1	0	0	0.79646	0
	0.076	0	0	1	1	0	0	0.79646	0
	0.077	0	0	1	1	0	0	0.79646	0
	0.078	0	0	1	1	0	0	0.79646	0
	0.079	0	0	1	1	0	0	0.79646	0
	0.08	0	0	1	1	0	0	0.79646	0
	0.081	0	0	1	1	0	0	0.79646	0
	0.082	0	0	1	1	0	0	0.79646	0
	0.083	0	0	1	1	0	0	0.79646	0
	0.084	0	0	1	1	0	0	0.79646	0
	0.085	0	0	1	1	0	0	0.79646	0
	0.086	0	0	1	1	0	0	0.79646	0
	0.087	0	0	1	1	0	0	0.79646	0
	0.088	0	0	1	1	0	0	0.79646	0
	0.089	0	0	1	1	0	0	0.79646	0
	0.09	0	0	1	1	0	0	0.79646	0
	0.091	0	0	1	1	0	0	0.79646	0
	0.092	0	0	1	1	0	0	0.79646	0
	0.093	0	0	1	1	0	0	0.79646	0
	0.094	0	0	1	1	0	0	0.79646	0
	0.095	0	0	1	1	0	0	0.79646	0
	0.096	0	0	1	1	0	0	0.79646	0
	0.097	0	0	1	1	0	0	0.79646	0
	0.098	0	0	1	1	0	0	0.79646	0
	0.099	0	0	1	1	0	0	0.79646	0
	0.1	0	0	1	1	0	0	0.79646	0
	0.101	0	0	1	1	0	0	0.79646	0
	0.102	0	0	1	1	0	0	0.79646	0
	0.103	0	0	1	1	0	0	0.79646	0
	0.104	0	0	1	1	0	0	0.79646	0
	0.105	0	0	1	1	0	0	0.79646	0
	0.106	0	0	1	1	0	0	0.79646	0
	0.107	0	0	1	1	0	0	0.79646	0
	0.108	0	0	1	1	0	0	0.79646	0
	0.109	0	0	1	1	0	0	0.79646	0
	0.11	0	0	1	1	0	0	0.79646	0
	0.111	0	0	1	1	0	0	0.79646	0
	0.112	0	0	1	1	0	0	0.79646	0
	0.113	0	0	1	1	0	0	0.79646	0
	0.114	0	0	1	1	0	0	0.79646	0
	0.115	0	0	1	1	0	0	0.79646	0
	0.116	0	0	1	1	0	0	0.79646	0
	0.117	0	0	1	1	0	0	0.79646	0
	0.118	0	0	1	1	0	0	0.79646	0
	0.119	0	0	1	1	0	0	0.79646	0
	0.12	0	0	1	1	0	0	0.79646	0
	0.121	0	0	1	1	0	0	0.79646	0
	0.122	0	0	1	1	0	0	0.79646	0
	0.123	0	0	1	1	0	0	0.79646	0
	0.124	0	0	1	1	0	0	0.79646	0
	0.125	0	0	1	1	0	0	0.79646	0
	0.126	0	0	1	1	0	0	0.79646	0
	0.127	0	0	1	1	0	0	0.79646	0
	0.128	0	0	1	1	0	0	0.79646	0
	0.129	0	0	1	1	0	0	0.79646	0
	0.13	0	0	1	1	0	0	0.79646	0
	0.131	0	0	1	1	0	0	0.79646	0
	0.132	0	0	1	1	0	0	0.79646	0
	0.133	0	0	1	1	0	0	0.79646	0
	0.134	0	0	1	1	0	0	0.79646	0
	0.135	0	0	1	1	0	0	0.79646	0
	0.136	0	0	1	1	0	0	0.79646	0
	0.137	0	0	1	1	0	0	0.79646	0
	0.138	0	0	1	1	0	0	0.79646	0
	0.139	0	0	1	1	0	0	0.79646	0
	0.14	0	0	1	1	0	0	0.79646	0
	0.141	0	0	1	1	0	0	0.79646	0
	0.142	0	0	1	1	0	0	0.79646	0
	0.143	0	0	1	1	0	0	0.79646	0
	0.144	0	0	1	1	0	0	0.79646	0
	0.145	0	0	1	1	0	0	0.79646	0
	0.146	0	0	1	1	0	0	0.79646	0
	0.147	0	0	1	1	0	0	0.79646	0
	0.148	0	0	1	1	0	0	0.79646	0
	0.149	0	0	1	1	0	0	0.79646	0
	0.15	0	0	1	1	0	0	0.79646	0
	0.151	0	0	1	1	0	0	0.79646	0
	0.152	0	0	1	1	0	0	0.79646	0
	0.153	0	0	1	1	0	0	0.79646	0
	0.154	0	0	1	1	0	0	0.79646	0
	0.155	0	0	1	1	0	0	0.79646	0
	0.156	0	0	1	1	0	0	0.79646	0
	0.157	0	0	1	1	0	0	0.79646	0
	0.158	0	0	1	1	0	0	0.79646	0
	0.159	0	0	1	1	0	0	0.79646	0
	0.16	0	0	1	1	0	0	0.79646	0
	0.161	0	0	1	1	0	0	0.79646	0
	0.162	0	0	1	1	0	0	0.79646	0
	0.163	0	0	1	1	0	0	0.79646	0
	0.164	0	0	1	1	0	0	0.79646	0
	0.165	0	0	1	1	0	0	0.79646	0
	0.166	0	0	1	1	0	0	0.79646	0
	0.167	0	0	1	1	0	0	0.79646	0
	0.168	0	0	1	1	0	0	0.79646	0
	0.169	0	0	1	1	0	0	0.79646	0
	0.17	0	0	1	1	0	0	0.79646	0
	0.171	0	0	1	1	0	0	0.79646	0
	0.172	0	0	1	1	0	0	0.79646	0
	0.173	0	0	1	1	0	0	0.79646	0
	0.174	0	0	1	1	0	0	0.79646	0
	0.175	0	0	1	1	0	0	0.79646	0
	0.176	0	0	1	1	0	0	0.79646	0
	0.177	0	0	1	1	0	0	0.79646	0
	0.178	0	0	1	1	0	0	0.79646	0
	0.179	0	0	1	1	0	0	0.79646	0
	0.18	0	0	1	1	0	0	0.79646	0
	0.181	0	0	1	1	0	0	0.79646	0
	0.182	0	0	1	1	0	0	0.79646	0
	0.183	0	0	1	1	0	0	0.79646	0
	0.184	0	0	1	1	0	0	0.79646	0
	0.185	0	0	1	1	0	0	0.79646	0
	0.186	0	0	1	1	0	0	0.79646	0
	0.187	0	0	1	1	0	0	0.79646	0
	0.188	0	0	1	1	0	0	0.79646	0
	0.189	0	0	1	1	0	0	0.79646	0
	0.19	0	0	1	1	0	0	0.79646	0
	0.191	0	0	1	1	0	0	0.79646	0
	0.192	0	0	1	1	0	0	0.79646	0
	0.193	0	0	1	1	0	0	0.79646	0
	0.194	0	0	1	1	0	0	0.79646	0
	0.195	0	0	1	1	0	0	0.79646	0
	0.196	0	0	1	1	0	0	0.79646	0
	0.197	0	0	1	1	0	0	0.79646	0
	0.198	0	0	1	1	0	0	0.79646	0
	0.199	0	0	1	1	0	0	0.79646	0
	0.2	0	0	1	1	0	0	0.79646	0
	0.201	0	0	1	1	0	0	0.79646	0
	0.202	0	0	1	1	0	0	0.79646	0
	0.203	0	0	1	1	0	0	0.79646	0
	0.204	0	0	1	1	0	0	0.79646	0
	0.205	0	0	1	1	0	0	0.79646	0
	0.206	0	0	1	1	0	0	0.79646	0
	0.207	0	0	1	1	0	0	0.79646	0
	0.208	0	0	1	1	0	0	0.79646	0
	0.209	0	0	1	1	0	0	0.79646	0
	0.21	0	0	1	1	0	0	0.79646	0
	0.211	0	0	1	1	0	0	0.79646	0
	0.212	0	0	1	1	0	0	0.79646	0
	0.213	0	0	1	1	0	0	0.79646	0
	0.214	0	0	1	1	0	0	0.79646	0
	0.215	0	0	1	1	0	0	0.79646	0
	0.216	0	0	1	1	0	0	0.79646	0
	0.217	0	0	1	1	0	0	0.79646	0
	0.218	0	0	1	1	0	0	0.79646	0
	0.219	0	0	1	1	0	0	0.79646	0
	0.22	0	0	1	1	0	0	0.79646	0
	0.221	0	0	1	1	0	0	0.79646	0
	0.222	0	0	1	1	0	0	0.79646	0
	0.223	0	0	1	1	0	0	0.79646	0
	0.224	0	0	1	1	0	0	0.79646	0
	0.225	0	0	1	1	0	0	0.79646	0
	0.226	0	0	1	1	0	0	0.79646	0
	0.227	0	0	1	1	0	0	0.79646	0
	0.228	0	0	1	1	0	0	0.79646	0
	0.229	0	0	1	1	0	0	0.79646	0
	0.23	0	0	1	1	0	0	0.79646	0
	0.231	0	0	1	1	0	0	0.79646	0
	0.232	0	0	1	1	0	0	0.79646	0
	0.233	0	0	1	1	0	0	0.79646	0
	0.234	0	0	1	1	0	0	0.79646	0
	0.235	0	0	1	1	0	0	0.79646	0
	0.236	0	0	1	1	0	0	0.79646	0
	0.237	0	0	1	1	0	0	0.79646	0
	0.238	0	0	1	1	0	0	0.79646	0
	0.239	0	0	1	1	0	0	0.79646	0
	0.24	0	0	1	1	0	0	0.79646	0
	0.241	0	0	1	1	0	0	0.79646	0
	0.242	0	0	1	1	0	0	0.79646	0
	0.243	0	0	1	1	0	0	0.79646	0
	0.244	0	0	1	1	0	0	0.79646	0
	0.245	0	0	1	1	0	0	0.79646	0
	0.246	0	0	1	1	0	0	0.79646	0
	0.247	0	0	1	1	0	0	0.79646	0
	0.248	0	0	1	1	0	0	0.79646	0
	0.249	0	0	1	1	0	0	0.79646	0
	0.25	0	0	1	1	0	0	0.79646	0
	0.251	0	0	1	1	0	0	0.79646	0
	0.252	0	0	1	1	0	0	0.79646	0
	0.253	0	0	1	1	0	0	0.79646	0
	0.254	0	0	1	1	0	0	0.79646	0
	0.255	0	0	1	1	0	0	0.79646	0
	0.256	0	0	1	1	0	0	0.79646	0
	0.257	0	0	1	1	0	0	0.79646	0
	0.258	0	0	1	1	0	0	0.79646	0
	0.259	0	0	1	1	0	0	0.79646	0
	0.26	0	0	1	1	0	0	0.79646	0
	0.261	0	0	1	1	0	0	0.79646	0
	0.262	0	0	1	1	0	0	0.79646	0
	0.263	0	0	1	1	0	0	0.79646	0
	0.264	0	0	1	1	0	0	0.79646	0
	0.265	0	0	1	1	0	0	0.79646	0
	0.266	0	0	1	1	0	0	0.79646	0
	0.267	0	0	1	1	0	0	0.79646	0
	0.268	0	0	1	1	0	0	0.79646	0
	0.269	0	0	1	1	0	0	0.79646	0
	0.27	0	0	1	1	0	0	0.79646	0
	0.271	0	0	1	1	0	0	0.79646	0
	0.272	0	0	1	1	0	0	0.79646	0
	0.273	0	0	1	1	0	0	0.79646	0
	0.274	0	0	1	1	0	0	0.79646	0
	0.275	0	0	1	1	0	0	0.79646	0
	0.276	0	0	1	1	0	0	0.79646	0
	0.277	0	0	1	1	0	0	0.79646	0
	0.278	0	0	1	1	0	0	0.79646	0
	0.279	0	0	1	1	0	0	0.79646	0
	0.28	0	0	1	1	0	0	0.79646	0
	0.281	0	0	1	1	0	0	0.79646	0
	0.282	0	0	1	1	0	0	0.79646	0
	0.283	0	0	1	1	0	0	0.79646	0
	0.284	0	0	1	1	0	0	0.79646	0
	0.285	0	0	1	1	0	0	0.79646	0
	0.286	0	0	1	1	0	0	0.79646	0
	0.287	0	0	1	1	0	0	0.79646	0
	0.288	0	0	1	1	0	0	0.79646	0
	0.289	0	0	1	1	0	0	0.79646	0
	0.29	0	0	1	1	0	0	0.79646	0
	0.291	0	0	1	1	0	0	0.79646	0
	0.292	0	0	1	1	0	0	0.79646	0
	0.293	0	0	1	1	0	0	0.79646	0
	0.294	0	0	1	1	0	0	0.79646	0
	0.295	0	0	1	1	0	0	0.79646	0
	0.296	0	0	1	1	0	0	0.79646	0
	0.297	0	0	1	1	0	0	0.79646	0
	0.298	0	0	1	1	0	0	0.79646	0
	0.299	0	0	1	1	0	0	0.79646	0
	0.3	0	0	1	1	0	0	0.79646	0
	0.301	0	0	1	1	0	0	0.79646	0
	0.302	0	0	1	1	0	0	0.79646	0
	0.303	0	0	1	1	0	0	0.79646	0
	0.304	0	0	1	1	0	0	0.79646	0
	0.305	0	0	1	1	0	0	0.79646	0
	0.306	0	0	1	1	0	0	0.79646	0
	0.307	0	0	1	1	0	0	0.79646	0
	0.308	0	0	1	1	0	0	0.79646	0
	0.309	0	0	1	1	0	0	0.79646	0
	0.31	0	0	1	1	0	0	0.79646	0
	0.311	0	0	1	1	0	0	0.79646	0
	0.312	0	0	1	1	0	0	0.79646	0
	0.313	0	0	1	1	0	0	0.79646	0
	0.314	0	0	1	1	0	0	0.79646	0
	0.315	0	0	1	1	0	0	0.79646	0
	0.316	0	0	1	1	0	0	0.79646	0
	0.317	0	0	1	1	0	0	0.79646	0
	0.318	0	0	1	1	0	0	0.79646	0
	0.319	0	0	1	1	0	0	0.79646	0
	0.32	0	0	1	1	0	0	0.79646	0
	0.321	0	0	1	1	0	0	0.79646	0
	0.322	0	0	1	1	0	0	0.79646	0
	0.323	0	0	1	1	0	0	0.79646	0
	0.324	0	0	1	1	0	0	0.79646	0
	0.325	0	0	1	1	0	0	0.79646	0
	0.326	0	0	1	1	0	0	0.79646	0
	0.327	0	0	1	1	0	0	0.79646	0
	0.328	0	0	1	1	0	0	0.79646	0
	0.329	0	0	1	1	0	0	0.79646	0
	0.33	0	0	1	1	0	0	0.79646	0
	0.331	0	0	1	1	0	0	0.79646	0
	0.332	0	0	1	1	0	0	0.79646	0
	0.333	0	0	1	1	0	0	0.79646	0
	0.334	0	0	1	1	0	0	0.79646	0
	0.335	0	0	1	1	0	0	0.79646	0
	0.336	0	0	1	1	0	0	0.79646	0
	0.337	0	0	1	1	0	0	0.79646	0
	0.338	0	0	1	1	0	0	0.79646	0
	0.339	0	0	1	1	0	0	0.79646	0
	0.34	0	0	1	1	0	0	0.79646	0
	0.341	0	0	1	1	0	0	0.79646	0
	0.342	0	0	1	1	0	0	0.79646	0
	0.343	0	0	1	1	0	0	0.79646	0
	0.344	0	0	1	1	0	0	0.79646	0
	0.345	0	0	1	1	0	0	0.79646	0
	0.346	0	0	1	1	0	0	0.79646	0
	0.347	0	0	1	1	0	0	0.79646	0
	0.348	0	0	1	1	0	0	0.79646	0
	0.349	0	0	1	1	0	0	0.79646	0
	0.35	0	0	1	1	0	0	0.79646	0
	0.351	0	0	1	1	0	0	0.79646	0
	0.352	0	0	1	1	0	0	0.79646	0
	0.353	0	0	1	1	0	0	0.79646	0
	0.354	0	0	1	1	0	0	0.79646	0
	0.355	0	0	1	1	0	0	0.79646	0
	0.356	0	0	1	1	0	0	0.79646	0
	0.357	0	0	1	1	0	0	0.79646	0
	0.358	0	0	1	1	0	0	0.79646	0
	0.359	0	0	1	1	0	0	0.79646	0
	0.36	0	0	1	1	0	0	0.79646	0
	0.361	0	0	1	1	0	0	0.79646	0
	0.362	0	0	1	1	0	0	0.79646	0
	0.363	0	0	1	1	0	0	0.79646	0
	0.364	0	0	1	1	0	0	0.79646	0
	0.365	0	0	1	1	0	0	0.79646	0
	0.366	0	0	1	1	0	0	0.79646	0
	0.367	0	0	1	1	0	0	0.79646	0
	0.368	0	0	1	1	0	0	0.79646	0
	0.369	0	0	1	1	0	0	0.79646	0
	0.37	0	0	1	1	0	0	0.79646	0
	0.371	0	0	1	1	0	0	0.79646	0
	0.372	0	0	1	1	0	0	0.79646	0
	0.373	0	0	1	1	0	0	0.79646	0
	0.374	0	0	1	1	0	0	0.79646	0
	0.375	0	0	1	1	0	0	0.79646	0
	0.376	0	0	1	1	0	0	0.79646	0
	0.377	0	0	1	1	0	0	0.79646	0
	0.378	0	0	1	1	0	0	0.79646	0
	0.379	0	0	1	1	0	0	0.79646	0
	0.38	0	0	1	1	0	0	0.79646	0
	0.381	0	0	1	1	0	0	0.79646	0
	0.382	0	0	1	1	0	0	0.79646	0
	0.383	0	0	1	1	0	0	0.79646	0
	0.384	0	0	1	1	0	0	0.79646	0
	0.385	0	0	1	1	0	0	0.79646	0
	0.386	0	0	1	1	0	0	0.79646	0
	0.387	0	0	1	1	0	0	0.79646	0
	0.388	0	0	1	1	0	0	0.79646	0
	0.389	0	0	1	1	0	0	0.79646	0
	0.39	0	0	1	1	0	0	0.79646	0
	0.391	0	0	1	1	0	0	0.79646	0
	0.392	0	0	1	1	0	0	0.79646	0
	0.393	0	0	1	1	0	0	0.79646	0
	0.394	0	0	1	1	0	0	0.79646	0
	0.395	0	0	1	1	0	0	0.79646	0
	0.396	0	0	1	1	0	0	0.79646	0
	0.397	0	0	1	1	0	0	0.79646	0
	0.398	0	0	1	1	0	0	0.79646	0
	0.399	0	0	1	1	0	0	0.79646	0
	0.4	0	0	1	1	0	0	0.79646	0
	0.401	0	0	1	1	0	0	0.79646	0
	0.402	0	0	1	1	0	0	0.79646	0
	0.403	0	0	1	1	0	0	0.79646	0
	0.404	0	0	1	1	0	0	0.79646	0
	0.405	0	0	1	1	0	0	0.79646	0
	0.406	0	0	1	1	0	0	0.79646	0
	0.407	0	0	1	1	0	0	0.79646	0
	0.408	0	0	1	1	0	0	0.79646	0
	0.409	0	0	1	1	0	0	0.79646	0
	0.41	0	0	1	1	0	0	0.79646	0
	0.411	0	0	1	1	0	0	0.79646	0
	0.412	0	0	1	1	0	0	0.79646	0
	0.413	0	0	1	1	0	0	0.79646	0
	0.414	0	0	1	1	0	0	0.79646	0
	0.415	0	0	1	1	0	0	0.79646	0
	0.416	0	0	1	1	0	2.06612e-05	0.79646	0
	0.417	0	0	1	1	0	0	0.79646	0
	0.418	0	0	1	1	0	0	0.79646	0
	0.419	0	0	1	1	0	0	0.79646	0
	0.42	0	0	1	1	0	0	0.79646	0
	0.421	0	0	1	1	0	0	0.79646	0
	0.422	0	0	1	1	0	0	0.79646	0
	0.423	0	0	1	1	0	0	0.79646	0
	0.424	0	0	1	1	0	0	0.79646	0
	0.425	0	0	1	1	0	0	0.79646	0
	0.426	0	0	1	1	0	0	0.79646	0
	0.427	0	0	1	1	0	0	0.79646	0
	0.428	0	0	1	1	0	0	0.79646	0
	0.429	0	0	1	1	0	0	0.79646	0
	0.43	0	0	1	1	0	0	0.79646	0
	0.431	0	0	1	1	0	0	0.79646	0
	0.432	0	0	1	1	0	0	0.79646	0
	0.433	0	0	1	1	0	0	0.79646	0
	0.434	0	0	1	1	0	0	0.79646	0
	0.435	0	0	1	1	0	0	0.79646	0
	0.436	0	0	1	1	0	0	0.79646	0
	0.437	0	0	1	1	0	0	0.79646	0
	0.438	0	0	1	1	0	0	0.79646	0
	0.439	0	0	1	1	0	0	0.79646	0
	0.44	0	0	1	1	0	0	0.79646	0
	0.441	0	0	1	1	0	0	0.79646	0
	0.442	0	0	1	1	0	0	0.79646	0
	0.443	0	0	1	1	0	0	0.79646	0
	0.444	0	0	1	1	0	2.06612e-05	0.79646	0
	0.445	0	0	1	1	0	0	0.79646	0
	0.446	0	0	1	1	0	0	0.79646	0
	0.447	0	0	1	1	0	0	0.79646	0
	0.448	0	0	1	1	0	0	0.79646	0
	0.449	0	0	1	1	0	0	0.79646	0
	0.45	0	0	1	1	0	2.06612e-05	0.79646	0
	0.451	0	0	1	1	0	2.06612e-05	0.79646	0
	0.452	0	0	1	1	0	2.06612e-05	0.79646	0
	0.453	0	0	1	1	0	0	0.79646	0
	0.454	0	0	1	1	0	0	0.79646	0
	0.455	0	0	1	1	0	0	0.79646	0
	0.456	0	0	1	1	0	0	0.79646	0
	0.457	0	0	1	1	0	0	0.79646	0
	0.458	0	0	1	1	0	2.06612e-05	0.79646	0
	0.459	0	0	1	1	0	0	0.79646	0
	0.46	0	0	1	1	0	0	0.79646	0
	0.461	0	0	1	1	0	0	0.79646	0
	0.462	0	0	1	1	0	0	0.79646	0
	0.463	0	0	1	1	0	2.06612e-05	0.79646	0
	0.464	0	0	1	1	0	2.06612e-05	0.79646	0
	0.465	0	0	1	1	0	0	0.79646	0
	0.466	0	0	1	1	0	0	0.79646	0
	0.467	0	0	1	1	0	2.06612e-05	0.79646	0
	0.468	0	0	1	1	0	0	0.79646	0
	0.469	0	0	1	1	0	0	0.79646	0
	0.47	0	0	1	1	0	2.06612e-05	0.79646	0
	0.471	0	0	1	1	0	2.06612e-05	0.79646	0
	0.472	0	0	1	1	0	0	0.79646	0
	0.473	0	0	1	1	0	4.13223e-05	0.79646	0
	0.474	0	0	1	1	0	0	0.79646	0
	0.475	0	0	1	1	0	2.06612e-05	0.79646	0
	0.476	0	0	1	1	0	0	0.79646	0
	0.477	0	0	1	1	0	0	0.79646	0
	0.478	0	0	1	1	0	4.13223e-05	0.79646	0
	0.479	0	0	1	1	0	2.06612e-05	0.79646	0
	0.48	0	0	1	1	0	2.06612e-05	0.79646	0
	0.481	0	0	1	1	0	0	0.79646	0
	0.482	0	0	1	1	0	4.13223e-05	0.79646	0
	0.483	0	0	1	1	0	2.06612e-05	0.79646	0
	0.484	0	0	1	1	0	8.26446e-05	0.79646	0
	0.485	0	0	1	1	0	2.06612e-05	0.79646	0
	0.486	0	0	1	1	0	8.26446e-05	0.79646	0
	0.487	0	0	1	1	2.06612e-05	8.26446e-05	0.79646	0
	0.488	0	0	1	1	2.06612e-05	4.13223e-05	0.79646	0
	0.489	0	0	1	1	4.13223e-05	8.26446e-05	0.79646	0
	0.49	0	0	1	1	6.19835e-05	4.13223e-05	0.79646	0
	0.491	0	0	1	1	4.13223e-05	8.26446e-05	0.79646	0
	0.492	0	0	1	1	0	0.000103306	0.79646	0
	0.493	0	0	1	1	6.19835e-05	0.000123967	0.79646	0
	0.494	0	0	1	1	6.19835e-05	0.000144628	0.79646	0
	0.495	0	0	1	1	8.26446e-05	0.000165289	0.792035	0
	0.496	0	0	1	1	0.000165289	0.000206612	0.795556	0
	0.497	0	0	1	1	0.000144628	0.000309917	0.795556	0
	0.498	0	0	1	1	0.000144628	0.000206612	0.795556	0
	0.499	0	0	1	1	0.00035124	0.000516529	0.795556	0
	0.5	0	0	1	1	0.000764463	0.000826446	0.795556	0
	0.501	0	0	1	1	0.00165289	0.00128099	0.795556	0
	0.502	0	0	1	1	0.00130165	0.00130165	0.794643	0
	0.503	0	0	1	1	0.00105372	0.00128099	0.794643	0
	0.504	0	0	1	1	0.00177686	0.00126033	0.794643	0
	0.505	0	0	1	1	0.00152893	0.00130165	0.798206	0
	0.506	0	0	1	1	0.00105372	0.00130165	0.797297	0
	0.507	0	0	1	1	0.00136364	0.00136364	0.797297	0
	0.508	0	0	1	1	0.00128099	0.00136364	0.804545	0
	0.509	0	0	1	1	0.00132231	0.00123967	0.804545	0
	0.51	0	0	1	1	0.00113636	0.00140496	0.808219	0
	0.511	0	0	1	1	0.00113636	0.00121901	0.808219	0
	0.512	0	0	1	1	0.000847107	0.00150826	0.808219	0
	0.513	0	0	1	1	0.00130165	0.00121901	0.811927	0
	0.514	0	0	1	1	0.00105372	0.00150826	0.802752	0
	0.515	0	0	1	1	0.000950413	0.00177686	0.802752	0
	0.516	0	0	1	1	0.0011157	0.00126033	0.802752	0
	0.517	0	0	1	1	0.0010124	0.00121901	0.798165	0
	0.518	0	0	1	1	0.000971074	0.00142562	0.798165	0
	0.519	0	0	1	1	0.00117769	0.00109504	0.793578	0
	0.52	0	0	1	1	0.00132231	0.00157025	0.793578	0
	0.521	0	0	1	1	0.00105372	0.00134298	0.792627	0
	0.522	0	0	1	1	0.000991736	0.00144628	0.792627	0
	0.523	0	0	1	1	0.000950413	0.00136364	0.795349	0
	0.524	0	0	1	1	0.00109504	0.00103306	0.795349	0
	0.525	0	0	1	1	0.00123967	0.00126033	0.802817	0
	0.526	0	0	1	1	0.00117769	0.00132231	0.806604	0
	0.527	0	0	1	1	0.00103306	0.00136364	0.810427	0
	0.528	0	0	1	1	0.00115702	0.00123967	0.810427	0
	0.529	0	0	1	1	0.00113636	0.00169421	0.810427	0
	0.53	0	0	1	1	0.00105372	0.00132231	0.810427	0
	0.531	0	0	1	1	0.0011157	0.00134298	0.809524	0
	0.532	0	0	1	1	0.000764463	0.00167355	0.809524	0
	0.533	0	0	1	1	0.000950413	0.00140496	0.8125	0
	0.534	0	0	1	1	0.00121901	0.00132231	0.8125	0
	0.535	0	0	1	1	0.00105372	0.0013843	0.811594	0
	0.536	0	0	1	1	0.000743802	0.00128099	0.811594	0
	0.537	0	0	1	1	0.00113636	0.0014876	0.81068	0
	0.538	0	0	1	1	0.000929752	0.00132231	0.82266	0
	0.539	0	0	1	1	0.00119835	0.00113636	0.817734	0
	0.54	0	0	1	1	0.000971074	0.00121901	0.811881	0
	0.541	0	0	1	1	0.00107438	0.00132231	0.811881	0
	0.542	0	0	1	1	0.000785124	0.00134298	0.811881	0
	0.543	0	0	1	1	0.00088843	0.00154959	0.81592	0
	0.544	0	0	1	1	0.00105372	0.00142562	0.815	0
	0.545	0	0	1	1	0.000619835	0.0013843	0.819095	0
	0.546	0	0	1	1	0.000991736	0.00121901	0.819095	0
	0.547	0	0	1	1	0.00115702	0.0014876	0.819095	0
	0.548	0	0	1	1	0.00117769	0.00123967	0.818182	0
	0.549	0	0	1	1	0.00117769	0.00132231	0.812183	0
	0.55	0	0	1	1	0.00088843	0.00103306	0.824742	0
	0.551	0	0	1	1	0.000847107	0.00121901	0.814433	0
	0.552	0	0	1	1	0.000702479	0.00109504	0.813472	0
	0.553	0	0	1	1	0.000805785	0.00134298	0.813472	0
	0.554	0	0	1	1	0.00105372	0.00126033	0.813472	0
	0.555	0	0	1	1	0.00053719	0.00150826	0.813472	0
	0.556	0	0	1	1	0.000764463	0.00146694	0.813472	0
	0.557	0	0	1	1	0.000909091	0.00121901	0.8125	0
	0.558	0	0	1	1	0.000619835	0.00132231	0.807292	0
	0.559	0	0	1	1	0.000743802	0.00105372	0.811518	0
	0.56	0	0	1	1	0.000764463	0.00109504	0.810526	0
	0.561	0	0	1	1	0.00072314	0.00113636	0.810526	0
	0.562	0	0	1	1	0.000971074	0.0013843	0.814815	0
	0.563	0	0	1	1	0.000743802	0.00119835	0.814815	0
	0.564	0	0	1	1	0.000909091	0.00128099	0.809524	0
	0.565	0	0	1	1	0.00072314	0.0011157	0.804233	0
	0.566	0	0	1	1	0.000847107	0.00123967	0.804233	0
	0.567	0	0	1	1	0.000785124	0.00136364	0.804233	0
	0.568	0	0	1	1	0.000785124	0.000991736	0.804233	0
	0.569	0	0	1	1	0.000950413	0.00123967	0.804233	0
	0.57	0	0	1	1	0.000929752	0.00121901	0.808511	0
	0.571	0	0	1	1	0.000785124	0.000950413	0.817204	0
	0.572	0	0	1	1	0.00072314	0.0013843	0.816216	0
	0.573	0	0	1	1	0.00088843	0.00126033	0.819672	0
	0.574	0	0	1	1	0.00088843	0.00121901	0.819672	0
	0.575	0	0	1	1	0.000764463	0.00117769	0.824176	0
	0.576	0	0	1	1	0.000929752	0.00123967	0.824176	0
	0.577	0	0	1	1	0.000991736	0.00123967	0.827778	0
	0.578	0	0	1	1	0.00088843	0.00115702	0.827778	0
	0.579	0	0	1	1	0.000557851	0.000950413	0.822222	0
	0.58	0	0	1	1	0.000743802	0.000826446	0.821229	0
	0.581	0	0	1	1	0.00088843	0.0014876	0.814607	0
	0.582	0	0	1	1	0.00103306	0.00126033	0.808989	0
	0.583	0	0	1	1	0.000764463	0.00132231	0.803371	0
	0.584	0	0	1	1	0.000743802	0.00115702	0.797753	0
	0.585	0	0	1	1	0.000743802	0.000991736	0.806818	0
	0.586	0	0	1	1	0.000640496	0.00132231	0.801136	0
	0.587	0	0	1	1	0.000991736	0.00115702	0.801136	0
	0.588	0	0	1	1	0.000661157	0.00119835	0.801136	0
	0.589	0	0	1	1	0.0011157	0.00142562	0.805714	0
	0.59	0	0	1	1	0.00113636	0.00144628	0.805714	0
	0.591	0	0	1	1	0.000950413	0.00144628	0.788571	0
	0.592	0	0	1	1	0.000950413	0.00126033	0.788571	0
	0.593	0	0	1	1	0.000702479	0.000929752	0.793103	0
	0.594	0	0	1	1	0.00107438	0.00128099	0.793103	0
	0.595	0	0	1	1	0.000805785	0.00103306	0.793103	0
	0.596	0	0	1	1	0.000847107	0.000991736	0.797688	0
	0.597	0	0	1	1	0.000909091	0.00123967	0.791908	0
	0.598	0	0	1	1	0.000867769	0.00130165	0.790698	0
	0.599	0	0	1	1	0.000971074	0.00107438	0.795322	0
	0.6	0	0	1	1	0.000826446	0.00142562	0.789474	0
	0.601	0	0	1	1	0.000826446	0.00115702	0.794118	0
	0.602	0	0	1	1	0.000743802	0.00088843	0.792899	0
	0.603	0	0	1	1	0.000826446	0.00105372	0.792899	0
	0.604	0	0	1	1	0.000950413	0.00105372	0.786982	0
	0.605	0	0	1	1	0.000950413	0.00121901	0.786982	0
	0.606	0	0	1	1	0.000950413	0.000867769	0.791667	0
	0.607	0	0	1	1	0.0010124	0.000785124	0.785714	0
	0.608	0	0	1	1	0.000971074	0.00105372	0.785714	0
	0.609	0	0	1	1	0.00107438	0.00126033	0.779762	0
	0.61	0	0	1	1	0.000929752	0.00109504	0.779762	0
	0.611	0	0	1	1	0.00105372	0.00109504	0.779762	0
	0.612	0	0	1	1	0.000743802	0.00113636	0.779762	0
	0.613	0	0	1	1	0.000867769	0.00117769	0.779762	0
	0.614	0	0	1	1	0.000764463	0.00088843	0.779762	0
	0.615	0	0	1	1	0.00088843	0.0010124	0.779762	0
	0.616	0	0	1	1	0.00107438	0.000950413	0.779762	0
	0.617	0	0	1	1	0.00115702	0.00121901	0.777108	0
	0.618	0	0	1	1	0.0013843	0.00126033	0.777108	0
	0.619	0	0	1	1	0.00113636	0.00107438	0.786585	0
	0.62	0	0	1	1	0.000929752	0.00117769	0.791411	0
	0.621	0	0	1	1	0.000929752	0.0011157	0.801242	0
	0.622	0	0	1	1	0.00113636	0.00107438	0.801242	0
	0.623	0	0	1	1	0.00088843	0.00123967	0.801242	0
	0.624	0	0	1	1	0.00105372	0.00103306	0.80625	0
	0.625	0	0	1	1	0.000826446	0.000971074	0.80625	0
	0.626	0	0	1	1	0.000950413	0.00130165	0.80625	0
	0.627	0	0	1	1	0.000847107	0.0011157	0.805031	0
	0.628	0	0	1	1	0.00113636	0.000867769	0.810127	0
	0.629	0	0	1	1	0.000847107	0.0010124	0.803797	0
	0.63	0	0	1	1	0.00117769	0.00105372	0.803797	0
	0.631	0	0	1	1	0.00072314	0.00105372	0.797468	0
	0.632	0	0	1	1	0.00103306	0.000991736	0.791139	0
	0.633	0	0	1	1	0.00103306	0.00113636	0.801282	0
	0.634	0	0	1	1	0.000909091	0.00126033	0.794872	0
	0.635	0	0	1	1	0.00105372	0.00103306	0.782051	0
	0.636	0	0	1	1	0.000971074	0.000826446	0.782051	0
	0.637	0	0	1	1	0.000826446	0.000991736	0.775641	0
	0.638	0	0	1	1	0.00119835	0.000909091	0.775641	0
	0.639	0	0	1	1	0.000661157	0.00119835	0.775641	0
	0.64	0	0	1	1	0.000991736	0.00119835	0.775641	0
	0.641	0	0	1	1	0.00072314	0.00088843	0.780645	0
	0.642	0	0	1	1	0.00103306	0.000991736	0.780645	0
	0.643	0	0	1	1	0.00107438	0.000805785	0.774194	0
	0.644	0	0	1	1	0.000991736	0.000909091	0.774194	0
	0.645	0	0	1	1	0.000702479	0.00107438	0.779221	0
	0.646	0	0	1	1	0.000950413	0.00109504	0.772727	0
	0.647	0	0	1	1	0.000909091	0.000950413	0.777778	0
	0.648	0	0	1	1	0.00072314	0.000847107	0.777778	0
	0.649	0	0	1	1	0.000950413	0.00109504	0.771242	0
	0.65	0	0	1	1	0.000743802	0.000909091	0.764706	0
	0.651	0	0	1	1	0.000661157	0.00109504	0.764706	0
	0.652	0	0	1	1	0.000764463	0.0011157	0.774834	0
	0.653	0	0	1	1	0.00105372	0.000950413	0.778523	0
	0.654	0	0	1	1	0.000661157	0.00105372	0.778523	0
	0.655	0	0	1	1	0.000640496	0.000785124	0.783784	0
	0.656	0	0	1	1	0.000909091	0.000971074	0.789116	0
	0.657	0	0	1	1	0.000764463	0.000826446	0.789116	0
	0.658	0	0	1	1	0.000702479	0.000702479	0.794521	0
	0.659	0	0	1	1	0.000764463	0.000950413	0.794521	0
	0.66	0	0	1	1	0.000785124	0.000909091	0.8	0
	0.661	0	0	1	1	0.000909091	0.000950413	0.8	0
	0.662	0	0	1	1	0.000578512	0.00107438	0.804196	0
	0.663	0	0	1	1	0.000909091	0.000764463	0.797203	0
	0.664	0	0	1	1	0.000929752	0.000991736	0.776224	0
	0.665	0	0	1	1	0.00105372	0.0011157	0.769231	0
	0.666	0	0	1	1	0.000640496	0.000826446	0.774648	0
	0.667	0	0	1	1	0.00103306	0.000805785	0.774648	0
	0.668	0	0	1	1	0.000805785	0.000950413	0.77305	0
	0.669	0	0	1	1	0.000826446	0.00088843	0.758865	0
	0.67	0	0	1	1	0.000785124	0.0010124	0.764286	0
	0.671	0	0	1	1	0.000929752	0.000764463	0.764286	0
	0.672	0	0	1	1	0.00107438	0.000743802	0.757143	0
	0.673	0	0	1	1	0.00088843	0.000909091	0.742857	0
	0.674	0	0	1	1	0.000971074	0.00119835	0.742857	0
	0.675	0	0	1	1	0.00113636	0.00113636	0.735714	0
	0.676	0	0	1	1	0.00088843	0.000805785	0.726619	0
	0.677	0	0	1	1	0.000929752	0.00109504	0.719424	0
	0.678	0	0	1	1	0.000971074	0.00072314	0.710145	0
	0.679	0	0	1	1	0.000743802	0.000909091	0.715328	0
	0.68	0	0	1	1	0.000929752	0.000971074	0.720588	0
	0.681	0	0	1	1	0.00117769	0.000826446	0.720588	0
	0.682	0	0	1	1	0.00107438	0.000971074	0.731343	0
	0.683	0	0	1	1	0.000847107	0.00088843	0.723881	0
	0.684	0	0	1	1	0.000764463	0.000702479	0.723881	0
	0.685	0	0	1	1	0.00121901	0.000867769	0.729323	0
	0.686	0	0	1	1	0.000826446	0.00105372	0.721805	0
	0.687	0	0	1	1	0.0010124	0.000950413	0.721805	0
	0.688	0	0	1	1	0.000805785	0.00132231	0.727273	0
	0.689	0	0	1	1	0.00072314	0.00105372	0.727273	0
	0.69	0	0	1	1	0.000847107	0.000929752	0.727273	0
	0.691	0	0	1	1	0.000909091	0.00088843	0.719697	0
	0.692	0	0	1	1	0.00107438	0.000764463	0.717557	0
	0.693	0	0	1	1	0.000867769	0.000929752	0.70229	0
	0.694	0	0	1	1	0.00088843	0.00113636	0.70229	0
	0.695	0	0	1	1	0.000971074	0.00113636	0.70229	0
	0.696	0	0	1	1	0.00126033	0.00103306	0.694656	0
	0.697	0	0	1	1	0.00119835	0.000991736	0.687023	0
	0.698	0	0	1	1	0.00126033	0.000867769	0.687023	0
	0.699	0	0	1	1	0.000971074	0.000826446	0.687023	0
	0.7	0	0	1	1	0.00109504	0.00105372	0.692308	0
	0.701	0	0	1	1	0.00103306	0.00117769	0.692308	0
	0.702	0	0	1	1	0.00109504	0.000909091	0.692308	0
	0.703	0	0	1	1	0.00088843	0.000929752	0.697674	0
	0.704	0	0	1	1	0.00119835	0.000826446	0.703125	0
	0.705	0	0	1	1	0.000909091	0.000640496	0.695312	0
	0.706	0	0	1	1	0.00140496	0.000702479	0.700787	0
	0.707	0	0	1	1	0.00132231	0.00105372	0.700787	0
	0.708	0	0	1	1	0.00128099	0.000826446	0.706349	0
	0.709	0	0	1	1	0.00126033	0.00109504	0.698413	0
	0.71	0	0	1	1	0.00105372	0.00072314	0.698413	0
	0.711	0	0	1	1	0.00165289	0.000785124	0.698413	0
	0.712	0	0	1	1	0.00109504	0.00107438	0.704	0
	0.713	0	0	1	1	0.00117769	0.000785124	0.696	0
	0.714	0	0	1	1	0.00115702	0.000950413	0.707317	0
	0.715	0	0	1	1	0.00105372	0.00119835	0.710744	0
	0.716	0	0	1	1	0.00113636	0.000867769	0.716667	0
	0.717	0	0	1	1	0.00130165	0.000929752	0.716667	0
	0.718	0	0	1	1	0.0011157	0.00088843	0.708333	0
	0.719	0	0	1	1	0.00119835	0.000867769	0.714286	0
	0.72	0	0	1	1	0.00117769	0.00103306	0.714286	0
	0.721	0	0	1	1	0.00126033	0.000640496	0.714286	0
	0.722	0	0	1	1	0.00117769	0.000826446	0.714286	0
	0.723	0	0	1	1	0.00119835	0.00103306	0.720339	0
	0.724	0	0	1	1	0.00140496	0.0010124	0.720339	0
	0.725	0	0	1	1	0.00123967	0.0011157	0.720339	0
	0.726	0	0	1	1	0.000950413	0.000991736	0.711864	0
	0.727	0	0	1	1	0.000867769	0.000785124	0.70339	0
	0.728	0	0	1	1	0.00088843	0.000909091	0.694915	0
	0.729	0	0	1	1	0.000743802	0.000785124	0.700855	0
	0.73	0	0	1	1	0.000847107	0.000805785	0.706897	0
	0.731	0	0	1	1	0.000929752	0.000929752	0.698276	0
	0.732	0	0	1	1	0.000785124	0.000909091	0.695652	0
	0.733	0	0	1	1	0.000826446	0.000764463	0.707965	0
	0.734	0	0	1	1	0.00113636	0.00088843	0.714286	0
	0.735	0	0	1	1	0.000764463	0.00088843	0.705357	0
	0.736	0	0	1	1	0.000929752	0.000991736	0.705357	0
	0.737	0	0	1	1	0.000867769	0.000991736	0.696429	0
	0.738	0	0	1	1	0.000929752	0.000950413	0.6875	0
	0.739	0	0	1	1	0.000867769	0.000867769	0.693694	0
	0.74	0	0	1	1	0.000929752	0.000929752	0.706422	0
	0.741	0	0	1	1	0.00072314	0.00088843	0.719626	0
	0.742	0	0	1	1	0.000785124	0.00103306	0.71028	0
	0.743	0	0	1	1	0.000909091	0.00088843	0.700935	0
	0.744	0	0	1	1	0.000557851	0.00103306	0.704762	0
	0.745	0	0	1	1	0.000702479	0.000702479	0.704762	0
	0.746	0	0	1	1	0.000661157	0.000826446	0.704762	0
	0.747	0	0	1	1	0.000702479	0.000764463	0.701923	0
	0.748	0	0	1	1	0.000661157	0.000867769	0.708738	0
	0.749	0	0	1	1	0.00072314	0.000909091	0.708738	0
	0.75	0	0	1	1	0.000950413	0.000991736	0.708738	0
	0.751	0	0	1	1	0.000495868	0.0010124	0.722772	0
	0.752	0	0	1	1	0.000599174	0.000909091	0.73	0
	0.753	0	0	1	1	0.000847107	0.000640496	0.72	0
	0.754	0	0	1	1	0.000681818	0.000433884	0.72	0
	0.755	0	0	1	1	0.000702479	0.00053719	0.72	0
	0.756	0	0	1	1	0.00053719	0.000867769	0.717172	0
	0.757	0	0	1	1	0.000578512	0.000661157	0.721649	0
	0.758	0	0	1	1	0.000702479	0.000826446	0.71134	0
	0.759	0	2.06612e-05	1	1	0.000785124	0.000702479	0.701031	0
	0.76	0	0	1	0.997934	0.000785124	0.000743802	0.697917	0
	0.761	0	0	1	0.997934	0.000805785	0.000867769	0.712766	0
	0.762	0	0	1	0.997934	0.000950413	0.000909091	0.712766	0
	0.763	0	0	1	0.997934	0.00072314	0.000805785	0.736264	0
	0.764	0	0	1	0.997934	0.000909091	0.000681818	0.736264	0
	0.765	0	0	1	0.997934	0.000847107	0.000847107	0.733333	0
	0.766	0	0	1	0.997934	0.000867769	0.000702479	0.722222	0
	0.767	0	0	1	0.997934	0.000743802	0.000743802	0.719101	0
	0.768	0	0	1	0.997934	0.000681818	0.00072314	0.719101	0
	0.769	0	0	1	0.997934	0.000619835	0.000516529	0.715909	0
	0.77	0	0	1	0.997934	0.000909091	0.000826446	0.715909	0
	0.771	0	0	1	0.997934	0.000909091	0.00072314	0.715909	0
	0.772	0	0	1	0.997934	0.0011157	0.000785124	0.704545	0
	0.773	0	0	1	0.997934	0.00088843	0.000847107	0.704545	0
	0.774	0	0	1	0.997934	0.000805785	0.000867769	0.704545	0
	0.775	0	0	1	0.997934	0.000743802	0.00072314	0.704545	0
	0.776	0	0	1	0.997934	0.000950413	0.000578512	0.704545	0
	0.777	0	0	1	0.997934	0.000599174	0.000661157	0.704545	0
	0.778	0	0	1	0.997934	0.000929752	0.000661157	0.704545	0
	0.779	0	0	1	0.997934	0.000785124	0.000805785	0.712644	0
	0.78	0	0	1	0.997934	0.00088843	0.00053719	0.701149	0
	0.781	0	0	1	0.997934	0.00117769	0.000743802	0.701149	0
	0.782	0	0	1	0.997934	0.00113636	0.000702479	0.689655	0
	0.783	0	0	1	0.997934	0.000743802	0.000743802	0.689655	0
	0.784	0	0	1	0.997934	0.000929752	0.000743802	0.678161	0
	0.785	0	0	1	0.997934	0.0010124	0.000929752	0.686047	0
	0.786	0	0	1	0.997934	0.000681818	0.000826446	0.686047	0
	0.787	0	0	1	0.997934	0.00130165	0.000805785	0.686047	0
	0.788	0	0	1	0.997934	0.000971074	0.000599174	0.686047	0
	0.789	0	0	1	0.997934	0.00123967	0.000681818	0.686047	0
	0.79	0	0	1	0.997934	0.00121901	0.000847107	0.694118	0
	0.791	0	0	1	0.997934	0.00088843	0.000599174	0.702381	0
	0.792	0	0	1	0.997934	0.00109504	0.000681818	0.710843	0
	0.793	0	0	1	0.997934	0.000764463	0.000785124	0.707317	0
	0.794	0	0	1	0.997934	0.000681818	0.000640496	0.707317	0
	0.795	0	0	1	0.997934	0.000764463	0.000475207	0.707317	0
	0.796	0	2.06612e-05	1	0.997934	0.000764463	0.000619835	0.716049	0
	0.797	0	0	1	0.995868	0.00109504	0.000599174	0.703704	0
	0.798	0	0	1	0.995868	0.000847107	0.000785124	0.7125	0
	0.799	0	0	1	0.995868	0.000805785	0.000950413	0.721519	0
	0.8	0	0	1	0.995868	0.000805785	0.000805785	0.721519	0
	0.801	0	0	1	0.995868	0.000991736	0.000475207	0.721519	0
	0.802	0	0	1	0.995868	0.000950413	0.00072314	0.721519	0
	0.803	0	0	1	0.995868	0.000764463	0.000433884	0.708861	0
	0.804	0	0	1	0.995868	0.000867769	0.000785124	0.708861	0
	0.805	0	0	1	0.995868	0.000640496	0.000661157	0.708861	0
	0.806	0	0	1	0.995868	0.000764463	0.000681818	0.692308	0
	0.807	0	0	1	0.995868	0.000805785	0.000764463	0.679487	0
	0.808	0	2.06612e-05	1	0.995868	0.000805785	0.000640496	0.688312	0
	0.809	0	0	1	0.993802	0.000929752	0.000578512	0.684211	0
	0.81	0	0	1	0.993802	0.000578512	0.000661157	0.684211	0
	0.811	0	0	1	0.993802	0.000640496	0.000805785	0.657895	0
	0.812	0	0	1	0.993802	0.000743802	0.000640496	0.657895	0
	0.813	0	0	1	0.993802	0.00072314	0.000619835	0.657895	0
	0.814	0	0	1	0.993802	0.000826446	0.000516529	0.657895	0
	0.815	0	0	1	0.993802	0.000764463	0.000950413	0.666667	0
	0.816	0	0	1	0.993802	0.000619835	0.00072314	0.684932	0
	0.817	0	0	1	0.993802	0.000661157	0.000599174	0.694444	0
	0.818	0	0	1	0.993802	0.000599174	0.000413223	0.704225	0
	0.819	0	0	1	0.993802	0.000599174	0.000433884	0.704225	0
	0.82	0	2.06612e-05	1	0.993802	0.000599174	0.00053719	0.690141	0
	0.821	0	0	1	0.991736	0.000578512	0.000578512	0.7	0
	0.822	0	0	1	0.991736	0.000805785	0.000475207	0.7	0
	0.823	0	0	1	0.991736	0.000619835	0.000578512	0.7	0
	0.824	0	0	1	0.991736	0.000475207	0.000661157	0.671429	0
	0.825	0	2.06612e-05	1	0.991736	0.00053719	0.000516529	0.681159	0
	0.826	0	0	1	0.989669	0.000516529	0.000764463	0.691176	0
	0.827	0	0	1	0.989669	0.000619835	0.000599174	0.712121	0
	0.828	0	2.06612e-05	1	0.989669	0.000619835	0.000433884	0.712121	0
	0.829	0	0	1	0.987603	0.000702479	0.000619835	0.712121	0
	0.83	0	0	1	0.987603	0.000578512	0.000764463	0.712121	0
	0.831	0	0	1	0.987603	0.000867769	0.00072314	0.69697	0
	0.832	0	4.13223e-05	1	0.987603	0.000743802	0.000578512	0.71875	0
	0.833	0	4.13223e-05	1	0.983471	0.000619835	0.000661157	0.71875	0
	0.834	0	0	1	0.981405	0.000743802	0.000433884	0.730159	0
	0.835	0	0	1	0.981405	0.000743802	0.000702479	0.754098	0
	0.836	4.13223e-05	0	1	0.981405	0.000785124	0.000557851	0.737705	0
	0.837	2.06612e-05	0	0.997934	0.981405	0.000557851	0.000599174	0.721311	0
	0.838	0	0	0.997934	0.981405	0.000847107	0.000475207	0.721311	0
	0.839	0	0	0.997934	0.981405	0.000743802	0.000371901	0.704918	0
	0.84	0	0	0.997934	0.981405	0.000764463	0.000475207	0.704918	0
	0.841	4.13223e-05	2.06612e-05	0.997934	0.981405	0.000516529	0.00072314	0.704918	0
	0.842	2.06612e-05	6.19835e-05	0.997934	0.979339	0.000743802	0.000413223	0.704918	0
	0.843	6.19835e-05	0	0.997934	0.97314	0.000681818	0.00053719	0.716667	0
	0.844	4.13223e-05	0	0.997934	0.97314	0.000702479	0.00072314	0.683333	0
	0.845	0	2.06612e-05	0.997934	0.97314	0.000661157	0.000619835	0.666667	0
	0.846	2.06612e-05	0	0.997934	0.97314	0.000702479	0.000413223	0.666667	0
	0.847	0.000103306	2.06612e-05	0.997934	0.97314	0.000681818	0.000557851	0.666667	0
	0.848	2.06612e-05	0	0.997934	0.971074	0.000599174	0.000661157	0.65	0
	0.849	4.13223e-05	2.06612e-05	0.997934	0.971074	0.000764463	0.000495868	0.65	0
	0.85	4.13223e-05	0	0.997934	0.969008	0.000847107	0.000557851	0.644068	0
	0.851	0	2.06612e-05	0.997934	0.969008	0.000599174	0.000454545	0.644068	0
	0.852	2.06612e-05	0	0.997934	0.969008	0.000578512	0.000454545	0.627119	0
	0.853	0.000103306	0	0.997934	0.969008	0.000599174	0.000454545	0.637931	0
	0.854	4.13223e-05	0	0.997934	0.969008	0.000743802	0.000392562	0.637931	0
	0.855	4.13223e-05	0	0.997934	0.969008	0.000619835	0.000495868	0.631579	0
	0.856	8.26446e-05	0	0.997934	0.969008	0.000516529	0.000413223	0.614035	0
	0.857	6.19835e-05	0	0.997934	0.969008	0.000475207	0.000433884	0.614035	0
	0.858	0.00018595	2.06612e-05	0.997934	0.969008	0.000805785	0.000557851	0.614035	0
	0.859	0	0	0.997934	0.966942	0.00053719	0.000599174	0.596491	0
	0.86	6.19835e-05	0	0.997934	0.966942	0.000805785	0.000516529	0.596491	0
	0.861	0.00018595	2.06612e-05	0.997934	0.966942	0.00088843	0.000392562	0.578947	0
	0.862	8.26446e-05	0	0.995868	0.964876	0.000743802	0.000495868	0.578947	0
	0.863	6.19835e-05	2.06612e-05	0.995868	0.964876	0.000785124	0.000330579	0.578947	0
	0.864	0	4.13223e-05	0.995868	0.964876	0.000805785	0.00053719	0.589286	0
	0.865	8.26446e-05	0	0.995868	0.96281	0.000826446	0.000454545	0.589286	0
	0.866	4.13223e-05	2.06612e-05	0.995868	0.96281	0.000702479	0.000433884	0.6	0
	0.867	6.19835e-05	0	0.995868	0.96281	0.000867769	0.000392562	0.622642	0
	0.868	0.000103306	0	0.995868	0.96281	0.000805785	0.000309917	0.647059	0
	0.869	4.13223e-05	0	0.995868	0.96281	0.00103306	0.000495868	0.66	0
	0.87	2.06612e-05	2.06612e-05	0.995868	0.96281	0.00107438	0.000495868	0.66	0
	0.871	4.13223e-05	0	0.995868	0.960744	0.000909091	0.000371901	0.64	0
	0.872	4.13223e-05	4.13223e-05	0.995868	0.960744	0.000867769	0.000495868	0.64	0
	0.873	4.13223e-05	2.06612e-05	0.995868	0.958678	0.000847107	0.000495868	0.64	0
	0.874	4.13223e-05	0	0.995868	0.956612	0.00103306	0.000413223	0.64	0
	0.875	0.000123967	2.06612e-05	0.995868	0.956612	0.000971074	0.000289256	0.64	0
	0.876	4.13223e-05	0	0.995868	0.954545	0.000950413	0.000330579	0.653061	0
	0.877	2.06612e-05	2.06612e-05	0.995868	0.954545	0.000929752	0.000247934	0.666667	0
	0.878	2.06612e-05	2.06612e-05	0.995868	0.952479	0.000805785	0.00053719	0.666667	0
	0.879	4.13223e-05	2.06612e-05	0.995868	0.950413	0.000847107	0.000475207	0.666667	0
	0.88	0	2.06612e-05	0.995868	0.948347	0.00072314	0.000268595	0.645833	0
	0.881	8.26446e-05	6.19835e-05	0.995868	0.946281	0.000599174	0.000475207	0.645833	0
	0.882	6.19835e-05	2.06612e-05	0.995868	0.942149	0.000661157	0.00035124	0.659574	0
	0.883	8.26446e-05	4.13223e-05	0.995868	0.942149	0.000661157	0.000475207	0.659574	0
	0.884	0.000103306	0	0.995868	0.942149	0.000640496	0.000206612	0.673913	0
	0.885	6.19835e-05	2.06612e-05	0.995868	0.942149	0.000619835	0.000413223	0.673913	0
	0.886	6.19835e-05	6.19835e-05	0.995868	0.942149	0.00072314	0.000413223	0.673913	0
	0.887	2.06612e-05	4.13223e-05	0.995868	0.940083	0.000619835	0.000392562	0.673913	0
	0.888	6.19835e-05	4.13223e-05	0.995868	0.93595	0.000619835	0.000557851	0.673913	0
	0.889	2.06612e-05	2.06612e-05	0.995868	0.933884	0.000516529	0.000289256	0.630435	0
	0.89	8.26446e-05	0	0.995868	0.931818	0.000454545	0.000495868	0.586957	0
	0.891	6.19835e-05	2.06612e-05	0.995868	0.931818	0.000392562	0.000454545	0.6	0
	0.892	4.13223e-05	0	0.995868	0.931818	0.000557851	0.000475207	0.613636	0
	0.893	0.000103306	2.06612e-05	0.995868	0.931818	0.000371901	0.000330579	0.590909	0
	0.894	6.19835e-05	8.26446e-05	0.995868	0.929752	0.000330579	0.000413223	0.590909	0
	0.895	0.000103306	6.19835e-05	0.995868	0.927686	0.000454545	0.000247934	0.590909	0
	0.896	8.26446e-05	4.13223e-05	0.995868	0.927686	0.000454545	0.000475207	0.590909	0
	0.897	0.000103306	8.26446e-05	0.99793	0.927686	0.000371901	0.000392562	0.619048	0
	0.898	4.13223e-05	4.13223e-05	0.99793	0.927686	0.000454545	0.000371901	0.609756	0
	0.899	8.26446e-05	4.13223e-05	0.99793	0.92562	0.000309917	0.000433884	0.641026	0
	0.9	8.26446e-05	4.13223e-05	0.99793	0.923554	0.000289256	0.000309917	0.615385	0
	0.901	4.13223e-05	2.06612e-05	0.99793	0.919421	0.000392562	0.000309917	0.631579	0
	0.902	0.000123967	4.13223e-05	0.99793	0.919421	0.000413223	0.000247934	0.605263	0
	0.903	0.000123967	4.13223e-05	0.99793	0.919421	0.000371901	0.000392562	0.605263	0
	0.904	2.06612e-05	6.19835e-05	0.99793	0.917355	0.000578512	0.000371901	0.657143	0
	0.905	6.19835e-05	2.06612e-05	0.99793	0.915289	0.000661157	0.000330579	0.657143	0
	0.906	4.13223e-05	2.06612e-05	0.995859	0.915289	0.000599174	0.000495868	0.628571	0
	0.907	4.13223e-05	2.06612e-05	0.995859	0.913223	0.00072314	0.000392562	0.628571	0
	0.908	2.06612e-05	8.26446e-05	0.995859	0.913223	0.000764463	0.000309917	0.628571	0
	0.909	0	8.26446e-05	0.995859	0.911157	0.000785124	0.000475207	0.628571	0
	0.91	0	4.13223e-05	0.995859	0.907025	0.000433884	0.00035124	0.647059	0
	0.911	8.26446e-05	8.26446e-05	0.995859	0.907025	0.000929752	0.000309917	0.647059	0
	0.912	0	6.19835e-05	0.995859	0.904959	0.000702479	0.000392562	0.647059	0
	0.913	2.06612e-05	6.19835e-05	0.995859	0.902893	0.000743802	0.000309917	0.666667	0
	0.914	0	2.06612e-05	0.995859	0.902893	0.000826446	0.000309917	0.666667	0
	0.915	0	2.06612e-05	0.995859	0.902893	0.000909091	0.000309917	0.666667	0
	0.916	8.26446e-05	2.06612e-05	0.995859	0.902893	0.000702479	0.000289256	0.666667	0
	0.917	2.06612e-05	6.19835e-05	0.995859	0.902893	0.000764463	0.000268595	0.666667	0
	0.918	0	0	0.995859	0.902893	0.000578512	0.000227273	0.666667	0
	0.919	4.13223e-05	8.26446e-05	0.995859	0.902893	0.00072314	0.000227273	0.666667	0
	0.92	8.26446e-05	4.13223e-05	0.995859	0.89876	0.000557851	0.000289256	0.666667	0
	0.921	6.19835e-05	6.19835e-05	0.993789	0.896694	0.000599174	0.000227273	0.6875	0
	0.922	6.19835e-05	6.19835e-05	0.993789	0.894628	0.000413223	0.000289256	0.6875	0
	0.923	0.000144628	0.000123967	0.993789	0.892562	0.000454545	0.000330579	0.6875	0
	0.924	8.26446e-05	0.000103306	0.993789	0.88843	0.000495868	0.000330579	0.65625	0
	0.925	0.000123967	4.13223e-05	0.993789	0.880165	0.000619835	0.000144628	0.65625	0
	0.926	0.000103306	0.00018595	0.993789	0.880165	0.000599174	0.000247934	0.65625	0
	0.927	0.000144628	6.19835e-05	0.993776	0.873967	0.000578512	0.000165289	0.65625	0
	0.928	0.000165289	0.000144628	0.993776	0.871901	0.000330579	0.000268595	0.677419	0
	0.929	0.000103306	0.000144628	0.993776	0.867769	0.000454545	0.000144628	0.677419	0
	0.93	0.000227273	0.000165289	0.993776	0.863636	0.000475207	0.000247934	0.677419	0
	0.931	0.000165289	6.19835e-05	0.993776	0.857438	0.000371901	0.000206612	0.677419	0
	0.932	0.000165289	2.06612e-05	0.993776	0.857438	0.000475207	0.000103306	0.645161	0
	0.933	0.000227273	0.000165289	0.993776	0.857438	0.000330579	0.000289256	0.666667	0
	0.934	0.00018595	0.000165289	0.993776	0.85124	0.000330579	0.000289256	0.689655	0
	0.935	0.00018595	0.000165289	0.993776	0.849174	0.000433884	0.000247934	0.714286	0
	0.936	0.000371901	0.00018595	0.993776	0.847107	0.000413223	0.000103306	0.740741	0
	0.937	0.000165289	0.00018595	0.993776	0.842975	0.000268595	0.000268595	0.769231	0
	0.938	0.000227273	0.000103306	0.993776	0.840909	0.000206612	0.000247934	0.8	0
	0.939	0.000247934	0.000165289	0.993776	0.836777	0.000247934	0.00018595	0.8	0
	0.94	0.000227273	0.000165289	0.993776	0.832645	0.000309917	0.000289256	0.76	0
	0.941	0.000330579	0.000227273	0.993776	0.832645	0.000392562	0.000227273	0.76	0
	0.942	0.000289256	0.000165289	0.993776	0.822314	0.000309917	0.000289256	0.76	0
	0.943	0.000227273	0.00018595	0.993776	0.822314	0.000371901	0.000227273	0.76	0
	0.944	0.000289256	0.00035124	0.993776	0.818182	0.000330579	0.000206612	0.76	0
	0.945	0.00018595	0.000123967	0.993776	0.81405	0.000433884	0.000123967	0.76	0
	0.946	0.000165289	0.000330579	0.993776	0.811983	0.000371901	0.000268595	0.72	0
	0.947	0.000165289	0.00018595	0.993776	0.803719	0.000454545	0.000206612	0.72	0
	0.948	0.000165289	0.000247934	0.993776	0.799587	0.000371901	0.000268595	0.68	0
	0.949	0.000206612	0.000268595	0.993776	0.793388	0.00035124	6.19835e-05	0.708333	0
	0.95	4.13223e-05	0.000413223	0.995842	0.789256	0.000495868	0.000247934	0.73913	0
	0.951	0.000103306	0.000144628	0.995842	0.783058	0.000330579	0.000206612	0.73913	0
	0.952	6.19835e-05	0.00018595	0.995842	0.780992	0.000289256	0.000103306	0.73913	0
	0.953	0.000165289	0.000289256	0.993763	0.77686	0.000165289	8.26446e-05	0.73913	0
	0.954	4.13223e-05	0.000206612	0.993763	0.772727	0.000413223	0.000144628	0.73913	0
	0.955	6.19835e-05	0.000165289	0.993763	0.768595	0.000289256	0.000247934	0.772727	0
	0.956	6.19835e-05	0.00053719	0.987526	0.764463	0.00035124	0.000123967	0.772727	0
	0.957	0.000206612	0.000433884	0.985447	0.758264	0.000247934	0.000268595	0.772727	0
	0.958	0.000144628	0.000371901	0.985447	0.747934	0.000433884	0.000144628	0.772727	0
	0.959	0.000123967	0.000475207	0.9875	0.743802	0.000268595	0.000227273	0.772727	0
	0.96	0.000206612	0.000599174	0.985417	0.735537	0.00053719	0.000103306	0.727273	0
	0.961	0.000371901	0.000743802	0.983333	0.731405	0.000392562	0.000123967	0.761905	0
	0.962	0.000578512	0.000950413	0.979167	0.725207	0.000227273	0.000144628	0.761905	0
	0.963	0.00053719	0.000599174	0.972917	0.708678	0.000227273	0.000165289	0.761905	0
	0.964	0.000702479	0.000557851	0.970833	0.696281	0.00035124	0.000165289	0.8	0
	0.965	0.000764463	0.000619835	0.97286	0.690083	0.000165289	0.000165289	0.8	0
	0.966	0.000785124	0.000743802	0.970772	0.683884	0.000330579	0.000165289	0.8	0
	0.967	0.00103306	0.00072314	0.970772	0.661157	0.000103306	0.000103306	0.842105	0
	0.968	0.00123967	0.000909091	0.970772	0.646694	0.000268595	0.000123967	0.842105	0
	0.969	0.00144628	0.000971074	0.970772	0.634298	0.000289256	0.000103306	0.842105	0
	0.97	0.00161157	0.0010124	0.970772	0.615702	0.000309917	0.000206612	0.789474	0
	0.971	0.00167355	0.00115702	0.970772	0.605372	0.000227273	0.000103306	0.789474	0
	0.972	0.00194215	0.00119835	0.968685	0.586777	0.000309917	2.06612e-05	0.789474	0
	0.973	0.00210744	0.00157025	0.962422	0.572314	0.00035124	0.000165289	0.833333	0
	0.974	0.00183884	0.00119835	0.956159	0.557851	0.000206612	0.000144628	0.833333	0
	0.975	0.00243802	0.00169421	0.954071	0.530992	0.000309917	0.000165289	0.833333	0
	0.976	0.00221074	0.0018595	0.947808	0.506198	0.000309917	0.000103306	0.833333	0
	0.977	0.00266529	0.00210744	0.94572	0.475207	0.000371901	0.000103306	0.833333	0
	0.978	0.00260331	0.00196281	0.939457	0.448347	0.000165289	0.000123967	0.833333	0
	0.979	0.00291322	0.00219008	0.93737	0.427686	0.000227273	0.000103306	0.833333	0
	0.98	0.00336777	0.00280992	0.933194	0.39876	0.000268595	8.26446e-05	0.833333	0
	0.981	0.00338843	0.00283058	0.926625	0.359504	0.000289256	0.000103306	0.833333	0
	0.982	0.0035124	0.00353306	0.922269	0.336777	0.000247934	4.13223e-05	0.833333	0
	0.983	0.00371901	0.00413223	0.92	0.297521	0.000103306	0.000103306	0.882353	0
	0.984	0.00311983	0.00487603	0.919662	0.268595	0.000165289	6.19835e-05	0.882353	0
	0.985	0.00456612	0.00469008	0.913319	0.235537	0.000144628	8.26446e-05	0.882353	0
	0.986	0.0046281	0.00582645	0.906977	0.194215	0.000103306	0.000123967	0.882353	0
	0.987	0.00495868	0.00702479	0.904255	0.163223	4.13223e-05	6.19835e-05	0.882353	0
	0.988	0.00543388	0.00809917	0.896774	0.126033	2.06612e-05	6.19835e-05	0.882353	0
	0.989	0.0067562	0.00952479	0.883871	0.0867769	4.13223e-05	8.26446e-05	0.9375	0
	0.99	0.00789256	0.0124587	0.870968	0.0661157	0	0.000103306	1	0
	0.991	0.00909091	0.0143388	0.853448	0.0495868	0	0.000123967	1	0
	0.992	0.011095	0.0168802	0.832972	0.0330579	0	0.000165289	1	0
	0.993	0.012686	0.021219	0.805677	0.018595	0	8.26446e-05	1	0
	0.994	0.0175413	0.0252893	0.765351	0.00826446	0	8.26446e-05	1	0
	0.995	0.0234917	0.0359504	0.728477	0.00413223	0	4.13223e-05	1	0
	0.996	0.033905	0.0503719	0.671875	0.00206612	0	0.000144628	1	0
	0.997	0.0497727	0.0718595	0.565315	0.00206612	2.06612e-05	0.000144628	1	0
	0.998	0.0831612	0.109401	0.474886	0	0.000392562	6.19835e-05	0.933333	0
	0.999	0.159174	0.182397	0.28169	0	0.00181818	0.000144628	0.733333	0
	1	0.508285	0.373017	0.057971	0	0.0287603	0.00072314	0.666667	0


#	yrange	sparsity	# links	zeta	support at cross	fraction FP	support at cross2	fraction FP2
	0	0.952479	461	7.05916e-11	0.999	0.832131	0.999	0.832131
	0.6	0.952479	461	7.05916e-11	0.999	0.832131	0.999	0.832131
