#	Frequencies and overlap
#	bins	MYC	shuffle	overlap_MYC	overlap_shuffle
	0	0.326575	0.3736	0.91358	0
	0.001	0.0009375	0	0.913121	0
	0.002	0.0012375	0	0.911348	0
	0.003	0.00126875	0	0.912966	0
	0.004	0.001	0	0.912078	0
	0.005	0.00085625	0	0.911922	0
	0.006	0.0008875	0	0.911922	0
	0.007	0.0008	0	0.915996	0
	0.008	0.00064375	0	0.915921	0
	0.009	0.00081875	0	0.915846	0
	0.01	0.0007125	0	0.914875	0
	0.011	0.00073125	0	0.914722	0
	0.012	0.00064375	0	0.915468	0
	0.013	0.00065	0	0.915392	0
	0.014	0.00055	0	0.915392	0
	0.015	0.00049375	0	0.914491	0
	0.016	0.0004375	0	0.913591	0
	0.017	0.00055625	0	0.915239	0
	0.018	0.00056875	0	0.916893	0
	0.019	0.00058125	0	0.917722	0
	0.02	0.0005375	0	0.917647	0
	0.021	0.0006625	0	0.919238	0
	0.022	0.00051875	0	0.920909	0
	0.023	0.000725	0	0.920837	0
	0.024	0.00054375	0	0.920765	0
	0.025	0.0005375	0	0.920765	0
	0.026	0.0005125	0	0.919854	0
	0.027	0.0007	0	0.91887	0
	0.028	0.00063125	0	0.917883	0
	0.029	0.0006375	0	0.918721	0
	0.03	0.0005875	0	0.919488	0
	0.031	0.00063125	0	0.919488	0
	0.032	0.0006375	0	0.919414	0
	0.033	0.0006	0	0.919414	0
	0.034	0.00059375	0	0.918498	0
	0.035	0.00066875	0	0.920183	0
	0.036	0.0006375	0	0.922723	0
	0.037	0.00058125	0	0.921803	0
	0.038	0.0005875	0	0.921731	0
	0.039	0.0005375	0	0.922509	0
	0.04	0.00060625	0	0.921587	0
	0.041	0.00059375	0	0.922438	0
	0.042	0.00050625	0	0.924144	0
	0.043	0.00055625	0	0.925857	0
	0.044	0.000525	0	0.927577	0
	0.045	0.00058125	0	0.924791	0
	0.046	0.00066875	0	0.922006	0
	0.047	0.00056875	0	0.922791	0
	0.048	0.0005	0	0.921788	0
	0.049	0.00054375	0	0.922575	0
	0.05	0.00060625	0	0.921569	0
	0.051	0.00046875	0	0.921422	0
	0.052	0.00051875	0	0.921275	0
	0.053	0.00043125	1.25e-05	0.922139	0
	0.054	0.00045	6.25e-06	0.922066	0
	0.055	0.000625	6.25e-06	0.92286	0
	0.056	0.0005125	1.25e-05	0.919962	0
	0.057	0.00056875	0	0.921698	0
	0.058	0.00048125	0	0.920755	0
	0.059	0.00060625	1.875e-05	0.921624	0
	0.06	0.00063125	0	0.920605	0
	0.061	0.0006875	6.25e-06	0.920605	0
	0.062	0.0007625	0	0.92053	0
	0.063	0.00068125	6.25e-06	0.922201	0
	0.064	0.0006125	1.25e-05	0.923882	0
	0.065	0.0006625	0	0.924762	0
	0.066	0.00088125	6.25e-06	0.926457	0
	0.067	0.00085	6.25e-06	0.926457	0
	0.068	0.00079375	6.25e-06	0.926457	0
	0.069	0.00080625	6.25e-06	0.92543	0
	0.07	0.0008375	1.25e-05	0.924474	0
	0.071	0.00086875	6.25e-06	0.923445	0
	0.072	0.00078125	6.25e-06	0.922339	0
	0.073	0.00074375	1.875e-05	0.921381	0
	0.074	0.00079375	1.875e-05	0.922265	0
	0.075	0.000675	1.25e-05	0.924038	0
	0.076	0.0007375	0	0.923077	0
	0.077	0.0007625	3.75e-05	0.923077	0
	0.078	0.00068125	1.25e-05	0.923077	0
	0.079	0.00069375	6.25e-06	0.923077	0
	0.08	0.000625	3.125e-05	0.923965	0
	0.081	0.00059375	1.25e-05	0.921965	0
	0.082	0.00059375	1.875e-05	0.921965	0
	0.083	0.0006125	4.375e-05	0.923671	0
	0.084	0.00066875	1.25e-05	0.925388	0
	0.085	0.00053125	1.875e-05	0.925315	0
	0.086	0.000525	1.875e-05	0.925243	0
	0.087	0.00064375	2.5e-05	0.92517	0
	0.088	0.0005875	3.125e-05	0.924125	0
	0.089	0.0005125	2.5e-05	0.923977	0
	0.09	0.00065625	2.5e-05	0.924805	0
	0.091	0.00066875	2.5e-05	0.921875	0
	0.092	0.00075	5e-05	0.924584	0
	0.093	0.00064375	5.625e-05	0.92549	0
	0.094	0.000725	4.375e-05	0.925417	0
	0.095	0.0006125	2.5e-05	0.924287	0
	0.096	0.00063125	6.25e-06	0.924213	0
	0.097	0.0006125	3.125e-05	0.925049	0
	0.098	0.0006875	4.375e-05	0.924975	0
	0.099	0.00076875	2.5e-05	0.923913	0
	0.1	0.00078125	1.875e-05	0.922696	0
	0.101	0.00069375	3.75e-05	0.922542	0
	0.102	0.0006375	6.25e-05	0.921549	0
	0.103	0.000825	3.125e-05	0.919563	0
	0.104	0.0007875	6.25e-05	0.917577	0
	0.105	0.00060625	6.25e-05	0.914598	0
	0.106	0.0006875	3.125e-05	0.913519	0
	0.107	0.00074375	5e-05	0.913519	0
	0.108	0.0007	6.25e-05	0.913433	0
	0.109	0.00075	7.5e-05	0.910448	0
	0.11	0.00065	4.375e-05	0.912263	0
	0.111	0.00075	5e-05	0.912176	0
	0.112	0.00064375	6.875e-05	0.913087	0
	0.113	0.00076875	3.75e-05	0.912913	0
	0.114	0.00080625	6.875e-05	0.913655	0
	0.115	0.00070625	5e-05	0.912475	0
	0.116	0.0008625	0.000125	0.912387	0
	0.117	0.00084375	0.0001	0.913306	0
	0.118	0.00085	0.00010625	0.911201	0
	0.119	0.00084375	0.000125	0.910101	0
	0.12	0.00081875	7.5e-05	0.908999	0
	0.121	0.00074375	9.375e-05	0.906977	0
	0.122	0.000775	0.0001	0.907895	0
	0.123	0.00088125	7.5e-05	0.907895	0
	0.124	0.0008625	0.0001375	0.907708	0
	0.125	0.0007625	0.0001	0.907614	0
	0.126	0.0008	7.5e-05	0.909461	0
	0.127	0.0009875	0.0001125	0.911224	0
	0.128	0.000875	0.00011875	0.912065	0
	0.129	0.00091875	0.00014375	0.916752	0
	0.13	0.00094375	0.0001375	0.916752	0
	0.131	0.00098125	0.00020625	0.915725	0
	0.132	0.00088125	0.00015	0.915551	0
	0.133	0.00091875	0.0001375	0.913491	0
	0.134	0.00108125	8.125e-05	0.912461	0
	0.135	0.00086875	0.000175	0.91134	0
	0.136	0.00098125	0.0001375	0.91134	0
	0.137	0.0009375	0.00015625	0.912281	0
	0.138	0.0009625	0.00016875	0.909185	0
	0.139	0.00094375	0.0001125	0.906089	0
	0.14	0.0008875	0.0001375	0.906089	0
	0.141	0.00105625	0.00014375	0.907025	0
	0.142	0.00104375	0.00019375	0.906929	0
	0.143	0.00105625	0.0001625	0.906736	0
	0.144	0.0009375	0.0002	0.909563	0
	0.145	0.0010875	0.00021875	0.909563	0
	0.146	0.00086875	0.00015	0.908429	0
	0.147	0.0010625	0.00014375	0.907388	0
	0.148	0.00104375	0.0001625	0.910136	0
	0.149	0.001075	0.00021875	0.910042	0
	0.15	0.000825	0.0001875	0.910995	0
	0.151	0.00088125	0.00015625	0.911765	0
	0.152	0.00089375	0.00019375	0.911765	0
	0.153	0.00086875	0.00026875	0.911672	0
	0.154	0.0008125	0.0001875	0.913593	0
	0.155	0.000825	0.00018125	0.911299	0
	0.156	0.00088125	0.00019375	0.906019	0
	0.157	0.00096875	0.00018125	0.906878	0
	0.158	0.0007625	0.00028125	0.903602	0
	0.159	0.00089375	0.00019375	0.90456	0
	0.16	0.00085625	0.00028125	0.906383	0
	0.161	0.0007625	0.0002625	0.907249	0
	0.162	0.00070625	0.00028125	0.90715	0
	0.163	0.00085625	0.0003125	0.906083	0
	0.164	0.00083125	0.0002875	0.909871	0
	0.165	0.00086875	0.00023125	0.909774	0
	0.166	0.00078125	0.0002625	0.907527	0
	0.167	0.00080625	0.00034375	0.90625	0
	0.168	0.0007625	0.00020625	0.907027	0
	0.169	0.000675	0.000325	0.907809	0
	0.17	0.00070625	0.00025	0.905537	0
	0.171	0.00070625	0.00021875	0.904452	0
	0.172	0.000825	0.00028125	0.903261	0
	0.173	0.00085625	0.00035	0.903156	0
	0.174	0.00071875	0.0002875	0.901854	0
	0.175	0.00073125	0.0003375	0.902732	0
	0.176	0.00068125	0.0003375	0.902626	0
	0.177	0.00065	0.00044375	0.903614	0
	0.178	0.0007875	0.000325	0.906593	0
	0.179	0.0008	0.00036875	0.907489	0
	0.18	0.000875	0.00035625	0.909392	0
	0.181	0.00074375	0.00035625	0.912417	0
	0.182	0.00075	0.0003	0.9102	0
	0.183	0.00089375	0.00036875	0.909091	0
	0.184	0.0009	0.0004375	0.90788	0
	0.185	0.00078125	0.00054375	0.905451	0
	0.186	0.00079375	0.00039375	0.907469	0
	0.187	0.00085625	0.0004125	0.907366	0
	0.188	0.0009	0.000375	0.907366	0
	0.189	0.00080625	0.0003875	0.902793	0
	0.19	0.00084375	0.00039375	0.902685	0
	0.191	0.00075625	0.0004375	0.904709	0
	0.192	0.00083125	0.00041875	0.902466	0
	0.193	0.000775	0.00041875	0.905512	0
	0.194	0.0008625	0.00034375	0.905299	0
	0.195	0.00091875	0.00043125	0.906321	0
	0.196	0.00084375	0.00045	0.906321	0
	0.197	0.00094375	0.0003875	0.906321	0
	0.198	0.000925	0.00054375	0.90724	0
	0.199	0.00078125	0.00040625	0.90724	0
	0.2	0.00095625	0.0005125	0.909091	0
	0.201	0.0008	0.000475	0.909091	0
	0.202	0.00076875	0.0005	0.910125	0
	0.203	0.00095625	0.00055	0.90785	0
	0.204	0.00088125	0.00051875	0.906712	0
	0.205	0.0008125	0.0004875	0.909817	0
	0.206	0.000825	0.0005375	0.909714	0
	0.207	0.0007875	0.00051875	0.909507	0
	0.208	0.0008125	0.000575	0.909404	0
	0.209	0.000675	0.0006	0.90711	0
	0.21	0.00076875	0.0005625	0.905855	0
	0.211	0.00083125	0.0007	0.906897	0
	0.212	0.00065625	0.00059375	0.904488	0
	0.213	0.0006	0.0005625	0.903337	0
	0.214	0.00063125	0.0006	0.903114	0
	0.215	0.00064375	0.0005625	0.903114	0
	0.216	0.00063125	0.00059375	0.898501	0
	0.217	0.0008375	0.0006625	0.90162	0
	0.218	0.00056875	0.00051875	0.904762	0
	0.219	0.0005875	0.0006625	0.90676	0
	0.22	0.0005875	0.000625	0.90676	0
	0.221	0.00061875	0.0006375	0.904429	0
	0.222	0.0007	0.000625	0.905484	0
	0.223	0.0007625	0.0006625	0.905152	0
	0.224	0.00061875	0.00058125	0.902696	0
	0.225	0.0006	0.00049375	0.902468	0
	0.226	0.00069375	0.00058125	0.903302	0
	0.227	0.00063125	0.00071875	0.900943	0
	0.228	0.00065625	0.00059375	0.900943	0
	0.229	0.00063125	0.00071875	0.904142	0
	0.23	0.000725	0.0007625	0.905101	0
	0.231	0.00058125	0.00063125	0.904988	0
	0.232	0.00083125	0.00068125	0.904875	0
	0.233	0.0007125	0.000725	0.903686	0
	0.234	0.00068125	0.00081875	0.904648	0
	0.235	0.0008375	0.000575	0.905615	0
	0.236	0.00085	0.00075625	0.901914	0
	0.237	0.00075625	0.00068125	0.900599	0
	0.238	0.0006625	0.0007625	0.901561	0
	0.239	0.00071875	0.000725	0.90012	0
	0.24	0.00073125	0.0006625	0.90012	0
	0.241	0.000775	0.00078125	0.897714	0
	0.242	0.0008125	0.00075	0.899879	0
	0.243	0.0008875	0.0006875	0.900846	0
	0.244	0.0008	0.0006625	0.898428	0
	0.245	0.0008375	0.00076875	0.898428	0
	0.246	0.000875	0.00075625	0.897219	0
	0.247	0.00074375	0.0007	0.900365	0
	0.248	0.00085	0.0007375	0.900243	0
	0.249	0.0009125	0.00079375	0.900122	0
	0.25	0.00074375	0.00061875	0.9	0
	0.251	0.00078125	0.00079375	0.9022	0
	0.252	0.00076875	0.0007	0.900857	0
	0.253	0.000775	0.00078125	0.89951	0
	0.254	0.000825	0.00085	0.89951	0
	0.255	0.0006375	0.00074375	0.899387	0
	0.256	0.0007625	0.0007375	0.899263	0
	0.257	0.00080625	0.000775	0.901478	0
	0.258	0.0008125	0.000675	0.901478	0
	0.259	0.00075625	0.000875	0.900246	0
	0.26	0.000775	0.00075	0.897783	0
	0.261	0.000775	0.00076875	0.897657	0
	0.262	0.00084375	0.00095	0.898765	0
	0.263	0.00089375	0.00081875	0.897404	0
	0.264	0.000775	0.00078125	0.894932	0
	0.265	0.0007	0.00098125	0.89604	0
	0.266	0.00078125	0.00095625	0.89715	0
	0.267	0.0008375	0.00075625	0.898137	0
	0.268	0.00074375	0.00083125	0.899128	0
	0.269	0.00078125	0.000825	0.899002	0
	0.27	0.0007125	0.0008375	0.900125	0
	0.271	0.00069375	0.00085625	0.9	0
	0.272	0.000725	0.0009125	0.895	0
	0.273	0.0006625	0.00083125	0.894869	0
	0.274	0.0006875	0.0007375	0.894869	0
	0.275	0.00084375	0.00079375	0.893617	0
	0.276	0.0007625	0.00095	0.895597	0
	0.277	0.00071875	0.00078125	0.895466	0
	0.278	0.00059375	0.00080625	0.895466	0
	0.279	0.00059375	0.00083125	0.894073	0
	0.28	0.00065625	0.00083125	0.897338	0
	0.281	0.00065625	0.0009125	0.898348	0
	0.282	0.0006875	0.00078125	0.897078	0
	0.283	0.00075	0.00086875	0.898219	0
	0.284	0.00070625	0.00071875	0.899106	0
	0.285	0.00061875	0.0008	0.898977	0
	0.286	0.00080625	0.00103125	0.898977	0
	0.287	0.0006125	0.00095625	0.897436	0
	0.288	0.00069375	0.00091875	0.900901	0
	0.289	0.00070625	0.000825	0.899225	0
	0.29	0.000625	0.00100625	0.897933	0
	0.291	0.00066875	0.001025	0.897801	0
	0.292	0.00066875	0.00088125	0.897536	0
	0.293	0.0005125	0.00094375	0.897269	0
	0.294	0.00063125	0.00080625	0.895969	0
	0.295	0.00055	0.0009875	0.897135	0
	0.296	0.0004875	0.00084375	0.899478	0
	0.297	0.0006125	0.00085625	0.899346	0
	0.298	0.0007125	0.00090625	0.898039	0
	0.299	0.00063125	0.00095	0.896597	0
	0.3	0.00061875	0.00095625	0.893979	0
	0.301	0.00073125	0.000825	0.887435	0
	0.302	0.00064375	0.00089375	0.887287	0
	0.303	0.00065625	0.000825	0.888305	0
	0.304	0.00071875	0.00095625	0.888158	0
	0.305	0.00066875	0.00098125	0.889036	0
	0.306	0.0006625	0.00089375	0.887715	0
	0.307	0.00064375	0.0009875	0.888889	0
	0.308	0.00068125	0.00090625	0.89243	0
	0.309	0.0007375	0.00090625	0.893617	0
	0.31	0.00084375	0.00093125	0.892144	0
	0.311	0.00058125	0.0009625	0.894526	0
	0.312	0.0006625	0.001175	0.893191	0
	0.313	0.000725	0.0010875	0.895582	0
	0.314	0.0007625	0.00095	0.896644	0
	0.315	0.00066875	0.00118125	0.898922	0
	0.316	0.000775	0.000975	0.896226	0
	0.317	0.00076875	0.00095625	0.890836	0
	0.318	0.00065	0.00104375	0.88814	0
	0.319	0.00065625	0.001	0.889339	0
	0.32	0.00073125	0.00095	0.890392	0
	0.321	0.00066875	0.00121875	0.890392	0
	0.322	0.0007	0.00098125	0.891304	0
	0.323	0.00078125	0.0011125	0.892517	0
	0.324	0.000825	0.0010875	0.892224	0
	0.325	0.00071875	0.00093125	0.890859	0
	0.326	0.00066875	0.001025	0.89071	0
	0.327	0.000775	0.00085625	0.891929	0
	0.328	0.00066875	0.00088125	0.893151	0
	0.329	0.00074375	0.00096875	0.893004	0
	0.33	0.0006625	0.00101875	0.893004	0
	0.331	0.0006125	0.001175	0.888736	0
	0.332	0.00073125	0.000975	0.887363	0
	0.333	0.00075625	0.000925	0.884298	0
	0.334	0.00069375	0.001025	0.88292	0
	0.335	0.00083125	0.00096875	0.884138	0
	0.336	0.00078125	0.000975	0.883817	0
	0.337	0.00075625	0.00106875	0.885042	0
	0.338	0.0006625	0.00103125	0.885042	0
	0.339	0.000775	0.00113125	0.886269	0
	0.34	0.000675	0.00109375	0.884722	0
	0.341	0.00070625	0.00095	0.887187	0
	0.342	0.00068125	0.00103125	0.88424	0
	0.343	0.0007625	0.00095625	0.886555	0
	0.344	0.00075	0.001075	0.886396	0
	0.345	0.0007375	0.001025	0.887482	0
	0.346	0.00076875	0.00103125	0.886076	0
	0.347	0.0007625	0.0009625	0.883263	0
	0.348	0.00085	0.0009375	0.881857	0
	0.349	0.0007125	0.0010125	0.877637	0
	0.35	0.00068125	0.00089375	0.878873	0
	0.351	0.0007875	0.0009375	0.877465	0
	0.352	0.00079375	0.00095625	0.878531	0
	0.353	0.000725	0.0010125	0.879774	0
	0.354	0.00065625	0.00109375	0.876771	0
	0.355	0.00070625	0.00104375	0.876771	0
	0.356	0.0008125	0.0009125	0.876596	0
	0.357	0.0007125	0.00085	0.877841	0
	0.358	0.00071875	0.00090625	0.874822	0
	0.359	0.00065625	0.00103125	0.873219	0
	0.36	0.0006625	0.001075	0.873219	0
	0.361	0.0006	0.00109375	0.874286	0
	0.362	0.00075	0.0010875	0.874286	0
	0.363	0.0005875	0.00108125	0.874286	0
	0.364	0.00068125	0.000975	0.878049	0
	0.365	0.00063125	0.001025	0.875179	0
	0.366	0.00065625	0.0009875	0.873745	0
	0.367	0.00065	0.0008875	0.878613	0
	0.368	0.00084375	0.00101875	0.87936	0
	0.369	0.000675	0.001	0.881924	0
	0.37	0.00070625	0.00108125	0.880292	0
	0.371	0.00065	0.001075	0.881579	0
	0.372	0.00056875	0.00100625	0.881579	0
	0.373	0.00065625	0.001175	0.881406	0
	0.374	0.0007	0.001075	0.879941	0
	0.375	0.0006875	0.00098125	0.879412	0
	0.376	0.000625	0.001075	0.879234	0
	0.377	0.000675	0.0011125	0.880531	0
	0.378	0.00065	0.0009125	0.880355	0
	0.379	0.0006375	0.000975	0.878877	0
	0.38	0.0006125	0.0009375	0.879822	0
	0.381	0.00058125	0.00103125	0.879643	0
	0.382	0.00051875	0.0010375	0.880952	0
	0.383	0.00059375	0.001075	0.882265	0
	0.384	0.00060625	0.0011	0.883582	0
	0.385	0.000575	0.0009125	0.883408	0
	0.386	0.00051875	0.00108125	0.883234	0
	0.387	0.00061875	0.00106875	0.885542	0
	0.388	0.00051875	0.0009875	0.885542	0
	0.389	0.0006625	0.0010375	0.88537	0
	0.39	0.0006375	0.00105	0.883686	0
	0.391	0.0006125	0.001	0.886364	0
	0.392	0.0006375	0.00115625	0.887538	0
	0.393	0.000575	0.0011625	0.886018	0
	0.394	0.0005875	0.000975	0.886018	0
	0.395	0.00055	0.00096875	0.885845	0
	0.396	0.00075625	0.00078125	0.888379	0
	0.397	0.0005	0.00083125	0.891104	0
	0.398	0.00059375	0.00103125	0.889571	0
	0.399	0.00069375	0.00125	0.886503	0
	0.4	0.00059375	0.00106875	0.889231	0
	0.401	0.00055625	0.0011625	0.886154	0
	0.402	0.00069375	0.0010375	0.885978	0
	0.403	0.0005125	0.0010125	0.887346	0
	0.404	0.0005375	0.001	0.885626	0
	0.405	0.0007375	0.00095625	0.88408	0
	0.406	0.000675	0.001	0.885449	0
	0.407	0.0004625	0.000975	0.885449	0
	0.408	0.00065	0.00095625	0.886822	0
	0.409	0.00058125	0.00105625	0.88785	0
	0.41	0.00066875	0.0011	0.887676	0
	0.411	0.00061875	0.00105625	0.889062	0
	0.412	0.00063125	0.00100625	0.889062	0
	0.413	0.000625	0.00103125	0.8875	0
	0.414	0.0006	0.000975	0.884375	0
	0.415	0.00064375	0.00106875	0.88558	0
	0.416	0.00055	0.0009375	0.891167	0
	0.417	0.00054375	0.0010375	0.892405	0
	0.418	0.0005375	0.0011625	0.889241	0
	0.419	0.0005	0.00116875	0.887658	0
	0.42	0.000525	0.0009125	0.887658	0
	0.421	0.00063125	0.0011375	0.887658	0
	0.422	0.000575	0.0009125	0.890476	0
	0.423	0.00061875	0.001075	0.888889	0
	0.424	0.0004875	0.00093125	0.888889	0
	0.425	0.00065	0.0009875	0.885714	0
	0.426	0.0006125	0.00106875	0.885533	0
	0.427	0.00055625	0.00106875	0.886943	0
	0.428	0.0005875	0.0010375	0.885167	0
	0.429	0.00070625	0.00101875	0.8848	0
	0.43	0.0006	0.00089375	0.883013	0
	0.431	0.0006125	0.00106875	0.88141	0
	0.432	0.00051875	0.0010375	0.882825	0
	0.433	0.00066875	0.00086875	0.884244	0
	0.434	0.00055625	0.0009625	0.879227	0
	0.435	0.00051875	0.00091875	0.877419	0
	0.436	0.00045625	0.0008875	0.877023	0
	0.437	0.0006	0.0011	0.873786	0
	0.438	0.0005125	0.00088125	0.872168	0
	0.439	0.00049375	0.0009125	0.872168	0
	0.44	0.00066875	0.0010125	0.86872	0
	0.441	0.00056875	0.0009875	0.869919	0
	0.442	0.00046875	0.001025	0.862969	0
	0.443	0.00058125	0.00100625	0.864379	0
	0.444	0.0004875	0.00099375	0.865794	0
	0.445	0.00051875	0.00099375	0.870066	0
	0.446	0.00051875	0.0009875	0.868204	0
	0.447	0.00054375	0.00100625	0.869421	0
	0.448	0.000475	0.00095625	0.867769	0
	0.449	0.00055625	0.00098125	0.864238	0
	0.45	0.000525	0.0010625	0.86711	0
	0.451	0.00053125	0.0009125	0.86711	0
	0.452	0.00056875	0.0009625	0.865225	0
	0.453	0.0005375	0.00115	0.861667	0
	0.454	0.0004875	0.0010125	0.861667	0
	0.455	0.00053125	0.00095625	0.858097	0
	0.456	0.00055625	0.00079375	0.858097	0
	0.457	0.0006125	0.00105	0.85786	0
	0.458	0.0006125	0.00096875	0.862185	0
	0.459	0.0006375	0.00089375	0.860504	0
	0.46	0.0005625	0.00110625	0.861953	0
	0.461	0.00055	0.00095625	0.859797	0
	0.462	0.0005875	0.00086875	0.85956	0
	0.463	0.000625	0.000975	0.857868	0
	0.464	0.000675	0.00095	0.8511	0
	0.465	0.00073125	0.00113125	0.847716	0
	0.466	0.000575	0.001075	0.846024	0
	0.467	0.00065	0.00091875	0.848896	0
	0.468	0.0008	0.00095	0.847199	0
	0.469	0.00064375	0.00101875	0.848382	0
	0.47	0.0008	0.0008875	0.846678	0
	0.471	0.00071875	0.00110625	0.843271	0
	0.472	0.0008125	0.00086875	0.844444	0
	0.473	0.0008375	0.000925	0.844444	0
	0.474	0.00070625	0.001075	0.845626	0
	0.475	0.00076875	0.00105625	0.846816	0
	0.476	0.00074375	0.0011625	0.843373	0
	0.477	0.0007125	0.0010125	0.843103	0
	0.478	0.000725	0.00091875	0.842832	0
	0.479	0.0008125	0.000975	0.842561	0
	0.48	0.00074375	0.00098125	0.844021	0
	0.481	0.00078125	0.00095625	0.844021	0
	0.482	0.000725	0.001025	0.840555	0
	0.483	0.0007875	0.00083125	0.840555	0
	0.484	0.00075625	0.00088125	0.842014	0
	0.485	0.00075625	0.001	0.84	0
	0.486	0.0008	0.000925	0.84	0
	0.487	0.00080625	0.0009375	0.838261	0
	0.488	0.00079375	0.00099375	0.840909	0
	0.489	0.00073125	0.00091875	0.836842	0
	0.49	0.000775	0.00096875	0.836555	0
	0.491	0.0008375	0.00090625	0.834507	0
	0.492	0.000825	0.00086875	0.833922	0
	0.493	0.00081875	0.001025	0.833628	0
	0.494	0.0007625	0.00095625	0.831858	0
	0.495	0.00074375	0.00109375	0.833333	0
	0.496	0.0008125	0.0010125	0.83156	0
	0.497	0.0007375	0.00096875	0.829787	0
	0.498	0.0008	0.00086875	0.83274	0
	0.499	0.0008125	0.000975	0.828877	0
	0.5	0.000925	0.00088125	0.828571	0
	0.501	0.00085625	0.00089375	0.828265	0
	0.502	0.0007125	0.00103125	0.827957	0
	0.503	0.0007375	0.0009875	0.824373	0
	0.504	0.000775	0.00098125	0.824373	0
	0.505	0.00080625	0.00083125	0.823741	0
	0.506	0.00075	0.0008375	0.823423	0
	0.507	0.00075625	0.0008375	0.821622	0
	0.508	0.000775	0.00101875	0.823105	0
	0.509	0.00080625	0.00096875	0.823105	0
	0.51	0.0006875	0.00105	0.825771	0
	0.511	0.00075	0.00085	0.825455	0
	0.512	0.000625	0.0010125	0.825455	0
	0.513	0.00075	0.00096875	0.823636	0
	0.514	0.00074375	0.000925	0.82	0
	0.515	0.0007375	0.00096875	0.819672	0
	0.516	0.00071875	0.00105625	0.817518	0
	0.517	0.00081875	0.00090625	0.817518	0
	0.518	0.00084375	0.00094375	0.813869	0
	0.519	0.00075	0.000925	0.816514	0
	0.52	0.00084375	0.00104375	0.815838	0
	0.521	0.00079375	0.00103125	0.818854	0
	0.522	0.0008125	0.00094375	0.820037	0
	0.523	0.0008	0.00093125	0.821561	0
	0.524	0.00079375	0.000925	0.815642	0
	0.525	0.0007125	0.001	0.814607	0
	0.526	0.00070625	0.00085	0.81391	0
	0.527	0.00064375	0.00085625	0.815094	0
	0.528	0.00066875	0.00083125	0.814745	0
	0.529	0.00064375	0.00085625	0.819392	0
	0.53	0.0007625	0.00101875	0.822519	0
	0.531	0.0008	0.000925	0.82567	0
	0.532	0.000775	0.00103125	0.825	0
	0.533	0.0007375	0.0009	0.818882	0
	0.534	0.00079375	0.001075	0.818882	0
	0.535	0.0008375	0.00099375	0.816602	0
	0.536	0.0007625	0.00093125	0.817829	0
	0.537	0.00073125	0.00105625	0.817829	0
	0.538	0.00075625	0.0009375	0.819417	0
	0.539	0.00069375	0.00085625	0.815175	0
	0.54	0.000825	0.0008875	0.810916	0
	0.541	0.00075625	0.0008125	0.815686	0
	0.542	0.00075625	0.00101875	0.813725	0
	0.543	0.00080625	0.000825	0.81336	0
	0.544	0.000625	0.00109375	0.816206	0
	0.545	0.00069375	0.00091875	0.814229	0
	0.546	0.00081875	0.00090625	0.810277	0
	0.547	0.00078125	0.0009125	0.815109	0
	0.548	0.00075	0.0009625	0.814371	0
	0.549	0.00068125	0.00094375	0.817635	0
	0.55	0.00055	0.00089375	0.822581	0
	0.551	0.00063125	0.00101875	0.825558	0
	0.552	0.00076875	0.00104375	0.827236	0
	0.553	0.0008	0.00084375	0.825203	0
	0.554	0.00071875	0.00099375	0.824847	0
	0.555	0.00060625	0.0008875	0.822811	0
	0.556	0.00063125	0.00095	0.820408	0
	0.557	0.00066875	0.00098125	0.82377	0
	0.558	0.00066875	0.00093125	0.82716	0
	0.559	0.0006875	0.0008375	0.830579	0
	0.56	0.00074375	0.00103125	0.83195	0
	0.561	0.0007625	0.0008	0.835417	0
	0.562	0.000675	0.00098125	0.835073	0
	0.563	0.000725	0.0010375	0.832985	0
	0.564	0.00065625	0.00094375	0.826722	0
	0.565	0.0007	0.0008875	0.824635	0
	0.566	0.000675	0.00094375	0.822547	0
	0.567	0.0007125	0.00084375	0.820084	0
	0.568	0.00064375	0.00095	0.820084	0
	0.569	0.00065625	0.0010125	0.820084	0
	0.57	0.00073125	0.0009625	0.821803	0
	0.571	0.00073125	0.00096875	0.821429	0
	0.572	0.0007	0.00089375	0.823158	0
	0.573	0.00075	0.00093125	0.826271	0
	0.574	0.00068125	0.0009625	0.823779	0
	0.575	0.0006625	0.00099375	0.82516	0
	0.576	0.000625	0.00081875	0.826923	0
	0.577	0.0006375	0.0009625	0.826552	0
	0.578	0.0006625	0.00084375	0.827957	0
	0.579	0.000675	0.0009875	0.827586	0
	0.58	0.00065	0.0009625	0.829374	0
	0.581	0.00064375	0.001025	0.829004	0
	0.582	0.00078125	0.0008375	0.830803	0
	0.583	0.00054375	0.0009125	0.828261	0
	0.584	0.00061875	0.00081875	0.826087	0
	0.585	0.00061875	0.0008875	0.825328	0
	0.586	0.0006	0.00084375	0.824945	0
	0.587	0.00056875	0.00100625	0.824945	0
	0.588	0.00065	0.000725	0.824945	0
	0.589	0.0005625	0.00093125	0.826754	0
	0.59	0.000675	0.00081875	0.826754	0
	0.591	0.00061875	0.00091875	0.822368	0
	0.592	0.00056875	0.000875	0.827815	0
	0.593	0.000525	0.001	0.833333	0
	0.594	0.0004875	0.0008625	0.834821	0
	0.595	0.00064375	0.0008125	0.838565	0
	0.596	0.0005125	0.001	0.839729	0
	0.597	0.0006875	0.0008125	0.841629	0
	0.598	0.00044375	0.0008125	0.841629	0
	0.599	0.00063125	0.00084375	0.843537	0
	0.6	0.00051875	0.00090625	0.84127	0
	0.601	0.0005	0.00085625	0.836735	0
	0.602	0.00045	0.00095	0.838636	0
	0.603	0.00054375	0.00104375	0.840547	0
	0.604	0.00060625	0.0011375	0.844394	0
	0.605	0.0003625	0.00090625	0.845622	0
	0.606	0.000425	0.000825	0.843318	0
	0.607	0.000425	0.00091875	0.841014	0
	0.608	0.00046875	0.00089375	0.840647	0
	0.609	0.00038125	0.00075625	0.840647	0
	0.61	0.00038125	0.00090625	0.844548	0
	0.611	0.00038125	0.00090625	0.846512	0
	0.612	0.000425	0.0008875	0.843823	0
	0.613	0.00046875	0.00095625	0.841492	0
	0.614	0.00043125	0.00095	0.843091	0
	0.615	0.0003875	0.00088125	0.84507	0
	0.616	0.0004375	0.00090625	0.840376	0
	0.617	0.0003875	0.000875	0.84434	0
	0.618	0.0004625	0.00095	0.846336	0
	0.619	0.00038125	0.0009125	0.845972	0
	0.62	0.00043125	0.0008625	0.852029	0
	0.621	0.00041875	0.0009375	0.853717	0
	0.622	0.00045	0.00093125	0.855422	0
	0.623	0.00041875	0.0008875	0.855072	0
	0.624	0.000525	0.000925	0.847458	0
	0.625	0.0006125	0.00080625	0.846715	0
	0.626	0.00045	0.001025	0.85049	0
	0.627	0.0005875	0.00105625	0.85258	0
	0.628	0.00044375	0.000975	0.85679	0
	0.629	0.0003625	0.000875	0.858911	0
	0.63	0.00054375	0.000825	0.856436	0
	0.631	0.0005125	0.00091875	0.856436	0
	0.632	0.0004625	0.0008625	0.858561	0
	0.633	0.0005625	0.00085	0.858561	0
	0.634	0.00045	0.000925	0.860349	0
	0.635	0.0004625	0.0009	0.86	0
	0.636	0.0004875	0.00089375	0.859649	0
	0.637	0.00055	0.00086875	0.857143	0
	0.638	0.00059375	0.00084375	0.859296	0
	0.639	0.00053125	0.0009375	0.863636	0
	0.64	0.00056875	0.0008	0.858228	0
	0.641	0.0004625	0.0009125	0.862595	0
	0.642	0.000425	0.00083125	0.857506	0
	0.643	0.000525	0.00096875	0.857506	0
	0.644	0.00046875	0.0008	0.857506	0
	0.645	0.0005625	0.00090625	0.852417	0
	0.646	0.00054375	0.00085625	0.849873	0
	0.647	0.00056875	0.000875	0.844388	0
	0.648	0.00048125	0.00100625	0.841432	0
	0.649	0.00050625	0.00093125	0.84359	0
	0.65	0.00055	0.0008875	0.84359	0
	0.651	0.0005375	0.00085	0.841026	0
	0.652	0.00051875	0.0008125	0.841026	0
	0.653	0.00050625	0.00079375	0.838462	0
	0.654	0.0005	0.0008	0.838462	0
	0.655	0.0004625	0.00085	0.838462	0
	0.656	0.0005375	0.0009125	0.838462	0
	0.657	0.0004375	0.00101875	0.840617	0
	0.658	0.00055625	0.000875	0.842377	0
	0.659	0.00050625	0.00084375	0.839793	0
	0.66	0.00056875	0.00084375	0.837209	0
	0.661	0.0004375	0.0008875	0.838961	0
	0.662	0.00053125	0.0008375	0.838961	0
	0.663	0.00050625	0.00080625	0.845144	0
	0.664	0.0004375	0.00095625	0.84252	0
	0.665	0.0004125	0.00081875	0.839474	0
	0.666	0.00061875	0.0007625	0.839474	0
	0.667	0.00045625	0.00091875	0.839474	0
	0.668	0.0005375	0.0010125	0.839474	0
	0.669	0.0005125	0.0008375	0.846154	0
	0.67	0.00056875	0.000875	0.852547	0
	0.671	0.0004375	0.000875	0.852151	0
	0.672	0.000525	0.00090625	0.852151	0
	0.673	0.0005	0.00084375	0.851752	0
	0.674	0.000525	0.00075625	0.851351	0
	0.675	0.0004125	0.0009375	0.843243	0
	0.676	0.00055625	0.000875	0.843243	0
	0.677	0.0004375	0.0008875	0.845528	0
	0.678	0.0005625	0.00098125	0.845528	0
	0.679	0.0004625	0.000825	0.842818	0
	0.68	0.000475	0.00079375	0.842391	0
	0.681	0.00045	0.00084375	0.834239	0
	0.682	0.00045625	0.0008625	0.836066	0
	0.683	0.0004375	0.00080625	0.838356	0
	0.684	0.00045625	0.0009	0.842975	0
	0.685	0.0005625	0.000725	0.845304	0
	0.686	0.00055	0.00079375	0.844875	0
	0.687	0.00043125	0.0008625	0.839335	0
	0.688	0.00049375	0.00084375	0.836565	0
	0.689	0.00048125	0.00076875	0.838889	0
	0.69	0.00049375	0.00081875	0.841226	0
	0.691	0.0003875	0.00075	0.843575	0
	0.692	0.00044375	0.00090625	0.845938	0
	0.693	0.00044375	0.000725	0.845938	0
	0.694	0.0004625	0.00084375	0.848315	0
	0.695	0.0005	0.0008	0.847887	0
	0.696	0.0004375	0.0008625	0.850282	0
	0.697	0.000475	0.00093125	0.852691	0
	0.698	0.000375	0.00089375	0.852273	0
	0.699	0.00041875	0.00085	0.852273	0
	0.7	0.000475	0.00095625	0.852273	0
	0.701	0.000475	0.00084375	0.848571	0
	0.702	0.0004875	0.00091875	0.848571	0
	0.703	0.00044375	0.00085	0.848138	0
	0.704	0.0003875	0.00086875	0.847701	0
	0.705	0.0005125	0.00096875	0.841954	0
	0.706	0.0003875	0.00075	0.841499	0
	0.707	0.000475	0.0007875	0.843931	0
	0.708	0.00036875	0.00079375	0.846377	0
	0.709	0.0004875	0.0009	0.843478	0
	0.71	0.00046875	0.00075625	0.843478	0
	0.711	0.00048125	0.0008	0.84593	0
	0.712	0.0004	0.00083125	0.845481	0
	0.713	0.00048125	0.00074375	0.842566	0
	0.714	0.0003875	0.0007625	0.845029	0
	0.715	0.0005	0.00080625	0.841642	0
	0.716	0.00039375	0.0007875	0.849112	0
	0.717	0.00036875	0.0007625	0.84273	0
	0.718	0.0004	0.00075625	0.842262	0
	0.719	0.00039375	0.0008125	0.838806	0
	0.72	0.000475	0.00078125	0.838806	0
	0.721	0.00044375	0.0007625	0.841317	0
	0.722	0.00035625	0.00090625	0.841317	0
	0.723	0.00034375	0.000725	0.840841	0
	0.724	0.00038125	0.0008375	0.837838	0
	0.725	0.0004375	0.00065625	0.840361	0
	0.726	0.0004375	0.0007375	0.848024	0
	0.727	0.00038125	0.00075	0.85061	0
	0.728	0.00039375	0.0007125	0.853211	0
	0.729	0.0004375	0.00071875	0.855385	0
	0.73	0.00045625	0.00071875	0.849231	0
	0.731	0.0004	0.000725	0.848297	0
	0.732	0.00041875	0.00068125	0.845201	0
	0.733	0.000425	0.00076875	0.845201	0
	0.734	0.00050625	0.000825	0.841615	0
	0.735	0.000375	0.0007625	0.838509	0
	0.736	0.0004	0.0007375	0.84375	0
	0.737	0.0004875	0.00075625	0.84375	0
	0.738	0.00038125	0.00081875	0.840625	0
	0.739	0.00041875	0.00075625	0.840625	0
	0.74	0.00054375	0.00079375	0.8375	0
	0.741	0.0003875	0.000675	0.836991	0
	0.742	0.00050625	0.00083125	0.833856	0
	0.743	0.0004	0.000625	0.833333	0
	0.744	0.0005	0.00073125	0.838608	0
	0.745	0.0005	0.00068125	0.84127	0
	0.746	0.00048125	0.0008125	0.846645	0
	0.747	0.00043125	0.00071875	0.840256	0
	0.748	0.00049375	0.00076875	0.839744	0
	0.749	0.00043125	0.0007375	0.839744	0
	0.75	0.0004125	0.00061875	0.839744	0
	0.751	0.00056875	0.0007	0.833333	0
	0.752	0.0005	0.00085	0.832797	0
	0.753	0.0005	0.00073125	0.826367	0
	0.754	0.00055	0.0006875	0.825806	0
	0.755	0.00055	0.00073125	0.827922	0
	0.756	0.00045	0.00058125	0.827922	0
	0.757	0.000475	0.0006625	0.830065	0
	0.758	0.00045	0.00071875	0.820261	0
	0.759	0.00046875	0.00073125	0.822951	0
	0.76	0.0004625	0.00075	0.819079	0
	0.761	0.0003875	0.0007875	0.824503	0
	0.762	0.0006375	0.00076875	0.817881	0
	0.763	0.0005125	0.00065625	0.817881	0
	0.764	0.0004375	0.000625	0.807947	0
	0.765	0.00051875	0.00061875	0.807947	0
	0.766	0.00056875	0.00063125	0.804636	0
	0.767	0.00055625	0.00071875	0.801325	0
	0.768	0.000475	0.00060625	0.798013	0
	0.769	0.00050625	0.0007375	0.794702	0
	0.77	0.0004375	0.0007375	0.797342	0
	0.771	0.00046875	0.0008875	0.797342	0
	0.772	0.0005	0.0008125	0.802676	0
	0.773	0.0005375	0.00065	0.808081	0
	0.774	0.00059375	0.00076875	0.804714	0
	0.775	0.00064375	0.0006375	0.804054	0
	0.776	0.00050625	0.0006875	0.800676	0
	0.777	0.0005125	0.00063125	0.800676	0
	0.778	0.00051875	0.0006625	0.797297	0
	0.779	0.0006875	0.0008125	0.790541	0
	0.78	0.000625	0.00084375	0.791809	0
	0.781	0.00056875	0.0008625	0.784983	0
	0.782	0.00055625	0.0007	0.780822	0
	0.783	0.00044375	0.00069375	0.786207	0
	0.784	0.00054375	0.00070625	0.77931	0
	0.785	0.00055625	0.0006625	0.778547	0
	0.786	0.00050625	0.0007125	0.78125	0
	0.787	0.00048125	0.00069375	0.777778	0
	0.788	0.00065	0.0008125	0.774306	0
	0.789	0.000575	0.00073125	0.766551	0
	0.79	0.00068125	0.00059375	0.765734	0
	0.791	0.00056875	0.00064375	0.764912	0
	0.792	0.00064375	0.00055625	0.770318	0
	0.793	0.00055	0.00070625	0.77305	0
	0.794	0.0007	0.0005875	0.768683	0
	0.795	0.0007125	0.00071875	0.767025	0
	0.796	0.0006125	0.0006875	0.768953	0
	0.797	0.00060625	0.0006375	0.768116	0
	0.798	0.0006	0.00065	0.763636	0
	0.799	0.0005875	0.0006375	0.755474	0
	0.8	0.00074375	0.00069375	0.754579	0
	0.801	0.00068125	0.000575	0.756458	0
	0.802	0.00063125	0.00070625	0.752768	0
	0.803	0.00065	0.00058125	0.752768	0
	0.804	0.000775	0.0006375	0.754647	0
	0.805	0.0006625	0.00056875	0.754647	0
	0.806	0.00075	0.00058125	0.7603	0
	0.807	0.0006625	0.00064375	0.7603	0
	0.808	0.0007	0.00065	0.763158	0
	0.809	0.00066875	0.0005875	0.757576	0
	0.81	0.00075	0.0007	0.763359	0
	0.811	0.00068125	0.00061875	0.766284	0
	0.812	0.00060625	0.00059375	0.762452	0
	0.813	0.00071875	0.000525	0.754789	0
	0.814	0.0008375	0.00064375	0.753846	0
	0.815	0.00078125	0.0005125	0.756757	0
	0.816	0.00055625	0.0006125	0.745174	0
	0.817	0.0007375	0.00060625	0.745174	0
	0.818	0.00071875	0.0006125	0.746094	0
	0.819	0.00083125	0.0006125	0.744094	0
	0.82	0.0008125	0.0005875	0.744094	0
	0.821	0.0007625	0.0007	0.73913	0
	0.822	0.00065	0.00059375	0.735178	0
	0.823	0.000725	0.00066875	0.731225	0
	0.824	0.00064375	0.00065	0.737052	0
	0.825	0.00059375	0.000525	0.736	0
	0.826	0.00069375	0.00050625	0.736	0
	0.827	0.00066875	0.00061875	0.73494	0
	0.828	0.0007125	0.00060625	0.737903	0
	0.829	0.00058125	0.00051875	0.736842	0
	0.83	0.00064375	0.00055625	0.735772	0
	0.831	0.00060625	0.00059375	0.738776	0
	0.832	0.00063125	0.0004625	0.738776	0
	0.833	0.00060625	0.00050625	0.730612	0
	0.834	0.000575	0.0006875	0.726531	0
	0.835	0.00065	0.00055	0.722449	0
	0.836	0.00065	0.00054375	0.72541	0
	0.837	0.00064375	0.0005375	0.72428	0
	0.838	0.00058125	0.0006375	0.721992	0
	0.839	0.0005875	0.000525	0.720833	0
	0.84	0.0005375	0.00054375	0.707113	0
	0.841	0.0005625	0.0004625	0.717949	0
	0.842	0.0006625	0.000625	0.72103	0
	0.843	0.000625	0.00051875	0.72103	0
	0.844	0.000675	0.00045625	0.730435	0
	0.845	0.00064375	0.000575	0.729258	0
	0.846	0.0005875	0.00058125	0.737778	0
	0.847	0.0005875	0.00065	0.73991	0
	0.848	0.0006375	0.00046875	0.735426	0
	0.849	0.0007125	0.00056875	0.734234	0
	0.85	0.000725	0.000575	0.734234	0
	0.851	0.0006375	0.000525	0.744292	0
	0.852	0.00065	0.00046875	0.746544	0
	0.853	0.0006375	0.00045625	0.757009	0
	0.854	0.000675	0.00051875	0.742991	0
	0.855	0.00069375	0.0006	0.753555	0
	0.856	0.000675	0.000475	0.753555	0
	0.857	0.00065625	0.00045625	0.753555	0
	0.858	0.0006625	0.0005125	0.752381	0
	0.859	0.00056875	0.00046875	0.747619	0
	0.86	0.00059375	0.00050625	0.746411	0
	0.861	0.00065625	0.0004625	0.746411	0
	0.862	0.00065625	0.00050625	0.748792	0
	0.863	0.0006375	0.0004875	0.75	0
	0.864	0.00059375	0.00055625	0.75	0
	0.865	0.00063125	0.0004375	0.75	0
	0.866	0.0005875	0.000475	0.740196	0
	0.867	0.0007125	0.0004625	0.72549	0
	0.868	0.00066875	0.00055	0.724138	0
	0.869	0.000675	0.000525	0.717822	0
	0.87	0.00060625	0.0003875	0.725	0
	0.871	0.00064375	0.00055	0.727273	0
	0.872	0.0006	0.0005125	0.730964	0
	0.873	0.0005625	0.0004625	0.733333	0
	0.874	0.00054375	0.00051875	0.733333	0
	0.875	0.00059375	0.00050625	0.740933	0
	0.876	0.000525	0.00043125	0.747368	0
	0.877	0.00055	0.000425	0.751323	0
	0.878	0.000475	0.0004875	0.740741	0
	0.879	0.0005875	0.0004625	0.748663	0
	0.88	0.0005875	0.00045	0.747312	0
	0.881	0.0005375	0.0004375	0.751351	0
	0.882	0.000575	0.0003	0.751351	0
	0.883	0.0004875	0.0004875	0.751351	0
	0.884	0.000575	0.00050625	0.745946	0
	0.885	0.00054375	0.00048125	0.752747	0
	0.886	0.000525	0.00046875	0.761111	0
	0.887	0.000475	0.00045625	0.772727	0
	0.888	0.00055	0.00045	0.761364	0
	0.889	0.00056875	0.000375	0.765714	0
	0.89	0.00055	0.00046875	0.764368	0
	0.891	0.000525	0.00038125	0.768786	0
	0.892	0.00051875	0.0004125	0.768786	0
	0.893	0.00045625	0.00043125	0.757225	0
	0.894	0.00050625	0.000425	0.757225	0
	0.895	0.000475	0.000425	0.751445	0
	0.896	0.00051875	0.00039375	0.745665	0
	0.897	0.00045	0.0004625	0.758824	0
	0.898	0.0005375	0.0004	0.761905	0
	0.899	0.00043125	0.0004	0.769697	0
	0.9	0.0005875	0.00045625	0.77439	0
	0.901	0.00053125	0.000375	0.777778	0
	0.902	0.00051875	0.000375	0.782609	0
	0.903	0.0004875	0.0003375	0.791139	0
	0.904	0.0004625	0.0004125	0.778481	0
	0.905	0.00051875	0.0003	0.778481	0
	0.906	0.00045	0.00034375	0.765823	0
	0.907	0.0005	0.0004125	0.759494	0
	0.908	0.0005125	0.000325	0.751592	0
	0.909	0.00049375	0.00045	0.75641	0
	0.91	0.00054375	0.00040625	0.74359	0
	0.911	0.00046875	0.00029375	0.74359	0
	0.912	0.00048125	0.00034375	0.741935	0
	0.913	0.0005	0.000275	0.745098	0
	0.914	0.0003	0.0003875	0.76	0
	0.915	0.0005	0.000325	0.77027	0
	0.916	0.0004375	0.00036875	0.77027	0
	0.917	0.00045625	0.000325	0.77027	0
	0.918	0.000525	0.0003375	0.768707	0
	0.919	0.00051875	0.00028125	0.773973	0
	0.92	0.0004625	0.0003375	0.765517	0
	0.921	0.0005625	0.0002875	0.756944	0
	0.922	0.000525	0.0003	0.755245	0
	0.923	0.00055	0.00038125	0.741259	0
	0.924	0.00056875	0.00033125	0.739437	0
	0.925	0.00064375	0.00030625	0.725352	0
	0.926	0.00059375	0.0003125	0.723404	0
	0.927	0.0005	0.00025	0.728571	0
	0.928	0.0005875	0.00031875	0.719424	0
	0.929	0.0006125	0.00035625	0.722628	0
	0.93	0.0006	0.000325	0.727941	0
	0.931	0.0006625	0.00023125	0.705882	0
	0.932	0.000575	0.00030625	0.711111	0
	0.933	0.0005875	0.0003375	0.711111	0
	0.934	0.0006125	0.0002625	0.716418	0
	0.935	0.00063125	0.00023125	0.716418	0
	0.936	0.000675	0.0002875	0.716418	0
	0.937	0.00048125	0.00025	0.721805	0
	0.938	0.0006375	0.00025	0.719697	0
	0.939	0.000675	0.0002375	0.725191	0
	0.94	0.0006375	0.00030625	0.728682	0
	0.941	0.00065625	0.00030625	0.734375	0
	0.942	0.000575	0.00020625	0.744	0
	0.943	0.0007	0.00020625	0.733871	0
	0.944	0.00059375	0.0002875	0.725806	0
	0.945	0.0007	0.0002375	0.725806	0
	0.946	0.00061875	0.0002625	0.717742	0
	0.947	0.00059375	0.0001625	0.715447	0
	0.948	0.0005625	0.00024375	0.694215	0
	0.949	0.0007	0.00023125	0.705882	0
	0.95	0.00056875	0.00019375	0.715517	0
	0.951	0.0005375	0.00015625	0.689655	0
	0.952	0.00065625	0.00019375	0.695652	0
	0.953	0.000575	0.0002	0.695652	0
	0.954	0.0005875	0.00019375	0.681416	0
	0.955	0.000625	0.0001875	0.675676	0
	0.956	0.00050625	0.0001125	0.675676	0
	0.957	0.00056875	0.000175	0.681818	0
	0.958	0.0007125	0.0002125	0.663636	0
	0.959	0.00063125	0.000175	0.66055	0
	0.96	0.00075625	0.00013125	0.669811	0
	0.961	0.00074375	0.0001375	0.650943	0
	0.962	0.00081875	0.0002875	0.638095	0
	0.963	0.000825	0.00025	0.640777	0
	0.964	0.00075625	0.00015	0.640777	0
	0.965	0.0007875	0.0001375	0.64	0
	0.966	0.000825	0.000175	0.653061	0
	0.967	0.00090625	0.0001375	0.628866	0
	0.968	0.00081875	0.0001375	0.635417	0
	0.969	0.00085625	0.00013125	0.635417	0
	0.97	0.00081875	0.00014375	0.642105	0
	0.971	0.000875	0.00014375	0.606383	0
	0.972	0.0009	0.000175	0.626374	0
	0.973	0.000925	0.0002	0.640449	0
	0.974	0.00086875	0.00011875	0.655172	0
	0.975	0.0008875	0.00010625	0.639535	0
	0.976	0.00084375	0.000125	0.639535	0
	0.977	0.00089375	0.00015	0.627907	0
	0.978	0.00091875	0.00014375	0.627907	0
	0.979	0.0009125	0.000175	0.626506	0
	0.98	0.00069375	0.0001125	0.626506	0
	0.981	0.0007	0.00015625	0.620253	0
	0.982	0.00071875	0.00016875	0.623377	0
	0.983	0.000875	0.0001375	0.626667	0
	0.984	0.000825	0.000125	0.573333	0
	0.985	0.0006875	9.375e-05	0.561644	0
	0.986	0.00085	0.0001125	0.577465	0
	0.987	0.0009625	9.375e-05	0.550725	0
	0.988	0.00106875	8.125e-05	0.530303	0
	0.989	0.0010375	6.25e-05	0.539683	0
	0.99	0.00111875	0.00013125	0.540984	0
	0.991	0.001175	6.875e-05	0.516667	0
	0.992	0.00141875	6.25e-05	0.525424	0
	0.993	0.0015	8.125e-05	0.54386	0
	0.994	0.00144375	6.25e-05	0.509091	0
	0.995	0.00143125	8.75e-05	0.462963	0
	0.996	0.00174375	6.875e-05	0.423077	0
	0.997	0.00186875	3.125e-05	0.42	0
	0.998	0.00253125	6.875e-05	0.325581	0
	0.999	0.003625	8.125e-05	0.35	0
	1	0.0126187	5e-05	0.194444	0


#	yrange	sparsity	# links	zeta	support at cross	fraction FP
	0	0.490625	785	0.00044181	0.956	0.0990343
	0.4	0.490625	785	0.00044181	0.956	0.0990343
