#	Frequencies and overlap
#	bins	MYC	shuffle	overlap_MYC	overlap_shuffle
	0	0.2663	0.264194	0.879136	0
	0.001	0.0347187	0.0114188	0.754478	0
	0.002	0.0230375	0.0116813	0.764009	0
	0.003	0.0185438	0.00970625	0.767901	0
	0.004	0.0155187	0.00956875	0.774468	0
	0.005	0.0139188	0.00870625	0.781929	0
	0.006	0.0122875	0.0081875	0.789707	0
	0.007	0.01115	0.0079125	0.792231	0
	0.008	0.0098625	0.00734375	0.801835	0
	0.009	0.00865625	0.0070125	0.808232	0
	0.01	0.00776875	0.00663125	0.81619	0
	0.011	0.00689375	0.006125	0.823814	0
	0.012	0.00566875	0.0061625	0.830875	0
	0.013	0.00515625	0.00566875	0.834661	0
	0.014	0.00439375	0.0055125	0.845142	0
	0.015	0.004275	0.00526875	0.851129	0
	0.016	0.0041625	0.0048625	0.850207	0
	0.017	0.00385	0.00513125	0.857143	0
	0.018	0.00354375	0.00513125	0.864119	0
	0.019	0.003275	0.0046	0.869099	0
	0.02	0.0033375	0.00485625	0.867171	0
	0.021	0.0031875	0.003975	0.865217	0
	0.022	0.00291875	0.00451875	0.870472	0
	0.023	0.00288125	0.0042125	0.876667	0
	0.024	0.002625	0.00405625	0.875978	0
	0.025	0.0025125	0.00394375	0.87346	0
	0.026	0.00260625	0.0038375	0.871622	0
	0.027	0.002475	0.00365625	0.875283	0
	0.028	0.002325	0.00376875	0.872	0
	0.029	0.00261875	0.00398125	0.863375	0
	0.03	0.0023	0.00318125	0.864055	0
	0.031	0.00240625	0.00350625	0.864426	0
	0.032	0.00236875	0.0033625	0.860627	0
	0.033	0.0026875	0.0033875	0.857643	0
	0.034	0.00250625	0.00326875	0.854631	0
	0.035	0.00258125	0.00335	0.851765	0
	0.036	0.00274375	0.002925	0.848878	0
	0.037	0.0026	0.003075	0.850711	0
	0.038	0.00265625	0.00310625	0.848629	0
	0.039	0.00295625	0.00315	0.846523	0
	0.04	0.00269375	0.0029375	0.842359	0
	0.041	0.0027875	0.00294375	0.839566	0
	0.042	0.00289375	0.0029	0.836364	0
	0.043	0.00269375	0.0025875	0.836983	0
	0.044	0.00273125	0.00283125	0.840049	0
	0.045	0.00276875	0.00288125	0.842105	0
	0.046	0.00266875	0.002675	0.842752	0
	0.047	0.00265625	0.00265625	0.836005	0
	0.048	0.00254375	0.002675	0.837469	0
	0.049	0.00256875	0.0025625	0.837065	0
	0.05	0.00235	0.00275625	0.835206	0
	0.051	0.00261875	0.00246875	0.83229	0
	0.052	0.00224375	0.00249375	0.832282	0
	0.053	0.00235625	0.0026	0.828499	0
	0.054	0.00229375	0.00265625	0.827848	0
	0.055	0.0022	0.00244375	0.826142	0
	0.056	0.00235	0.002475	0.824427	0
	0.057	0.00199375	0.002475	0.83269	0
	0.058	0.00193125	0.00230625	0.833333	0
	0.059	0.00194375	0.0022875	0.839635	0
	0.06	0.001925	0.0022625	0.836815	0
	0.061	0.00196875	0.0023375	0.835958	0
	0.062	0.0018125	0.00224375	0.838624	0
	0.063	0.0018125	0.0022	0.837766	0
	0.064	0.001725	0.0023625	0.842035	0
	0.065	0.00188125	0.002475	0.842953	0
	0.066	0.001625	0.00228125	0.841184	0
	0.067	0.00175625	0.00208125	0.84375	0
	0.068	0.00179375	0.0022	0.844475	0
	0.069	0.0016375	0.0022625	0.846154	0
	0.07	0.0016375	0.00203125	0.848066	0
	0.071	0.0017375	0.002025	0.847434	0
	0.072	0.00169375	0.0021625	0.848189	0
	0.073	0.00149375	0.00210625	0.85035	0
	0.074	0.0014375	0.0019	0.853933	0
	0.075	0.00158125	0.0021875	0.849508	0
	0.076	0.0013625	0.0019	0.851695	0
	0.077	0.0015625	0.00185	0.857347	0
	0.078	0.0014125	0.00205625	0.856734	0
	0.079	0.00153125	0.0020125	0.853026	0
	0.08	0.001275	0.00201875	0.852814	0
	0.081	0.0011875	0.0017375	0.851156	0
	0.082	0.00161875	0.00188125	0.852174	0
	0.083	0.0015	0.00186875	0.850508	0
	0.084	0.00154375	0.0018375	0.851528	0
	0.085	0.00133125	0.00185	0.853587	0
	0.086	0.00153125	0.0019	0.855882	0
	0.087	0.00125	0.00180625	0.860534	0
	0.088	0.0013	0.00190625	0.857567	0
	0.089	0.0013375	0.0016875	0.861194	0
	0.09	0.00123125	0.0017625	0.859492	0
	0.091	0.00138125	0.001925	0.861862	0
	0.092	0.00134375	0.0016625	0.861654	0
	0.093	0.00125625	0.00176875	0.856712	0
	0.094	0.00114375	0.0017875	0.856495	0
	0.095	0.0013375	0.00173125	0.857576	0
	0.096	0.00143125	0.00195	0.855623	0
	0.097	0.001325	0.0017125	0.856925	0
	0.098	0.00133125	0.0018375	0.858015	0
	0.099	0.0012375	0.00165625	0.858896	0
	0.1	0.0011125	0.0017	0.858462	0
	0.101	0.00141875	0.00146875	0.859784	0
	0.102	0.0012375	0.00165625	0.862229	0
	0.103	0.00101875	0.00166875	0.864275	0
	0.104	0.00123125	0.00155	0.864062	0
	0.105	0.0011125	0.00160625	0.862069	0
	0.106	0.00108125	0.0016125	0.861635	0
	0.107	0.00110625	0.00178125	0.861199	0
	0.108	0.00115	0.0015625	0.85624	0
	0.109	0.0009375	0.00165	0.861685	0
	0.11	0.00088125	0.00169375	0.862839	0
	0.111	0.00096875	0.0016	0.859649	0
	0.112	0.00098125	0.001525	0.857372	0
	0.113	0.000975	0.0014875	0.857143	0
	0.114	0.0009	0.00143125	0.856913	0
	0.115	0.00095625	0.0013625	0.854839	0
	0.116	0.0009125	0.00153125	0.861789	0
	0.117	0.00108125	0.00148125	0.862969	0
	0.118	0.0010625	0.0015	0.864379	0
	0.119	0.00083125	0.001425	0.864379	0
	0.12	0.00096875	0.00140625	0.865794	0
	0.121	0.00098125	0.0015875	0.863711	0
	0.122	0.00103125	0.001475	0.864686	0
	0.123	0.00080625	0.00158125	0.86733	0
	0.124	0.00096875	0.001425	0.868552	0
	0.125	0.00093125	0.00143125	0.869347	0
	0.126	0.0008875	0.00136875	0.867227	0
	0.127	0.00095	0.00140625	0.862185	0
	0.128	0.0008375	0.001575	0.860269	0
	0.129	0.001	0.00134375	0.858586	0
	0.13	0.000975	0.00138125	0.861486	0
	0.131	0.0008	0.0013375	0.862944	0
	0.132	0.0008875	0.0014125	0.862479	0
	0.133	0.00085625	0.00123125	0.862245	0
	0.134	0.0008125	0.00129375	0.864957	0
	0.135	0.00091875	0.00146875	0.863248	0
	0.136	0.000875	0.0012875	0.865979	0
	0.137	0.0008625	0.00141875	0.867241	0
	0.138	0.0008	0.00138125	0.863558	0
	0.139	0.00093125	0.00129375	0.864583	0
	0.14	0.0008375	0.0012875	0.862609	0
	0.141	0.0008625	0.001175	0.855652	0
	0.142	0.00085	0.001425	0.856894	0
	0.143	0.00086875	0.00135625	0.851399	0
	0.144	0.0009375	0.00134375	0.855888	0
	0.145	0.00073125	0.00120625	0.860424	0
	0.146	0.00095	0.00118125	0.858407	0
	0.147	0.00091875	0.001375	0.858156	0
	0.148	0.00088125	0.0013625	0.856383	0
	0.149	0.00116875	0.00131875	0.854352	0
	0.15	0.00095	0.001175	0.847247	0
	0.151	0.00095625	0.001375	0.850267	0
	0.152	0.0008	0.001175	0.853047	0
	0.153	0.00105	0.00138125	0.851254	0
	0.154	0.00090625	0.00125625	0.850987	0
	0.155	0.00096875	0.001275	0.850719	0
	0.156	0.00086875	0.001225	0.851986	0
	0.157	0.00095	0.00118125	0.856624	0
	0.158	0.0009125	0.0012125	0.856624	0
	0.159	0.001025	0.0012	0.859745	0
	0.16	0.00098125	0.00125	0.854281	0
	0.161	0.0009625	0.001225	0.857404	0
	0.162	0.001025	0.00111875	0.855046	0
	0.163	0.0009375	0.00131875	0.856354	0
	0.164	0.00100625	0.0012125	0.857934	0
	0.165	0.000875	0.00121875	0.860853	0
	0.166	0.00095625	0.001125	0.856877	0
	0.167	0.00094375	0.00126875	0.856611	0
	0.168	0.0008875	0.001125	0.849162	0
	0.169	0.00088125	0.00115	0.850467	0
	0.17	0.0008375	0.00120625	0.850187	0
	0.171	0.0008625	0.0010625	0.84803	0
	0.172	0.00085625	0.0011125	0.846154	0
	0.173	0.000925	0.00106875	0.847744	0
	0.174	0.0007625	0.00114375	0.841509	0
	0.175	0.00079375	0.00111875	0.837736	0
	0.176	0.000675	0.00114375	0.839319	0
	0.177	0.0008625	0.00101875	0.842505	0
	0.178	0.0007	0.0011125	0.841603	0
	0.179	0.00058125	0.0012125	0.8413	0
	0.18	0.00075	0.001225	0.840996	0
	0.181	0.00096875	0.0010625	0.840691	0
	0.182	0.0008375	0.00106875	0.840385	0
	0.183	0.000825	0.00110625	0.83815	0
	0.184	0.00080625	0.001025	0.833977	0
	0.185	0.0007	0.00106875	0.838835	0
	0.186	0.0008125	0.001075	0.840156	0
	0.187	0.00088125	0.00111875	0.840156	0
	0.188	0.00084375	0.00095625	0.841797	0
	0.189	0.00075625	0.00100625	0.835616	0
	0.19	0.00075	0.00105625	0.827789	0
	0.191	0.00090625	0.00101875	0.832677	0
	0.192	0.00070625	0.0009875	0.837302	0
	0.193	0.00073125	0.00091875	0.844	0
	0.194	0.0007625	0.00111875	0.845382	0
	0.195	0.0008	0.00113125	0.84879	0
	0.196	0.00075625	0.0010375	0.846774	0
	0.197	0.000725	0.0009875	0.840726	0
	0.198	0.0007875	0.0010375	0.840726	0
	0.199	0.00083125	0.0011625	0.840081	0
	0.2	0.00080625	0.0012375	0.837398	0
	0.201	0.000725	0.00103125	0.833333	0
	0.202	0.00070625	0.0008875	0.836735	0
	0.203	0.0008	0.00096875	0.836066	0
	0.204	0.0008	0.00098125	0.836066	0
	0.205	0.0008625	0.00095	0.836066	0
	0.206	0.0008125	0.00094375	0.837782	0
	0.207	0.00086875	0.00103125	0.833676	0
	0.208	0.00074375	0.000925	0.830928	0
	0.209	0.0006	0.00111875	0.830579	0
	0.21	0.00086875	0.00104375	0.830228	0
	0.211	0.0008375	0.00095	0.833333	0
	0.212	0.00074375	0.00095625	0.830898	0
	0.213	0.0008	0.0009875	0.830898	0
	0.214	0.0008125	0.0009875	0.832285	0
	0.215	0.00086875	0.00103125	0.823899	0
	0.216	0.00076875	0.0008875	0.821429	0
	0.217	0.00085	0.00089375	0.822785	0
	0.218	0.00086875	0.0009375	0.820675	0
	0.219	0.00088125	0.00088125	0.824153	0
	0.22	0.000725	0.0009625	0.819915	0
	0.221	0.0007375	0.00100625	0.823404	0
	0.222	0.00070625	0.0008875	0.824786	0
	0.223	0.00071875	0.000925	0.82265	0
	0.224	0.00088125	0.00093125	0.820513	0
	0.225	0.0007875	0.00099375	0.819742	0
	0.226	0.00085	0.00095625	0.821505	0
	0.227	0.00071875	0.0009125	0.81681	0
	0.228	0.000775	0.00083125	0.820346	0
	0.229	0.0006875	0.00095	0.818182	0
	0.23	0.0007625	0.0009875	0.819565	0
	0.231	0.0006875	0.000825	0.826374	0
	0.232	0.0006125	0.00085625	0.830022	0
	0.233	0.00074375	0.00090625	0.827815	0
	0.234	0.00074375	0.00099375	0.824834	0
	0.235	0.00084375	0.00076875	0.832215	0
	0.236	0.000775	0.0010375	0.834081	0
	0.237	0.0006625	0.00093125	0.837838	0
	0.238	0.00071875	0.00081875	0.837472	0
	0.239	0.0009	0.00090625	0.834842	0
	0.24	0.00073125	0.00081875	0.836735	0
	0.241	0.00068125	0.00085	0.838636	0
	0.242	0.0007	0.00074375	0.833713	0
	0.243	0.0008125	0.00084375	0.835616	0
	0.244	0.0005875	0.00085625	0.841379	0
	0.245	0.00074375	0.00096875	0.841379	0
	0.246	0.0006875	0.0007625	0.841379	0
	0.247	0.0006	0.000875	0.843318	0
	0.248	0.0007875	0.00083125	0.843318	0
	0.249	0.00073125	0.0009	0.842593	0
	0.25	0.00060625	0.00079375	0.842593	0
	0.251	0.00063125	0.000825	0.846512	0
	0.252	0.000625	0.0008625	0.846512	0
	0.253	0.000575	0.00070625	0.847775	0
	0.254	0.00069375	0.000825	0.847418	0
	0.255	0.0006125	0.00088125	0.842353	0
	0.256	0.00066875	0.0008375	0.839623	0
	0.257	0.00065625	0.00084375	0.837264	0
	0.258	0.00046875	0.0007625	0.841232	0
	0.259	0.000625	0.000825	0.838863	0
	0.26	0.00063125	0.00081875	0.836493	0
	0.261	0.00061875	0.00079375	0.840476	0
	0.262	0.00066875	0.000825	0.842105	0
	0.263	0.000475	0.00080625	0.845783	0
	0.264	0.0005625	0.00088125	0.845411	0
	0.265	0.0005375	0.00075	0.847087	0
	0.266	0.000575	0.00085	0.849148	0
	0.267	0.00060625	0.00078125	0.85122	0
	0.268	0.00046875	0.00074375	0.848411	0
	0.269	0.0005375	0.00085	0.85049	0
	0.27	0.00051875	0.00064375	0.85049	0
	0.271	0.000675	0.0007	0.847666	0
	0.272	0.00055625	0.0008125	0.844444	0
	0.273	0.0005	0.0007625	0.844059	0
	0.274	0.00056875	0.00071875	0.839109	0
	0.275	0.00045	0.00081875	0.836228	0
	0.276	0.00051875	0.0007375	0.836228	0
	0.277	0.00044375	0.0009125	0.844612	0
	0.278	0.00054375	0.0007625	0.844612	0
	0.279	0.0005375	0.000625	0.842105	0
	0.28	0.00056875	0.000925	0.841709	0
	0.281	0.0004625	0.00068125	0.84131	0
	0.282	0.00049375	0.00086875	0.836272	0
	0.283	0.00050625	0.0007	0.830808	0
	0.284	0.00048125	0.00064375	0.832487	0
	0.285	0.00054375	0.0006625	0.832487	0
	0.286	0.0005	0.0007625	0.832487	0
	0.287	0.00055	0.00076875	0.829517	0
	0.288	0.00040625	0.00076875	0.831202	0
	0.289	0.00045	0.000725	0.835476	0
	0.29	0.000525	0.00075	0.832905	0
	0.291	0.0004625	0.00075	0.832041	0
	0.292	0.00049375	0.00073125	0.834197	0
	0.293	0.00048125	0.000625	0.835938	0
	0.294	0.0005875	0.00069375	0.832898	0
	0.295	0.0005	0.00080625	0.832898	0
	0.296	0.00050625	0.00069375	0.835079	0
	0.297	0.00053125	0.00069375	0.836842	0
	0.298	0.0005125	0.0007125	0.834211	0
	0.299	0.00055	0.0007	0.831579	0
	0.3	0.0004875	0.00071875	0.833773	0
	0.301	0.0004625	0.00065625	0.833333	0
	0.302	0.00055625	0.00063125	0.837766	0
	0.303	0.0004875	0.0007	0.837333	0
	0.304	0.00040625	0.00051875	0.839142	0
	0.305	0.00055	0.0007125	0.841398	0
	0.306	0.00051875	0.00063125	0.845946	0
	0.307	0.0006	0.0007875	0.852861	0
	0.308	0.00060625	0.00075	0.852861	0
	0.309	0.0005875	0.0006375	0.852861	0
	0.31	0.0005375	0.000625	0.850136	0
	0.311	0.00055625	0.00064375	0.847411	0
	0.312	0.0005625	0.00065	0.849315	0
	0.313	0.00051875	0.0006125	0.846575	0
	0.314	0.0004125	0.00049375	0.848901	0
	0.315	0.0004625	0.000675	0.848485	0
	0.316	0.0004625	0.00063125	0.84573	0
	0.317	0.00048125	0.0006625	0.848066	0
	0.318	0.00053125	0.0005875	0.842541	0
	0.319	0.00055	0.00066875	0.839779	0
	0.32	0.000525	0.000725	0.837017	0
	0.321	0.0006125	0.00073125	0.839335	0
	0.322	0.0005625	0.0007125	0.833795	0
	0.323	0.00056875	0.00059375	0.833333	0
	0.324	0.00056875	0.0007125	0.835655	0
	0.325	0.0005	0.0008	0.830084	0
	0.326	0.00054375	0.0005875	0.830084	0
	0.327	0.000475	0.00060625	0.824513	0
	0.328	0.00056875	0.00065	0.826331	0
	0.329	0.00055	0.0006	0.825843	0
	0.33	0.00044375	0.0006625	0.825352	0
	0.331	0.000425	0.00069375	0.824363	0
	0.332	0.00049375	0.000625	0.826705	0
	0.333	0.0005375	0.00068125	0.823864	0
	0.334	0.00046875	0.000625	0.821023	0
	0.335	0.0005125	0.00068125	0.811429	0
	0.336	0.00058125	0.00066875	0.808571	0
	0.337	0.0004625	0.0007375	0.810888	0
	0.338	0.0004875	0.00065625	0.813218	0
	0.339	0.00051875	0.00065	0.810345	0
	0.34	0.00059375	0.00051875	0.806916	0
	0.341	0.00051875	0.00058125	0.805797	0
	0.342	0.00050625	0.0006625	0.810496	0
	0.343	0.0006	0.0006625	0.80758	0
	0.344	0.0005	0.00064375	0.812317	0
	0.345	0.000625	0.0005125	0.809384	0
	0.346	0.00045625	0.00055	0.805882	0
	0.347	0.00055625	0.0005	0.805882	0
	0.348	0.0004625	0.00061875	0.80826	0
	0.349	0.000525	0.00065	0.807122	0
	0.35	0.0004375	0.0006375	0.809524	0
	0.351	0.000475	0.0006125	0.809524	0
	0.352	0.00051875	0.00045625	0.809524	0
	0.353	0.0006625	0.00061875	0.806548	0
	0.354	0.00065625	0.0005625	0.80597	0
	0.355	0.00055	0.0006125	0.805389	0
	0.356	0.00058125	0.00054375	0.804217	0
	0.357	0.00063125	0.0006	0.80303	0
	0.358	0.00060625	0.00058125	0.805471	0
	0.359	0.00061875	0.00064375	0.801829	0
	0.36	0.00065625	0.000575	0.804281	0
	0.361	0.000675	0.0005125	0.801223	0
	0.362	0.00060625	0.00043125	0.800613	0
	0.363	0.0006125	0.000725	0.800613	0
	0.364	0.00066875	0.0004875	0.797546	0
	0.365	0.00065625	0.0006	0.8	0
	0.366	0.0007625	0.0005375	0.8	0
	0.367	0.000575	0.0005375	0.8	0
	0.368	0.0006	0.00063125	0.801858	0
	0.369	0.00046875	0.0005	0.801858	0
	0.37	0.0005875	0.00064375	0.801858	0
	0.371	0.0006375	0.00061875	0.801858	0
	0.372	0.00060625	0.00050625	0.804348	0
	0.373	0.000525	0.00051875	0.803738	0
	0.374	0.00060625	0.0004875	0.800623	0
	0.375	0.00058125	0.00049375	0.800623	0
	0.376	0.0006375	0.00051875	0.8	0
	0.377	0.000625	0.00065	0.799373	0
	0.378	0.000625	0.000575	0.795597	0
	0.379	0.00054375	0.0005375	0.791798	0
	0.38	0.00061875	0.000525	0.791798	0
	0.381	0.0006	0.00054375	0.788644	0
	0.382	0.00058125	0.000425	0.790476	0
	0.383	0.00066875	0.0005875	0.789809	0
	0.384	0.000525	0.00055	0.789809	0
	0.385	0.00065	0.00049375	0.786624	0
	0.386	0.00048125	0.0006	0.786624	0
	0.387	0.00056875	0.00054375	0.789137	0
	0.388	0.00053125	0.00054375	0.787781	0
	0.389	0.000425	0.0005125	0.79288	0
	0.39	0.000475	0.00046875	0.795455	0
	0.391	0.0005375	0.00055625	0.785714	0
	0.392	0.0004875	0.00048125	0.787582	0
	0.393	0.00044375	0.0005375	0.790164	0
	0.394	0.0005	0.00050625	0.789474	0
	0.395	0.00045	0.0006125	0.789474	0
	0.396	0.0004375	0.00053125	0.782895	0
	0.397	0.00056875	0.0004625	0.778878	0
	0.398	0.00049375	0.0005	0.775578	0
	0.399	0.00044375	0.00040625	0.778146	0
	0.4	0.00053125	0.00048125	0.777409	0
	0.401	0.00045625	0.00048125	0.779264	0
	0.402	0.0004625	0.0004625	0.781879	0
	0.403	0.0005375	0.0005625	0.789116	0
	0.404	0.00048125	0.0005	0.791096	0
	0.405	0.00039375	0.000525	0.793814	0
	0.406	0.00053125	0.00064375	0.793814	0
	0.407	0.00050625	0.0004375	0.795139	0
	0.408	0.0003875	0.000525	0.790941	0
	0.409	0.00056875	0.0005125	0.796491	0
	0.41	0.0003875	0.0004875	0.792982	0
	0.411	0.0005	0.0005375	0.789474	0
	0.412	0.0004125	0.0005	0.791519	0
	0.413	0.000475	0.0005	0.794326	0
	0.414	0.00048125	0.000575	0.797153	0
	0.415	0.00040625	0.000475	0.792857	0
	0.416	0.000375	0.00048125	0.795699	0
	0.417	0.0004125	0.0005125	0.792115	0
	0.418	0.00051875	0.000525	0.792115	0
	0.419	0.0004	0.00055625	0.791367	0
	0.42	0.00046875	0.0005125	0.8	0
	0.421	0.0004125	0.00056875	0.8	0
	0.422	0.00050625	0.00045	0.8	0
	0.423	0.00040625	0.0004125	0.805147	0
	0.424	0.00044375	0.00048125	0.808118	0
	0.425	0.0004625	0.00055	0.810409	0
	0.426	0.0004375	0.00043125	0.813433	0
	0.427	0.0004625	0.000425	0.809701	0
	0.428	0.00038125	0.0005125	0.80597	0
	0.429	0.00040625	0.00051875	0.801498	0
	0.43	0.00053125	0.00050625	0.801498	0
	0.431	0.00034375	0.00045625	0.803774	0
	0.432	0.00040625	0.00046875	0.803774	0
	0.433	0.00036875	0.0004375	0.803774	0
	0.434	0.00031875	0.0004	0.809886	0
	0.435	0.0003875	0.00048125	0.815385	0
	0.436	0.00039375	0.00041875	0.811538	0
	0.437	0.0003875	0.000525	0.811538	0
	0.438	0.0003875	0.0005	0.811538	0
	0.439	0.00039375	0.00040625	0.811538	0
	0.44	0.0004625	0.00041875	0.811538	0
	0.441	0.0004	0.00038125	0.810811	0
	0.442	0.00041875	0.00054375	0.803089	0
	0.443	0.00036875	0.00043125	0.803089	0
	0.444	0.00043125	0.00039375	0.803089	0
	0.445	0.000375	0.0004375	0.802326	0
	0.446	0.0003875	0.00035625	0.808594	0
	0.447	0.000425	0.00044375	0.804688	0
	0.448	0.00048125	0.00040625	0.803922	0
	0.449	0.00040625	0.0004	0.80315	0
	0.45	0.00035625	0.00043125	0.80315	0
	0.451	0.000425	0.00050625	0.799213	0
	0.452	0.00041875	0.000525	0.798419	0
	0.453	0.00041875	0.00039375	0.798419	0
	0.454	0.000425	0.0004625	0.801587	0
	0.455	0.0004	0.000475	0.801587	0
	0.456	0.0003375	0.00038125	0.801587	0
	0.457	0.0003	0.00053125	0.804	0
	0.458	0.00033125	0.0004375	0.807229	0
	0.459	0.00045	0.00049375	0.807229	0
	0.46	0.0003375	0.0004125	0.803213	0
	0.461	0.00039375	0.0004375	0.802419	0
	0.462	0.00036875	0.00045	0.798387	0
	0.463	0.00039375	0.000475	0.794355	0
	0.464	0.0004125	0.00039375	0.800813	0
	0.465	0.0003875	0.00055	0.788618	0
	0.466	0.0003125	0.0003875	0.783673	0
	0.467	0.00035625	0.00041875	0.783673	0
	0.468	0.000325	0.00039375	0.785124	0
	0.469	0.0003875	0.00045625	0.791667	0
	0.47	0.0003625	0.00033125	0.791667	0
	0.471	0.00044375	0.00041875	0.791667	0
	0.472	0.00035	0.000525	0.794979	0
	0.473	0.000325	0.0004125	0.801688	0
	0.474	0.0003375	0.00035	0.805085	0
	0.475	0.00030625	0.0004375	0.805085	0
	0.476	0.0003	0.00043125	0.805085	0
	0.477	0.000325	0.00043125	0.805085	0
	0.478	0.0004125	0.0004	0.8	0
	0.479	0.00031875	0.00040625	0.803419	0
	0.48	0.0003375	0.00045	0.803419	0
	0.481	0.00035625	0.0004	0.806867	0
	0.482	0.000275	0.00050625	0.813043	0
	0.483	0.000325	0.0003875	0.813043	0
	0.484	0.000325	0.0004	0.813043	0
	0.485	0.0002875	0.0004875	0.816594	0
	0.486	0.0002875	0.00043125	0.816594	0
	0.487	0.00034375	0.00038125	0.820175	0
	0.488	0.00033125	0.000375	0.827434	0
	0.489	0.00026875	0.0003625	0.821429	0
	0.49	0.00038125	0.00031875	0.821429	0
	0.491	0.00028125	0.00048125	0.816964	0
	0.492	0.000325	0.0004125	0.816964	0
	0.493	0.0003375	0.0004625	0.816964	0
	0.494	0.0003625	0.0004	0.816964	0
	0.495	0.0003	0.00039375	0.824324	0
	0.496	0.00035625	0.00040625	0.828054	0
	0.497	0.000425	0.00039375	0.823529	0
	0.498	0.00041875	0.00030625	0.819005	0
	0.499	0.00031875	0.000425	0.822727	0
	0.5	0.00034375	0.000325	0.822727	0
	0.501	0.00030625	0.00033125	0.822727	0
	0.502	0.00031875	0.000325	0.821918	0
	0.503	0.0003875	0.00041875	0.817352	0
	0.504	0.00038125	0.00035	0.817352	0
	0.505	0.0004	0.0004	0.817352	0
	0.506	0.0003375	0.000375	0.824885	0
	0.507	0.00025	0.000325	0.824074	0
	0.508	0.00038125	0.00041875	0.824074	0
	0.509	0.00038125	0.0003625	0.831776	0
	0.51	0.00035	0.0003125	0.831776	0
	0.511	0.0002625	0.00039375	0.831776	0
	0.512	0.0003375	0.000375	0.835681	0
	0.513	0.0003125	0.00028125	0.839623	0
	0.514	0.0002875	0.0003375	0.838863	0
	0.515	0.0003375	0.00034375	0.838863	0
	0.516	0.000325	0.00034375	0.829384	0
	0.517	0.00034375	0.0003875	0.833333	0
	0.518	0.00020625	0.0002875	0.833333	0
	0.519	0.00026875	0.000475	0.833333	0
	0.52	0.00028125	0.00035625	0.833333	0
	0.521	0.00031875	0.00035625	0.833333	0
	0.522	0.00025	0.0005	0.837321	0
	0.523	0.00020625	0.00039375	0.832536	0
	0.524	0.00034375	0.00039375	0.832536	0
	0.525	0.000225	0.00028125	0.831731	0
	0.526	0.000275	0.00041875	0.826923	0
	0.527	0.00025625	0.00036875	0.826923	0
	0.528	0.0002	0.00030625	0.825243	0
	0.529	0.00025625	0.00044375	0.829268	0
	0.53	0.0002125	0.00031875	0.823529	0
	0.531	0.0001875	0.00034375	0.827586	0
	0.532	0.0001375	0.0003625	0.831683	0
	0.533	0.0002	0.0003	0.831683	0
	0.534	0.00025625	0.000325	0.826733	0
	0.535	0.00016875	0.000375	0.825871	0
	0.536	0.0002	0.00043125	0.825871	0
	0.537	0.00019375	0.000425	0.834171	0
	0.538	0.00023125	0.00045625	0.834171	0
	0.539	0.0002125	0.0003875	0.84264	0
	0.54	0.0002375	0.00036875	0.832487	0
	0.541	0.0002125	0.00035	0.831633	0
	0.542	0.00015625	0.00035	0.831633	0
	0.543	0.0002375	0.0003625	0.826531	0
	0.544	0.00020625	0.00033125	0.830769	0
	0.545	0.000125	0.00034375	0.834197	0
	0.546	0.0002125	0.000325	0.829016	0
	0.547	0.00018125	0.00033125	0.829016	0
	0.548	0.00021875	0.0003375	0.823834	0
	0.549	0.00025625	0.0002875	0.813472	0
	0.55	0.00020625	0.00036875	0.80829	0
	0.551	0.00020625	0.0002625	0.807292	0
	0.552	0.00026875	0.00034375	0.811518	0
	0.553	0.0003125	0.000375	0.801047	0
	0.554	0.00025	0.00028125	0.8	0
	0.555	0.00020625	0.0002125	0.798942	0
	0.556	0.00026875	0.0003625	0.793651	0
	0.557	0.00031875	0.00031875	0.78836	0
	0.558	0.00025625	0.00034375	0.783069	0
	0.559	0.00030625	0.00038125	0.783069	0
	0.56	0.000225	0.00031875	0.783069	0
	0.561	0.000275	0.00033125	0.777778	0
	0.562	0.00025	0.0003125	0.776596	0
	0.563	0.0003	0.0003375	0.776596	0
	0.564	0.00031875	0.00030625	0.771277	0
	0.565	0.00025625	0.0003	0.783784	0
	0.566	0.0002875	0.00025625	0.783784	0
	0.567	0.0003125	0.000325	0.778378	0
	0.568	0.0004	0.0002875	0.778378	0
	0.569	0.0002625	0.00031875	0.76087	0
	0.57	0.00029375	0.00038125	0.765027	0
	0.571	0.000325	0.00023125	0.759563	0
	0.572	0.00039375	0.0003	0.754098	0
	0.573	0.00035	0.0003375	0.754098	0
	0.574	0.000425	0.00028125	0.754098	0
	0.575	0.00041875	0.000325	0.756906	0
	0.576	0.00048125	0.00035625	0.756906	0
	0.577	0.0004875	0.00026875	0.751381	0
	0.578	0.0003875	0.00036875	0.75419	0
	0.579	0.00043125	0.000325	0.75419	0
	0.58	0.00038125	0.00034375	0.75419	0
	0.581	0.0004	0.00021875	0.748603	0
	0.582	0.0004375	0.0003875	0.743017	0
	0.583	0.00038125	0.00030625	0.743017	0
	0.584	0.00045625	0.00025625	0.743017	0
	0.585	0.00049375	0.00036875	0.73743	0
	0.586	0.0004625	0.00026875	0.73743	0
	0.587	0.00045625	0.00025625	0.741573	0
	0.588	0.0005125	0.0003125	0.735955	0
	0.589	0.0003875	0.00025	0.735955	0
	0.59	0.00036875	0.000275	0.735955	0
	0.591	0.00049375	0.00035625	0.735955	0
	0.592	0.0005125	0.00026875	0.735955	0
	0.593	0.0005	0.00034375	0.735955	0
	0.594	0.000475	0.0002625	0.735955	0
	0.595	0.0003625	0.000275	0.734463	0
	0.596	0.00039375	0.0002375	0.734463	0
	0.597	0.0004875	0.00026875	0.734463	0
	0.598	0.0004375	0.0002625	0.728814	0
	0.599	0.00043125	0.00025	0.732955	0
	0.6	0.00040625	0.00031875	0.737143	0
	0.601	0.00035	0.0003625	0.737143	0
	0.602	0.0004875	0.00025	0.75	0
	0.603	0.0004875	0.0003	0.75	0
	0.604	0.0004375	0.00028125	0.75	0
	0.605	0.00039375	0.00026875	0.75	0
	0.606	0.0003375	0.0002875	0.744186	0
	0.607	0.00036875	0.0002	0.748538	0
	0.608	0.000375	0.0002375	0.757396	0
	0.609	0.0003625	0.000275	0.761905	0
	0.61	0.00045	0.0003625	0.755952	0
	0.611	0.0003625	0.0002875	0.755952	0
	0.612	0.00033125	0.00033125	0.754491	0
	0.613	0.0003125	0.0002375	0.754491	0
	0.614	0.00031875	0.0002875	0.759036	0
	0.615	0.0002625	0.0002875	0.757576	0
	0.616	0.00021875	0.00021875	0.762195	0
	0.617	0.00029375	0.0002375	0.760736	0
	0.618	0.00026875	0.00023125	0.765432	0
	0.619	0.000275	0.0001625	0.763975	0
	0.62	0.0002625	0.00030625	0.751553	0
	0.621	0.000325	0.00025625	0.745342	0
	0.622	0.000275	0.0002375	0.745342	0
	0.623	0.00029375	0.0002625	0.745342	0
	0.624	0.00023125	0.00030625	0.754717	0
	0.625	0.00023125	0.0002875	0.751592	0
	0.626	0.0002	0.00030625	0.745223	0
	0.627	0.00025625	0.00023125	0.745223	0
	0.628	0.00021875	0.00024375	0.745223	0
	0.629	0.0002125	0.00025625	0.745223	0
	0.63	0.00024375	0.00023125	0.737179	0
	0.631	0.0002	0.0002875	0.746753	0
	0.632	0.000275	0.00028125	0.746753	0
	0.633	0.00023125	0.00026875	0.751634	0
	0.634	0.0002625	0.00021875	0.751634	0
	0.635	0.00020625	0.00020625	0.75	0
	0.636	0.000225	0.00025625	0.754967	0
	0.637	0.00023125	0.00028125	0.76	0
	0.638	0.0002625	0.00021875	0.76	0
	0.639	0.000225	0.00025	0.765101	0
	0.64	0.0002625	0.00029375	0.77027	0
	0.641	0.0002625	0.00026875	0.773973	0
	0.642	0.000275	0.00021875	0.77931	0
	0.643	0.0002875	0.0002875	0.777778	0
	0.644	0.00020625	0.000275	0.777778	0
	0.645	0.0003125	0.0002375	0.763889	0
	0.646	0.00031875	0.00025625	0.769231	0
	0.647	0.0002	0.00026875	0.77305	0
	0.648	0.00026875	0.0002125	0.765957	0
	0.649	0.0002875	0.00025	0.771429	0
	0.65	0.0002625	0.00019375	0.764286	0
	0.651	0.0003125	0.0002625	0.764286	0
	0.652	0.00028125	0.0002	0.76259	0
	0.653	0.00024375	0.0002125	0.755396	0
	0.654	0.00025	0.00023125	0.755396	0
	0.655	0.00024375	0.0002875	0.748201	0
	0.656	0.0003375	0.0002125	0.746377	0
	0.657	0.0002625	0.00025	0.744526	0
	0.658	0.000275	0.0003125	0.735294	0
	0.659	0.00030625	0.00025	0.740741	0
	0.66	0.0003625	0.00023125	0.733333	0
	0.661	0.00026875	0.0002375	0.738806	0
	0.662	0.000275	0.00021875	0.744361	0
	0.663	0.0002625	0.0001875	0.744361	0
	0.664	0.0003	0.0001875	0.744361	0
	0.665	0.00029375	0.0002375	0.736842	0
	0.666	0.000375	0.0002125	0.729323	0
	0.667	0.000275	0.000175	0.727273	0
	0.668	0.0003	0.0001625	0.719697	0
	0.669	0.0003375	0.00015	0.717557	0
	0.67	0.0002125	0.0001375	0.717557	0
	0.671	0.000425	0.000225	0.717557	0
	0.672	0.00029375	0.00020625	0.717557	0
	0.673	0.00038125	0.00021875	0.717557	0
	0.674	0.00029375	0.00024375	0.717557	0
	0.675	0.0004125	0.00018125	0.709924	0
	0.676	0.000275	0.0002	0.709924	0
	0.677	0.00035625	0.0002	0.707692	0
	0.678	0.00026875	0.00016875	0.705426	0
	0.679	0.00031875	0.00014375	0.710938	0
	0.68	0.00035625	0.00016875	0.710938	0
	0.681	0.0004	0.00011875	0.703125	0
	0.682	0.0003	0.0002	0.703125	0
	0.683	0.00026875	0.00018125	0.703125	0
	0.684	0.00036875	0.0002	0.703125	0
	0.685	0.00028125	0.00026875	0.708661	0
	0.686	0.0004125	0.00025625	0.708661	0
	0.687	0.00033125	0.00018125	0.714286	0
	0.688	0.00033125	0.0001875	0.731707	0
	0.689	0.00038125	0.0001375	0.723577	0
	0.69	0.0003	0.00014375	0.729508	0
	0.691	0.00036875	0.00016875	0.735537	0
	0.692	0.00044375	0.0001875	0.727273	0
	0.693	0.00035625	0.000175	0.727273	0
	0.694	0.0002875	0.00014375	0.727273	0
	0.695	0.0004	0.000175	0.733333	0
	0.696	0.00029375	0.00023125	0.739496	0
	0.697	0.0002875	0.0001375	0.731092	0
	0.698	0.000325	0.00021875	0.728814	0
	0.699	0.00028125	0.00011875	0.728814	0
	0.7	0.00035625	0.0001625	0.728814	0
	0.701	0.00029375	0.00019375	0.728814	0
	0.702	0.00028125	0.00021875	0.728814	0
	0.703	0.0003625	0.00020625	0.711864	0
	0.704	0.0002875	0.0002125	0.711864	0
	0.705	0.00036875	0.00020625	0.717949	0
	0.706	0.00028125	0.0001	0.721739	0
	0.707	0.0003375	0.000175	0.721739	0
	0.708	0.0002	0.00015625	0.721739	0
	0.709	0.0003125	0.00016875	0.72807	0
	0.71	0.0002875	0.00025625	0.716814	0
	0.711	0.00024375	0.00014375	0.699115	0
	0.712	0.000225	0.0002125	0.690265	0
	0.713	0.0002375	0.000175	0.690265	0
	0.714	0.00028125	0.000125	0.690265	0
	0.715	0.0002375	0.00015	0.6875	0
	0.716	0.00031875	0.0001625	0.693694	0
	0.717	0.00020625	0.00014375	0.693694	0
	0.718	0.00015625	0.0002	0.693694	0
	0.719	0.00020625	0.00015625	0.693694	0
	0.72	0.00023125	0.0001375	0.7	0
	0.721	0.000225	0.000175	0.7	0
	0.722	0.0002875	0.00016875	0.706422	0
	0.723	0.00025625	0.0001625	0.719626	0
	0.724	0.00024375	0.00018125	0.691589	0
	0.725	0.0002625	0.00024375	0.691589	0
	0.726	0.00028125	0.00019375	0.688679	0
	0.727	0.00026875	0.00010625	0.688679	0
	0.728	0.0002625	0.0001375	0.708738	0
	0.729	0.00025625	0.000125	0.715686	0
	0.73	0.00026875	0.00015625	0.715686	0
	0.731	0.000225	0.00018125	0.72	0
	0.732	0.00019375	0.0001375	0.71	0
	0.733	0.00025	0.00018125	0.7	0
	0.734	0.00033125	0.0001625	0.7	0
	0.735	0.0002625	0.000125	0.707071	0
	0.736	0.0003125	0.00011875	0.707071	0
	0.737	0.0002625	0.00015	0.729167	0
	0.738	0.0003125	0.0001	0.729167	0
	0.739	0.0002375	0.00011875	0.71875	0
	0.74	0.00026875	0.0001875	0.71875	0
	0.741	0.000225	0.00015	0.708333	0
	0.742	0.00026875	0.0001125	0.708333	0
	0.743	0.00023125	0.00011875	0.708333	0
	0.744	0.000325	0.00011875	0.708333	0
	0.745	0.00026875	0.000125	0.705263	0
	0.746	0.000275	0.0001125	0.694737	0
	0.747	0.00030625	0.00015625	0.694737	0
	0.748	0.00025	0.0001	0.694737	0
	0.749	0.0002875	0.0001125	0.702128	0
	0.75	0.00030625	9.375e-05	0.717391	0
	0.751	0.0003	0.0001125	0.717391	0
	0.752	0.0002625	0.00013125	0.717391	0
	0.753	0.00030625	0.000125	0.717391	0
	0.754	0.00029375	0.00011875	0.725275	0
	0.755	0.000275	0.0001	0.714286	0
	0.756	0.00023125	0.00010625	0.711111	0
	0.757	0.0002875	0.00011875	0.707865	0
	0.758	0.0002375	8.125e-05	0.707865	0
	0.759	0.00024375	0.0001625	0.707865	0
	0.76	0.00020625	0.0001	0.693182	0
	0.761	0.00023125	9.375e-05	0.693182	0
	0.762	0.00025	0.0001125	0.693182	0
	0.763	0.0003125	0.00011875	0.693182	0
	0.764	0.00023125	8.125e-05	0.701149	0
	0.765	0.0002375	0.0001125	0.701149	0
	0.766	0.00019375	9.375e-05	0.689655	0
	0.767	0.00025	0.0001125	0.689655	0
	0.768	0.000225	0.00013125	0.686047	0
	0.769	0.0001875	0.00013125	0.694118	0
	0.77	0.00019375	7.5e-05	0.678571	0
	0.771	0.0001625	5e-05	0.686747	0
	0.772	0.00025625	0.00011875	0.695122	0
	0.773	0.00023125	0.0001375	0.695122	0
	0.774	0.00025625	8.75e-05	0.695122	0
	0.775	0.00028125	0.000125	0.703704	0
	0.776	0.000275	0.0001	0.703704	0
	0.777	0.00026875	6.25e-05	0.7125	0
	0.778	0.00025	0.0001125	0.730769	0
	0.779	0.00021875	8.75e-05	0.717949	0
	0.78	0.000175	0.0001125	0.727273	0
	0.781	0.0002375	6.875e-05	0.727273	0
	0.782	0.00020625	8.75e-05	0.727273	0
	0.783	0.0002625	8.125e-05	0.723684	0
	0.784	0.0001875	7.5e-05	0.710526	0
	0.785	0.0002625	0.00010625	0.710526	0
	0.786	0.00026875	0.000125	0.684211	0
	0.787	0.00024375	0.00011875	0.684211	0
	0.788	0.0002	6.25e-05	0.684211	0
	0.789	0.0002	7.5e-05	0.644737	0
	0.79	0.00019375	0.00010625	0.631579	0
	0.791	0.00020625	8.75e-05	0.631579	0
	0.792	0.0002	0.00014375	0.631579	0
	0.793	0.0002625	9.375e-05	0.626667	0
	0.794	0.00024375	6.875e-05	0.608108	0
	0.795	0.00020625	4.375e-05	0.633803	0
	0.796	0.00020625	0.00010625	0.633803	0
	0.797	0.000275	8.75e-05	0.628571	0
	0.798	0.00026875	5.625e-05	0.614286	0
	0.799	0.00029375	9.375e-05	0.608696	0
	0.8	0.0002375	9.375e-05	0.617647	0
	0.801	0.00025625	0.00010625	0.617647	0
	0.802	0.000275	7.5e-05	0.602941	0
	0.803	0.00030625	5.625e-05	0.602941	0
	0.804	0.0002625	7.5e-05	0.602941	0
	0.805	0.00025	7.5e-05	0.588235	0
	0.806	0.00028125	8.125e-05	0.58209	0
	0.807	0.00030625	9.375e-05	0.590909	0
	0.808	0.00024375	0.0001	0.6	0
	0.809	0.0003125	8.125e-05	0.59375	0
	0.81	0.00031875	7.5e-05	0.5625	0
	0.811	0.00030625	0.00013125	0.5625	0
	0.812	0.0003375	8.125e-05	0.5625	0
	0.813	0.0003	6.25e-05	0.5625	0
	0.814	0.0004125	0.00011875	0.5625	0
	0.815	0.00035	9.375e-05	0.5625	0
	0.816	0.0003	8.125e-05	0.5625	0
	0.817	0.00030625	5e-05	0.5625	0
	0.818	0.0004	4.375e-05	0.555556	0
	0.819	0.00035	6.875e-05	0.539683	0
	0.82	0.00041875	6.875e-05	0.548387	0
	0.821	0.00035	8.125e-05	0.548387	0
	0.822	0.000425	4.375e-05	0.557377	0
	0.823	0.00035625	3.125e-05	0.540984	0
	0.824	0.00034375	7.5e-05	0.540984	0
	0.825	0.00041875	5.625e-05	0.55	0
	0.826	0.00029375	6.875e-05	0.559322	0
	0.827	0.00031875	8.75e-05	0.559322	0
	0.828	0.00041875	6.875e-05	0.559322	0
	0.829	0.00030625	6.875e-05	0.542373	0
	0.83	0.0003	4.375e-05	0.542373	0
	0.831	0.0003875	5e-05	0.542373	0
	0.832	0.0003125	6.875e-05	0.542373	0
	0.833	0.00034375	6.25e-05	0.542373	0
	0.834	0.00030625	6.875e-05	0.542373	0
	0.835	0.0002875	2.5e-05	0.542373	0
	0.836	0.00024375	6.875e-05	0.542373	0
	0.837	0.00026875	5e-05	0.551724	0
	0.838	0.0002375	5.625e-05	0.561404	0
	0.839	0.0002125	7.5e-05	0.571429	0
	0.84	0.0002	2.5e-05	0.571429	0
	0.841	0.000225	5.625e-05	0.571429	0
	0.842	0.00025625	5e-05	0.553571	0
	0.843	0.0002375	2.5e-05	0.553571	0
	0.844	0.00018125	4.375e-05	0.553571	0
	0.845	0.00019375	8.125e-05	0.553571	0
	0.846	0.00019375	4.375e-05	0.574074	0
	0.847	0.00023125	4.375e-05	0.574074	0
	0.848	0.00018125	4.375e-05	0.584906	0
	0.849	0.0001625	2.5e-05	0.62	0
	0.85	0.00014375	3.75e-05	0.591837	0
	0.851	0.00018125	5e-05	0.583333	0
	0.852	0.00019375	3.125e-05	0.586957	0
	0.853	0.0001	4.375e-05	0.6	0
	0.854	0.00013125	1.875e-05	0.6	0
	0.855	0.00016875	4.375e-05	0.577778	0
	0.856	0.00019375	6.875e-05	0.581395	0
	0.857	0.00021875	8.75e-05	0.595238	0
	0.858	0.0001125	1.875e-05	0.595238	0
	0.859	0.0001875	4.375e-05	0.595238	0
	0.86	0.00015625	1.25e-05	0.609756	0
	0.861	8.75e-05	5e-05	0.625	0
	0.862	9.375e-05	3.75e-05	0.6	0
	0.863	0.00018125	2.5e-05	0.6	0
	0.864	0.00013125	3.125e-05	0.631579	0
	0.865	0.00011875	6.875e-05	0.631579	0
	0.866	0.00014375	3.75e-05	0.605263	0
	0.867	0.00014375	4.375e-05	0.605263	0
	0.868	0.00018125	1.875e-05	0.605263	0
	0.869	0.00015	2.5e-05	0.578947	0
	0.87	0.000175	8.125e-05	0.578947	0
	0.871	0.0001875	5.625e-05	0.578947	0
	0.872	0.00019375	2.5e-05	0.578947	0
	0.873	0.00015	2.5e-05	0.578947	0
	0.874	0.00025625	1.25e-05	0.611111	0
	0.875	0.0002625	4.375e-05	0.611111	0
	0.876	0.0001625	1.875e-05	0.611111	0
	0.877	0.000175	2.5e-05	0.617647	0
	0.878	0.0002625	3.75e-05	0.617647	0
	0.879	0.0002375	3.125e-05	0.606061	0
	0.88	0.00023125	2.5e-05	0.606061	0
	0.881	0.0002125	1.875e-05	0.59375	0
	0.882	0.0001875	6.25e-06	0.59375	0
	0.883	0.00023125	3.75e-05	0.59375	0
	0.884	0.00024375	3.125e-05	0.59375	0
	0.885	0.0002	2.5e-05	0.59375	0
	0.886	0.00019375	8.125e-05	0.5625	0
	0.887	0.0002125	3.75e-05	0.5625	0
	0.888	0.00024375	1.25e-05	0.5625	0
	0.889	0.00021875	3.75e-05	0.5	0
	0.89	0.0002375	2.5e-05	0.5	0
	0.891	0.00015	1.875e-05	0.5	0
	0.892	0.00016875	2.5e-05	0.5	0
	0.893	0.00018125	1.25e-05	0.5	0
	0.894	0.00011875	1.25e-05	0.5	0
	0.895	0.00025	1.875e-05	0.516129	0
	0.896	0.000125	3.75e-05	0.516129	0
	0.897	0.0001875	3.75e-05	0.516129	0
	0.898	0.0001375	1.875e-05	0.551724	0
	0.899	0.00010625	3.125e-05	0.551724	0
	0.9	0.00020625	2.5e-05	0.571429	0
	0.901	0.0001375	1.875e-05	0.571429	0
	0.902	0.00015625	1.25e-05	0.535714	0
	0.903	0.00016875	1.25e-05	0.535714	0
	0.904	0.00014375	1.875e-05	0.535714	0
	0.905	0.00014375	1.25e-05	0.481481	0
	0.906	0.0001625	1.875e-05	0.52	0
	0.907	0.00010625	2.5e-05	0.52	0
	0.908	0.0001	6.25e-06	0.52	0
	0.909	0.0001375	6.25e-06	0.541667	0
	0.91	0.00015625	3.75e-05	0.541667	0
	0.911	0.00015	2.5e-05	0.5	0
	0.912	0.0001375	1.25e-05	0.521739	0
	0.913	0.0002375	6.25e-06	0.521739	0
	0.914	0.00015625	2.5e-05	0.545455	0
	0.915	0.00013125	3.125e-05	0.5	0
	0.916	0.0001375	1.875e-05	0.5	0
	0.917	0.0002	6.25e-06	0.5	0
	0.918	0.0001625	6.25e-06	0.454545	0
	0.919	0.0001625	1.25e-05	0.454545	0
	0.92	0.00011875	1.875e-05	0.454545	0
	0.921	0.0001125	1.875e-05	0.454545	0
	0.922	0.000175	6.25e-06	0.47619	0
	0.923	0.00015	1.25e-05	0.45	0
	0.924	0.000125	6.25e-06	0.473684	0
	0.925	0.000175	1.25e-05	0.473684	0
	0.926	0.00016875	0	0.473684	0
	0.927	0.00015	0	0.473684	0
	0.928	0.0001	6.25e-06	0.473684	0
	0.929	0.00025625	1.25e-05	0.473684	0
	0.93	0.00025	1.25e-05	0.5	0
	0.931	0.0002	3.125e-05	0.5	0
	0.932	0.00019375	1.875e-05	0.5	0
	0.933	0.00015	0	0.5	0
	0.934	0.00021875	1.25e-05	0.529412	0
	0.935	0.0002	6.25e-06	0.529412	0
	0.936	0.00013125	1.25e-05	0.529412	0
	0.937	0.0002125	6.25e-06	0.529412	0
	0.938	0.0002125	1.875e-05	0.470588	0
	0.939	0.00014375	0	0.411765	0
	0.94	0.00023125	0	0.411765	0
	0.941	0.00015625	6.25e-06	0.4375	0
	0.942	0.00018125	0	0.4375	0
	0.943	9.375e-05	0	0.4375	0
	0.944	9.375e-05	1.25e-05	0.466667	0
	0.945	0.0001875	6.25e-06	0.466667	0
	0.946	0.000125	6.25e-06	0.466667	0
	0.947	5e-05	1.25e-05	0.4	0
	0.948	0.0001375	0	0.428571	0
	0.949	8.75e-05	0	0.428571	0
	0.95	0.00011875	6.25e-06	0.428571	0
	0.951	0.00010625	1.875e-05	0.428571	0
	0.952	0.0001	0	0.461538	0
	0.953	0.0001	2.5e-05	0.5	0
	0.954	9.375e-05	0	0.416667	0
	0.955	9.375e-05	0	0.454545	0
	0.956	0.0001	1.25e-05	0.454545	0
	0.957	0.00010625	6.25e-06	0.5	0
	0.958	6.25e-05	6.25e-06	0.555556	0
	0.959	0.0001	0	0.555556	0
	0.96	0.00010625	6.25e-06	0.555556	0
	0.961	8.125e-05	6.25e-06	0.555556	0
	0.962	0.00011875	0	0.555556	0
	0.963	5.625e-05	6.25e-06	0.555556	0
	0.964	0.0001	0	0.555556	0
	0.965	5e-05	0	0.555556	0
	0.966	6.875e-05	0	0.555556	0
	0.967	0.000125	0	0.555556	0
	0.968	5.625e-05	0	0.5	0
	0.969	7.5e-05	0	0.571429	0
	0.97	5e-05	0	0.571429	0
	0.971	8.75e-05	6.25e-06	0.571429	0
	0.972	5.625e-05	0	0.571429	0
	0.973	7.5e-05	6.25e-06	0.571429	0
	0.974	5.625e-05	0	0.5	0
	0.975	7.5e-05	0	0.5	0
	0.976	6.875e-05	0	0.5	0
	0.977	6.875e-05	0	0.5	0
	0.978	0.00010625	0	0.5	0
	0.979	9.375e-05	0	0.5	0
	0.98	8.75e-05	0	0.5	0
	0.981	6.25e-05	6.25e-06	0.5	0
	0.982	0.000125	1.25e-05	0.6	0
	0.983	0.00011875	0	0.6	0
	0.984	0.0001	6.25e-06	0.6	0
	0.985	5e-05	0	0.6	0
	0.986	8.125e-05	0	0.6	0
	0.987	5.625e-05	0	0.6	0
	0.988	3.75e-05	1.25e-05	0.6	0
	0.989	1.25e-05	0	0.6	0
	0.99	6.25e-06	6.25e-06	0.6	0
	0.991	0	0	0.75	0
	0.992	6.25e-06	0	0.75	0
	0.993	6.25e-06	0	0.75	0
	0.994	1.25e-05	0	1	0
	0.995	9.375e-05	0	0.666667	0
	0.996	6.875e-05	0	0.666667	0
	0.997	0.00014375	0	0.666667	0
	0.998	0.00033125	0	0	0
	0.999	0.0005375	0	0	0
	1	0.0006875	0	0	0


#	yrange	sparsity	# links	zeta	support at cross	fraction FP
	0	0.21375	342	0.00175888	0.852	0.108802
	0.3	0.21375	342	0.00175888	0.852	0.108802
