#	Frequencies and overlap
#	bins	MYC	shuffle	overlap_MYC	overlap_shuffle
	0	0.401938	0.423581	0.921292	0
	0.001	0	0	0.921292	0
	0.002	0	0	0.921292	0
	0.003	0	0	0.921292	0
	0.004	0	0	0.921292	0
	0.005	0	0	0.921292	0
	0.006	0	0	0.921292	0
	0.007	0	0	0.921292	0
	0.008	0	0	0.921292	0
	0.009	0	0	0.921292	0
	0.01	0	0	0.921292	0
	0.011	0	0	0.921292	0
	0.012	0	0	0.921292	0
	0.013	0	0	0.921292	0
	0.014	0	0	0.921292	0
	0.015	0	0	0.921292	0
	0.016	0	0	0.921292	0
	0.017	0	0	0.921292	0
	0.018	0	0	0.921292	0
	0.019	0	0	0.921292	0
	0.02	0	0	0.921292	0
	0.021	0	0	0.921292	0
	0.022	0	0	0.921292	0
	0.023	0	0	0.921292	0
	0.024	0	0	0.921292	0
	0.025	0	0	0.921292	0
	0.026	0	0	0.921292	0
	0.027	0	0	0.921292	0
	0.028	0	0	0.921292	0
	0.029	0	0	0.921292	0
	0.03	0	0	0.921292	0
	0.031	0	0	0.921292	0
	0.032	0	0	0.921292	0
	0.033	0	0	0.921292	0
	0.034	0	0	0.921292	0
	0.035	0	0	0.921292	0
	0.036	0	0	0.921292	0
	0.037	0	0	0.921292	0
	0.038	0	0	0.921292	0
	0.039	0	0	0.921292	0
	0.04	0	0	0.921292	0
	0.041	0	0	0.921292	0
	0.042	0	0	0.921292	0
	0.043	0	0	0.921292	0
	0.044	0	0	0.921292	0
	0.045	0	0	0.921292	0
	0.046	0	0	0.921292	0
	0.047	0	0	0.921292	0
	0.048	0	0	0.921292	0
	0.049	0	0	0.921292	0
	0.05	0	0	0.921292	0
	0.051	0	0	0.921292	0
	0.052	0	0	0.921292	0
	0.053	0	0	0.921292	0
	0.054	0	0	0.921292	0
	0.055	0	0	0.921292	0
	0.056	0	0	0.921292	0
	0.057	0	0	0.921292	0
	0.058	0	0	0.921292	0
	0.059	0	0	0.921292	0
	0.06	0	0	0.921292	0
	0.061	0	0	0.921292	0
	0.062	0	0	0.921292	0
	0.063	6.25e-06	0	0.921292	0
	0.064	0	0	0.920283	0
	0.065	6.25e-06	0	0.920283	0
	0.066	0	0	0.920283	0
	0.067	6.25e-06	0	0.920283	0
	0.068	1.25e-05	0	0.920283	0
	0.069	0	0	0.920283	0
	0.07	6.25e-06	0	0.920283	0
	0.071	6.25e-06	0	0.920283	0
	0.072	0	0	0.920283	0
	0.073	0	0	0.920283	0
	0.074	6.25e-06	0	0.920283	0
	0.075	3.125e-05	0	0.920283	0
	0.076	6.25e-06	0	0.920283	0
	0.077	6.25e-06	0	0.920283	0
	0.078	2.5e-05	0	0.920283	0
	0.079	1.25e-05	0	0.920283	0
	0.08	1.25e-05	0	0.920283	0
	0.081	6.25e-06	0	0.920283	0
	0.082	1.25e-05	0	0.920283	0
	0.083	2.5e-05	0	0.920283	0
	0.084	1.25e-05	0	0.920283	0
	0.085	2.5e-05	0	0.920283	0
	0.086	1.25e-05	0	0.920283	0
	0.087	1.25e-05	0	0.920283	0
	0.088	1.25e-05	0	0.920283	0
	0.089	3.75e-05	0	0.920283	0
	0.09	3.125e-05	0	0.920283	0
	0.091	2.5e-05	0	0.920283	0
	0.092	3.75e-05	0	0.920283	0
	0.093	1.875e-05	0	0.920283	0
	0.094	3.125e-05	0	0.920283	0
	0.095	3.125e-05	0	0.920283	0
	0.096	2.5e-05	0	0.920283	0
	0.097	1.875e-05	0	0.920283	0
	0.098	2.5e-05	0	0.920283	0
	0.099	1.875e-05	0	0.920283	0
	0.1	1.875e-05	0	0.920283	0
	0.101	1.25e-05	0	0.920283	0
	0.102	6.25e-06	0	0.920283	0
	0.103	0	0	0.920283	0
	0.104	0	0	0.920283	0
	0.105	6.25e-06	0	0.920283	0
	0.106	0	0	0.920283	0
	0.107	0	0	0.920283	0
	0.108	6.25e-06	0	0.920283	0
	0.109	0	0	0.920283	0
	0.11	0	0	0.920283	0
	0.111	6.25e-06	0	0.920283	0
	0.112	6.25e-06	0	0.920283	0
	0.113	0	0	0.921212	0
	0.114	0	0	0.921212	0
	0.115	0	0	0.921212	0
	0.116	0	0	0.921212	0
	0.117	0	0	0.921212	0
	0.118	0	0	0.921212	0
	0.119	0	0	0.921212	0
	0.12	0	0	0.921212	0
	0.121	0	0	0.921212	0
	0.122	0	0	0.921212	0
	0.123	6.25e-06	0	0.921212	0
	0.124	0	0	0.920202	0
	0.125	0	0	0.920202	0
	0.126	0	0	0.920202	0
	0.127	0	0	0.920202	0
	0.128	6.25e-06	0	0.920202	0
	0.129	6.25e-06	0	0.920202	0
	0.13	6.25e-06	0	0.920202	0
	0.131	2.5e-05	0	0.920202	0
	0.132	6.25e-06	0	0.920202	0
	0.133	6.25e-06	0	0.920202	0
	0.134	1.25e-05	0	0.920202	0
	0.135	1.875e-05	0	0.920202	0
	0.136	1.875e-05	0	0.920202	0
	0.137	2.5e-05	0	0.920202	0
	0.138	1.25e-05	0	0.920202	0
	0.139	1.875e-05	0	0.920202	0
	0.14	1.875e-05	0	0.920202	0
	0.141	1.875e-05	0	0.920202	0
	0.142	1.25e-05	0	0.920202	0
	0.143	2.5e-05	0	0.920202	0
	0.144	1.25e-05	0	0.920202	0
	0.145	1.875e-05	0	0.920202	0
	0.146	3.75e-05	0	0.920202	0
	0.147	3.75e-05	0	0.920202	0
	0.148	1.25e-05	0	0.920202	0
	0.149	2.5e-05	0	0.920202	0
	0.15	3.125e-05	0	0.920202	0
	0.151	2.5e-05	0	0.920202	0
	0.152	2.5e-05	0	0.920202	0
	0.153	3.125e-05	0	0.919192	0
	0.154	2.5e-05	0	0.919192	0
	0.155	1.875e-05	0	0.919192	0
	0.156	1.25e-05	0	0.919192	0
	0.157	1.25e-05	0	0.919192	0
	0.158	6.25e-06	0	0.919192	0
	0.159	6.25e-06	0	0.919192	0
	0.16	0	0	0.919192	0
	0.161	6.25e-06	0	0.919192	0
	0.162	6.25e-06	0	0.919192	0
	0.163	0	0	0.919192	0
	0.164	6.25e-06	0	0.919192	0
	0.165	0	0	0.919192	0
	0.166	1.25e-05	0	0.919192	0
	0.167	6.25e-06	0	0.919192	0
	0.168	1.875e-05	0	0.919192	0
	0.169	1.25e-05	0	0.919192	0
	0.17	1.25e-05	0	0.919192	0
	0.171	6.25e-06	0	0.919192	0
	0.172	6.25e-06	0	0.919192	0
	0.173	1.25e-05	0	0.919192	0
	0.174	6.25e-06	0	0.919192	0
	0.175	2.5e-05	0	0.919192	0
	0.176	6.25e-06	0	0.920121	0
	0.177	0	0	0.920121	0
	0.178	4.375e-05	0	0.920121	0
	0.179	6.25e-06	0	0.920121	0
	0.18	3.125e-05	0	0.920121	0
	0.181	1.25e-05	0	0.920121	0
	0.182	1.25e-05	0	0.920121	0
	0.183	2.5e-05	0	0.920121	0
	0.184	1.875e-05	0	0.920121	0
	0.185	3.125e-05	0	0.920121	0
	0.186	2.5e-05	0	0.920121	0
	0.187	1.875e-05	0	0.920121	0
	0.188	3.75e-05	0	0.920121	0
	0.189	1.25e-05	0	0.920121	0
	0.19	3.75e-05	0	0.920121	0
	0.191	1.875e-05	0	0.920121	0
	0.192	2.5e-05	0	0.920121	0
	0.193	1.25e-05	0	0.920121	0
	0.194	6.25e-06	0	0.920121	0
	0.195	6.25e-06	0	0.920121	0
	0.196	6.25e-06	0	0.920121	0
	0.197	3.75e-05	0	0.920121	0
	0.198	1.25e-05	0	0.920121	0
	0.199	6.25e-06	0	0.920121	0
	0.2	1.875e-05	0	0.920121	0
	0.201	2.5e-05	0	0.920121	0
	0.202	1.25e-05	0	0.91911	0
	0.203	1.875e-05	0	0.91911	0
	0.204	1.875e-05	0	0.91911	0
	0.205	0	0	0.91911	0
	0.206	1.875e-05	0	0.91911	0
	0.207	1.875e-05	0	0.91911	0
	0.208	6.25e-06	0	0.91911	0
	0.209	1.25e-05	0	0.91911	0
	0.21	1.25e-05	0	0.91911	0
	0.211	1.25e-05	0	0.91911	0
	0.212	1.25e-05	0	0.91911	0
	0.213	3.75e-05	0	0.91911	0
	0.214	1.25e-05	0	0.91911	0
	0.215	1.25e-05	0	0.91911	0
	0.216	1.875e-05	0	0.91911	0
	0.217	3.75e-05	0	0.91911	0
	0.218	6.25e-06	0	0.92004	0
	0.219	1.25e-05	0	0.92004	0
	0.22	3.125e-05	0	0.92004	0
	0.221	6.25e-06	0	0.92004	0
	0.222	3.125e-05	0	0.92004	0
	0.223	2.5e-05	0	0.92004	0
	0.224	2.5e-05	0	0.919028	0
	0.225	1.875e-05	0	0.919028	0
	0.226	2.5e-05	0	0.919028	0
	0.227	3.75e-05	0	0.919028	0
	0.228	2.5e-05	0	0.919028	0
	0.229	2.5e-05	0	0.919028	0
	0.23	2.5e-05	0	0.919028	0
	0.231	2.5e-05	0	0.919028	0
	0.232	5.625e-05	0	0.919028	0
	0.233	3.125e-05	0	0.919028	0
	0.234	4.375e-05	0	0.919028	0
	0.235	4.375e-05	0	0.919959	0
	0.236	1.875e-05	0	0.919959	0
	0.237	1.25e-05	0	0.919959	0
	0.238	3.75e-05	0	0.919959	0
	0.239	1.875e-05	0	0.919959	0
	0.24	3.75e-05	0	0.919959	0
	0.241	3.125e-05	0	0.919959	0
	0.242	1.25e-05	0	0.919959	0
	0.243	3.125e-05	0	0.919959	0
	0.244	2.5e-05	0	0.919959	0
	0.245	3.125e-05	0	0.919959	0
	0.246	4.375e-05	0	0.919959	0
	0.247	1.875e-05	0	0.919959	0
	0.248	4.375e-05	0	0.919959	0
	0.249	5e-05	0	0.919959	0
	0.25	3.125e-05	0	0.918946	0
	0.251	3.125e-05	0	0.918946	0
	0.252	6.875e-05	0	0.918946	0
	0.253	4.375e-05	0	0.918946	0
	0.254	4.375e-05	0	0.918946	0
	0.255	4.375e-05	0	0.918946	0
	0.256	3.125e-05	0	0.918946	0
	0.257	3.125e-05	0	0.917933	0
	0.258	5e-05	0	0.917933	0
	0.259	2.5e-05	0	0.917933	0
	0.26	5e-05	0	0.917933	0
	0.261	3.75e-05	0	0.917933	0
	0.262	6.25e-05	0	0.917933	0
	0.263	5e-05	0	0.917933	0
	0.264	3.125e-05	0	0.917933	0
	0.265	5.625e-05	0	0.917933	0
	0.266	8.75e-05	0	0.917933	0
	0.267	9.375e-05	0	0.918864	0
	0.268	4.375e-05	0	0.918864	0
	0.269	5e-05	0	0.918864	0
	0.27	5e-05	0	0.918864	0
	0.271	5e-05	0	0.91785	0
	0.272	3.75e-05	0	0.91785	0
	0.273	5.625e-05	0	0.918782	0
	0.274	8.125e-05	0	0.917766	0
	0.275	8.75e-05	0	0.917766	0
	0.276	7.5e-05	0	0.917766	0
	0.277	8.75e-05	0	0.917766	0
	0.278	5e-05	0	0.917766	0
	0.279	5.625e-05	0	0.917766	0
	0.28	6.25e-05	0	0.918699	0
	0.281	0.0001125	0	0.918699	0
	0.282	0.00011875	0	0.918699	0
	0.283	8.125e-05	0	0.918699	0
	0.284	6.875e-05	0	0.918699	0
	0.285	8.75e-05	0	0.918699	0
	0.286	0.00011875	0	0.918699	0
	0.287	0.0001375	0	0.918699	0
	0.288	9.375e-05	0	0.918699	0
	0.289	8.125e-05	0	0.918699	0
	0.29	8.125e-05	0	0.917683	0
	0.291	0.000125	0	0.917683	0
	0.292	8.125e-05	0	0.917683	0
	0.293	7.5e-05	0	0.917683	0
	0.294	8.125e-05	0	0.917683	0
	0.295	0.00016875	0	0.919552	0
	0.296	6.875e-05	0	0.919552	0
	0.297	0.00013125	0	0.919552	0
	0.298	0.0001625	0	0.918534	0
	0.299	0.00015	0	0.918534	0
	0.3	0.0001375	0	0.918534	0
	0.301	0.0001125	0	0.918534	0
	0.302	0.00011875	0	0.918534	0
	0.303	0.000175	0	0.917515	0
	0.304	0.00019375	0	0.917515	0
	0.305	0.0001375	0	0.918367	0
	0.306	0.00014375	0	0.918367	0
	0.307	0.0001125	0	0.918367	0
	0.308	0.0001875	0	0.918367	0
	0.309	0.00016875	0	0.918367	0
	0.31	0.000175	0	0.917347	0
	0.311	0.0001125	0	0.916327	0
	0.312	0.000225	0	0.916327	0
	0.313	0.0001875	0	0.916327	0
	0.314	0.00014375	0	0.916327	0
	0.315	0.00023125	0	0.917263	0
	0.316	0.0001875	0	0.9182	0
	0.317	0.0002125	0	0.9182	0
	0.318	0.000125	0	0.9182	0
	0.319	0.00018125	0	0.9182	0
	0.32	0.00013125	0	0.9182	0
	0.321	0.0001375	0	0.9182	0
	0.322	0.0001875	0	0.9182	0
	0.323	0.0001875	0	0.917178	0
	0.324	0.0002	0	0.917178	0
	0.325	0.00020625	0	0.916155	0
	0.326	0.0002	0	0.917093	0
	0.327	0.00015	0	0.91607	0
	0.328	0.000125	0	0.917008	0
	0.329	0.0001625	0	0.917008	0
	0.33	0.00021875	0	0.917008	0
	0.331	0.0001875	0	0.917008	0
	0.332	0.000225	0	0.917008	0
	0.333	0.00020625	0	0.915897	0
	0.334	0.0002125	0	0.915897	0
	0.335	0.00024375	0	0.916838	0
	0.336	0.0002125	0	0.915811	0
	0.337	0.0002375	0	0.915811	0
	0.338	0.00016875	0	0.915725	0
	0.339	0.00020625	0	0.915725	0
	0.34	0.000175	0	0.914697	0
	0.341	0.0002625	0	0.915638	0
	0.342	0.00020625	0	0.918473	0
	0.343	0.00023125	0	0.918473	0
	0.344	0.00019375	0	0.919421	0
	0.345	0.00021875	0	0.919421	0
	0.346	0.000275	0	0.919421	0
	0.347	0.00026875	0	0.919421	0
	0.348	0.0002625	0	0.919421	0
	0.349	0.000275	0	0.919421	0
	0.35	0.00034375	0	0.919421	0
	0.351	0.00025625	0	0.917355	0
	0.352	0.00031875	0	0.917355	0
	0.353	0.00021875	0	0.91727	0
	0.354	0.000225	0	0.91727	0
	0.355	0.0001875	0	0.91727	0
	0.356	0.000275	0	0.916236	0
	0.357	0.00024375	0	0.916236	0
	0.358	0.00026875	0	0.916236	0
	0.359	0.0003625	0	0.918135	0
	0.36	0.00023125	0	0.918135	0
	0.361	0.00023125	0	0.91805	0
	0.362	0.00034375	0	0.91805	0
	0.363	0.00030625	0	0.91805	0
	0.364	0.0001875	0	0.919003	0
	0.365	0.00021875	0	0.917965	0
	0.366	0.00015625	0	0.917879	0
	0.367	0.00019375	0	0.918835	0
	0.368	0.00025	0	0.918835	0
	0.369	0.00026875	0	0.917708	0
	0.37	0.00030625	0	0.916667	0
	0.371	0.0003625	6.25e-06	0.916667	0
	0.372	0.0003125	0	0.91858	0
	0.373	0.00025	0	0.918495	0
	0.374	0.0002375	0	0.91841	0
	0.375	0.00020625	0	0.91841	0
	0.376	0.00029375	0	0.91841	0
	0.377	0.00030625	0	0.91841	0
	0.378	0.00024375	0	0.916318	0
	0.379	0.00033125	6.25e-06	0.916318	0
	0.38	0.00030625	0	0.916318	0
	0.381	0.00029375	0	0.91623	0
	0.382	0.00033125	0	0.915183	0
	0.383	0.0002375	0	0.915183	0
	0.384	0.00026875	0	0.914046	0
	0.385	0.000325	6.25e-06	0.914046	0
	0.386	0.00031875	0	0.91195	0
	0.387	0.000375	0	0.91195	0
	0.388	0.000375	0	0.910901	0
	0.389	0.0002625	0	0.909853	0
	0.39	0.000425	0	0.910808	0
	0.391	0.0004375	0	0.908709	0
	0.392	0.00040625	6.25e-06	0.909569	0
	0.393	0.00043125	0	0.908517	0
	0.394	0.0003375	0	0.908421	0
	0.395	0.0004	0	0.907368	0
	0.396	0.00040625	0	0.905263	0
	0.397	0.00055625	0	0.903158	0
	0.398	0.00046875	0	0.902105	0
	0.399	0.0004	6.25e-06	0.9	0
	0.4	0.0003875	1.875e-05	0.898841	0
	0.401	0.00044375	1.875e-05	0.899789	0
	0.402	0.00041875	1.25e-05	0.900739	0
	0.403	0.000425	0	0.900634	0
	0.404	0.00045625	1.25e-05	0.901587	0
	0.405	0.00045	1.25e-05	0.900529	0
	0.406	0.0005125	1.25e-05	0.900529	0
	0.407	0.0005375	6.25e-06	0.898413	0
	0.408	0.00045	1.25e-05	0.898305	0
	0.409	0.00050625	1.875e-05	0.898305	0
	0.41	0.000625	3.125e-05	0.899151	0
	0.411	0.00059375	2.5e-05	0.897872	0
	0.412	0.0006125	3.75e-05	0.899787	0
	0.413	0.0006125	3.75e-05	0.900747	0
	0.414	0.00074375	6.25e-05	0.898504	0
	0.415	0.00056875	6.875e-05	0.897436	0
	0.416	0.00064375	5e-05	0.898396	0
	0.417	0.000675	7.5e-05	0.896146	0
	0.418	0.000725	6.25e-05	0.895075	0
	0.419	0.000625	0.00010625	0.896996	0
	0.42	0.0006625	9.375e-05	0.897959	0
	0.421	0.0006875	6.25e-05	0.898925	0
	0.422	0.00075	0.00010625	0.898816	0
	0.423	0.00063125	0.00015625	0.899676	0
	0.424	0.00078125	0.00013125	0.897519	0
	0.425	0.0008	0.00011875	0.898488	0
	0.426	0.0007875	0.00016875	0.896104	0
	0.427	0.00075	0.00019375	0.895991	0
	0.428	0.00085	0.000175	0.896963	0
	0.429	0.000675	0.00028125	0.896963	0
	0.43	0.0006875	0.000175	0.895879	0
	0.431	0.0007375	0.0002125	0.895765	0
	0.432	0.0007125	0.0002625	0.89468	0
	0.433	0.000825	0.000225	0.89468	0
	0.434	0.00060625	0.00023125	0.896627	0
	0.435	0.00074375	0.00029375	0.896514	0
	0.436	0.00079375	0.0003375	0.898472	0
	0.437	0.00070625	0.00034375	0.899454	0
	0.438	0.000725	0.00029375	0.899454	0
	0.439	0.0008625	0.00034375	0.901424	0
	0.44	0.00080625	0.00035625	0.902412	0
	0.441	0.00080625	0.00036875	0.902412	0
	0.442	0.0009625	0.00040625	0.901316	0
	0.443	0.0006875	0.0005	0.90319	0
	0.444	0.00089375	0.000525	0.90099	0
	0.445	0.00073125	0.0004875	0.903974	0
	0.446	0.0007625	0.0004875	0.903867	0
	0.447	0.00085	0.00066875	0.902762	0
	0.448	0.00075	0.0006875	0.902762	0
	0.449	0.00073125	0.00059375	0.902655	0
	0.45	0.00058125	0.00076875	0.902655	0
	0.451	0.0007	0.00075	0.901549	0
	0.452	0.0008	0.000725	0.899336	0
	0.453	0.00076875	0.000725	0.900222	0
	0.454	0.000675	0.0007875	0.899113	0
	0.455	0.00084375	0.00081875	0.898004	0
	0.456	0.00068125	0.0007875	0.896896	0
	0.457	0.00064375	0.0009375	0.897891	0
	0.458	0.00075625	0.0009	0.897778	0
	0.459	0.00073125	0.00079375	0.896552	0
	0.46	0.00065625	0.00089375	0.895206	0
	0.461	0.00059375	0.00094375	0.895089	0
	0.462	0.00073125	0.0011375	0.897092	0
	0.463	0.0007875	0.000925	0.894855	0
	0.464	0.0007	0.001075	0.892617	0
	0.465	0.00066875	0.00105	0.89038	0
	0.466	0.00075	0.0009625	0.891256	0
	0.467	0.0006625	0.00103125	0.893258	0
	0.468	0.00071875	0.0010125	0.895152	0
	0.469	0.00070625	0.00110625	0.897059	0
	0.47	0.00059375	0.00093125	0.896825	0
	0.471	0.00059375	0.000925	0.898864	0
	0.472	0.00068125	0.0011125	0.898633	0
	0.473	0.0005375	0.0010625	0.900571	0
	0.474	0.00056875	0.00110625	0.900571	0
	0.475	0.00058125	0.00124375	0.899314	0
	0.476	0.0006125	0.0010875	0.899198	0
	0.477	0.00064375	0.00128125	0.897936	0
	0.478	0.00064375	0.00134375	0.897936	0
	0.479	0.00063125	0.0011625	0.9	0
	0.48	0.00055	0.00111875	0.902074	0
	0.481	0.00058125	0.0012625	0.902074	0
	0.482	0.00065	0.00108125	0.905202	0
	0.483	0.00054375	0.0011	0.903712	0
	0.484	0.0006	0.00111875	0.901392	0
	0.485	0.00063125	0.00113125	0.897912	0
	0.486	0.0006	0.0011	0.897793	0
	0.487	0.000575	0.00113125	0.896512	0
	0.488	0.0005375	0.00108125	0.897436	0
	0.489	0.00053125	0.0010875	0.897196	0
	0.49	0.00060625	0.000975	0.899179	0
	0.491	0.0006	0.00105625	0.897767	0
	0.492	0.00068125	0.00114375	0.902007	0
	0.493	0.00054375	0.001	0.898465	0
	0.494	0.00055	0.00119375	0.894923	0
	0.495	0.0006375	0.00114375	0.894799	0
	0.496	0.00055	0.00121875	0.894675	0
	0.497	0.00068125	0.001075	0.896675	0
	0.498	0.00068125	0.0012375	0.897741	0
	0.499	0.0005875	0.00124375	0.896429	0
	0.5	0.000625	0.0010375	0.897497	0
	0.501	0.00056875	0.001025	0.897375	0
	0.502	0.0007375	0.00115625	0.897375	0
	0.503	0.00064375	0.00115625	0.898447	0
	0.504	0.00075625	0.0012375	0.897129	0
	0.505	0.00071875	0.00109375	0.895933	0
	0.506	0.00071875	0.0011375	0.894484	0
	0.507	0.0006875	0.00096875	0.894358	0
	0.508	0.00081875	0.0011625	0.894358	0
	0.509	0.00064375	0.00118125	0.894231	0
	0.51	0.00078125	0.00119375	0.894231	0
	0.511	0.00065625	0.00110625	0.8929	0
	0.512	0.00068125	0.00118125	0.892642	0
	0.513	0.000675	0.0011125	0.8948	0
	0.514	0.0007375	0.00114375	0.894545	0
	0.515	0.00069375	0.0011	0.892121	0
	0.516	0.0007875	0.00105	0.893204	0
	0.517	0.00068125	0.00124375	0.89199	0
	0.518	0.00085625	0.0011375	0.893074	0
	0.519	0.000775	0.00119375	0.890644	0
	0.52	0.00073125	0.00110625	0.890644	0
	0.521	0.00075625	0.00106875	0.889429	0
	0.522	0.00068125	0.001175	0.892683	0
	0.523	0.00076875	0.00140625	0.892683	0
	0.524	0.0006625	0.00110625	0.892552	0
	0.525	0.000775	0.00120625	0.896933	0
	0.526	0.000775	0.00124375	0.896806	0
	0.527	0.00075	0.00123125	0.897909	0
	0.528	0.00080625	0.0010875	0.9	0
	0.529	0.00074375	0.00099375	0.897404	0
	0.53	0.00070625	0.00109375	0.898389	0
	0.531	0.000725	0.0012	0.899379	0
	0.532	0.00075625	0.00128125	0.898137	0
	0.533	0.00066875	0.001275	0.895652	0
	0.534	0.0006625	0.00118125	0.895652	0
	0.535	0.00071875	0.00114375	0.89441	0
	0.536	0.00071875	0.00123125	0.895522	0
	0.537	0.00085	0.0011625	0.895522	0
	0.538	0.00065	0.0011625	0.896638	0
	0.539	0.0006875	0.00135	0.895392	0
	0.54	0.00069375	0.0010625	0.892902	0
	0.541	0.0006125	0.00115625	0.892768	0
	0.542	0.0007875	0.0011375	0.895	0
	0.543	0.00073125	0.00118125	0.89375	0
	0.544	0.0006875	0.00108125	0.894737	0
	0.545	0.00068125	0.0012	0.893484	0
	0.546	0.00060625	0.0011375	0.895729	0
	0.547	0.00065	0.00105	0.895729	0
	0.548	0.00068125	0.00110625	0.896855	0
	0.549	0.000625	0.00103125	0.895466	0
	0.55	0.0006	0.00125625	0.896465	0
	0.551	0.00060625	0.00114375	0.898734	0
	0.552	0.00065625	0.00120625	0.899491	0
	0.553	0.000525	0.001075	0.899491	0
	0.554	0.00060625	0.00115625	0.899363	0
	0.555	0.00064375	0.00105625	0.899363	0
	0.556	0.0006	0.0011375	0.896815	0
	0.557	0.00055	0.00124375	0.895541	0
	0.558	0.0005875	0.00114375	0.9	0
	0.559	0.00055	0.00114375	0.897436	0
	0.56	0.000675	0.00113125	0.897436	0
	0.561	0.0006125	0.001125	0.897172	0
	0.562	0.0006125	0.0011875	0.898327	0
	0.563	0.000675	0.0010875	0.89704	0
	0.564	0.00049375	0.00123125	0.898065	0
	0.565	0.0005125	0.0010875	0.899225	0
	0.566	0.00068125	0.00131875	0.899094	0
	0.567	0.00060625	0.00130625	0.898964	0
	0.568	0.00054375	0.0011	0.901299	0
	0.569	0.00045625	0.00121875	0.902471	0
	0.57	0.00056875	0.00116875	0.901042	0
	0.571	0.0006625	0.001325	0.899478	0
	0.572	0.00050625	0.0012	0.899346	0
	0.573	0.000525	0.00113125	0.897906	0
	0.574	0.00055625	0.00100625	0.896461	0
	0.575	0.0005875	0.00100625	0.894737	0
	0.576	0.0005125	0.001075	0.891963	0
	0.577	0.000575	0.00133125	0.892999	0
	0.578	0.000575	0.00120625	0.892999	0
	0.579	0.000525	0.00139375	0.891391	0
	0.58	0.00056875	0.0011375	0.891247	0
	0.581	0.0006125	0.00131875	0.891102	0
	0.582	0.00056875	0.00115625	0.892287	0
	0.583	0.00060625	0.00121875	0.892144	0
	0.584	0.00051875	0.00125625	0.894526	0
	0.585	0.00064375	0.00128125	0.896783	0
	0.586	0.00054375	0.00120625	0.897987	0
	0.587	0.00065	0.00125	0.897987	0
	0.588	0.0005875	0.0012375	0.896644	0
	0.589	0.00059375	0.001125	0.896505	0
	0.59	0.00055625	0.0011375	0.893817	0
	0.591	0.0006	0.0011625	0.892473	0
	0.592	0.00059375	0.0010375	0.894879	0
	0.593	0.00058125	0.0011625	0.896086	0
	0.594	0.000625	0.00113125	0.898374	0
	0.595	0.00055	0.00121875	0.894309	0
	0.596	0.0006125	0.00115	0.894309	0
	0.597	0.0007875	0.0011875	0.890095	0
	0.598	0.000625	0.00134375	0.889946	0
	0.599	0.00069375	0.0010875	0.887228	0
	0.6	0.00060625	0.0011625	0.885714	0
	0.601	0.0006875	0.00135	0.882993	0
	0.602	0.00065625	0.00135625	0.880272	0
	0.603	0.00063125	0.0012875	0.878747	0
	0.604	0.00065	0.00121875	0.878581	0
	0.605	0.0007625	0.00129375	0.881868	0
	0.606	0.00081875	0.0012	0.876204	0
	0.607	0.00073125	0.001325	0.872077	0
	0.608	0.0008375	0.00115625	0.869146	0
	0.609	0.00075	0.00118125	0.868966	0
	0.61	0.0008625	0.001275	0.868785	0
	0.611	0.000675	0.00125625	0.868603	0
	0.612	0.000775	0.00136875	0.869806	0
	0.613	0.00080625	0.0011375	0.871012	0
	0.614	0.00066875	0.0011625	0.868056	0
	0.615	0.00071875	0.00110625	0.868898	0
	0.616	0.00075625	0.001275	0.867503	0
	0.617	0.00075	0.0011875	0.864525	0
	0.618	0.00075	0.00128125	0.864336	0
	0.619	0.00075625	0.00115	0.86676	0
	0.62	0.00083125	0.0011125	0.862553	0
	0.621	0.0008	0.00119375	0.86115	0
	0.622	0.000825	0.0011375	0.860955	0
	0.623	0.00090625	0.0010625	0.860563	0
	0.624	0.00090625	0.00131875	0.856338	0
	0.625	0.00084375	0.00119375	0.854725	0
	0.626	0.00085	0.0013	0.854725	0
	0.627	0.00076875	0.0013	0.854725	0
	0.628	0.00065	0.0012	0.85452	0
	0.629	0.00073125	0.00110625	0.855728	0
	0.63	0.00090625	0.0012	0.855728	0
	0.631	0.000875	0.001175	0.856941	0
	0.632	0.00085625	0.001275	0.855319	0
	0.633	0.00081875	0.00116875	0.853901	0
	0.634	0.00086875	0.0012625	0.854908	0
	0.635	0.00075625	0.0012125	0.85592	0
	0.636	0.00085625	0.00118125	0.855714	0
	0.637	0.00084375	0.0012	0.854286	0
	0.638	0.00104375	0.00116875	0.855301	0
	0.639	0.00091875	0.00121875	0.853868	0
	0.64	0.000975	0.00104375	0.851003	0
	0.641	0.000875	0.0011125	0.848138	0
	0.642	0.00089375	0.0011375	0.848138	0
	0.643	0.001	0.00125	0.84792	0
	0.644	0.00089375	0.001175	0.851585	0
	0.645	0.0009	0.00116875	0.853835	0
	0.646	0.00075625	0.00121875	0.853623	0
	0.647	0.00095	0.00114375	0.850508	0
	0.648	0.00108125	0.001225	0.852984	0
	0.649	0.00101875	0.0012125	0.856725	0
	0.65	0.00096875	0.00125625	0.85798	0
	0.651	0.00099375	0.00105625	0.855051	0
	0.652	0.00085	0.001325	0.857562	0
	0.653	0.00088125	0.001125	0.857353	0
	0.654	0.00095625	0.001175	0.854412	0
	0.655	0.000975	0.0012	0.849779	0
	0.656	0.00094375	0.00120625	0.848306	0
	0.657	0.0009	0.0012	0.849335	0
	0.658	0.00085625	0.0011875	0.854167	0
	0.659	0.00091875	0.00124375	0.853949	0
	0.66	0.000925	0.00115625	0.853731	0
	0.661	0.00079375	0.001275	0.855007	0
	0.662	0.00084375	0.00114375	0.853293	0
	0.663	0.0008625	0.0011375	0.850075	0
	0.664	0.00095	0.00116875	0.848348	0
	0.665	0.0006875	0.001125	0.845345	0
	0.666	0.00080625	0.001275	0.842342	0
	0.667	0.00090625	0.0012375	0.844646	0
	0.668	0.000775	0.00125625	0.842424	0
	0.669	0.0007875	0.001375	0.840426	0
	0.67	0.00073125	0.00128125	0.834094	0
	0.671	0.00094375	0.0012375	0.829528	0
	0.672	0.00078125	0.00118125	0.82344	0
	0.673	0.00090625	0.001225	0.824427	0
	0.674	0.00085	0.00121875	0.828221	0
	0.675	0.00070625	0.0011	0.829231	0
	0.676	0.000875	0.0012875	0.826154	0
	0.677	0.0008875	0.00121875	0.825886	0
	0.678	0.00085625	0.00110625	0.82716	0
	0.679	0.00085	0.0010625	0.826625	0
	0.68	0.0007375	0.0011	0.82764	0
	0.681	0.000825	0.00106875	0.829953	0
	0.682	0.0008	0.00123125	0.835165	0
	0.683	0.0009125	0.00125625	0.832025	0
	0.684	0.00084375	0.00116875	0.835962	0
	0.685	0.00094375	0.0012875	0.834385	0
	0.686	0.0009	0.00115	0.837025	0
	0.687	0.0007375	0.00123125	0.833861	0
	0.688	0.00095625	0.00133125	0.835182	0
	0.689	0.0009125	0.00105625	0.836248	0
	0.69	0.00101875	0.00125625	0.835987	0
	0.691	0.00089375	0.0012625	0.836538	0
	0.692	0.0008	0.0011125	0.837621	0
	0.693	0.001	0.00121875	0.835749	0
	0.694	0.0008375	0.00115625	0.835218	0
	0.695	0.00094375	0.0012125	0.831715	0
	0.696	0.00091875	0.0012625	0.831169	0
	0.697	0.00090625	0.00134375	0.829268	0
	0.698	0.0009125	0.001175	0.826016	0
	0.699	0.000925	0.001175	0.82439	0
	0.7	0.00108125	0.00135625	0.822476	0
	0.701	0.00095625	0.00114375	0.824877	0
	0.702	0.0009625	0.0013	0.82623	0
	0.703	0.00084375	0.00125	0.82266	0
	0.704	0.00081875	0.00120625	0.825083	0
	0.705	0.00098125	0.00110625	0.825083	0
	0.706	0.0009	0.00104375	0.825083	0
	0.707	0.00095	0.00125625	0.825083	0
	0.708	0.000975	0.0013875	0.826159	0
	0.709	0.001025	0.00126875	0.828904	0
	0.71	0.00104375	0.00123125	0.829431	0
	0.711	0.00094375	0.00128125	0.825796	0
	0.712	0.00099375	0.001025	0.825503	0
	0.713	0.000775	0.00104375	0.826891	0
	0.714	0.000825	0.001025	0.827993	0
	0.715	0.000825	0.0011	0.829103	0
	0.716	0.00085	0.0013125	0.829103	0
	0.717	0.0009875	0.0011625	0.830221	0
	0.718	0.0008125	0.001225	0.832765	0
	0.719	0.00091875	0.00128125	0.833904	0
	0.72	0.0008375	0.00130625	0.833904	0
	0.721	0.00076875	0.00114375	0.828767	0
	0.722	0.0008875	0.00116875	0.830189	0
	0.723	0.00086875	0.00110625	0.831034	0
	0.724	0.00086875	0.00110625	0.83247	0
	0.725	0.0008875	0.00128125	0.827288	0
	0.726	0.00080625	0.00115	0.830156	0
	0.727	0.00086875	0.0011625	0.829861	0
	0.728	0.00075	0.00116875	0.829565	0
	0.729	0.0009125	0.001	0.827826	0
	0.73	0.00085625	0.00115625	0.82548	0
	0.731	0.0007875	0.00128125	0.82807	0
	0.732	0.000725	0.00104375	0.830688	0
	0.733	0.00094375	0.00128125	0.831858	0
	0.734	0.00091875	0.0012375	0.83452	0
	0.735	0.0007625	0.0010875	0.8375	0
	0.736	0.00073125	0.0012125	0.840502	0
	0.737	0.00088125	0.0012125	0.83842	0
	0.738	0.0008	0.00116875	0.839928	0
	0.739	0.00083125	0.001075	0.838129	0
	0.74	0.00080625	0.00113125	0.837545	0
	0.741	0.00088125	0.0012	0.83906	0
	0.742	0.0007375	0.0011	0.844607	0
	0.743	0.00069375	0.001325	0.847426	0
	0.744	0.0008125	0.00121875	0.84375	0
	0.745	0.0008	0.00119375	0.845304	0
	0.746	0.0008125	0.0010875	0.841035	0
	0.747	0.0008375	0.0012625	0.839187	0
	0.748	0.0008	0.001175	0.837338	0
	0.749	0.0008875	0.00106875	0.837037	0
	0.75	0.00086875	0.0010875	0.840149	0
	0.751	0.00076875	0.0011125	0.840149	0
	0.752	0.00076875	0.00115625	0.837989	0
	0.753	0.0006875	0.001225	0.837383	0
	0.754	0.00065625	0.00106875	0.833645	0
	0.755	0.0008625	0.00099375	0.835206	0
	0.756	0.0007	0.001125	0.834897	0
	0.757	0.00066875	0.0012375	0.835849	0
	0.758	0.00061875	0.0011625	0.839015	0
	0.759	0.00079375	0.00123125	0.840607	0
	0.76	0.000825	0.001125	0.836502	0
	0.761	0.0007	0.0011125	0.828571	0
	0.762	0.0008	0.0012625	0.826667	0
	0.763	0.00068125	0.00115	0.828244	0
	0.764	0.0006875	0.0012	0.827255	0
	0.765	0.00089375	0.00114375	0.831721	0
	0.766	0.0007375	0.00120625	0.831395	0
	0.767	0.00075	0.001175	0.831068	0
	0.768	0.0007875	0.00116875	0.831068	0
	0.769	0.00080625	0.00100625	0.834308	0
	0.77	0.0008125	0.00111875	0.833984	0
	0.771	0.0007625	0.00114375	0.827789	0
	0.772	0.00090625	0.00125	0.827789	0
	0.773	0.00073125	0.00120625	0.831041	0
	0.774	0.00065625	0.0011625	0.83432	0
	0.775	0.00083125	0.00099375	0.835968	0
	0.776	0.00079375	0.0012	0.833663	0
	0.777	0.00074375	0.0011625	0.835317	0
	0.778	0.0008125	0.00115	0.831349	0
	0.779	0.0008875	0.001075	0.82505	0
	0.78	0.00071875	0.00115	0.824	0
	0.781	0.00070625	0.0011875	0.819639	0
	0.782	0.00091875	0.0012375	0.822938	0
	0.783	0.0008	0.00110625	0.825911	0
	0.784	0.000875	0.00126875	0.827586	0
	0.785	0.00085	0.00104375	0.832311	0
	0.786	0.0006875	0.0011875	0.837113	0
	0.787	0.00080625	0.001175	0.835052	0
	0.788	0.00078125	0.00126875	0.832645	0
	0.789	0.0009125	0.0010625	0.834369	0
	0.79	0.00091875	0.0011875	0.832298	0
	0.791	0.0010125	0.00115625	0.83195	0
	0.792	0.00080625	0.0011625	0.83195	0
	0.793	0.00085	0.0011375	0.83195	0
	0.794	0.00083125	0.000975	0.83682	0
	0.795	0.00090625	0.00121875	0.836478	0
	0.796	0.0008875	0.00109375	0.834382	0
	0.797	0.00090625	0.0012	0.831933	0
	0.798	0.0008375	0.00109375	0.831579	0
	0.799	0.00074375	0.00113125	0.827368	0
	0.8	0.00078125	0.00123125	0.828753	0
	0.801	0.00083125	0.0011125	0.833689	0
	0.802	0.00084375	0.00110625	0.832976	0
	0.803	0.0008125	0.00114375	0.830472	0
	0.804	0.00078125	0.0012	0.834052	0
	0.805	0.0007375	0.0013625	0.833693	0
	0.806	0.00075	0.0012375	0.833693	0
	0.807	0.00085	0.00113125	0.835498	0
	0.808	0.000825	0.00103125	0.835498	0
	0.809	0.00069375	0.00109375	0.832609	0
	0.81	0.00071875	0.0009	0.828261	0
	0.811	0.00070625	0.001075	0.826087	0
	0.812	0.0007625	0.0010625	0.816993	0
	0.813	0.000825	0.001025	0.816594	0
	0.814	0.0008	0.00096875	0.817982	0
	0.815	0.00075	0.00119375	0.819383	0
	0.816	0.00076875	0.0011375	0.824834	0
	0.817	0.00074375	0.00093125	0.830357	0
	0.818	0.0007625	0.001125	0.832215	0
	0.819	0.0008	0.00116875	0.829596	0
	0.82	0.00076875	0.00116875	0.831081	0
	0.821	0.00076875	0.0010625	0.832957	0
	0.822	0.0008375	0.00118125	0.836364	0
	0.823	0.00069375	0.00114375	0.834091	0
	0.824	0.0008375	0.0010375	0.835991	0
	0.825	0.00089375	0.0010125	0.83524	0
	0.826	0.00061875	0.001125	0.834101	0
	0.827	0.00075625	0.00109375	0.829493	0
	0.828	0.00069375	0.0010875	0.824885	0
	0.829	0.00071875	0.00099375	0.82679	0
	0.83	0.0008	0.001	0.82448	0
	0.831	0.00075	0.001	0.823666	0
	0.832	0.00083125	0.00106875	0.827506	0
	0.833	0.0008125	0.0011375	0.827103	0
	0.834	0.00069375	0.0011625	0.822014	0
	0.835	0.00073125	0.00090625	0.819249	0
	0.836	0.0008375	0.0010875	0.821176	0
	0.837	0.0008375	0.0010875	0.822695	0
	0.838	0.00075625	0.00095625	0.821429	0
	0.839	0.000775	0.00108125	0.82494	0
	0.84	0.00066875	0.001225	0.817746	0
	0.841	0.0007	0.0011625	0.817308	0
	0.842	0.00079375	0.00111875	0.814458	0
	0.843	0.00076875	0.00096875	0.816425	0
	0.844	0.0007125	0.00104375	0.815534	0
	0.845	0.00081875	0.00106875	0.817073	0
	0.846	0.00075625	0.001225	0.821078	0
	0.847	0.0007875	0.001025	0.820197	0
	0.848	0.00089375	0.00106875	0.822222	0
	0.849	0.000775	0.0011125	0.82134	0
	0.85	0.00091875	0.00111875	0.820896	0
	0.851	0.0007625	0.00105	0.820449	0
	0.852	0.000875	0.0009875	0.819549	0
	0.853	0.00069375	0.0009875	0.81203	0
	0.854	0.0006625	0.0009875	0.807018	0
	0.855	0.00089375	0.0009625	0.809045	0
	0.856	0.00084375	0.0011125	0.798995	0
	0.857	0.000875	0.00090625	0.801008	0
	0.858	0.00084375	0.0009375	0.799492	0
	0.859	0.00078125	0.0010375	0.793893	0
	0.86	0.00080625	0.0009875	0.783715	0
	0.861	0.00088125	0.0009375	0.774936	0
	0.862	0.00089375	0.00110625	0.769231	0
	0.863	0.0009125	0.0009125	0.770619	0
	0.864	0.0008875	0.001025	0.768831	0
	0.865	0.00093125	0.00096875	0.758442	0
	0.866	0.0009875	0.0010625	0.75718	0
	0.867	0.0009375	0.0009125	0.759162	0
	0.868	0.001075	0.00095	0.757256	0
	0.869	0.00105625	0.001175	0.757256	0
	0.87	0.000975	0.0011625	0.761273	0
	0.871	0.0010125	0.00093125	0.760638	0
	0.872	0.00108125	0.001075	0.76	0
	0.873	0.00116875	0.00104375	0.757333	0
	0.874	0.00108125	0.00091875	0.746667	0
	0.875	0.00131875	0.0010375	0.745989	0
	0.876	0.00128125	0.0009125	0.745989	0
	0.877	0.0013625	0.0009125	0.750678	0
	0.878	0.0010625	0.0010125	0.752044	0
	0.879	0.0013875	0.00095	0.753425	0
	0.88	0.00126875	0.00080625	0.759003	0
	0.881	0.0013	0.00091875	0.75	0
	0.882	0.00133125	0.0009625	0.735376	0
	0.883	0.0014125	0.0009125	0.734637	0
	0.884	0.00130625	0.0009125	0.736695	0
	0.885	0.001225	0.00095625	0.730337	0
	0.886	0.00119375	0.00096875	0.724719	0
	0.887	0.0011125	0.000725	0.719101	0
	0.888	0.00121875	0.00101875	0.72238	0
	0.889	0.00131875	0.000975	0.724432	0
	0.89	0.001325	0.0008	0.727794	0
	0.891	0.00119375	0.00088125	0.719198	0
	0.892	0.00140625	0.00084375	0.718391	0
	0.893	0.00136875	0.00088125	0.705202	0
	0.894	0.001275	0.000925	0.702312	0
	0.895	0.00133125	0.00093125	0.702624	0
	0.896	0.00106875	0.00083125	0.705882	0
	0.897	0.00130625	0.00100625	0.699115	0
	0.898	0.00116875	0.00101875	0.699405	0
	0.899	0.0012375	0.00071875	0.698507	0
	0.9	0.00135	0.0010125	0.696697	0
	0.901	0.00119375	0.0008625	0.692771	0
	0.902	0.00125625	0.00091875	0.688822	0
	0.903	0.00121875	0.0008625	0.699387	0
	0.904	0.00123125	0.0008625	0.696319	0
	0.905	0.00124375	0.0008375	0.698758	0
	0.906	0.001175	0.000825	0.700935	0
	0.907	0.00125	0.00085625	0.701258	0
	0.908	0.00124375	0.0008875	0.70347	0
	0.909	0.00110625	0.0008375	0.699367	0
	0.91	0.00118125	0.0008875	0.707395	0
	0.911	0.00109375	0.0008125	0.70684	0
	0.912	0.0011375	0.000775	0.718543	0
	0.913	0.00135	0.000875	0.72	0
	0.914	0.0011375	0.00090625	0.713805	0
	0.915	0.00135625	0.0006875	0.700337	0
	0.916	0.00120625	0.00075625	0.703072	0
	0.917	0.00123125	0.00076875	0.702055	0
	0.918	0.00115625	0.00075	0.696552	0
	0.919	0.00123125	0.0007875	0.697917	0
	0.92	0.0012625	0.00088125	0.699301	0
	0.921	0.001225	0.00078125	0.699647	0
	0.922	0.00113125	0.0008125	0.687943	0
	0.923	0.001275	0.00075	0.691756	0
	0.924	0.0011875	0.00069375	0.693141	0
	0.925	0.0010625	0.000625	0.692029	0
	0.926	0.00113125	0.00088125	0.690909	0
	0.927	0.00130625	0.00076875	0.693727	0
	0.928	0.00116875	0.00076875	0.698885	0
	0.929	0.00128125	0.000775	0.696629	0
	0.93	0.0012	0.00063125	0.690566	0
	0.931	0.00120625	0.0006125	0.685606	0
	0.932	0.00139375	0.00063125	0.689922	0
	0.933	0.00138125	0.00066875	0.684825	0
	0.934	0.00143125	0.0007625	0.684825	0
	0.935	0.0013375	0.00075	0.692913	0
	0.936	0.00135	0.00064375	0.693227	0
	0.937	0.001325	0.000725	0.681275	0
	0.938	0.001275	0.0006875	0.681633	0
	0.939	0.00115625	0.000625	0.672131	0
	0.94	0.0013125	0.00073125	0.680498	0
	0.941	0.001475	0.00078125	0.67364	0
	0.942	0.00134375	0.0005875	0.672269	0
	0.943	0.0013875	0.00055	0.675214	0
	0.944	0.00118125	0.00075	0.669528	0
	0.945	0.0013625	0.00056875	0.673913	0
	0.946	0.00136875	0.00063125	0.659389	0
	0.947	0.00143125	0.00060625	0.660793	0
	0.948	0.00138125	0.00079375	0.657778	0
	0.949	0.001375	0.00070625	0.653153	0
	0.95	0.0012	0.0006	0.6621	0
	0.951	0.0012625	0.00070625	0.671296	0
	0.952	0.00124375	0.00068125	0.674419	0
	0.953	0.001275	0.0005125	0.663551	0
	0.954	0.0013	0.00064375	0.668246	0
	0.955	0.00124375	0.00058125	0.674757	0
	0.956	0.00118125	0.00053125	0.666667	0
	0.957	0.00145625	0.00069375	0.651961	0
	0.958	0.00135	0.00054375	0.658291	0
	0.959	0.00135625	0.00055625	0.658163	0
	0.96	0.00135625	0.0005125	0.641026	0
	0.961	0.0014375	0.0004	0.637306	0
	0.962	0.00123125	0.00046875	0.62963	0
	0.963	0.00128125	0.0006125	0.646739	0
	0.964	0.0013375	0.00043125	0.653846	0
	0.965	0.00123125	0.00049375	0.646409	0
	0.966	0.001325	0.00053125	0.661017	0
	0.967	0.00148125	0.000525	0.659091	0
	0.968	0.00135625	0.0005625	0.67052	0
	0.969	0.0014	0.00046875	0.676471	0
	0.97	0.00125	0.00053125	0.676647	0
	0.971	0.0014375	0.00035	0.676647	0
	0.972	0.00128125	0.00043125	0.670732	0
	0.973	0.001275	0.00039375	0.664596	0
	0.974	0.00136875	0.00040625	0.641509	0
	0.975	0.00135	0.00041875	0.626582	0
	0.976	0.0012125	0.0004625	0.640523	0
	0.977	0.00136875	0.00035625	0.659864	0
	0.978	0.0015	0.0004	0.659722	0
	0.979	0.00141875	0.0003375	0.645833	0
	0.98	0.00131875	0.00038125	0.629371	0
	0.981	0.00136875	0.00035625	0.619718	0
	0.982	0.00145625	0.0004	0.595745	0
	0.983	0.00163125	0.00036875	0.605839	0
	0.984	0.00176875	0.00038125	0.619403	0
	0.985	0.0016875	0.00030625	0.590909	0
	0.986	0.00170625	0.000325	0.59375	0
	0.987	0.0019375	0.0003125	0.580645	0
	0.988	0.00184375	0.0003125	0.579832	0
	0.989	0.001825	0.00024375	0.546218	0
	0.99	0.002075	0.00024375	0.508475	0
	0.991	0.0021875	0.0002875	0.513274	0
	0.992	0.00238125	0.00021875	0.463636	0
	0.993	0.0028	0.0001375	0.438095	0
	0.994	0.00298125	0.0001625	0.415842	0
	0.995	0.00379375	0.00018125	0.363636	0
	0.996	0.0041125	0.00013125	0.340426	0
	0.997	0.0047875	0.00015625	0.322222	0
	0.998	0.0055	0.000125	0.313253	0
	0.999	0.00659375	7.5e-05	0.236842	0
	1	0.0182375	5e-05	0.111111	0


#	yrange	sparsity	# links	zeta	support at cross	fraction FP
	0	0.865	1384	8.41852e-05	0.973	0.0973309
	0.45	0.865	1384	8.41852e-05	0.973	0.0973309
