#	Frequencies and overlap
#	bins	MYC	shuffle	overlap_MYC	overlap_shuffle
	0	0.326281	0.291931	0.917437	0
	0.001	0.0441812	0.0320563	0.681818	0
	0.002	0.0278	0.0238187	0.71046	0
	0.003	0.0194563	0.0190937	0.743339	0
	0.004	0.0153937	0.015525	0.766791	0
	0.005	0.0127437	0.0136625	0.779596	0
	0.006	0.0105437	0.0116937	0.792659	0
	0.007	0.00876875	0.0108	0.791498	0
	0.008	0.00776875	0.00970625	0.789095	0
	0.009	0.00675625	0.00899375	0.797682	0
	0.01	0.0066375	0.00866875	0.803648	0
	0.011	0.006	0.0080625	0.805889	0
	0.012	0.0055375	0.00725625	0.817168	0
	0.013	0.00529375	0.006975	0.819413	0
	0.014	0.00564375	0.00673125	0.829493	0
	0.015	0.00514375	0.0065	0.82634	0
	0.016	0.0047375	0.006425	0.822562	0
	0.017	0.0046625	0.0060375	0.818182	0
	0.018	0.0044	0.00555	0.82177	0
	0.019	0.004175	0.00528125	0.822892	0
	0.02	0.00425625	0.0048875	0.820388	0
	0.021	0.003775	0.00528125	0.819071	0
	0.022	0.0037375	0.0046875	0.818742	0
	0.023	0.0038875	0.00471875	0.818859	0
	0.024	0.0036625	0.00444375	0.817272	0
	0.025	0.00376875	0.00430625	0.824051	0
	0.026	0.00326875	0.00425625	0.826087	0
	0.027	0.00335	0.00405	0.823454	0
	0.028	0.003425	0.0043	0.820546	0
	0.029	0.0032	0.00405625	0.823067	0
	0.03	0.00308125	0.0040375	0.824306	0
	0.031	0.00290625	0.003675	0.819389	0
	0.032	0.00275625	0.003675	0.817089	0
	0.033	0.002875	0.00383125	0.814516	0
	0.034	0.00285625	0.00365625	0.822252	0
	0.035	0.0027625	0.003525	0.818801	0
	0.036	0.00274375	0.00351875	0.816438	0
	0.037	0.0023	0.0035125	0.823856	0
	0.038	0.002325	0.0034625	0.819695	0
	0.039	0.002325	0.0034375	0.81337	0
	0.04	0.00235	0.00320625	0.815126	0
	0.041	0.0026375	0.0032375	0.825284	0
	0.042	0.00245	0.00285625	0.819742	0
	0.043	0.0025125	0.002775	0.817529	0
	0.044	0.00255	0.00285625	0.817003	0
	0.045	0.00238125	0.00291875	0.819767	0
	0.046	0.0024125	0.00295625	0.819912	0
	0.047	0.0024125	0.0028625	0.823009	0
	0.048	0.00236875	0.0027	0.821958	0
	0.049	0.0021875	0.00256875	0.821429	0
	0.05	0.00235625	0.00263125	0.813988	0
	0.051	0.0022375	0.00274375	0.814371	0
	0.052	0.00223125	0.002425	0.81448	0
	0.053	0.002175	0.0025875	0.817629	0
	0.054	0.002075	0.002825	0.819847	0
	0.055	0.0020875	0.0023875	0.816233	0
	0.056	0.00191875	0.0023375	0.816923	0
	0.057	0.00205625	0.0025	0.819165	0
	0.058	0.00195625	0.00245	0.817054	0
	0.059	0.00201875	0.00231875	0.819033	0
	0.06	0.0017375	0.00219375	0.822606	0
	0.061	0.0018125	0.00238125	0.818898	0
	0.062	0.00165	0.00236875	0.820919	0
	0.063	0.0016	0.00221875	0.81558	0
	0.064	0.001725	0.002325	0.814696	0
	0.065	0.00146875	0.002225	0.813804	0
	0.066	0.00156875	0.00230625	0.815832	0
	0.067	0.00164375	0.00211875	0.816993	0
	0.068	0.00174375	0.002025	0.817734	0
	0.069	0.00155625	0.00200625	0.815789	0
	0.07	0.0016125	0.0022625	0.819237	0
	0.071	0.00171875	0.00213125	0.810631	0
	0.072	0.00160625	0.00194375	0.809365	0
	0.073	0.00164375	0.0021375	0.807047	0
	0.074	0.0015	0.00196875	0.814941	0
	0.075	0.0014125	0.00191875	0.815385	0
	0.076	0.0015375	0.00204375	0.818182	0
	0.077	0.0016125	0.00216875	0.822414	0
	0.078	0.00156875	0.001875	0.816926	0
	0.079	0.0015125	0.0019	0.818339	0
	0.08	0.0014625	0.001925	0.823427	0
	0.081	0.001225	0.00186875	0.824561	0
	0.082	0.00156875	0.00170625	0.827465	0
	0.083	0.00158125	0.0018625	0.830088	0
	0.084	0.00149375	0.0017625	0.824779	0
	0.085	0.00134375	0.00191875	0.821239	0
	0.086	0.00158125	0.0018	0.824156	0
	0.087	0.001475	0.0019375	0.821429	0
	0.088	0.001475	0.00164375	0.816071	0
	0.089	0.00151875	0.00160625	0.820467	0
	0.09	0.0015	0.00161875	0.825771	0
	0.091	0.00148125	0.0017875	0.831502	0
	0.092	0.0013125	0.0017625	0.835793	0
	0.093	0.001375	0.0017125	0.83549	0
	0.094	0.00139375	0.0018375	0.830855	0
	0.095	0.001275	0.00155625	0.830224	0
	0.096	0.00119375	0.00151875	0.828358	0
	0.097	0.001325	0.00158125	0.827715	0
	0.098	0.0013625	0.00163125	0.827068	0
	0.099	0.00118125	0.001625	0.823308	0
	0.1	0.00135625	0.00159375	0.821429	0
	0.101	0.00123125	0.0016375	0.818526	0
	0.102	0.00095	0.00150625	0.819734	0
	0.103	0.0011625	0.00150625	0.820952	0
	0.104	0.001225	0.00151875	0.820611	0
	0.105	0.00104375	0.0014125	0.823417	0
	0.106	0.00101875	0.00160625	0.828185	0
	0.107	0.00106875	0.001425	0.826255	0
	0.108	0.0010125	0.0015	0.827184	0
	0.109	0.00109375	0.00145	0.82846	0
	0.11	0.00093125	0.001425	0.829746	0
	0.111	0.00096875	0.00151875	0.832677	0
	0.112	0.00085	0.00135	0.837624	0
	0.113	0.00095	0.0013	0.837302	0
	0.114	0.00094375	0.0014625	0.836653	0
	0.115	0.00101875	0.00145	0.834	0
	0.116	0.001025	0.0013125	0.837022	0
	0.117	0.00095625	0.0014375	0.847251	0
	0.118	0.00086875	0.001125	0.844262	0
	0.119	0.00093125	0.00133125	0.843621	0
	0.12	0.0008375	0.00135	0.842975	0
	0.121	0.0007375	0.00125625	0.846473	0
	0.122	0.0009375	0.00130625	0.85	0
	0.123	0.000875	0.001125	0.849687	0
	0.124	0.0010375	0.00129375	0.852941	0
	0.125	0.0007625	0.0012875	0.85084	0
	0.126	0.00090625	0.00143125	0.85084	0
	0.127	0.0009125	0.0013875	0.848101	0
	0.128	0.00079375	0.00138125	0.849576	0
	0.129	0.00080625	0.00128125	0.850427	0
	0.13	0.000925	0.00130625	0.848291	0
	0.131	0.00085625	0.00133125	0.846154	0
	0.132	0.0009375	0.00126875	0.847966	0
	0.133	0.0008	0.00120625	0.849462	0
	0.134	0.000775	0.00115625	0.852814	0
	0.135	0.00079375	0.001275	0.848485	0
	0.136	0.0008875	0.00108125	0.847826	0
	0.137	0.00080625	0.00126875	0.851204	0
	0.138	0.0009	0.0010875	0.849015	0
	0.139	0.0007	0.00111875	0.856512	0
	0.14	0.00075	0.00124375	0.858407	0
	0.141	0.000875	0.00108125	0.864143	0
	0.142	0.0008	0.0012625	0.865471	0
	0.143	0.00064375	0.00111875	0.862921	0
	0.144	0.0008125	0.00096875	0.862921	0
	0.145	0.0007375	0.0011875	0.866516	0
	0.146	0.0006875	0.00110625	0.866516	0
	0.147	0.0008	0.0012	0.861991	0
	0.148	0.000825	0.00115625	0.865909	0
	0.149	0.00063125	0.00085625	0.861364	0
	0.15	0.0007	0.0011875	0.861364	0
	0.151	0.00070625	0.00113125	0.856492	0
	0.152	0.000725	0.00116875	0.849658	0
	0.153	0.00063125	0.0012375	0.849658	0
	0.154	0.00068125	0.0011125	0.853211	0
	0.155	0.00071875	0.001125	0.848276	0
	0.156	0.00080625	0.000975	0.845622	0
	0.157	0.00065	0.00098125	0.840647	0
	0.158	0.0006875	0.00114375	0.837963	0
	0.159	0.00059375	0.00116875	0.837587	0
	0.16	0.000625	0.001025	0.837209	0
	0.161	0.00061875	0.0009	0.832558	0
	0.162	0.00066875	0.00105625	0.834499	0
	0.163	0.00056875	0.00109375	0.833724	0
	0.164	0.00050625	0.00098125	0.837264	0
	0.165	0.000625	0.00096875	0.837264	0
	0.166	0.00065625	0.00100625	0.836879	0
	0.167	0.00064375	0.00095625	0.836493	0
	0.168	0.0007	0.00099375	0.836493	0
	0.169	0.00075625	0.00101875	0.836105	0
	0.17	0.0005875	0.0009375	0.844125	0
	0.171	0.00059375	0.0010375	0.847826	0
	0.172	0.0007125	0.001	0.847826	0
	0.173	0.00071875	0.00100625	0.849879	0
	0.174	0.0006625	0.000825	0.851582	0
	0.175	0.00070625	0.00096875	0.85122	0
	0.176	0.00076875	0.00094375	0.843521	0
	0.177	0.00064375	0.00078125	0.843521	0
	0.178	0.00071875	0.00105	0.838631	0
	0.179	0.0008625	0.0008	0.835784	0
	0.18	0.00074375	0.00089375	0.837438	0
	0.181	0.00069375	0.00080625	0.834158	0
	0.182	0.0007125	0.0008625	0.831683	0
	0.183	0.00069375	0.00085625	0.824257	0
	0.184	0.0007625	0.000875	0.819307	0
	0.185	0.00071875	0.00086875	0.816832	0
	0.186	0.00065	0.001	0.82	0
	0.187	0.00071875	0.0008375	0.825758	0
	0.188	0.00074375	0.00091875	0.823232	0
	0.189	0.00078125	0.00095625	0.825316	0
	0.19	0.00075625	0.00095	0.817259	0
	0.191	0.00075625	0.00073125	0.821429	0
	0.192	0.00069375	0.00085	0.821429	0
	0.193	0.00074375	0.0008375	0.821429	0
	0.194	0.00071875	0.00085	0.823529	0
	0.195	0.000725	0.00084375	0.820513	0
	0.196	0.00076875	0.0008875	0.819588	0
	0.197	0.0007375	0.00090625	0.811856	0
	0.198	0.00075	0.000925	0.809278	0
	0.199	0.000675	0.00088125	0.810881	0
	0.2	0.0007625	0.00089375	0.812987	0
	0.201	0.000625	0.00088125	0.819372	0
	0.202	0.00065625	0.00075625	0.816754	0
	0.203	0.00079375	0.0008125	0.816754	0
	0.204	0.00079375	0.0008625	0.818898	0
	0.205	0.0006875	0.0008625	0.815789	0
	0.206	0.00066875	0.00064375	0.810526	0
	0.207	0.0006375	0.00059375	0.814324	0
	0.208	0.00071875	0.00071875	0.801061	0
	0.209	0.00049375	0.0007125	0.802667	0
	0.21	0.0007125	0.00079375	0.8	0
	0.211	0.000825	0.00081875	0.8	0
	0.212	0.0005875	0.00073125	0.801609	0
	0.213	0.00061875	0.00090625	0.798928	0
	0.214	0.000725	0.00095	0.802703	0
	0.215	0.00069375	0.0007125	0.802703	0
	0.216	0.000875	0.00085	0.8	0
	0.217	0.0006875	0.0006125	0.806011	0
	0.218	0.00074375	0.00083125	0.805479	0
	0.219	0.0006125	0.0006375	0.812155	0
	0.22	0.00068125	0.00075	0.809392	0
	0.221	0.00076875	0.00076875	0.803867	0
	0.222	0.000675	0.00075	0.805556	0
	0.223	0.0008	0.00068125	0.807263	0
	0.224	0.0007375	0.00078125	0.806723	0
	0.225	0.00065625	0.00080625	0.806723	0
	0.226	0.000675	0.000875	0.803371	0
	0.227	0.000625	0.000775	0.802817	0
	0.228	0.00066875	0.00069375	0.8	0
	0.229	0.000725	0.000725	0.8	0
	0.23	0.00073125	0.00065	0.794366	0
	0.231	0.00075625	0.0006875	0.791549	0
	0.232	0.00071875	0.00075625	0.793201	0
	0.233	0.00081875	0.00076875	0.795455	0
	0.234	0.00053125	0.00075	0.795455	0
	0.235	0.0007125	0.0007125	0.797143	0
	0.236	0.0007125	0.00073125	0.792507	0
	0.237	0.00071875	0.00059375	0.794203	0
	0.238	0.00064375	0.00068125	0.794203	0
	0.239	0.000625	0.000675	0.788406	0
	0.24	0.00070625	0.00075	0.790698	0
	0.241	0.00070625	0.0007625	0.795322	0
	0.242	0.00055625	0.0006125	0.795322	0
	0.243	0.000675	0.00068125	0.797654	0
	0.244	0.00059375	0.000675	0.797654	0
	0.245	0.00066875	0.00065	0.791789	0
	0.246	0.000675	0.000725	0.794118	0
	0.247	0.00060625	0.000625	0.79056	0
	0.248	0.00055	0.00070625	0.792899	0
	0.249	0.0007125	0.00073125	0.789941	0
	0.25	0.00055	0.00063125	0.794643	0
	0.251	0.0006	0.000675	0.794643	0
	0.252	0.00061875	0.00068125	0.796407	0
	0.253	0.0006375	0.000625	0.801205	0
	0.254	0.00048125	0.000725	0.798193	0
	0.255	0.000525	0.00069375	0.802432	0
	0.256	0.0005	0.00060625	0.809231	0
	0.257	0.00058125	0.0006375	0.806154	0
	0.258	0.00045625	0.0006125	0.813084	0
	0.259	0.000525	0.00061875	0.823344	0
	0.26	0.00051875	0.0006375	0.822785	0
	0.261	0.00055625	0.000575	0.822222	0
	0.262	0.00048125	0.00065	0.822222	0
	0.263	0.00043125	0.00053125	0.819048	0
	0.264	0.00048125	0.00054375	0.812698	0
	0.265	0.0004125	0.00060625	0.806349	0
	0.266	0.0005	0.000575	0.805732	0
	0.267	0.0005875	0.0005875	0.805732	0
	0.268	0.00050625	0.000625	0.807692	0
	0.269	0.00054375	0.00066875	0.810289	0
	0.27	0.00055625	0.00056875	0.812903	0
	0.271	0.00046875	0.00066875	0.812903	0
	0.272	0.000325	0.000475	0.820847	0
	0.273	0.00046875	0.00058125	0.81759	0
	0.274	0.00045	0.000625	0.813725	0
	0.275	0.0004	0.00054375	0.800654	0
	0.276	0.00051875	0.0004875	0.793443	0
	0.277	0.0005	0.00055	0.801325	0
	0.278	0.00055625	0.00054375	0.803987	0
	0.279	0.00055	0.00055625	0.800664	0
	0.28	0.0005375	0.00049375	0.805369	0
	0.281	0.000475	0.000575	0.798658	0
	0.282	0.000475	0.0004625	0.798658	0
	0.283	0.00043125	0.00056875	0.798658	0
	0.284	0.0006	0.000525	0.801347	0
	0.285	0.00045625	0.00055	0.800676	0
	0.286	0.0006125	0.00075	0.797297	0
	0.287	0.0006125	0.00048125	0.802721	0
	0.288	0.00051875	0.0005	0.798635	0
	0.289	0.000475	0.000625	0.798635	0
	0.29	0.0005125	0.00059375	0.804124	0
	0.291	0.00051875	0.0005625	0.802768	0
	0.292	0.0005	0.00041875	0.799308	0
	0.293	0.0004625	0.00045625	0.801394	0
	0.294	0.0005875	0.00053125	0.800699	0
	0.295	0.0005625	0.0006	0.793706	0
	0.296	0.000575	0.000525	0.786713	0
	0.297	0.00050625	0.0005125	0.789474	0
	0.298	0.000525	0.00054375	0.789474	0
	0.299	0.0006125	0.000625	0.785965	0
	0.3	0.000425	0.00048125	0.787234	0
	0.301	0.00055625	0.00050625	0.787234	0
	0.302	0.00054375	0.0005375	0.783688	0
	0.303	0.0006625	0.0004125	0.792115	0
	0.304	0.0004375	0.0005	0.78853	0
	0.305	0.00063125	0.00055	0.78853	0
	0.306	0.0005375	0.0004625	0.791367	0
	0.307	0.0006125	0.00054375	0.794224	0
	0.308	0.0006	0.0005875	0.794224	0
	0.309	0.00043125	0.00055	0.787004	0
	0.31	0.00060625	0.00046875	0.787004	0
	0.311	0.0005375	0.00046875	0.787004	0
	0.312	0.0005	0.0005375	0.789855	0
	0.313	0.00050625	0.00049375	0.789855	0
	0.314	0.00055	0.00040625	0.789091	0
	0.315	0.0005375	0.00044375	0.794872	0
	0.316	0.00061875	0.00046875	0.797794	0
	0.317	0.00060625	0.0004625	0.797794	0
	0.318	0.00055	0.00045625	0.797048	0
	0.319	0.0005375	0.00046875	0.788889	0
	0.32	0.0005625	0.00050625	0.794007	0
	0.321	0.00046875	0.00049375	0.793233	0
	0.322	0.00056875	0.000475	0.792453	0
	0.323	0.000475	0.00050625	0.781132	0
	0.324	0.0005125	0.00056875	0.781132	0
	0.325	0.00044375	0.00044375	0.777358	0
	0.326	0.0004375	0.00045625	0.777358	0
	0.327	0.00054375	0.0003875	0.773585	0
	0.328	0.0004	0.0004625	0.782443	0
	0.329	0.0004375	0.00045625	0.782443	0
	0.33	0.0005	0.0004625	0.785441	0
	0.331	0.00044375	0.00039375	0.788462	0
	0.332	0.0005625	0.00041875	0.794574	0
	0.333	0.00043125	0.00050625	0.794574	0
	0.334	0.00035625	0.0004125	0.794574	0
	0.335	0.00045625	0.0004625	0.789883	0
	0.336	0.000425	0.00046875	0.796078	0
	0.337	0.00041875	0.0004	0.799213	0
	0.338	0.000375	0.000425	0.791339	0
	0.339	0.000475	0.00048125	0.791339	0
	0.34	0.0003625	0.00046875	0.790514	0
	0.341	0.0003625	0.00048125	0.796813	0
	0.342	0.000325	0.0003875	0.788845	0
	0.343	0.00038125	0.00035	0.795181	0
	0.344	0.00033125	0.000375	0.801619	0
	0.345	0.00040625	0.00036875	0.801619	0
	0.346	0.00035625	0.0004375	0.793522	0
	0.347	0.00028125	0.00049375	0.787755	0
	0.348	0.0003	0.0004125	0.790984	0
	0.349	0.000375	0.0003875	0.793388	0
	0.35	0.00041875	0.0003625	0.8	0
	0.351	0.00035625	0.000425	0.8	0
	0.352	0.0003625	0.0004625	0.798319	0
	0.353	0.0003	0.000475	0.805085	0
	0.354	0.0003625	0.000375	0.805085	0
	0.355	0.00028125	0.00035625	0.805085	0
	0.356	0.0003	0.00043125	0.807692	0
	0.357	0.00033125	0.00043125	0.806867	0
	0.358	0.00039375	0.00030625	0.801724	0
	0.359	0.00038125	0.00040625	0.805195	0
	0.36	0.0003625	0.0003125	0.800866	0
	0.361	0.00030625	0.00041875	0.792208	0
	0.362	0.00035	0.00036875	0.792208	0
	0.363	0.000425	0.00040625	0.787879	0
	0.364	0.0003	0.0003375	0.798246	0
	0.365	0.00035	0.00046875	0.80531	0
	0.366	0.00038125	0.00051875	0.8	0
	0.367	0.000325	0.000325	0.803571	0
	0.368	0.00033125	0.00035625	0.803571	0
	0.369	0.00045625	0.00041875	0.803571	0
	0.37	0.00041875	0.00033125	0.798206	0
	0.371	0.00040625	0.0004125	0.793722	0
	0.372	0.00035	0.0003875	0.789238	0
	0.373	0.0003625	0.0003625	0.789238	0
	0.374	0.00050625	0.0004125	0.789238	0
	0.375	0.00041875	0.00046875	0.789238	0
	0.376	0.00035625	0.0004	0.784753	0
	0.377	0.000425	0.00046875	0.784753	0
	0.378	0.000425	0.00030625	0.784753	0
	0.379	0.00046875	0.000425	0.791855	0
	0.38	0.00045	0.00035	0.795455	0
	0.381	0.0004375	0.00035625	0.799087	0
	0.382	0.0003625	0.0003125	0.802752	0
	0.383	0.000425	0.000325	0.802752	0
	0.384	0.00039375	0.0003125	0.797235	0
	0.385	0.0003875	0.00043125	0.792627	0
	0.386	0.0004125	0.0003375	0.796296	0
	0.387	0.00035	0.0004125	0.795349	0
	0.388	0.0003875	0.0003625	0.790698	0
	0.389	0.0004375	0.00036875	0.786047	0
	0.39	0.00045625	0.000375	0.781395	0
	0.391	0.0003375	0.0003125	0.781395	0
	0.392	0.00046875	0.00035625	0.781395	0
	0.393	0.0004125	0.00030625	0.767442	0
	0.394	0.00040625	0.00035625	0.761682	0
	0.395	0.00039375	0.00030625	0.760563	0
	0.396	0.00044375	0.00026875	0.764151	0
	0.397	0.0003375	0.0003625	0.76555	0
	0.398	0.00036875	0.00034375	0.769231	0
	0.399	0.00049375	0.0003125	0.769231	0
	0.4	0.00049375	0.0003375	0.764423	0
	0.401	0.000475	0.0003	0.763285	0
	0.402	0.00038125	0.000325	0.763285	0
	0.403	0.00040625	0.0002875	0.758454	0
	0.404	0.00035625	0.0003125	0.748792	0
	0.405	0.00033125	0.00036875	0.752427	0
	0.406	0.00036875	0.0002875	0.752427	0
	0.407	0.00038125	0.00035625	0.754902	0
	0.408	0.00045	0.00034375	0.754902	0
	0.409	0.0003	0.0002625	0.754902	0
	0.41	0.00041875	0.00028125	0.754902	0
	0.411	0.00041875	0.00025625	0.753695	0
	0.412	0.00043125	0.0003125	0.748768	0
	0.413	0.00031875	0.0003	0.748768	0
	0.414	0.00035625	0.0002875	0.752475	0
	0.415	0.00035	0.00028125	0.747525	0
	0.416	0.000375	0.00025625	0.746269	0
	0.417	0.000425	0.0002625	0.746269	0
	0.418	0.00036875	0.000275	0.753769	0
	0.419	0.0003625	0.0002625	0.753769	0
	0.42	0.0004125	0.00033125	0.748744	0
	0.421	0.00045625	0.00023125	0.748744	0
	0.422	0.00040625	0.00030625	0.743719	0
	0.423	0.00049375	0.0002875	0.743719	0
	0.424	0.000325	0.00035625	0.743719	0
	0.425	0.0004125	0.0003625	0.742424	0
	0.426	0.00039375	0.00024375	0.746193	0
	0.427	0.000425	0.0002625	0.746193	0
	0.428	0.00041875	0.000275	0.75	0
	0.429	0.000475	0.00024375	0.75	0
	0.43	0.00046875	0.0002625	0.75	0
	0.431	0.0003625	0.0003625	0.752577	0
	0.432	0.00041875	0.00025	0.752577	0
	0.433	0.0004375	0.00029375	0.75	0
	0.434	0.00044375	0.00021875	0.753927	0
	0.435	0.0004125	0.00031875	0.761905	0
	0.436	0.00040625	0.0002625	0.756614	0
	0.437	0.0004625	0.00029375	0.756614	0
	0.438	0.00035625	0.000225	0.756614	0
	0.439	0.00043125	0.0003125	0.760638	0
	0.44	0.00033125	0.0002625	0.75	0
	0.441	0.00034375	0.0002625	0.758065	0
	0.442	0.00045625	0.00035	0.752688	0
	0.443	0.00041875	0.000425	0.747312	0
	0.444	0.00026875	0.0002375	0.741935	0
	0.445	0.000425	0.000225	0.748634	0
	0.446	0.00035625	0.00038125	0.756906	0
	0.447	0.0004125	0.0002375	0.765363	0
	0.448	0.00036875	0.00024375	0.75419	0
	0.449	0.00035625	0.00030625	0.752809	0
	0.45	0.0003125	0.00025625	0.752809	0
	0.451	0.00035625	0.00026875	0.757062	0
	0.452	0.00030625	0.0002625	0.745763	0
	0.453	0.00033125	0.0002875	0.740113	0
	0.454	0.0003125	0.00029375	0.744318	0
	0.455	0.00028125	0.00025625	0.744318	0
	0.456	0.00033125	0.00020625	0.744318	0
	0.457	0.000325	0.00025	0.748571	0
	0.458	0.00020625	0.000225	0.742857	0
	0.459	0.0003125	0.00038125	0.742857	0
	0.46	0.00035	0.00029375	0.737143	0
	0.461	0.000225	0.00023125	0.734104	0
	0.462	0.000325	0.0003	0.734104	0
	0.463	0.0002625	0.00024375	0.728324	0
	0.464	0.00026875	0.00020625	0.726744	0
	0.465	0.00025	0.00020625	0.726744	0
	0.466	0.00033125	0.00029375	0.726744	0
	0.467	0.00019375	0.0002875	0.719298	0
	0.468	0.0002875	0.0001875	0.723529	0
	0.469	0.0002625	0.00025	0.723529	0
	0.47	0.00031875	0.0003	0.727811	0
	0.471	0.0002	0.00024375	0.72619	0
	0.472	0.00034375	0.000275	0.733333	0
	0.473	0.0002625	0.0002625	0.742331	0
	0.474	0.00026875	0.00028125	0.742331	0
	0.475	0.00029375	0.0002375	0.740741	0
	0.476	0.00025625	0.0001875	0.74375	0
	0.477	0.000275	0.00026875	0.742138	0
	0.478	0.00021875	0.00024375	0.740506	0
	0.479	0.00026875	0.00028125	0.745223	0
	0.48	0.00030625	0.0002	0.732484	0
	0.481	0.00040625	0.00024375	0.726115	0
	0.482	0.00028125	0.0002125	0.719745	0
	0.483	0.0002875	0.00019375	0.724359	0
	0.484	0.0003125	0.00020625	0.729032	0
	0.485	0.000425	0.0002375	0.733766	0
	0.486	0.00031875	0.00024375	0.736842	0
	0.487	0.00039375	0.0003	0.736842	0
	0.488	0.00036875	0.00020625	0.736842	0
	0.489	0.00030625	0.00025625	0.736842	0
	0.49	0.000425	0.0002625	0.736842	0
	0.491	0.00039375	0.0003	0.741722	0
	0.492	0.0003625	0.0002	0.744966	0
	0.493	0.0003375	0.0001875	0.744966	0
	0.494	0.000375	0.000275	0.744966	0
	0.495	0.00031875	0.0002625	0.731544	0
	0.496	0.00038125	0.000225	0.731544	0
	0.497	0.00034375	0.00024375	0.731544	0
	0.498	0.00024375	0.00023125	0.741497	0
	0.499	0.00045	0.000225	0.734694	0
	0.5	0.00039375	0.00026875	0.734694	0
	0.501	0.00035	0.0002125	0.734694	0
	0.502	0.000375	0.000225	0.734694	0
	0.503	0.00038125	0.00021875	0.732877	0
	0.504	0.0004125	0.00019375	0.732877	0
	0.505	0.00031875	0.00025625	0.732877	0
	0.506	0.0003375	0.0002875	0.732877	0
	0.507	0.00035	0.0002	0.732877	0
	0.508	0.00045625	0.000225	0.737931	0
	0.509	0.00035	0.0001625	0.743056	0
	0.51	0.0003875	0.00019375	0.743056	0
	0.511	0.00034375	0.00025625	0.743056	0
	0.512	0.00035625	0.0002125	0.753521	0
	0.513	0.00041875	0.00023125	0.746479	0
	0.514	0.00035625	0.0002	0.739437	0
	0.515	0.00028125	0.0001625	0.739437	0
	0.516	0.00030625	0.00020625	0.744681	0
	0.517	0.00025625	0.00014375	0.744681	0
	0.518	0.00025625	0.0002375	0.75	0
	0.519	0.00029375	0.00018125	0.75	0
	0.52	0.000375	0.00021875	0.755396	0
	0.521	0.00030625	0.00030625	0.755396	0
	0.522	0.0002375	0.0001625	0.76087	0
	0.523	0.00020625	0.00019375	0.757353	0
	0.524	0.00029375	0.0001875	0.75	0
	0.525	0.00033125	0.0002375	0.75	0
	0.526	0.0002875	0.0001375	0.75	0
	0.527	0.0002125	0.00015625	0.75	0
	0.528	0.0002125	0.00019375	0.755556	0
	0.529	0.0002125	0.00016875	0.755556	0
	0.53	0.0002625	0.0002125	0.755556	0
	0.531	0.0002625	0.00014375	0.761194	0
	0.532	0.00020625	0.00014375	0.772727	0
	0.533	0.000225	0.00025	0.772727	0
	0.534	0.00019375	0.00023125	0.772727	0
	0.535	0.00021875	0.00023125	0.778626	0
	0.536	0.0001875	0.0001625	0.784615	0
	0.537	0.00015	0.00020625	0.776923	0
	0.538	0.00019375	0.00019375	0.782946	0
	0.539	0.00021875	0.0002125	0.789062	0
	0.54	0.00018125	0.00015	0.78125	0
	0.541	0.0001875	0.00020625	0.779528	0
	0.542	0.000175	0.00014375	0.771654	0
	0.543	0.00014375	0.00019375	0.771654	0
	0.544	0.00014375	0.00013125	0.76378	0
	0.545	0.00015625	0.000175	0.755906	0
	0.546	0.00024375	0.00014375	0.755906	0
	0.547	0.0001625	0.00014375	0.752	0
	0.548	0.00018125	0.00016875	0.770492	0
	0.549	0.00011875	0.000175	0.768595	0
	0.55	0.00015	0.0002	0.768595	0
	0.551	0.00019375	0.00020625	0.768595	0
	0.552	0.00016875	0.0001625	0.766667	0
	0.553	0.0001375	0.00021875	0.779661	0
	0.554	0.00015	0.00018125	0.779661	0
	0.555	0.000175	0.00023125	0.777778	0
	0.556	0.00011875	0.0001375	0.769231	0
	0.557	0.00015625	0.00021875	0.767241	0
	0.558	0.000275	0.00015625	0.767241	0
	0.559	0.000225	0.0001875	0.767241	0
	0.56	8.75e-05	0.00015625	0.767241	0
	0.561	0.00015	0.0001375	0.773913	0
	0.562	0.00020625	0.00015625	0.773913	0
	0.563	0.000175	0.0001125	0.765217	0
	0.564	0.00015	0.00019375	0.765217	0
	0.565	0.00014375	0.0001125	0.765217	0
	0.566	0.00014375	0.00024375	0.756522	0
	0.567	0.0002375	0.0001125	0.752212	0
	0.568	0.00025625	0.00016875	0.752212	0
	0.569	0.0002125	0.00015625	0.765766	0
	0.57	0.00024375	0.000225	0.772727	0
	0.571	0.0002125	0.0001375	0.772727	0
	0.572	0.00018125	0.0001	0.779817	0
	0.573	0.0001875	0.00013125	0.779817	0
	0.574	0.0002375	0.00010625	0.779817	0
	0.575	0.00018125	0.00018125	0.770642	0
	0.576	0.00023125	0.0001375	0.770642	0
	0.577	0.0002	0.00010625	0.770642	0
	0.578	0.0002125	0.00011875	0.761468	0
	0.579	0.00024375	0.00015	0.761468	0
	0.58	0.00018125	0.000275	0.761468	0
	0.581	0.0002	0.00015	0.752294	0
	0.582	0.00020625	0.0001375	0.752294	0
	0.583	0.00021875	0.00016875	0.752294	0
	0.584	0.00020625	0.00016875	0.733945	0
	0.585	0.0001875	0.00014375	0.740741	0
	0.586	0.00021875	0.00019375	0.740741	0
	0.587	0.0002625	0.0002	0.731481	0
	0.588	0.000225	0.0001375	0.731481	0
	0.589	0.00020625	0.00010625	0.731481	0
	0.59	0.00016875	0.00011875	0.738318	0
	0.591	0.00025625	0.00020625	0.728972	0
	0.592	0.000275	0.00016875	0.726415	0
	0.593	0.00025	0.0001875	0.726415	0
	0.594	0.0002625	0.000175	0.716981	0
	0.595	0.00026875	0.00011875	0.707547	0
	0.596	0.000225	0.000175	0.698113	0
	0.597	0.00023125	0.0001875	0.688679	0
	0.598	0.00026875	0.00011875	0.679245	0
	0.599	0.0002625	0.00011875	0.679245	0
	0.6	0.00029375	0.00010625	0.679245	0
	0.601	0.0002875	0.0002	0.679245	0
	0.602	0.000275	0.00015625	0.67619	0
	0.603	0.000275	0.00014375	0.682692	0
	0.604	0.000275	0.00013125	0.673077	0
	0.605	0.00025625	9.375e-05	0.663462	0
	0.606	0.000275	0.00011875	0.660194	0
	0.607	0.000325	8.75e-05	0.660194	0
	0.608	0.00033125	0.00013125	0.666667	0
	0.609	0.00025625	0.00011875	0.673267	0
	0.61	0.000275	0.0001375	0.673267	0
	0.611	0.0002625	0.0001125	0.653465	0
	0.612	0.0003	0.0001625	0.643564	0
	0.613	0.00030625	0.00013125	0.643564	0
	0.614	0.00025625	0.00011875	0.643564	0
	0.615	0.0003125	0.00011875	0.633663	0
	0.616	0.000325	0.00014375	0.633663	0
	0.617	0.00025	0.00019375	0.623762	0
	0.618	0.00025625	0.000125	0.623762	0
	0.619	0.0003125	0.000175	0.623762	0
	0.62	0.00033125	0.00018125	0.636364	0
	0.621	0.00033125	0.0002	0.642857	0
	0.622	0.000225	0.00013125	0.649485	0
	0.623	0.000275	0.00010625	0.649485	0
	0.624	0.00035625	0.00019375	0.639175	0
	0.625	0.00036875	0.00013125	0.639175	0
	0.626	0.0002625	0.000125	0.639175	0
	0.627	0.0003	0.0001125	0.639175	0
	0.628	0.000325	0.0001625	0.635417	0
	0.629	0.000275	0.00014375	0.642105	0
	0.63	0.00026875	0.0001125	0.648936	0
	0.631	0.00025	0.00010625	0.663043	0
	0.632	0.0003125	0.0001125	0.663043	0
	0.633	0.0004375	0.000125	0.641304	0
	0.634	0.0004375	5.625e-05	0.641304	0
	0.635	0.00031875	0.00013125	0.637363	0
	0.636	0.00033125	0.0001	0.637363	0
	0.637	0.000275	6.25e-05	0.637363	0
	0.638	0.000275	0.0001125	0.626374	0
	0.639	0.00025	0.00015	0.604396	0
	0.64	0.0003	8.75e-05	0.604396	0
	0.641	0.0003375	0.00013125	0.604396	0
	0.642	0.0002625	9.375e-05	0.6	0
	0.643	0.0002875	0.00014375	0.6	0
	0.644	0.00028125	9.375e-05	0.613636	0
	0.645	0.00021875	0.0001	0.627907	0
	0.646	0.0002625	0.00011875	0.627907	0
	0.647	0.00036875	0.000125	0.623529	0
	0.648	0.00028125	0.0001375	0.623529	0
	0.649	0.00026875	7.5e-05	0.630952	0
	0.65	0.00030625	0.0001125	0.619048	0
	0.651	0.00024375	8.125e-05	0.619048	0
	0.652	0.0002625	0.00011875	0.619048	0
	0.653	0.0002625	6.875e-05	0.626506	0
	0.654	0.0002625	0.00014375	0.626506	0
	0.655	0.0003375	0.00013125	0.626506	0
	0.656	0.00021875	6.875e-05	0.626506	0
	0.657	0.00028125	0.0001	0.626506	0
	0.658	0.000225	9.375e-05	0.621951	0
	0.659	0.00026875	0.00011875	0.621951	0
	0.66	0.000275	0.00010625	0.62963	0
	0.661	0.00031875	0.0001	0.62963	0
	0.662	0.000225	0.00010625	0.6375	0
	0.663	0.00023125	7.5e-05	0.6375	0
	0.664	0.00024375	0.0001125	0.625	0
	0.665	0.00025625	0.00010625	0.625	0
	0.666	0.0002125	8.75e-05	0.644737	0
	0.667	0.0003375	8.125e-05	0.644737	0
	0.668	0.000275	9.375e-05	0.644737	0
	0.669	0.00019375	8.75e-05	0.653333	0
	0.67	0.00018125	4.375e-05	0.653333	0
	0.671	0.0002375	0.0001125	0.653333	0
	0.672	0.0002125	7.5e-05	0.662162	0
	0.673	0.0002125	9.375e-05	0.662162	0
	0.674	0.000175	2.5e-05	0.680556	0
	0.675	0.00019375	6.25e-05	0.690141	0
	0.676	0.000225	5e-05	0.676056	0
	0.677	0.0002375	8.125e-05	0.676056	0
	0.678	0.00016875	6.25e-05	0.685714	0
	0.679	0.0002	6.25e-05	0.685714	0
	0.68	0.000225	8.125e-05	0.691176	0
	0.681	0.0002	6.25e-05	0.712121	0
	0.682	0.0002125	0.0001125	0.69697	0
	0.683	0.00019375	4.375e-05	0.69697	0
	0.684	0.00019375	5.625e-05	0.69697	0
	0.685	0.00013125	6.25e-05	0.69697	0
	0.686	0.0001625	5e-05	0.69697	0
	0.687	0.0001625	5.625e-05	0.707692	0
	0.688	0.0001125	8.75e-05	0.707692	0
	0.689	0.0002	5e-05	0.707692	0
	0.69	0.0002	0.00011875	0.676923	0
	0.691	0.00014375	6.875e-05	0.6875	0
	0.692	0.00011875	5.625e-05	0.6875	0
	0.693	0.0001625	0.00010625	0.698413	0
	0.694	0.0001125	8.125e-05	0.698413	0
	0.695	0.00011875	0.0001	0.698413	0
	0.696	0.00013125	8.75e-05	0.698413	0
	0.697	0.00011875	6.25e-05	0.68254	0
	0.698	0.0001875	5.625e-05	0.666667	0
	0.699	0.00018125	6.25e-05	0.666667	0
	0.7	0.000125	6.875e-05	0.66129	0
	0.701	0.00011875	8.75e-05	0.672131	0
	0.702	0.0001125	5.625e-05	0.672131	0
	0.703	0.000175	5e-05	0.672131	0
	0.704	0.00015625	5e-05	0.672131	0
	0.705	0.00014375	3.75e-05	0.655738	0
	0.706	0.00014375	8.125e-05	0.639344	0
	0.707	0.00010625	9.375e-05	0.639344	0
	0.708	0.00016875	5.625e-05	0.65	0
	0.709	0.00013125	5e-05	0.661017	0
	0.71	0.00014375	3.75e-05	0.672414	0
	0.711	0.000175	5e-05	0.666667	0
	0.712	0.00011875	5e-05	0.678571	0
	0.713	0.00013125	6.875e-05	0.660714	0
	0.714	0.000175	7.5e-05	0.654545	0
	0.715	0.00015	6.875e-05	0.62963	0
	0.716	0.0001625	8.125e-05	0.62963	0
	0.717	0.0001125	6.25e-05	0.62963	0
	0.718	0.0001625	6.25e-05	0.62963	0
	0.719	0.00011875	4.375e-05	0.611111	0
	0.72	0.00023125	4.375e-05	0.611111	0
	0.721	0.0002	5.625e-05	0.574074	0
	0.722	0.000175	3.75e-05	0.566038	0
	0.723	0.00016875	6.875e-05	0.576923	0
	0.724	0.0001875	6.875e-05	0.576923	0
	0.725	0.00018125	4.375e-05	0.576923	0
	0.726	0.00021875	7.5e-05	0.576923	0
	0.727	0.00019375	5.625e-05	0.568627	0
	0.728	0.00024375	4.375e-05	0.568627	0
	0.729	0.00025625	3.75e-05	0.568627	0
	0.73	0.000225	6.25e-05	0.568627	0
	0.731	0.00015625	6.875e-05	0.568627	0
	0.732	0.000225	6.875e-05	0.568627	0
	0.733	0.0002	5.625e-05	0.568627	0
	0.734	0.0002	7.5e-05	0.568627	0
	0.735	0.000225	3.125e-05	0.568627	0
	0.736	0.00025	4.375e-05	0.58	0
	0.737	0.0002875	4.375e-05	0.58	0
	0.738	0.0002625	3.125e-05	0.58	0
	0.739	0.00025625	3.125e-05	0.58	0
	0.74	0.00020625	5e-05	0.58	0
	0.741	0.00019375	6.875e-05	0.58	0
	0.742	0.00021875	4.375e-05	0.56	0
	0.743	0.00019375	3.125e-05	0.571429	0
	0.744	0.00025	6.25e-05	0.583333	0
	0.745	0.000175	5.625e-05	0.5625	0
	0.746	0.00030625	3.75e-05	0.5625	0
	0.747	0.00023125	5.625e-05	0.574468	0
	0.748	0.00018125	4.375e-05	0.574468	0
	0.749	0.00029375	5e-05	0.586957	0
	0.75	0.00019375	4.375e-05	0.586957	0
	0.751	0.00023125	4.375e-05	0.6	0
	0.752	0.00018125	2.5e-05	0.613636	0
	0.753	0.00015625	4.375e-05	0.613636	0
	0.754	0.0002125	6.875e-05	0.613636	0
	0.755	0.000175	5e-05	0.568182	0
	0.756	0.00015	3.75e-05	0.568182	0
	0.757	0.00019375	2.5e-05	0.568182	0
	0.758	0.00020625	3.125e-05	0.568182	0
	0.759	0.000225	4.375e-05	0.545455	0
	0.76	0.00024375	3.125e-05	0.545455	0
	0.761	0.000175	3.125e-05	0.545455	0
	0.762	0.000175	5e-05	0.545455	0
	0.763	0.000175	3.75e-05	0.55814	0
	0.764	0.000225	3.75e-05	0.55814	0
	0.765	0.00019375	1.25e-05	0.571429	0
	0.766	0.00015	4.375e-05	0.52381	0
	0.767	0.000175	3.75e-05	0.5	0
	0.768	0.00016875	1.25e-05	0.487805	0
	0.769	0.0001375	1.875e-05	0.463415	0
	0.77	0.00018125	3.75e-05	0.439024	0
	0.771	0.0002125	3.75e-05	0.439024	0
	0.772	0.000125	6.25e-05	0.414634	0
	0.773	8.125e-05	1.25e-05	0.4	0
	0.774	0.000125	4.375e-05	0.4	0
	0.775	0.00015	3.125e-05	0.394737	0
	0.776	0.0001625	5e-05	0.394737	0
	0.777	0.00019375	4.375e-05	0.394737	0
	0.778	0.0001375	6.25e-06	0.368421	0
	0.779	0.000175	1.875e-05	0.368421	0
	0.78	0.0002375	2.5e-05	0.361111	0
	0.781	0.0001625	3.125e-05	0.333333	0
	0.782	0.00011875	6.25e-06	0.333333	0
	0.783	0.0002125	1.25e-05	0.342857	0
	0.784	0.0001	1.25e-05	0.342857	0
	0.785	0.00018125	1.875e-05	0.342857	0
	0.786	0.00020625	4.375e-05	0.363636	0
	0.787	0.00026875	1.25e-05	0.363636	0
	0.788	0.00020625	2.5e-05	0.363636	0
	0.789	0.00013125	2.5e-05	0.363636	0
	0.79	0.00020625	5e-05	0.375	0
	0.791	0.00023125	3.125e-05	0.387097	0
	0.792	0.00020625	2.5e-05	0.4	0
	0.793	0.00015625	1.875e-05	0.4	0
	0.794	0.000175	4.375e-05	0.413793	0
	0.795	0.00020625	3.75e-05	0.413793	0
	0.796	0.0002875	2.5e-05	0.413793	0
	0.797	0.00024375	0	0.37931	0
	0.798	0.00024375	2.5e-05	0.37931	0
	0.799	0.00029375	5e-05	0.37931	0
	0.8	0.00029375	4.375e-05	0.344828	0
	0.801	0.00024375	2.5e-05	0.344828	0
	0.802	0.000275	1.875e-05	0.344828	0
	0.803	0.000175	1.875e-05	0.344828	0
	0.804	0.000225	3.125e-05	0.310345	0
	0.805	0.000275	1.25e-05	0.275862	0
	0.806	0.00015	1.25e-05	0.275862	0
	0.807	0.00021875	6.25e-06	0.275862	0
	0.808	0.00018125	3.125e-05	0.275862	0
	0.809	0.000225	1.25e-05	0.285714	0
	0.81	0.000225	1.25e-05	0.285714	0
	0.811	0.00019375	3.75e-05	0.296296	0
	0.812	0.00024375	3.125e-05	0.307692	0
	0.813	0.0001875	1.875e-05	0.307692	0
	0.814	0.0002125	2.5e-05	0.307692	0
	0.815	0.00018125	2.5e-05	0.32	0
	0.816	0.00020625	2.5e-05	0.32	0
	0.817	0.0002125	2.5e-05	0.333333	0
	0.818	0.000225	1.875e-05	0.291667	0
	0.819	0.0002	1.25e-05	0.291667	0
	0.82	0.0001625	2.5e-05	0.291667	0
	0.821	0.00015625	4.375e-05	0.291667	0
	0.822	0.00020625	1.875e-05	0.291667	0
	0.823	0.00015625	1.875e-05	0.291667	0
	0.824	0.00015625	6.25e-06	0.318182	0
	0.825	8.75e-05	1.875e-05	0.318182	0
	0.826	0.0002375	2.5e-05	0.318182	0
	0.827	0.00019375	6.25e-06	0.318182	0
	0.828	0.000125	0	0.333333	0
	0.829	0.00019375	6.25e-06	0.35	0
	0.83	0.0001625	3.125e-05	0.388889	0
	0.831	8.75e-05	6.25e-06	0.388889	0
	0.832	0.0001625	1.875e-05	0.388889	0
	0.833	0.00011875	0	0.388889	0
	0.834	0.0001	6.25e-06	0.388889	0
	0.835	0.0001375	1.875e-05	0.388889	0
	0.836	0.00010625	1.875e-05	0.333333	0
	0.837	8.75e-05	6.25e-06	0.375	0
	0.838	0.0001125	6.25e-06	0.375	0
	0.839	8.125e-05	6.25e-06	0.375	0
	0.84	0.00010625	1.25e-05	0.375	0
	0.841	7.5e-05	1.25e-05	0.375	0
	0.842	0.00010625	0	0.375	0
	0.843	3.125e-05	1.25e-05	0.3125	0
	0.844	7.5e-05	6.25e-06	0.3125	0
	0.845	6.25e-05	6.25e-06	0.3125	0
	0.846	6.875e-05	1.25e-05	0.3125	0
	0.847	6.25e-05	6.25e-06	0.3125	0
	0.848	8.125e-05	0	0.333333	0
	0.849	7.5e-05	6.25e-06	0.285714	0
	0.85	7.5e-05	6.25e-06	0.307692	0
	0.851	0.00010625	1.25e-05	0.307692	0
	0.852	7.5e-05	1.25e-05	0.333333	0
	0.853	7.5e-05	6.25e-06	0.363636	0
	0.854	6.25e-05	2.5e-05	0.4	0
	0.855	6.875e-05	0	0.4	0
	0.856	6.875e-05	1.25e-05	0.4	0
	0.857	3.125e-05	1.25e-05	0.444444	0
	0.858	5.625e-05	1.25e-05	0.444444	0
	0.859	5e-05	0	0.444444	0
	0.86	3.125e-05	1.875e-05	0.444444	0
	0.861	3.75e-05	0	0.5	0
	0.862	6.875e-05	6.25e-06	0.5	0
	0.863	6.25e-05	1.25e-05	0.5	0
	0.864	8.125e-05	0	0.5	0
	0.865	7.5e-05	6.25e-06	0.375	0
	0.866	4.375e-05	1.25e-05	0.375	0
	0.867	8.75e-05	6.25e-06	0.375	0
	0.868	5e-05	6.25e-06	0.375	0
	0.869	7.5e-05	1.25e-05	0.375	0
	0.87	5e-05	1.25e-05	0.375	0
	0.871	6.25e-05	0	0.375	0
	0.872	0.00011875	1.25e-05	0.375	0
	0.873	6.875e-05	6.25e-06	0.375	0
	0.874	4.375e-05	1.25e-05	0.428571	0
	0.875	3.75e-05	0	0.428571	0
	0.876	8.75e-05	0	0.428571	0
	0.877	4.375e-05	1.25e-05	0.428571	0
	0.878	5.625e-05	0	0.428571	0
	0.879	4.375e-05	6.25e-06	0.428571	0
	0.88	2.5e-05	0	0.428571	0
	0.881	4.375e-05	1.875e-05	0.428571	0
	0.882	6.25e-05	0	0.428571	0
	0.883	5e-05	1.25e-05	0.428571	0
	0.884	3.125e-05	0	0.428571	0
	0.885	3.75e-05	0	0.428571	0
	0.886	5e-05	0	0.285714	0
	0.887	3.125e-05	1.25e-05	0.285714	0
	0.888	6.875e-05	0	0.285714	0
	0.889	1.25e-05	6.25e-06	0.333333	0
	0.89	1.875e-05	0	0.333333	0
	0.891	3.125e-05	1.25e-05	0.333333	0
	0.892	3.75e-05	6.25e-06	0.333333	0
	0.893	4.375e-05	0	0.333333	0
	0.894	3.125e-05	6.25e-06	0.333333	0
	0.895	4.375e-05	0	0.4	0
	0.896	4.375e-05	6.25e-06	0.2	0
	0.897	6.25e-05	0	0.2	0
	0.898	5e-05	6.25e-06	0.25	0
	0.899	1.25e-05	0	0.25	0
	0.9	1.875e-05	6.25e-06	0.25	0
	0.901	5e-05	1.25e-05	0.25	0
	0.902	3.75e-05	0	0.25	0
	0.903	6.25e-05	0	0.25	0
	0.904	5e-05	0	0.25	0
	0.905	5.625e-05	6.25e-06	0.25	0
	0.906	6.25e-05	1.25e-05	0.25	0
	0.907	8.75e-05	0	0.25	0
	0.908	4.375e-05	0	0.25	0
	0.909	3.125e-05	6.25e-06	0.25	0
	0.91	4.375e-05	0	0.25	0
	0.911	5.625e-05	1.25e-05	0.25	0
	0.912	3.75e-05	0	0.25	0
	0.913	5e-05	0	0.25	0
	0.914	5e-05	6.25e-06	0.25	0
	0.915	4.375e-05	1.25e-05	0.25	0
	0.916	4.375e-05	6.25e-06	0.25	0
	0.917	3.125e-05	0	0.25	0
	0.918	5e-05	0	0.25	0
	0.919	4.375e-05	0	0.333333	0
	0.92	3.75e-05	0	0.333333	0
	0.921	6.875e-05	0	0.333333	0
	0.922	3.125e-05	0	0.333333	0
	0.923	3.125e-05	0	0.333333	0
	0.924	3.125e-05	6.25e-06	0.333333	0
	0.925	3.125e-05	0	0.333333	0
	0.926	1.25e-05	0	0.333333	0
	0.927	6.25e-06	0	0.333333	0
	0.928	1.875e-05	0	0.333333	0
	0.929	1.875e-05	6.25e-06	0.333333	0
	0.93	0	0	0.5	0
	0.931	6.25e-06	0	0.5	0
	0.932	0	0	0.5	0
	0.933	6.25e-06	0	0.5	0
	0.934	0	6.25e-06	0.5	0
	0.935	6.25e-06	0	0.5	0
	0.936	0	0	0.5	0
	0.937	0	0	0.5	0
	0.938	0	0	0.5	0
	0.939	0	6.25e-06	0.5	0
	0.94	6.25e-06	0	0.5	0
	0.941	0	0	1	0
	0.942	0	6.25e-06	1	0
	0.943	0	0	1	0
	0.944	0	0	1	0
	0.945	0	0	1	0
	0.946	0	0	1	0
	0.947	0	0	1	0
	0.948	0	0	1	0
	0.949	0	0	1	0
	0.95	0	0	1	0
	0.951	0	0	1	0
	0.952	0	0	1	0
	0.953	0	0	1	0
	0.954	0	0	1	0
	0.955	0	0	1	0
	0.956	0	0	1	0
	0.957	0	0	1	0
	0.958	0	0	1	0
	0.959	0	0	1	0
	0.96	0	0	1	0
	0.961	0	6.25e-06	1	0
	0.962	0	0	1	0
	0.963	0	0	1	0
	0.964	0	0	1	0
	0.965	0	0	1	0
	0.966	0	0	1	0
	0.967	0	0	1	0
	0.968	0	0	1	0
	0.969	0	0	1	0
	0.97	0	0	1	0
	0.971	0	0	1	0
	0.972	6.25e-06	0	1	0
	0.973	6.25e-06	0	0	0
	0.974	0	0	0	0
	0.975	1.25e-05	0	0	0
	0.976	6.25e-06	0	0	0
	0.977	1.875e-05	0	0	0
	0.978	3.125e-05	0	0	0
	0.979	5e-05	0	0	0
	0.98	4.375e-05	0	0	0
	0.981	5e-05	0	0	0
	0.982	3.75e-05	0	0	0
	0.983	6.875e-05	0	0	0
	0.984	6.875e-05	0	0	0
	0.985	1.25e-05	0	0	0
	0.986	5.625e-05	0	0	0
	0.987	5e-05	0	0	0
	0.988	4.375e-05	0	0	0
	0.989	1.25e-05	0	0	0
	0.99	3.75e-05	0	0	0
	0.991	0	0	0	0
	0.992	6.25e-06	0	0	0
	0.993	6.25e-06	0	0	0
	0.994	0	0	0	0
	0.995	0	0	0	0
	0.996	0	0	0	0
	0.997	0	0	0	0
	0.998	0	0	0	0
	0.999	0	0	0	0
	1	0	0	0	0


#	yrange	sparsity	# links	zeta	support at cross	fraction FP
	0	0.173125	277	0.00231865	0.781	0.107157
	0.35	0.173125	277	0.00231865	0.781	0.107157
