#	Frequencies and overlap
#	bins	MYC	shuffle	overlap_MYC	overlap_shuffle
	0	0.274238	0.325763	0.89575	0
	0.001	0.00530625	0	0.888708	0
	0.002	0.0037875	0	0.889163	0
	0.003	0.00375	0	0.891556	0
	0.004	0.00365625	6.25e-06	0.893333	0
	0.005	0.00353125	0	0.894384	0
	0.006	0.00351875	0	0.895623	0
	0.007	0.00333125	3.75e-05	0.895182	0
	0.008	0.00364375	4.375e-05	0.891617	0
	0.009	0.0030875	3.125e-05	0.892766	0
	0.01	0.00295625	5.625e-05	0.888416	0
	0.011	0.0029	6.25e-05	0.887083	0
	0.012	0.00258125	6.875e-05	0.889845	0
	0.013	0.00291875	3.75e-05	0.893414	0
	0.014	0.0026	0.0001	0.894415	0
	0.015	0.00275625	9.375e-05	0.894046	0
	0.016	0.002575	6.875e-05	0.894459	0
	0.017	0.0026125	5e-05	0.893993	0
	0.018	0.002375	0.00013125	0.894316	0
	0.019	0.0025125	0.0001375	0.891266	0
	0.02	0.002525	0.0001625	0.892569	0
	0.021	0.00255625	0.00016875	0.890681	0
	0.022	0.002525	0.0002125	0.893885	0
	0.023	0.0025625	0.000175	0.895401	0
	0.024	0.002425	0.0002125	0.899457	0
	0.025	0.00216875	0.0002625	0.899183	0
	0.026	0.00254375	0.0001625	0.899909	0
	0.027	0.00271875	0.0002125	0.896804	0
	0.028	0.00210625	0.0002625	0.899083	0
	0.029	0.00235	0.00015	0.900644	0
	0.03	0.002125	0.000225	0.899446	0
	0.031	0.00194375	0.000225	0.897507	0
	0.032	0.00195625	0.00028125	0.899721	0
	0.033	0.00189375	0.00025	0.899535	0
	0.034	0.0017125	0.00024375	0.898321	0
	0.035	0.0019375	0.0004	0.898876	0
	0.036	0.00184375	0.000375	0.901223	0
	0.037	0.0017	0.0002875	0.902922	0
	0.038	0.0016125	0.00028125	0.902647	0
	0.039	0.0017875	0.00036875	0.903226	0
	0.04	0.001625	0.00041875	0.90295	0
	0.041	0.00151875	0.00048125	0.910663	0
	0.042	0.00156875	0.00055	0.913211	0
	0.043	0.00175	0.00041875	0.914894	0
	0.044	0.00171875	0.0005125	0.914563	0
	0.045	0.00168125	0.00055	0.91537	0
	0.046	0.0016	0.0005125	0.911392	0
	0.047	0.00164375	0.0004875	0.913001	0
	0.048	0.00150625	0.00049375	0.912916	0
	0.049	0.00129375	0.0005	0.915604	0
	0.05	0.0014625	0.00058125	0.912574	0
	0.051	0.00145625	0.0005875	0.917903	0
	0.052	0.00125625	0.0006	0.914767	0
	0.053	0.00121875	0.00055625	0.915591	0
	0.054	0.0013875	0.0005625	0.913519	0
	0.055	0.00119375	0.00055	0.910448	0
	0.056	0.00134375	0.00053125	0.911266	0
	0.057	0.00136875	0.00059375	0.913	0
	0.058	0.0010875	0.0007625	0.913	0
	0.059	0.00115	0.00070625	0.919355	0
	0.06	0.00124375	0.00060625	0.916246	0
	0.061	0.00126875	0.00060625	0.912121	0
	0.062	0.001075	0.0007625	0.91269	0
	0.063	0.00129375	0.00069375	0.91353	0
	0.064	0.00109375	0.0006875	0.914198	0
	0.065	0.0012375	0.0006625	0.912155	0
	0.066	0.00119375	0.0006625	0.908905	0
	0.067	0.00123125	0.00075625	0.909744	0
	0.068	0.00139375	0.00065	0.911432	0
	0.069	0.0010875	0.00065625	0.908247	0
	0.07	0.0012	0.00083125	0.907867	0
	0.071	0.00128125	0.0008625	0.907676	0
	0.072	0.0014	0.00069375	0.90758	0
	0.073	0.00135625	0.00083125	0.904465	0
	0.074	0.00134375	0.0008875	0.902388	0
	0.075	0.00146875	0.00078125	0.901042	0
	0.076	0.001275	0.00071875	0.898853	0
	0.077	0.00129375	0.00089375	0.898429	0
	0.078	0.00143125	0.0008375	0.898429	0
	0.079	0.00136875	0.0007875	0.898216	0
	0.08	0.00138125	0.0008125	0.899054	0
	0.081	0.00159375	0.0009	0.894848	0
	0.082	0.00148125	0.00076875	0.893684	0
	0.083	0.00155625	0.00085625	0.891465	0
	0.084	0.0015625	0.00090625	0.893235	0
	0.085	0.0013875	0.00090625	0.895016	0
	0.086	0.00135625	0.00091875	0.893843	0
	0.087	0.00138125	0.000975	0.895745	0
	0.088	0.0015375	0.00088125	0.893504	0
	0.089	0.0015125	0.00091875	0.894344	0
	0.09	0.00145625	0.00086875	0.897106	0
	0.091	0.00133125	0.00083125	0.895923	0
	0.092	0.0013375	0.0010375	0.89485	0
	0.093	0.001425	0.000925	0.891515	0
	0.094	0.0016125	0.00085	0.891515	0
	0.095	0.00134375	0.00104375	0.891281	0
	0.096	0.00138125	0.00098125	0.891046	0
	0.097	0.0012	0.001	0.88973	0
	0.098	0.0013	0.000875	0.891658	0
	0.099	0.0014	0.00099375	0.889491	0
	0.1	0.0011625	0.001125	0.888286	0
	0.101	0.00116875	0.00101875	0.88913	0
	0.102	0.00125625	0.00109375	0.89083	0
	0.103	0.00103125	0.0009625	0.894621	0
	0.104	0.0011125	0.0009125	0.894389	0
	0.105	0.0012625	0.00089375	0.897238	0
	0.106	0.001075	0.0009875	0.895903	0
	0.107	0.0011125	0.001125	0.89357	0
	0.108	0.00104375	0.0011375	0.894209	0
	0.109	0.00100625	0.001	0.894091	0
	0.11	0.000925	0.00100625	0.894855	0
	0.111	0.001075	0.00093125	0.892617	0
	0.112	0.00100625	0.00101875	0.893617	0
	0.113	0.001025	0.0012125	0.895506	0
	0.114	0.00100625	0.00095	0.893258	0
	0.115	0.00109375	0.00111875	0.893785	0
	0.116	0.0012	0.0010875	0.892534	0
	0.117	0.00096875	0.00105625	0.89128	0
	0.118	0.00096875	0.00095	0.893303	0
	0.119	0.00105625	0.00118125	0.896237	0
	0.12	0.00103125	0.00100625	0.900344	0
	0.121	0.00118125	0.00094375	0.900115	0
	0.122	0.0011125	0.00106875	0.897465	0
	0.123	0.0009625	0.0009875	0.897347	0
	0.124	0.0012125	0.00101875	0.899306	0
	0.125	0.0011125	0.00108125	0.896991	0
	0.126	0.00105	0.0009625	0.893271	0
	0.127	0.00104375	0.00103125	0.894186	0
	0.128	0.00115	0.00104375	0.893939	0
	0.129	0.00105625	0.00113125	0.893939	0
	0.13	0.001275	0.00096875	0.891608	0
	0.131	0.00106875	0.00106875	0.892398	0
	0.132	0.0011875	0.00125625	0.892272	0
	0.133	0.00106875	0.00120625	0.890973	0
	0.134	0.00110625	0.00099375	0.889412	0
	0.135	0.000875	0.00108125	0.891381	0
	0.136	0.00108125	0.00118125	0.890201	0
	0.137	0.0011625	0.001075	0.89218	0
	0.138	0.0011625	0.00105625	0.890736	0
	0.139	0.00118125	0.0011375	0.888361	0
	0.14	0.00106875	0.001175	0.888361	0
	0.141	0.00121875	0.001075	0.88361	0
	0.142	0.00110625	0.00114375	0.88081	0
	0.143	0.001275	0.00105	0.877235	0
	0.144	0.0012875	0.00113125	0.87799	0
	0.145	0.0009625	0.001025	0.876794	0
	0.146	0.00109375	0.0010375	0.875598	0
	0.147	0.00095625	0.0010625	0.874251	0
	0.148	0.00118125	0.00114375	0.877256	0
	0.149	0.00098125	0.00110625	0.877108	0
	0.15	0.00119375	0.00108125	0.878019	0
	0.151	0.00095625	0.00114375	0.877872	0
	0.152	0.0010375	0.000975	0.877576	0
	0.153	0.0010125	0.00126875	0.879708	0
	0.154	0.00104375	0.00111875	0.880633	0
	0.155	0.00116875	0.0010125	0.883578	0
	0.156	0.00106875	0.0010125	0.881127	0
	0.157	0.0010125	0.00100625	0.884379	0
	0.158	0.00079375	0.001025	0.882861	0
	0.159	0.00098125	0.0011125	0.881628	0
	0.16	0.00103125	0.00115625	0.882571	0
	0.161	0.00094375	0.0011875	0.881988	0
	0.162	0.000975	0.00125	0.881988	0
	0.163	0.00105	0.0010875	0.883085	0
	0.164	0.0011	0.00111875	0.887359	0
	0.165	0.0008875	0.0010875	0.883605	0
	0.166	0.0009875	0.001125	0.886935	0
	0.167	0.001025	0.0010375	0.887909	0
	0.168	0.000925	0.001175	0.886507	0
	0.169	0.001	0.00101875	0.882724	0
	0.17	0.00079375	0.00113125	0.881313	0
	0.171	0.00101875	0.00111875	0.883544	0
	0.172	0.00089375	0.00110625	0.883249	0
	0.173	0.00105625	0.001175	0.884224	0
	0.174	0.0007875	0.00110625	0.885204	0
	0.175	0.00086875	0.001225	0.882653	0
	0.176	0.00094375	0.00110625	0.882503	0
	0.177	0.00091875	0.00099375	0.885897	0
	0.178	0.00080625	0.00125	0.881748	0
	0.179	0.00083125	0.00118125	0.880463	0
	0.18	0.000825	0.00091875	0.879022	0
	0.181	0.001	0.0011125	0.876289	0
	0.182	0.00091875	0.00115	0.878396	0
	0.183	0.0009875	0.00094375	0.880519	0
	0.184	0.00076875	0.00113125	0.880208	0
	0.185	0.000875	0.00105	0.884817	0
	0.186	0.00084375	0.0010875	0.884817	0
	0.187	0.00088125	0.000975	0.887139	0
	0.188	0.00089375	0.00121875	0.883049	0
	0.189	0.0008375	0.000975	0.882895	0
	0.19	0.00094375	0.001125	0.880105	0
	0.191	0.000825	0.0012375	0.880105	0
	0.192	0.000875	0.00104375	0.882275	0
	0.193	0.00081875	0.00111875	0.87947	0
	0.194	0.0008125	0.00125625	0.880478	0
	0.195	0.0010125	0.00108125	0.877822	0
	0.196	0.00078125	0.00128125	0.88	0
	0.197	0.00083125	0.00101875	0.88	0
	0.198	0.000875	0.00106875	0.88	0
	0.199	0.00085	0.0013	0.881175	0
	0.2	0.00090625	0.00105625	0.882195	0
	0.201	0.0008125	0.001125	0.885753	0
	0.202	0.0008	0.00116875	0.886945	0
	0.203	0.0009125	0.001075	0.88664	0
	0.204	0.0008375	0.00108125	0.889039	0
	0.205	0.000875	0.00125625	0.890095	0
	0.206	0.000875	0.00109375	0.888738	0
	0.207	0.00073125	0.0011875	0.891008	0
	0.208	0.0007625	0.00106875	0.889646	0
	0.209	0.0007875	0.00105625	0.89071	0
	0.21	0.0009125	0.00109375	0.889193	0
	0.211	0.00065625	0.0011375	0.891632	0
	0.212	0.00075625	0.00103125	0.891484	0
	0.213	0.0009	0.00105	0.889959	0
	0.214	0.0006875	0.0011625	0.88843	0
	0.215	0.000675	0.00106875	0.888276	0
	0.216	0.00070625	0.00124375	0.890582	0
	0.217	0.00078125	0.0012125	0.89043	0
	0.218	0.0007625	0.00104375	0.894003	0
	0.219	0.0008125	0.0011	0.895105	0
	0.22	0.0006625	0.00096875	0.893706	0
	0.221	0.0007375	0.00115625	0.892308	0
	0.222	0.00061875	0.0012125	0.893258	0
	0.223	0.0006625	0.00098125	0.893258	0
	0.224	0.0008375	0.00119375	0.890449	0
	0.225	0.000725	0.00114375	0.892807	0
	0.226	0.00074375	0.00108125	0.892807	0
	0.227	0.000725	0.00091875	0.895332	0
	0.228	0.00079375	0.00118125	0.900143	0
	0.229	0.000675	0.00105625	0.9	0
	0.23	0.00069375	0.00105	0.901004	0
	0.231	0.0006625	0.0011	0.902299	0
	0.232	0.0007125	0.0012625	0.899425	0
	0.233	0.00075	0.001225	0.897989	0
	0.234	0.00060625	0.0011125	0.897842	0
	0.235	0.0006125	0.00115	0.900433	0
	0.236	0.00064375	0.00100625	0.89899	0
	0.237	0.0006625	0.00111875	0.900289	0
	0.238	0.00069375	0.00116875	0.900145	0
	0.239	0.0006125	0.001175	0.895803	0
	0.24	0.0006875	0.00109375	0.892754	0
	0.241	0.00063125	0.00108125	0.894049	0
	0.242	0.00064375	0.0009875	0.893741	0
	0.243	0.0006125	0.0011875	0.894891	0
	0.244	0.0006125	0.00103125	0.891813	0
	0.245	0.0006125	0.0012	0.891654	0
	0.246	0.00070625	0.0012	0.891496	0
	0.247	0.00061875	0.0009875	0.891336	0
	0.248	0.0005875	0.00104375	0.891176	0
	0.249	0.00056875	0.001025	0.892489	0
	0.25	0.0005875	0.00113125	0.89233	0
	0.251	0.00060625	0.00109375	0.893491	0
	0.252	0.0006125	0.00103125	0.894815	0
	0.253	0.00065625	0.00101875	0.893333	0
	0.254	0.0006875	0.00091875	0.893016	0
	0.255	0.00070625	0.0009375	0.89153	0
	0.256	0.00065625	0.00094375	0.891045	0
	0.257	0.00065	0.0009875	0.890882	0
	0.258	0.00051875	0.001025	0.893553	0
	0.259	0.0006125	0.0009625	0.893393	0
	0.26	0.00061875	0.00111875	0.894737	0
	0.261	0.000675	0.00109375	0.893233	0
	0.262	0.00066875	0.001075	0.887218	0
	0.263	0.00074375	0.000975	0.887218	0
	0.264	0.00060625	0.00100625	0.885714	0
	0.265	0.00076875	0.00110625	0.884211	0
	0.266	0.00065625	0.00110625	0.881203	0
	0.267	0.00069375	0.00115	0.879518	0
	0.268	0.000725	0.00109375	0.880665	0
	0.269	0.00066875	0.00103125	0.877644	0
	0.27	0.00073125	0.00116875	0.875946	0
	0.271	0.00063125	0.00105625	0.875569	0
	0.272	0.0007375	0.00088125	0.8769	0
	0.273	0.000725	0.00095625	0.876712	0
	0.274	0.0006625	0.00116875	0.876712	0
	0.275	0.00066875	0.00113125	0.877863	0
	0.276	0.0008	0.00108125	0.873089	0
	0.277	0.00065	0.0011625	0.870968	0
	0.278	0.00086875	0.0010875	0.870968	0
	0.279	0.0007875	0.00101875	0.869432	0
	0.28	0.00075	0.00108125	0.87057	0
	0.281	0.000725	0.00104375	0.867488	0
	0.282	0.00065625	0.00115	0.867284	0
	0.283	0.00074375	0.00105	0.868624	0
	0.284	0.00075	0.0009875	0.869767	0
	0.285	0.0007	0.001125	0.866667	0
	0.286	0.00074375	0.00119375	0.866667	0
	0.287	0.00063125	0.00096875	0.867807	0
	0.288	0.00070625	0.00109375	0.867807	0
	0.289	0.00081875	0.00100625	0.861371	0
	0.29	0.00064375	0.00095625	0.859155	0
	0.291	0.00080625	0.0010375	0.857143	0
	0.292	0.0007625	0.00103125	0.855573	0
	0.293	0.00074375	0.00094375	0.856693	0
	0.294	0.00073125	0.00094375	0.855118	0
	0.295	0.0007875	0.0009875	0.855118	0
	0.296	0.00085625	0.00096875	0.85489	0
	0.297	0.0008125	0.0009875	0.85466	0
	0.298	0.000875	0.0008875	0.85466	0
	0.299	0.00076875	0.0009	0.857369	0
	0.3	0.000775	0.00093125	0.857369	0
	0.301	0.00075	0.001125	0.857369	0
	0.302	0.00081875	0.00093125	0.861465	0
	0.303	0.00085625	0.0010375	0.86262	0
	0.304	0.00080625	0.00101875	0.861022	0
	0.305	0.0008625	0.001125	0.8608	0
	0.306	0.00079375	0.00105	0.861958	0
	0.307	0.00079375	0.0009875	0.863344	0
	0.308	0.00075	0.00096875	0.865913	0
	0.309	0.00095625	0.0011625	0.864297	0
	0.31	0.00073125	0.00095625	0.861066	0
	0.311	0.0007875	0.000975	0.860841	0
	0.312	0.00078125	0.00104375	0.857374	0
	0.313	0.00074375	0.00103125	0.852512	0
	0.314	0.0007375	0.00100625	0.853896	0
	0.315	0.00064375	0.001	0.855285	0
	0.316	0.0007	0.00119375	0.858075	0
	0.317	0.0009	0.00105	0.860884	0
	0.318	0.0008	0.0010125	0.863711	0
	0.319	0.0006375	0.001075	0.864909	0
	0.32	0.00071875	0.0010125	0.866337	0
	0.321	0.000725	0.00104375	0.861157	0
	0.322	0.00079375	0.00100625	0.859504	0
	0.323	0.00073125	0.0009625	0.862126	0
	0.324	0.00079375	0.00106875	0.863105	0
	0.325	0.0007125	0.0009125	0.864548	0
	0.326	0.0007375	0.001	0.864548	0
	0.327	0.0007375	0.0009875	0.861204	0
	0.328	0.00061875	0.001	0.861204	0
	0.329	0.0005375	0.00105	0.862647	0
	0.33	0.0007125	0.00100625	0.862185	0
	0.331	0.000625	0.000875	0.862185	0
	0.332	0.00055	0.0009375	0.860034	0
	0.333	0.00069375	0.00090625	0.860034	0
	0.334	0.0007625	0.001025	0.858347	0
	0.335	0.000725	0.00114375	0.85956	0
	0.336	0.00073125	0.000975	0.859322	0
	0.337	0.0007	0.0009625	0.857627	0
	0.338	0.00060625	0.00085625	0.857385	0
	0.339	0.00060625	0.001075	0.857385	0
	0.34	0.000675	0.00088125	0.860307	0
	0.341	0.000675	0.00085625	0.861301	0
	0.342	0.0006	0.00095	0.859589	0
	0.343	0.00066875	0.00104375	0.859589	0
	0.344	0.0006	0.00101875	0.860825	0
	0.345	0.00065625	0.0011375	0.865052	0
	0.346	0.00060625	0.000975	0.864818	0
	0.347	0.00069375	0.00088125	0.85913	0
	0.348	0.0005875	0.00090625	0.858639	0
	0.349	0.0007	0.000875	0.856894	0
	0.35	0.000625	0.00091875	0.862917	0
	0.351	0.000525	0.0009375	0.869027	0
	0.352	0.0006	0.000925	0.869027	0
	0.353	0.0005125	0.00106875	0.868794	0
	0.354	0.00051875	0.001025	0.866785	0
	0.355	0.00063125	0.00089375	0.866548	0
	0.356	0.00055	0.001025	0.867857	0
	0.357	0.00043125	0.00091875	0.86941	0
	0.358	0.00045	0.00105625	0.869176	0
	0.359	0.00055	0.0008625	0.872302	0
	0.36	0.00050625	0.00101875	0.870504	0
	0.361	0.00050625	0.00090625	0.872072	0
	0.362	0.00051875	0.00093125	0.873418	0
	0.363	0.00063125	0.0008375	0.874773	0
	0.364	0.0006	0.00095	0.874773	0
	0.365	0.00066875	0.001	0.876138	0
	0.366	0.00060625	0.00094375	0.874317	0
	0.367	0.0006125	0.00098125	0.874317	0
	0.368	0.00051875	0.0010125	0.877514	0
	0.369	0.00055625	0.000975	0.877514	0
	0.37	0.00065	0.00088125	0.875686	0
	0.371	0.000575	0.000825	0.873394	0
	0.372	0.00064375	0.0009	0.875	0
	0.373	0.000475	0.00093125	0.873162	0
	0.374	0.00046875	0.00089375	0.87061	0
	0.375	0.00068125	0.00073125	0.866913	0
	0.376	0.00056875	0.00080625	0.865065	0
	0.377	0.00058125	0.0008	0.865065	0
	0.378	0.000575	0.0009125	0.865065	0
	0.379	0.0006625	0.0009625	0.859519	0
	0.38	0.0005875	0.00093125	0.857671	0
	0.381	0.000575	0.00090625	0.860853	0
	0.382	0.0006125	0.00090625	0.865672	0
	0.383	0.0005	0.0009375	0.86729	0
	0.384	0.0005125	0.000775	0.867041	0
	0.385	0.00058125	0.00088125	0.864916	0
	0.386	0.00053125	0.00095625	0.863039	0
	0.387	0.00050625	0.000925	0.86629	0
	0.388	0.00046875	0.00095625	0.867925	0
	0.389	0.00063125	0.00085	0.866038	0
	0.39	0.000475	0.0010375	0.864151	0
	0.391	0.000525	0.00096875	0.862264	0
	0.392	0.000625	0.00094375	0.861742	0
	0.393	0.00065	0.0008125	0.859848	0
	0.394	0.0005125	0.00093125	0.857414	0
	0.395	0.00065625	0.0009375	0.862333	0
	0.396	0.00058125	0.00099375	0.860421	0
	0.397	0.00055	0.00084375	0.862069	0
	0.398	0.00065625	0.00100625	0.863462	0
	0.399	0.00055	0.00090625	0.861272	0
	0.4	0.00055	0.00083125	0.862934	0
	0.401	0.000475	0.000925	0.861004	0
	0.402	0.00050625	0.0009625	0.861004	0
	0.403	0.0005625	0.00091875	0.862136	0
	0.404	0.00065625	0.00089375	0.859922	0
	0.405	0.00059375	0.00089375	0.863281	0
	0.406	0.00060625	0.000925	0.861328	0
	0.407	0.0004625	0.00083125	0.858824	0
	0.408	0.00051875	0.00096875	0.858546	0
	0.409	0.000625	0.000925	0.856582	0
	0.41	0.0006	0.0010125	0.854617	0
	0.411	0.00058125	0.00084375	0.854331	0
	0.412	0.0006	0.0009375	0.855731	0
	0.413	0.000575	0.00098125	0.853465	0
	0.414	0.000525	0.00089375	0.851485	0
	0.415	0.00061875	0.00083125	0.851485	0
	0.416	0.0005625	0.000825	0.849206	0
	0.417	0.00055625	0.0009	0.85259	0
	0.418	0.0006125	0.0008375	0.854	0
	0.419	0.0006625	0.00086875	0.853707	0
	0.42	0.000575	0.00090625	0.857143	0
	0.421	0.0005875	0.0008875	0.858871	0
	0.422	0.000575	0.0009125	0.858586	0
	0.423	0.00065625	0.00086875	0.854545	0
	0.424	0.00064375	0.0009125	0.852525	0
	0.425	0.0005875	0.00100625	0.850202	0
	0.426	0.0006625	0.00089375	0.848178	0
	0.427	0.0005375	0.00076875	0.848178	0
	0.428	0.00060625	0.00078125	0.84787	0
	0.429	0.0008	0.00098125	0.843813	0
	0.43	0.000575	0.000875	0.847251	0
	0.431	0.000575	0.000925	0.845214	0
	0.432	0.0005875	0.0010125	0.843177	0
	0.433	0.00075	0.0007375	0.846311	0
	0.434	0.00065	0.0009125	0.847737	0
	0.435	0.00065625	0.000875	0.845679	0
	0.436	0.0005375	0.00083125	0.845679	0
	0.437	0.00055625	0.00093125	0.843621	0
	0.438	0.0006	0.00091875	0.843621	0
	0.439	0.00070625	0.0007625	0.839175	0
	0.44	0.000625	0.0009	0.837113	0
	0.441	0.00055625	0.00075625	0.832645	0
	0.442	0.000575	0.00093125	0.8361	0
	0.443	0.000575	0.00076875	0.834025	0
	0.444	0.00048125	0.0009125	0.838912	0
	0.445	0.00064375	0.0007625	0.838574	0
	0.446	0.00055	0.000775	0.838574	0
	0.447	0.000625	0.00095625	0.838574	0
	0.448	0.0005375	0.00085	0.842105	0
	0.449	0.0006625	0.00073125	0.842105	0
	0.45	0.0006125	0.00070625	0.84	0
	0.451	0.0006125	0.000875	0.839662	0
	0.452	0.0005875	0.0008375	0.839323	0
	0.453	0.00073125	0.00080625	0.841102	0
	0.454	0.000725	0.00085625	0.842887	0
	0.455	0.00061875	0.0006625	0.842887	0
	0.456	0.00065625	0.00084375	0.838641	0
	0.457	0.00063125	0.0008375	0.834395	0
	0.458	0.00066875	0.00079375	0.834395	0
	0.459	0.0006125	0.00086875	0.833689	0
	0.46	0.00061875	0.00083125	0.837259	0
	0.461	0.0005625	0.00075625	0.832976	0
	0.462	0.00061875	0.00085	0.832976	0
	0.463	0.00056875	0.00086875	0.834409	0
	0.464	0.0007	0.00075	0.834409	0
	0.465	0.00064375	0.00075	0.835853	0
	0.466	0.000525	0.00070625	0.839479	0
	0.467	0.00063125	0.00078125	0.843137	0
	0.468	0.000575	0.0008	0.843137	0
	0.469	0.00056875	0.00071875	0.844978	0
	0.47	0.0005875	0.000725	0.842451	0
	0.471	0.00064375	0.00078125	0.844298	0
	0.472	0.0006625	0.0007	0.843956	0
	0.473	0.0006625	0.00101875	0.843956	0
	0.474	0.00053125	0.00091875	0.843612	0
	0.475	0.00055	0.00086875	0.838852	0
	0.476	0.0005375	0.00070625	0.836283	0
	0.477	0.0004875	0.000925	0.837778	0
	0.478	0.00055	0.00086875	0.835556	0
	0.479	0.00055625	0.00084375	0.838926	0
	0.48	0.0007125	0.00065625	0.840807	0
	0.481	0.00055625	0.0008625	0.842342	0
	0.482	0.00046875	0.0007	0.841986	0
	0.483	0.00059375	0.0009125	0.843537	0
	0.484	0.0004625	0.00076875	0.845455	0
	0.485	0.00055	0.00070625	0.840909	0
	0.486	0.0005625	0.00083125	0.842825	0
	0.487	0.00049375	0.00079375	0.840547	0
	0.488	0.0006125	0.0008375	0.8379	0
	0.489	0.00049375	0.00084375	0.839817	0
	0.49	0.0006375	0.0007375	0.837529	0
	0.491	0.000475	0.0007875	0.837156	0
	0.492	0.0006	0.00088125	0.83908	0
	0.493	0.0004875	0.0006875	0.840647	0
	0.494	0.00051875	0.00071875	0.839907	0
	0.495	0.0004	0.00083125	0.84186	0
	0.496	0.0004875	0.00084375	0.84186	0
	0.497	0.00043125	0.00074375	0.839161	0
	0.498	0.00058125	0.00075625	0.838785	0
	0.499	0.0005	0.00078125	0.840749	0
	0.5	0.000525	0.00085	0.836066	0
	0.501	0.00054375	0.0007375	0.831382	0
	0.502	0.0004625	0.000825	0.826698	0
	0.503	0.00048125	0.00091875	0.828235	0
	0.504	0.000675	0.00066875	0.825472	0
	0.505	0.0005125	0.00081875	0.820331	0
	0.506	0.00061875	0.000725	0.810427	0
	0.507	0.00059375	0.00075	0.805226	0
	0.508	0.00059375	0.00074375	0.802381	0
	0.509	0.0005375	0.00081875	0.803828	0
	0.51	0.0005	0.000875	0.803828	0
	0.511	0.00055	0.00075	0.807692	0
	0.512	0.00049375	0.00079375	0.805288	0
	0.513	0.00049375	0.00079375	0.804348	0
	0.514	0.0006125	0.0007125	0.805825	0
	0.515	0.0006375	0.00073125	0.807317	0
	0.516	0.00055	0.00089375	0.807882	0
	0.517	0.000625	0.00079375	0.805419	0
	0.518	0.0006125	0.00084375	0.806931	0
	0.519	0.0006	0.00090625	0.810945	0
	0.52	0.0006125	0.0005625	0.810945	0
	0.521	0.0006	0.0006625	0.810945	0
	0.522	0.0007375	0.0007	0.810945	0
	0.523	0.00059375	0.0007	0.81	0
	0.524	0.00070625	0.000775	0.8075	0
	0.525	0.00064375	0.00078125	0.8075	0
	0.526	0.00059375	0.0007375	0.8075	0
	0.527	0.00060625	0.00085625	0.8075	0
	0.528	0.0006625	0.0008	0.8075	0
	0.529	0.0007125	0.00076875	0.8075	0
	0.53	0.00058125	0.00074375	0.809524	0
	0.531	0.00063125	0.00084375	0.809524	0
	0.532	0.0007	0.00079375	0.806533	0
	0.533	0.00064375	0.0009	0.80402	0
	0.534	0.00070625	0.00078125	0.801008	0
	0.535	0.00056875	0.000875	0.801008	0
	0.536	0.0005625	0.000675	0.801008	0
	0.537	0.0006375	0.0008	0.80303	0
	0.538	0.00076875	0.00073125	0.80303	0
	0.539	0.00064375	0.0008375	0.805063	0
	0.54	0.0007625	0.000875	0.805063	0
	0.541	0.00065625	0.00071875	0.806616	0
	0.542	0.00068125	0.0008625	0.806122	0
	0.543	0.0007	0.00068125	0.805128	0
	0.544	0.000625	0.00081875	0.804627	0
	0.545	0.00055	0.00085625	0.806701	0
	0.546	0.00071875	0.00066875	0.80829	0
	0.547	0.00066875	0.0007625	0.803109	0
	0.548	0.00071875	0.00069375	0.805195	0
	0.549	0.000525	0.0007875	0.809399	0
	0.55	0.00063125	0.0006875	0.809399	0
	0.551	0.0006	0.000625	0.804178	0
	0.552	0.00063125	0.00071875	0.804178	0
	0.553	0.0007375	0.0006875	0.804178	0
	0.554	0.00055625	0.000775	0.805774	0
	0.555	0.00053125	0.0007125	0.809524	0
	0.556	0.0007	0.000725	0.811671	0
	0.557	0.0007125	0.0007375	0.808511	0
	0.558	0.00063125	0.00074375	0.808511	0
	0.559	0.00056875	0.0008375	0.803191	0
	0.56	0.00055625	0.0007	0.800532	0
	0.561	0.000625	0.000725	0.8	0
	0.562	0.00061875	0.0007125	0.794118	0
	0.563	0.00051875	0.00075625	0.794118	0
	0.564	0.00044375	0.0007875	0.798387	0
	0.565	0.0004875	0.00064375	0.797844	0
	0.566	0.00046875	0.0007875	0.797844	0
	0.567	0.0005875	0.00071875	0.795148	0
	0.568	0.00046875	0.00075	0.797297	0
	0.569	0.0005	0.00064375	0.796748	0
	0.57	0.0005125	0.0006375	0.80109	0
	0.571	0.000425	0.00079375	0.803279	0
	0.572	0.0004875	0.00071875	0.804945	0
	0.573	0.00045	0.00076875	0.809392	0
	0.574	0.00044375	0.00080625	0.809392	0
	0.575	0.000475	0.000675	0.811634	0
	0.576	0.000525	0.00076875	0.815642	0
	0.577	0.0003875	0.00075625	0.820225	0
	0.578	0.0004375	0.00075625	0.819718	0
	0.579	0.00050625	0.00068125	0.824363	0
	0.58	0.00045625	0.00081875	0.826211	0
	0.581	0.0004	0.0008	0.826211	0
	0.582	0.00039375	0.00069375	0.822857	0
	0.583	0.0004125	0.00061875	0.82235	0
	0.584	0.00038125	0.00074375	0.824713	0
	0.585	0.00035625	0.00085	0.823188	0
	0.586	0.0003875	0.00068125	0.822674	0
	0.587	0.00045625	0.00053125	0.825073	0
	0.588	0.00043125	0.00074375	0.826979	0
	0.589	0.0003875	0.00085	0.833828	0
	0.59	0.000375	0.00068125	0.833333	0
	0.591	0.00043125	0.00076875	0.835329	0
	0.592	0.00038125	0.00076875	0.835329	0
	0.593	0.00033125	0.0006875	0.837838	0
	0.594	0.00040625	0.0007625	0.837838	0
	0.595	0.00040625	0.0007375	0.837838	0
	0.596	0.0004125	0.0007	0.8429	0
	0.597	0.000375	0.0007375	0.8429	0
	0.598	0.0004	0.0006875	0.842424	0
	0.599	0.00041875	0.0008125	0.841945	0
	0.6	0.00033125	0.00073125	0.838906	0
	0.601	0.00045	0.00075625	0.838906	0
	0.602	0.00044375	0.0007875	0.838415	0
	0.603	0.0003625	0.00074375	0.83792	0
	0.604	0.00045	0.00066875	0.840491	0
	0.605	0.00048125	0.0006375	0.84	0
	0.606	0.00051875	0.00074375	0.842593	0
	0.607	0.000425	0.0007125	0.839506	0
	0.608	0.0005	0.00070625	0.842105	0
	0.609	0.00034375	0.00071875	0.841615	0
	0.61	0.0004	0.00064375	0.844237	0
	0.611	0.00035	0.000675	0.84375	0
	0.612	0.00035625	0.00074375	0.840625	0
	0.613	0.0004625	0.00069375	0.840625	0
	0.614	0.00050625	0.00070625	0.840625	0
	0.615	0.0004875	0.00071875	0.839623	0
	0.616	0.000375	0.000625	0.836478	0
	0.617	0.00044375	0.0007625	0.844444	0
	0.618	0.00040625	0.0007	0.844444	0
	0.619	0.00039375	0.00063125	0.844444	0
	0.62	0.00036875	0.000675	0.844444	0
	0.621	0.0004375	0.00065625	0.840764	0
	0.622	0.00038125	0.0006375	0.84345	0
	0.623	0.00048125	0.0007375	0.84345	0
	0.624	0.00043125	0.00075	0.840256	0
	0.625	0.0005	0.0008375	0.842949	0
	0.626	0.0004	0.00066875	0.842949	0
	0.627	0.00041875	0.000675	0.842444	0
	0.628	0.000325	0.00066875	0.839228	0
	0.629	0.000475	0.0006625	0.84466	0
	0.63	0.0003625	0.0007625	0.841424	0
	0.631	0.00030625	0.00074375	0.846405	0
	0.632	0.00031875	0.00064375	0.845902	0
	0.633	0.0003875	0.00060625	0.845902	0
	0.634	0.0004	0.0006875	0.842623	0
	0.635	0.000425	0.0005875	0.842623	0
	0.636	0.0003625	0.000675	0.848185	0
	0.637	0.0004625	0.00059375	0.847682	0
	0.638	0.00040625	0.0006375	0.850498	0
	0.639	0.0003375	0.00063125	0.843854	0
	0.64	0.00033125	0.00058125	0.846667	0
	0.641	0.00035	0.00070625	0.855219	0
	0.642	0.0003375	0.000625	0.855219	0
	0.643	0.0003875	0.00059375	0.844595	0
	0.644	0.00035625	0.00065	0.847458	0
	0.645	0.00031875	0.0008	0.844068	0
	0.646	0.0002875	0.00066875	0.840678	0
	0.647	0.0003125	0.00070625	0.840678	0
	0.648	0.000475	0.00074375	0.843537	0
	0.649	0.000375	0.00078125	0.836735	0
	0.65	0.00039375	0.00066875	0.83959	0
	0.651	0.00036875	0.00076875	0.831615	0
	0.652	0.000375	0.00071875	0.831615	0
	0.653	0.000425	0.00073125	0.828179	0
	0.654	0.00036875	0.0007	0.828179	0
	0.655	0.00030625	0.00070625	0.831034	0
	0.656	0.00039375	0.00056875	0.831034	0
	0.657	0.00031875	0.00066875	0.824138	0
	0.658	0.0003375	0.00058125	0.822917	0
	0.659	0.000425	0.00065	0.822917	0
	0.66	0.000375	0.0006375	0.822917	0
	0.661	0.00035	0.00060625	0.825784	0
	0.662	0.000325	0.0005875	0.825175	0
	0.663	0.00036875	0.00054375	0.82807	0
	0.664	0.00033125	0.0006375	0.821053	0
	0.665	0.000375	0.00059375	0.821053	0
	0.666	0.00044375	0.00064375	0.817544	0
	0.667	0.00036875	0.00060625	0.814035	0
	0.668	0.00038125	0.00058125	0.809859	0
	0.669	0.00053125	0.00058125	0.809859	0
	0.67	0.00043125	0.000675	0.805654	0
	0.671	0.0004125	0.00058125	0.804965	0
	0.672	0.0004875	0.0005875	0.797872	0
	0.673	0.00045625	0.000575	0.790036	0
	0.674	0.00054375	0.00055625	0.792857	0
	0.675	0.00054375	0.0005625	0.789286	0
	0.676	0.0005	0.0007	0.792115	0
	0.677	0.00058125	0.00065	0.78853	0
	0.678	0.00044375	0.00059375	0.789855	0
	0.679	0.0004875	0.00055625	0.789855	0
	0.68	0.000475	0.00068125	0.792727	0
	0.681	0.00053125	0.0006375	0.792727	0
	0.682	0.00053125	0.00051875	0.790441	0
	0.683	0.00048125	0.0006125	0.790441	0
	0.684	0.00053125	0.000675	0.786765	0
	0.685	0.00061875	0.00070625	0.792593	0
	0.686	0.00046875	0.0006125	0.792593	0
	0.687	0.00050625	0.000725	0.788104	0
	0.688	0.00055	0.00054375	0.788104	0
	0.689	0.0004625	0.0005125	0.788104	0
	0.69	0.00054375	0.00055	0.783582	0
	0.691	0.00070625	0.00050625	0.783582	0
	0.692	0.00058125	0.0006125	0.776119	0
	0.693	0.00055625	0.0006875	0.779026	0
	0.694	0.0004	0.00051875	0.781955	0
	0.695	0.00045625	0.00056875	0.781955	0
	0.696	0.00049375	0.000525	0.787879	0
	0.697	0.00065625	0.00070625	0.790875	0
	0.698	0.000475	0.0005625	0.78327	0
	0.699	0.00058125	0.000675	0.78327	0
	0.7	0.00048125	0.00068125	0.78327	0
	0.701	0.00046875	0.00064375	0.779468	0
	0.702	0.0004625	0.000525	0.782443	0
	0.703	0.0005875	0.0006625	0.782443	0
	0.704	0.00040625	0.000625	0.782443	0
	0.705	0.0005125	0.00059375	0.784615	0
	0.706	0.0005125	0.0004875	0.780769	0
	0.707	0.00050625	0.00061875	0.773077	0
	0.708	0.00043125	0.0006	0.775194	0
	0.709	0.00055625	0.00050625	0.775194	0
	0.71	0.0005	0.000575	0.771318	0
	0.711	0.00051875	0.00063125	0.767442	0
	0.712	0.0005	0.00058125	0.770428	0
	0.713	0.00056875	0.00061875	0.772549	0
	0.714	0.00046875	0.00050625	0.768627	0
	0.715	0.0005375	0.00050625	0.768627	0
	0.716	0.00059375	0.000575	0.764706	0
	0.717	0.0004375	0.00046875	0.767717	0
	0.718	0.0005	0.00065625	0.770751	0
	0.719	0.00053125	0.000625	0.769841	0
	0.72	0.0005875	0.0005125	0.7751	0
	0.721	0.0004375	0.0005125	0.784553	0
	0.722	0.0004	0.000575	0.784553	0
	0.723	0.00039375	0.00054375	0.776423	0
	0.724	0.0003875	0.0005875	0.772358	0
	0.725	0.00044375	0.000475	0.773663	0
	0.726	0.00050625	0.00051875	0.780083	0
	0.727	0.000475	0.00056875	0.783333	0
	0.728	0.00043125	0.00048125	0.786611	0
	0.729	0.000475	0.00046875	0.786611	0
	0.73	0.00036875	0.00050625	0.789916	0
	0.731	0.00046875	0.0005375	0.789916	0
	0.732	0.0004125	0.00050625	0.785714	0
	0.733	0.000425	0.00051875	0.78903	0
	0.734	0.00035625	0.0005125	0.78903	0
	0.735	0.0003875	0.00043125	0.795745	0
	0.736	0.000425	0.00053125	0.795745	0
	0.737	0.00046875	0.00041875	0.795745	0
	0.738	0.0005375	0.00055625	0.799145	0
	0.739	0.0003875	0.0004875	0.793991	0
	0.74	0.0004375	0.00056875	0.793991	0
	0.741	0.00038125	0.0004125	0.797414	0
	0.742	0.0004	0.0005875	0.8	0
	0.743	0.0004875	0.0005	0.810573	0
	0.744	0.000475	0.000475	0.810573	0
	0.745	0.00039375	0.00046875	0.821429	0
	0.746	0.00038125	0.00049375	0.821429	0
	0.747	0.0003625	0.0005875	0.828829	0
	0.748	0.00040625	0.0005125	0.828829	0
	0.749	0.0003875	0.00055	0.840183	0
	0.75	0.00048125	0.0004125	0.840183	0
	0.751	0.00035625	0.00051875	0.844037	0
	0.752	0.00040625	0.00035	0.83945	0
	0.753	0.0003375	0.00053125	0.834862	0
	0.754	0.0003875	0.00046875	0.834862	0
	0.755	0.0003625	0.00040625	0.834101	0
	0.756	0.00035	0.00048125	0.829493	0
	0.757	0.00026875	0.00039375	0.832558	0
	0.758	0.00038125	0.00058125	0.827907	0
	0.759	0.0002375	0.00038125	0.839623	0
	0.76	0.00028125	0.00048125	0.843602	0
	0.761	0.00020625	0.0005375	0.847619	0
	0.762	0.00025625	0.00045	0.842857	0
	0.763	0.0003625	0.0004125	0.842105	0
	0.764	0.00025	0.00041875	0.845411	0
	0.765	0.0002375	0.0004125	0.845411	0
	0.766	0.00024375	0.000475	0.84058	0
	0.767	0.00021875	0.0004375	0.84466	0
	0.768	0.00014375	0.0004375	0.84878	0
	0.769	0.00020625	0.00053125	0.843902	0
	0.77	0.0002375	0.000425	0.848039	0
	0.771	0.0002125	0.00038125	0.852217	0
	0.772	0.00020625	0.00036875	0.851485	0
	0.773	0.0002375	0.00045	0.855721	0
	0.774	0.00013125	0.00041875	0.850746	0
	0.775	0.000225	0.00041875	0.850746	0
	0.776	0.00021875	0.00049375	0.855	0
	0.777	0.00026875	0.0004	0.855	0
	0.778	0.00025	0.0004875	0.859296	0
	0.779	0.00023125	0.00043125	0.849246	0
	0.78	0.00025	0.00044375	0.849246	0
	0.781	0.00018125	0.0003875	0.848485	0
	0.782	0.00029375	0.0004125	0.848485	0
	0.783	0.00026875	0.00035625	0.84264	0
	0.784	0.0002875	0.00043125	0.851282	0
	0.785	0.00024375	0.0004375	0.841026	0
	0.786	0.00035	0.0005375	0.854167	0
	0.787	0.000275	0.00043125	0.848958	0
	0.788	0.00026875	0.00046875	0.838542	0
	0.789	0.00028125	0.000375	0.837696	0
	0.79	0.0003125	0.000325	0.82199	0
	0.791	0.0002875	0.00045625	0.826316	0
	0.792	0.00031875	0.0004375	0.830688	0
	0.793	0.0003375	0.0003625	0.835106	0
	0.794	0.00038125	0.0003875	0.829787	0
	0.795	0.0003125	0.000375	0.829787	0
	0.796	0.0003375	0.00028125	0.834225	0
	0.797	0.00029375	0.00038125	0.828877	0
	0.798	0.00033125	0.0003125	0.828877	0
	0.799	0.00031875	0.000425	0.828877	0
	0.8	0.00035625	0.00043125	0.823529	0
	0.801	0.0003875	0.0003875	0.823529	0
	0.802	0.00030625	0.0004	0.823529	0
	0.803	0.0002625	0.00043125	0.823529	0
	0.804	0.00038125	0.0004	0.818182	0
	0.805	0.0004125	0.0003375	0.817204	0
	0.806	0.0004375	0.0003375	0.811828	0
	0.807	0.00041875	0.0003375	0.8	0
	0.808	0.00031875	0.00035625	0.794595	0
	0.809	0.00038125	0.00033125	0.789189	0
	0.81	0.00041875	0.00031875	0.789189	0
	0.811	0.0003875	0.0003875	0.789189	0
	0.812	0.0003375	0.00033125	0.778378	0
	0.813	0.00041875	0.0004125	0.782609	0
	0.814	0.00045	0.00035	0.777174	0
	0.815	0.0003375	0.00038125	0.775956	0
	0.816	0.00035	0.00040625	0.775956	0
	0.817	0.00035625	0.0004125	0.770492	0
	0.818	0.000425	0.0003375	0.748634	0
	0.819	0.00043125	0.0003125	0.737705	0
	0.82	0.00046875	0.0003625	0.741758	0
	0.821	0.0005	0.00031875	0.745856	0
	0.822	0.00034375	0.0003125	0.745856	0
	0.823	0.00048125	0.0003875	0.745856	0
	0.824	0.00045	0.000325	0.745856	0
	0.825	0.0004125	0.00036875	0.75	0
	0.826	0.0005	0.00028125	0.758427	0
	0.827	0.0005625	0.00035625	0.758427	0
	0.828	0.0005375	0.00033125	0.752809	0
	0.829	0.000475	0.0004125	0.761364	0
	0.83	0.0004375	0.0002875	0.75	0
	0.831	0.0005625	0.0002875	0.754286	0
	0.832	0.0005	0.00035	0.751445	0
	0.833	0.00048125	0.00028125	0.760234	0
	0.834	0.00053125	0.00033125	0.758824	0
	0.835	0.00043125	0.00023125	0.758824	0
	0.836	0.0005125	0.0003125	0.752941	0
	0.837	0.00054375	0.00034375	0.747059	0
	0.838	0.0006125	0.0003125	0.741176	0
	0.839	0.000575	0.00028125	0.741176	0
	0.84	0.0005875	0.0003875	0.723529	0
	0.841	0.00051875	0.0002375	0.723529	0
	0.842	0.0004375	0.0003125	0.727811	0
	0.843	0.00046875	0.0002875	0.721893	0
	0.844	0.00045625	0.0003	0.72619	0
	0.845	0.000525	0.0003125	0.718563	0
	0.846	0.00055	0.0003625	0.716867	0
	0.847	0.000475	0.000325	0.716867	0
	0.848	0.0004125	0.00031875	0.72561	0
	0.849	0.00049375	0.0003	0.730061	0
	0.85	0.00055625	0.000275	0.723926	0
	0.851	0.0004625	0.0003125	0.728395	0
	0.852	0.00059375	0.00026875	0.722222	0
	0.853	0.00053125	0.0001875	0.720497	0
	0.854	0.000525	0.0002375	0.714286	0
	0.855	0.00063125	0.0002875	0.72327	0
	0.856	0.00053125	0.0003	0.727848	0
	0.857	0.0005	0.000275	0.729032	0
	0.858	0.0004	0.00026875	0.722581	0
	0.859	0.0004375	0.00024375	0.722581	0
	0.86	0.0005125	0.00023125	0.720779	0
	0.861	0.0004625	0.00031875	0.714286	0
	0.862	0.0004	0.00026875	0.714286	0
	0.863	0.00040625	0.0002875	0.714286	0
	0.864	0.00038125	0.00025625	0.714286	0
	0.865	0.00045625	0.000275	0.714286	0
	0.866	0.00045625	0.00031875	0.712418	0
	0.867	0.00041875	0.00025625	0.721854	0
	0.868	0.0005375	0.0002875	0.726667	0
	0.869	0.00039375	0.0003375	0.736486	0
	0.87	0.0004	0.00024375	0.741497	0
	0.871	0.0003625	0.0003375	0.746575	0
	0.872	0.00039375	0.0003	0.756944	0
	0.873	0.00035	0.0002375	0.77305	0
	0.874	0.0004125	0.0002625	0.765957	0
	0.875	0.00038125	0.00024375	0.771429	0
	0.876	0.00035625	0.000225	0.775362	0
	0.877	0.0004375	0.000225	0.781022	0
	0.878	0.00033125	0.00016875	0.786765	0
	0.879	0.00033125	0.00029375	0.779412	0
	0.88	0.00034375	0.0002625	0.779412	0
	0.881	0.000375	0.0002625	0.785185	0
	0.882	0.0002625	0.00028125	0.783582	0
	0.883	0.000325	0.00028125	0.781955	0
	0.884	0.0002	0.0002875	0.766917	0
	0.885	0.00023125	0.00018125	0.778626	0
	0.886	0.00020625	0.0002125	0.776923	0
	0.887	0.00020625	0.00024375	0.782946	0
	0.888	0.00025625	0.000175	0.767442	0
	0.889	0.0002375	0.0002	0.773438	0
	0.89	0.0003	0.0001875	0.773438	0
	0.891	0.0003125	0.00020625	0.765625	0
	0.892	0.00025625	0.00019375	0.769841	0
	0.893	0.00021875	0.0001625	0.761905	0
	0.894	0.0003375	0.0002	0.761905	0
	0.895	0.000275	0.00018125	0.774194	0
	0.896	0.000325	0.0001875	0.766129	0
	0.897	0.00034375	0.00025625	0.766129	0
	0.898	0.0003875	0.00020625	0.766129	0
	0.899	0.00033125	0.000225	0.770492	0
	0.9	0.0004	0.00020625	0.77686	0
	0.901	0.00031875	0.000225	0.789916	0
	0.902	0.000375	0.0002375	0.781513	0
	0.903	0.00035	0.0002625	0.773109	0
	0.904	0.00040625	0.000175	0.777778	0
	0.905	0.00044375	0.000125	0.769231	0
	0.906	0.00043125	0.00019375	0.75	0
	0.907	0.00039375	0.0001625	0.747826	0
	0.908	0.00044375	0.00019375	0.747826	0
	0.909	0.00043125	0.0002125	0.73913	0
	0.91	0.00050625	0.0002	0.73913	0
	0.911	0.0004625	0.00015	0.75	0
	0.912	0.0005125	0.0002	0.75	0
	0.913	0.00045	0.00011875	0.741071	0
	0.914	0.00046875	0.00016875	0.741071	0
	0.915	0.0005	0.00020625	0.741071	0
	0.916	0.00041875	0.00013125	0.741071	0
	0.917	0.0004625	0.00015	0.741071	0
	0.918	0.0004375	0.00015625	0.741071	0
	0.919	0.0004	8.125e-05	0.72973	0
	0.92	0.00045	0.00015625	0.720721	0
	0.921	0.00044375	0.00019375	0.718182	0
	0.922	0.0004125	0.00013125	0.709091	0
	0.923	0.00044375	0.0001125	0.7	0
	0.924	0.00050625	0.00018125	0.712963	0
	0.925	0.00046875	0.00010625	0.712963	0
	0.926	0.00033125	0.0001125	0.719626	0
	0.927	0.000425	9.375e-05	0.698113	0
	0.928	0.0004375	0.00014375	0.688679	0
	0.929	0.000425	8.125e-05	0.67619	0
	0.93	0.00053125	7.5e-05	0.666667	0
	0.931	0.00045625	0.00013125	0.660194	0
	0.932	0.000425	0.00010625	0.666667	0
	0.933	0.000475	0.00015625	0.68	0
	0.934	0.00044375	9.375e-05	0.66	0
	0.935	0.00048125	8.125e-05	0.66	0
	0.936	0.00050625	8.125e-05	0.666667	0
	0.937	0.0005625	6.25e-05	0.656566	0
	0.938	0.0006375	6.875e-05	0.670103	0
	0.939	0.0004875	0.0001125	0.666667	0
	0.94	0.00058125	0.00018125	0.666667	0
	0.941	0.00054375	0.00010625	0.663158	0
	0.942	0.00050625	9.375e-05	0.670213	0
	0.943	0.00069375	8.75e-05	0.677419	0
	0.944	0.0005	0.0001	0.681319	0
	0.945	0.0005625	0.0001125	0.655556	0
	0.946	0.00055	0.00016875	0.655556	0
	0.947	0.00069375	8.125e-05	0.651685	0
	0.948	0.00055	6.25e-05	0.659091	0
	0.949	0.00059375	6.25e-05	0.647727	0
	0.95	0.0005875	8.75e-05	0.643678	0
	0.951	0.0005625	9.375e-05	0.647059	0
	0.952	0.00050625	6.25e-05	0.647059	0
	0.953	0.00055625	6.875e-05	0.642857	0
	0.954	0.00055625	8.125e-05	0.638554	0
	0.955	0.00050625	5.625e-05	0.621951	0
	0.956	0.0005	6.875e-05	0.621951	0
	0.957	0.000475	6.875e-05	0.604938	0
	0.958	0.00058125	5.625e-05	0.6	0
	0.959	0.0005	0.0001125	0.6	0
	0.96	0.00059375	6.25e-05	0.61039	0
	0.961	0.00054375	8.75e-05	0.584416	0
	0.962	0.0005	8.125e-05	0.567568	0
	0.963	0.00058125	5e-05	0.561644	0
	0.964	0.00069375	3.75e-05	0.561644	0
	0.965	0.0005625	6.25e-05	0.569444	0
	0.966	0.00061875	7.5e-05	0.555556	0
	0.967	0.0007125	5.625e-05	0.542857	0
	0.968	0.00073125	6.875e-05	0.558824	0
	0.969	0.0007125	5e-05	0.537313	0
	0.97	0.00079375	8.75e-05	0.537313	0
	0.971	0.0006375	4.375e-05	0.571429	0
	0.972	0.00090625	5e-05	0.564516	0
	0.973	0.0006875	4.375e-05	0.564516	0
	0.974	0.00079375	4.375e-05	0.548387	0
	0.975	0.00073125	5e-05	0.566667	0
	0.976	0.00070625	1.875e-05	0.576271	0
	0.977	0.00075	5e-05	0.596491	0
	0.978	0.0006625	2.5e-05	0.596491	0
	0.979	0.00058125	4.375e-05	0.596491	0
	0.98	0.00065625	3.75e-05	0.618182	0
	0.981	0.00043125	5.625e-05	0.62963	0
	0.982	0.000475	3.75e-05	0.653846	0
	0.983	0.00034375	6.25e-05	0.68	0
	0.984	0.00035	3.75e-05	0.693878	0
	0.985	0.00036875	3.75e-05	0.723404	0
	0.986	0.000275	2.5e-05	0.680851	0
	0.987	0.00028125	4.375e-05	0.688889	0
	0.988	0.00021875	3.75e-05	0.681818	0
	0.989	0.0003	5e-05	0.690476	0
	0.99	0.000325	1.875e-05	0.666667	0
	0.991	0.00046875	3.75e-05	0.702703	0
	0.992	0.0005375	2.5e-05	0.722222	0
	0.993	0.000725	1.25e-05	0.694444	0
	0.994	0.00091875	3.75e-05	0.628571	0
	0.995	0.00120625	1.875e-05	0.5	0
	0.996	0.00143125	0	0.411765	0
	0.997	0.00168125	2.5e-05	0.382353	0
	0.998	0.002325	6.25e-06	0.294118	0
	0.999	0.0031	1.25e-05	0.242424	0
	1	0.0083	1.875e-05	0.206897	0


#	yrange	sparsity	# links	zeta	support at cross	fraction FP
	0	0.354375	567	0.000767778	0.917	0.103481
	0.35	0.354375	567	0.000767778	0.917	0.103481
