#	Frequencies and overlap
#	bins	MYC	shuffle	overlap_MYC	overlap_shuffle
	0	0.783206	0.8201	0.985788	0.023125
	0.001	0.0445938	0.0425437	0.295775	0
	0.002	0.0226	0.0205625	0.371739	0
	0.003	0.0148625	0.0139937	0.420213	0
	0.004	0.0108375	0.0097125	0.423423	0
	0.005	0.0079125	0.00751875	0.456081	0
	0.006	0.006525	0.00650625	0.459559	0
	0.007	0.0055	0.0054	0.485944	0
	0.008	0.0051	0.00438125	0.489451	0
	0.009	0.0044	0.003875	0.5	0
	0.01	0.0039625	0.00363125	0.531707	0
	0.011	0.00348125	0.00323125	0.551546	0
	0.012	0.00288125	0.00290625	0.526316	0
	0.013	0.00305625	0.00259375	0.51087	0
	0.014	0.00265	0.00220625	0.519774	0
	0.015	0.0024	0.0022125	0.529412	0
	0.016	0.00229375	0.00200625	0.535714	0
	0.017	0.00221875	0.0019875	0.544304	0
	0.018	0.00209375	0.00194375	0.569536	0
	0.019	0.00184375	0.0015875	0.564626	0
	0.02	0.00164375	0.00135	0.558621	0
	0.021	0.00180625	0.0014875	0.57971	0
	0.022	0.001375	0.00130625	0.562963	0
	0.023	0.0015875	0.00125625	0.575758	0
	0.024	0.0014625	0.0012	0.578125	0
	0.025	0.00120625	0.0010375	0.568	0
	0.026	0.0012625	0.00120625	0.552	0
	0.027	0.00120625	0.0010125	0.53719	0
	0.028	0.00104375	0.0008875	0.538462	0
	0.029	0.00105	0.0008625	0.5625	0
	0.03	0.00111875	0.00089375	0.567568	0
	0.031	0.001075	0.0007625	0.54955	0
	0.032	0.0009875	0.000975	0.518182	0
	0.033	0.000975	0.000675	0.528302	0
	0.034	0.00094375	0.0007875	0.519231	0
	0.035	0.00100625	0.0006875	0.524752	0
	0.036	0.000975	0.0006125	0.540816	0
	0.037	0.0009375	0.00066875	0.547368	0
	0.038	0.0012125	0.00060625	0.542553	0
	0.039	0.00099375	0.0005	0.542553	0
	0.04	0.00093125	0.00051875	0.527473	0
	0.041	0.00098125	0.0005625	0.505618	0
	0.042	0.00098125	0.00056875	0.505747	0
	0.043	0.0009625	0.00056875	0.5	0
	0.044	0.000925	0.00050625	0.488372	0
	0.045	0.0010125	0.00050625	0.5	0
	0.046	0.00085	0.00056875	0.506024	0
	0.047	0.00085	0.00035	0.481928	0
	0.048	0.000775	0.00041875	0.487805	0
	0.049	0.00074375	0.00039375	0.463415	0
	0.05	0.00086875	0.000325	0.45122	0
	0.051	0.000625	0.00049375	0.45	0
	0.052	0.000775	0.0004125	0.448718	0
	0.053	0.00073125	0.0003625	0.441558	0
	0.054	0.0006125	0.0004	0.453333	0
	0.055	0.00056875	0.0003125	0.471429	0
	0.056	0.00066875	0.00033125	0.485294	0
	0.057	0.0007	0.000325	0.477612	0
	0.058	0.00059375	0.000325	0.461538	0
	0.059	0.00065	0.00025625	0.461538	0
	0.06	0.00078125	0.00028125	0.453125	0
	0.061	0.00045	0.00025	0.444444	0
	0.062	0.00055625	0.0002625	0.444444	0
	0.063	0.00055	0.0003375	0.459016	0
	0.064	0.00050625	0.0002375	0.42623	0
	0.065	0.0004125	0.0002625	0.42623	0
	0.066	0.0005875	0.00021875	0.4	0
	0.067	0.0004625	0.0002625	0.4	0
	0.068	0.00049375	0.000275	0.413793	0
	0.069	0.00045	0.00026875	0.413793	0
	0.07	0.000525	0.000275	0.413793	0
	0.071	0.00044375	0.0002	0.428571	0
	0.072	0.0005125	0.0002125	0.418182	0
	0.073	0.0004125	0.0001375	0.4	0
	0.074	0.00048125	0.00014375	0.407407	0
	0.075	0.00051875	0.00016875	0.392157	0
	0.076	0.000375	0.0001375	0.387755	0
	0.077	0.0004125	0.0002125	0.395833	0
	0.078	0.0003125	0.00019375	0.413043	0
	0.079	0.00034375	0.00013125	0.422222	0
	0.08	0.00035625	0.00021875	0.431818	0
	0.081	0.0003625	0.00016875	0.44186	0
	0.082	0.00025625	0.000175	0.428571	0
	0.083	0.00030625	0.00015625	0.439024	0
	0.084	0.00025625	0.00013125	0.439024	0
	0.085	0.00029375	0.0001875	0.439024	0
	0.086	0.00035	0.0001125	0.439024	0
	0.087	0.00021875	0.00013125	0.473684	0
	0.088	0.00026875	0.00018125	0.486486	0
	0.089	0.000275	0.00015625	0.486486	0
	0.09	0.00020625	0.00016875	0.459459	0
	0.091	0.00021875	0.0001125	0.444444	0
	0.092	0.0001875	0.000125	0.457143	0
	0.093	0.00023125	0.00013125	0.428571	0
	0.094	0.0002	0.0001375	0.441176	0
	0.095	0.00023125	0.00013125	0.46875	0
	0.096	0.000275	9.375e-05	0.4375	0
	0.097	0.00025	9.375e-05	0.451613	0
	0.098	0.00015625	0.00013125	0.451613	0
	0.099	0.00019375	6.25e-05	0.451613	0
	0.1	0.000175	0.0001125	0.451613	0
	0.101	0.00018125	6.875e-05	0.482759	0
	0.102	0.00020625	0.00010625	0.5	0
	0.103	0.0001625	0.00010625	0.518519	0
	0.104	0.00013125	0.000125	0.518519	0
	0.105	0.00015625	6.875e-05	0.538462	0
	0.106	0.00015625	9.375e-05	0.538462	0
	0.107	0.00015	0.00013125	0.538462	0
	0.108	0.0002125	0.00010625	0.538462	0
	0.109	0.00016875	8.75e-05	0.583333	0
	0.11	0.00014375	0.000125	0.541667	0
	0.111	0.00015625	0.00015625	0.541667	0
	0.112	0.0001375	0.00010625	0.565217	0
	0.113	0.00018125	9.375e-05	0.565217	0
	0.114	0.00018125	7.5e-05	0.521739	0
	0.115	0.000175	8.75e-05	0.521739	0
	0.116	0.0001375	0.00013125	0.521739	0
	0.117	9.375e-05	6.25e-05	0.521739	0
	0.118	0.00015	7.5e-05	0.521739	0
	0.119	0.0001875	6.25e-05	0.521739	0
	0.12	0.00013125	5e-05	0.521739	0
	0.121	0.00010625	4.375e-05	0.545455	0
	0.122	0.000175	7.5e-05	0.545455	0
	0.123	0.000175	6.25e-05	0.571429	0
	0.124	7.5e-05	3.75e-05	0.571429	0
	0.125	0.00011875	7.5e-05	0.571429	0
	0.126	0.000125	6.875e-05	0.571429	0
	0.127	0.00010625	9.375e-05	0.52381	0
	0.128	0.0001	4.375e-05	0.47619	0
	0.129	0.00011875	8.75e-05	0.47619	0
	0.13	0.000125	5.625e-05	0.47619	0
	0.131	0.0001375	8.75e-05	0.47619	0
	0.132	8.75e-05	6.25e-05	0.47619	0
	0.133	0.0001125	3.125e-05	0.5	0
	0.134	7.5e-05	6.875e-05	0.5	0
	0.135	8.125e-05	6.875e-05	0.5	0
	0.136	8.125e-05	6.25e-05	0.5	0
	0.137	8.125e-05	3.125e-05	0.45	0
	0.138	7.5e-05	6.25e-05	0.473684	0
	0.139	2.5e-05	3.75e-05	0.5	0
	0.14	8.125e-05	5e-05	0.5	0
	0.141	4.375e-05	2.5e-05	0.529412	0
	0.142	6.875e-05	6.875e-05	0.5625	0
	0.143	5.625e-05	1.875e-05	0.5625	0
	0.144	7.5e-05	6.875e-05	0.5625	0
	0.145	5e-05	6.25e-05	0.5625	0
	0.146	5.625e-05	3.75e-05	0.5625	0
	0.147	4.375e-05	6.25e-05	0.6	0
	0.148	6.25e-05	6.25e-05	0.6	0
	0.149	3.125e-05	4.375e-05	0.6	0
	0.15	7.5e-05	5e-05	0.6	0
	0.151	6.875e-05	5.625e-05	0.6	0
	0.152	6.875e-05	5e-05	0.6	0
	0.153	5.625e-05	5.625e-05	0.6	0
	0.154	3.75e-05	3.75e-05	0.642857	0
	0.155	8.125e-05	3.75e-05	0.692308	0
	0.156	5.625e-05	2.5e-05	0.692308	0
	0.157	2.5e-05	5e-05	0.692308	0
	0.158	6.875e-05	1.875e-05	0.692308	0
	0.159	7.5e-05	2.5e-05	0.692308	0
	0.16	3.125e-05	5e-05	0.692308	0
	0.161	5.625e-05	5e-05	0.692308	0
	0.162	3.125e-05	3.75e-05	0.615385	0
	0.163	7.5e-05	5e-05	0.615385	0
	0.164	6.875e-05	3.75e-05	0.666667	0
	0.165	5e-05	2.5e-05	0.666667	0
	0.166	8.125e-05	3.125e-05	0.666667	0
	0.167	7.5e-05	3.125e-05	0.666667	0
	0.168	5.625e-05	4.375e-05	0.583333	0
	0.169	4.375e-05	3.75e-05	0.583333	0
	0.17	4.375e-05	3.125e-05	0.583333	0
	0.171	5.625e-05	3.75e-05	0.583333	0
	0.172	4.375e-05	2.5e-05	0.583333	0
	0.173	5.625e-05	5e-05	0.583333	0
	0.174	2.5e-05	3.125e-05	0.583333	0
	0.175	6.25e-05	6.25e-06	0.583333	0
	0.176	3.75e-05	3.75e-05	0.583333	0
	0.177	6.25e-05	3.125e-05	0.583333	0
	0.178	5.625e-05	1.875e-05	0.583333	0
	0.179	4.375e-05	4.375e-05	0.583333	0
	0.18	3.75e-05	5e-05	0.583333	0
	0.181	3.125e-05	1.25e-05	0.583333	0
	0.182	4.375e-05	1.25e-05	0.583333	0
	0.183	6.25e-05	3.125e-05	0.583333	0
	0.184	6.875e-05	1.25e-05	0.583333	0
	0.185	3.75e-05	1.875e-05	0.583333	0
	0.186	3.75e-05	1.875e-05	0.583333	0
	0.187	6.25e-05	1.875e-05	0.583333	0
	0.188	5.625e-05	1.875e-05	0.636364	0
	0.189	3.75e-05	1.875e-05	0.636364	0
	0.19	5.625e-05	3.75e-05	0.636364	0
	0.191	6.25e-05	3.75e-05	0.636364	0
	0.192	3.125e-05	1.875e-05	0.636364	0
	0.193	3.125e-05	3.125e-05	0.636364	0
	0.194	5e-05	2.5e-05	0.636364	0
	0.195	1.25e-05	1.25e-05	0.636364	0
	0.196	5.625e-05	1.875e-05	0.7	0
	0.197	4.375e-05	2.5e-05	0.7	0
	0.198	1.875e-05	2.5e-05	0.7	0
	0.199	3.75e-05	2.5e-05	0.777778	0
	0.2	1.875e-05	2.5e-05	0.777778	0
	0.201	3.75e-05	2.5e-05	0.777778	0
	0.202	4.375e-05	1.25e-05	0.777778	0
	0.203	3.125e-05	6.25e-06	0.777778	0
	0.204	1.25e-05	6.25e-06	0.777778	0
	0.205	1.875e-05	1.875e-05	0.777778	0
	0.206	5e-05	1.875e-05	0.777778	0
	0.207	1.875e-05	2.5e-05	0.777778	0
	0.208	6.25e-06	6.25e-06	0.777778	0
	0.209	1.25e-05	1.875e-05	0.777778	0
	0.21	2.5e-05	1.25e-05	0.777778	0
	0.211	1.875e-05	6.25e-06	0.666667	0
	0.212	0	1.25e-05	0.666667	0
	0.213	6.25e-06	1.25e-05	0.666667	0
	0.214	1.875e-05	1.25e-05	0.666667	0
	0.215	1.25e-05	3.125e-05	0.666667	0
	0.216	1.875e-05	6.25e-06	0.666667	0
	0.217	6.25e-06	1.875e-05	0.666667	0
	0.218	1.875e-05	1.25e-05	0.666667	0
	0.219	6.25e-06	1.875e-05	0.666667	0
	0.22	1.25e-05	1.875e-05	0.666667	0
	0.221	6.25e-06	6.25e-06	0.75	0
	0.222	6.25e-06	1.25e-05	0.75	0
	0.223	1.875e-05	1.875e-05	0.75	0
	0.224	1.875e-05	6.25e-06	0.75	0
	0.225	6.25e-06	0	0.857143	0
	0.226	1.25e-05	0	0.857143	0
	0.227	0	0	0.857143	0
	0.228	6.25e-06	1.875e-05	0.857143	0
	0.229	2.5e-05	0	0.714286	0
	0.23	1.25e-05	1.875e-05	0.714286	0
	0.231	3.125e-05	2.5e-05	0.714286	0
	0.232	0	6.25e-06	0.714286	0
	0.233	1.25e-05	1.25e-05	0.714286	0
	0.234	2.5e-05	1.25e-05	0.714286	0
	0.235	3.125e-05	6.25e-06	0.714286	0
	0.236	1.875e-05	1.25e-05	0.714286	0
	0.237	6.25e-06	6.25e-06	0.714286	0
	0.238	3.125e-05	0	0.714286	0
	0.239	2.5e-05	1.875e-05	0.714286	0
	0.24	1.875e-05	1.875e-05	0.714286	0
	0.241	1.25e-05	6.25e-06	0.714286	0
	0.242	1.875e-05	1.25e-05	0.714286	0
	0.243	1.25e-05	0	0.714286	0
	0.244	2.5e-05	0	0.714286	0
	0.245	6.25e-06	1.25e-05	0.714286	0
	0.246	1.25e-05	6.25e-06	0.714286	0
	0.247	1.875e-05	2.5e-05	0.714286	0
	0.248	1.25e-05	1.875e-05	0.714286	0
	0.249	1.875e-05	1.25e-05	0.714286	0
	0.25	3.125e-05	1.25e-05	0.714286	0
	0.251	0	6.25e-06	0.714286	0
	0.252	1.875e-05	1.25e-05	0.714286	0
	0.253	1.875e-05	1.25e-05	0.714286	0
	0.254	3.75e-05	6.25e-06	0.571429	0
	0.255	6.25e-06	0	0.571429	0
	0.256	6.25e-05	1.25e-05	0.571429	0
	0.257	3.125e-05	6.25e-06	0.571429	0
	0.258	3.75e-05	1.25e-05	0.571429	0
	0.259	4.375e-05	1.25e-05	0.571429	0
	0.26	1.875e-05	0	0.571429	0
	0.261	3.75e-05	1.25e-05	0.571429	0
	0.262	1.875e-05	1.25e-05	0.571429	0
	0.263	2.5e-05	6.25e-06	0.571429	0
	0.264	1.875e-05	6.25e-06	0.571429	0
	0.265	3.75e-05	0	0.571429	0
	0.266	3.125e-05	1.25e-05	0.571429	0
	0.267	5e-05	1.25e-05	0.571429	0
	0.268	3.125e-05	0	0.571429	0
	0.269	4.375e-05	1.25e-05	0.571429	0
	0.27	6.25e-05	0	0.571429	0
	0.271	7.5e-05	0	0.571429	0
	0.272	5e-05	1.25e-05	0.571429	0
	0.273	3.75e-05	6.25e-06	0.571429	0
	0.274	1.25e-05	6.25e-06	0.571429	0
	0.275	2.5e-05	0	0.571429	0
	0.276	1.25e-05	0	0.571429	0
	0.277	6.875e-05	1.25e-05	0.571429	0
	0.278	3.125e-05	0	0.571429	0
	0.279	4.375e-05	0	0.571429	0
	0.28	4.375e-05	1.875e-05	0.571429	0
	0.281	2.5e-05	1.25e-05	0.428571	0
	0.282	1.25e-05	6.25e-06	0.428571	0
	0.283	3.125e-05	6.25e-06	0.428571	0
	0.284	3.125e-05	1.25e-05	0.428571	0
	0.285	3.125e-05	0	0.428571	0
	0.286	1.875e-05	1.25e-05	0.428571	0
	0.287	1.25e-05	0	0.428571	0
	0.288	2.5e-05	1.25e-05	0.428571	0
	0.289	3.75e-05	0	0.428571	0
	0.29	2.5e-05	0	0.428571	0
	0.291	6.25e-06	0	0.5	0
	0.292	3.125e-05	0	0.5	0
	0.293	3.125e-05	6.25e-06	0.5	0
	0.294	2.5e-05	1.25e-05	0.5	0
	0.295	1.875e-05	0	0.5	0
	0.296	1.875e-05	6.25e-06	0.5	0
	0.297	6.25e-06	0	0.5	0
	0.298	1.875e-05	6.25e-06	0.5	0
	0.299	6.25e-06	6.25e-06	0.5	0
	0.3	1.875e-05	0	0.5	0
	0.301	1.25e-05	0	0.5	0
	0.302	3.125e-05	0	0.5	0
	0.303	5e-05	1.875e-05	0.4	0
	0.304	4.375e-05	0	0.4	0
	0.305	1.25e-05	1.25e-05	0.4	0
	0.306	1.875e-05	0	0.4	0
	0.307	2.5e-05	6.25e-06	0.4	0
	0.308	2.5e-05	0	0.4	0
	0.309	1.25e-05	6.25e-06	0.4	0
	0.31	1.875e-05	6.25e-06	0.4	0
	0.311	2.5e-05	0	0.4	0
	0.312	1.875e-05	6.25e-06	0.4	0
	0.313	4.375e-05	6.25e-06	0.4	0
	0.314	3.125e-05	6.25e-06	0.5	0
	0.315	5e-05	6.25e-06	0.5	0
	0.316	3.125e-05	0	0.5	0
	0.317	1.25e-05	6.25e-06	0.5	0
	0.318	3.75e-05	0	0.5	0
	0.319	3.75e-05	6.25e-06	0.5	0
	0.32	2.5e-05	0	0.5	0
	0.321	3.75e-05	1.25e-05	0.5	0
	0.322	6.25e-06	0	0.5	0
	0.323	2.5e-05	6.25e-06	0.5	0
	0.324	6.25e-06	0	0.5	0
	0.325	4.375e-05	1.25e-05	0.5	0
	0.326	3.125e-05	0	0.5	0
	0.327	1.25e-05	0	0.5	0
	0.328	2.5e-05	0	0.5	0
	0.329	1.25e-05	6.25e-06	0.5	0
	0.33	2.5e-05	6.25e-06	0.5	0
	0.331	1.875e-05	1.875e-05	0.5	0
	0.332	1.875e-05	0	0.5	0
	0.333	3.125e-05	0	0.5	0
	0.334	1.875e-05	6.25e-06	0.5	0
	0.335	0	0	0.5	0
	0.336	3.75e-05	1.25e-05	0.5	0
	0.337	5.625e-05	0	0.5	0
	0.338	0	0	0.5	0
	0.339	6.25e-06	0	0.5	0
	0.34	1.25e-05	0	0.5	0
	0.341	1.25e-05	0	0.5	0
	0.342	6.25e-06	0	0.5	0
	0.343	1.25e-05	1.25e-05	0.5	0
	0.344	0	0	0.5	0
	0.345	6.25e-06	0	0.5	0
	0.346	6.25e-06	0	0.5	0
	0.347	6.25e-06	0	0.5	0
	0.348	0	1.25e-05	0.5	0
	0.349	3.125e-05	0	0.5	0
	0.35	2.5e-05	0	0.5	0
	0.351	1.25e-05	0	0.5	0
	0.352	0	0	0.5	0
	0.353	6.25e-06	1.25e-05	0.5	0
	0.354	6.25e-06	0	0.5	0
	0.355	1.25e-05	0	0.5	0
	0.356	6.25e-06	0	0.666667	0
	0.357	0	0	0.666667	0
	0.358	0	0	0.666667	0
	0.359	6.25e-06	6.25e-06	0.666667	0
	0.36	1.25e-05	0	0.666667	0
	0.361	0	0	0.666667	0
	0.362	0	6.25e-06	0.666667	0
	0.363	0	0	0.666667	0
	0.364	0	0	0.666667	0
	0.365	0	6.25e-06	0.666667	0
	0.366	0	0	0.666667	0
	0.367	0	0	0.666667	0
	0.368	0	0	0.666667	0
	0.369	0	0	0.666667	0
	0.37	0	1.25e-05	0.666667	0
	0.371	0	0	0.666667	0
	0.372	6.25e-06	6.25e-06	0.666667	0
	0.373	0	6.25e-06	0.666667	0
	0.374	0	6.25e-06	0.666667	0
	0.375	0	0	0.666667	0
	0.376	6.25e-06	6.25e-06	0.666667	0
	0.377	0	0	1	0
	0.378	0	6.25e-06	1	0
	0.379	0	0	1	0
	0.38	0	0	1	0
	0.381	0	0	1	0
	0.382	0	0	1	0
	0.383	0	0	1	0
	0.384	0	0	1	0
	0.385	0	0	1	0
	0.386	0	0	1	0
	0.387	0	1.25e-05	1	0
	0.388	0	0	1	0
	0.389	0	6.25e-06	1	0
	0.39	0	0	1	0
	0.391	0	0	1	0
	0.392	0	0	1	0
	0.393	0	0	1	0
	0.394	0	0	1	0
	0.395	0	0	1	0
	0.396	0	0	1	0
	0.397	0	0	1	0
	0.398	0	0	1	0
	0.399	0	0	1	0
	0.4	0	0	1	0
	0.401	0	0	1	0
	0.402	0	0	1	0
	0.403	0	0	1	0
	0.404	0	0	1	0
	0.405	0	0	1	0
	0.406	0	0	1	0
	0.407	0	6.25e-06	1	0
	0.408	0	0	1	0
	0.409	0	0	1	0
	0.41	0	6.25e-06	1	0
	0.411	0	0	1	0
	0.412	0	0	1	0
	0.413	0	0	1	0
	0.414	0	0	1	0
	0.415	0	6.25e-06	1	0
	0.416	0	0	1	0
	0.417	0	0	1	0
	0.418	0	0	1	0
	0.419	0	0	1	0
	0.42	0	6.25e-06	1	0
	0.421	0	6.25e-06	1	0
	0.422	0	0	1	0
	0.423	6.25e-06	0	1	0
	0.424	0	0	0.5	0
	0.425	0	0	0.5	0
	0.426	0	0	0.5	0
	0.427	0	0	0.5	0
	0.428	0	0	0.5	0
	0.429	0	0	0.5	0
	0.43	0	0	0.5	0
	0.431	0	0	0.5	0
	0.432	0	0	0.5	0
	0.433	6.25e-06	0	0.5	0
	0.434	6.25e-06	6.25e-06	0.5	0
	0.435	6.25e-06	0	0	0
	0.436	1.25e-05	0	0	0
	0.437	6.25e-06	0	0	0
	0.438	0	0	0	0
	0.439	1.25e-05	0	0	0
	0.44	0	0	0	0
	0.441	1.25e-05	0	0	0
	0.442	1.875e-05	0	0	0
	0.443	0	0	0	0
	0.444	1.25e-05	0	0	0
	0.445	1.25e-05	0	0	0
	0.446	3.125e-05	0	0	0
	0.447	1.25e-05	0	0	0
	0.448	3.75e-05	0	0	0
	0.449	1.25e-05	0	0	0
	0.45	1.875e-05	6.25e-06	0	0
	0.451	6.25e-06	0	0	0
	0.452	1.25e-05	0	0	0
	0.453	6.25e-06	0	0	0
	0.454	1.875e-05	0	0	0
	0.455	2.5e-05	0	0	0
	0.456	6.25e-06	0	0	0
	0.457	4.375e-05	0	0	0
	0.458	3.125e-05	0	0	0
	0.459	1.875e-05	0	0	0
	0.46	1.25e-05	0	0	0
	0.461	1.25e-05	0	0	0
	0.462	6.25e-06	0	0	0
	0.463	3.75e-05	0	0	0
	0.464	1.875e-05	0	0	0
	0.465	3.75e-05	0	0	0
	0.466	4.375e-05	0	0	0
	0.467	3.75e-05	0	0	0
	0.468	3.75e-05	0	0	0
	0.469	2.5e-05	0	0	0
	0.47	5e-05	0	0	0
	0.471	1.25e-05	0	0	0
	0.472	1.875e-05	0	0	0
	0.473	6.25e-06	0	0	0
	0.474	1.875e-05	0	0	0
	0.475	3.125e-05	0	0	0
	0.476	2.5e-05	0	0	0
	0.477	2.5e-05	0	0	0
	0.478	1.875e-05	0	0	0
	0.479	1.875e-05	0	0	0
	0.48	3.125e-05	0	0	0
	0.481	1.875e-05	0	0	0
	0.482	1.25e-05	0	0	0
	0.483	4.375e-05	0	0	0
	0.484	1.25e-05	0	0	0
	0.485	3.75e-05	0	0	0
	0.486	2.5e-05	0	0	0
	0.487	2.5e-05	0	0	0
	0.488	1.25e-05	0	0	0
	0.489	1.25e-05	0	0	0
	0.49	0	0	0	0
	0.491	6.25e-06	0	0	0
	0.492	1.25e-05	0	0	0
	0.493	3.125e-05	0	0	0
	0.494	6.25e-06	0	0	0
	0.495	6.25e-06	0	0	0
	0.496	0	0	0	0
	0.497	6.25e-06	0	0	0
	0.498	0	0	0	0
	0.499	6.25e-06	0	0	0
	0.5	1.25e-05	0	0	0
	0.501	0	0	0	0
	0.502	6.25e-06	0	0	0
	0.503	0	0	0	0
	0.504	1.25e-05	0	0	0
	0.505	0	0	0	0
	0.506	6.25e-06	0	0	0
	0.507	6.25e-06	0	0	0
	0.508	1.25e-05	0	0	0
	0.509	0	0	0	0
	0.51	0	0	0	0
	0.511	0	0	0	0
	0.512	0	0	0	0
	0.513	0	0	0	0
	0.514	0	0	0	0
	0.515	0	0	0	0
	0.516	0	0	0	0
	0.517	0	0	0	0
	0.518	0	0	0	0
	0.519	0	0	0	0
	0.52	0	0	0	0
	0.521	0	0	0	0
	0.522	0	0	0	0
	0.523	0	0	0	0
	0.524	0	0	0	0
	0.525	0	0	0	0
	0.526	0	0	0	0
	0.527	0	0	0	0
	0.528	0	0	0	0
	0.529	0	0	0	0
	0.53	0	0	0	0
	0.531	0	0	0	0
	0.532	0	0	0	0
	0.533	0	0	0	0
	0.534	0	0	0	0
	0.535	0	0	0	0
	0.536	0	0	0	0
	0.537	0	0	0	0
	0.538	0	0	0	0
	0.539	0	0	0	0
	0.54	0	0	0	0
	0.541	0	0	0	0
	0.542	0	0	0	0
	0.543	0	0	0	0
	0.544	0	0	0	0
	0.545	0	0	0	0
	0.546	0	0	0	0
	0.547	0	0	0	0
	0.548	0	0	0	0
	0.549	0	0	0	0
	0.55	0	0	0	0
	0.551	0	0	0	0
	0.552	0	0	0	0
	0.553	0	0	0	0
	0.554	0	0	0	0
	0.555	0	0	0	0
	0.556	0	0	0	0
	0.557	0	0	0	0
	0.558	0	0	0	0
	0.559	0	0	0	0
	0.56	0	0	0	0
	0.561	0	0	0	0
	0.562	0	0	0	0
	0.563	0	0	0	0
	0.564	0	0	0	0
	0.565	0	0	0	0
	0.566	0	0	0	0
	0.567	0	0	0	0
	0.568	0	0	0	0
	0.569	0	0	0	0
	0.57	0	0	0	0
	0.571	0	0	0	0
	0.572	0	0	0	0
	0.573	0	0	0	0
	0.574	0	0	0	0
	0.575	0	0	0	0
	0.576	0	0	0	0
	0.577	0	0	0	0
	0.578	0	0	0	0
	0.579	0	0	0	0
	0.58	0	0	0	0
	0.581	0	0	0	0
	0.582	0	0	0	0
	0.583	0	0	0	0
	0.584	0	0	0	0
	0.585	0	0	0	0
	0.586	0	0	0	0
	0.587	0	0	0	0
	0.588	0	0	0	0
	0.589	0	0	0	0
	0.59	0	0	0	0
	0.591	0	0	0	0
	0.592	0	0	0	0
	0.593	0	0	0	0
	0.594	0	0	0	0
	0.595	0	0	0	0
	0.596	0	0	0	0
	0.597	0	0	0	0
	0.598	0	0	0	0
	0.599	0	0	0	0
	0.6	0	0	0	0
	0.601	0	0	0	0
	0.602	0	0	0	0
	0.603	0	0	0	0
	0.604	0	0	0	0
	0.605	0	0	0	0
	0.606	0	0	0	0
	0.607	0	0	0	0
	0.608	0	0	0	0
	0.609	0	0	0	0
	0.61	0	0	0	0
	0.611	0	0	0	0
	0.612	0	0	0	0
	0.613	0	0	0	0
	0.614	0	0	0	0
	0.615	0	0	0	0
	0.616	0	0	0	0
	0.617	0	0	0	0
	0.618	0	0	0	0
	0.619	0	0	0	0
	0.62	0	0	0	0
	0.621	0	0	0	0
	0.622	0	0	0	0
	0.623	0	0	0	0
	0.624	0	0	0	0
	0.625	0	0	0	0
	0.626	0	0	0	0
	0.627	0	0	0	0
	0.628	0	0	0	0
	0.629	0	0	0	0
	0.63	0	0	0	0
	0.631	0	0	0	0
	0.632	0	0	0	0
	0.633	0	0	0	0
	0.634	0	0	0	0
	0.635	0	0	0	0
	0.636	0	0	0	0
	0.637	0	0	0	0
	0.638	0	0	0	0
	0.639	0	0	0	0
	0.64	0	0	0	0
	0.641	0	0	0	0
	0.642	0	0	0	0
	0.643	0	0	0	0
	0.644	0	0	0	0
	0.645	0	0	0	0
	0.646	0	0	0	0
	0.647	0	0	0	0
	0.648	0	0	0	0
	0.649	0	0	0	0
	0.65	0	0	0	0
	0.651	0	0	0	0
	0.652	0	0	0	0
	0.653	0	0	0	0
	0.654	0	0	0	0
	0.655	0	0	0	0
	0.656	0	0	0	0
	0.657	0	0	0	0
	0.658	0	0	0	0
	0.659	0	0	0	0
	0.66	0	0	0	0
	0.661	0	0	0	0
	0.662	0	0	0	0
	0.663	0	0	0	0
	0.664	0	0	0	0
	0.665	0	0	0	0
	0.666	0	0	0	0
	0.667	0	0	0	0
	0.668	0	0	0	0
	0.669	0	0	0	0
	0.67	0	0	0	0
	0.671	0	0	0	0
	0.672	0	0	0	0
	0.673	0	0	0	0
	0.674	0	0	0	0
	0.675	0	0	0	0
	0.676	0	0	0	0
	0.677	0	0	0	0
	0.678	0	0	0	0
	0.679	0	0	0	0
	0.68	0	0	0	0
	0.681	0	0	0	0
	0.682	0	0	0	0
	0.683	0	0	0	0
	0.684	0	0	0	0
	0.685	0	0	0	0
	0.686	0	0	0	0
	0.687	0	0	0	0
	0.688	0	0	0	0
	0.689	0	0	0	0
	0.69	0	0	0	0
	0.691	0	0	0	0
	0.692	0	0	0	0
	0.693	0	0	0	0
	0.694	0	0	0	0
	0.695	0	0	0	0
	0.696	0	0	0	0
	0.697	0	0	0	0
	0.698	0	0	0	0
	0.699	0	0	0	0
	0.7	0	0	0	0
	0.701	0	0	0	0
	0.702	0	0	0	0
	0.703	0	0	0	0
	0.704	0	0	0	0
	0.705	0	0	0	0
	0.706	0	0	0	0
	0.707	0	0	0	0
	0.708	0	0	0	0
	0.709	0	0	0	0
	0.71	0	0	0	0
	0.711	0	0	0	0
	0.712	0	0	0	0
	0.713	0	0	0	0
	0.714	0	0	0	0
	0.715	0	0	0	0
	0.716	0	0	0	0
	0.717	0	0	0	0
	0.718	0	0	0	0
	0.719	0	0	0	0
	0.72	0	0	0	0
	0.721	0	0	0	0
	0.722	0	0	0	0
	0.723	0	0	0	0
	0.724	0	0	0	0
	0.725	0	0	0	0
	0.726	0	0	0	0
	0.727	0	0	0	0
	0.728	0	0	0	0
	0.729	0	0	0	0
	0.73	0	0	0	0
	0.731	0	0	0	0
	0.732	0	0	0	0
	0.733	0	0	0	0
	0.734	0	0	0	0
	0.735	0	0	0	0
	0.736	0	0	0	0
	0.737	0	0	0	0
	0.738	0	0	0	0
	0.739	0	0	0	0
	0.74	0	0	0	0
	0.741	0	0	0	0
	0.742	0	0	0	0
	0.743	0	0	0	0
	0.744	0	0	0	0
	0.745	0	0	0	0
	0.746	0	0	0	0
	0.747	0	0	0	0
	0.748	0	0	0	0
	0.749	0	0	0	0
	0.75	0	0	0	0
	0.751	0	0	0	0
	0.752	0	0	0	0
	0.753	0	0	0	0
	0.754	0	0	0	0
	0.755	0	0	0	0
	0.756	0	0	0	0
	0.757	0	0	0	0
	0.758	0	0	0	0
	0.759	0	0	0	0
	0.76	0	0	0	0
	0.761	0	0	0	0
	0.762	0	0	0	0
	0.763	0	0	0	0
	0.764	0	0	0	0
	0.765	0	0	0	0
	0.766	0	0	0	0
	0.767	0	0	0	0
	0.768	0	0	0	0
	0.769	0	0	0	0
	0.77	0	0	0	0
	0.771	0	0	0	0
	0.772	0	0	0	0
	0.773	0	0	0	0
	0.774	0	0	0	0
	0.775	0	0	0	0
	0.776	0	0	0	0
	0.777	0	0	0	0
	0.778	0	0	0	0
	0.779	0	0	0	0
	0.78	0	0	0	0
	0.781	0	0	0	0
	0.782	0	0	0	0
	0.783	0	0	0	0
	0.784	0	0	0	0
	0.785	0	0	0	0
	0.786	0	0	0	0
	0.787	0	0	0	0
	0.788	0	0	0	0
	0.789	0	0	0	0
	0.79	0	0	0	0
	0.791	0	0	0	0
	0.792	0	0	0	0
	0.793	0	0	0	0
	0.794	0	0	0	0
	0.795	0	0	0	0
	0.796	0	0	0	0
	0.797	0	0	0	0
	0.798	0	0	0	0
	0.799	0	0	0	0
	0.8	0	0	0	0
	0.801	0	0	0	0
	0.802	0	0	0	0
	0.803	0	0	0	0
	0.804	0	0	0	0
	0.805	0	0	0	0
	0.806	0	0	0	0
	0.807	0	0	0	0
	0.808	0	0	0	0
	0.809	0	0	0	0
	0.81	0	0	0	0
	0.811	0	0	0	0
	0.812	0	0	0	0
	0.813	0	0	0	0
	0.814	0	0	0	0
	0.815	0	0	0	0
	0.816	0	0	0	0
	0.817	0	0	0	0
	0.818	0	0	0	0
	0.819	0	0	0	0
	0.82	0	0	0	0
	0.821	0	0	0	0
	0.822	0	0	0	0
	0.823	0	0	0	0
	0.824	0	0	0	0
	0.825	0	0	0	0
	0.826	0	0	0	0
	0.827	0	0	0	0
	0.828	0	0	0	0
	0.829	0	0	0	0
	0.83	0	0	0	0
	0.831	0	0	0	0
	0.832	0	0	0	0
	0.833	0	0	0	0
	0.834	0	0	0	0
	0.835	0	0	0	0
	0.836	0	0	0	0
	0.837	0	0	0	0
	0.838	0	0	0	0
	0.839	0	0	0	0
	0.84	0	0	0	0
	0.841	0	0	0	0
	0.842	0	0	0	0
	0.843	0	0	0	0
	0.844	0	0	0	0
	0.845	0	0	0	0
	0.846	0	0	0	0
	0.847	0	0	0	0
	0.848	0	0	0	0
	0.849	0	0	0	0
	0.85	0	0	0	0
	0.851	0	0	0	0
	0.852	0	0	0	0
	0.853	0	0	0	0
	0.854	0	0	0	0
	0.855	0	0	0	0
	0.856	0	0	0	0
	0.857	0	0	0	0
	0.858	0	0	0	0
	0.859	0	0	0	0
	0.86	0	0	0	0
	0.861	0	0	0	0
	0.862	0	0	0	0
	0.863	0	0	0	0
	0.864	0	0	0	0
	0.865	0	0	0	0
	0.866	0	0	0	0
	0.867	0	0	0	0
	0.868	0	0	0	0
	0.869	0	0	0	0
	0.87	0	0	0	0
	0.871	0	0	0	0
	0.872	0	0	0	0
	0.873	0	0	0	0
	0.874	0	0	0	0
	0.875	0	0	0	0
	0.876	0	0	0	0
	0.877	0	0	0	0
	0.878	0	0	0	0
	0.879	0	0	0	0
	0.88	0	0	0	0
	0.881	0	0	0	0
	0.882	0	0	0	0
	0.883	0	0	0	0
	0.884	0	0	0	0
	0.885	0	0	0	0
	0.886	0	0	0	0
	0.887	0	0	0	0
	0.888	0	0	0	0
	0.889	0	0	0	0
	0.89	0	0	0	0
	0.891	0	0	0	0
	0.892	0	0	0	0
	0.893	0	0	0	0
	0.894	0	0	0	0
	0.895	0	0	0	0
	0.896	0	0	0	0
	0.897	0	0	0	0
	0.898	0	0	0	0
	0.899	0	0	0	0
	0.9	0	0	0	0
	0.901	0	0	0	0
	0.902	0	0	0	0
	0.903	0	0	0	0
	0.904	0	0	0	0
	0.905	0	0	0	0
	0.906	0	0	0	0
	0.907	0	0	0	0
	0.908	0	0	0	0
	0.909	0	0	0	0
	0.91	0	0	0	0
	0.911	0	0	0	0
	0.912	0	0	0	0
	0.913	0	0	0	0
	0.914	0	0	0	0
	0.915	0	0	0	0
	0.916	0	0	0	0
	0.917	0	0	0	0
	0.918	0	0	0	0
	0.919	0	0	0	0
	0.92	0	0	0	0
	0.921	0	0	0	0
	0.922	0	0	0	0
	0.923	0	0	0	0
	0.924	0	0	0	0
	0.925	0	0	0	0
	0.926	0	0	0	0
	0.927	0	0	0	0
	0.928	0	0	0	0
	0.929	0	0	0	0
	0.93	0	0	0	0
	0.931	0	0	0	0
	0.932	0	0	0	0
	0.933	0	0	0	0
	0.934	0	0	0	0
	0.935	0	0	0	0
	0.936	0	0	0	0
	0.937	0	0	0	0
	0.938	0	0	0	0
	0.939	0	0	0	0
	0.94	0	0	0	0
	0.941	0	0	0	0
	0.942	0	0	0	0
	0.943	0	0	0	0
	0.944	0	0	0	0
	0.945	0	0	0	0
	0.946	0	0	0	0
	0.947	0	0	0	0
	0.948	0	0	0	0
	0.949	0	0	0	0
	0.95	0	0	0	0
	0.951	0	0	0	0
	0.952	0	0	0	0
	0.953	0	0	0	0
	0.954	0	0	0	0
	0.955	0	0	0	0
	0.956	0	0	0	0
	0.957	0	0	0	0
	0.958	0	0	0	0
	0.959	0	0	0	0
	0.96	0	0	0	0
	0.961	0	0	0	0
	0.962	0	0	0	0
	0.963	0	0	0	0
	0.964	0	0	0	0
	0.965	0	0	0	0
	0.966	0	0	0	0
	0.967	0	0	0	0
	0.968	0	0	0	0
	0.969	0	0	0	0
	0.97	0	0	0	0
	0.971	0	0	0	0
	0.972	0	0	0	0
	0.973	0	0	0	0
	0.974	0	0	0	0
	0.975	0	0	0	0
	0.976	0	0	0	0
	0.977	0	0	0	0
	0.978	0	0	0	0
	0.979	0	0	0	0
	0.98	0	0	0	0
	0.981	0	0	0	0
	0.982	0	0	0	0
	0.983	0	0	0	0
	0.984	0	0	0	0
	0.985	0	0	0	0
	0.986	0	0	0	0
	0.987	0	0	0	0
	0.988	0	0	0	0
	0.989	0	0	0	0
	0.99	0	0	0	0
	0.991	0	0	0	0
	0.992	0	0	0	0
	0.993	0	0	0	0
	0.994	0	0	0	0
	0.995	0	0	0	0
	0.996	0	0	0	0
	0.997	0	0	0	0
	0.998	0	0	0	0
	0.999	0	0	0	0
	1	0	0	0	0


#	yrange	sparsity	# links	zeta	support at cross	fraction FP
	0	0.019375	31	0.00700222	0.833	NaN
	0.9	0.019375	31	0.00700222	0.833	NaN
