#	Frequencies and overlap
#	bins	MYC	shuffle	overlap_MYC	overlap_shuffle
	0	0.298619	0.352762	0.89385	0
	0.001	0.0024375	0	0.894068	0
	0.002	0.00205	0	0.890306	0
	0.003	0.00223125	0	0.891453	0
	0.004	0.00193125	0	0.891938	0
	0.005	0.00208125	0	0.891753	0
	0.006	0.00185	0	0.893103	0
	0.007	0.0017875	0	0.894646	0
	0.008	0.00194375	0	0.895329	0
	0.009	0.001475	0	0.895238	0
	0.01	0.00179375	0	0.89748	0
	0.011	0.001475	0	0.897033	0
	0.012	0.00129375	0	0.899211	0
	0.013	0.00125	0	0.900703	0
	0.014	0.00134375	0	0.902116	0
	0.015	0.0011875	0	0.90203	0
	0.016	0.00116875	0	0.904425	0
	0.017	0.00108125	0	0.903369	0
	0.018	0.00129375	1.25e-05	0.902396	0
	0.019	0.00108125	0	0.902222	0
	0.02	0.0014375	6.25e-06	0.903025	0
	0.021	0.00123125	0	0.90706	0
	0.022	0.0012375	1.25e-05	0.910233	0
	0.023	0.00126875	0	0.908273	0
	0.024	0.0013125	6.25e-06	0.907291	0
	0.025	0.00135	1.25e-05	0.903517	0
	0.026	0.001225	6.25e-06	0.901625	0
	0.027	0.00128125	1.25e-05	0.901357	0
	0.028	0.00158125	0	0.899457	0
	0.029	0.0013	1.875e-05	0.896739	0
	0.03	0.00140625	2.5e-05	0.895644	0
	0.031	0.0014875	2.5e-05	0.894737	0
	0.032	0.00133125	1.25e-05	0.897903	0
	0.033	0.0014875	6.25e-06	0.900366	0
	0.034	0.00131875	1.25e-05	0.900183	0
	0.035	0.00156875	1.875e-05	0.898352	0
	0.036	0.00149375	5.625e-05	0.898165	0
	0.037	0.00136875	1.875e-05	0.898072	0
	0.038	0.00140625	2.5e-05	0.902214	0
	0.039	0.00165	2.5e-05	0.904718	0
	0.04	0.00151875	5.625e-05	0.905468	0
	0.041	0.00135	3.125e-05	0.907993	0
	0.042	0.00123125	3.75e-05	0.908752	0
	0.043	0.001075	1.875e-05	0.908752	0
	0.044	0.00136875	3.75e-05	0.907735	0
	0.045	0.00115625	3.75e-05	0.906542	0
	0.046	0.0011	3.125e-05	0.905519	0
	0.047	0.0011	3.125e-05	0.907129	0
	0.048	0.00109375	7.5e-05	0.910546	0
	0.049	0.0011625	3.75e-05	0.912181	0
	0.05	0.00081875	6.25e-05	0.914692	0
	0.051	0.00105	0.0001	0.914611	0
	0.052	0.00108125	8.75e-05	0.912713	0
	0.053	0.00100625	7.5e-05	0.917064	0
	0.054	0.00085625	6.875e-05	0.916905	0
	0.055	0.00104375	9.375e-05	0.918582	0
	0.056	0.00114375	0.00010625	0.917546	0
	0.057	0.00099375	9.375e-05	0.919308	0
	0.058	0.00105625	5.625e-05	0.920115	0
	0.059	0.00105625	0.00010625	0.921815	0
	0.06	0.00100625	6.875e-05	0.921588	0
	0.061	0.001075	8.125e-05	0.919496	0
	0.062	0.00109375	0.0001	0.916505	0
	0.063	0.0011125	0.0001125	0.916424	0
	0.064	0.0009875	0.000125	0.916424	0
	0.065	0.0010875	4.375e-05	0.915452	0
	0.066	0.001	8.75e-05	0.917154	0
	0.067	0.00101875	0.00014375	0.918049	0
	0.068	0.000975	0.0002	0.918787	0
	0.069	0.0008875	0.0001375	0.918627	0
	0.07	0.0009375	0.0001375	0.917647	0
	0.071	0.0008875	0.00018125	0.913725	0
	0.072	0.00099375	0.0002125	0.914454	0
	0.073	0.00080625	0.0001625	0.913471	0
	0.074	0.00089375	0.00019375	0.915271	0
	0.075	0.000925	0.0001875	0.915187	0
	0.076	0.00093125	0.00019375	0.914032	0
	0.077	0.0009875	0.0002375	0.914936	0
	0.078	0.000975	0.00021875	0.917495	0
	0.079	0.00085625	0.000225	0.916335	0
	0.08	0.0010625	0.00018125	0.913347	0
	0.081	0.0010125	0.0001625	0.917918	0
	0.082	0.0009375	0.00026875	0.916834	0
	0.083	0.0011125	0.00024375	0.92145	0
	0.084	0.0009875	0.00018125	0.920363	0
	0.085	0.00096875	0.00015625	0.922065	0
	0.086	0.00088125	0.000225	0.922065	0
	0.087	0.00090625	0.00020625	0.922999	0
	0.088	0.0008625	0.00024375	0.923935	0
	0.089	0.00084375	0.00028125	0.922921	0
	0.09	0.00081875	0.00025625	0.922921	0
	0.091	0.00103125	0.00025625	0.921748	0
	0.092	0.00095625	0.000275	0.920489	0
	0.093	0.0008875	0.00030625	0.918451	0
	0.094	0.00085625	0.00033125	0.917263	0
	0.095	0.000875	0.0003125	0.91914	0
	0.096	0.00075625	0.0003	0.917008	0
	0.097	0.0008	0.00035	0.916838	0
	0.098	0.00075	0.000375	0.913758	0
	0.099	0.0007875	0.000375	0.914697	0
	0.1	0.00104375	0.00030625	0.913669	0
	0.101	0.00075	0.0002625	0.913491	0
	0.102	0.00089375	0.00043125	0.915202	0
	0.103	0.00093125	0.0003625	0.913043	0
	0.104	0.00091875	0.0004	0.912773	0
	0.105	0.0008625	0.0003	0.910603	0
	0.106	0.00088125	0.00043125	0.909563	0
	0.107	0.00098125	0.00035625	0.909469	0
	0.108	0.00099375	0.00038125	0.90625	0
	0.109	0.00103125	0.00051875	0.90501	0
	0.11	0.001025	0.00036875	0.903866	0
	0.111	0.00104375	0.00043125	0.900524	0
	0.112	0.00106875	0.0004	0.901261	0
	0.113	0.00098125	0.00045	0.89916	0
	0.114	0.001175	0.00039375	0.899054	0
	0.115	0.0010875	0.00046875	0.897895	0
	0.116	0.0011125	0.0003875	0.894626	0
	0.117	0.0012125	0.00043125	0.894515	0
	0.118	0.00115	0.0004375	0.898305	0
	0.119	0.0011375	0.00040625	0.897246	0
	0.12	0.0011625	0.00050625	0.894904	0
	0.121	0.0012875	0.000525	0.891605	0
	0.122	0.00115625	0.00043125	0.892439	0
	0.123	0.0010625	0.00054375	0.894344	0
	0.124	0.00129375	0.00051875	0.894344	0
	0.125	0.00106875	0.00048125	0.891979	0
	0.126	0.0011	0.0005625	0.890792	0
	0.127	0.00111875	0.0005125	0.890675	0
	0.128	0.0012	0.00054375	0.891515	0
	0.129	0.0013125	0.0004875	0.889366	0
	0.13	0.0013625	0.00059375	0.887097	0
	0.131	0.001225	0.0005375	0.886975	0
	0.132	0.0012625	0.0007	0.886975	0
	0.133	0.00125	0.000425	0.887931	0
	0.134	0.0013125	0.0006	0.886731	0
	0.135	0.00114375	0.000625	0.888528	0
	0.136	0.00133125	0.00061875	0.889491	0
	0.137	0.00123125	0.00054375	0.886117	0
	0.138	0.00128125	0.00063125	0.885993	0
	0.139	0.00128125	0.000725	0.882609	0
	0.14	0.001275	0.00053125	0.885496	0
	0.141	0.001225	0.00055625	0.887309	0
	0.142	0.001225	0.0007	0.88609	0
	0.143	0.0012125	0.000625	0.885965	0
	0.144	0.00123125	0.0007	0.884868	0
	0.145	0.00104375	0.00065625	0.885714	0
	0.146	0.00114375	0.0007	0.886564	0
	0.147	0.00121875	0.00070625	0.887293	0
	0.148	0.00110625	0.00075	0.888274	0
	0.149	0.000925	0.00064375	0.886918	0
	0.15	0.00109375	0.0006375	0.888889	0
	0.151	0.00121875	0.000775	0.888765	0
	0.152	0.0010375	0.00075	0.894737	0
	0.153	0.0010375	0.00058125	0.894501	0
	0.154	0.0011	0.00070625	0.893138	0
	0.155	0.000975	0.0007875	0.893018	0
	0.156	0.00098125	0.0006375	0.893785	0
	0.157	0.00103125	0.00065625	0.894677	0
	0.158	0.000875	0.000675	0.897727	0
	0.159	0.00095625	0.00086875	0.898633	0
	0.16	0.00088125	0.00083125	0.896355	0
	0.161	0.00091875	0.00074375	0.899198	0
	0.162	0.001	0.0007875	0.901149	0
	0.163	0.00086875	0.0007875	0.901036	0
	0.164	0.0009	0.0008625	0.89977	0
	0.165	0.00090625	0.00084375	0.898383	0
	0.166	0.00093125	0.00073125	0.900463	0
	0.167	0.00089375	0.000725	0.902552	0
	0.168	0.00071875	0.0007125	0.903376	0
	0.169	0.00085625	0.00079375	0.901984	0
	0.17	0.0008125	0.00080625	0.901754	0
	0.171	0.0007375	0.00068125	0.903869	0
	0.172	0.0008125	0.00085	0.905993	0
	0.173	0.0007375	0.00084375	0.905771	0
	0.174	0.00078125	0.00089375	0.903188	0
	0.175	0.0008375	0.000875	0.903073	0
	0.176	0.00085	0.000825	0.904028	0
	0.177	0.00090625	0.0009375	0.902844	0
	0.178	0.00069375	0.0008	0.902728	0
	0.179	0.00073125	0.00086875	0.902613	0
	0.18	0.00076875	0.00085	0.904762	0
	0.181	0.00070625	0.0008	0.904421	0
	0.182	0.00071875	0.00074375	0.906363	0
	0.183	0.00085	0.000825	0.903962	0
	0.184	0.000775	0.00086875	0.901442	0
	0.185	0.00088125	0.00091875	0.899038	0
	0.186	0.00086875	0.00085625	0.901086	0
	0.187	0.00076875	0.00076875	0.899637	0
	0.188	0.00075625	0.00085	0.901818	0
	0.189	0.0007625	0.00090625	0.901699	0
	0.19	0.00070625	0.000825	0.899272	0
	0.191	0.00073125	0.0007875	0.899272	0
	0.192	0.00069375	0.00089375	0.898058	0
	0.193	0.00076875	0.0007875	0.898058	0
	0.194	0.0008125	0.00079375	0.896845	0
	0.195	0.00073125	0.00096875	0.896594	0
	0.196	0.00066875	0.00074375	0.89878	0
	0.197	0.00073125	0.00103125	0.898657	0
	0.198	0.00081875	0.00089375	0.898657	0
	0.199	0.000875	0.000875	0.898284	0
	0.2	0.00086875	0.00085625	0.898034	0
	0.201	0.00089375	0.0009125	0.899139	0
	0.202	0.00068125	0.00081875	0.89532	0
	0.203	0.00076875	0.00086875	0.894089	0
	0.204	0.00089375	0.00089375	0.896168	0
	0.205	0.00085625	0.00088125	0.898389	0
	0.206	0.00081875	0.0009875	0.899254	0
	0.207	0.001	0.000925	0.89801	0
	0.208	0.0008625	0.00085625	0.897756	0
	0.209	0.000825	0.0009125	0.897756	0
	0.21	0.0009	0.00091875	0.8975	0
	0.211	0.00075625	0.00084375	0.8975	0
	0.212	0.00094375	0.00096875	0.895	0
	0.213	0.00078125	0.00074375	0.894869	0
	0.214	0.00081875	0.00093125	0.893617	0
	0.215	0.0008125	0.001075	0.895729	0
	0.216	0.00090625	0.001	0.895729	0
	0.217	0.000925	0.00081875	0.895729	0
	0.218	0.00085625	0.0009	0.897856	0
	0.219	0.00075625	0.00091875	0.897727	0
	0.22	0.0007375	0.0009625	0.897598	0
	0.221	0.00090625	0.0009	0.897468	0
	0.222	0.0007375	0.0009625	0.897468	0
	0.223	0.00075625	0.00094375	0.897468	0
	0.224	0.0009125	0.00095	0.896071	0
	0.225	0.00074375	0.0009625	0.898089	0
	0.226	0.0007125	0.00103125	0.896684	0
	0.227	0.0007375	0.00089375	0.898977	0
	0.228	0.00081875	0.001175	0.897698	0
	0.229	0.00076875	0.0009125	0.897698	0
	0.23	0.0008875	0.00099375	0.897698	0
	0.231	0.00073125	0.00100625	0.897567	0
	0.232	0.0009125	0.00096875	0.895006	0
	0.233	0.00085625	0.00083125	0.894737	0
	0.234	0.00071875	0.00091875	0.895619	0
	0.235	0.00079375	0.00100625	0.893041	0
	0.236	0.00078125	0.0008875	0.891613	0
	0.237	0.00063125	0.00101875	0.888745	0
	0.238	0.0008125	0.00095	0.888601	0
	0.239	0.00081875	0.0009125	0.890767	0
	0.24	0.00081875	0.00105	0.891927	0
	0.241	0.0006125	0.00105625	0.891645	0
	0.242	0.00069375	0.00106875	0.892529	0
	0.243	0.00079375	0.00098125	0.893701	0
	0.244	0.00063125	0.00105	0.893701	0
	0.245	0.000825	0.0010125	0.892247	0
	0.246	0.0006875	0.0009	0.891821	0
	0.247	0.00071875	0.00098125	0.889036	0
	0.248	0.0006625	0.0009875	0.888742	0
	0.249	0.00059375	0.0009875	0.888446	0
	0.25	0.0007	0.0010625	0.887118	0
	0.251	0.0006375	0.00106875	0.888149	0
	0.252	0.0006	0.00095625	0.888149	0
	0.253	0.00074375	0.00104375	0.885486	0
	0.254	0.00078125	0.00108125	0.88785	0
	0.255	0.00070625	0.0009	0.885027	0
	0.256	0.00065	0.0011	0.884873	0
	0.257	0.0007125	0.00114375	0.882195	0
	0.258	0.0008125	0.001	0.883221	0
	0.259	0.0008375	0.00094375	0.887838	0
	0.26	0.00066875	0.0009375	0.888738	0
	0.261	0.0006375	0.0009875	0.889646	0
	0.262	0.00074375	0.0009125	0.892077	0
	0.263	0.00083125	0.0011	0.893297	0
	0.264	0.00071875	0.0009375	0.894521	0
	0.265	0.000675	0.0010375	0.895604	0
	0.266	0.000675	0.0009125	0.894231	0
	0.267	0.0007625	0.00096875	0.895317	0
	0.268	0.00075	0.001025	0.893939	0
	0.269	0.000775	0.00101875	0.893793	0
	0.27	0.00085	0.00103125	0.892414	0
	0.271	0.00070625	0.00115625	0.893646	0
	0.272	0.00074375	0.0010625	0.893646	0
	0.273	0.00075625	0.00118125	0.895833	0
	0.274	0.00071875	0.00086875	0.894444	0
	0.275	0.00083125	0.00099375	0.895688	0
	0.276	0.00073125	0.00109375	0.894298	0
	0.277	0.00075	0.0008875	0.892907	0
	0.278	0.0007625	0.00111875	0.894003	0
	0.279	0.0007125	0.0009625	0.893855	0
	0.28	0.0007125	0.0010125	0.892458	0
	0.281	0.00070625	0.001125	0.894958	0
	0.282	0.00070625	0.00113125	0.896067	0
	0.283	0.000725	0.00099375	0.897183	0
	0.284	0.0007125	0.001	0.897183	0
	0.285	0.0007375	0.00108125	0.895628	0
	0.286	0.0008375	0.00093125	0.89548	0
	0.287	0.00079375	0.00088125	0.896747	0
	0.288	0.0007125	0.00099375	0.893918	0
	0.289	0.00066875	0.00101875	0.893918	0
	0.29	0.0006625	0.00098125	0.895184	0
	0.291	0.000675	0.000975	0.892351	0
	0.292	0.00078125	0.00100625	0.889518	0
	0.293	0.0005625	0.0010875	0.889518	0
	0.294	0.0006625	0.0009375	0.892045	0
	0.295	0.00061875	0.0010875	0.890313	0
	0.296	0.0005625	0.0009875	0.89	0
	0.297	0.00058125	0.00100625	0.889685	0
	0.298	0.00074375	0.001225	0.889527	0
	0.299	0.00065625	0.00113125	0.889368	0
	0.3	0.00066875	0.000975	0.889209	0
	0.301	0.00060625	0.0011	0.89049	0
	0.302	0.00061875	0.000975	0.890173	0
	0.303	0.00068125	0.001	0.887283	0
	0.304	0.00063125	0.00098125	0.88712	0
	0.305	0.00046875	0.0010125	0.889695	0
	0.306	0.00055	0.0011	0.889535	0
	0.307	0.0006125	0.0011	0.891971	0
	0.308	0.000475	0.00105	0.891813	0
	0.309	0.00059375	0.00109375	0.890351	0
	0.31	0.00065	0.0011	0.888726	0
	0.311	0.0006125	0.000925	0.888726	0
	0.312	0.00056875	0.0011	0.893962	0
	0.313	0.00058125	0.0011875	0.89528	0
	0.314	0.000525	0.00098125	0.893805	0
	0.315	0.00055	0.0011125	0.893805	0
	0.316	0.000575	0.001125	0.895126	0
	0.317	0.00054375	0.00114375	0.890694	0
	0.318	0.00061875	0.0008	0.88774	0
	0.319	0.00056875	0.00093125	0.889053	0
	0.32	0.0005875	0.0010625	0.887407	0
	0.321	0.00065	0.00108125	0.88724	0
	0.322	0.00050625	0.001075	0.885587	0
	0.323	0.0005125	0.00088125	0.886905	0
	0.324	0.00059375	0.001075	0.889387	0
	0.325	0.00061875	0.00108125	0.887725	0
	0.326	0.00054375	0.0009375	0.888722	0
	0.327	0.000725	0.0009	0.887048	0
	0.328	0.000625	0.00109375	0.889561	0
	0.329	0.000575	0.00115625	0.889394	0
	0.33	0.0006875	0.0011125	0.890744	0
	0.331	0.00060625	0.0011375	0.891768	0
	0.332	0.0005875	0.00101875	0.890244	0
	0.333	0.0005875	0.00099375	0.890244	0
	0.334	0.000625	0.00095625	0.892966	0
	0.335	0.0006125	0.0008625	0.892802	0
	0.336	0.0006375	0.00100625	0.892638	0
	0.337	0.00051875	0.00096875	0.891104	0
	0.338	0.00053125	0.00103125	0.889401	0
	0.339	0.0007125	0.00110625	0.890601	0
	0.34	0.00060625	0.0009875	0.890601	0
	0.341	0.00065	0.00101875	0.891808	0
	0.342	0.000525	0.0010125	0.890263	0
	0.343	0.000725	0.00100625	0.890093	0
	0.344	0.00059375	0.0010125	0.891473	0
	0.345	0.00064375	0.00085625	0.889922	0
	0.346	0.0006875	0.001025	0.885271	0
	0.347	0.0007125	0.0011375	0.88354	0
	0.348	0.00063125	0.00085	0.883359	0
	0.349	0.00070625	0.0008	0.884735	0
	0.35	0.00060625	0.0009625	0.88162	0
	0.351	0.0006125	0.00105	0.881435	0
	0.352	0.00070625	0.001175	0.882812	0
	0.353	0.0005625	0.00103125	0.882629	0
	0.354	0.0006	0.00099375	0.882629	0
	0.355	0.0005625	0.00096875	0.882445	0
	0.356	0.00055625	0.001075	0.882261	0
	0.357	0.0006375	0.00095625	0.879121	0
	0.358	0.00065	0.00090625	0.879121	0
	0.359	0.00068125	0.0011375	0.877358	0
	0.36	0.00069375	0.00095625	0.876972	0
	0.361	0.000775	0.00108125	0.878165	0
	0.362	0.00065	0.0009875	0.876582	0
	0.363	0.00075	0.001075	0.875	0
	0.364	0.00065625	0.000925	0.874802	0
	0.365	0.0006875	0.0009875	0.871632	0
	0.366	0.00066875	0.00101875	0.874404	0
	0.367	0.000675	0.001025	0.872408	0
	0.368	0.00066875	0.001	0.873802	0
	0.369	0.0006375	0.001	0.8752	0
	0.37	0.00066875	0.0010375	0.872	0
	0.371	0.00058125	0.00091875	0.8688	0
	0.372	0.00059375	0.00109375	0.866987	0
	0.373	0.00061875	0.0009625	0.868379	0
	0.374	0.00055625	0.00098125	0.868379	0
	0.375	0.0005875	0.00105	0.871176	0
	0.376	0.00061875	0.00095625	0.870968	0
	0.377	0.00056875	0.00095	0.872375	0
	0.378	0.00060625	0.0009625	0.868932	0
	0.379	0.00065	0.000875	0.871753	0
	0.38	0.00055	0.00095625	0.872964	0
	0.381	0.00073125	0.00080625	0.869707	0
	0.382	0.00066875	0.00096875	0.864821	0
	0.383	0.00058125	0.00089375	0.861564	0
	0.384	0.0005375	0.001	0.861338	0
	0.385	0.00071875	0.00088125	0.858075	0
	0.386	0.00064375	0.00095	0.859016	0
	0.387	0.00066875	0.00108125	0.855738	0
	0.388	0.0005625	0.00105	0.853859	0
	0.389	0.00069375	0.00114375	0.853618	0
	0.39	0.0006375	0.00106875	0.854545	0
	0.391	0.0006	0.0011125	0.85596	0
	0.392	0.0006125	0.00095	0.857143	0
	0.393	0.000725	0.000925	0.856905	0
	0.394	0.00065	0.00099375	0.858097	0
	0.395	0.00066875	0.00104375	0.854515	0
	0.396	0.00063125	0.00110625	0.855946	0
	0.397	0.0007125	0.00100625	0.858586	0
	0.398	0.000575	0.00086875	0.858108	0
	0.399	0.00061875	0.00099375	0.857868	0
	0.4	0.0006625	0.00098125	0.854484	0
	0.401	0.00070625	0.00095	0.854484	0
	0.402	0.00060625	0.00096875	0.852792	0
	0.403	0.00071875	0.00090625	0.849408	0
	0.404	0.00076875	0.00094375	0.850594	0
	0.405	0.000675	0.0009	0.850085	0
	0.406	0.00074375	0.00100625	0.851536	0
	0.407	0.00073125	0.001075	0.847863	0
	0.408	0.00074375	0.0010375	0.842735	0
	0.409	0.0008125	0.000925	0.842466	0
	0.41	0.0008125	0.0009375	0.843643	0
	0.411	0.0007875	0.00098125	0.843373	0
	0.412	0.00074375	0.00090625	0.841652	0
	0.413	0.0007375	0.0009875	0.841652	0
	0.414	0.00074375	0.00095625	0.841379	0
	0.415	0.00074375	0.00095	0.842832	0
	0.416	0.00070625	0.0009	0.842832	0
	0.417	0.00071875	0.0009375	0.839378	0
	0.418	0.00074375	0.00088125	0.840555	0
	0.419	0.00069375	0.0009625	0.838821	0
	0.42	0.00075625	0.0009625	0.837088	0
	0.421	0.00075	0.00085	0.842932	0
	0.422	0.00084375	0.0009375	0.842932	0
	0.423	0.00075	0.00089375	0.844133	0
	0.424	0.0007625	0.000775	0.845614	0
	0.425	0.00075625	0.00096875	0.842105	0
	0.426	0.000775	0.0009	0.840351	0
	0.427	0.00083125	0.00105625	0.844523	0
	0.428	0.00073125	0.00085625	0.846018	0
	0.429	0.0008375	0.00094375	0.846018	0
	0.43	0.00083125	0.0009125	0.847518	0
	0.431	0.0009625	0.000975	0.841918	0
	0.432	0.00083125	0.00098125	0.840142	0
	0.433	0.00075	0.00079375	0.838078	0
	0.434	0.0008	0.000925	0.839286	0
	0.435	0.0008125	0.00083125	0.839286	0
	0.436	0.000725	0.0010375	0.83871	0
	0.437	0.00078125	0.00095	0.836625	0
	0.438	0.000825	0.000975	0.836331	0
	0.439	0.0007	0.001	0.837545	0
	0.44	0.0007125	0.00100625	0.837251	0
	0.441	0.00061875	0.00091875	0.837251	0
	0.442	0.00075625	0.00098125	0.838768	0
	0.443	0.0008125	0.0010125	0.841818	0
	0.444	0.00069375	0.00090625	0.844607	0
	0.445	0.00075	0.0009375	0.839122	0
	0.446	0.00075625	0.000875	0.837294	0
	0.447	0.0007625	0.00104375	0.835165	0
	0.448	0.0006625	0.00105625	0.836697	0
	0.449	0.00076875	0.00079375	0.836697	0
	0.45	0.0006875	0.00100625	0.841328	0
	0.451	0.00065625	0.00085625	0.835793	0
	0.452	0.00073125	0.00074375	0.835793	0
	0.453	0.0007	0.00096875	0.83549	0
	0.454	0.0007875	0.00089375	0.837037	0
	0.455	0.0007625	0.00110625	0.840149	0
	0.456	0.0007375	0.001	0.834264	0
	0.457	0.00061875	0.00089375	0.834264	0
	0.458	0.0007375	0.00086875	0.835514	0
	0.459	0.0006875	0.00093125	0.838649	0
	0.46	0.0006625	0.00085	0.840226	0
	0.461	0.00075625	0.00088125	0.838346	0
	0.462	0.00070625	0.0009125	0.838041	0
	0.463	0.0007	0.00086875	0.835849	0
	0.464	0.00070625	0.000875	0.833333	0
	0.465	0.000675	0.00086875	0.838095	0
	0.466	0.0006125	0.0008375	0.833652	0
	0.467	0.00065625	0.000825	0.833652	0
	0.468	0.00061875	0.0008625	0.836852	0
	0.469	0.00066875	0.00090625	0.837838	0
	0.47	0.00063125	0.000925	0.837209	0
	0.471	0.00053125	0.00084375	0.837209	0
	0.472	0.00065625	0.0010625	0.834951	0
	0.473	0.000625	0.00089375	0.838207	0
	0.474	0.00065625	0.00095	0.837891	0
	0.475	0.00064375	0.00086875	0.837255	0
	0.476	0.00056875	0.00085625	0.834971	0
	0.477	0.00065	0.000975	0.836614	0
	0.478	0.00058125	0.0009625	0.837945	0
	0.479	0.00053125	0.00095	0.839604	0
	0.48	0.00058125	0.00083125	0.837624	0
	0.481	0.00064375	0.00095	0.839286	0
	0.482	0.0005625	0.00095	0.83499	0
	0.483	0.0004625	0.00100625	0.833002	0
	0.484	0.0006	0.00073125	0.832335	0
	0.485	0.00059375	0.0010125	0.835341	0
	0.486	0.00056875	0.00081875	0.83871	0
	0.487	0.000625	0.000975	0.843496	0
	0.488	0.00058125	0.00085	0.841463	0
	0.489	0.0006875	0.000875	0.841463	0
	0.49	0.00061875	0.0009375	0.844581	0
	0.491	0.0006875	0.00083125	0.844262	0
	0.492	0.00055625	0.00095	0.845361	0
	0.493	0.0006125	0.0009	0.845361	0
	0.494	0.00066875	0.00103125	0.845041	0
	0.495	0.000675	0.00085	0.846791	0
	0.496	0.0006	0.00095	0.846791	0
	0.497	0.00058125	0.0009625	0.848548	0
	0.498	0.0006	0.00089375	0.848548	0
	0.499	0.000575	0.00095	0.848548	0
	0.5	0.00069375	0.0008875	0.844398	0
	0.501	0.00061875	0.000975	0.840249	0
	0.502	0.000725	0.00081875	0.840249	0
	0.503	0.00055625	0.00096875	0.837838	0
	0.504	0.000575	0.0008125	0.835417	0
	0.505	0.00056875	0.00090625	0.83682	0
	0.506	0.00053125	0.000725	0.840336	0
	0.507	0.0005875	0.00085	0.842105	0
	0.508	0.0005875	0.00095625	0.842105	0
	0.509	0.00056875	0.00088125	0.841772	0
	0.51	0.0007625	0.0010625	0.845011	0
	0.511	0.0006	0.00083125	0.842887	0
	0.512	0.00064375	0.00085	0.844681	0
	0.513	0.000525	0.00080625	0.842217	0
	0.514	0.00054375	0.00081875	0.840085	0
	0.515	0.00054375	0.00080625	0.839744	0
	0.516	0.00075	0.0007625	0.843011	0
	0.517	0.0006125	0.0009625	0.844828	0
	0.518	0.00066875	0.00081875	0.844492	0
	0.519	0.0005375	0.0008	0.84632	0
	0.52	0.00059375	0.00088125	0.851852	0
	0.521	0.00053125	0.0007875	0.845316	0
	0.522	0.00059375	0.0008875	0.847162	0
	0.523	0.0006875	0.000925	0.847162	0
	0.524	0.00055625	0.0009	0.850549	0
	0.525	0.00059375	0.00068125	0.850549	0
	0.526	0.00048125	0.00084375	0.843612	0
	0.527	0.000575	0.00086875	0.845475	0
	0.528	0.00060625	0.00095625	0.843267	0
	0.529	0.00056875	0.00071875	0.84106	0
	0.53	0.0005625	0.00089375	0.84292	0
	0.531	0.00058125	0.00096875	0.84292	0
	0.532	0.0005125	0.0008625	0.840708	0
	0.533	0.00058125	0.0009	0.840355	0
	0.534	0.0004125	0.00088125	0.842222	0
	0.535	0.00061875	0.0009375	0.84	0
	0.536	0.0005375	0.00089375	0.835189	0
	0.537	0.000525	0.00090625	0.837054	0
	0.538	0.0005875	0.0008125	0.838565	0
	0.539	0.00055625	0.00091875	0.838565	0
	0.54	0.00048125	0.0009	0.842342	0
	0.541	0.00054375	0.0008	0.841986	0
	0.542	0.00036875	0.000825	0.839729	0
	0.543	0.00056875	0.00083125	0.843537	0
	0.544	0.0005125	0.00076875	0.839002	0
	0.545	0.00058125	0.00088125	0.838636	0
	0.546	0.00051875	0.0009125	0.836364	0
	0.547	0.00046875	0.00094375	0.8379	0
	0.548	0.0005375	0.0009375	0.835616	0
	0.549	0.00051875	0.00079375	0.835616	0
	0.55	0.00051875	0.000825	0.83945	0
	0.551	0.0006375	0.0009125	0.843318	0
	0.552	0.00055625	0.0008875	0.847222	0
	0.553	0.00065	0.00073125	0.844907	0
	0.554	0.00048125	0.00085625	0.850816	0
	0.555	0.00055	0.00083125	0.850117	0
	0.556	0.0006125	0.00081875	0.840749	0
	0.557	0.0005125	0.00089375	0.838407	0
	0.558	0.0005625	0.00075625	0.840376	0
	0.559	0.00048125	0.00093125	0.842353	0
	0.56	0.00055625	0.00081875	0.84	0
	0.561	0.0004625	0.000825	0.837264	0
	0.562	0.0005125	0.0008375	0.837264	0
	0.563	0.00045	0.0007875	0.839243	0
	0.564	0.00051875	0.00088125	0.841232	0
	0.565	0.00050625	0.0008	0.84323	0
	0.566	0.000425	0.00081875	0.84689	0
	0.567	0.00050625	0.0009	0.850242	0
	0.568	0.00045625	0.000825	0.850242	0
	0.569	0.00058125	0.00085625	0.850242	0
	0.57	0.000425	0.00085625	0.850242	0
	0.571	0.00054375	0.0008375	0.842995	0
	0.572	0.00056875	0.0009125	0.84058	0
	0.573	0.0005625	0.00083125	0.84466	0
	0.574	0.0005375	0.0007375	0.844282	0
	0.575	0.000475	0.00069375	0.841849	0
	0.576	0.0004875	0.0008	0.841849	0
	0.577	0.00055625	0.0008375	0.841849	0
	0.578	0.00051875	0.00076875	0.848039	0
	0.579	0.00054375	0.00085	0.847666	0
	0.58	0.00063125	0.0008625	0.847666	0
	0.581	0.00055	0.0009375	0.847291	0
	0.582	0.0005125	0.00081875	0.849383	0
	0.583	0.00050625	0.0008875	0.84901	0
	0.584	0.00045	0.00071875	0.846535	0
	0.585	0.0004375	0.00076875	0.846535	0
	0.586	0.000575	0.00093125	0.846535	0
	0.587	0.00055	0.00081875	0.850746	0
	0.588	0.0004625	0.00078125	0.848259	0
	0.589	0.00048125	0.00081875	0.848259	0
	0.59	0.00045625	0.00073125	0.854637	0
	0.591	0.00048125	0.00086875	0.856784	0
	0.592	0.000475	0.00095625	0.858942	0
	0.593	0.000475	0.00095	0.861111	0
	0.594	0.00039375	0.00090625	0.858586	0
	0.595	0.0004125	0.00078125	0.85101	0
	0.596	0.000475	0.00080625	0.848101	0
	0.597	0.00041875	0.00081875	0.847716	0
	0.598	0.0004125	0.00083125	0.851662	0
	0.599	0.0004125	0.00090625	0.853846	0
	0.6	0.000425	0.0008625	0.853093	0
	0.601	0.000425	0.000825	0.850129	0
	0.602	0.00041875	0.00089375	0.844961	0
	0.603	0.00040625	0.0008375	0.84456	0
	0.604	0.0004875	0.0007125	0.846354	0
	0.605	0.000425	0.000975	0.846354	0
	0.606	0.00046875	0.00078125	0.845953	0
	0.607	0.00030625	0.00064375	0.845953	0
	0.608	0.0004875	0.00063125	0.84555	0
	0.609	0.0004	0.00084375	0.85	0
	0.61	0.0004125	0.0009375	0.849604	0
	0.611	0.00049375	0.00073125	0.843915	0
	0.612	0.00040625	0.00076875	0.838624	0
	0.613	0.0004875	0.00076875	0.833333	0
	0.614	0.00041875	0.0009875	0.835544	0
	0.615	0.0005	0.00085625	0.832	0
	0.616	0.0003875	0.0008	0.83378	0
	0.617	0.0004	0.0008875	0.836022	0
	0.618	0.00036875	0.000775	0.836022	0
	0.619	0.00044375	0.0008125	0.836022	0
	0.62	0.00051875	0.00079375	0.832884	0
	0.621	0.00055625	0.0009125	0.82973	0
	0.622	0.00039375	0.000875	0.831978	0
	0.623	0.00044375	0.000825	0.834239	0
	0.624	0.0004625	0.00085	0.833787	0
	0.625	0.00048125	0.0006875	0.828338	0
	0.626	0.00055	0.00070625	0.828338	0
	0.627	0.00048125	0.0007875	0.830601	0
	0.628	0.00040625	0.00070625	0.826923	0
	0.629	0.00045	0.00074375	0.831492	0
	0.63	0.00041875	0.00075625	0.831492	0
	0.631	0.00051875	0.0008	0.831492	0
	0.632	0.0005	0.0006875	0.833795	0
	0.633	0.00055	0.0007125	0.830556	0
	0.634	0.00051875	0.0009375	0.827778	0
	0.635	0.0005	0.0009	0.825	0
	0.636	0.00049375	0.00085625	0.827298	0
	0.637	0.00051875	0.0007125	0.831933	0
	0.638	0.00065	0.00078125	0.829132	0
	0.639	0.0006	0.00088125	0.828652	0
	0.64	0.0005875	0.00085	0.828169	0
	0.641	0.00059375	0.0007375	0.832861	0
	0.642	0.0005875	0.00068125	0.830028	0
	0.643	0.000525	0.00069375	0.830028	0
	0.644	0.00068125	0.0006375	0.830028	0
	0.645	0.00045625	0.00083125	0.832386	0
	0.646	0.0006125	0.000875	0.832386	0
	0.647	0.0006125	0.0007625	0.832386	0
	0.648	0.00066875	0.00070625	0.832386	0
	0.649	0.00059375	0.0007875	0.832386	0
	0.65	0.00061875	0.00081875	0.832386	0
	0.651	0.0005125	0.00076875	0.841954	0
	0.652	0.00061875	0.000775	0.84438	0
	0.653	0.0007	0.000775	0.835735	0
	0.654	0.0005875	0.000825	0.835735	0
	0.655	0.000525	0.000725	0.829971	0
	0.656	0.00055	0.00074375	0.829971	0
	0.657	0.00051875	0.0008	0.83237	0
	0.658	0.0005625	0.0007375	0.834783	0
	0.659	0.0005375	0.00085	0.834783	0
	0.66	0.00054375	0.0008	0.831884	0
	0.661	0.00051875	0.0008375	0.828488	0
	0.662	0.0004625	0.0008	0.825581	0
	0.663	0.0005375	0.00085625	0.822157	0
	0.664	0.00046875	0.00071875	0.822157	0
	0.665	0.00059375	0.000725	0.831858	0
	0.666	0.00045625	0.0006875	0.83432	0
	0.667	0.00046875	0.0007375	0.833828	0
	0.668	0.0004875	0.0007875	0.830861	0
	0.669	0.00035	0.000725	0.827893	0
	0.67	0.00039375	0.0008875	0.824926	0
	0.671	0.000425	0.0007	0.824926	0
	0.672	0.000425	0.00064375	0.827381	0
	0.673	0.00048125	0.00066875	0.832335	0
	0.674	0.00031875	0.00079375	0.834337	0
	0.675	0.00043125	0.000725	0.828313	0
	0.676	0.0003625	0.0007375	0.819277	0
	0.677	0.0003875	0.000825	0.818731	0
	0.678	0.00035	0.00075	0.817629	0
	0.679	0.00045625	0.000675	0.817073	0
	0.68	0.00035625	0.0008125	0.813456	0
	0.681	0.0003875	0.00080625	0.815951	0
	0.682	0.0003625	0.0007125	0.820988	0
	0.683	0.00031875	0.000725	0.814815	0
	0.684	0.00044375	0.0007625	0.814241	0
	0.685	0.00038125	0.00069375	0.821875	0
	0.686	0.00031875	0.000675	0.81875	0
	0.687	0.00038125	0.00070625	0.815625	0
	0.688	0.0003375	0.00069375	0.818182	0
	0.689	0.0003125	0.00078125	0.822222	0
	0.69	0.00034375	0.000725	0.815287	0
	0.691	0.00044375	0.00073125	0.814696	0
	0.692	0.0002875	0.00068125	0.814103	0
	0.693	0.00041875	0.0008	0.814103	0
	0.694	0.00045625	0.0008375	0.810897	0
	0.695	0.00038125	0.000725	0.807692	0
	0.696	0.00048125	0.0006	0.806452	0
	0.697	0.0003625	0.00075	0.808442	0
	0.698	0.00046875	0.00056875	0.808442	0
	0.699	0.000425	0.000675	0.811075	0
	0.7	0.000425	0.00058125	0.813725	0
	0.701	0.00045625	0.00060625	0.810458	0
	0.702	0.0004375	0.00069375	0.813115	0
	0.703	0.0004	0.0007	0.815789	0
	0.704	0.000425	0.0005875	0.805921	0
	0.705	0.000525	0.0007375	0.811258	0
	0.706	0.0005375	0.00066875	0.811258	0
	0.707	0.00056875	0.00068125	0.807947	0
	0.708	0.00055	0.00060625	0.809365	0
	0.709	0.00054375	0.00074375	0.805369	0
	0.71	0.000625	0.00061875	0.808081	0
	0.711	0.00054375	0.00073125	0.804714	0
	0.712	0.00056875	0.000725	0.807432	0
	0.713	0.0005125	0.00065625	0.804054	0
	0.714	0.0005625	0.00073125	0.809524	0
	0.715	0.000625	0.00073125	0.809524	0
	0.716	0.00068125	0.000775	0.79932	0
	0.717	0.00061875	0.00078125	0.795918	0
	0.718	0.00058125	0.00059375	0.795918	0
	0.719	0.0007375	0.00064375	0.795918	0
	0.72	0.000625	0.000675	0.795918	0
	0.721	0.00059375	0.0005375	0.792517	0
	0.722	0.0006875	0.00071875	0.792517	0
	0.723	0.000675	0.0008125	0.791809	0
	0.724	0.0006	0.0006625	0.791809	0
	0.725	0.0005125	0.0006375	0.791096	0
	0.726	0.0005	0.0007375	0.790378	0
	0.727	0.00055625	0.00055	0.790378	0
	0.728	0.0005625	0.00070625	0.783505	0
	0.729	0.00044375	0.000675	0.780069	0
	0.73	0.00059375	0.00069375	0.785467	0
	0.731	0.00060625	0.00065	0.788194	0
	0.732	0.0006	0.00064375	0.792982	0
	0.733	0.00055	0.0006	0.792982	0
	0.734	0.00045625	0.0006875	0.795775	0
	0.735	0.00056875	0.0007	0.788732	0
	0.736	0.00045	0.00071875	0.784452	0
	0.737	0.00059375	0.00066875	0.792857	0
	0.738	0.0004875	0.0006	0.792115	0
	0.739	0.000525	0.00053125	0.794964	0
	0.74	0.00055	0.0007625	0.797834	0
	0.741	0.00048125	0.0006	0.790614	0
	0.742	0.00049375	0.00061875	0.793478	0
	0.743	0.0005	0.0005375	0.789855	0
	0.744	0.00045625	0.00070625	0.782609	0
	0.745	0.00054375	0.00066875	0.782609	0
	0.746	0.0004875	0.000625	0.774545	0
	0.747	0.0005625	0.00060625	0.777372	0
	0.748	0.0005	0.0006625	0.773723	0
	0.749	0.0005375	0.0007625	0.770073	0
	0.75	0.0004125	0.0006	0.775735	0
	0.751	0.000425	0.00065	0.777778	0
	0.752	0.0005625	0.0006875	0.780669	0
	0.753	0.000525	0.0006125	0.782772	0
	0.754	0.00051875	0.0005875	0.778195	0
	0.755	0.0004875	0.0005	0.777358	0
	0.756	0.0005375	0.0007	0.773585	0
	0.757	0.00045	0.00059375	0.776515	0
	0.758	0.00050625	0.00049375	0.772727	0
	0.759	0.000475	0.00069375	0.768939	0
	0.76	0.00049375	0.0006625	0.768939	0
	0.761	0.00048125	0.00061875	0.771863	0
	0.762	0.0004875	0.0005625	0.774809	0
	0.763	0.00051875	0.00056875	0.776062	0
	0.764	0.00051875	0.0005875	0.776062	0
	0.765	0.00055	0.000625	0.782101	0
	0.766	0.000575	0.00065625	0.788235	0
	0.767	0.0005375	0.00068125	0.784314	0
	0.768	0.0005875	0.00065625	0.792829	0
	0.769	0.00048125	0.00056875	0.796	0
	0.77	0.00058125	0.00059375	0.802419	0
	0.771	0.00046875	0.00058125	0.798387	0
	0.772	0.000625	0.00061875	0.798387	0
	0.773	0.00049375	0.000575	0.804878	0
	0.774	0.00046875	0.00055625	0.8	0
	0.775	0.000525	0.0004	0.806584	0
	0.776	0.00040625	0.0006	0.809917	0
	0.777	0.0004875	0.0004625	0.805785	0
	0.778	0.0004375	0.00040625	0.8125	0
	0.779	0.000525	0.00060625	0.808333	0
	0.78	0.00039375	0.00054375	0.795833	0
	0.781	0.00045625	0.00058125	0.791667	0
	0.782	0.00055625	0.00055	0.7875	0
	0.783	0.00041875	0.00040625	0.794118	0
	0.784	0.0004	0.0005125	0.793249	0
	0.785	0.0004875	0.000575	0.793249	0
	0.786	0.00046875	0.0005875	0.79661	0
	0.787	0.00043125	0.0003625	0.803419	0
	0.788	0.00038125	0.0006	0.803419	0
	0.789	0.0004625	0.0006375	0.799145	0
	0.79	0.00041875	0.00041875	0.794872	0
	0.791	0.0005	0.00050625	0.798283	0
	0.792	0.00045625	0.00060625	0.798283	0
	0.793	0.00045625	0.00053125	0.797414	0
	0.794	0.000425	0.00048125	0.788793	0
	0.795	0.00050625	0.0005	0.788793	0
	0.796	0.00040625	0.000525	0.79476	0
	0.797	0.00041875	0.0004625	0.798246	0
	0.798	0.00035625	0.00051875	0.797357	0
	0.799	0.000475	0.00045	0.788546	0
	0.8	0.0005125	0.00065	0.792035	0
	0.801	0.00050625	0.000475	0.799107	0
	0.802	0.00041875	0.0004625	0.799107	0
	0.803	0.00051875	0.0003625	0.797297	0
	0.804	0.00035	0.0005625	0.808219	0
	0.805	0.00050625	0.0005375	0.808219	0
	0.806	0.00035625	0.0004375	0.806452	0
	0.807	0.0004375	0.00056875	0.797235	0
	0.808	0.0004625	0.00041875	0.804651	0
	0.809	0.0003875	0.0005375	0.812207	0
	0.81	0.00045	0.0004875	0.812207	0
	0.811	0.000425	0.00056875	0.819905	0
	0.812	0.00041875	0.00059375	0.822967	0
	0.813	0.00043125	0.00050625	0.822967	0
	0.814	0.00038125	0.000525	0.818182	0
	0.815	0.0004	0.000475	0.822115	0
	0.816	0.000375	0.00053125	0.817308	0
	0.817	0.00038125	0.00051875	0.807692	0
	0.818	0.0004	0.00051875	0.807692	0
	0.819	0.000425	0.0004625	0.807692	0
	0.82	0.0004375	0.0004875	0.802885	0
	0.821	0.0004125	0.000475	0.798077	0
	0.822	0.0004375	0.0004125	0.792271	0
	0.823	0.0003625	0.00035625	0.791262	0
	0.824	0.0004375	0.00045625	0.790244	0
	0.825	0.00038125	0.00058125	0.785366	0
	0.826	0.00043125	0.00038125	0.788177	0
	0.827	0.0004125	0.00049375	0.792079	0
	0.828	0.00038125	0.0004375	0.787129	0
	0.829	0.00049375	0.00045	0.791045	0
	0.83	0.00044375	0.00050625	0.79397	0
	0.831	0.0004	0.00045	0.78392	0
	0.832	0.00045625	0.00031875	0.78392	0
	0.833	0.0004625	0.000475	0.78392	0
	0.834	0.0003625	0.00038125	0.778894	0
	0.835	0.0005625	0.00045	0.786802	0
	0.836	0.000375	0.00043125	0.798969	0
	0.837	0.00043125	0.00060625	0.792746	0
	0.838	0.00044375	0.0004	0.792746	0
	0.839	0.00050625	0.00035625	0.792746	0
	0.84	0.00045625	0.00043125	0.792746	0
	0.841	0.000425	0.00041875	0.796875	0
	0.842	0.0003625	0.00034375	0.795812	0
	0.843	0.00055625	0.00044375	0.8	0
	0.844	0.000575	0.00045	0.798942	0
	0.845	0.00045625	0.0004375	0.803191	0
	0.846	0.0005	0.00050625	0.797872	0
	0.847	0.00049375	0.0003375	0.802139	0
	0.848	0.00051875	0.000375	0.795699	0
	0.849	0.00049375	0.000425	0.795699	0
	0.85	0.0005375	0.0003875	0.790323	0
	0.851	0.00048125	0.00039375	0.788043	0
	0.852	0.0005375	0.00035625	0.788043	0
	0.853	0.00055	0.00045625	0.777174	0
	0.854	0.0005125	0.0004	0.781421	0
	0.855	0.0005125	0.0004	0.781421	0
	0.856	0.00044375	0.00041875	0.781421	0
	0.857	0.0005125	0.00035	0.781421	0
	0.858	0.00040625	0.00035	0.775956	0
	0.859	0.0005625	0.00040625	0.774725	0
	0.86	0.00053125	0.00034375	0.772222	0
	0.861	0.00044375	0.0004	0.761111	0
	0.862	0.0004	0.0003375	0.761111	0
	0.863	0.0003875	0.00039375	0.759777	0
	0.864	0.00044375	0.0003375	0.768362	0
	0.865	0.00038125	0.000275	0.755682	0
	0.866	0.00045625	0.00034375	0.754286	0
	0.867	0.0004875	0.000375	0.757225	0
	0.868	0.0003625	0.000375	0.761628	0
	0.869	0.0004875	0.00035625	0.755814	0
	0.87	0.00043125	0.00030625	0.760234	0
	0.871	0.00054375	0.000325	0.764706	0
	0.872	0.0004125	0.0004875	0.752941	0
	0.873	0.0004375	0.0004	0.766467	0
	0.874	0.0004625	0.00036875	0.766467	0
	0.875	0.0005125	0.0003875	0.76506	0
	0.876	0.0004875	0.00029375	0.762195	0
	0.877	0.00051875	0.00039375	0.760736	0
	0.878	0.00046875	0.00029375	0.748466	0
	0.879	0.0004875	0.0003125	0.736196	0
	0.88	0.0005625	0.000375	0.745342	0
	0.881	0.00044375	0.000325	0.75	0
	0.882	0.0005375	0.0003625	0.74375	0
	0.883	0.00055625	0.00035	0.748428	0
	0.884	0.00044375	0.0003875	0.735849	0
	0.885	0.0004	0.0003	0.735849	0
	0.886	0.00055625	0.00030625	0.72327	0
	0.887	0.00056875	0.00031875	0.72327	0
	0.888	0.00053125	0.00025625	0.727848	0
	0.889	0.00049375	0.0003875	0.737179	0
	0.89	0.0005125	0.0002875	0.741935	0
	0.891	0.00050625	0.00031875	0.746753	0
	0.892	0.00053125	0.0002875	0.751634	0
	0.893	0.0006125	0.00035625	0.766667	0
	0.894	0.000525	0.0002375	0.766667	0
	0.895	0.00058125	0.00023125	0.777027	0
	0.896	0.00059375	0.0003375	0.77027	0
	0.897	0.00055625	0.00034375	0.763514	0
	0.898	0.0005875	0.00029375	0.761905	0
	0.899	0.0005375	0.0002875	0.755102	0
	0.9	0.00050625	0.00025	0.748299	0
	0.901	0.00046875	0.00030625	0.734694	0
	0.902	0.00055	0.000325	0.734694	0
	0.903	0.00053125	0.00025	0.743056	0
	0.904	0.00045	0.00018125	0.741259	0
	0.905	0.00044375	0.00031875	0.727273	0
	0.906	0.000475	0.0003	0.727273	0
	0.907	0.00038125	0.00026875	0.732394	0
	0.908	0.0004625	0.00031875	0.725352	0
	0.909	0.00049375	0.000325	0.728571	0
	0.91	0.00043125	0.00030625	0.721429	0
	0.911	0.0005	0.000275	0.721429	0
	0.912	0.0004375	0.00021875	0.724638	0
	0.913	0.00043125	0.0002375	0.735294	0
	0.914	0.00039375	0.00025	0.740741	0
	0.915	0.00031875	0.0003	0.744361	0
	0.916	0.0005125	0.0002625	0.755725	0
	0.917	0.00036875	0.00028125	0.767442	0
	0.918	0.00046875	0.0002125	0.767442	0
	0.919	0.0004	0.0002	0.751938	0
	0.92	0.00041875	0.0002	0.751938	0
	0.921	0.00054375	0.00029375	0.769841	0
	0.922	0.000425	0.000275	0.776	0
	0.923	0.00035	0.000175	0.768	0
	0.924	0.0004	0.00024375	0.76	0
	0.925	0.0004375	0.00020625	0.778689	0
	0.926	0.00049375	0.00025	0.762295	0
	0.927	0.000425	0.000175	0.743802	0
	0.928	0.00045625	0.00016875	0.741667	0
	0.929	0.00043125	0.0002	0.739496	0
	0.93	0.0004375	0.00018125	0.731092	0
	0.931	0.0004375	0.0002625	0.711864	0
	0.932	0.0004375	0.00018125	0.70339	0
	0.933	0.0004875	0.00016875	0.709402	0
	0.934	0.0005	0.00014375	0.72807	0
	0.935	0.00051875	0.00018125	0.72807	0
	0.936	0.0003875	0.00015	0.701754	0
	0.937	0.00048125	0.00016875	0.692982	0
	0.938	0.00050625	0.00018125	0.699115	0
	0.939	0.00036875	0.0001625	0.699115	0
	0.94	0.000525	0.00015	0.705357	0
	0.941	0.0005375	0.00015625	0.696429	0
	0.942	0.00058125	0.00013125	0.6875	0
	0.943	0.0005875	0.000175	0.693694	0
	0.944	0.0005875	0.0001625	0.681818	0
	0.945	0.00053125	0.00010625	0.688073	0
	0.946	0.00063125	0.00015625	0.678899	0
	0.947	0.0006375	0.00010625	0.672897	0
	0.948	0.0007125	0.00010625	0.660377	0
	0.949	0.0006625	0.000125	0.660377	0
	0.95	0.00068125	0.0001125	0.693069	0
	0.951	0.000675	0.00010625	0.683168	0
	0.952	0.00058125	6.25e-05	0.69	0
	0.953	0.00073125	0.00019375	0.67	0
	0.954	0.0007625	0.00016875	0.666667	0
	0.955	0.00065625	0.00015625	0.646465	0
	0.956	0.00074375	0.0001125	0.636364	0
	0.957	0.00055	0.0001125	0.616162	0
	0.958	0.0006375	0.00020625	0.612245	0
	0.959	0.0007375	9.375e-05	0.612245	0
	0.96	0.0006125	0.00013125	0.608247	0
	0.961	0.0006875	6.875e-05	0.608247	0
	0.962	0.0006625	9.375e-05	0.610526	0
	0.963	0.00061875	0.000175	0.602151	0
	0.964	0.0006625	9.375e-05	0.636364	0
	0.965	0.00074375	0.000125	0.651163	0
	0.966	0.00066875	0.00010625	0.654762	0
	0.967	0.00071875	0.0001	0.654762	0
	0.968	0.00071875	0.0001	0.654762	0
	0.969	0.0008625	8.75e-05	0.6625	0
	0.97	0.00074375	0.00010625	0.6375	0
	0.971	0.0007375	8.75e-05	0.625	0
	0.972	0.000925	9.375e-05	0.602564	0
	0.973	0.000725	0.000125	0.605263	0
	0.974	0.00074375	8.75e-05	0.613333	0
	0.975	0.00075	8.75e-05	0.608108	0
	0.976	0.00084375	7.5e-05	0.581081	0
	0.977	0.00059375	5.625e-05	0.583333	0
	0.978	0.00075	9.375e-05	0.583333	0
	0.979	0.0006125	0.00010625	0.591549	0
	0.98	0.00080625	2.5e-05	0.6	0
	0.981	0.0008125	0.00010625	0.61194	0
	0.982	0.00070625	8.125e-05	0.606061	0
	0.983	0.00073125	3.75e-05	0.609375	0
	0.984	0.00079375	0.0001	0.596774	0
	0.985	0.0007	4.375e-05	0.610169	0
	0.986	0.00084375	7.5e-05	0.576271	0
	0.987	0.0008125	3.75e-05	0.589286	0
	0.988	0.0009125	7.5e-05	0.571429	0
	0.989	0.0008375	6.25e-05	0.563636	0
	0.99	0.00091875	3.125e-05	0.566038	0
	0.991	0.00094375	3.75e-05	0.6	0
	0.992	0.0009375	5.625e-05	0.583333	0
	0.993	0.0009	4.375e-05	0.5625	0
	0.994	0.00101875	6.25e-05	0.531915	0
	0.995	0.001275	3.75e-05	0.478261	0
	0.996	0.00131875	5.625e-05	0.488372	0
	0.997	0.00166875	3.75e-05	0.390244	0
	0.998	0.0021	2.5e-05	0.368421	0
	0.999	0.00310625	1.875e-05	0.333333	0
	1	0.0108625	3.125e-05	0.1875	0


#	yrange	sparsity	# links	zeta	support at cross	fraction FP
	0	0.41625	666	0.000582419	0.937	0.102348
	0.4	0.41625	666	0.000582419	0.937	0.102348
