#	Frequencies and overlap
#	bins	MYC	shuffle	overlap_MYC	overlap_shuffle
	0	0.42485	0.433006	0.900411	0
	0.001	0	0	0.900411	0
	0.002	0	0	0.900411	0
	0.003	0	0	0.900411	0
	0.004	0	0	0.900411	0
	0.005	0	0	0.900411	0
	0.006	0	0	0.900411	0
	0.007	0	0	0.900411	0
	0.008	0	0	0.900411	0
	0.009	0	0	0.900411	0
	0.01	0	0	0.900411	0
	0.011	0	0	0.900411	0
	0.012	0	0	0.900411	0
	0.013	0	0	0.900411	0
	0.014	0	0	0.900411	0
	0.015	0	0	0.900411	0
	0.016	0	0	0.900411	0
	0.017	0	0	0.900411	0
	0.018	0	0	0.900411	0
	0.019	0	0	0.900411	0
	0.02	0	0	0.900411	0
	0.021	0	0	0.900411	0
	0.022	0	0	0.900411	0
	0.023	0	0	0.900411	0
	0.024	0	0	0.900411	0
	0.025	0	0	0.900411	0
	0.026	0	0	0.900411	0
	0.027	0	0	0.900411	0
	0.028	0	0	0.900411	0
	0.029	0	0	0.900411	0
	0.03	0	0	0.900411	0
	0.031	0	0	0.900411	0
	0.032	0	0	0.900411	0
	0.033	0	0	0.900411	0
	0.034	0	0	0.900411	0
	0.035	0	0	0.900411	0
	0.036	0	0	0.900411	0
	0.037	0	0	0.900411	0
	0.038	0	0	0.900411	0
	0.039	0	0	0.900411	0
	0.04	0	0	0.900411	0
	0.041	0	0	0.900411	0
	0.042	0	0	0.900411	0
	0.043	0	0	0.900411	0
	0.044	0	0	0.900411	0
	0.045	0	0	0.900411	0
	0.046	0	0	0.900411	0
	0.047	0	0	0.900411	0
	0.048	0	0	0.900411	0
	0.049	0	0	0.900411	0
	0.05	0	0	0.900411	0
	0.051	0	0	0.900411	0
	0.052	0	0	0.900411	0
	0.053	0	0	0.900411	0
	0.054	0	0	0.900411	0
	0.055	0	0	0.900411	0
	0.056	0	0	0.900411	0
	0.057	0	0	0.900411	0
	0.058	0	0	0.900411	0
	0.059	0	0	0.900411	0
	0.06	0	0	0.900411	0
	0.061	0	0	0.900411	0
	0.062	0	0	0.900411	0
	0.063	0	0	0.900411	0
	0.064	0	0	0.900411	0
	0.065	0	0	0.900411	0
	0.066	0	0	0.900411	0
	0.067	0	0	0.900411	0
	0.068	0	0	0.900411	0
	0.069	0	0	0.900411	0
	0.07	0	0	0.900411	0
	0.071	0	0	0.900411	0
	0.072	0	0	0.900411	0
	0.073	0	0	0.900411	0
	0.074	0	0	0.900411	0
	0.075	0	0	0.900411	0
	0.076	0	0	0.900411	0
	0.077	0	0	0.900411	0
	0.078	0	0	0.900411	0
	0.079	0	0	0.900411	0
	0.08	0	0	0.900411	0
	0.081	0	0	0.900411	0
	0.082	0	0	0.900411	0
	0.083	0	0	0.900411	0
	0.084	0	0	0.900411	0
	0.085	0	0	0.900411	0
	0.086	0	0	0.900411	0
	0.087	0	0	0.900411	0
	0.088	0	0	0.900411	0
	0.089	0	0	0.900411	0
	0.09	0	0	0.900411	0
	0.091	0	0	0.900411	0
	0.092	0	0	0.900411	0
	0.093	0	0	0.900411	0
	0.094	0	0	0.900411	0
	0.095	0	0	0.900411	0
	0.096	0	0	0.900411	0
	0.097	0	0	0.900411	0
	0.098	0	0	0.900411	0
	0.099	0	0	0.900411	0
	0.1	0	0	0.900411	0
	0.101	0	0	0.900411	0
	0.102	0	0	0.900411	0
	0.103	0	0	0.900411	0
	0.104	0	0	0.900411	0
	0.105	0	0	0.900411	0
	0.106	0	0	0.900411	0
	0.107	0	0	0.900411	0
	0.108	0	0	0.900411	0
	0.109	0	0	0.900411	0
	0.11	0	0	0.900411	0
	0.111	0	0	0.900411	0
	0.112	0	0	0.900411	0
	0.113	0	0	0.900411	0
	0.114	0	0	0.900411	0
	0.115	0	0	0.900411	0
	0.116	0	0	0.900411	0
	0.117	0	0	0.900411	0
	0.118	0	0	0.900411	0
	0.119	0	0	0.900411	0
	0.12	0	0	0.900411	0
	0.121	0	0	0.900411	0
	0.122	0	0	0.900411	0
	0.123	0	0	0.900411	0
	0.124	0	0	0.900411	0
	0.125	0	0	0.900411	0
	0.126	0	0	0.900411	0
	0.127	0	0	0.900411	0
	0.128	0	0	0.900411	0
	0.129	0	0	0.900411	0
	0.13	0	0	0.900411	0
	0.131	0	0	0.900411	0
	0.132	0	0	0.900411	0
	0.133	0	0	0.900411	0
	0.134	0	0	0.900411	0
	0.135	0	0	0.900411	0
	0.136	0	0	0.900411	0
	0.137	0	0	0.900411	0
	0.138	0	0	0.900411	0
	0.139	0	0	0.900411	0
	0.14	0	0	0.900411	0
	0.141	0	0	0.900411	0
	0.142	0	0	0.900411	0
	0.143	0	0	0.900411	0
	0.144	0	0	0.900411	0
	0.145	0	0	0.900411	0
	0.146	0	0	0.900411	0
	0.147	0	0	0.900411	0
	0.148	0	0	0.900411	0
	0.149	0	0	0.900411	0
	0.15	0	0	0.900411	0
	0.151	0	0	0.900411	0
	0.152	0	0	0.900411	0
	0.153	0	0	0.900411	0
	0.154	0	0	0.900411	0
	0.155	0	0	0.900411	0
	0.156	0	0	0.900411	0
	0.157	0	0	0.900411	0
	0.158	0	0	0.900411	0
	0.159	0	0	0.900411	0
	0.16	0	0	0.900411	0
	0.161	0	0	0.900411	0
	0.162	0	0	0.900411	0
	0.163	0	0	0.900411	0
	0.164	0	0	0.900411	0
	0.165	0	0	0.900411	0
	0.166	0	0	0.900411	0
	0.167	0	0	0.900411	0
	0.168	0	0	0.900411	0
	0.169	0	0	0.900411	0
	0.17	0	0	0.900411	0
	0.171	0	0	0.900411	0
	0.172	0	0	0.900411	0
	0.173	0	0	0.900411	0
	0.174	0	0	0.900411	0
	0.175	0	0	0.900411	0
	0.176	0	0	0.900411	0
	0.177	0	0	0.900411	0
	0.178	0	0	0.900411	0
	0.179	0	0	0.900411	0
	0.18	0	0	0.900411	0
	0.181	0	0	0.900411	0
	0.182	0	0	0.900411	0
	0.183	0	0	0.900411	0
	0.184	0	0	0.900411	0
	0.185	0	0	0.900411	0
	0.186	0	0	0.900411	0
	0.187	0	0	0.900411	0
	0.188	0	0	0.900411	0
	0.189	0	0	0.900411	0
	0.19	0	0	0.900411	0
	0.191	0	0	0.900411	0
	0.192	0	0	0.900411	0
	0.193	0	0	0.900411	0
	0.194	0	0	0.900411	0
	0.195	0	0	0.900411	0
	0.196	0	0	0.900411	0
	0.197	0	0	0.900411	0
	0.198	0	0	0.900411	0
	0.199	0	0	0.900411	0
	0.2	0	0	0.900411	0
	0.201	0	0	0.900411	0
	0.202	0	0	0.900411	0
	0.203	0	0	0.900411	0
	0.204	0	0	0.900411	0
	0.205	0	0	0.900411	0
	0.206	0	0	0.900411	0
	0.207	0	0	0.900411	0
	0.208	0	0	0.900411	0
	0.209	0	0	0.900411	0
	0.21	0	0	0.900411	0
	0.211	0	0	0.900411	0
	0.212	0	0	0.900411	0
	0.213	0	0	0.900411	0
	0.214	0	0	0.900411	0
	0.215	0	0	0.900411	0
	0.216	0	0	0.900411	0
	0.217	0	0	0.900411	0
	0.218	0	0	0.900411	0
	0.219	0	0	0.900411	0
	0.22	0	0	0.900411	0
	0.221	0	0	0.900411	0
	0.222	0	0	0.900411	0
	0.223	0	0	0.900411	0
	0.224	0	0	0.900411	0
	0.225	0	0	0.900411	0
	0.226	0	0	0.900411	0
	0.227	0	0	0.900411	0
	0.228	0	0	0.900411	0
	0.229	0	0	0.900411	0
	0.23	0	0	0.900411	0
	0.231	0	0	0.900411	0
	0.232	0	0	0.900411	0
	0.233	0	0	0.900411	0
	0.234	0	0	0.900411	0
	0.235	0	0	0.900411	0
	0.236	0	0	0.900411	0
	0.237	0	0	0.900411	0
	0.238	0	0	0.900411	0
	0.239	0	0	0.900411	0
	0.24	0	0	0.900411	0
	0.241	0	0	0.900411	0
	0.242	0	0	0.900411	0
	0.243	0	0	0.900411	0
	0.244	0	0	0.900411	0
	0.245	0	0	0.900411	0
	0.246	0	0	0.900411	0
	0.247	0	0	0.900411	0
	0.248	0	0	0.900411	0
	0.249	0	0	0.900411	0
	0.25	0	0	0.900411	0
	0.251	0	0	0.900411	0
	0.252	0	0	0.900411	0
	0.253	0	0	0.900411	0
	0.254	0	0	0.900411	0
	0.255	0	0	0.900411	0
	0.256	0	0	0.900411	0
	0.257	0	0	0.900411	0
	0.258	0	0	0.900411	0
	0.259	0	0	0.900411	0
	0.26	0	0	0.900411	0
	0.261	0	0	0.900411	0
	0.262	0	0	0.900411	0
	0.263	0	0	0.900411	0
	0.264	0	0	0.900411	0
	0.265	0	0	0.900411	0
	0.266	0	0	0.900411	0
	0.267	0	0	0.900411	0
	0.268	0	0	0.900411	0
	0.269	0	0	0.900411	0
	0.27	0	0	0.900411	0
	0.271	0	0	0.900411	0
	0.272	0	0	0.900411	0
	0.273	0	0	0.900411	0
	0.274	0	0	0.900411	0
	0.275	0	0	0.900411	0
	0.276	0	0	0.900411	0
	0.277	0	0	0.900411	0
	0.278	0	0	0.900411	0
	0.279	0	0	0.900411	0
	0.28	0	0	0.900411	0
	0.281	0	0	0.900411	0
	0.282	0	0	0.900411	0
	0.283	0	0	0.900411	0
	0.284	0	0	0.900411	0
	0.285	0	0	0.900411	0
	0.286	0	0	0.900411	0
	0.287	0	0	0.900411	0
	0.288	0	0	0.900411	0
	0.289	0	0	0.900411	0
	0.29	0	0	0.900411	0
	0.291	0	0	0.900411	0
	0.292	0	0	0.900411	0
	0.293	0	0	0.900411	0
	0.294	0	0	0.900411	0
	0.295	0	0	0.900411	0
	0.296	0	0	0.900411	0
	0.297	0	0	0.900411	0
	0.298	0	0	0.900411	0
	0.299	0	0	0.900411	0
	0.3	0	0	0.900411	0
	0.301	0	0	0.900411	0
	0.302	0	0	0.900411	0
	0.303	0	0	0.900411	0
	0.304	0	0	0.900411	0
	0.305	0	0	0.900411	0
	0.306	0	0	0.900411	0
	0.307	0	0	0.900411	0
	0.308	0	0	0.900411	0
	0.309	0	0	0.900411	0
	0.31	0	0	0.900411	0
	0.311	0	0	0.900411	0
	0.312	0	0	0.900411	0
	0.313	0	0	0.900411	0
	0.314	0	0	0.900411	0
	0.315	0	0	0.900411	0
	0.316	0	0	0.900411	0
	0.317	0	0	0.900411	0
	0.318	0	0	0.900411	0
	0.319	0	0	0.900411	0
	0.32	0	0	0.900411	0
	0.321	0	0	0.900411	0
	0.322	0	0	0.900411	0
	0.323	0	0	0.900411	0
	0.324	0	0	0.900411	0
	0.325	0	0	0.900411	0
	0.326	0	0	0.900411	0
	0.327	0	0	0.900411	0
	0.328	0	0	0.900411	0
	0.329	0	0	0.900411	0
	0.33	0	0	0.900411	0
	0.331	0	0	0.900411	0
	0.332	0	0	0.900411	0
	0.333	0	0	0.900411	0
	0.334	0	0	0.900411	0
	0.335	0	0	0.900411	0
	0.336	0	0	0.900411	0
	0.337	0	0	0.900411	0
	0.338	0	0	0.900411	0
	0.339	0	0	0.900411	0
	0.34	0	0	0.900411	0
	0.341	0	0	0.900411	0
	0.342	0	0	0.900411	0
	0.343	0	0	0.900411	0
	0.344	0	0	0.900411	0
	0.345	0	0	0.900411	0
	0.346	0	0	0.900411	0
	0.347	0	0	0.900411	0
	0.348	0	0	0.900411	0
	0.349	0	0	0.900411	0
	0.35	0	0	0.900411	0
	0.351	0	0	0.900411	0
	0.352	0	0	0.900411	0
	0.353	0	0	0.900411	0
	0.354	0	0	0.900411	0
	0.355	0	0	0.900411	0
	0.356	0	0	0.900411	0
	0.357	0	0	0.900411	0
	0.358	0	0	0.900411	0
	0.359	0	0	0.900411	0
	0.36	0	0	0.900411	0
	0.361	0	0	0.900411	0
	0.362	0	0	0.900411	0
	0.363	0	0	0.900411	0
	0.364	0	0	0.900411	0
	0.365	0	0	0.900411	0
	0.366	0	0	0.900411	0
	0.367	0	0	0.900411	0
	0.368	0	0	0.900411	0
	0.369	0	0	0.900411	0
	0.37	0	0	0.900411	0
	0.371	0	0	0.900411	0
	0.372	0	0	0.900411	0
	0.373	0	0	0.900411	0
	0.374	0	0	0.900411	0
	0.375	0	0	0.900411	0
	0.376	0	0	0.900411	0
	0.377	0	0	0.900411	0
	0.378	0	0	0.900411	0
	0.379	0	0	0.900411	0
	0.38	0	0	0.900411	0
	0.381	0	0	0.900411	0
	0.382	0	0	0.900411	0
	0.383	0	0	0.900411	0
	0.384	0	0	0.900411	0
	0.385	0	0	0.900411	0
	0.386	0	0	0.900411	0
	0.387	0	0	0.900411	0
	0.388	0	0	0.900411	0
	0.389	0	0	0.900411	0
	0.39	0	0	0.900411	0
	0.391	0	0	0.900411	0
	0.392	0	0	0.900411	0
	0.393	0	0	0.900411	0
	0.394	0	0	0.900411	0
	0.395	0	0	0.900411	0
	0.396	0	0	0.900411	0
	0.397	0	0	0.900411	0
	0.398	0	0	0.900411	0
	0.399	0	0	0.900411	0
	0.4	0	0	0.900411	0
	0.401	0	0	0.900411	0
	0.402	0	0	0.900411	0
	0.403	0	0	0.900411	0
	0.404	0	0	0.900411	0
	0.405	0	0	0.900411	0
	0.406	0	0	0.900411	0
	0.407	0	0	0.900411	0
	0.408	0	0	0.900411	0
	0.409	0	0	0.900411	0
	0.41	0	0	0.900411	0
	0.411	0	0	0.900411	0
	0.412	0	0	0.900411	0
	0.413	0	0	0.900411	0
	0.414	0	0	0.900411	0
	0.415	0	0	0.900411	0
	0.416	0	0	0.900411	0
	0.417	0	0	0.900411	0
	0.418	0	0	0.900411	0
	0.419	0	0	0.900411	0
	0.42	0	0	0.900411	0
	0.421	0	0	0.900411	0
	0.422	0	0	0.900411	0
	0.423	0	0	0.900411	0
	0.424	0	0	0.900411	0
	0.425	0	0	0.900411	0
	0.426	0	0	0.900411	0
	0.427	0	0	0.900411	0
	0.428	0	0	0.900411	0
	0.429	0	0	0.900411	0
	0.43	0	0	0.900411	0
	0.431	0	0	0.900411	0
	0.432	0	0	0.900411	0
	0.433	0	0	0.900411	0
	0.434	0	0	0.900411	0
	0.435	0	0	0.900411	0
	0.436	0	0	0.900411	0
	0.437	0	0	0.900411	0
	0.438	0	0	0.900411	0
	0.439	0	0	0.900411	0
	0.44	0	0	0.900411	0
	0.441	0	0	0.900411	0
	0.442	0	0	0.900411	0
	0.443	0	0	0.900411	0
	0.444	0	0	0.900411	0
	0.445	0	0	0.900411	0
	0.446	0	0	0.900411	0
	0.447	0	0	0.900411	0
	0.448	0	0	0.900411	0
	0.449	0	0	0.900411	0
	0.45	0	0	0.900411	0
	0.451	0	0	0.900411	0
	0.452	0	0	0.900411	0
	0.453	0	0	0.900411	0
	0.454	0	0	0.900411	0
	0.455	0	0	0.900411	0
	0.456	0	0	0.900411	0
	0.457	0	0	0.900411	0
	0.458	0	0	0.900411	0
	0.459	0	0	0.900411	0
	0.46	0	0	0.900411	0
	0.461	0	0	0.900411	0
	0.462	0	0	0.900411	0
	0.463	0	0	0.900411	0
	0.464	0	0	0.900411	0
	0.465	0	0	0.900411	0
	0.466	0	0	0.900411	0
	0.467	0	0	0.900411	0
	0.468	0	0	0.900411	0
	0.469	0	0	0.900411	0
	0.47	0	0	0.900411	0
	0.471	0	0	0.900411	0
	0.472	0	0	0.900411	0
	0.473	0	0	0.900411	0
	0.474	0	0	0.900411	0
	0.475	0	0	0.900411	0
	0.476	0	0	0.900411	0
	0.477	0	0	0.900411	0
	0.478	0	0	0.900411	0
	0.479	0	0	0.900411	0
	0.48	0	0	0.900411	0
	0.481	0	0	0.900411	0
	0.482	0	0	0.900411	0
	0.483	0	0	0.900411	0
	0.484	0	0	0.900411	0
	0.485	0	0	0.900411	0
	0.486	0	0	0.900411	0
	0.487	0	0	0.900411	0
	0.488	0	0	0.900411	0
	0.489	0	0	0.900411	0
	0.49	0	0	0.900411	0
	0.491	0	0	0.900411	0
	0.492	0	0	0.900411	0
	0.493	0	0	0.900411	0
	0.494	0	0	0.900411	0
	0.495	0	0	0.900411	0
	0.496	0	0	0.900411	0
	0.497	0	0	0.900411	0
	0.498	0	0	0.900411	0
	0.499	0	0	0.900411	0
	0.5	4.375e-05	6.25e-05	0.900411	0
	0.501	0.00095	0.00114375	0.900411	0
	0.502	0.00085625	0.00119375	0.899281	0
	0.503	0.00079375	0.00100625	0.899073	0
	0.504	0.000825	0.00126875	0.898865	0
	0.505	0.0008125	0.001275	0.895553	0
	0.506	0.0008125	0.00111875	0.893485	0
	0.507	0.0009625	0.0012125	0.892451	0
	0.508	0.00085625	0.00115625	0.891417	0
	0.509	0.00085	0.001175	0.89234	0
	0.51	0.00060625	0.00123125	0.889234	0
	0.511	0.00071875	0.0010875	0.887967	0
	0.512	0.00073125	0.00118125	0.887967	0
	0.513	0.00080625	0.00110625	0.888773	0
	0.514	0.000775	0.00126875	0.888658	0
	0.515	0.000775	0.00134375	0.889468	0
	0.516	0.000925	0.0010875	0.889353	0
	0.517	0.00075625	0.00110625	0.888192	0
	0.518	0.0009125	0.00133125	0.885057	0
	0.519	0.0007125	0.0012375	0.884696	0
	0.52	0.00076875	0.0010625	0.885384	0
	0.521	0.000975	0.00105625	0.885384	0
	0.522	0.00075625	0.00126875	0.883158	0
	0.523	0.000725	0.0012375	0.8849	0
	0.524	0.00080625	0.00133125	0.885835	0
	0.525	0.00079375	0.001225	0.884411	0
	0.526	0.000775	0.0012625	0.88617	0
	0.527	0.0008875	0.00105625	0.88806	0
	0.528	0.00086875	0.00131875	0.884739	0
	0.529	0.0008875	0.0010125	0.882479	0
	0.53	0.00068125	0.00123125	0.881283	0
	0.531	0.00074375	0.00135625	0.883173	0
	0.532	0.00079375	0.00125	0.878755	0
	0.533	0.00078125	0.0011625	0.880645	0
	0.534	0.0007375	0.00120625	0.880517	0
	0.535	0.00085	0.001225	0.882416	0
	0.536	0.000825	0.001175	0.881338	0
	0.537	0.00076875	0.00121875	0.883243	0
	0.538	0.00089375	0.001275	0.882162	0
	0.539	0.0007375	0.0013375	0.882035	0
	0.54	0.0008875	0.00125	0.882609	0
	0.541	0.00076875	0.0012	0.884532	0
	0.542	0.00081875	0.00120625	0.884532	0
	0.543	0.00085	0.00135625	0.882353	0
	0.544	0.00100625	0.00125	0.881264	0
	0.545	0.0008625	0.00116875	0.879781	0
	0.546	0.00091875	0.001225	0.880613	0
	0.547	0.00079375	0.00111875	0.879386	0
	0.548	0.00085	0.0012625	0.882159	0
	0.549	0.00085	0.0012375	0.878855	0
	0.55	0.00091875	0.00118125	0.879824	0
	0.551	0.00095625	0.001125	0.880663	0
	0.552	0.000925	0.00113125	0.881637	0
	0.553	0.00080625	0.001375	0.884573	0
	0.554	0.00080625	0.00119375	0.884444	0
	0.555	0.00093125	0.00119375	0.885428	0
	0.556	0.00093125	0.001275	0.885301	0
	0.557	0.0009125	0.00115	0.884058	0
	0.558	0.00078125	0.001325	0.881828	0
	0.559	0.000825	0.00128125	0.881828	0
	0.56	0.0009125	0.00121875	0.879464	0
	0.561	0.00086875	0.001175	0.876116	0
	0.562	0.0009375	0.00125625	0.879059	0
	0.563	0.00090625	0.00150625	0.879775	0
	0.564	0.0007625	0.00119375	0.880765	0
	0.565	0.00074375	0.00121875	0.878378	0
	0.566	0.00071875	0.00115625	0.879096	0
	0.567	0.0008125	0.00121875	0.877966	0
	0.568	0.00094375	0.00126875	0.877966	0
	0.569	0.00088125	0.0012	0.877966	0
	0.57	0.00085	0.00125	0.876697	0
	0.571	0.0009625	0.0013375	0.872172	0
	0.572	0.00089375	0.00110625	0.87316	0
	0.573	0.00075	0.0013	0.86863	0
	0.574	0.001	0.00123125	0.869318	0
	0.575	0.00093125	0.00128125	0.871152	0
	0.576	0.00088125	0.0012875	0.872146	0
	0.577	0.0007375	0.0014	0.872852	0
	0.578	0.00089375	0.00125625	0.872852	0
	0.579	0.0008875	0.00129375	0.873853	0
	0.58	0.00084375	0.0012625	0.872706	0
	0.581	0.0009875	0.00120625	0.870413	0
	0.582	0.00089375	0.0012875	0.871412	0
	0.583	0.0007875	0.00120625	0.873272	0
	0.584	0.00088125	0.00126875	0.874134	0
	0.585	0.00091875	0.00110625	0.873988	0
	0.586	0.0010125	0.0011875	0.873843	0
	0.587	0.00080625	0.0011625	0.873843	0
	0.588	0.0008375	0.0013375	0.875726	0
	0.589	0.0010375	0.00136875	0.874419	0
	0.59	0.00099375	0.0013625	0.875437	0
	0.591	0.00088125	0.00139375	0.877336	0
	0.592	0.00081875	0.00131875	0.87925	0
	0.593	0.0008	0.0011875	0.881316	0
	0.594	0.000875	0.0012625	0.882353	0
	0.595	0.00086875	0.00121875	0.881037	0
	0.596	0.00090625	0.001225	0.881936	0
	0.597	0.00080625	0.00130625	0.885071	0
	0.598	0.000875	0.0013	0.886121	0
	0.599	0.0007625	0.00118125	0.889286	0
	0.6	0.00094375	0.00129375	0.892473	0
	0.601	0.00076875	0.001225	0.889952	0
	0.602	0.00088125	0.00128125	0.891957	0
	0.603	0.00086875	0.00133125	0.890625	0
	0.604	0.0008	0.00134375	0.890361	0
	0.605	0.0007625	0.0013	0.889023	0
	0.606	0.00083125	0.00131875	0.888755	0
	0.607	0.0007875	0.00144375	0.888755	0
	0.608	0.000725	0.00125625	0.886336	0
	0.609	0.000775	0.0013125	0.884988	0
	0.61	0.000675	0.001225	0.887136	0
	0.611	0.000675	0.00128125	0.888214	0
	0.612	0.00084375	0.00126875	0.886999	0
	0.613	0.00076875	0.00105	0.88916	0
	0.614	0.00065	0.00141875	0.886724	0
	0.615	0.00073125	0.00124375	0.886724	0
	0.616	0.00063125	0.00128125	0.886585	0
	0.617	0.0008	0.0013125	0.886308	0
	0.618	0.00079375	0.0013875	0.882497	0
	0.619	0.00075	0.00130625	0.883436	0
	0.62	0.0007	0.00128125	0.880982	0
	0.621	0.00079375	0.00126875	0.883005	0
	0.622	0.0007	0.00125	0.881335	0
	0.623	0.00066875	0.00130625	0.881041	0
	0.624	0.00056875	0.0015625	0.878563	0
	0.625	0.000775	0.0013875	0.877323	0
	0.626	0.00068125	0.00129375	0.874845	0
	0.627	0.00065625	0.00118125	0.87469	0
	0.628	0.00066875	0.0013125	0.873292	0
	0.629	0.0007125	0.00124375	0.874065	0
	0.63	0.00074375	0.00130625	0.873908	0
	0.631	0.00073125	0.001225	0.876095	0
	0.632	0.0006625	0.0012875	0.875784	0
	0.633	0.0007125	0.00119375	0.875784	0
	0.634	0.00070625	0.0013	0.876884	0
	0.635	0.00059375	0.00136875	0.875	0
	0.636	0.00071875	0.00119375	0.877215	0
	0.637	0.00085625	0.00150625	0.874684	0
	0.638	0.00070625	0.00126875	0.875476	0
	0.639	0.00069375	0.0013125	0.875318	0
	0.64	0.00074375	0.001375	0.875	0
	0.641	0.0007	0.00121875	0.877081	0
	0.642	0.00075	0.00141875	0.879177	0
	0.643	0.0008375	0.0012625	0.876448	0
	0.644	0.00073125	0.00133125	0.873874	0
	0.645	0.00068125	0.0014625	0.872423	0
	0.646	0.00074375	0.00136875	0.875486	0
	0.647	0.0008875	0.00140625	0.874026	0
	0.648	0.00085	0.00128125	0.872727	0
	0.649	0.000925	0.00133125	0.871261	0
	0.65	0.0007875	0.0013875	0.872396	0
	0.651	0.00075625	0.00139375	0.869792	0
	0.652	0.0009125	0.00119375	0.869622	0
	0.653	0.00085	0.001175	0.870757	0
	0.654	0.001025	0.00123125	0.870419	0
	0.655	0.00085625	0.0012375	0.870079	0
	0.656	0.000825	0.00119375	0.870079	0
	0.657	0.000975	0.00140625	0.869737	0
	0.658	0.00090625	0.0011375	0.870883	0
	0.659	0.00086875	0.0012	0.868248	0
	0.66	0.00084375	0.00128125	0.865613	0
	0.661	0.00085	0.001325	0.86166	0
	0.662	0.00086875	0.00130625	0.860343	0
	0.663	0.0008875	0.00135	0.859025	0
	0.664	0.00094375	0.00141875	0.85752	0
	0.665	0.00080625	0.00131875	0.854881	0
	0.666	0.00098125	0.0012125	0.854881	0
	0.667	0.00095625	0.0013125	0.854497	0
	0.668	0.00099375	0.00143125	0.854305	0
	0.669	0.00081875	0.00136875	0.854111	0
	0.67	0.00103125	0.00139375	0.856192	0
	0.671	0.0009875	0.001425	0.857333	0
	0.672	0.00093125	0.0013375	0.86193	0
	0.673	0.0011	0.0011875	0.864247	0
	0.674	0.0008875	0.0014125	0.867746	0
	0.675	0.00088125	0.001225	0.868919	0
	0.676	0.0009625	0.00124375	0.867388	0
	0.677	0.00095625	0.00128125	0.865854	0
	0.678	0.0008875	0.00135	0.864499	0
	0.679	0.00106875	0.0013625	0.863144	0
	0.68	0.00090625	0.0012125	0.857337	0
	0.681	0.0008875	0.00136875	0.850543	0
	0.682	0.00079375	0.00139375	0.847619	0
	0.683	0.00100625	0.0012125	0.846049	0
	0.684	0.00091875	0.0013875	0.84153	0
	0.685	0.001	0.001275	0.84153	0
	0.686	0.00084375	0.0012375	0.842466	0
	0.687	0.0010125	0.001325	0.839286	0
	0.688	0.0010375	0.0012625	0.839286	0
	0.689	0.0008875	0.00130625	0.841598	0
	0.69	0.0008875	0.0014125	0.843707	0
	0.691	0.00103125	0.00145625	0.84466	0
	0.692	0.00103125	0.00136875	0.843273	0
	0.693	0.00089375	0.00135625	0.844444	0
	0.694	0.0010875	0.00134375	0.845404	0
	0.695	0.001	0.001375	0.846583	0
	0.696	0.00105	0.00134375	0.848527	0
	0.697	0.00096875	0.0013875	0.850914	0
	0.698	0.001025	0.00133125	0.851695	0
	0.699	0.0011	0.00131875	0.851275	0
	0.7	0.00103125	0.00139375	0.851064	0
	0.701	0.000975	0.001225	0.846591	0
	0.702	0.00105	0.00140625	0.849003	0
	0.703	0.00095625	0.00146875	0.844286	0
	0.704	0.00099375	0.0014125	0.845272	0
	0.705	0.00098125	0.00139375	0.845272	0
	0.706	0.00100625	0.001225	0.847482	0
	0.707	0.00098125	0.00129375	0.846043	0
	0.708	0.0008625	0.00141875	0.844604	0
	0.709	0.000925	0.001225	0.843165	0
	0.71	0.00100625	0.001325	0.840288	0
	0.711	0.00105625	0.001375	0.83815	0
	0.712	0.000925	0.001475	0.836469	0
	0.713	0.00105625	0.001375	0.835022	0
	0.714	0.00098125	0.00138125	0.838428	0
	0.715	0.0008875	0.0013625	0.834061	0
	0.716	0.000925	0.001175	0.833333	0
	0.717	0.0009875	0.00133125	0.832599	0
	0.718	0.00094375	0.00118125	0.831131	0
	0.719	0.00088125	0.0014375	0.833579	0
	0.72	0.00099375	0.0013125	0.836041	0
	0.721	0.001	0.0012125	0.838519	0
	0.722	0.00094375	0.00129375	0.837037	0
	0.723	0.00094375	0.0013625	0.839525	0
	0.724	0.00083125	0.001425	0.836553	0
	0.725	0.001	0.0013375	0.832095	0
	0.726	0.0011125	0.00135625	0.835575	0
	0.727	0.000925	0.00134375	0.831091	0
	0.728	0.0008375	0.00131875	0.832084	0
	0.729	0.0008625	0.001275	0.834337	0
	0.73	0.000875	0.00135625	0.832326	0
	0.731	0.0010125	0.0012875	0.827534	0
	0.732	0.00099375	0.00134375	0.828267	0
	0.733	0.00096875	0.0013875	0.825228	0
	0.734	0.00088125	0.00135625	0.823708	0
	0.735	0.0008	0.00113125	0.821646	0
	0.736	0.00093125	0.0013375	0.818598	0
	0.737	0.0009625	0.00133125	0.819847	0
	0.738	0.00100625	0.0014125	0.822086	0
	0.739	0.00090625	0.00144375	0.824074	0
	0.74	0.0009	0.0012375	0.822531	0
	0.741	0.00101875	0.00120625	0.820711	0
	0.742	0.001075	0.0012	0.821429	0
	0.743	0.00094375	0.00133125	0.819315	0
	0.744	0.0010125	0.0014125	0.819315	0
	0.745	0.00101875	0.0013875	0.816199	0
	0.746	0.00090625	0.0012375	0.815625	0
	0.747	0.0010125	0.00130625	0.820755	0
	0.748	0.00108125	0.0013125	0.820189	0
	0.749	0.00105	0.00145625	0.818038	0
	0.75	0.00111875	0.00126875	0.810127	0
	0.751	0.0009875	0.001275	0.809221	0
	0.752	0.0011	0.00130625	0.807018	0
	0.753	0.00101875	0.00126875	0.8096	0
	0.754	0.0011875	0.0013	0.814815	0
	0.755	0.00121875	0.00144375	0.809984	0
	0.756	0.00103125	0.0013	0.811688	0
	0.757	0.001125	0.0013375	0.810065	0
	0.758	0.00120625	0.0013375	0.811075	0
	0.759	0.0013	0.00119375	0.810767	0
	0.76	0.00105625	0.00115	0.805873	0
	0.761	0.00114375	0.00118125	0.809836	0
	0.762	0.00111875	0.001325	0.809524	0
	0.763	0.00116875	0.0012625	0.809524	0
	0.764	0.00101875	0.00138125	0.809211	0
	0.765	0.0011625	0.00115625	0.805921	0
	0.766	0.0011625	0.00125625	0.802306	0
	0.767	0.00125	0.0012375	0.799012	0
	0.768	0.0010875	0.0013125	0.79703	0
	0.769	0.001175	0.00126875	0.796358	0
	0.77	0.0012625	0.0014625	0.799003	0
	0.771	0.001075	0.00140625	0.798333	0
	0.772	0.0011375	0.00126875	0.794314	0
	0.773	0.0011375	0.0012625	0.792642	0
	0.774	0.0011625	0.00135625	0.79097	0
	0.775	0.001175	0.00139375	0.796296	0
	0.776	0.00105	0.00129375	0.801358	0
	0.777	0.00119375	0.00115	0.80102	0
	0.778	0.0011	0.00129375	0.805128	0
	0.779	0.00100625	0.00139375	0.799314	0
	0.78	0.00103125	0.0013125	0.800344	0
	0.781	0.00113125	0.00129375	0.798276	0
	0.782	0.0012	0.00130625	0.795848	0
	0.783	0.00114375	0.0013125	0.793761	0
	0.784	0.0011125	0.0012	0.788562	0
	0.785	0.00114375	0.00131875	0.791958	0
	0.786	0.00105625	0.00125	0.793345	0
	0.787	0.00115625	0.00125625	0.794737	0
	0.788	0.0010875	0.00129375	0.792254	0
	0.789	0.0011125	0.00139375	0.790123	0
	0.79	0.0011375	0.001175	0.794326	0
	0.791	0.0011	0.00115625	0.792185	0
	0.792	0.00119375	0.00124375	0.793594	0
	0.793	0.00104375	0.00144375	0.795009	0
	0.794	0.00109375	0.00125625	0.799283	0
	0.795	0.001175	0.0014125	0.798561	0
	0.796	0.00110625	0.00125	0.793165	0
	0.797	0.00099375	0.0012	0.793478	0
	0.798	0.00096875	0.00125	0.793796	0
	0.799	0.00125625	0.00134375	0.793419	0
	0.8	0.0010375	0.00119375	0.790826	0
	0.801	0.001125	0.00121875	0.784926	0
	0.802	0.00104375	0.0013125	0.790741	0
	0.803	0.00109375	0.0012125	0.791434	0
	0.804	0.0011625	0.00126875	0.793621	0
	0.805	0.001	0.0012875	0.789474	0
	0.806	0.00120625	0.00109375	0.79096	0
	0.807	0.00096875	0.0014	0.79206	0
	0.808	0.00114375	0.0014	0.789773	0
	0.809	0.001	0.00119375	0.792381	0
	0.81	0.0011125	0.0013625	0.795411	0
	0.811	0.0012	0.00113125	0.796545	0
	0.812	0.00101875	0.0013375	0.794626	0
	0.813	0.00095	0.0012125	0.795761	0
	0.814	0.0011125	0.00123125	0.79845	0
	0.815	0.00095	0.00129375	0.804305	0
	0.816	0.001075	0.00131875	0.805882	0
	0.817	0.0011125	0.00139375	0.804734	0
	0.818	0.00124375	0.00145625	0.80198	0
	0.819	0.001075	0.0013	0.79802	0
	0.82	0.00091875	0.0012375	0.795635	0
	0.821	0.00101875	0.0013	0.791667	0
	0.822	0.0009625	0.001175	0.792829	0
	0.823	0.00110625	0.00120625	0.796	0
	0.824	0.00114375	0.00120625	0.793173	0
	0.825	0.0009	0.001175	0.790744	0
	0.826	0.00094375	0.00119375	0.795547	0
	0.827	0.0010375	0.00131875	0.795132	0
	0.828	0.00095625	0.00114375	0.792261	0
	0.829	0.00099375	0.0013375	0.797131	0
	0.83	0.0011	0.0012625	0.795082	0
	0.831	0.000875	0.00120625	0.8	0
	0.832	0.00099375	0.0012125	0.799172	0
	0.833	0.001	0.00123125	0.79668	0
	0.834	0.001	0.001225	0.796258	0
	0.835	0.001	0.0013125	0.798742	0
	0.836	0.00104375	0.00125625	0.801688	0
	0.837	0.00105625	0.001175	0.800847	0
	0.838	0.00104375	0.0013375	0.802128	0
	0.839	0.00109375	0.001275	0.802998	0
	0.84	0.0009375	0.00125625	0.791845	0
	0.841	0.0012	0.0011125	0.793103	0
	0.842	0.0008625	0.001125	0.79476	0
	0.843	0.000925	0.00119375	0.79476	0
	0.844	0.0010375	0.0013625	0.789934	0
	0.845	0.001025	0.0013125	0.789934	0
	0.846	0.00095625	0.0011375	0.790749	0
	0.847	0.0011375	0.00121875	0.790287	0
	0.848	0.00100625	0.0012625	0.789823	0
	0.849	0.00095625	0.00108125	0.789357	0
	0.85	0.00085	0.00106875	0.788889	0
	0.851	0.0010625	0.00098125	0.790179	0
	0.852	0.00105	0.00131875	0.784753	0
	0.853	0.00116875	0.00118125	0.78427	0
	0.854	0.00098125	0.00130625	0.785553	0
	0.855	0.00098125	0.00118125	0.789116	0
	0.856	0.0009875	0.0012875	0.78458	0
	0.857	0.00105625	0.00113125	0.778539	0
	0.858	0.00100625	0.00145625	0.783908	0
	0.859	0.00096875	0.00144375	0.785219	0
	0.86	0.001125	0.0012625	0.786543	0
	0.861	0.0010875	0.00111875	0.786047	0
	0.862	0.00130625	0.00111875	0.787879	0
	0.863	0.0010625	0.00116875	0.784038	0
	0.864	0.00113125	0.00103125	0.78169	0
	0.865	0.0012125	0.00105625	0.783529	0
	0.866	0.00109375	0.00126875	0.774882	0
	0.867	0.0013	0.00103125	0.77381	0
	0.868	0.0010375	0.0010875	0.777512	0
	0.869	0.0011375	0.0011	0.776978	0
	0.87	0.001275	0.0010375	0.782082	0
	0.871	0.00116875	0.00103125	0.776156	0
	0.872	0.00126875	0.001125	0.773723	0
	0.873	0.00108125	0.0010625	0.773956	0
	0.874	0.00113125	0.00110625	0.773956	0
	0.875	0.0012375	0.00104375	0.759214	0
	0.876	0.0010875	0.00125625	0.758621	0
	0.877	0.00121875	0.00096875	0.760494	0
	0.878	0.00126875	0.00126875	0.756219	0
	0.879	0.0012375	0.001225	0.755611	0
	0.88	0.001075	0.0011875	0.75188	0
	0.881	0.0009625	0.0011375	0.748744	0
	0.882	0.00105625	0.0012375	0.747475	0
	0.883	0.0011625	0.0010125	0.746193	0
	0.884	0.0012125	0.00106875	0.743655	0
	0.885	0.00099375	0.001075	0.743655	0
	0.886	0.00105	0.001025	0.742347	0
	0.887	0.0011625	0.00089375	0.747423	0
	0.888	0.00123125	0.00114375	0.752604	0
	0.889	0.0011	0.00108125	0.751309	0
	0.89	0.00101875	0.0009125	0.753281	0
	0.891	0.001225	0.00099375	0.754617	0
	0.892	0.0012125	0.0011	0.750663	0
	0.893	0.00130625	0.00098125	0.756684	0
	0.894	0.00125	0.00103125	0.760753	0
	0.895	0.00115	0.00089375	0.758808	0
	0.896	0.001225	0.00096875	0.761644	0
	0.897	0.00125625	0.0010375	0.760331	0
	0.898	0.00125	0.00088125	0.750693	0
	0.899	0.0011125	0.001075	0.74581	0
	0.9	0.0013875	0.0010125	0.747191	0
	0.901	0.00125625	0.00095625	0.738028	0
	0.902	0.00131875	0.001	0.740113	0
	0.903	0.00138125	0.00099375	0.740741	0
	0.904	0.0011375	0.0011625	0.737143	0
	0.905	0.00123125	0.001075	0.732759	0
	0.906	0.0012	0.00101875	0.729107	0
	0.907	0.0012625	0.00083125	0.724638	0
	0.908	0.00115625	0.00101875	0.724638	0
	0.909	0.00121875	0.00104375	0.721739	0
	0.91	0.0011625	0.000975	0.715942	0
	0.911	0.00125625	0.00106875	0.715942	0
	0.912	0.00135625	0.0009875	0.720588	0
	0.913	0.00125	0.00085625	0.715134	0
	0.914	0.00123125	0.000925	0.718563	0
	0.915	0.00126875	0.00083125	0.714715	0
	0.916	0.0012125	0.0010375	0.69697	0
	0.917	0.00138125	0.00098125	0.69419	0
	0.918	0.0013	0.00095	0.688272	0
	0.919	0.0012875	0.00094375	0.69906	0
	0.92	0.00134375	0.0009	0.699367	0
	0.921	0.00115	0.0009	0.697452	0
	0.922	0.0013125	0.00095	0.684887	0
	0.923	0.0015375	0.0009	0.69281	0
	0.924	0.0014875	0.00085625	0.681967	0
	0.925	0.00136875	0.00089375	0.680921	0
	0.926	0.00146875	0.000875	0.679868	0
	0.927	0.0015375	0.000925	0.683333	0
	0.928	0.00153125	0.0008	0.681208	0
	0.929	0.0015625	0.000775	0.682432	0
	0.93	0.00155625	0.00085	0.667797	0
	0.931	0.00153125	0.00095625	0.664407	0
	0.932	0.00164375	0.0008125	0.658703	0
	0.933	0.0016375	0.00078125	0.656357	0
	0.934	0.00153125	0.000825	0.650519	0
	0.935	0.001875	0.000825	0.642361	0
	0.936	0.00184375	0.00084375	0.64539	0
	0.937	0.00175	0.00076875	0.640569	0
	0.938	0.00175	0.000775	0.643885	0
	0.939	0.00185625	0.00060625	0.643636	0
	0.94	0.00169375	0.00069375	0.638686	0
	0.941	0.00164375	0.0008	0.643382	0
	0.942	0.0018375	0.00075625	0.638376	0
	0.943	0.0016625	0.00066875	0.646617	0
	0.944	0.00166875	0.00068125	0.653846	0
	0.945	0.00166875	0.00075625	0.643411	0
	0.946	0.00149375	0.0008375	0.632812	0
	0.947	0.00175625	0.00066875	0.621094	0
	0.948	0.001675	0.00066875	0.612648	0
	0.949	0.00179375	0.00063125	0.604743	0
	0.95	0.00171875	0.0006875	0.6	0
	0.951	0.00153125	0.0007	0.591837	0
	0.952	0.0016	0.00083125	0.596708	0
	0.953	0.00136875	0.00064375	0.605932	0
	0.954	0.00153125	0.00065	0.608696	0
	0.955	0.00165	0.00073125	0.600877	0
	0.956	0.001675	0.00064375	0.608889	0
	0.957	0.00141875	0.0007125	0.61991	0
	0.958	0.0015625	0.00065	0.626728	0
	0.959	0.00165	0.0006125	0.630841	0
	0.96	0.00170625	0.00083125	0.628571	0
	0.961	0.0015	0.00056875	0.623188	0
	0.962	0.00185625	0.00055625	0.622549	0
	0.963	0.0016	0.000575	0.617647	0
	0.964	0.002025	0.00054375	0.62	0
	0.965	0.0018125	0.0005	0.61658	0
	0.966	0.0017	0.00053125	0.594737	0
	0.967	0.00164375	0.00053125	0.584211	0
	0.968	0.0018	0.00048125	0.590426	0
	0.969	0.0018875	0.00059375	0.582888	0
	0.97	0.00173125	0.00035625	0.575269	0
	0.971	0.00175625	0.00051875	0.57377	0
	0.972	0.00175625	0.000425	0.578652	0
	0.973	0.0018	0.00045	0.58046	0
	0.974	0.00183125	0.0005	0.585799	0
	0.975	0.00195	0.00049375	0.587879	0
	0.976	0.00185625	0.00043125	0.574074	0
	0.977	0.0018125	0.000325	0.582278	0
	0.978	0.0017375	0.000375	0.578947	0
	0.979	0.00161875	0.00031875	0.565789	0
	0.98	0.001725	0.00043125	0.563758	0
	0.981	0.0019875	0.00045	0.569444	0
	0.982	0.0015875	0.00036875	0.567376	0
	0.983	0.00179375	0.000275	0.557143	0
	0.984	0.00173125	0.00030625	0.507353	0
	0.985	0.0017875	0.000325	0.488889	0
	0.986	0.00189375	0.00034375	0.480916	0
	0.987	0.00179375	0.00026875	0.495868	0
	0.988	0.0021625	0.0002875	0.491379	0
	0.989	0.00235625	0.00020625	0.447368	0
	0.99	0.0025625	0.00025	0.414414	0
	0.991	0.00265	0.00020625	0.412844	0
	0.992	0.00309375	0.0002	0.386792	0
	0.993	0.0036625	0.000125	0.376238	0
	0.994	0.00334375	0.00019375	0.378947	0
	0.995	0.003525	0.00014375	0.351648	0
	0.996	0.00363125	0.0001125	0.317647	0
	0.997	0.0038625	8.125e-05	0.285714	0
	0.998	0.00416875	5.625e-05	0.217949	0
	0.999	0.0056125	3.75e-05	0.208955	0
	1	0.0149062	3.125e-05	0.113208	0


#	yrange	sparsity	# links	zeta	support at cross	fraction FP
	0	1	1600	7.44564e-08	0.97	0.101426
	0.45	1	1600	7.44564e-08	0.97	0.101426
