#	Frequencies and overlap
#	bins	MYC	shuffle	overlap_MYC	overlap_shuffle
	0	0.347569	0.389956	0.935305	0
	0.001	0.00054375	0	0.933457	0
	0.002	0.00045	0	0.932532	0
	0.003	0.00035625	0	0.933395	0
	0.004	0.00016875	0	0.934259	0
	0.005	0.0001875	0	0.935993	0
	0.006	0.00023125	0	0.935933	0
	0.007	0.0002625	0	0.935933	0
	0.008	0.00038125	0	0.935933	0
	0.009	0.00044375	0	0.935874	0
	0.01	0.00039375	0	0.934944	0
	0.011	0.0003375	0	0.934944	0
	0.012	0.00035	0	0.934944	0
	0.013	0.00034375	0	0.933953	0
	0.014	0.00035	0	0.934823	0
	0.015	0.0003375	0	0.934823	0
	0.016	0.00033125	0	0.935694	0
	0.017	0.00035625	0	0.934762	0
	0.018	0.00035	0	0.93383	0
	0.019	0.00031875	0	0.93383	0
	0.02	0.0004625	0	0.933769	0
	0.021	0.0002625	0	0.937266	0
	0.022	0.00034375	0	0.937266	0
	0.023	0.0003125	0	0.93633	0
	0.024	0.00026875	0	0.93633	0
	0.025	0.00030625	0	0.93633	0
	0.026	0.00020625	0	0.93633	0
	0.027	0.00030625	0	0.937207	0
	0.028	0.00028125	0	0.938967	0
	0.029	0.0002625	0	0.93891	0
	0.03	0.00025	0	0.939793	0
	0.031	0.00025	0	0.940678	0
	0.032	0.000275	0	0.940678	0
	0.033	0.0002125	0	0.940678	0
	0.034	0.00018125	0	0.941565	0
	0.035	0.0002625	0	0.941565	0
	0.036	0.000275	0	0.941509	0
	0.037	0.0002375	0	0.942398	0
	0.038	0.0002625	0	0.94051	0
	0.039	0.00020625	0	0.939566	0
	0.04	0.00026875	0	0.938621	0
	0.041	0.00026875	0	0.938621	0
	0.042	0.00028125	0	0.938563	0
	0.043	0.0002875	0	0.938563	0
	0.044	0.00033125	0	0.939451	0
	0.045	0.00025	0	0.938505	0
	0.046	0.0003375	0	0.939394	0
	0.047	0.000275	0	0.939394	0
	0.048	0.00023125	0	0.939394	0
	0.049	0.00031875	0	0.939394	0
	0.05	0.00028125	0	0.940228	0
	0.051	0.00029375	0	0.940228	0
	0.052	0.00023125	0	0.939279	0
	0.053	0.0002375	0	0.939279	0
	0.054	0.00023125	0	0.940171	0
	0.055	0.00021875	0	0.939163	0
	0.056	0.00026875	0	0.938213	0
	0.057	0.00024375	0	0.938213	0
	0.058	0.0002125	0	0.938154	0
	0.059	0.0002	0	0.939048	0
	0.06	0.0002625	0	0.938095	0
	0.061	0.00023125	0	0.93899	0
	0.062	0.0002	0	0.93899	0
	0.063	0.0002125	0	0.938931	0
	0.064	0.00030625	0	0.938931	0
	0.065	0.00023125	0	0.938873	0
	0.066	0.0002625	0	0.939771	0
	0.067	0.00030625	0	0.940613	0
	0.068	0.0003	0	0.940613	0
	0.069	0.00028125	0	0.939655	0
	0.07	0.0002625	0	0.939655	0
	0.071	0.0003	0	0.939655	0
	0.072	0.0002875	0	0.941459	0
	0.073	0.00024375	0	0.941459	0
	0.074	0.0003	0	0.941459	0
	0.075	0.00033125	0	0.941459	0
	0.076	0.00029375	0	0.941459	0
	0.077	0.000325	0	0.941402	0
	0.078	0.00029375	0	0.940385	0
	0.079	0.00025	0	0.939365	0
	0.08	0.0002375	0	0.938343	0
	0.081	0.00031875	0	0.938343	0
	0.082	0.00025625	0	0.936416	0
	0.083	0.0003375	0	0.936416	0
	0.084	0.000275	0	0.936416	0
	0.085	0.000375	0	0.936416	0
	0.086	0.0003125	0	0.935453	0
	0.087	0.00026875	0	0.934489	0
	0.088	0.000275	0	0.935391	0
	0.089	0.00030625	0	0.935328	0
	0.09	0.00029375	0	0.936232	0
	0.091	0.0004	0	0.936232	0
	0.092	0.00030625	0	0.936232	0
	0.093	0.00035	6.25e-06	0.93617	0
	0.094	0.00043125	0	0.935203	0
	0.095	0.00039375	6.25e-06	0.934172	0
	0.096	0.00033125	0	0.932236	0
	0.097	0.00038125	0	0.934045	0
	0.098	0.000375	0	0.933075	0
	0.099	0.000475	0	0.929195	0
	0.1	0.0004375	0	0.928225	0
	0.101	0.00048125	0	0.929126	0
	0.102	0.000375	0	0.928155	0
	0.103	0.00050625	6.25e-06	0.928086	0
	0.104	0.00050625	0	0.928086	0
	0.105	0.00049375	6.25e-06	0.927114	0
	0.106	0.000675	0	0.927114	0
	0.107	0.000625	6.25e-06	0.92607	0
	0.108	0.00058125	0	0.926972	0
	0.109	0.00058125	6.25e-06	0.925926	0
	0.11	0.000525	0	0.925854	0
	0.111	0.00046875	6.25e-06	0.925854	0
	0.112	0.0004625	0	0.926758	0
	0.113	0.0006125	0	0.925781	0
	0.114	0.0006	1.25e-05	0.925709	0
	0.115	0.00056875	0	0.923754	0
	0.116	0.00066875	0	0.923754	0
	0.117	0.00061875	0	0.924658	0
	0.118	0.0006125	0	0.922701	0
	0.119	0.00066875	0	0.921722	0
	0.12	0.00064375	6.25e-06	0.922625	0
	0.121	0.00061875	1.25e-05	0.921645	0
	0.122	0.00063125	0	0.921645	0
	0.123	0.0006125	6.25e-06	0.919687	0
	0.124	0.00076875	1.25e-05	0.920588	0
	0.125	0.00064375	0	0.922397	0
	0.126	0.0006625	1.875e-05	0.922321	0
	0.127	0.0006375	6.25e-06	0.923228	0
	0.128	0.00065	6.25e-06	0.925049	0
	0.129	0.0007	0	0.925962	0
	0.13	0.0006625	1.25e-05	0.928642	0
	0.131	0.00059375	6.25e-06	0.930487	0
	0.132	0.00069375	1.25e-05	0.930487	0
	0.133	0.0005875	1.875e-05	0.931412	0
	0.134	0.0005875	6.25e-06	0.930417	0
	0.135	0.0005875	2.5e-05	0.930348	0
	0.136	0.00061875	6.25e-06	0.931275	0
	0.137	0.00060625	6.25e-06	0.930279	0
	0.138	0.0005375	6.25e-06	0.927291	0
	0.139	0.00063125	1.25e-05	0.925299	0
	0.14	0.000525	6.25e-06	0.926148	0
	0.141	0.00050625	0	0.926148	0
	0.142	0.00059375	1.875e-05	0.926074	0
	0.143	0.0005	1.25e-05	0.927856	0
	0.144	0.000475	2.5e-05	0.92678	0
	0.145	0.00058125	6.25e-06	0.926559	0
	0.146	0.00061875	0	0.927419	0
	0.147	0.00045625	3.125e-05	0.929293	0
	0.148	0.0003875	6.25e-06	0.928283	0
	0.149	0.00050625	1.875e-05	0.926188	0
	0.15	0.000475	3.75e-05	0.928065	0
	0.151	0.000475	1.875e-05	0.929949	0
	0.152	0.0005375	3.125e-05	0.929878	0
	0.153	0.00045625	2.5e-05	0.930824	0
	0.154	0.0005	6.25e-06	0.930754	0
	0.155	0.00049375	1.25e-05	0.929735	0
	0.156	0.00046875	2.5e-05	0.927699	0
	0.157	0.00055625	2.5e-05	0.92668	0
	0.158	0.0005625	3.125e-05	0.926531	0
	0.159	0.0005875	4.375e-05	0.926456	0
	0.16	0.000525	3.125e-05	0.925434	0
	0.161	0.00050625	1.875e-05	0.926305	0
	0.162	0.00063125	4.375e-05	0.92623	0
	0.163	0.00055625	2.5e-05	0.92418	0
	0.164	0.000625	4.375e-05	0.924103	0
	0.165	0.00065625	3.125e-05	0.921026	0
	0.166	0.0006375	3.125e-05	0.922919	0
	0.167	0.0005375	5e-05	0.925773	0
	0.168	0.00059375	1.875e-05	0.925773	0
	0.169	0.00060625	2.5e-05	0.925773	0
	0.17	0.00053125	4.375e-05	0.926653	0
	0.171	0.000725	7.5e-05	0.926653	0
	0.172	0.000675	7.5e-05	0.926653	0
	0.173	0.000625	3.75e-05	0.926653	0
	0.174	0.0007	4.375e-05	0.92562	0
	0.175	0.000725	8.125e-05	0.928423	0
	0.176	0.0006875	6.875e-05	0.929387	0
	0.177	0.0007125	6.25e-05	0.93125	0
	0.178	0.00064375	6.25e-05	0.93125	0
	0.179	0.00065	8.125e-05	0.93125	0
	0.18	0.00055	0.0001	0.929167	0
	0.181	0.000575	5e-05	0.929019	0
	0.182	0.00066875	0.00011875	0.9279	0
	0.183	0.000625	9.375e-05	0.926855	0
	0.184	0.00063125	4.375e-05	0.927824	0
	0.185	0.00059375	8.125e-05	0.926778	0
	0.186	0.00064375	7.5e-05	0.925732	0
	0.187	0.0006	6.875e-05	0.92364	0
	0.188	0.0005375	0.0001	0.922594	0
	0.189	0.000675	6.25e-05	0.922513	0
	0.19	0.00055625	9.375e-05	0.921466	0
	0.191	0.00078125	5.625e-05	0.921466	0
	0.192	0.00055625	0.00010625	0.92235	0
	0.193	0.000675	7.5e-05	0.92235	0
	0.194	0.0006	4.375e-05	0.921218	0
	0.195	0.000625	7.5e-05	0.924131	0
	0.196	0.00055625	0.00015625	0.927061	0
	0.197	0.00055625	9.375e-05	0.928042	0
	0.198	0.0005125	0.0001	0.92895	0
	0.199	0.0004375	0.0001	0.92789	0
	0.2	0.00055625	0.00011875	0.92569	0
	0.201	0.0005125	0.00013125	0.922505	0
	0.202	0.00056875	0.0001125	0.922505	0
	0.203	0.000575	0.00014375	0.924307	0
	0.204	0.00050625	0.0001	0.923241	0
	0.205	0.00056875	0.00014375	0.922092	0
	0.206	0.00049375	0.0001	0.92094	0
	0.207	0.0005875	0.00015	0.921925	0
	0.208	0.0005625	0.00010625	0.923901	0
	0.209	0.00064375	0.00014375	0.922664	0
	0.21	0.0005875	0.00013125	0.919355	0
	0.211	0.00048125	0.000175	0.920259	0
	0.212	0.0006625	0.0001625	0.920259	0
	0.213	0.00055	8.75e-05	0.921251	0
	0.214	0.0005375	0.000175	0.922246	0
	0.215	0.00075625	0.00021875	0.917838	0
	0.216	0.00059375	0.000175	0.914502	0
	0.217	0.00058125	0.0002125	0.915217	0
	0.218	0.00063125	0.00016875	0.91413	0
	0.219	0.0006125	0.0001875	0.914037	0
	0.22	0.00054375	0.00015625	0.914037	0
	0.221	0.00061875	0.0001875	0.912854	0
	0.222	0.000625	0.000175	0.915847	0
	0.223	0.00070625	0.0001875	0.911475	0
	0.224	0.00051875	0.0001875	0.911475	0
	0.225	0.00054375	0.00015625	0.911475	0
	0.226	0.0007	0.0002125	0.911379	0
	0.227	0.00081875	0.00023125	0.910284	0
	0.228	0.00073125	0.00021875	0.911184	0
	0.229	0.00074375	0.00024375	0.910088	0
	0.23	0.000775	0.000225	0.908991	0
	0.231	0.00078125	0.00024375	0.907794	0
	0.232	0.0007375	0.00024375	0.907794	0
	0.233	0.0007125	0.00021875	0.908791	0
	0.234	0.00084375	0.00029375	0.906593	0
	0.235	0.00085	0.00025	0.906593	0
	0.236	0.0008625	0.00030625	0.906491	0
	0.237	0.00086875	0.000275	0.907285	0
	0.238	0.00086875	0.00028125	0.904972	0
	0.239	0.00089375	0.0002625	0.906874	0
	0.24	0.00069375	0.00028125	0.905765	0
	0.241	0.0008375	0.0003125	0.903548	0
	0.242	0.00065625	0.00031875	0.903548	0
	0.243	0.0008625	0.00028125	0.903548	0
	0.244	0.00073125	0.0003	0.902331	0
	0.245	0.000775	0.00031875	0.902222	0
	0.246	0.00076875	0.00029375	0.903226	0
	0.247	0.00091875	0.00030625	0.901001	0
	0.248	0.000925	0.000375	0.898776	0
	0.249	0.00090625	0.00031875	0.90067	0
	0.25	0.00074375	0.0004	0.899441	0
	0.251	0.00083125	0.000325	0.899441	0
	0.252	0.0008625	0.000325	0.902466	0
	0.253	0.0008	0.0003625	0.904387	0
	0.254	0.00086875	0.00036875	0.905405	0
	0.255	0.00089375	0.000475	0.907449	0
	0.256	0.00080625	0.00036875	0.904063	0
	0.257	0.000725	0.00034375	0.904977	0
	0.258	0.00090625	0.0003625	0.903846	0
	0.259	0.000875	0.00045	0.901584	0
	0.26	0.00078125	0.0004125	0.903628	0
	0.261	0.00069375	0.00044375	0.901249	0
	0.262	0.00075625	0.00048125	0.903189	0
	0.263	0.00078125	0.0004625	0.901938	0
	0.264	0.0006125	0.00046875	0.901826	0
	0.265	0.00065625	0.00040625	0.901826	0
	0.266	0.0007125	0.00049375	0.901826	0
	0.267	0.0007375	0.0004375	0.900458	0
	0.268	0.00076875	0.00049375	0.901376	0
	0.269	0.00085	0.0004625	0.903448	0
	0.27	0.00064375	0.000525	0.90553	0
	0.271	0.0006375	0.00045625	0.904378	0
	0.272	0.00068125	0.00049375	0.906467	0
	0.273	0.00070625	0.00048125	0.906358	0
	0.274	0.00059375	0.00055625	0.904872	0
	0.275	0.00075625	0.000575	0.904762	0
	0.276	0.0007125	0.00055625	0.902439	0
	0.277	0.00065625	0.0003875	0.900116	0
	0.278	0.00065	0.00055625	0.9	0
	0.279	0.000775	0.0005125	0.904094	0
	0.28	0.00069375	0.0006	0.906213	0
	0.281	0.00059375	0.0006125	0.904818	0
	0.282	0.0006875	0.0006125	0.904818	0
	0.283	0.00054375	0.0005625	0.904818	0
	0.284	0.00066875	0.0005875	0.908019	0
	0.285	0.000725	0.000625	0.911243	0
	0.286	0.00079375	0.00058125	0.908876	0
	0.287	0.0006375	0.00065	0.907692	0
	0.288	0.00063125	0.0005	0.909846	0
	0.289	0.0006	0.00055625	0.909846	0
	0.29	0.000625	0.0006875	0.909631	0
	0.291	0.0006125	0.0006	0.910608	0
	0.292	0.00065	0.0006125	0.911695	0
	0.293	0.0007375	0.0005	0.910394	0
	0.294	0.00059375	0.00065625	0.910287	0
	0.295	0.0006	0.00073125	0.91018	0
	0.296	0.00066875	0.000725	0.91018	0
	0.297	0.00083125	0.00064375	0.907784	0
	0.298	0.00083125	0.00073125	0.905389	0
	0.299	0.00061875	0.000725	0.906363	0
	0.3	0.000725	0.000725	0.90625	0
	0.301	0.0006375	0.00061875	0.903614	0
	0.302	0.00073125	0.00064375	0.903614	0
	0.303	0.00073125	0.0006375	0.902056	0
	0.304	0.0007	0.0006125	0.903148	0
	0.305	0.0007	0.000675	0.899516	0
	0.306	0.0006	0.00079375	0.900606	0
	0.307	0.000675	0.0006875	0.898058	0
	0.308	0.00074375	0.00083125	0.897934	0
	0.309	0.00065	0.0007	0.896594	0
	0.31	0.00059375	0.00071875	0.898657	0
	0.311	0.00071875	0.0007	0.897436	0
	0.312	0.00056875	0.00074375	0.898533	0
	0.313	0.00060625	0.00073125	0.900613	0
	0.314	0.00060625	0.00075625	0.90172	0
	0.315	0.00069375	0.0006875	0.900369	0
	0.316	0.000625	0.00068125	0.901356	0
	0.317	0.00069375	0.0006625	0.902469	0
	0.318	0.00071875	0.000725	0.898765	0
	0.319	0.0006375	0.0006875	0.89864	0
	0.32	0.00081875	0.0007625	0.89864	0
	0.321	0.0006125	0.000775	0.899628	0
	0.322	0.00070625	0.00086875	0.899628	0
	0.323	0.00070625	0.000825	0.893432	0
	0.324	0.0007125	0.00079375	0.891925	0
	0.325	0.00075	0.0009625	0.893035	0
	0.326	0.0006625	0.00079375	0.890411	0
	0.327	0.00064375	0.00078125	0.889166	0
	0.328	0.00065	0.00083125	0.886675	0
	0.329	0.00075625	0.0007875	0.886534	0
	0.33	0.000675	0.00078125	0.88875	0
	0.331	0.00071875	0.0008375	0.883605	0
	0.332	0.00065625	0.00080625	0.882206	0
	0.333	0.0007625	0.001025	0.882058	0
	0.334	0.00068125	0.00091875	0.88191	0
	0.335	0.0006625	0.00091875	0.881761	0
	0.336	0.00084375	0.00079375	0.881463	0
	0.337	0.0008875	0.00096875	0.88481	0
	0.338	0.000775	0.0009125	0.883544	0
	0.339	0.00076875	0.00088125	0.884664	0
	0.34	0.00078125	0.0008375	0.884664	0
	0.341	0.000775	0.000825	0.882129	0
	0.342	0.00078125	0.0008875	0.880711	0
	0.343	0.0008125	0.00095625	0.881679	0
	0.344	0.00080625	0.00101875	0.879135	0
	0.345	0.00075625	0.00099375	0.878827	0
	0.346	0.000825	0.0008375	0.878672	0
	0.347	0.0008375	0.0009375	0.879795	0
	0.348	0.0008	0.001	0.877238	0
	0.349	0.000825	0.0009125	0.877238	0
	0.35	0.00073125	0.00088125	0.877081	0
	0.351	0.00083125	0.000975	0.879332	0
	0.352	0.00088125	0.00090625	0.879177	0
	0.353	0.000875	0.0010125	0.877892	0
	0.354	0.00093125	0.00106875	0.880155	0
	0.355	0.00083125	0.00088125	0.877577	0
	0.356	0.0008875	0.00101875	0.876289	0
	0.357	0.00083125	0.00114375	0.875	0
	0.358	0.000825	0.0009125	0.873548	0
	0.359	0.00088125	0.00089375	0.870801	0
	0.36	0.00074375	0.0009375	0.873057	0
	0.361	0.0008375	0.00111875	0.875325	0
	0.362	0.000725	0.00101875	0.879739	0
	0.363	0.00085	0.001075	0.879581	0
	0.364	0.00096875	0.00096875	0.875654	0
	0.365	0.000775	0.00094375	0.874181	0
	0.366	0.0008375	0.000925	0.874016	0
	0.367	0.0007625	0.00106875	0.872536	0
	0.368	0.000775	0.00090625	0.869737	0
	0.369	0.00086875	0.0011375	0.872032	0
	0.37	0.0009	0.0010875	0.872032	0
	0.371	0.00080625	0.00105	0.869221	0
	0.372	0.0008375	0.00093125	0.866402	0
	0.373	0.00085625	0.001025	0.866225	0
	0.374	0.00085625	0.00105	0.868526	0
	0.375	0.0007	0.0009	0.869681	0
	0.376	0.00095625	0.0010625	0.870839	0
	0.377	0.00068125	0.0009625	0.870667	0
	0.378	0.0008	0.00089375	0.871658	0
	0.379	0.00084375	0.00085	0.874832	0
	0.38	0.000825	0.00095	0.876011	0
	0.381	0.000775	0.00099375	0.877027	0
	0.382	0.0008	0.00095625	0.874324	0
	0.383	0.00080625	0.001075	0.872973	0
	0.384	0.0008	0.00115	0.873984	0
	0.385	0.0007875	0.00110625	0.87517	0
	0.386	0.000775	0.00105625	0.877551	0
	0.387	0.00078125	0.00109375	0.878581	0
	0.388	0.0007875	0.00104375	0.878249	0
	0.389	0.0007125	0.00099375	0.879452	0
	0.39	0.00064375	0.001075	0.880658	0
	0.391	0.00083125	0.0010125	0.88033	0
	0.392	0.00071875	0.00095	0.878621	0
	0.393	0.00070625	0.0009875	0.874483	0
	0.394	0.00069375	0.00093125	0.875346	0
	0.395	0.00065	0.00120625	0.873961	0
	0.396	0.00078125	0.00096875	0.872399	0
	0.397	0.0007	0.0009375	0.873611	0
	0.398	0.0007	0.00101875	0.870654	0
	0.399	0.00068125	0.00093125	0.870474	0
	0.4	0.000775	0.00096875	0.870293	0
	0.401	0.0007	0.00088125	0.872549	0
	0.402	0.00076875	0.0010125	0.871148	0
	0.403	0.00075	0.0010125	0.872011	0
	0.404	0.00071875	0.00106875	0.873239	0
	0.405	0.0006125	0.00104375	0.870423	0
	0.406	0.00075	0.000975	0.871469	0
	0.407	0.000775	0.00101875	0.871469	0
	0.408	0.000675	0.000875	0.872702	0
	0.409	0.00070625	0.0010375	0.873759	0
	0.41	0.0006375	0.001	0.87234	0
	0.411	0.000675	0.0009875	0.87234	0
	0.412	0.00064375	0.00116875	0.874822	0
	0.413	0.00073125	0.00106875	0.877143	0
	0.414	0.00069375	0.0011375	0.875536	0
	0.415	0.00058125	0.00113125	0.878049	0
	0.416	0.00066875	0.0011	0.873745	0
	0.417	0.00055	0.00108125	0.877522	0
	0.418	0.000675	0.00096875	0.878788	0
	0.419	0.00055	0.00110625	0.877345	0
	0.42	0.0005625	0.00096875	0.877345	0
	0.421	0.00070625	0.00095	0.877345	0
	0.422	0.00063125	0.00103125	0.875723	0
	0.423	0.0005875	0.00095625	0.878084	0
	0.424	0.00071875	0.00099375	0.880466	0
	0.425	0.00058125	0.00113125	0.877551	0
	0.426	0.00066875	0.001025	0.876093	0
	0.427	0.0006875	0.00114375	0.879941	0
	0.428	0.00068125	0.0010375	0.882526	0
	0.429	0.00056875	0.00118125	0.883824	0
	0.43	0.0005	0.0011	0.883824	0
	0.431	0.00061875	0.00114375	0.88218	0
	0.432	0.00063125	0.0009	0.874816	0
	0.433	0.0005875	0.001075	0.878698	0
	0.434	0.00064375	0.00106875	0.878698	0
	0.435	0.00070625	0.0011375	0.88	0
	0.436	0.000575	0.00109375	0.881306	0
	0.437	0.000625	0.00108125	0.882615	0
	0.438	0.000625	0.00115625	0.88244	0
	0.439	0.00069375	0.00111875	0.879464	0
	0.44	0.0006625	0.00111875	0.875	0
	0.441	0.00066875	0.00098125	0.876119	0
	0.442	0.00065625	0.00116875	0.87988	0
	0.443	0.0006625	0.00113125	0.879518	0
	0.444	0.0006125	0.00105625	0.879154	0
	0.445	0.00066875	0.0010375	0.881818	0
	0.446	0.0005875	0.000825	0.881818	0
	0.447	0.00055625	0.00105625	0.880303	0
	0.448	0.0006625	0.00101875	0.880121	0
	0.449	0.00068125	0.00110625	0.881279	0
	0.45	0.00066875	0.00099375	0.882443	0
	0.451	0.00066875	0.00101875	0.880916	0
	0.452	0.00060625	0.001175	0.879389	0
	0.453	0.0006125	0.0010375	0.879389	0
	0.454	0.0006625	0.00094375	0.880734	0
	0.455	0.000575	0.001	0.880734	0
	0.456	0.0006375	0.0011375	0.883436	0
	0.457	0.00060625	0.00096875	0.88172	0
	0.458	0.0005875	0.0010125	0.883077	0
	0.459	0.00058125	0.00114375	0.885802	0
	0.46	0.00055625	0.0010875	0.884259	0
	0.461	0.00056875	0.001075	0.882535	0
	0.462	0.00061875	0.001	0.880805	0
	0.463	0.00050625	0.001	0.88354	0
	0.464	0.00066875	0.0010375	0.881988	0
	0.465	0.000675	0.001	0.878882	0
	0.466	0.00063125	0.00109375	0.88162	0
	0.467	0.0004875	0.0009875	0.880062	0
	0.468	0.00064375	0.000975	0.878505	0
	0.469	0.00064375	0.000925	0.873832	0
	0.47	0.0006375	0.001025	0.87931	0
	0.471	0.00055	0.0011125	0.877743	0
	0.472	0.000725	0.001025	0.877551	0
	0.473	0.0005875	0.0010375	0.872841	0
	0.474	0.00055	0.00101875	0.875591	0
	0.475	0.00071875	0.0010375	0.874016	0
	0.476	0.00065	0.0009625	0.872441	0
	0.477	0.00054375	0.0010375	0.873418	0
	0.478	0.00056875	0.0009125	0.87619	0
	0.479	0.00068125	0.0010875	0.877583	0
	0.48	0.000525	0.0008625	0.878594	0
	0.481	0.00069375	0.0011625	0.878205	0
	0.482	0.0004875	0.00099375	0.879615	0
	0.483	0.00059375	0.00096875	0.879227	0
	0.484	0.00061875	0.00089375	0.879227	0
	0.485	0.0005375	0.001075	0.880645	0
	0.486	0.00053125	0.00110625	0.880645	0
	0.487	0.000625	0.001025	0.880645	0
	0.488	0.0006125	0.00104375	0.878641	0
	0.489	0.00061875	0.000925	0.881494	0
	0.49	0.00049375	0.00103125	0.881301	0
	0.491	0.00059375	0.00115625	0.879675	0
	0.492	0.0006	0.00114375	0.878049	0
	0.493	0.0005125	0.000975	0.878049	0
	0.494	0.00055	0.0010125	0.87785	0
	0.495	0.00060625	0.00108125	0.877651	0
	0.496	0.00049375	0.0009375	0.877651	0
	0.497	0.00056875	0.00113125	0.880524	0
	0.498	0.00056875	0.0008375	0.87725	0
	0.499	0.0005	0.001025	0.877049	0
	0.5	0.00050625	0.00096875	0.877049	0
	0.501	0.0005	0.00093125	0.877049	0
	0.502	0.00059375	0.0009125	0.879538	0
	0.503	0.0005125	0.00091875	0.879339	0
	0.504	0.0007125	0.0011375	0.877686	0
	0.505	0.00054375	0.001025	0.877483	0
	0.506	0.0005375	0.00103125	0.87728	0
	0.507	0.00058125	0.000975	0.875415	0
	0.508	0.0005625	0.00111875	0.875208	0
	0.509	0.0005375	0.00101875	0.87813	0
	0.51	0.0005375	0.00106875	0.876461	0
	0.511	0.000675	0.0010625	0.876047	0
	0.512	0.00056875	0.00094375	0.875839	0
	0.513	0.00056875	0.00108125	0.872483	0
	0.514	0.0005375	0.00100625	0.872483	0
	0.515	0.00055	0.00100625	0.879865	0
	0.516	0.0005375	0.00105	0.877966	0
	0.517	0.0006125	0.00100625	0.872881	0
	0.518	0.00051875	0.001275	0.874363	0
	0.519	0.0006125	0.00093125	0.877342	0
	0.52	0.00048125	0.00095	0.880137	0
	0.521	0.00058125	0.0011625	0.878425	0
	0.522	0.00054375	0.0010125	0.875	0
	0.523	0.00061875	0.00105625	0.875	0
	0.524	0.00060625	0.000975	0.871575	0
	0.525	0.00061875	0.00106875	0.871575	0
	0.526	0.00055625	0.00106875	0.866438	0
	0.527	0.0005375	0.001	0.866209	0
	0.528	0.00059375	0.00091875	0.867698	0
	0.529	0.00054375	0.001	0.86747	0
	0.53	0.00056875	0.00083125	0.865517	0
	0.531	0.00059375	0.0009625	0.863558	0
	0.532	0.00065	0.0010125	0.863322	0
	0.533	0.00054375	0.00095625	0.864583	0
	0.534	0.00059375	0.000825	0.866087	0
	0.535	0.0006375	0.00108125	0.86911	0
	0.536	0.00053125	0.00103125	0.870629	0
	0.537	0.00055	0.00096875	0.867133	0
	0.538	0.0008	0.001	0.863636	0
	0.539	0.00065625	0.0010625	0.861888	0
	0.54	0.00059375	0.0011	0.86014	0
	0.541	0.0005	0.0010125	0.859895	0
	0.542	0.00055	0.001	0.856392	0
	0.543	0.00056875	0.00099375	0.857645	0
	0.544	0.00074375	0.00098125	0.857394	0
	0.545	0.00073125	0.00104375	0.860177	0
	0.546	0.000675	0.0010125	0.858156	0
	0.547	0.00068125	0.00098125	0.85461	0
	0.548	0.0006625	0.00091875	0.854352	0
	0.549	0.00056875	0.00100625	0.857398	0
	0.55	0.00058125	0.0009375	0.855357	0
	0.551	0.00059375	0.0010375	0.848214	0
	0.552	0.00068125	0.0009875	0.847943	0
	0.553	0.00075625	0.00106875	0.845878	0
	0.554	0.0007875	0.00099375	0.85045	0
	0.555	0.0007375	0.00105	0.848649	0
	0.556	0.00073125	0.00103125	0.848649	0
	0.557	0.00063125	0.00095625	0.848649	0
	0.558	0.00075625	0.00101875	0.851718	0
	0.559	0.0007625	0.0009625	0.854809	0
	0.56	0.00074375	0.00100625	0.85118	0
	0.561	0.00064375	0.000825	0.852727	0
	0.562	0.0008125	0.00095625	0.854281	0
	0.563	0.00065	0.00094375	0.854281	0
	0.564	0.000675	0.00101875	0.855576	0
	0.565	0.00071875	0.001025	0.85192	0
	0.566	0.0007625	0.00105	0.851103	0
	0.567	0.00070625	0.00095	0.850829	0
	0.568	0.00078125	0.0010875	0.848987	0
	0.569	0.00068125	0.00079375	0.847145	0
	0.57	0.00071875	0.00095625	0.846863	0
	0.571	0.0006625	0.0009125	0.846863	0
	0.572	0.00075625	0.00094375	0.844732	0
	0.573	0.000725	0.00098125	0.844156	0
	0.574	0.0006375	0.00095625	0.8473	0
	0.575	0.00063125	0.001025	0.843284	0
	0.576	0.00069375	0.00099375	0.841121	0
	0.577	0.00081875	0.0009875	0.841121	0
	0.578	0.00078125	0.00091875	0.842697	0
	0.579	0.0006375	0.00096875	0.838649	0
	0.58	0.0007375	0.00100625	0.839925	0
	0.581	0.0006	0.000875	0.838041	0
	0.582	0.00080625	0.00113125	0.838041	0
	0.583	0.00065	0.00101875	0.836158	0
	0.584	0.0007	0.001	0.830189	0
	0.585	0.00066875	0.0011	0.831758	0
	0.586	0.00075	0.00099375	0.836502	0
	0.587	0.00068125	0.00109375	0.834601	0
	0.588	0.000625	0.00100625	0.8327	0
	0.589	0.0006375	0.00105625	0.8327	0
	0.59	0.0008625	0.00116875	0.830476	0
	0.591	0.00070625	0.00101875	0.830153	0
	0.592	0.0006	0.00088125	0.83174	0
	0.593	0.000675	0.0012	0.829828	0
	0.594	0.0005875	0.000875	0.829502	0
	0.595	0.0006375	0.00111875	0.828846	0
	0.596	0.00074375	0.00093125	0.830443	0
	0.597	0.00075625	0.00093125	0.829787	0
	0.598	0.0006875	0.00095	0.829457	0
	0.599	0.0006375	0.00100625	0.830409	0
	0.6	0.0008	0.00109375	0.833659	0
	0.601	0.0005875	0.001	0.831703	0
	0.602	0.00061875	0.00104375	0.827789	0
	0.603	0.00064375	0.001	0.825147	0
	0.604	0.00065	0.00105	0.825147	0
	0.605	0.0006625	0.00100625	0.826087	0
	0.606	0.00054375	0.00091875	0.827381	0
	0.607	0.0006125	0.00100625	0.825397	0
	0.608	0.000825	0.00111875	0.824701	0
	0.609	0.0006375	0.00095625	0.823293	0
	0.61	0.00059375	0.0008375	0.822938	0
	0.611	0.00070625	0.0009125	0.820565	0
	0.612	0.0007375	0.00093125	0.823529	0
	0.613	0.00066875	0.0009125	0.824847	0
	0.614	0.00068125	0.0009625	0.826531	0
	0.615	0.000675	0.00101875	0.82449	0
	0.616	0.0006875	0.0009625	0.822449	0
	0.617	0.00074375	0.00090625	0.822449	0
	0.618	0.0007375	0.00085625	0.818367	0
	0.619	0.0006625	0.00095625	0.823045	0
	0.62	0.000725	0.00085	0.820619	0
	0.621	0.00070625	0.00099375	0.820619	0
	0.622	0.00070625	0.00089375	0.822314	0
	0.623	0.00070625	0.001025	0.822314	0
	0.624	0.0007125	0.000925	0.822314	0
	0.625	0.0007625	0.00094375	0.821946	0
	0.626	0.00080625	0.00101875	0.819502	0
	0.627	0.00075625	0.00101875	0.817427	0
	0.628	0.0007	0.00090625	0.817427	0
	0.629	0.0008125	0.0009875	0.817427	0
	0.63	0.0007875	0.000825	0.822547	0
	0.631	0.0008	0.001075	0.825996	0
	0.632	0.0007875	0.00108125	0.827368	0
	0.633	0.0008125	0.000925	0.823158	0
	0.634	0.00074375	0.00088125	0.824895	0
	0.635	0.00070625	0.001	0.820675	0
	0.636	0.0006875	0.0010625	0.818565	0
	0.637	0.00076875	0.0011125	0.819915	0
	0.638	0.0006625	0.000925	0.820896	0
	0.639	0.00070625	0.0010375	0.818376	0
	0.64	0.00069375	0.00095625	0.820128	0
	0.641	0.00079375	0.0009375	0.823656	0
	0.642	0.00070625	0.00095	0.825054	0
	0.643	0.00065	0.0009125	0.818575	0
	0.644	0.0006625	0.00085	0.818182	0
	0.645	0.0007875	0.001025	0.818182	0
	0.646	0.0007625	0.000875	0.817787	0
	0.647	0.000725	0.00095	0.818381	0
	0.648	0.00070625	0.000975	0.817982	0
	0.649	0.00068125	0.00090625	0.81978	0
	0.65	0.00063125	0.00085625	0.819383	0
	0.651	0.00064375	0.0010375	0.814978	0
	0.652	0.00051875	0.00099375	0.818584	0
	0.653	0.0007625	0.00099375	0.818584	0
	0.654	0.0006125	0.00095625	0.815965	0
	0.655	0.0007	0.00099375	0.81153	0
	0.656	0.00060625	0.000875	0.81153	0
	0.657	0.00050625	0.00088125	0.815145	0
	0.658	0.00075	0.0009625	0.816555	0
	0.659	0.000625	0.0009875	0.806742	0
	0.66	0.0006	0.0009375	0.806742	0
	0.661	0.00060625	0.000975	0.808559	0
	0.662	0.00071875	0.00095	0.807692	0
	0.663	0.0007625	0.00105625	0.811364	0
	0.664	0.00063125	0.00101875	0.808656	0
	0.665	0.00053125	0.00085	0.811927	0
	0.666	0.00066875	0.00096875	0.809633	0
	0.667	0.00061875	0.00085625	0.809195	0
	0.668	0.00076875	0.000975	0.806897	0
	0.669	0.0006375	0.0010875	0.806452	0
	0.67	0.0005	0.00091875	0.803695	0
	0.671	0.00060625	0.00090625	0.802784	0
	0.672	0.0006375	0.0009375	0.800464	0
	0.673	0.00058125	0.00094375	0.805621	0
	0.674	0.00065	0.00090625	0.807059	0
	0.675	0.00065625	0.00105	0.808962	0
	0.676	0.00069375	0.0008875	0.814727	0
	0.677	0.00071875	0.00105625	0.812352	0
	0.678	0.00066875	0.0009625	0.814286	0
	0.679	0.0007625	0.001	0.815348	0
	0.68	0.00068125	0.00094375	0.810552	0
	0.681	0.00073125	0.00089375	0.8125	0
	0.682	0.00075	0.0010875	0.812048	0
	0.683	0.00075	0.00114375	0.815981	0
	0.684	0.00064375	0.0008875	0.817961	0
	0.685	0.00065	0.00110625	0.815534	0
	0.686	0.00081875	0.00085	0.817518	0
	0.687	0.00069375	0.00085	0.821516	0
	0.688	0.0006	0.00091875	0.821078	0
	0.689	0.00075	0.0009625	0.818627	0
	0.69	0.000725	0.000925	0.818627	0
	0.691	0.0007	0.0010125	0.817734	0
	0.692	0.0007375	0.00096875	0.812808	0
	0.693	0.000625	0.00095	0.816832	0
	0.694	0.0007875	0.0009125	0.814356	0
	0.695	0.0007375	0.000775	0.816377	0
	0.696	0.00085	0.0007875	0.81592	0
	0.697	0.0007375	0.000825	0.813433	0
	0.698	0.0006125	0.0009	0.813433	0
	0.699	0.00073125	0.00089375	0.813433	0
	0.7	0.0008125	0.00103125	0.813433	0
	0.701	0.00058125	0.00079375	0.8175	0
	0.702	0.00055625	0.00089375	0.821608	0
	0.703	0.0007125	0.0008375	0.823678	0
	0.704	0.000525	0.00096875	0.820707	0
	0.705	0.0005875	0.00078125	0.820707	0
	0.706	0.0005875	0.0008625	0.820707	0
	0.707	0.00059375	0.0009875	0.824873	0
	0.708	0.00054375	0.00088125	0.829082	0
	0.709	0.00055625	0.00090625	0.833333	0
	0.71	0.0005375	0.000875	0.835476	0
	0.711	0.00065	0.0009	0.837209	0
	0.712	0.000525	0.00080625	0.836788	0
	0.713	0.00055625	0.00085625	0.838542	0
	0.714	0.0004875	0.00096875	0.832898	0
	0.715	0.0004875	0.00100625	0.832898	0
	0.716	0.00050625	0.00093125	0.832898	0
	0.717	0.000425	0.00090625	0.829843	0
	0.718	0.000425	0.0009375	0.834211	0
	0.719	0.0004625	0.00089375	0.836412	0
	0.72	0.00046875	0.00090625	0.840849	0
	0.721	0.00041875	0.0009	0.84492	0
	0.722	0.00054375	0.000775	0.847185	0
	0.723	0.00045625	0.0009	0.849462	0
	0.724	0.000375	0.00085	0.846774	0
	0.725	0.0004875	0.000925	0.846774	0
	0.726	0.00038125	0.00093125	0.849057	0
	0.727	0.0005	0.0008125	0.851351	0
	0.728	0.00036875	0.0009	0.855191	0
	0.729	0.00039375	0.0009125	0.857143	0
	0.73	0.00038125	0.00075625	0.856749	0
	0.731	0.00048125	0.00081875	0.859116	0
	0.732	0.00044375	0.000925	0.858726	0
	0.733	0.00039375	0.0009125	0.858333	0
	0.734	0.0004375	0.00095	0.865169	0
	0.735	0.00040625	0.0009	0.86236	0
	0.736	0.0003375	0.00086875	0.861972	0
	0.737	0.0004	0.001	0.859155	0
	0.738	0.0003625	0.00089375	0.858757	0
	0.739	0.0003375	0.0009125	0.858757	0
	0.74	0.00035	0.000925	0.858357	0
	0.741	0.0003875	0.0009875	0.862857	0
	0.742	0.0003625	0.00089375	0.862464	0
	0.743	0.0004125	0.00095625	0.856734	0
	0.744	0.0003	0.00088125	0.861671	0
	0.745	0.0003875	0.00080625	0.861272	0
	0.746	0.00041875	0.00100625	0.855491	0
	0.747	0.00036875	0.00078125	0.855072	0
	0.748	0.00034375	0.00073125	0.857558	0
	0.749	0.00035	0.00083125	0.857558	0
	0.75	0.00034375	0.0009375	0.857143	0
	0.751	0.00038125	0.00096875	0.859649	0
	0.752	0.00041875	0.00083125	0.867257	0
	0.753	0.00035	0.000825	0.864307	0
	0.754	0.00035	0.00079375	0.866864	0
	0.755	0.00033125	0.00084375	0.869436	0
	0.756	0.0005125	0.000775	0.869436	0
	0.757	0.00048125	0.00085	0.869048	0
	0.758	0.00048125	0.001	0.865672	0
	0.759	0.00035625	0.0007375	0.873494	0
	0.76	0.00044375	0.00089375	0.876133	0
	0.761	0.00040625	0.000725	0.876133	0
	0.762	0.00034375	0.00075	0.873112	0
	0.763	0.0004375	0.00079375	0.867069	0
	0.764	0.00039375	0.0007875	0.867069	0
	0.765	0.00040625	0.0007875	0.867069	0
	0.766	0.0003875	0.0009	0.864048	0
	0.767	0.00025625	0.00076875	0.864048	0
	0.768	0.00045	0.0008125	0.861027	0
	0.769	0.00043125	0.0007875	0.868902	0
	0.77	0.00049375	0.0007875	0.868902	0
	0.771	0.00045625	0.00091875	0.868502	0
	0.772	0.0004625	0.00075625	0.871166	0
	0.773	0.0004625	0.00089375	0.868098	0
	0.774	0.00045625	0.0007875	0.861963	0
	0.775	0.0005	0.00069375	0.858025	0
	0.776	0.00041875	0.000825	0.860248	0
	0.777	0.00043125	0.0007625	0.862928	0
	0.778	0.00050625	0.00075625	0.862928	0
	0.779	0.0005	0.00074375	0.853583	0
	0.78	0.00043125	0.000825	0.850467	0
	0.781	0.00048125	0.0007125	0.844237	0
	0.782	0.00045	0.000775	0.844237	0
	0.783	0.0005625	0.0007625	0.838006	0
	0.784	0.000475	0.0008125	0.834891	0
	0.785	0.00048125	0.000725	0.8375	0
	0.786	0.0004375	0.00074375	0.8375	0
	0.787	0.0004	0.0006375	0.836991	0
	0.788	0.0004375	0.000825	0.842271	0
	0.789	0.00045	0.00070625	0.844444	0
	0.79	0.00036875	0.0008625	0.834921	0
	0.791	0.00046875	0.000675	0.834921	0
	0.792	0.0004625	0.00074375	0.825397	0
	0.793	0.0005375	0.00089375	0.822222	0
	0.794	0.000475	0.00075	0.815287	0
	0.795	0.0005125	0.000875	0.808917	0
	0.796	0.00044375	0.00081875	0.805112	0
	0.797	0.000575	0.00081875	0.801282	0
	0.798	0.00069375	0.00083125	0.801282	0
	0.799	0.00050625	0.00084375	0.806452	0
	0.8	0.00064375	0.00079375	0.799353	0
	0.801	0.00049375	0.000775	0.798701	0
	0.802	0.0005625	0.00095	0.798701	0
	0.803	0.00051875	0.000825	0.801303	0
	0.804	0.00070625	0.0008375	0.798046	0
	0.805	0.00045625	0.000725	0.797386	0
	0.806	0.00068125	0.000875	0.8	0
	0.807	0.000625	0.00071875	0.802632	0
	0.808	0.00066875	0.00073125	0.804636	0
	0.809	0.00073125	0.0007375	0.809365	0
	0.81	0.00051875	0.00075625	0.808725	0
	0.811	0.0007875	0.000675	0.802013	0
	0.812	0.0006375	0.00068125	0.801347	0
	0.813	0.00073125	0.00069375	0.794613	0
	0.814	0.0006625	0.00075625	0.790541	0
	0.815	0.0006875	0.00075625	0.783784	0
	0.816	0.000625	0.0007	0.783784	0
	0.817	0.0006625	0.00066875	0.780405	0
	0.818	0.00071875	0.00066875	0.783051	0
	0.819	0.0008125	0.0007375	0.772881	0
	0.82	0.000675	0.00066875	0.765306	0
	0.821	0.00074375	0.00080625	0.764505	0
	0.822	0.00085	0.0008125	0.764505	0
	0.823	0.00065625	0.0007	0.756849	0
	0.824	0.0006375	0.00074375	0.756014	0
	0.825	0.00068125	0.00065	0.752577	0
	0.826	0.00081875	0.000675	0.750865	0
	0.827	0.00078125	0.0006375	0.746528	0
	0.828	0.0006875	0.00068125	0.746528	0
	0.829	0.0007625	0.00063125	0.744755	0
	0.83	0.00081875	0.00075625	0.741259	0
	0.831	0.00081875	0.0006625	0.741259	0
	0.832	0.0007125	0.0005875	0.741259	0
	0.833	0.0008125	0.0007	0.730769	0
	0.834	0.00095625	0.00073125	0.730769	0
	0.835	0.00080625	0.0007	0.727915	0
	0.836	0.00084375	0.00068125	0.729537	0
	0.837	0.0007375	0.00064375	0.725	0
	0.838	0.000925	0.00064375	0.727599	0
	0.839	0.0007375	0.00061875	0.716846	0
	0.84	0.00095	0.00074375	0.719424	0
	0.841	0.00089375	0.00063125	0.724638	0
	0.842	0.0007625	0.0006375	0.732601	0
	0.843	0.00075625	0.0007	0.737037	0
	0.844	0.00074375	0.00080625	0.742537	0
	0.845	0.0006875	0.00061875	0.745318	0
	0.846	0.001	0.0006125	0.745318	0
	0.847	0.00074375	0.0006375	0.741573	0
	0.848	0.0007375	0.000625	0.737828	0
	0.849	0.0008375	0.00070625	0.735849	0
	0.85	0.00093125	0.00056875	0.732075	0
	0.851	0.00084375	0.000675	0.732824	0
	0.852	0.0008375	0.00064375	0.737452	0
	0.853	0.00081875	0.00073125	0.733591	0
	0.854	0.0008875	0.0007875	0.738281	0
	0.855	0.0008375	0.0007125	0.729412	0
	0.856	0.00086875	0.00065	0.72549	0
	0.857	0.00076875	0.00054375	0.717647	0
	0.858	0.00080625	0.00068125	0.709804	0
	0.859	0.0009	0.000625	0.705882	0
	0.86	0.0006625	0.00058125	0.711462	0
	0.861	0.0006875	0.00059375	0.714286	0
	0.862	0.00075	0.00054375	0.713147	0
	0.863	0.00079375	0.00054375	0.716	0
	0.864	0.0007	0.0005625	0.716	0
	0.865	0.0007625	0.00065	0.71371	0
	0.866	0.00064375	0.000575	0.722449	0
	0.867	0.000775	0.0006	0.721311	0
	0.868	0.000725	0.0006	0.714876	0
	0.869	0.00070625	0.00049375	0.720833	0
	0.87	0.0006375	0.00061875	0.718487	0
	0.871	0.00065625	0.00064375	0.730769	0
	0.872	0.00064375	0.000525	0.726496	0
	0.873	0.00073125	0.0006625	0.727273	0
	0.874	0.0007125	0.00059375	0.724891	0
	0.875	0.0006875	0.000525	0.72807	0
	0.876	0.00075	0.0004875	0.726872	0
	0.877	0.00078125	0.00074375	0.721239	0
	0.878	0.00073125	0.00055625	0.721239	0
	0.879	0.00074375	0.00056875	0.727679	0
	0.88	0.000775	0.00045	0.726457	0
	0.881	0.00079375	0.0005625	0.717489	0
	0.882	0.00075625	0.00073125	0.714932	0
	0.883	0.00086875	0.00060625	0.710407	0
	0.884	0.00091875	0.00055625	0.715596	0
	0.885	0.0006625	0.000525	0.728972	0
	0.886	0.00083125	0.0006875	0.723005	0
	0.887	0.0006125	0.00050625	0.725118	0
	0.888	0.00065	0.0006375	0.735577	0
	0.889	0.00074375	0.00055625	0.742718	0
	0.89	0.00070625	0.00053125	0.746341	0
	0.891	0.0007125	0.0005375	0.741463	0
	0.892	0.00069375	0.0004875	0.741463	0
	0.893	0.00060625	0.00051875	0.726829	0
	0.894	0.0006625	0.00063125	0.730392	0
	0.895	0.0006875	0.000475	0.729064	0
	0.896	0.00078125	0.00065	0.731343	0
	0.897	0.0006875	0.000475	0.725	0
	0.898	0.00083125	0.0005625	0.72	0
	0.899	0.00070625	0.00056875	0.730964	0
	0.9	0.00065625	0.00055625	0.725888	0
	0.901	0.00063125	0.0005	0.72449	0
	0.902	0.00069375	0.000525	0.717949	0
	0.903	0.000675	0.00044375	0.721649	0
	0.904	0.00068125	0.00058125	0.725389	0
	0.905	0.00059375	0.00045	0.723958	0
	0.906	0.0005125	0.0004	0.727749	0
	0.907	0.0007	0.00050625	0.728723	0
	0.908	0.00060625	0.00041875	0.725806	0
	0.909	0.0006625	0.00055	0.736264	0
	0.91	0.0005375	0.00043125	0.736264	0
	0.911	0.000625	0.00055	0.748603	0
	0.912	0.000725	0.00048125	0.751412	0
	0.913	0.00064375	0.00051875	0.75	0
	0.914	0.00056875	0.000475	0.747126	0
	0.915	0.0006125	0.00031875	0.760234	0
	0.916	0.00066875	0.000425	0.760234	0
	0.917	0.00058125	0.0005	0.758824	0
	0.918	0.0006125	0.00043125	0.758824	0
	0.919	0.00055625	0.00045625	0.758824	0
	0.92	0.00064375	0.00031875	0.751479	0
	0.921	0.00065	0.0004375	0.755952	0
	0.922	0.00065	0.000425	0.754491	0
	0.923	0.00055	0.00038125	0.753012	0
	0.924	0.0006625	0.00036875	0.751515	0
	0.925	0.00061875	0.000425	0.743902	0
	0.926	0.00066875	0.0003125	0.757764	0
	0.927	0.000525	0.000425	0.7625	0
	0.928	0.00065625	0.0003125	0.761006	0
	0.929	0.00064375	0.000375	0.757962	0
	0.93	0.0006375	0.00034375	0.762821	0
	0.931	0.00069375	0.00029375	0.76129	0
	0.932	0.00053125	0.000525	0.746753	0
	0.933	0.00061875	0.0003375	0.74026	0
	0.934	0.00059375	0.00035625	0.736842	0
	0.935	0.00054375	0.00036875	0.751678	0
	0.936	0.0005625	0.00045625	0.761905	0
	0.937	0.0004375	0.000375	0.755102	0
	0.938	0.00055	0.000325	0.753425	0
	0.939	0.0006625	0.00040625	0.746575	0
	0.94	0.00055625	0.00035625	0.726027	0
	0.941	0.0005375	0.0003625	0.731034	0
	0.942	0.0006375	0.0003625	0.722222	0
	0.943	0.00068125	0.0004	0.713287	0
	0.944	0.000625	0.00023125	0.723404	0
	0.945	0.0006875	0.000325	0.728571	0
	0.946	0.0006875	0.00039375	0.731884	0
	0.947	0.00066875	0.00034375	0.729927	0
	0.948	0.00071875	0.0003375	0.727941	0
	0.949	0.000675	0.000275	0.718519	0
	0.95	0.00084375	0.000325	0.729323	0
	0.951	0.00065	0.00031875	0.727273	0
	0.952	0.000875	0.000275	0.725191	0
	0.953	0.00070625	0.0003125	0.717557	0
	0.954	0.00055625	0.00029375	0.715385	0
	0.955	0.00074375	0.00026875	0.697674	0
	0.956	0.0007875	0.0002625	0.674419	0
	0.957	0.000675	0.0003125	0.664062	0
	0.958	0.00084375	0.00026875	0.65873	0
	0.959	0.00088125	0.000225	0.634921	0
	0.96	0.0007875	0.00018125	0.639344	0
	0.961	0.00085625	0.0002375	0.631148	0
	0.962	0.00085	0.0003	0.619835	0
	0.963	0.00100625	0.000275	0.619835	0
	0.964	0.000875	0.0001875	0.61157	0
	0.965	0.00105	0.00024375	0.621849	0
	0.966	0.00109375	0.00024375	0.634783	0
	0.967	0.00105625	0.0002375	0.637168	0
	0.968	0.000975	0.00026875	0.621622	0
	0.969	0.00115625	0.000225	0.62963	0
	0.97	0.001225	0.0002125	0.635514	0
	0.971	0.00110625	0.00024375	0.632075	0
	0.972	0.00121875	0.00021875	0.619048	0
	0.973	0.0010625	0.0002125	0.625	0
	0.974	0.00106875	0.0002	0.625	0
	0.975	0.001	0.000175	0.627451	0
	0.976	0.0009375	0.0002125	0.623762	0
	0.977	0.00078125	0.0002125	0.636364	0
	0.978	0.0007375	0.000225	0.645833	0
	0.979	0.00090625	0.00014375	0.652632	0
	0.98	0.00079375	0.000175	0.610526	0
	0.981	0.00093125	0.0002	0.597826	0
	0.982	0.00095625	0.000175	0.590909	0
	0.983	0.0008125	0.00014375	0.611765	0
	0.984	0.00078125	0.0001875	0.653846	0
	0.985	0.00088125	0.00018125	0.628205	0
	0.986	0.0010625	0.00015	0.602564	0
	0.987	0.00113125	0.00018125	0.592105	0
	0.988	0.00115625	0.0001625	0.533333	0
	0.989	0.001175	0.00018125	0.527778	0
	0.99	0.00143125	0.00013125	0.521127	0
	0.991	0.00143125	0.00015	0.536232	0
	0.992	0.00155625	0.00013125	0.552239	0
	0.993	0.00148125	0.00010625	0.523077	0
	0.994	0.00171875	0.0001125	0.5	0
	0.995	0.00204375	0.0001	0.5	0
	0.996	0.001725	6.875e-05	0.5	0
	0.997	0.002125	6.25e-05	0.418182	0
	0.998	0.00250625	0.0001375	0.372549	0
	0.999	0.004625	8.75e-05	0.282609	0
	1	0.0145	4.375e-05	0.186047	0


#	yrange	sparsity	# links	zeta	support at cross	fraction FP
	0	0.56125	898	0.000335147	0.967	0.0974271
	0.4	0.56125	898	0.000335147	0.967	0.0974271
