#	Frequencies and overlap
#	bins	MYC	shuffle	overlap_MYC	overlap_shuffle
	0	0.254794	0.298806	0.866617	0
	0.001	0.0090375	6.25e-05	0.849653	0
	0.002	0.007575	0.00010625	0.8594	0
	0.003	0.00708125	0.0002	0.86229	0
	0.004	0.0071125	0.000325	0.859223	0
	0.005	0.00693125	0.00038125	0.860636	0
	0.006	0.00705625	0.0005375	0.856675	0
	0.007	0.0064	0.0004375	0.857143	0
	0.008	0.00614375	0.00060625	0.860485	0
	0.009	0.00595625	0.00049375	0.860504	0
	0.01	0.0057875	0.0007375	0.861747	0
	0.011	0.00529375	0.000725	0.862628	0
	0.012	0.00488125	0.0008125	0.861565	0
	0.013	0.0045	0.00086875	0.860967	0
	0.014	0.00405	0.00075	0.864865	0
	0.015	0.003775	0.00100625	0.867311	0
	0.016	0.00365625	0.0009125	0.869796	0
	0.017	0.00338125	0.00109375	0.872549	0
	0.018	0.0034375	0.00105625	0.875224	0
	0.019	0.00315	0.001075	0.883848	0
	0.02	0.00303125	0.0008875	0.881387	0
	0.021	0.0031125	0.0010875	0.881543	0
	0.022	0.00300625	0.0011625	0.888786	0
	0.023	0.0029375	0.00123125	0.888993	0
	0.024	0.0026875	0.0012125	0.890244	0
	0.025	0.00291875	0.00125625	0.889202	0
	0.026	0.0024375	0.001325	0.887006	0
	0.027	0.00263125	0.00126875	0.881964	0
	0.028	0.00264375	0.00130625	0.881292	0
	0.029	0.00253125	0.00145625	0.88	0
	0.03	0.0025125	0.0014	0.882409	0
	0.031	0.0025375	0.0013625	0.88621	0
	0.032	0.0025	0.0013125	0.884913	0
	0.033	0.00229375	0.0014375	0.88035	0
	0.034	0.00229375	0.00115625	0.879142	0
	0.035	0.00245625	0.00141875	0.880859	0
	0.036	0.00253125	0.0014375	0.885939	0
	0.037	0.00245625	0.0014875	0.886476	0
	0.038	0.00221875	0.0014	0.886026	0
	0.039	0.00215625	0.00145625	0.884692	0
	0.04	0.00214375	0.00143125	0.886228	0
	0.041	0.00214375	0.00136875	0.883884	0
	0.042	0.00209375	0.00146875	0.887097	0
	0.043	0.00236875	0.00164375	0.885743	0
	0.044	0.00191875	0.00141875	0.885396	0
	0.045	0.00175	0.0014625	0.883249	0
	0.046	0.0019625	0.0015	0.885714	0
	0.047	0.00179375	0.00146875	0.88809	0
	0.048	0.001775	0.0014875	0.88786	0
	0.049	0.0016875	0.00148125	0.886598	0
	0.05	0.0016625	0.00159375	0.886364	0
	0.051	0.00169375	0.001475	0.885774	0
	0.052	0.0015875	0.001575	0.886576	0
	0.053	0.00165625	0.0017875	0.886102	0
	0.054	0.001575	0.00154375	0.880753	0
	0.055	0.0015	0.00151875	0.882476	0
	0.056	0.001675	0.001425	0.883158	0
	0.057	0.00181875	0.00153125	0.881981	0
	0.058	0.001625	0.00143125	0.886412	0
	0.059	0.001775	0.00155625	0.886049	0
	0.06	0.0015375	0.0015875	0.886873	0
	0.061	0.00155625	0.0014625	0.889722	0
	0.062	0.0015125	0.0015125	0.89044	0
	0.063	0.00151875	0.00156875	0.88973	0
	0.064	0.00155	0.00145625	0.892508	0
	0.065	0.00159375	0.00153125	0.887922	0
	0.066	0.00146875	0.001525	0.885621	0
	0.067	0.00175625	0.0013875	0.887185	0
	0.068	0.0017375	0.0014875	0.886813	0
	0.069	0.00154375	0.0015375	0.885463	0
	0.07	0.00133125	0.00165	0.886188	0
	0.071	0.0015	0.0015375	0.882743	0
	0.072	0.00138125	0.0017375	0.878319	0
	0.073	0.0015875	0.00145625	0.876106	0
	0.074	0.00160625	0.00163125	0.874862	0
	0.075	0.00136875	0.0014125	0.878484	0
	0.076	0.0015125	0.0016125	0.875978	0
	0.077	0.00161875	0.00156875	0.876682	0
	0.078	0.0015625	0.001475	0.876265	0
	0.079	0.00173125	0.00129375	0.876126	0
	0.08	0.001525	0.00145625	0.878822	0
	0.081	0.0015875	0.00165	0.879819	0
	0.082	0.00166875	0.0014	0.878547	0
	0.083	0.00165	0.00159375	0.875995	0
	0.084	0.001425	0.0015	0.877993	0
	0.085	0.0014625	0.00151875	0.877714	0
	0.086	0.0016125	0.00130625	0.873998	0
	0.087	0.001525	0.00144375	0.879769	0
	0.088	0.00149375	0.0013	0.87963	0
	0.089	0.00119375	0.00151875	0.883721	0
	0.09	0.00151875	0.00140625	0.884615	0
	0.091	0.0014125	0.001525	0.88345	0
	0.092	0.001475	0.00149375	0.881871	0
	0.093	0.00155	0.0015375	0.879532	0
	0.094	0.00171875	0.00145	0.876023	0
	0.095	0.00135	0.00148125	0.877934	0
	0.096	0.00133125	0.00145	0.88	0
	0.097	0.00145625	0.001475	0.881037	0
	0.098	0.0013	0.00143125	0.881797	0
	0.099	0.00128125	0.0013625	0.883749	0
	0.1	0.00129375	0.00151875	0.887962	0
	0.101	0.00123125	0.00135625	0.888756	0
	0.102	0.001175	0.001575	0.891827	0
	0.103	0.00133125	0.0014375	0.893848	0
	0.104	0.00124375	0.0012	0.890229	0
	0.105	0.00135	0.00140625	0.88285	0
	0.106	0.0011	0.0012125	0.880435	0
	0.107	0.00124375	0.00148125	0.877724	0
	0.108	0.00125625	0.0015125	0.877278	0
	0.109	0.0010875	0.00155625	0.876063	0
	0.11	0.001025	0.00156875	0.876979	0
	0.111	0.00110625	0.001275	0.874543	0
	0.112	0.0010875	0.001475	0.877451	0
	0.113	0.00114375	0.00134375	0.875921	0
	0.114	0.00094375	0.00126875	0.879012	0
	0.115	0.0011375	0.00134375	0.881041	0
	0.116	0.00104375	0.00155625	0.884328	0
	0.117	0.00101875	0.00135625	0.881694	0
	0.118	0.001	0.0014	0.882647	0
	0.119	0.00099375	0.00145625	0.88125	0
	0.12	0.0010875	0.001225	0.882058	0
	0.121	0.0011	0.00138125	0.879245	0
	0.122	0.00105625	0.00144375	0.878788	0
	0.123	0.0012	0.00143125	0.879747	0
	0.124	0.00105625	0.0014	0.876904	0
	0.125	0.00111875	0.00124375	0.875476	0
	0.126	0.00090625	0.0013875	0.877551	0
	0.127	0.00114375	0.00121875	0.879641	0
	0.128	0.00096875	0.0013	0.878361	0
	0.129	0.00109375	0.00135625	0.877892	0
	0.13	0.001175	0.00126875	0.878866	0
	0.131	0.00103125	0.0014125	0.878396	0
	0.132	0.00108125	0.0013	0.879534	0
	0.133	0.0012125	0.00131875	0.880519	0
	0.134	0.0011125	0.0012625	0.879064	0
	0.135	0.0010125	0.00141875	0.878748	0
	0.136	0.0012625	0.00128125	0.876141	0
	0.137	0.0012	0.001275	0.875979	0
	0.138	0.00119375	0.00149375	0.873203	0
	0.139	0.0009375	0.00144375	0.87287	0
	0.14	0.00101875	0.00129375	0.871391	0
	0.141	0.00105625	0.0013	0.872536	0
	0.142	0.000975	0.0012875	0.871222	0
	0.143	0.0012375	0.00143125	0.870883	0
	0.144	0.000975	0.0013875	0.870542	0
	0.145	0.00125	0.001325	0.869048	0
	0.146	0.00110625	0.00125625	0.87217	0
	0.147	0.0011625	0.00124375	0.872	0
	0.148	0.00121875	0.00135	0.872	0
	0.149	0.00111875	0.00126875	0.871829	0
	0.15	0.0011625	0.0012375	0.868809	0
	0.151	0.0012	0.0012375	0.867292	0
	0.152	0.00105625	0.0012	0.86443	0
	0.153	0.0011125	0.00133125	0.865229	0
	0.154	0.0010875	0.00120625	0.865047	0
	0.155	0.001225	0.0013375	0.867388	0
	0.156	0.0012	0.001375	0.865854	0
	0.157	0.0008875	0.00126875	0.867847	0
	0.158	0.00105625	0.00116875	0.867486	0
	0.159	0.0011875	0.00105625	0.872253	0
	0.16	0.0012	0.00120625	0.873278	0
	0.161	0.001125	0.00121875	0.870523	0
	0.162	0.0010375	0.00126875	0.875173	0
	0.163	0.00105	0.00119375	0.872399	0
	0.164	0.00098125	0.00115625	0.869263	0
	0.165	0.00101875	0.0013125	0.870474	0
	0.166	0.0008875	0.00136875	0.870474	0
	0.167	0.0008	0.0012375	0.871688	0
	0.168	0.0008875	0.001275	0.872727	0
	0.169	0.001	0.00123125	0.875	0
	0.17	0.0008125	0.00103125	0.876231	0
	0.171	0.0008	0.001125	0.877292	0
	0.172	0.00095625	0.001175	0.875882	0
	0.173	0.0008375	0.0012875	0.874294	0
	0.174	0.0008375	0.00123125	0.874116	0
	0.175	0.000725	0.00111875	0.877667	0
	0.176	0.00099375	0.0012375	0.877318	0
	0.177	0.0008375	0.00123125	0.875892	0
	0.178	0.00079375	0.001225	0.879484	0
	0.179	0.00076875	0.00125625	0.879137	0
	0.18	0.00100625	0.00125	0.878788	0
	0.181	0.00085	0.00134375	0.872832	0
	0.182	0.00088125	0.00131875	0.876633	0
	0.183	0.00083125	0.0013125	0.876633	0
	0.184	0.00083125	0.00126875	0.878655	0
	0.185	0.00085625	0.00121875	0.882526	0
	0.186	0.0007625	0.00141875	0.885125	0
	0.187	0.00073125	0.00121875	0.88218	0
	0.188	0.00081875	0.00125625	0.878877	0
	0.189	0.00086875	0.00105	0.872969	0
	0.19	0.0007	0.0011375	0.876855	0
	0.191	0.0008375	0.0013	0.879464	0
	0.192	0.000925	0.00121875	0.880597	0
	0.193	0.00075625	0.001225	0.877612	0
	0.194	0.00086875	0.00116875	0.877429	0
	0.195	0.00081875	0.00110625	0.877246	0
	0.196	0.0008875	0.0011875	0.874251	0
	0.197	0.00075	0.0011	0.872564	0
	0.198	0.00085	0.0012875	0.872564	0
	0.199	0.000725	0.00115	0.872564	0
	0.2	0.00091875	0.00106875	0.872372	0
	0.201	0.0008125	0.00113125	0.875	0
	0.202	0.00080625	0.0011375	0.877458	0
	0.203	0.00085625	0.00120625	0.875946	0
	0.204	0.00085625	0.00106875	0.872534	0
	0.205	0.00093125	0.00105	0.877863	0
	0.206	0.00074375	0.0011375	0.879205	0
	0.207	0.00078125	0.00113125	0.879205	0
	0.208	0.00080625	0.00116875	0.877676	0
	0.209	0.000975	0.00096875	0.87156	0
	0.21	0.00085625	0.00100625	0.871363	0
	0.211	0.0009125	0.00115	0.872699	0
	0.212	0.000875	0.00121875	0.873846	0
	0.213	0.00083125	0.00113125	0.879257	0
	0.214	0.00089375	0.0011125	0.876161	0
	0.215	0.00075	0.00123125	0.877519	0
	0.216	0.0007375	0.0009875	0.875776	0
	0.217	0.00084375	0.00124375	0.875389	0
	0.218	0.0008125	0.00111875	0.872274	0
	0.219	0.00078125	0.0010375	0.872075	0
	0.22	0.000775	0.001225	0.868955	0
	0.221	0.0008375	0.0011125	0.86875	0
	0.222	0.000875	0.00115	0.869906	0
	0.223	0.00070625	0.00108125	0.875394	0
	0.224	0.00075625	0.0011125	0.876777	0
	0.225	0.000725	0.001025	0.878165	0
	0.226	0.0007625	0.00100625	0.877778	0
	0.227	0.00070625	0.0012125	0.879173	0
	0.228	0.00063125	0.0011875	0.88	0
	0.229	0.00074375	0.00116875	0.882825	0
	0.23	0.00068125	0.00105625	0.882825	0
	0.231	0.0006375	0.00104375	0.882825	0
	0.232	0.00074375	0.00116875	0.88122	0
	0.233	0.00076875	0.00094375	0.879615	0
	0.234	0.0007125	0.0012125	0.876404	0
	0.235	0.00070625	0.00121875	0.871589	0
	0.236	0.00059375	0.00109375	0.869775	0
	0.237	0.0006375	0.00095625	0.871176	0
	0.238	0.00061875	0.00115	0.872581	0
	0.239	0.000575	0.00101875	0.876623	0
	0.24	0.0006625	0.001125	0.876623	0
	0.241	0.00066875	0.0009875	0.882353	0
	0.242	0.00065625	0.0011625	0.885246	0
	0.243	0.00071875	0.00115	0.883415	0
	0.244	0.00068125	0.00101875	0.883031	0
	0.245	0.00060625	0.001	0.882645	0
	0.246	0.00073125	0.00108125	0.880795	0
	0.247	0.000575	0.00088125	0.880597	0
	0.248	0.00065625	0.001225	0.880399	0
	0.249	0.00066875	0.00110625	0.883139	0
	0.25	0.00068125	0.00110625	0.883139	0
	0.251	0.0006375	0.0010875	0.879599	0
	0.252	0.00066875	0.0009375	0.882353	0
	0.253	0.00070625	0.00114375	0.880471	0
	0.254	0.0005875	0.0010375	0.875421	0
	0.255	0.0006625	0.00108125	0.873524	0
	0.256	0.00058125	0.00121875	0.871838	0
	0.257	0.00064375	0.00108125	0.871622	0
	0.258	0.00058125	0.00093125	0.876061	0
	0.259	0.00055625	0.00109375	0.87884	0
	0.26	0.00056875	0.00104375	0.877133	0
	0.261	0.0006375	0.0011625	0.877133	0
	0.262	0.00065625	0.00114375	0.878632	0
	0.263	0.0005625	0.00100625	0.875	0
	0.264	0.00063125	0.001	0.875	0
	0.265	0.0006375	0.00114375	0.875	0
	0.266	0.00053125	0.00123125	0.876501	0
	0.267	0.0005875	0.00104375	0.876501	0
	0.268	0.00059375	0.0010375	0.874786	0
	0.269	0.00058125	0.00105625	0.874786	0
	0.27	0.000575	0.0009375	0.876076	0
	0.271	0.00061875	0.0010375	0.878893	0
	0.272	0.0004875	0.00098125	0.875433	0
	0.273	0.0005625	0.0009625	0.875433	0
	0.274	0.00058125	0.0012	0.881533	0
	0.275	0.0005625	0.0009875	0.878049	0
	0.276	0.0005625	0.0009375	0.878049	0
	0.277	0.0005625	0.00106875	0.879581	0
	0.278	0.0006	0.001	0.881119	0
	0.279	0.00066875	0.001025	0.882456	0
	0.28	0.000625	0.0010375	0.887125	0
	0.281	0.0005875	0.00105	0.886926	0
	0.282	0.000575	0.00095625	0.879646	0
	0.283	0.00045625	0.00086875	0.874336	0
	0.284	0.00056875	0.00096875	0.874113	0
	0.285	0.00063125	0.0009625	0.873665	0
	0.286	0.00066875	0.0010375	0.87344	0
	0.287	0.00061875	0.000875	0.876565	0
	0.288	0.00058125	0.00091875	0.877917	0
	0.289	0.000625	0.00095	0.876122	0
	0.29	0.000525	0.00083125	0.875451	0
	0.291	0.0005	0.00101875	0.875451	0
	0.292	0.00059375	0.0010125	0.873646	0
	0.293	0.00053125	0.00099375	0.873646	0
	0.294	0.00050625	0.00085625	0.871841	0
	0.295	0.00064375	0.0011	0.871841	0
	0.296	0.00060625	0.00078125	0.871377	0
	0.297	0.00059375	0.0010375	0.869328	0
	0.298	0.000625	0.00080625	0.869328	0
	0.299	0.00064375	0.00091875	0.869091	0
	0.3	0.0006625	0.00105625	0.868852	0
	0.301	0.00056875	0.00100625	0.865209	0
	0.302	0.00071875	0.0008875	0.863388	0
	0.303	0.0004875	0.00093125	0.864964	0
	0.304	0.000575	0.00101875	0.864964	0
	0.305	0.00065	0.00089375	0.864717	0
	0.306	0.00063125	0.0008625	0.86106	0
	0.307	0.00070625	0.00095625	0.86422	0
	0.308	0.000625	0.00089375	0.87061	0
	0.309	0.00065	0.00096875	0.868762	0
	0.31	0.0004875	0.00095625	0.87037	0
	0.311	0.0006625	0.0009375	0.868519	0
	0.312	0.00065	0.00119375	0.87013	0
	0.313	0.00060625	0.00099375	0.869888	0
	0.314	0.0006375	0.00101875	0.871508	0
	0.315	0.0006	0.00091875	0.872897	0
	0.316	0.0005625	0.0010125	0.872897	0
	0.317	0.00075	0.00095	0.874296	0
	0.318	0.00068125	0.0009125	0.87594	0
	0.319	0.00070625	0.000875	0.87406	0
	0.32	0.00064375	0.000825	0.875472	0
	0.321	0.0007125	0.00100625	0.873585	0
	0.322	0.00051875	0.00105	0.871698	0
	0.323	0.0006125	0.0008625	0.869811	0
	0.324	0.00066875	0.00089375	0.866038	0
	0.325	0.0005625	0.00093125	0.869318	0
	0.326	0.00065	0.00085625	0.86553	0
	0.327	0.000675	0.000775	0.857955	0
	0.328	0.00063125	0.00095	0.859583	0
	0.329	0.0005875	0.00090625	0.861217	0
	0.33	0.00055625	0.00086875	0.857414	0
	0.331	0.00078125	0.000925	0.855238	0
	0.332	0.000575	0.00083125	0.851429	0
	0.333	0.0005125	0.00098125	0.851145	0
	0.334	0.00055625	0.00084375	0.857692	0
	0.335	0.00058125	0.00108125	0.857692	0
	0.336	0.0005875	0.00079375	0.857143	0
	0.337	0.0006875	0.00075625	0.856867	0
	0.338	0.000525	0.00090625	0.852713	0
	0.339	0.000625	0.00083125	0.854086	0
	0.34	0.00058125	0.00085	0.855469	0
	0.341	0.00063125	0.00080625	0.857143	0
	0.342	0.0005625	0.000875	0.858546	0
	0.343	0.00065	0.00085	0.858268	0
	0.344	0.0005	0.00096875	0.859961	0
	0.345	0.00054375	0.00076875	0.863366	0
	0.346	0.00058125	0.00098125	0.861111	0
	0.347	0.00055625	0.0008	0.861111	0
	0.348	0.000675	0.0008625	0.856859	0
	0.349	0.0006	0.00080625	0.856287	0
	0.35	0.00055	0.001	0.856287	0
	0.351	0.0006125	0.00105	0.854	0
	0.352	0.000475	0.00078125	0.85743	0
	0.353	0.000525	0.00084375	0.860887	0
	0.354	0.00059375	0.00090625	0.8583	0
	0.355	0.0006625	0.0009375	0.861789	0
	0.356	0.0005625	0.00098125	0.861789	0
	0.357	0.00053125	0.00094375	0.861507	0
	0.358	0.00048125	0.00068125	0.865031	0
	0.359	0.0006125	0.00091875	0.862986	0
	0.36	0.00061875	0.0009125	0.86653	0
	0.361	0.00060625	0.001	0.866255	0
	0.362	0.000625	0.00091875	0.858025	0
	0.363	0.0006375	0.0008375	0.853909	0
	0.364	0.00056875	0.00084375	0.855372	0
	0.365	0.00055625	0.00080625	0.855372	0
	0.366	0.0006875	0.00094375	0.857143	0
	0.367	0.00060625	0.00085625	0.857143	0
	0.368	0.0005125	0.0007875	0.858921	0
	0.369	0.0005375	0.00093125	0.854772	0
	0.37	0.00060625	0.00076875	0.852697	0
	0.371	0.0006625	0.0006875	0.850312	0
	0.372	0.0005875	0.00085	0.847917	0
	0.373	0.0006125	0.00073125	0.849372	0
	0.374	0.000675	0.0007875	0.852632	0
	0.375	0.0006375	0.00085625	0.852632	0
	0.376	0.0007125	0.00076875	0.852632	0
	0.377	0.00046875	0.00091875	0.848421	0
	0.378	0.00058125	0.0007125	0.849894	0
	0.379	0.00073125	0.00088125	0.849576	0
	0.38	0.00055625	0.000775	0.847134	0
	0.381	0.00061875	0.00076875	0.847134	0
	0.382	0.00063125	0.00076875	0.845011	0
	0.383	0.00055625	0.000925	0.845011	0
	0.384	0.00061875	0.00076875	0.844681	0
	0.385	0.00060625	0.00094375	0.846482	0
	0.386	0.0005	0.000775	0.847966	0
	0.387	0.0005	0.0009375	0.849462	0
	0.388	0.00055625	0.00078125	0.847312	0
	0.389	0.00051875	0.00083125	0.843011	0
	0.39	0.00064375	0.0008375	0.843011	0
	0.391	0.00060625	0.0007375	0.83871	0
	0.392	0.00060625	0.00083125	0.836559	0
	0.393	0.00056875	0.0007	0.838362	0
	0.394	0.00061875	0.00085625	0.839479	0
	0.395	0.0006125	0.00083125	0.839479	0
	0.396	0.0005375	0.000825	0.839479	0
	0.397	0.00066875	0.000825	0.83731	0
	0.398	0.00068125	0.00081875	0.836601	0
	0.399	0.00055	0.00081875	0.840263	0
	0.4	0.0004125	0.00066875	0.843956	0
	0.401	0.00058125	0.0007875	0.843956	0
	0.402	0.00054375	0.00065	0.83956	0
	0.403	0.00056875	0.000625	0.839207	0
	0.404	0.0006	0.00076875	0.837004	0
	0.405	0.000625	0.00070625	0.838496	0
	0.406	0.0005375	0.0007125	0.837778	0
	0.407	0.00049375	0.0008	0.837054	0
	0.408	0.00063125	0.00088125	0.838926	0
	0.409	0.00061875	0.00076875	0.834081	0
	0.41	0.00070625	0.000675	0.827354	0
	0.411	0.0005875	0.0008875	0.824719	0
	0.412	0.000625	0.0008	0.822472	0
	0.413	0.000625	0.00084375	0.819005	0
	0.414	0.00063125	0.0008125	0.81448	0
	0.415	0.00055625	0.00090625	0.809955	0
	0.416	0.00056875	0.00073125	0.809524	0
	0.417	0.0005625	0.0007625	0.813212	0
	0.418	0.000575	0.0007625	0.808656	0
	0.419	0.0005625	0.0007875	0.808219	0
	0.42	0.0005875	0.00083125	0.807339	0
	0.421	0.0005625	0.000775	0.804598	0
	0.422	0.00055	0.0008	0.804598	0
	0.423	0.0007	0.00080625	0.804598	0
	0.424	0.00059375	0.0007875	0.802299	0
	0.425	0.0005	0.00078125	0.802299	0
	0.426	0.00061875	0.0007	0.801843	0
	0.427	0.00055625	0.00075	0.800926	0
	0.428	0.00073125	0.00085625	0.800926	0
	0.429	0.00055	0.00075	0.804651	0
	0.43	0.0007125	0.00064375	0.802326	0
	0.431	0.0006625	0.0006125	0.803738	0
	0.432	0.00065	0.00088125	0.800937	0
	0.433	0.00054375	0.0008125	0.800937	0
	0.434	0.00066875	0.000925	0.802817	0
	0.435	0.000625	0.000725	0.798122	0
	0.436	0.000875	0.00065	0.8	0
	0.437	0.00066875	0.00073125	0.801887	0
	0.438	0.0007375	0.0008375	0.803783	0
	0.439	0.0007375	0.0007	0.805687	0
	0.44	0.00073125	0.00069375	0.811456	0
	0.441	0.0007625	0.000675	0.809069	0
	0.442	0.00064375	0.00071875	0.811005	0
	0.443	0.0007875	0.00066875	0.810096	0
	0.444	0.0007625	0.00061875	0.807692	0
	0.445	0.00078125	0.00061875	0.813559	0
	0.446	0.00084375	0.0008125	0.815534	0
	0.447	0.000725	0.00075625	0.821516	0
	0.448	0.0007	0.00076875	0.821516	0
	0.449	0.0007	0.00066875	0.819071	0
	0.45	0.000775	0.0006875	0.814181	0
	0.451	0.00070625	0.0007625	0.813268	0
	0.452	0.00058125	0.0007625	0.810345	0
	0.453	0.0007375	0.00078125	0.810345	0
	0.454	0.00068125	0.00074375	0.811881	0
	0.455	0.000775	0.00085625	0.811881	0
	0.456	0.00083125	0.00079375	0.811881	0
	0.457	0.0006375	0.00073125	0.81592	0
	0.458	0.00065	0.000675	0.81592	0
	0.459	0.00076875	0.0006	0.813433	0
	0.46	0.00070625	0.0006625	0.812968	0
	0.461	0.0007625	0.0007	0.815	0
	0.462	0.00061875	0.00071875	0.817043	0
	0.463	0.00055625	0.0008	0.821159	0
	0.464	0.00059375	0.00060625	0.822785	0
	0.465	0.00061875	0.000625	0.819797	0
	0.466	0.00064375	0.00069375	0.817259	0
	0.467	0.00055625	0.00075	0.814249	0
	0.468	0.00061875	0.000725	0.811705	0
	0.469	0.00054375	0.0007625	0.811705	0
	0.47	0.00050625	0.0007125	0.80916	0
	0.471	0.00048125	0.00061875	0.806122	0
	0.472	0.0004875	0.00079375	0.805128	0
	0.473	0.0005	0.00058125	0.805128	0
	0.474	0.00055625	0.00065625	0.807198	0
	0.475	0.00046875	0.0007375	0.804124	0
	0.476	0.0004875	0.00069375	0.803618	0
	0.477	0.00056875	0.0007	0.8	0
	0.478	0.00049375	0.00075	0.799479	0
	0.479	0.000475	0.00075	0.798956	0
	0.48	0.0004875	0.000625	0.798429	0
	0.481	0.00053125	0.0008125	0.7979	0
	0.482	0.0004	0.0007625	0.799472	0
	0.483	0.00043125	0.0006125	0.796834	0
	0.484	0.00045	0.0007	0.798408	0
	0.485	0.0005375	0.0006875	0.800532	0
	0.486	0.0005	0.0007375	0.799465	0
	0.487	0.00043125	0.000775	0.803763	0
	0.488	0.00045625	0.000725	0.800539	0
	0.489	0.00041875	0.0007125	0.804348	0
	0.49	0.000525	0.00075	0.808743	0
	0.491	0.00048125	0.0007	0.803279	0
	0.492	0.0005	0.00061875	0.80274	0
	0.493	0.0004375	0.000625	0.804408	0
	0.494	0.0003625	0.000725	0.803867	0
	0.495	0.00051875	0.00074375	0.805556	0
	0.496	0.00050625	0.0007125	0.807799	0
	0.497	0.00053125	0.00069375	0.812325	0
	0.498	0.00048125	0.00065625	0.811798	0
	0.499	0.00044375	0.00059375	0.813559	0
	0.5	0.0005125	0.00068125	0.810734	0
	0.501	0.0004625	0.0006625	0.815341	0
	0.502	0.00056875	0.000625	0.814815	0
	0.503	0.0005625	0.00060625	0.814286	0
	0.504	0.00045	0.00063125	0.813754	0
	0.505	0.0004625	0.000625	0.813754	0
	0.506	0.00045	0.0006	0.816092	0
	0.507	0.0006	0.00076875	0.816092	0
	0.508	0.000525	0.0007	0.820809	0
	0.509	0.000525	0.00069375	0.822674	0
	0.51	0.000525	0.00066875	0.822674	0
	0.511	0.00060625	0.0007625	0.822157	0
	0.512	0.00056875	0.00068125	0.822157	0
	0.513	0.00063125	0.0006375	0.822157	0
	0.514	0.0006	0.00066875	0.822157	0
	0.515	0.0006	0.0006625	0.813411	0
	0.516	0.00061875	0.0006	0.815249	0
	0.517	0.00054375	0.0007125	0.812317	0
	0.518	0.00055	0.00065	0.817109	0
	0.519	0.00046875	0.00066875	0.817109	0
	0.52	0.00058125	0.00073125	0.817109	0
	0.521	0.00053125	0.00063125	0.817109	0
	0.522	0.000575	0.00065625	0.824405	0
	0.523	0.0005625	0.0006125	0.823881	0
	0.524	0.0005125	0.0007	0.823881	0
	0.525	0.00051875	0.00068125	0.81791	0
	0.526	0.00059375	0.00068125	0.817365	0
	0.527	0.00045625	0.0007	0.817365	0
	0.528	0.0004625	0.00061875	0.814371	0
	0.529	0.0005625	0.00063125	0.814371	0
	0.53	0.000575	0.0005875	0.813814	0
	0.531	0.0004125	0.00066875	0.813814	0
	0.532	0.00048125	0.000675	0.813814	0
	0.533	0.0005125	0.000575	0.813814	0
	0.534	0.0006	0.000625	0.813814	0
	0.535	0.0004625	0.000575	0.813253	0
	0.536	0.00051875	0.00063125	0.807229	0
	0.537	0.000425	0.0005875	0.806647	0
	0.538	0.00038125	0.00075	0.813456	0
	0.539	0.0004625	0.0006	0.810398	0
	0.54	0.0004125	0.00074375	0.810398	0
	0.541	0.0004625	0.00061875	0.809816	0
	0.542	0.00035625	0.00068125	0.809816	0
	0.543	0.0004125	0.00070625	0.806748	0
	0.544	0.00040625	0.00060625	0.814241	0
	0.545	0.00046875	0.00071875	0.814241	0
	0.546	0.00044375	0.00061875	0.813665	0
	0.547	0.0004125	0.00068125	0.816199	0
	0.548	0.00036875	0.00065	0.815625	0
	0.549	0.00035	0.0006875	0.825949	0
	0.55	0.00041875	0.00060625	0.83121	0
	0.551	0.00038125	0.0007	0.833866	0
	0.552	0.000375	0.00070625	0.833866	0
	0.553	0.00030625	0.00073125	0.836538	0
	0.554	0.00038125	0.00064375	0.84466	0
	0.555	0.0003125	0.0006875	0.846906	0
	0.556	0.0003375	0.0005	0.846906	0
	0.557	0.000275	0.0006	0.846906	0
	0.558	0.000375	0.0006125	0.852459	0
	0.559	0.00028125	0.00071875	0.852459	0
	0.56	0.00035625	0.00066875	0.852459	0
	0.561	0.00038125	0.00060625	0.851974	0
	0.562	0.0003	0.0006375	0.851485	0
	0.563	0.0003625	0.00059375	0.851485	0
	0.564	0.00029375	0.00056875	0.857143	0
	0.565	0.00033125	0.00053125	0.856667	0
	0.566	0.00038125	0.00059375	0.856187	0
	0.567	0.00034375	0.00064375	0.858586	0
	0.568	0.00029375	0.000575	0.851852	0
	0.569	0.000275	0.000675	0.845118	0
	0.57	0.0003125	0.0005625	0.841216	0
	0.571	0.00025	0.0006375	0.844068	0
	0.572	0.0003	0.00049375	0.840678	0
	0.573	0.00025625	0.0006875	0.840678	0
	0.574	0.00026875	0.0006125	0.843537	0
	0.575	0.00031875	0.0006375	0.843537	0
	0.576	0.00036875	0.0007	0.843537	0
	0.577	0.00031875	0.00054375	0.855172	0
	0.578	0.0003125	0.00065625	0.860627	0
	0.579	0.0002875	0.0006125	0.863636	0
	0.58	0.00031875	0.0004875	0.863158	0
	0.581	0.00035625	0.0005875	0.863158	0
	0.582	0.00024375	0.00059375	0.865724	0
	0.583	0.00038125	0.00069375	0.862191	0
	0.584	0.0003	0.00055	0.862191	0
	0.585	0.000375	0.00061875	0.855124	0
	0.586	0.0003625	0.000625	0.85159	0
	0.587	0.000275	0.000575	0.851064	0
	0.588	0.00035625	0.00070625	0.847518	0
	0.589	0.0003625	0.000525	0.847518	0
	0.59	0.0003625	0.00055	0.836879	0
	0.591	0.00035625	0.00045625	0.836879	0
	0.592	0.0003125	0.00056875	0.833333	0
	0.593	0.0003125	0.00058125	0.83274	0
	0.594	0.00035	0.0006625	0.83274	0
	0.595	0.00029375	0.00053125	0.832143	0
	0.596	0.0004	0.0006625	0.828571	0
	0.597	0.0004125	0.00056875	0.825	0
	0.598	0.00038125	0.00064375	0.825	0
	0.599	0.0003625	0.0006125	0.827957	0
	0.6	0.00034375	0.00061875	0.827957	0
	0.601	0.0004	0.0006125	0.824373	0
	0.602	0.0002875	0.000575	0.820789	0
	0.603	0.00046875	0.000625	0.823741	0
	0.604	0.00039375	0.00059375	0.823105	0
	0.605	0.00040625	0.000625	0.823105	0
	0.606	0.0004	0.0006	0.823105	0
	0.607	0.00036875	0.00065	0.822464	0
	0.608	0.0004	0.00053125	0.821818	0
	0.609	0.0003875	0.00053125	0.824818	0
	0.61	0.0003375	0.0005125	0.821168	0
	0.611	0.0003875	0.0005375	0.813869	0
	0.612	0.00039375	0.000575	0.81685	0
	0.613	0.0004125	0.0005875	0.822878	0
	0.614	0.00039375	0.0006	0.819188	0
	0.615	0.0004375	0.0005375	0.815498	0
	0.616	0.0004625	0.0005875	0.814815	0
	0.617	0.0005125	0.00064375	0.810409	0
	0.618	0.00045625	0.000475	0.810409	0
	0.619	0.000475	0.00054375	0.809701	0
	0.62	0.0004	0.00073125	0.81203	0
	0.621	0.0004125	0.00051875	0.815094	0
	0.622	0.0004	0.00050625	0.815094	0
	0.623	0.00043125	0.00060625	0.818182	0
	0.624	0.00046875	0.00056875	0.814394	0
	0.625	0.00044375	0.0005625	0.810606	0
	0.626	0.00033125	0.0005	0.806818	0
	0.627	0.0004	0.000425	0.806818	0
	0.628	0.00048125	0.00053125	0.812977	0
	0.629	0.000375	0.0006125	0.816092	0
	0.63	0.00036875	0.0004125	0.816092	0
	0.631	0.00040625	0.0005875	0.812261	0
	0.632	0.00035625	0.000575	0.807692	0
	0.633	0.0004125	0.000575	0.807692	0
	0.634	0.0004125	0.0005125	0.807692	0
	0.635	0.00035	0.0004875	0.810078	0
	0.636	0.00038125	0.0004875	0.809339	0
	0.637	0.0003625	0.00059375	0.809339	0
	0.638	0.00035	0.00054375	0.801556	0
	0.639	0.00056875	0.00056875	0.801556	0
	0.64	0.00049375	0.00050625	0.796875	0
	0.641	0.00045625	0.00061875	0.796078	0
	0.642	0.0004625	0.000525	0.792157	0
	0.643	0.00040625	0.0005375	0.794466	0
	0.644	0.00036875	0.000625	0.794466	0
	0.645	0.00045	0.00050625	0.800797	0
	0.646	0.0004125	0.00058125	0.8	0
	0.647	0.000425	0.00051875	0.796	0
	0.648	0.000425	0.0005	0.799197	0
	0.649	0.00044375	0.00066875	0.799197	0
	0.65	0.00043125	0.000525	0.802419	0
	0.651	0.0004875	0.00056875	0.808943	0
	0.652	0.00041875	0.000525	0.812245	0
	0.653	0.0005	0.00045625	0.812245	0
	0.654	0.00040625	0.000525	0.815574	0
	0.655	0.0004125	0.00055625	0.815574	0
	0.656	0.00044375	0.0005625	0.811475	0
	0.657	0.00048125	0.0005	0.806584	0
	0.658	0.00040625	0.00045	0.802469	0
	0.659	0.00045	0.0004875	0.798354	0
	0.66	0.0004375	0.0006875	0.801653	0
	0.661	0.00045625	0.00056875	0.80083	0
	0.662	0.00044375	0.0005125	0.79668	0
	0.663	0.00045	0.000475	0.79668	0
	0.664	0.0004375	0.00041875	0.792531	0
	0.665	0.0004625	0.00048125	0.788382	0
	0.666	0.0003375	0.00048125	0.788382	0
	0.667	0.00044375	0.0004125	0.791667	0
	0.668	0.0003875	0.0004625	0.794118	0
	0.669	0.00050625	0.00056875	0.793249	0
	0.67	0.000475	0.0006	0.79661	0
	0.671	0.0005125	0.0004125	0.79661	0
	0.672	0.00038125	0.0004875	0.8	0
	0.673	0.00046875	0.000525	0.799145	0
	0.674	0.0004	0.00049375	0.799145	0
	0.675	0.00038125	0.00046875	0.793991	0
	0.676	0.00046875	0.00044375	0.793103	0
	0.677	0.00036875	0.00046875	0.795652	0
	0.678	0.00043125	0.00049375	0.79476	0
	0.679	0.00028125	0.00055	0.798246	0
	0.68	0.0004125	0.0005875	0.79386	0
	0.681	0.000325	0.0005125	0.792952	0
	0.682	0.0003875	0.0005625	0.792952	0
	0.683	0.00039375	0.0004625	0.792952	0
	0.684	0.00033125	0.0004875	0.79646	0
	0.685	0.0003875	0.00040625	0.79646	0
	0.686	0.0003125	0.00040625	0.803571	0
	0.687	0.00035	0.00048125	0.799107	0
	0.688	0.0003875	0.000525	0.799107	0
	0.689	0.00039375	0.00043125	0.802691	0
	0.69	0.00026875	0.00036875	0.80543	0
	0.691	0.00033125	0.0005125	0.800905	0
	0.692	0.00034375	0.0005125	0.804545	0
	0.693	0.00031875	0.00038125	0.804545	0
	0.694	0.000275	0.0003875	0.808219	0
	0.695	0.000275	0.000375	0.811927	0
	0.696	0.00026875	0.0004125	0.81106	0
	0.697	0.00026875	0.00046875	0.814815	0
	0.698	0.000225	0.00048125	0.814815	0
	0.699	0.00029375	0.00040625	0.818605	0
	0.7	0.00029375	0.0005875	0.818605	0
	0.701	0.00035625	0.0004875	0.813953	0
	0.702	0.0002625	0.00045625	0.817757	0
	0.703	0.0002125	0.00050625	0.812207	0
	0.704	0.0003625	0.00040625	0.812207	0
	0.705	0.00028125	0.00045625	0.806604	0
	0.706	0.0003	0.000475	0.805687	0
	0.707	0.00030625	0.0004125	0.809524	0
	0.708	0.0002875	0.00046875	0.816425	0
	0.709	0.00034375	0.00044375	0.820388	0
	0.71	0.00040625	0.0005375	0.818627	0
	0.711	0.000275	0.0004125	0.813725	0
	0.712	0.00030625	0.000375	0.813725	0
	0.713	0.000325	0.00051875	0.807882	0
	0.714	0.0003125	0.000475	0.802956	0
	0.715	0.00036875	0.00038125	0.80597	0
	0.716	0.00030625	0.00044375	0.81	0
	0.717	0.000325	0.000375	0.81	0
	0.718	0.000375	0.0003625	0.81	0
	0.719	0.00035	0.00035625	0.81	0
	0.72	0.0003	0.0004625	0.81407	0
	0.721	0.00026875	0.00034375	0.81407	0
	0.722	0.00031875	0.000375	0.818182	0
	0.723	0.00029375	0.00039375	0.813131	0
	0.724	0.00036875	0.00038125	0.817259	0
	0.725	0.0003375	0.00035	0.817259	0
	0.726	0.00031875	0.00030625	0.812183	0
	0.727	0.000375	0.0003625	0.807107	0
	0.728	0.0002625	0.0003875	0.807107	0
	0.729	0.00034375	0.0004625	0.811224	0
	0.73	0.000425	0.000325	0.805128	0
	0.731	0.0004625	0.00041875	0.8	0
	0.732	0.000375	0.000425	0.794872	0
	0.733	0.00033125	0.00050625	0.789744	0
	0.734	0.00041875	0.000375	0.793814	0
	0.735	0.000375	0.00040625	0.797927	0
	0.736	0.0003375	0.00036875	0.792746	0
	0.737	0.0004125	0.000375	0.796875	0
	0.738	0.0003875	0.000325	0.796875	0
	0.739	0.00040625	0.00035625	0.801047	0
	0.74	0.00041875	0.00035	0.795812	0
	0.741	0.0004375	0.00026875	0.790576	0
	0.742	0.000325	0.0003625	0.780105	0
	0.743	0.00040625	0.00039375	0.780105	0
	0.744	0.00031875	0.00035625	0.784211	0
	0.745	0.0004	0.0002875	0.784211	0
	0.746	0.00033125	0.00036875	0.784211	0
	0.747	0.00046875	0.00036875	0.783069	0
	0.748	0.00035	0.0003125	0.783069	0
	0.749	0.0003875	0.000425	0.781915	0
	0.75	0.00035625	0.00034375	0.781915	0
	0.751	0.0004625	0.000375	0.790323	0
	0.752	0.00035	0.0003	0.790323	0
	0.753	0.00030625	0.000375	0.798913	0
	0.754	0.00039375	0.00034375	0.798913	0
	0.755	0.00034375	0.00029375	0.803279	0
	0.756	0.000275	0.00034375	0.807692	0
	0.757	0.0002875	0.00026875	0.807692	0
	0.758	0.0003375	0.00030625	0.807692	0
	0.759	0.00028125	0.000325	0.812155	0
	0.76	0.000325	0.00039375	0.80663	0
	0.761	0.00043125	0.00035625	0.801105	0
	0.762	0.0002625	0.00036875	0.8	0
	0.763	0.00035	0.0004125	0.8	0
	0.764	0.00030625	0.000325	0.8	0
	0.765	0.0002625	0.00033125	0.804469	0
	0.766	0.00029375	0.00029375	0.804469	0
	0.767	0.00034375	0.0003125	0.792135	0
	0.768	0.00033125	0.00034375	0.786517	0
	0.769	0.00034375	0.00034375	0.795455	0
	0.77	0.0003125	0.000325	0.798851	0
	0.771	0.000325	0.0003375	0.796512	0
	0.772	0.00028125	0.00034375	0.790698	0
	0.773	0.0003	0.000325	0.773256	0
	0.774	0.000275	0.0002875	0.777778	0
	0.775	0.00026875	0.00034375	0.786982	0
	0.776	0.00025625	0.00040625	0.786982	0
	0.777	0.0003	0.00036875	0.786982	0
	0.778	0.00020625	0.00029375	0.790419	0
	0.779	0.000225	0.0002625	0.790419	0
	0.78	0.0003	0.00023125	0.790419	0
	0.781	0.00020625	0.000225	0.790419	0
	0.782	0.0003	0.00033125	0.795181	0
	0.783	0.00025	0.000375	0.793939	0
	0.784	0.0002375	0.0002625	0.787879	0
	0.785	0.00030625	0.0002625	0.781818	0
	0.786	0.00030625	0.00025625	0.769697	0
	0.787	0.00029375	0.0002375	0.779141	0
	0.788	0.0002125	0.000275	0.773006	0
	0.789	0.0002875	0.00025625	0.766871	0
	0.79	0.00031875	0.0002625	0.770186	0
	0.791	0.00039375	0.0003125	0.770186	0
	0.792	0.00029375	0.0003125	0.773585	0
	0.793	0.0003375	0.0002875	0.773585	0
	0.794	0.00036875	0.00023125	0.773585	0
	0.795	0.0003125	0.0003	0.778481	0
	0.796	0.00026875	0.00018125	0.783439	0
	0.797	0.0003375	0.0002625	0.793548	0
	0.798	0.00030625	0.0003375	0.798701	0
	0.799	0.00039375	0.000225	0.798701	0
	0.8	0.0003875	0.0002125	0.803922	0
	0.801	0.00038125	0.00024375	0.809211	0
	0.802	0.00035625	0.00025	0.809211	0
	0.803	0.0004	0.0002	0.809211	0
	0.804	0.000425	0.00035625	0.802632	0
	0.805	0.00045	0.00029375	0.789474	0
	0.806	0.000375	0.0002625	0.788079	0
	0.807	0.00043125	0.00020625	0.78	0
	0.808	0.0004	0.0002375	0.785235	0
	0.809	0.00043125	0.0003	0.785235	0
	0.81	0.0004125	0.000225	0.771812	0
	0.811	0.00030625	0.00019375	0.771812	0
	0.812	0.000425	0.000275	0.771812	0
	0.813	0.000425	0.00015	0.777027	0
	0.814	0.00031875	0.0003	0.77027	0
	0.815	0.00044375	0.000225	0.77027	0
	0.816	0.00040625	0.00026875	0.768707	0
	0.817	0.00043125	0.0002625	0.761905	0
	0.818	0.00038125	0.0002625	0.755102	0
	0.819	0.00038125	0.0002375	0.741497	0
	0.82	0.00030625	0.00028125	0.741497	0
	0.821	0.0004125	0.00030625	0.741497	0
	0.822	0.0003875	0.00015625	0.741497	0
	0.823	0.00038125	0.00025625	0.741497	0
	0.824	0.00041875	0.000225	0.739726	0
	0.825	0.00035	0.00024375	0.732877	0
	0.826	0.00024375	0.000225	0.737931	0
	0.827	0.00035625	0.0002125	0.743056	0
	0.828	0.00025	0.000275	0.743056	0
	0.829	0.0003375	0.0002375	0.743056	0
	0.83	0.0003375	0.0002375	0.743056	0
	0.831	0.000375	0.00025	0.748252	0
	0.832	0.000375	0.00015	0.753521	0
	0.833	0.000325	0.00021875	0.758865	0
	0.834	0.000325	0.0002375	0.768116	0
	0.835	0.00025625	0.00019375	0.773723	0
	0.836	0.00025625	0.000275	0.779412	0
	0.837	0.0003625	0.0002	0.772059	0
	0.838	0.00029375	0.00019375	0.762963	0
	0.839	0.00036875	0.0002125	0.762963	0
	0.84	0.0002875	0.00021875	0.755556	0
	0.841	0.00026875	0.000225	0.748148	0
	0.842	0.00025625	0.000175	0.748148	0
	0.843	0.00035625	0.00013125	0.748148	0
	0.844	0.00026875	0.00026875	0.753731	0
	0.845	0.0004125	0.00015625	0.738806	0
	0.846	0.00031875	0.00024375	0.742424	0
	0.847	0.00040625	0.0001625	0.753846	0
	0.848	0.0003625	0.000175	0.75	0
	0.849	0.000175	0.00024375	0.734375	0
	0.85	0.0003375	0.00018125	0.734375	0
	0.851	0.0003625	0.0002875	0.752	0
	0.852	0.00023125	0.00023125	0.752	0
	0.853	0.0002875	0.0001625	0.75	0
	0.854	0.0002375	0.00018125	0.747967	0
	0.855	0.00034375	0.000225	0.739837	0
	0.856	0.00026875	0.00023125	0.731707	0
	0.857	0.00038125	0.00018125	0.723577	0
	0.858	0.0002625	0.0002	0.729508	0
	0.859	0.0003375	0.00023125	0.721311	0
	0.86	0.00029375	0.00015	0.721311	0
	0.861	0.0003375	0.0001875	0.727273	0
	0.862	0.00023125	0.000175	0.710744	0
	0.863	0.00031875	0.0001875	0.702479	0
	0.864	0.00035625	0.0001875	0.702479	0
	0.865	0.00035	0.0002	0.702479	0
	0.866	0.000375	0.00020625	0.7	0
	0.867	0.00035	0.00015625	0.683333	0
	0.868	0.00039375	0.00015	0.694915	0
	0.869	0.00040625	0.00019375	0.700855	0
	0.87	0.0004125	0.0001375	0.700855	0
	0.871	0.0005	0.000125	0.713043	0
	0.872	0.00043125	0.0001875	0.716814	0
	0.873	0.00044375	0.00020625	0.716814	0
	0.874	0.000375	0.000175	0.723214	0
	0.875	0.00045625	8.75e-05	0.723214	0
	0.876	0.00043125	0.0001875	0.723214	0
	0.877	0.00034375	0.00013125	0.72973	0
	0.878	0.00045625	0.0001875	0.72973	0
	0.879	0.00045625	0.00011875	0.720721	0
	0.88	0.000475	0.00011875	0.718182	0
	0.881	0.0004875	0.0001625	0.709091	0
	0.882	0.00045625	0.00015625	0.715596	0
	0.883	0.0004875	0.00013125	0.715596	0
	0.884	0.00050625	0.00015	0.715596	0
	0.885	0.00044375	0.00019375	0.703704	0
	0.886	0.00049375	0.00019375	0.703704	0
	0.887	0.00049375	0.00013125	0.707547	0
	0.888	0.00041875	0.00014375	0.698113	0
	0.889	0.0003	0.00015	0.688679	0
	0.89	0.0004375	0.00013125	0.695238	0
	0.891	0.000475	0.00013125	0.685714	0
	0.892	0.00045625	0.00015	0.67619	0
	0.893	0.0004	0.000125	0.67619	0
	0.894	0.00035	6.875e-05	0.666667	0
	0.895	0.00041875	0.00014375	0.673077	0
	0.896	0.00044375	0.0001375	0.663462	0
	0.897	0.00039375	5.625e-05	0.669903	0
	0.898	0.00030625	0.00013125	0.666667	0
	0.899	0.000325	8.75e-05	0.666667	0
	0.9	0.00033125	0.000125	0.653465	0
	0.901	0.000375	0.000125	0.66	0
	0.902	0.00031875	0.0001125	0.677083	0
	0.903	0.00035	0.00010625	0.677083	0
	0.904	0.00033125	0.000125	0.666667	0
	0.905	0.0003625	0.0001375	0.65625	0
	0.906	0.00040625	7.5e-05	0.652632	0
	0.907	0.0003875	0.0001	0.659574	0
	0.908	0.0003625	0.00015	0.67033	0
	0.909	0.00029375	6.875e-05	0.674157	0
	0.91	0.0003375	6.25e-05	0.674157	0
	0.911	0.00034375	0.0001125	0.681818	0
	0.912	0.0004875	0.00011875	0.689655	0
	0.913	0.00039375	0.00010625	0.714286	0
	0.914	0.00040625	0.00014375	0.690476	0
	0.915	0.00034375	7.5e-05	0.690476	0
	0.916	0.0003875	0.0001	0.686747	0
	0.917	0.00041875	9.375e-05	0.695122	0
	0.918	0.00039375	9.375e-05	0.695122	0
	0.919	0.00039375	6.875e-05	0.691358	0
	0.92	0.00041875	6.875e-05	0.691358	0
	0.921	0.00045625	6.875e-05	0.691358	0
	0.922	0.00039375	0.0001	0.691358	0
	0.923	0.00045	4.375e-05	0.691358	0
	0.924	0.00039375	0.0001	0.675	0
	0.925	0.00041875	4.375e-05	0.679487	0
	0.926	0.000325	8.125e-05	0.688312	0
	0.927	0.0004	0.00011875	0.688312	0
	0.928	0.0005375	6.25e-05	0.684211	0
	0.929	0.00043125	6.25e-05	0.684211	0
	0.93	0.00040625	8.125e-05	0.68	0
	0.931	0.00040625	8.125e-05	0.666667	0
	0.932	0.00040625	3.125e-05	0.671233	0
	0.933	0.0003625	5e-05	0.671233	0
	0.934	0.00035625	3.125e-05	0.671233	0
	0.935	0.00041875	8.75e-05	0.671233	0
	0.936	0.00039375	6.875e-05	0.690141	0
	0.937	0.00048125	8.125e-05	0.676056	0
	0.938	0.00048125	7.5e-05	0.628571	0
	0.939	0.00031875	7.5e-05	0.637681	0
	0.94	0.00040625	4.375e-05	0.647059	0
	0.941	0.00028125	6.875e-05	0.656716	0
	0.942	0.00038125	6.25e-05	0.656716	0
	0.943	0.00035625	5e-05	0.676923	0
	0.944	0.0003875	6.25e-05	0.661538	0
	0.945	0.0003875	3.75e-05	0.671875	0
	0.946	0.00036875	6.875e-05	0.68254	0
	0.947	0.0003375	5.625e-05	0.68254	0
	0.948	0.0004	5e-05	0.688525	0
	0.949	0.0003375	4.375e-05	0.7	0
	0.95	0.00035625	5e-05	0.711864	0
	0.951	0.00035625	7.5e-05	0.661017	0
	0.952	0.00035625	7.5e-05	0.655172	0
	0.953	0.0003625	3.75e-05	0.666667	0
	0.954	0.00035625	3.125e-05	0.678571	0
	0.955	0.00028125	4.375e-05	0.678571	0
	0.956	0.00029375	2.5e-05	0.672727	0
	0.957	0.0002625	6.25e-05	0.654545	0
	0.958	0.00031875	3.75e-05	0.654545	0
	0.959	0.00039375	1.875e-05	0.654545	0
	0.96	0.00035625	3.125e-05	0.636364	0
	0.961	0.000375	2.5e-05	0.648148	0
	0.962	0.0003625	5e-05	0.641509	0
	0.963	0.000375	3.75e-05	0.666667	0
	0.964	0.0002375	1.25e-05	0.666667	0
	0.965	0.0003125	2.5e-05	0.666667	0
	0.966	0.00028125	1.25e-05	0.66	0
	0.967	0.0004875	3.75e-05	0.66	0
	0.968	0.0004375	1.875e-05	0.6875	0
	0.969	0.00043125	3.125e-05	0.6875	0
	0.97	0.0004	1.25e-05	0.6875	0
	0.971	0.0004	2.5e-05	0.702128	0
	0.972	0.0003875	3.125e-05	0.673913	0
	0.973	0.000375	3.125e-05	0.704545	0
	0.974	0.0003375	1.25e-05	0.704545	0
	0.975	0.0003125	2.5e-05	0.704545	0
	0.976	0.0002375	3.75e-05	0.704545	0
	0.977	0.00024375	3.125e-05	0.738095	0
	0.978	0.00024375	1.875e-05	0.714286	0
	0.979	0.0003	0	0.714286	0
	0.98	0.0003375	1.875e-05	0.769231	0
	0.981	0.000175	6.25e-06	0.783784	0
	0.982	0.00026875	1.25e-05	0.72973	0
	0.983	0.0002625	3.125e-05	0.675676	0
	0.984	0.00030625	3.75e-05	0.611111	0
	0.985	0.000375	6.25e-06	0.583333	0
	0.986	0.00039375	4.375e-05	0.527778	0
	0.987	0.0005875	2.5e-05	0.5	0
	0.988	0.00071875	1.25e-05	0.485714	0
	0.989	0.000875	1.25e-05	0.411765	0
	0.99	0.0010875	6.25e-06	0.40625	0
	0.991	0.00120625	1.875e-05	0.375	0
	0.992	0.00120625	6.25e-06	0.3125	0
	0.993	0.0012375	6.25e-06	0.3125	0
	0.994	0.00134375	6.25e-06	0.290323	0
	0.995	0.00128125	1.25e-05	0.3	0
	0.996	0.00111875	1.875e-05	0.285714	0
	0.997	0.00123125	6.25e-06	0.285714	0
	0.998	0.001025	1.25e-05	0.28	0
	0.999	0.00103125	1.25e-05	0.333333	0
	1	0.00465	6.25e-06	0.285714	0


#	yrange	sparsity	# links	zeta	support at cross	fraction FP
	0	0.30875	494	0.00101213	0.9	0.106166
	0.3	0.30875	494	0.00101213	0.9	0.106166
