#	Frequencies and overlap
#	bins	MYC	shuffle	overlap_MYC	overlap_shuffle
	0	0.423237	0.432431	0.898566	0
	0.001	0	0	0.898566	0
	0.002	0	0	0.898566	0
	0.003	0	0	0.898566	0
	0.004	0	0	0.898566	0
	0.005	0	0	0.898566	0
	0.006	0	0	0.898566	0
	0.007	0	0	0.898566	0
	0.008	0	0	0.898566	0
	0.009	0	0	0.898566	0
	0.01	0	0	0.898566	0
	0.011	0	0	0.898566	0
	0.012	0	0	0.898566	0
	0.013	0	0	0.898566	0
	0.014	0	0	0.898566	0
	0.015	0	0	0.898566	0
	0.016	0	0	0.898566	0
	0.017	0	0	0.898566	0
	0.018	0	0	0.898566	0
	0.019	0	0	0.898566	0
	0.02	0	0	0.898566	0
	0.021	0	0	0.898566	0
	0.022	0	0	0.898566	0
	0.023	0	0	0.898566	0
	0.024	0	0	0.898566	0
	0.025	0	0	0.898566	0
	0.026	0	0	0.898566	0
	0.027	0	0	0.898566	0
	0.028	0	0	0.898566	0
	0.029	0	0	0.898566	0
	0.03	0	0	0.898566	0
	0.031	0	0	0.898566	0
	0.032	0	0	0.898566	0
	0.033	0	0	0.898566	0
	0.034	0	0	0.898566	0
	0.035	0	0	0.898566	0
	0.036	0	0	0.898566	0
	0.037	0	0	0.898566	0
	0.038	0	0	0.898566	0
	0.039	0	0	0.898566	0
	0.04	0	0	0.898566	0
	0.041	0	0	0.898566	0
	0.042	0	0	0.898566	0
	0.043	0	0	0.898566	0
	0.044	0	0	0.898566	0
	0.045	0	0	0.898566	0
	0.046	0	0	0.898566	0
	0.047	0	0	0.898566	0
	0.048	0	0	0.898566	0
	0.049	0	0	0.898566	0
	0.05	0	0	0.898566	0
	0.051	0	0	0.898566	0
	0.052	0	0	0.898566	0
	0.053	0	0	0.898566	0
	0.054	0	0	0.898566	0
	0.055	0	0	0.898566	0
	0.056	0	0	0.898566	0
	0.057	0	0	0.898566	0
	0.058	0	0	0.898566	0
	0.059	0	0	0.898566	0
	0.06	0	0	0.898566	0
	0.061	0	0	0.898566	0
	0.062	0	0	0.898566	0
	0.063	0	0	0.898566	0
	0.064	0	0	0.898566	0
	0.065	0	0	0.898566	0
	0.066	0	0	0.898566	0
	0.067	0	0	0.898566	0
	0.068	0	0	0.898566	0
	0.069	0	0	0.898566	0
	0.07	0	0	0.898566	0
	0.071	0	0	0.898566	0
	0.072	0	0	0.898566	0
	0.073	0	0	0.898566	0
	0.074	0	0	0.898566	0
	0.075	0	0	0.898566	0
	0.076	0	0	0.898566	0
	0.077	0	0	0.898566	0
	0.078	0	0	0.898566	0
	0.079	0	0	0.898566	0
	0.08	0	0	0.898566	0
	0.081	0	0	0.898566	0
	0.082	0	0	0.898566	0
	0.083	0	0	0.898566	0
	0.084	0	0	0.898566	0
	0.085	0	0	0.898566	0
	0.086	0	0	0.898566	0
	0.087	0	0	0.898566	0
	0.088	0	0	0.898566	0
	0.089	0	0	0.898566	0
	0.09	0	0	0.898566	0
	0.091	0	0	0.898566	0
	0.092	0	0	0.898566	0
	0.093	0	0	0.898566	0
	0.094	0	0	0.898566	0
	0.095	0	0	0.898566	0
	0.096	0	0	0.898566	0
	0.097	0	0	0.898566	0
	0.098	0	0	0.898566	0
	0.099	0	0	0.898566	0
	0.1	0	0	0.898566	0
	0.101	0	0	0.898566	0
	0.102	0	0	0.898566	0
	0.103	0	0	0.898566	0
	0.104	0	0	0.898566	0
	0.105	0	0	0.898566	0
	0.106	0	0	0.898566	0
	0.107	0	0	0.898566	0
	0.108	0	0	0.898566	0
	0.109	0	0	0.898566	0
	0.11	0	0	0.898566	0
	0.111	0	0	0.898566	0
	0.112	0	0	0.898566	0
	0.113	0	0	0.898566	0
	0.114	0	0	0.898566	0
	0.115	0	0	0.898566	0
	0.116	0	0	0.898566	0
	0.117	0	0	0.898566	0
	0.118	0	0	0.898566	0
	0.119	0	0	0.898566	0
	0.12	0	0	0.898566	0
	0.121	0	0	0.898566	0
	0.122	0	0	0.898566	0
	0.123	0	0	0.898566	0
	0.124	0	0	0.898566	0
	0.125	0	0	0.898566	0
	0.126	0	0	0.898566	0
	0.127	0	0	0.898566	0
	0.128	0	0	0.898566	0
	0.129	0	0	0.898566	0
	0.13	0	0	0.898566	0
	0.131	0	0	0.898566	0
	0.132	0	0	0.898566	0
	0.133	0	0	0.898566	0
	0.134	0	0	0.898566	0
	0.135	0	0	0.898566	0
	0.136	0	0	0.898566	0
	0.137	0	0	0.898566	0
	0.138	0	0	0.898566	0
	0.139	0	0	0.898566	0
	0.14	0	0	0.898566	0
	0.141	0	0	0.898566	0
	0.142	0	0	0.898566	0
	0.143	0	0	0.898566	0
	0.144	0	0	0.898566	0
	0.145	0	0	0.898566	0
	0.146	0	0	0.898566	0
	0.147	0	0	0.898566	0
	0.148	0	0	0.898566	0
	0.149	0	0	0.898566	0
	0.15	0	0	0.898566	0
	0.151	0	0	0.898566	0
	0.152	0	0	0.898566	0
	0.153	0	0	0.898566	0
	0.154	0	0	0.898566	0
	0.155	0	0	0.898566	0
	0.156	0	0	0.898566	0
	0.157	0	0	0.898566	0
	0.158	0	0	0.898566	0
	0.159	0	0	0.898566	0
	0.16	0	0	0.898566	0
	0.161	0	0	0.898566	0
	0.162	0	0	0.898566	0
	0.163	0	0	0.898566	0
	0.164	0	0	0.898566	0
	0.165	0	0	0.898566	0
	0.166	0	0	0.898566	0
	0.167	0	0	0.898566	0
	0.168	0	0	0.898566	0
	0.169	0	0	0.898566	0
	0.17	0	0	0.898566	0
	0.171	0	0	0.898566	0
	0.172	0	0	0.898566	0
	0.173	0	0	0.898566	0
	0.174	0	0	0.898566	0
	0.175	0	0	0.898566	0
	0.176	0	0	0.898566	0
	0.177	0	0	0.898566	0
	0.178	0	0	0.898566	0
	0.179	0	0	0.898566	0
	0.18	0	0	0.898566	0
	0.181	0	0	0.898566	0
	0.182	0	0	0.898566	0
	0.183	0	0	0.898566	0
	0.184	0	0	0.898566	0
	0.185	0	0	0.898566	0
	0.186	0	0	0.898566	0
	0.187	0	0	0.898566	0
	0.188	0	0	0.898566	0
	0.189	0	0	0.898566	0
	0.19	0	0	0.898566	0
	0.191	0	0	0.898566	0
	0.192	0	0	0.898566	0
	0.193	0	0	0.898566	0
	0.194	0	0	0.898566	0
	0.195	0	0	0.898566	0
	0.196	0	0	0.898566	0
	0.197	0	0	0.898566	0
	0.198	0	0	0.898566	0
	0.199	0	0	0.898566	0
	0.2	0	0	0.898566	0
	0.201	0	0	0.898566	0
	0.202	0	0	0.898566	0
	0.203	0	0	0.898566	0
	0.204	0	0	0.898566	0
	0.205	0	0	0.898566	0
	0.206	0	0	0.898566	0
	0.207	0	0	0.898566	0
	0.208	0	0	0.898566	0
	0.209	0	0	0.898566	0
	0.21	0	0	0.898566	0
	0.211	0	0	0.898566	0
	0.212	0	0	0.898566	0
	0.213	0	0	0.898566	0
	0.214	0	0	0.898566	0
	0.215	0	0	0.898566	0
	0.216	0	0	0.898566	0
	0.217	0	0	0.898566	0
	0.218	0	0	0.898566	0
	0.219	0	0	0.898566	0
	0.22	0	0	0.898566	0
	0.221	0	0	0.898566	0
	0.222	0	0	0.898566	0
	0.223	0	0	0.898566	0
	0.224	0	0	0.898566	0
	0.225	0	0	0.898566	0
	0.226	0	0	0.898566	0
	0.227	0	0	0.898566	0
	0.228	0	0	0.898566	0
	0.229	0	0	0.898566	0
	0.23	0	0	0.898566	0
	0.231	0	0	0.898566	0
	0.232	0	0	0.898566	0
	0.233	0	0	0.898566	0
	0.234	0	0	0.898566	0
	0.235	0	0	0.898566	0
	0.236	0	0	0.898566	0
	0.237	0	0	0.898566	0
	0.238	0	0	0.898566	0
	0.239	0	0	0.898566	0
	0.24	0	0	0.898566	0
	0.241	0	0	0.898566	0
	0.242	0	0	0.898566	0
	0.243	0	0	0.898566	0
	0.244	0	0	0.898566	0
	0.245	0	0	0.898566	0
	0.246	0	0	0.898566	0
	0.247	0	0	0.898566	0
	0.248	0	0	0.898566	0
	0.249	0	0	0.898566	0
	0.25	0	0	0.898566	0
	0.251	0	0	0.898566	0
	0.252	0	0	0.898566	0
	0.253	0	0	0.898566	0
	0.254	0	0	0.898566	0
	0.255	0	0	0.898566	0
	0.256	0	0	0.898566	0
	0.257	0	0	0.898566	0
	0.258	0	0	0.898566	0
	0.259	0	0	0.898566	0
	0.26	0	0	0.898566	0
	0.261	0	0	0.898566	0
	0.262	0	0	0.898566	0
	0.263	0	0	0.898566	0
	0.264	0	0	0.898566	0
	0.265	0	0	0.898566	0
	0.266	0	0	0.898566	0
	0.267	0	0	0.898566	0
	0.268	0	0	0.898566	0
	0.269	0	0	0.898566	0
	0.27	0	0	0.898566	0
	0.271	0	0	0.898566	0
	0.272	0	0	0.898566	0
	0.273	0	0	0.898566	0
	0.274	0	0	0.898566	0
	0.275	0	0	0.898566	0
	0.276	0	0	0.898566	0
	0.277	0	0	0.898566	0
	0.278	0	0	0.898566	0
	0.279	0	0	0.898566	0
	0.28	0	0	0.898566	0
	0.281	0	0	0.898566	0
	0.282	0	0	0.898566	0
	0.283	0	0	0.898566	0
	0.284	0	0	0.898566	0
	0.285	0	0	0.898566	0
	0.286	0	0	0.898566	0
	0.287	0	0	0.898566	0
	0.288	0	0	0.898566	0
	0.289	0	0	0.898566	0
	0.29	0	0	0.898566	0
	0.291	0	0	0.898566	0
	0.292	0	0	0.898566	0
	0.293	0	0	0.898566	0
	0.294	0	0	0.898566	0
	0.295	0	0	0.898566	0
	0.296	0	0	0.898566	0
	0.297	0	0	0.898566	0
	0.298	0	0	0.898566	0
	0.299	0	0	0.898566	0
	0.3	0	0	0.898566	0
	0.301	0	0	0.898566	0
	0.302	0	0	0.898566	0
	0.303	0	0	0.898566	0
	0.304	0	0	0.898566	0
	0.305	0	0	0.898566	0
	0.306	0	0	0.898566	0
	0.307	0	0	0.898566	0
	0.308	0	0	0.898566	0
	0.309	0	0	0.898566	0
	0.31	0	0	0.898566	0
	0.311	0	0	0.898566	0
	0.312	0	0	0.898566	0
	0.313	0	0	0.898566	0
	0.314	0	0	0.898566	0
	0.315	0	0	0.898566	0
	0.316	0	0	0.898566	0
	0.317	0	0	0.898566	0
	0.318	0	0	0.898566	0
	0.319	0	0	0.898566	0
	0.32	0	0	0.898566	0
	0.321	0	0	0.898566	0
	0.322	0	0	0.898566	0
	0.323	0	0	0.898566	0
	0.324	0	0	0.898566	0
	0.325	0	0	0.898566	0
	0.326	0	0	0.898566	0
	0.327	0	0	0.898566	0
	0.328	0	0	0.898566	0
	0.329	0	0	0.898566	0
	0.33	0	0	0.898566	0
	0.331	0	0	0.898566	0
	0.332	0	0	0.898566	0
	0.333	0	0	0.898566	0
	0.334	0	0	0.898566	0
	0.335	0	0	0.898566	0
	0.336	0	0	0.898566	0
	0.337	0	0	0.898566	0
	0.338	0	0	0.898566	0
	0.339	0	0	0.898566	0
	0.34	0	0	0.898566	0
	0.341	0	0	0.898566	0
	0.342	0	0	0.898566	0
	0.343	0	0	0.898566	0
	0.344	0	0	0.898566	0
	0.345	0	0	0.898566	0
	0.346	0	0	0.898566	0
	0.347	0	0	0.898566	0
	0.348	0	0	0.898566	0
	0.349	0	0	0.898566	0
	0.35	0	0	0.898566	0
	0.351	0	0	0.898566	0
	0.352	0	0	0.898566	0
	0.353	0	0	0.898566	0
	0.354	0	0	0.898566	0
	0.355	0	0	0.898566	0
	0.356	0	0	0.898566	0
	0.357	0	0	0.898566	0
	0.358	0	0	0.898566	0
	0.359	0	0	0.898566	0
	0.36	0	0	0.898566	0
	0.361	0	0	0.898566	0
	0.362	0	0	0.898566	0
	0.363	0	0	0.898566	0
	0.364	0	0	0.898566	0
	0.365	0	0	0.898566	0
	0.366	0	0	0.898566	0
	0.367	0	0	0.898566	0
	0.368	0	0	0.898566	0
	0.369	0	0	0.898566	0
	0.37	0	0	0.898566	0
	0.371	0	0	0.898566	0
	0.372	0	0	0.898566	0
	0.373	0	0	0.898566	0
	0.374	0	0	0.898566	0
	0.375	0	0	0.898566	0
	0.376	0	0	0.898566	0
	0.377	0	0	0.898566	0
	0.378	0	0	0.898566	0
	0.379	0	0	0.898566	0
	0.38	0	0	0.898566	0
	0.381	0	0	0.898566	0
	0.382	0	0	0.898566	0
	0.383	0	0	0.898566	0
	0.384	0	0	0.898566	0
	0.385	0	0	0.898566	0
	0.386	0	0	0.898566	0
	0.387	0	0	0.898566	0
	0.388	0	0	0.898566	0
	0.389	0	0	0.898566	0
	0.39	0	0	0.898566	0
	0.391	0	0	0.898566	0
	0.392	0	0	0.898566	0
	0.393	0	0	0.898566	0
	0.394	0	0	0.898566	0
	0.395	0	0	0.898566	0
	0.396	0	0	0.898566	0
	0.397	0	0	0.898566	0
	0.398	0	0	0.898566	0
	0.399	0	0	0.898566	0
	0.4	0	0	0.898566	0
	0.401	0	0	0.898566	0
	0.402	0	0	0.898566	0
	0.403	0	0	0.898566	0
	0.404	0	0	0.898566	0
	0.405	0	0	0.898566	0
	0.406	0	0	0.898566	0
	0.407	0	0	0.898566	0
	0.408	0	0	0.898566	0
	0.409	0	0	0.898566	0
	0.41	0	0	0.898566	0
	0.411	0	0	0.898566	0
	0.412	0	0	0.898566	0
	0.413	0	0	0.898566	0
	0.414	0	0	0.898566	0
	0.415	0	0	0.898566	0
	0.416	0	0	0.898566	0
	0.417	0	0	0.898566	0
	0.418	0	0	0.898566	0
	0.419	0	0	0.898566	0
	0.42	0	0	0.898566	0
	0.421	0	0	0.898566	0
	0.422	0	0	0.898566	0
	0.423	0	0	0.898566	0
	0.424	0	0	0.898566	0
	0.425	0	0	0.898566	0
	0.426	0	0	0.898566	0
	0.427	0	0	0.898566	0
	0.428	0	0	0.898566	0
	0.429	0	0	0.898566	0
	0.43	0	0	0.898566	0
	0.431	0	0	0.898566	0
	0.432	0	0	0.898566	0
	0.433	0	0	0.898566	0
	0.434	0	0	0.898566	0
	0.435	0	0	0.898566	0
	0.436	0	0	0.898566	0
	0.437	0	0	0.898566	0
	0.438	0	0	0.898566	0
	0.439	0	0	0.898566	0
	0.44	0	0	0.898566	0
	0.441	0	0	0.898566	0
	0.442	0	0	0.898566	0
	0.443	0	0	0.898566	0
	0.444	0	0	0.898566	0
	0.445	0	0	0.898566	0
	0.446	0	0	0.898566	0
	0.447	0	0	0.898566	0
	0.448	0	0	0.898566	0
	0.449	0	0	0.898566	0
	0.45	0	0	0.898566	0
	0.451	0	0	0.898566	0
	0.452	0	0	0.898566	0
	0.453	0	0	0.898566	0
	0.454	0	0	0.898566	0
	0.455	0	0	0.898566	0
	0.456	0	0	0.898566	0
	0.457	0	0	0.898566	0
	0.458	0	0	0.898566	0
	0.459	0	0	0.898566	0
	0.46	0	0	0.898566	0
	0.461	0	0	0.898566	0
	0.462	6.25e-06	0	0.898566	0
	0.463	0	0	0.898566	0
	0.464	0	0	0.898566	0
	0.465	6.25e-06	0	0.898566	0
	0.466	0	0	0.898566	0
	0.467	1.25e-05	0	0.898566	0
	0.468	6.25e-06	0	0.898566	0
	0.469	6.25e-06	0	0.898566	0
	0.47	1.25e-05	0	0.898566	0
	0.471	6.25e-06	0	0.898566	0
	0.472	1.875e-05	0	0.898566	0
	0.473	0	0	0.898566	0
	0.474	1.25e-05	0	0.898566	0
	0.475	6.25e-06	0	0.898566	0
	0.476	0	0	0.898566	0
	0.477	6.25e-06	0	0.898566	0
	0.478	6.25e-06	0	0.898566	0
	0.479	0	0	0.898566	0
	0.48	1.25e-05	0	0.898566	0
	0.481	1.875e-05	0	0.898566	0
	0.482	6.25e-06	0	0.898566	0
	0.483	1.875e-05	0	0.898566	0
	0.484	1.875e-05	0	0.898566	0
	0.485	6.25e-06	0	0.898566	0
	0.486	1.875e-05	0	0.898566	0
	0.487	1.25e-05	0	0.898566	0
	0.488	2.5e-05	0	0.898566	0
	0.489	1.25e-05	0	0.898566	0
	0.49	5e-05	0	0.898566	0
	0.491	3.125e-05	0	0.898566	0
	0.492	2.5e-05	0	0.898566	0
	0.493	0.0001	0	0.898566	0
	0.494	0.0001	0	0.898566	0
	0.495	0.000225	6.25e-06	0.897541	0
	0.496	0.00031875	2.5e-05	0.897541	0
	0.497	0.0004125	0.000175	0.899384	0
	0.498	0.0007125	0.00030625	0.901235	0
	0.499	0.0007	0.00085	0.901133	0
	0.5	0.0008	0.00106875	0.901031	0
	0.501	0.0007625	0.0011875	0.899897	0
	0.502	0.00069375	0.00118125	0.89969	0
	0.503	0.00081875	0.00118125	0.89441	0
	0.504	0.00083125	0.0012875	0.894301	0
	0.505	0.00095	0.00116875	0.895228	0
	0.506	0.00079375	0.00116875	0.89501	0
	0.507	0.0007875	0.0012375	0.894901	0
	0.508	0.00080625	0.00119375	0.89282	0
	0.509	0.00078125	0.00108125	0.891779	0
	0.51	0.00085	0.00110625	0.887617	0
	0.511	0.000875	0.001175	0.890282	0
	0.512	0.00081875	0.00114375	0.890282	0
	0.513	0.0007125	0.00119375	0.891099	0
	0.514	0.0009125	0.00130625	0.893908	0
	0.515	0.0008625	0.001175	0.893908	0
	0.516	0.00086875	0.0012	0.890756	0
	0.517	0.00086875	0.0012125	0.891579	0
	0.518	0.0008	0.00108125	0.89135	0
	0.519	0.0008875	0.00115625	0.887949	0
	0.52	0.00068125	0.0011375	0.886772	0
	0.521	0.00088125	0.00115	0.884656	0
	0.522	0.00073125	0.00125	0.884289	0
	0.523	0.0008125	0.0012	0.88204	0
	0.524	0.000725	0.0012	0.882979	0
	0.525	0.00079375	0.0012375	0.884739	0
	0.526	0.0007	0.00115	0.884368	0
	0.527	0.00088125	0.00110625	0.883298	0
	0.528	0.00080625	0.00131875	0.88412	0
	0.529	0.00079375	0.00125625	0.88412	0
	0.53	0.0007625	0.00135	0.884946	0
	0.531	0.00093125	0.0012625	0.885899	0
	0.532	0.0008625	0.00104375	0.885899	0
	0.533	0.0008625	0.0011125	0.881466	0
	0.534	0.00075625	0.0012875	0.884324	0
	0.535	0.00086875	0.0012375	0.883243	0
	0.536	0.0008	0.0012875	0.88299	0
	0.537	0.0006875	0.00124375	0.881779	0
	0.538	0.00084375	0.00134375	0.882736	0
	0.539	0.000975	0.00135625	0.881522	0
	0.54	0.00076875	0.00131875	0.882481	0
	0.541	0.00095	0.00115625	0.882096	0
	0.542	0.00095	0.00106875	0.881967	0
	0.543	0.00093125	0.001275	0.882804	0
	0.544	0.00086875	0.00124375	0.882418	0
	0.545	0.00083125	0.00125625	0.882288	0
	0.546	0.00086875	0.0010625	0.882029	0
	0.547	0.000725	0.001175	0.880663	0
	0.548	0.00085625	0.0012	0.880531	0
	0.549	0.00080625	0.00118125	0.880531	0
	0.55	0.00080625	0.00130625	0.880531	0
	0.551	0.00079375	0.001275	0.880266	0
	0.552	0.00084375	0.00104375	0.878049	0
	0.553	0.000825	0.0012125	0.879023	0
	0.554	0.0009125	0.00131875	0.88196	0
	0.555	0.0009375	0.0012125	0.882812	0
	0.556	0.0008625	0.0012875	0.883799	0
	0.557	0.000775	0.00121875	0.882419	0
	0.558	0.0006625	0.0012	0.881299	0
	0.559	0.00081875	0.00130625	0.881166	0
	0.56	0.00095	0.00134375	0.87991	0
	0.561	0.00094375	0.0012	0.877528	0
	0.562	0.0008875	0.00131875	0.878515	0
	0.563	0.0008875	0.00125	0.878241	0
	0.564	0.0007375	0.00111875	0.878104	0
	0.565	0.0008875	0.00129375	0.876836	0
	0.566	0.00074375	0.0011125	0.878822	0
	0.567	0.00085625	0.001125	0.87769	0
	0.568	0.00094375	0.00128125	0.877551	0
	0.569	0.0011	0.00139375	0.87415	0
	0.57	0.0010375	0.00125625	0.872872	0
	0.571	0.00083125	0.00114375	0.875854	0
	0.572	0.00096875	0.00135625	0.875713	0
	0.573	0.0008	0.00135	0.875571	0
	0.574	0.0008875	0.00108125	0.873288	0
	0.575	0.00090625	0.0013	0.872998	0
	0.576	0.0008875	0.0012	0.876005	0
	0.577	0.00083125	0.00138125	0.875719	0
	0.578	0.00088125	0.0012625	0.876586	0
	0.579	0.0009625	0.00116875	0.877598	0
	0.58	0.000875	0.00119375	0.877598	0
	0.581	0.00091875	0.00141875	0.878613	0
	0.582	0.00089375	0.0011875	0.877457	0
	0.583	0.0008875	0.00115	0.876301	0
	0.584	0.00085625	0.001125	0.876014	0
	0.585	0.000875	0.0011625	0.87471	0
	0.586	0.0009625	0.00133125	0.876744	0
	0.587	0.00098125	0.0012875	0.878788	0
	0.588	0.00078125	0.00145	0.878646	0
	0.589	0.00076875	0.001475	0.880702	0
	0.59	0.00085625	0.001175	0.883803	0
	0.591	0.00071875	0.00121875	0.884706	0
	0.592	0.00090625	0.00123125	0.881176	0
	0.593	0.00093125	0.001325	0.882075	0
	0.594	0.00099375	0.00125625	0.884161	0
	0.595	0.0008875	0.00126875	0.885071	0
	0.596	0.000875	0.001225	0.889154	0
	0.597	0.00093125	0.001275	0.890084	0
	0.598	0.00080625	0.001325	0.885305	0
	0.599	0.00080625	0.00128125	0.884892	0
	0.6	0.00078125	0.00124375	0.887019	0
	0.601	0.0009	0.00141875	0.888087	0
	0.602	0.00085625	0.0012375	0.887952	0
	0.603	0.00074375	0.001225	0.889023	0
	0.604	0.0008375	0.001175	0.890097	0
	0.605	0.00076875	0.00139375	0.888889	0
	0.606	0.0007375	0.001425	0.889831	0
	0.607	0.0007625	0.00135	0.89199	0
	0.608	0.000625	0.001175	0.893074	0
	0.609	0.00065	0.001075	0.889429	0
	0.61	0.0008125	0.00138125	0.889294	0
	0.611	0.00074375	0.0012875	0.88916	0
	0.612	0.0008125	0.00120625	0.889024	0
	0.613	0.0006875	0.00125625	0.886585	0
	0.614	0.0007	0.00131875	0.886585	0
	0.615	0.0007375	0.001275	0.888753	0
	0.616	0.00061875	0.00135625	0.883863	0
	0.617	0.0007375	0.00123125	0.881273	0
	0.618	0.000675	0.00135	0.882209	0
	0.619	0.00073125	0.00145625	0.880835	0
	0.62	0.00065625	0.0013375	0.882716	0
	0.621	0.0006625	0.0011375	0.884758	0
	0.622	0.0006875	0.00134375	0.884615	0
	0.623	0.00063125	0.00131875	0.88323	0
	0.624	0.0007625	0.001425	0.884328	0
	0.625	0.00081875	0.0012875	0.882793	0
	0.626	0.00066875	0.001175	0.881398	0
	0.627	0.000625	0.001275	0.882353	0
	0.628	0.000725	0.00131875	0.879699	0
	0.629	0.0006375	0.00131875	0.879699	0
	0.63	0.00060625	0.0012375	0.876884	0
	0.631	0.0006	0.00120625	0.879093	0
	0.632	0.00063125	0.00125	0.87768	0
	0.633	0.0005875	0.00124375	0.877525	0
	0.634	0.00074375	0.00141875	0.879747	0
	0.635	0.00060625	0.0012125	0.87706	0
	0.636	0.000675	0.00126875	0.876747	0
	0.637	0.00060625	0.00128125	0.876433	0
	0.638	0.00069375	0.001375	0.878672	0
	0.639	0.0005875	0.001475	0.878049	0
	0.64	0.0007125	0.0013	0.879022	0
	0.641	0.00080625	0.001225	0.877577	0
	0.642	0.0007375	0.0013875	0.877261	0
	0.643	0.0007125	0.00140625	0.877261	0
	0.644	0.00078125	0.00136875	0.873221	0
	0.645	0.00085	0.0012875	0.873057	0
	0.646	0.00078125	0.001275	0.874189	0
	0.647	0.00076875	0.00135625	0.873862	0
	0.648	0.0007	0.00134375	0.871261	0
	0.649	0.00085625	0.00134375	0.869622	0
	0.65	0.0008125	0.0014	0.867974	0
	0.651	0.000825	0.001275	0.866667	0
	0.652	0.0007875	0.00103125	0.865183	0
	0.653	0.00078125	0.00128125	0.866317	0
	0.654	0.000775	0.00129375	0.865007	0
	0.655	0.0009875	0.00136875	0.865007	0
	0.656	0.00084375	0.00115625	0.86728	0
	0.657	0.000975	0.00126875	0.865789	0
	0.658	0.000825	0.0012375	0.868074	0
	0.659	0.0009625	0.0012875	0.865435	0
	0.66	0.0008625	0.0013125	0.866402	0
	0.661	0.00088125	0.00136875	0.866402	0
	0.662	0.001	0.00125	0.861111	0
	0.663	0.0008625	0.00126875	0.859788	0
	0.664	0.00091875	0.001325	0.857143	0
	0.665	0.00090625	0.00119375	0.856954	0
	0.666	0.00103125	0.00138125	0.854305	0
	0.667	0.0009625	0.0013875	0.854111	0
	0.668	0.0010375	0.0013125	0.856383	0
	0.669	0.00096875	0.00140625	0.858667	0
	0.67	0.00109375	0.0015	0.860776	0
	0.671	0.00105	0.001325	0.864247	0
	0.672	0.00096875	0.00130625	0.866577	0
	0.673	0.001025	0.00129375	0.867388	0
	0.674	0.00091875	0.0013375	0.867388	0
	0.675	0.00095625	0.0012125	0.867028	0
	0.676	0.0008625	0.001175	0.862958	0
	0.677	0.00096875	0.00136875	0.861413	0
	0.678	0.00100625	0.00133125	0.857337	0
	0.679	0.0009375	0.0013625	0.850543	0
	0.68	0.00095625	0.00125625	0.845109	0
	0.681	0.00083125	0.00135625	0.843537	0
	0.682	0.000975	0.0012875	0.843537	0
	0.683	0.0009875	0.00130625	0.840816	0
	0.684	0.00084375	0.00124375	0.842896	0
	0.685	0.00098125	0.0012625	0.842466	0
	0.686	0.00104375	0.00138125	0.84573	0
	0.687	0.00105	0.0013	0.844353	0
	0.688	0.0010375	0.00113125	0.842759	0
	0.689	0.00096875	0.001425	0.840941	0
	0.69	0.0010625	0.001375	0.843273	0
	0.691	0.00085	0.00135	0.845619	0
	0.692	0.00104375	0.0015625	0.845404	0
	0.693	0.0008875	0.00129375	0.844011	0
	0.694	0.00099375	0.00134375	0.847552	0
	0.695	0.00098125	0.00135	0.846154	0
	0.696	0.001	0.00145	0.847125	0
	0.697	0.00106875	0.00139375	0.848315	0
	0.698	0.0011625	0.0013	0.847887	0
	0.699	0.00101875	0.00135	0.840395	0
	0.7	0.00091875	0.00124375	0.841135	0
	0.701	0.00096875	0.001275	0.842105	0
	0.702	0.00104375	0.00135625	0.843305	0
	0.703	0.00095625	0.00144375	0.843081	0
	0.704	0.0010625	0.0015	0.843081	0
	0.705	0.0010875	0.00115	0.844063	0
	0.706	0.00105625	0.0013125	0.843615	0
	0.707	0.0010375	0.00130625	0.840517	0
	0.708	0.0009125	0.0013875	0.838849	0
	0.709	0.00091875	0.00135	0.835971	0
	0.71	0.00085625	0.00145625	0.83815	0
	0.711	0.001	0.00139375	0.833815	0
	0.712	0.00105	0.00121875	0.832127	0
	0.713	0.00095625	0.0013875	0.836735	0
	0.714	0.000875	0.00121875	0.84041	0
	0.715	0.00088125	0.00144375	0.84141	0
	0.716	0.00093125	0.00120625	0.838473	0
	0.717	0.000875	0.00133125	0.836765	0
	0.718	0.00095625	0.00133125	0.830633	0
	0.719	0.00090625	0.00125625	0.83284	0
	0.72	0.00105625	0.00129375	0.832593	0
	0.721	0.00100625	0.0013	0.831111	0
	0.722	0.00105	0.0012625	0.832095	0
	0.723	0.00089375	0.00131875	0.831595	0
	0.724	0.0008625	0.0012875	0.834081	0
	0.725	0.00084375	0.00155	0.833832	0
	0.726	0.00099375	0.00139375	0.834835	0
	0.727	0.00088125	0.001275	0.83609	0
	0.728	0.00104375	0.00133125	0.834586	0
	0.729	0.00081875	0.00123125	0.830075	0
	0.73	0.00094375	0.0012625	0.829819	0
	0.731	0.00090625	0.00130625	0.826284	0
	0.732	0.00110625	0.001225	0.824242	0
	0.733	0.00101875	0.0014	0.822188	0
	0.734	0.00096875	0.001425	0.818874	0
	0.735	0.00094375	0.00128125	0.817073	0
	0.736	0.00099375	0.00136875	0.82	0
	0.737	0.0008125	0.00153125	0.819723	0
	0.738	0.00095625	0.00121875	0.820711	0
	0.739	0.00095	0.0012125	0.819165	0
	0.74	0.0011375	0.0012125	0.819165	0
	0.741	0.00095625	0.0012625	0.821429	0
	0.742	0.0010375	0.00124375	0.822153	0
	0.743	0.0010625	0.00135	0.821317	0
	0.744	0.00091875	0.00135	0.823899	0
	0.745	0.0009875	0.0014875	0.823622	0
	0.746	0.0011125	0.001225	0.818612	0
	0.747	0.00103125	0.001375	0.81775	0
	0.748	0.00099375	0.00141875	0.815873	0
	0.749	0.0011375	0.001225	0.813694	0
	0.75	0.0009625	0.00128125	0.8125	0
	0.751	0.0010625	0.0011875	0.810897	0
	0.752	0.001025	0.00124375	0.810289	0
	0.753	0.00121875	0.00138125	0.808682	0
	0.754	0.00108125	0.00123125	0.808374	0
	0.755	0.00124375	0.0014	0.812298	0
	0.756	0.00105	0.0012625	0.811994	0
	0.757	0.00119375	0.00136875	0.810373	0
	0.758	0.00115625	0.00138125	0.811382	0
	0.759	0.00116875	0.0011	0.812704	0
	0.76	0.00121875	0.00123125	0.813115	0
	0.761	0.00103125	0.001275	0.814145	0
	0.762	0.00120625	0.0013625	0.814145	0
	0.763	0.00129375	0.00136875	0.810544	0
	0.764	0.0011	0.00111875	0.805281	0
	0.765	0.00115	0.00125	0.803306	0
	0.766	0.001075	0.00118125	0.801653	0
	0.767	0.00109375	0.00129375	0.799669	0
	0.768	0.001075	0.0013125	0.799337	0
	0.769	0.00105625	0.001275	0.797005	0
	0.77	0.00096875	0.00139375	0.798333	0
	0.771	0.00115	0.001325	0.80067	0
	0.772	0.001075	0.00116875	0.807107	0
	0.773	0.00105	0.0014375	0.805085	0
	0.774	0.00115625	0.001225	0.803056	0
	0.775	0.00099375	0.00138125	0.802721	0
	0.776	0.00115625	0.0012875	0.806507	0
	0.777	0.00101875	0.00135	0.804124	0
	0.778	0.00126875	0.0014375	0.803787	0
	0.779	0.00110625	0.0012125	0.801382	0
	0.78	0.001075	0.0012375	0.7962	0
	0.781	0.0009375	0.00125	0.791019	0
	0.782	0.0010875	0.00121875	0.794783	0
	0.783	0.00105	0.00126875	0.795812	0
	0.784	0.00111875	0.0014125	0.796491	0
	0.785	0.00104375	0.00115	0.796134	0
	0.786	0.0010875	0.00121875	0.795775	0
	0.787	0.00115	0.00135	0.797178	0
	0.788	0.00105625	0.0014375	0.79682	0
	0.789	0.00110625	0.00120625	0.794326	0
	0.79	0.00106875	0.00124375	0.786856	0
	0.791	0.00105	0.00110625	0.791071	0
	0.792	0.0010125	0.00134375	0.794964	0
	0.793	0.00114375	0.0012875	0.794595	0
	0.794	0.0011375	0.0013125	0.797101	0
	0.795	0.00103125	0.00126875	0.79529	0
	0.796	0.0011	0.00133125	0.797445	0
	0.797	0.00115625	0.00113125	0.798903	0
	0.798	0.0010125	0.00125	0.797794	0
	0.799	0.00118125	0.0012875	0.795956	0
	0.8	0.0009375	0.0013375	0.798893	0
	0.801	0.00099375	0.0011625	0.798148	0
	0.802	0.0011625	0.0014	0.795539	0
	0.803	0.00110625	0.0012125	0.798131	0
	0.804	0.0010625	0.00109375	0.79925	0
	0.805	0.0010375	0.00116875	0.803774	0
	0.806	0.0010875	0.00124375	0.802657	0
	0.807	0.0010625	0.00151875	0.80038	0
	0.808	0.0011	0.00124375	0.794677	0
	0.809	0.00121875	0.0012125	0.798851	0
	0.81	0.00105625	0.00144375	0.803468	0
	0.811	0.00121875	0.0012	0.804642	0
	0.812	0.001175	0.00124375	0.802708	0
	0.813	0.00103125	0.00115	0.803883	0
	0.814	0.00099375	0.00136875	0.803119	0
	0.815	0.00095	0.0012625	0.806262	0
	0.816	0.0010375	0.001325	0.801961	0
	0.817	0.0011375	0.0012125	0.803536	0
	0.818	0.001	0.00143125	0.797244	0
	0.819	0.00101875	0.00123125	0.801587	0
	0.82	0.001075	0.00129375	0.802395	0
	0.821	0.00091875	0.0013375	0.796407	0
	0.822	0.00106875	0.0011625	0.797189	0
	0.823	0.00115	0.0012625	0.790744	0
	0.824	0.00115	0.00119375	0.791919	0
	0.825	0.00100625	0.00124375	0.793103	0
	0.826	0.00098125	0.00123125	0.794715	0
	0.827	0.000825	0.00129375	0.795918	0
	0.828	0.00095	0.00123125	0.795918	0
	0.829	0.00103125	0.0011375	0.800412	0
	0.83	0.00094375	0.001325	0.8	0
	0.831	0.001025	0.0013375	0.797938	0
	0.832	0.00098125	0.001175	0.80083	0
	0.833	0.00099375	0.0012125	0.796258	0
	0.834	0.00089375	0.00118125	0.795407	0
	0.835	0.00098125	0.0012625	0.794979	0
	0.836	0.00099375	0.00116875	0.795359	0
	0.837	0.000975	0.00128125	0.800425	0
	0.838	0.0009625	0.00134375	0.801706	0
	0.839	0.0009125	0.00123125	0.796574	0
	0.84	0.0011375	0.00126875	0.789247	0
	0.841	0.00099375	0.00104375	0.788793	0
	0.842	0.000875	0.00109375	0.791304	0
	0.843	0.00096875	0.00120625	0.786492	0
	0.844	0.001	0.00136875	0.78821	0
	0.845	0.001025	0.0013375	0.794702	0
	0.846	0.0009375	0.0011625	0.793792	0
	0.847	0.00089375	0.0011625	0.794643	0
	0.848	0.0010875	0.00123125	0.792411	0
	0.849	0.00088125	0.001175	0.789709	0
	0.85	0.0009625	0.00095625	0.793258	0
	0.851	0.0009125	0.00105625	0.795918	0
	0.852	0.00094375	0.0012375	0.795918	0
	0.853	0.001125	0.00120625	0.793182	0
	0.854	0.001025	0.00131875	0.790433	0
	0.855	0.00101875	0.00129375	0.789954	0
	0.856	0.00106875	0.00105625	0.786697	0
	0.857	0.00105625	0.00129375	0.788506	0
	0.858	0.00091875	0.00124375	0.792148	0
	0.859	0.00105	0.00135625	0.787529	0
	0.86	0.00129375	0.00136875	0.788863	0
	0.861	0.0010875	0.0011625	0.786047	0
	0.862	0.00115	0.00105625	0.781395	0
	0.863	0.0011875	0.00111875	0.782201	0
	0.864	0.00115	0.0010625	0.782201	0
	0.865	0.0012	0.00116875	0.782506	0
	0.866	0.001325	0.00115	0.782506	0
	0.867	0.00119375	0.001025	0.777251	0
	0.868	0.00121875	0.0010875	0.770142	0
	0.869	0.00115	0.00103125	0.77512	0
	0.87	0.00110625	0.00128125	0.774038	0
	0.871	0.00121875	0.00093125	0.774818	0
	0.872	0.00103125	0.00103125	0.779951	0
	0.873	0.001175	0.00114375	0.775061	0
	0.874	0.00124375	0.0012	0.767726	0
	0.875	0.0012625	0.001	0.761671	0
	0.876	0.00111875	0.0011375	0.762963	0
	0.877	0.0011375	0.001175	0.761787	0
	0.878	0.001125	0.0011375	0.761194	0
	0.879	0.00098125	0.0012875	0.7575	0
	0.88	0.00115625	0.00115625	0.755	0
	0.881	0.00114375	0.00104375	0.749373	0
	0.882	0.00108125	0.00106875	0.748744	0
	0.883	0.00115	0.0011625	0.746835	0
	0.884	0.00099375	0.0011125	0.746193	0
	0.885	0.00093125	0.0011	0.749361	0
	0.886	0.00106875	0.000875	0.750643	0
	0.887	0.0011	0.001025	0.753886	0
	0.888	0.0013125	0.0009625	0.748705	0
	0.889	0.00129375	0.00105625	0.753281	0
	0.89	0.00106875	0.00111875	0.748031	0
	0.891	0.0010875	0.00095625	0.753316	0
	0.892	0.0011	0.00100625	0.752	0
	0.893	0.001175	0.0010375	0.759459	0
	0.894	0.00118125	0.0010125	0.761518	0
	0.895	0.0012125	0.0010375	0.757493	0
	0.896	0.0011625	0.0009	0.760331	0
	0.897	0.0012	0.00095	0.766667	0
	0.898	0.0011625	0.0009125	0.765363	0
	0.899	0.00121875	0.00103125	0.756983	0
	0.9	0.0013	0.000925	0.747899	0
	0.901	0.0013125	0.00103125	0.751412	0
	0.902	0.0012125	0.001125	0.747159	0
	0.903	0.001175	0.001	0.749288	0
	0.904	0.001225	0.00103125	0.747851	0
	0.905	0.00133125	0.001	0.747126	0
	0.906	0.00125625	0.0009625	0.729885	0
	0.907	0.00101875	0.001	0.725434	0
	0.908	0.001075	0.00104375	0.722543	0
	0.909	0.0012	0.0010875	0.724638	0
	0.91	0.00139375	0.0008375	0.727273	0
	0.911	0.00119375	0.0011	0.725664	0
	0.912	0.00115	0.00088125	0.716814	0
	0.913	0.00130625	0.0009625	0.712166	0
	0.914	0.00134375	0.00094375	0.718563	0
	0.915	0.0013125	0.000825	0.722054	0
	0.916	0.001125	0.00100625	0.719512	0
	0.917	0.0013375	0.0009125	0.714724	0
	0.918	0.00129375	0.00095625	0.692308	0
	0.919	0.00133125	0.00095625	0.692547	0
	0.92	0.00116875	0.0009625	0.685535	0
	0.921	0.001375	0.00086875	0.695513	0
	0.922	0.0014	0.000875	0.688103	0
	0.923	0.00135625	0.0009	0.689542	0
	0.924	0.0012875	0.00091875	0.694079	0
	0.925	0.001375	0.00096875	0.6875	0
	0.926	0.0017125	0.00085	0.682119	0
	0.927	0.0015375	0.000875	0.682119	0
	0.928	0.0015	0.000775	0.677741	0
	0.929	0.0016375	0.00081875	0.681208	0
	0.93	0.00170625	0.000875	0.681356	0
	0.931	0.00168125	0.00079375	0.676871	0
	0.932	0.00149375	0.00085625	0.660959	0
	0.933	0.00175	0.00089375	0.659794	0
	0.934	0.00175	0.00075625	0.658621	0
	0.935	0.001725	0.0007375	0.662021	0
	0.936	0.00180625	0.00089375	0.653846	0
	0.937	0.00168125	0.0008125	0.642105	0
	0.938	0.0015875	0.0007	0.639576	0
	0.939	0.00181875	0.000675	0.648746	0
	0.94	0.001825	0.0007125	0.652174	0
	0.941	0.002	0.000725	0.648352	0
	0.942	0.0016125	0.0007625	0.652985	0
	0.943	0.0014125	0.00070625	0.659091	0
	0.944	0.001525	0.00064375	0.659004	0
	0.945	0.00163125	0.00081875	0.658915	0
	0.946	0.0016	0.00071875	0.648438	0
	0.947	0.00153125	0.00075	0.628906	0
	0.948	0.001625	0.00055625	0.622047	0
	0.949	0.00146875	0.00070625	0.613546	0
	0.95	0.00175	0.0007625	0.621951	0
	0.951	0.00159375	0.00071875	0.6	0
	0.952	0.0015625	0.0008	0.600823	0
	0.953	0.00158125	0.00074375	0.59751	0
	0.954	0.0016625	0.00056875	0.605932	0
	0.955	0.0015	0.00064375	0.61039	0
	0.956	0.0015875	0.0007375	0.609649	0
	0.957	0.0016	0.0006375	0.627273	0
	0.958	0.0014	0.0007125	0.635945	0
	0.959	0.001575	0.0006	0.646226	0
	0.96	0.00169375	0.0007375	0.649038	0
	0.961	0.00159375	0.00063125	0.63285	0
	0.962	0.00168125	0.00051875	0.616505	0
	0.963	0.001775	0.00054375	0.628713	0
	0.964	0.0016	0.000575	0.61809	0
	0.965	0.00173125	0.0004875	0.609137	0
	0.966	0.00189375	0.000525	0.606218	0
	0.967	0.0017875	0.00055	0.612565	0
	0.968	0.00159375	0.0005	0.603175	0
	0.969	0.00185	0.00055	0.580645	0
	0.97	0.0016875	0.000425	0.581522	0
	0.971	0.0017125	0.00050625	0.585635	0
	0.972	0.00189375	0.0003875	0.586592	0
	0.973	0.00176875	0.00048125	0.585227	0
	0.974	0.0018125	0.0004625	0.589595	0
	0.975	0.00195	0.0005375	0.592814	0
	0.976	0.002	0.0004375	0.578313	0
	0.977	0.00180625	0.00033125	0.571429	0
	0.978	0.0018125	0.0003125	0.590909	0
	0.979	0.0018875	0.00038125	0.578947	0
	0.98	0.001725	0.00043125	0.577181	0
	0.981	0.0017	0.000425	0.575342	0
	0.982	0.00169375	0.0003625	0.569444	0
	0.983	0.00198125	0.0003	0.553191	0
	0.984	0.001725	0.0003	0.514286	0
	0.985	0.0016875	0.000325	0.482014	0
	0.986	0.00193125	0.00035	0.496241	0
	0.987	0.00175	0.000275	0.488189	0
	0.988	0.00230625	0.0002875	0.475	0
	0.989	0.00239375	0.0002	0.46087	0
	0.99	0.002625	0.00026875	0.45045	0
	0.991	0.0027625	0.0002	0.412844	0
	0.992	0.00306875	0.0002	0.386792	0
	0.993	0.00344375	0.000125	0.361905	0
	0.994	0.00356875	0.0002125	0.363636	0
	0.995	0.00344375	0.00013125	0.344086	0
	0.996	0.00379375	0.000125	0.348837	0
	0.997	0.00376875	8.125e-05	0.292683	0
	0.998	0.0043875	5.625e-05	0.233766	0
	0.999	0.00574375	3.75e-05	0.191176	0
	1	0.0153312	3.125e-05	0.0925926	0


#	yrange	sparsity	# links	zeta	support at cross	fraction FP
	0	0.994375	1591	3.45596e-06	0.97	0.100799
	0.45	0.994375	1591	3.45596e-06	0.97	0.100799
