#	Frequencies and overlap
#	bins	MYC	shuffle	overlap_MYC	overlap_shuffle
	0	0.24195	0.275306	0.864884	0
	0.001	0.020875	0.0014375	0.814649	0
	0.002	0.0164313	0.00228125	0.822481	0
	0.003	0.014075	0.002775	0.830818	0
	0.004	0.0117375	0.0029	0.831851	0
	0.005	0.0104063	0.00298125	0.83265	0
	0.006	0.00963125	0.00290625	0.82793	0
	0.007	0.00850625	0.00325	0.827966	0
	0.008	0.00754375	0.0033875	0.83176	0
	0.009	0.00691875	0.0031	0.835509	0
	0.01	0.006575	0.00325	0.841873	0
	0.011	0.00665	0.00331875	0.844781	0
	0.012	0.00604375	0.00320625	0.845528	0
	0.013	0.00579375	0.0031375	0.845173	0
	0.014	0.00565625	0.0031625	0.849126	0
	0.015	0.00535	0.00316875	0.850788	0
	0.016	0.00484375	0.00309375	0.849021	0
	0.017	0.00434375	0.00326875	0.853774	0
	0.018	0.0040375	0.00314375	0.85322	0
	0.019	0.00415	0.0030375	0.850476	0
	0.02	0.0038625	0.0030875	0.859073	0
	0.021	0.003725	0.00303125	0.862002	0
	0.022	0.0032375	0.00285	0.8619	0
	0.023	0.00341875	0.00281875	0.868447	0
	0.024	0.0033	0.00285	0.864945	0
	0.025	0.0030625	0.0027375	0.868869	0
	0.026	0.0031125	0.00271875	0.869215	0
	0.027	0.00276875	0.0030625	0.872967	0
	0.028	0.00298125	0.0026875	0.874233	0
	0.029	0.00283125	0.00284375	0.879132	0
	0.03	0.0026	0.00286875	0.880582	0
	0.031	0.0027	0.00266875	0.877083	0
	0.032	0.00254375	0.0029875	0.873166	0
	0.033	0.0026875	0.002625	0.867786	0
	0.034	0.00238125	0.00275625	0.868143	0
	0.035	0.0024125	0.00249375	0.866667	0
	0.036	0.0025625	0.00231875	0.869149	0
	0.037	0.00234375	0.002475	0.868308	0
	0.038	0.0022125	0.00258125	0.8676	0
	0.039	0.00243125	0.00271875	0.859763	0
	0.04	0.0025625	0.002325	0.857297	0
	0.041	0.0025875	0.00258125	0.854978	0
	0.042	0.0023875	0.002575	0.859324	0
	0.043	0.002275	0.00235625	0.862939	0
	0.044	0.00254375	0.00250625	0.864238	0
	0.045	0.002425	0.0023	0.864745	0
	0.046	0.002425	0.0022875	0.86637	0
	0.047	0.00263125	0.0025	0.862723	0
	0.048	0.002325	0.00235625	0.863892	0
	0.049	0.002325	0.0023625	0.864865	0
	0.05	0.002325	0.00233125	0.862302	0
	0.051	0.00234375	0.0022125	0.864926	0
	0.052	0.0023875	0.00210625	0.868721	0
	0.053	0.0022125	0.00223125	0.866286	0
	0.054	0.0022	0.00215	0.867277	0
	0.055	0.00224375	0.0021625	0.867125	0
	0.056	0.00228125	0.00198125	0.869965	0
	0.057	0.0022	0.00219375	0.868512	0
	0.058	0.00198125	0.00218125	0.87007	0
	0.059	0.0017625	0.0021375	0.865273	0
	0.06	0.00169375	0.00208125	0.864802	0
	0.061	0.001875	0.0019875	0.864486	0
	0.062	0.00191875	0.00208125	0.867215	0
	0.063	0.00184375	0.0019375	0.865882	0
	0.064	0.0015625	0.0021	0.864547	0
	0.065	0.00175	0.0021875	0.866114	0
	0.066	0.00169375	0.00174375	0.869928	0
	0.067	0.0014875	0.00206875	0.868421	0
	0.068	0.00153125	0.00195	0.869148	0
	0.069	0.00139375	0.0016875	0.876364	0
	0.07	0.001475	0.00189375	0.879268	0
	0.071	0.0013125	0.00191875	0.886839	0
	0.072	0.00141875	0.00179375	0.887793	0
	0.073	0.00133125	0.0017625	0.887376	0
	0.074	0.00114375	0.0018375	0.890547	0
	0.075	0.00108125	0.00183125	0.89	0
	0.076	0.00134375	0.0019125	0.892095	0
	0.077	0.00135625	0.0017375	0.890428	0
	0.078	0.00118125	0.00174375	0.888748	0
	0.079	0.0013375	0.001725	0.891001	0
	0.08	0.00116875	0.00175	0.891995	0
	0.081	0.00143125	0.0017	0.890446	0
	0.082	0.00134375	0.00165625	0.891165	0
	0.083	0.00125	0.00179375	0.890886	0
	0.084	0.00139375	0.0019375	0.888175	0
	0.085	0.0012	0.00176875	0.88417	0
	0.086	0.00114375	0.0017375	0.881137	0
	0.087	0.00118125	0.00189375	0.87969	0
	0.088	0.00121875	0.00180625	0.880674	0
	0.089	0.00138125	0.00185625	0.881818	0
	0.09	0.001275	0.00195625	0.881201	0
	0.091	0.00136875	0.00159375	0.883355	0
	0.092	0.0013	0.00173125	0.880577	0
	0.093	0.001225	0.0017375	0.880263	0
	0.094	0.0012625	0.00160625	0.882586	0
	0.095	0.0013375	0.00169375	0.880795	0
	0.096	0.00115	0.00173125	0.881806	0
	0.097	0.0012375	0.00175625	0.884154	0
	0.098	0.00115625	0.0018	0.88369	0
	0.099	0.00111875	0.001575	0.879679	0
	0.1	0.0011375	0.0017375	0.875668	0
	0.101	0.00126875	0.00149375	0.868809	0
	0.102	0.00108125	0.0015875	0.870794	0
	0.103	0.0014875	0.0015125	0.867746	0
	0.104	0.00129375	0.00160625	0.863698	0
	0.105	0.00131875	0.0015	0.862162	0
	0.106	0.00155	0.00154375	0.863144	0
	0.107	0.00133125	0.00168125	0.858887	0
	0.108	0.00131875	0.001625	0.861035	0
	0.109	0.00136875	0.0016125	0.860846	0
	0.11	0.0013	0.0015625	0.861833	0
	0.111	0.0013875	0.0015875	0.866575	0
	0.112	0.0012125	0.00156875	0.867586	0
	0.113	0.0010875	0.0014625	0.871191	0
	0.114	0.001325	0.00159375	0.872399	0
	0.115	0.00148125	0.0016375	0.873611	0
	0.116	0.00124375	0.0014375	0.870833	0
	0.117	0.00131875	0.00154375	0.867872	0
	0.118	0.0012	0.00158125	0.867688	0
	0.119	0.0010125	0.0014	0.871329	0
	0.12	0.00114375	0.001425	0.871148	0
	0.121	0.0012125	0.00144375	0.869565	0
	0.122	0.00125625	0.0015875	0.870605	0
	0.123	0.0011375	0.001425	0.871469	0
	0.124	0.00113125	0.0015	0.871105	0
	0.125	0.0010625	0.00156875	0.868272	0
	0.126	0.00119375	0.00146875	0.864865	0
	0.127	0.00091875	0.0014875	0.865906	0
	0.128	0.00110625	0.00146875	0.866762	0
	0.129	0.0010375	0.00153125	0.869065	0
	0.13	0.001125	0.00130625	0.87013	0
	0.131	0.00100625	0.0014875	0.865801	0
	0.132	0.00114375	0.00144375	0.866667	0
	0.133	0.00109375	0.0013375	0.865693	0
	0.134	0.00106875	0.00135625	0.866959	0
	0.135	0.0010125	0.001475	0.865497	0
	0.136	0.0009	0.001225	0.8653	0
	0.137	0.00093125	0.00141875	0.864905	0
	0.138	0.00111875	0.00143125	0.867452	0
	0.139	0.00103125	0.0014375	0.868343	0
	0.14	0.00104375	0.0014375	0.867756	0
	0.141	0.00095625	0.001275	0.861607	0
	0.142	0.00094375	0.0012375	0.864179	0
	0.143	0.001025	0.00143125	0.866567	0
	0.144	0.000925	0.00140625	0.867669	0
	0.145	0.0008875	0.0013625	0.866165	0
	0.146	0.00091875	0.00123125	0.867069	0
	0.147	0.00095	0.00134375	0.864048	0
	0.148	0.00090625	0.00139375	0.859517	0
	0.149	0.00094375	0.0014	0.858006	0
	0.15	0.0008	0.00136875	0.861702	0
	0.151	0.0009375	0.001275	0.86128	0
	0.152	0.001	0.0013875	0.856707	0
	0.153	0.00095625	0.00126875	0.857798	0
	0.154	0.000925	0.0013875	0.861538	0
	0.155	0.00110625	0.00129375	0.861325	0
	0.156	0.0009875	0.00118125	0.865325	0
	0.157	0.00105625	0.00130625	0.859133	0
	0.158	0.001125	0.00113125	0.857364	0
	0.159	0.0009875	0.00125625	0.854037	0
	0.16	0.00103125	0.001225	0.858034	0
	0.161	0.00089375	0.00140625	0.857812	0
	0.162	0.0009875	0.00123125	0.860283	0
	0.163	0.00088125	0.0012125	0.861417	0
	0.164	0.00094375	0.0011875	0.864139	0
	0.165	0.00096875	0.00113125	0.860979	0
	0.166	0.00095	0.001125	0.862124	0
	0.167	0.00111875	0.00148125	0.863492	0
	0.168	0.00099375	0.0013125	0.863492	0
	0.169	0.00093125	0.00128125	0.86465	0
	0.17	0.00103125	0.00134375	0.861465	0
	0.171	0.00091875	0.00138125	0.85828	0
	0.172	0.00095	0.00109375	0.861022	0
	0.173	0.0008	0.00129375	0.862179	0
	0.174	0.000975	0.00123125	0.860129	0
	0.175	0.00081875	0.00131875	0.86129	0
	0.176	0.00093125	0.0010875	0.861066	0
	0.177	0.00090625	0.00113125	0.863636	0
	0.178	0.00100625	0.00141875	0.866232	0
	0.179	0.00089375	0.0012125	0.866013	0
	0.18	0.00081875	0.0012625	0.868852	0
	0.181	0.00088125	0.00110625	0.871499	0
	0.182	0.00096875	0.0012125	0.869852	0
	0.183	0.0009125	0.00115625	0.871287	0
	0.184	0.00094375	0.0011375	0.872517	0
	0.185	0.0009	0.0011	0.872305	0
	0.186	0.0008875	0.00128125	0.873754	0
	0.187	0.000775	0.0012	0.876667	0
	0.188	0.0007375	0.0011625	0.879397	0
	0.189	0.0006	0.00114375	0.874372	0
	0.19	0.00078125	0.0011875	0.872483	0
	0.191	0.00065	0.0011	0.875421	0
	0.192	0.00084375	0.0010875	0.878173	0
	0.193	0.00065	0.00115	0.877966	0
	0.194	0.0007375	0.0012375	0.876271	0
	0.195	0.00071875	0.001125	0.877759	0
	0.196	0.00064375	0.0011375	0.872666	0
	0.197	0.00060625	0.001125	0.872449	0
	0.198	0.0006875	0.00114375	0.873504	0
	0.199	0.0006625	0.00111875	0.86964	0
	0.2	0.00075	0.00090625	0.869416	0
	0.201	0.00068125	0.00111875	0.87069	0
	0.202	0.00066875	0.00115	0.868966	0
	0.203	0.00059375	0.00105	0.867012	0
	0.204	0.00075625	0.00115	0.868056	0
	0.205	0.000625	0.001075	0.868056	0
	0.206	0.00063125	0.00134375	0.862847	0
	0.207	0.0007	0.001175	0.864348	0
	0.208	0.0006625	0.0011375	0.867365	0
	0.209	0.00053125	0.0009875	0.870175	0
	0.21	0.00053125	0.00109375	0.873239	0
	0.211	0.0006	0.00106875	0.876325	0
	0.212	0.00054375	0.00110625	0.870796	0
	0.213	0.00061875	0.0010625	0.868794	0
	0.214	0.00065	0.0011	0.868327	0
	0.215	0.00065	0.001025	0.871429	0
	0.216	0.00064375	0.00095	0.86941	0
	0.217	0.00064375	0.00093125	0.867384	0
	0.218	0.000575	0.0010625	0.867384	0
	0.219	0.000625	0.00095625	0.86535	0
	0.22	0.000675	0.0010625	0.865108	0
	0.221	0.000775	0.00109375	0.863309	0
	0.222	0.0005875	0.0010625	0.865942	0
	0.223	0.0006375	0.00104375	0.869091	0
	0.224	0.000675	0.00103125	0.872263	0
	0.225	0.000675	0.0010875	0.868373	0
	0.226	0.000725	0.00110625	0.869963	0
	0.227	0.00061875	0.00106875	0.871324	0
	0.228	0.00071875	0.00105	0.872694	0
	0.229	0.00080625	0.00089375	0.868519	0
	0.23	0.0008375	0.001025	0.87013	0
	0.231	0.00074375	0.0012125	0.866419	0
	0.232	0.00073125	0.00096875	0.864564	0
	0.233	0.0009375	0.00095	0.864564	0
	0.234	0.0007125	0.00110625	0.864312	0
	0.235	0.000825	0.0011	0.864312	0
	0.236	0.00084375	0.00105625	0.860595	0
	0.237	0.00076875	0.0011125	0.865421	0
	0.238	0.00070625	0.00098125	0.865169	0
	0.239	0.0008	0.0010375	0.864662	0
	0.24	0.000725	0.00096875	0.86629	0
	0.241	0.00068125	0.0009	0.86629	0
	0.242	0.00078125	0.001125	0.866038	0
	0.243	0.00075	0.00098125	0.862264	0
	0.244	0.00073125	0.001075	0.856604	0
	0.245	0.00079375	0.000875	0.858223	0
	0.246	0.000675	0.0010125	0.858223	0
	0.247	0.00071875	0.00101875	0.86148	0
	0.248	0.0006625	0.001025	0.857414	0
	0.249	0.0007375	0.00095	0.857414	0
	0.25	0.0007125	0.0009625	0.857414	0
	0.251	0.0008625	0.000825	0.858779	0
	0.252	0.00075625	0.001025	0.858779	0
	0.253	0.00074375	0.0009375	0.85687	0
	0.254	0.00084375	0.000875	0.856597	0
	0.255	0.0006125	0.0008625	0.856322	0
	0.256	0.00056875	0.0009875	0.857965	0
	0.257	0.00070625	0.00104375	0.857692	0
	0.258	0.00058125	0.00088125	0.856867	0
	0.259	0.00079375	0.00114375	0.854932	0
	0.26	0.00065625	0.00090625	0.850775	0
	0.261	0.0007	0.00094375	0.848837	0
	0.262	0.00078125	0.0010375	0.850195	0
	0.263	0.00069375	0.001025	0.851562	0
	0.264	0.00066875	0.001025	0.847656	0
	0.265	0.00063125	0.000875	0.847358	0
	0.266	0.0006375	0.000925	0.845098	0
	0.267	0.00061875	0.001025	0.848425	0
	0.268	0.0006375	0.0008875	0.848425	0
	0.269	0.00069375	0.00095	0.855159	0
	0.27	0.0006	0.0008875	0.856287	0
	0.271	0.00060625	0.00086875	0.859438	0
	0.272	0.00065625	0.00088125	0.85743	0
	0.273	0.0005625	0.00080625	0.857143	0
	0.274	0.00059375	0.000975	0.858871	0
	0.275	0.0006125	0.0010125	0.856566	0
	0.276	0.0005125	0.00100625	0.856275	0
	0.277	0.0006625	0.000925	0.852227	0
	0.278	0.0006375	0.0009875	0.853955	0
	0.279	0.0005875	0.00085	0.849593	0
	0.28	0.00059375	0.00079375	0.849593	0
	0.281	0.00061875	0.00086875	0.851324	0
	0.282	0.00060625	0.0009	0.854806	0
	0.283	0.00061875	0.00103125	0.852459	0
	0.284	0.00061875	0.00085	0.857732	0
	0.285	0.0006125	0.00085	0.857438	0
	0.286	0.00069375	0.00081875	0.859213	0
	0.287	0.00073125	0.0008625	0.860996	0
	0.288	0.0005875	0.0008125	0.860996	0
	0.289	0.00066875	0.00078125	0.860707	0
	0.29	0.00053125	0.0007375	0.858333	0
	0.291	0.00054375	0.0009375	0.85625	0
	0.292	0.0006875	0.0007875	0.854167	0
	0.293	0.00048125	0.00088125	0.861053	0
	0.294	0.0006625	0.0009625	0.861053	0
	0.295	0.0006125	0.000775	0.862869	0
	0.296	0.00053125	0.0009375	0.866525	0
	0.297	0.0005875	0.00085	0.864407	0
	0.298	0.0004875	0.00081875	0.866242	0
	0.299	0.00058125	0.0009	0.869936	0
	0.3	0.00058125	0.0007875	0.867521	0
	0.301	0.00065625	0.0009125	0.863248	0
	0.302	0.0006625	0.00086875	0.866667	0
	0.303	0.00053125	0.0009125	0.864516	0
	0.304	0.0007	0.0008125	0.862069	0
	0.305	0.00060625	0.00094375	0.859611	0
	0.306	0.00056875	0.0008875	0.854978	0
	0.307	0.0006375	0.0008625	0.854664	0
	0.308	0.0006125	0.00088125	0.850325	0
	0.309	0.000525	0.000725	0.85	0
	0.31	0.00045	0.00081875	0.845652	0
	0.311	0.00060625	0.00085	0.845316	0
	0.312	0.00055	0.0007875	0.844978	0
	0.313	0.00049375	0.00088125	0.840611	0
	0.314	0.0005875	0.0007375	0.836245	0
	0.315	0.00058125	0.0008	0.837719	0
	0.316	0.0005875	0.00066875	0.84141	0
	0.317	0.00050625	0.000925	0.84141	0
	0.318	0.00053125	0.0007375	0.84106	0
	0.319	0.00053125	0.0007875	0.84292	0
	0.32	0.000625	0.0007625	0.844444	0
	0.321	0.0006125	0.00079375	0.837778	0
	0.322	0.0006875	0.00080625	0.832962	0
	0.323	0.00065625	0.00073125	0.832215	0
	0.324	0.00060625	0.000825	0.832215	0
	0.325	0.0005875	0.0007875	0.82774	0
	0.326	0.00055	0.000825	0.827354	0
	0.327	0.000575	0.00085	0.829213	0
	0.328	0.00055625	0.000675	0.831081	0
	0.329	0.00061875	0.00089375	0.831081	0
	0.33	0.00059375	0.0009	0.826577	0
	0.331	0.0006375	0.00085625	0.823529	0
	0.332	0.000675	0.00079375	0.825	0
	0.333	0.00078125	0.00079375	0.825	0
	0.334	0.0006375	0.00085	0.822727	0
	0.335	0.00065	0.0008625	0.822323	0
	0.336	0.0006875	0.0009125	0.825688	0
	0.337	0.00074375	0.00079375	0.822989	0
	0.338	0.00078125	0.0008125	0.824885	0
	0.339	0.00081875	0.0008	0.824885	0
	0.34	0.00074375	0.0007375	0.830626	0
	0.341	0.00059375	0.00089375	0.832558	0
	0.342	0.00068125	0.0006625	0.830233	0
	0.343	0.00064375	0.00073125	0.827907	0
	0.344	0.00076875	0.0006875	0.827506	0
	0.345	0.0006375	0.0007625	0.831382	0
	0.346	0.00073125	0.00078125	0.833333	0
	0.347	0.00069375	0.0008	0.833333	0
	0.348	0.00069375	0.000725	0.830986	0
	0.349	0.00064375	0.00065	0.830986	0
	0.35	0.0008625	0.0006625	0.834515	0
	0.351	0.00063125	0.0007125	0.83848	0
	0.352	0.00056875	0.0007625	0.833729	0
	0.353	0.00064375	0.00071875	0.831354	0
	0.354	0.0006875	0.00070625	0.828979	0
	0.355	0.00064375	0.000775	0.821429	0
	0.356	0.0007	0.00065	0.818616	0
	0.357	0.00065625	0.0008125	0.815789	0
	0.358	0.00073125	0.0008625	0.821687	0
	0.359	0.0006	0.0007	0.823245	0
	0.36	0.00056875	0.0007875	0.820388	0
	0.361	0.00064375	0.0007	0.822384	0
	0.362	0.00056875	0.0008	0.817518	0
	0.363	0.0006375	0.00071875	0.817518	0
	0.364	0.00055625	0.00079375	0.821516	0
	0.365	0.00056875	0.00069375	0.823529	0
	0.366	0.00056875	0.0006875	0.818627	0
	0.367	0.0006375	0.0007125	0.816176	0
	0.368	0.00053125	0.00076875	0.811275	0
	0.369	0.000575	0.0007625	0.813268	0
	0.37	0.0006125	0.000675	0.813268	0
	0.371	0.00050625	0.00064375	0.812808	0
	0.372	0.000475	0.000725	0.816832	0
	0.373	0.0005625	0.00080625	0.816377	0
	0.374	0.00060625	0.000675	0.813896	0
	0.375	0.00055625	0.00061875	0.812968	0
	0.376	0.00055	0.00066875	0.814536	0
	0.377	0.00058125	0.00071875	0.81407	0
	0.378	0.00061875	0.0006625	0.813602	0
	0.379	0.00059375	0.000625	0.813602	0
	0.38	0.00053125	0.000675	0.81519	0
	0.381	0.000675	0.0006125	0.819338	0
	0.382	0.00061875	0.00059375	0.818878	0
	0.383	0.00059375	0.0006125	0.820972	0
	0.384	0.00049375	0.00060625	0.820513	0
	0.385	0.000625	0.000725	0.822165	0
	0.386	0.00054375	0.0007125	0.821705	0
	0.387	0.0005	0.000725	0.818182	0
	0.388	0.00064375	0.00065625	0.817708	0
	0.389	0.00055	0.00060625	0.809896	0
	0.39	0.00055625	0.0006625	0.814136	0
	0.391	0.000775	0.0005375	0.811518	0
	0.392	0.0005125	0.0006625	0.811024	0
	0.393	0.00065	0.000675	0.811024	0
	0.394	0.00058125	0.00065625	0.810526	0
	0.395	0.0005625	0.00084375	0.810026	0
	0.396	0.00049375	0.000775	0.814324	0
	0.397	0.0005625	0.00065	0.816489	0
	0.398	0.00045625	0.000625	0.81383	0
	0.399	0.000575	0.00069375	0.813333	0
	0.4	0.00055	0.00070625	0.815013	0
	0.401	0.00059375	0.00079375	0.815013	0
	0.402	0.000575	0.00073125	0.814516	0
	0.403	0.00063125	0.0006125	0.818428	0
	0.404	0.00049375	0.00061875	0.81694	0
	0.405	0.0004375	0.00074375	0.818681	0
	0.406	0.000575	0.00065625	0.818182	0
	0.407	0.00059375	0.00068125	0.815427	0
	0.408	0.00048125	0.000825	0.817175	0
	0.409	0.00056875	0.00069375	0.817175	0
	0.41	0.00044375	0.00075625	0.817175	0
	0.411	0.00059375	0.0005875	0.811634	0
	0.412	0.00055	0.000625	0.813889	0
	0.413	0.0005125	0.000625	0.818436	0
	0.414	0.00060625	0.00051875	0.815642	0
	0.415	0.00054375	0.0006125	0.812849	0
	0.416	0.00059375	0.000725	0.815126	0
	0.417	0.0004875	0.000525	0.812325	0
	0.418	0.00055	0.00059375	0.814607	0
	0.419	0.00044375	0.000625	0.811268	0
	0.42	0.0005125	0.0005375	0.810734	0
	0.421	0.000475	0.0006875	0.815341	0
	0.422	0.00046875	0.00060625	0.809659	0
	0.423	0.000575	0.00068125	0.814286	0
	0.424	0.00051875	0.00073125	0.816619	0
	0.425	0.00063125	0.00065625	0.810888	0
	0.426	0.000575	0.0006375	0.813218	0
	0.427	0.00064375	0.0006	0.810345	0
	0.428	0.00054375	0.0005875	0.807471	0
	0.429	0.00054375	0.0006875	0.809798	0
	0.43	0.000575	0.00068125	0.806916	0
	0.431	0.00065	0.00070625	0.811594	0
	0.432	0.00061875	0.0008125	0.813411	0
	0.433	0.00048125	0.00066875	0.815789	0
	0.434	0.00055	0.00066875	0.815789	0
	0.435	0.0005125	0.00056875	0.812865	0
	0.436	0.00055625	0.00055	0.812317	0
	0.437	0.00045	0.00053125	0.811765	0
	0.438	0.00055625	0.00066875	0.811209	0
	0.439	0.00051875	0.00069375	0.813609	0
	0.44	0.00050625	0.00055	0.807692	0
	0.441	0.0006125	0.0004875	0.810089	0
	0.442	0.00049375	0.0005375	0.804154	0
	0.443	0.0004875	0.0005625	0.804154	0
	0.444	0.00045625	0.00063125	0.804154	0
	0.445	0.0005375	0.0006125	0.79822	0
	0.446	0.0005375	0.0006125	0.797015	0
	0.447	0.00044375	0.0005625	0.804217	0
	0.448	0.0004875	0.00064375	0.801205	0
	0.449	0.00041875	0.0006125	0.800604	0
	0.45	0.00050625	0.0005125	0.797583	0
	0.451	0.00046875	0.0005625	0.797583	0
	0.452	0.00043125	0.00060625	0.8	0
	0.453	0.00055	0.00066875	0.799392	0
	0.454	0.00053125	0.0006125	0.809231	0
	0.455	0.00045625	0.00059375	0.806154	0
	0.456	0.0004625	0.0005875	0.806154	0
	0.457	0.00043125	0.00051875	0.806154	0
	0.458	0.000475	0.00058125	0.8	0
	0.459	0.00045	0.00051875	0.802469	0
	0.46	0.0004375	0.00064375	0.801858	0
	0.461	0.00044375	0.00055	0.801242	0
	0.462	0.00048125	0.00055	0.803738	0
	0.463	0.00055625	0.0006375	0.800623	0
	0.464	0.0004375	0.0006	0.813291	0
	0.465	0.0004875	0.00059375	0.815873	0
	0.466	0.00046875	0.000525	0.815873	0
	0.467	0.000375	0.00059375	0.812698	0
	0.468	0.00049375	0.000575	0.812698	0
	0.469	0.0003875	0.0007	0.812698	0
	0.47	0.00035625	0.000625	0.812698	0
	0.471	0.00039375	0.00055625	0.817891	0
	0.472	0.0004375	0.0006625	0.817891	0
	0.473	0.0004	0.000625	0.81672	0
	0.474	0.00038125	0.0005375	0.81672	0
	0.475	0.0004875	0.00055625	0.827362	0
	0.476	0.00051875	0.00056875	0.829508	0
	0.477	0.00049375	0.00051875	0.82623	0
	0.478	0.0004125	0.0005125	0.82623	0
	0.479	0.00035625	0.00054375	0.825658	0
	0.48	0.0003875	0.00053125	0.828383	0
	0.481	0.00033125	0.00055625	0.831126	0
	0.482	0.00040625	0.00056875	0.836667	0
	0.483	0.00045625	0.00055	0.836667	0
	0.484	0.00044375	0.00064375	0.842282	0
	0.485	0.00040625	0.000575	0.842282	0
	0.486	0.000425	0.0005	0.841751	0
	0.487	0.00045625	0.00045625	0.838384	0
	0.488	0.00044375	0.00054375	0.838384	0
	0.489	0.0003375	0.0005	0.843537	0
	0.49	0.000425	0.00054375	0.843537	0
	0.491	0.00045	0.00053125	0.843537	0
	0.492	0.0003875	0.000625	0.846416	0
	0.493	0.00024375	0.000625	0.843003	0
	0.494	0.0003875	0.00053125	0.843003	0
	0.495	0.0003125	0.000575	0.83959	0
	0.496	0.0003	0.00065625	0.845361	0
	0.497	0.00039375	0.00055625	0.845361	0
	0.498	0.00034375	0.00053125	0.850694	0
	0.499	0.00035625	0.000575	0.850174	0
	0.5	0.0003625	0.0006125	0.84965	0
	0.501	0.0004	0.0005375	0.84965	0
	0.502	0.000275	0.00045	0.842657	0
	0.503	0.00033125	0.00056875	0.835664	0
	0.504	0.000375	0.000425	0.838596	0
	0.505	0.000275	0.0005875	0.841549	0
	0.506	0.000325	0.0006	0.841549	0
	0.507	0.00029375	0.0005125	0.844523	0
	0.508	0.00034375	0.00050625	0.844523	0
	0.509	0.0003	0.0005875	0.840426	0
	0.51	0.00035625	0.00055625	0.839858	0
	0.511	0.000275	0.0005875	0.842857	0
	0.512	0.00025625	0.0004875	0.845878	0
	0.513	0.00029375	0.00055	0.844765	0
	0.514	0.00025	0.00063125	0.844203	0
	0.515	0.0002	0.00048125	0.844203	0
	0.516	0.00025	0.0004625	0.844203	0
	0.517	0.00035625	0.0004625	0.843636	0
	0.518	0.0002875	0.00051875	0.843636	0
	0.519	0.00030625	0.00055	0.843636	0
	0.52	0.00031875	0.0006125	0.842491	0
	0.521	0.0003375	0.00051875	0.848148	0
	0.522	0.000225	0.00055	0.851301	0
	0.523	0.0003375	0.00049375	0.853933	0
	0.524	0.00030625	0.00049375	0.853933	0
	0.525	0.00031875	0.00045625	0.853383	0
	0.526	0.00025	0.00051875	0.856604	0
	0.527	0.00020625	0.000525	0.856604	0
	0.528	0.00028125	0.0005875	0.856604	0
	0.529	0.0002875	0.0004875	0.856604	0
	0.53	0.000275	0.00051875	0.856604	0
	0.531	0.000275	0.0005	0.85283	0
	0.532	0.0003625	0.00053125	0.848485	0
	0.533	0.00026875	0.00043125	0.847909	0
	0.534	0.00030625	0.00045	0.851145	0
	0.535	0.00035	0.00051875	0.851145	0
	0.536	0.00021875	0.00044375	0.853846	0
	0.537	0.00035	0.000575	0.853846	0
	0.538	0.0003375	0.00050625	0.857143	0
	0.539	0.0003875	0.00053125	0.857143	0
	0.54	0.00036875	0.000375	0.856589	0
	0.541	0.00028125	0.00054375	0.856589	0
	0.542	0.00031875	0.00048125	0.856031	0
	0.543	0.0003625	0.000475	0.856031	0
	0.544	0.0003125	0.000525	0.855469	0
	0.545	0.00029375	0.0006	0.858824	0
	0.546	0.00024375	0.00041875	0.854902	0
	0.547	0.00024375	0.00049375	0.854902	0
	0.548	0.00026875	0.0004375	0.854902	0
	0.549	0.000275	0.00056875	0.85098	0
	0.55	0.00038125	0.000525	0.854331	0
	0.551	0.000275	0.000575	0.854331	0
	0.552	0.00028125	0.00055625	0.850394	0
	0.553	0.0003125	0.0005875	0.846457	0
	0.554	0.00028125	0.000475	0.838583	0
	0.555	0.0002625	0.0005125	0.834646	0
	0.556	0.0003125	0.000575	0.830709	0
	0.557	0.00025625	0.00051875	0.826087	0
	0.558	0.00031875	0.000475	0.826087	0
	0.559	0.00028125	0.00048125	0.821429	0
	0.56	0.00030625	0.0004375	0.81746	0
	0.561	0.00043125	0.0005125	0.813492	0
	0.562	0.00035	0.00058125	0.82	0
	0.563	0.00044375	0.00045625	0.826613	0
	0.564	0.0003125	0.0004375	0.82996	0
	0.565	0.00025	0.000325	0.82996	0
	0.566	0.00034375	0.0004375	0.82996	0
	0.567	0.0003125	0.0005625	0.825203	0
	0.568	0.00031875	0.00048125	0.817073	0
	0.569	0.0003625	0.00058125	0.820408	0
	0.57	0.0002375	0.000525	0.82377	0
	0.571	0.000375	0.0004625	0.823045	0
	0.572	0.00039375	0.00048125	0.814815	0
	0.573	0.00031875	0.0005	0.814815	0
	0.574	0.00043125	0.0004125	0.814815	0
	0.575	0.00031875	0.00043125	0.817427	0
	0.576	0.00046875	0.00044375	0.813278	0
	0.577	0.0002875	0.00039375	0.804979	0
	0.578	0.00040625	0.00044375	0.8	0
	0.579	0.00039375	0.0004375	0.8	0
	0.58	0.00035625	0.0004125	0.8	0
	0.581	0.00038125	0.00051875	0.795833	0
	0.582	0.00043125	0.0004875	0.802521	0
	0.583	0.0003875	0.00045625	0.802521	0
	0.584	0.00041875	0.00048125	0.798319	0
	0.585	0.00044375	0.0005	0.794118	0
	0.586	0.00035	0.00038125	0.785714	0
	0.587	0.0003375	0.00044375	0.78903	0
	0.588	0.00048125	0.0003875	0.78903	0
	0.589	0.0004375	0.0004875	0.792373	0
	0.59	0.00045	0.00058125	0.792373	0
	0.591	0.0004125	0.0004875	0.788136	0
	0.592	0.000475	0.00040625	0.791489	0
	0.593	0.00045625	0.00051875	0.794872	0
	0.594	0.0004125	0.00044375	0.794872	0
	0.595	0.00041875	0.000525	0.794872	0
	0.596	0.00045	0.00035625	0.794872	0
	0.597	0.00051875	0.00048125	0.794872	0
	0.598	0.0005125	0.0004625	0.798283	0
	0.599	0.000425	0.0004125	0.793991	0
	0.6	0.00044375	0.000475	0.7897	0
	0.601	0.0005375	0.00043125	0.781116	0
	0.602	0.0004625	0.00040625	0.787879	0
	0.603	0.000525	0.00048125	0.78355	0
	0.604	0.000475	0.00039375	0.78355	0
	0.605	0.00035	0.00050625	0.786957	0
	0.606	0.00049375	0.00040625	0.790393	0
	0.607	0.00050625	0.000525	0.790393	0
	0.608	0.00045	0.0004125	0.786026	0
	0.609	0.00044375	0.0004625	0.777293	0
	0.61	0.00054375	0.00046875	0.780702	0
	0.611	0.000525	0.0004125	0.776316	0
	0.612	0.000475	0.000475	0.779736	0
	0.613	0.00038125	0.00041875	0.783186	0
	0.614	0.0004625	0.0005125	0.782222	0
	0.615	0.00044375	0.000425	0.782222	0
	0.616	0.00039375	0.0004	0.785714	0
	0.617	0.0004	0.00044375	0.784753	0
	0.618	0.00039375	0.00048125	0.788288	0
	0.619	0.00035	0.00040625	0.788288	0
	0.62	0.00045	0.0004	0.791855	0
	0.621	0.0003625	0.00039375	0.790909	0
	0.622	0.000375	0.00040625	0.790909	0
	0.623	0.00036875	0.00044375	0.786364	0
	0.624	0.0003875	0.00046875	0.781818	0
	0.625	0.0003875	0.000375	0.784404	0
	0.626	0.000325	0.00038125	0.795349	0
	0.627	0.0004	0.00040625	0.790698	0
	0.628	0.000275	0.00045	0.790698	0
	0.629	0.0002375	0.0003625	0.794393	0
	0.63	0.00028125	0.00043125	0.793427	0
	0.631	0.00038125	0.000425	0.793427	0
	0.632	0.00030625	0.00041875	0.793427	0
	0.633	0.00045625	0.00045	0.793427	0
	0.634	0.00025	0.00038125	0.787736	0
	0.635	0.00028125	0.0004125	0.781991	0
	0.636	0.00025	0.00036875	0.784689	0
	0.637	0.00025625	0.0003875	0.784689	0
	0.638	0.00026875	0.00041875	0.792271	0
	0.639	0.00026875	0.000425	0.78744	0
	0.64	0.0003	0.00040625	0.781553	0
	0.641	0.000325	0.0003625	0.789216	0
	0.642	0.00025625	0.0004	0.793103	0
	0.643	0.00028125	0.0004375	0.793103	0
	0.644	0.00025	0.000475	0.800995	0
	0.645	0.00030625	0.00038125	0.8	0
	0.646	0.0003	0.00035625	0.8	0
	0.647	0.00025	0.00043125	0.80303	0
	0.648	0.00021875	0.00035625	0.80303	0
	0.649	0.00029375	0.00034375	0.807107	0
	0.65	0.00033125	0.00029375	0.815385	0
	0.651	0.00033125	0.00044375	0.814433	0
	0.652	0.00033125	0.000375	0.814433	0
	0.653	0.00030625	0.00045	0.813472	0
	0.654	0.000225	0.000325	0.813472	0
	0.655	0.00033125	0.0004125	0.817708	0
	0.656	0.000275	0.0004	0.817708	0
	0.657	0.00029375	0.00043125	0.817708	0
	0.658	0.000275	0.000375	0.817708	0
	0.659	0.00030625	0.00036875	0.807292	0
	0.66	0.00029375	0.00038125	0.811518	0
	0.661	0.0003125	0.0004125	0.815789	0
	0.662	0.0002625	0.0003375	0.815789	0
	0.663	0.0003625	0.00036875	0.810526	0
	0.664	0.00030625	0.00036875	0.798942	0
	0.665	0.0004	0.00035	0.797872	0
	0.666	0.00033125	0.00033125	0.802139	0
	0.667	0.00034375	0.00038125	0.802139	0
	0.668	0.000375	0.00026875	0.806452	0
	0.669	0.00034375	0.00033125	0.801075	0
	0.67	0.00033125	0.0003125	0.795699	0
	0.671	0.0002875	0.000325	0.795699	0
	0.672	0.00031875	0.00038125	0.794595	0
	0.673	0.0004125	0.00030625	0.798913	0
	0.674	0.00035	0.0003875	0.793478	0
	0.675	0.0002875	0.0003125	0.793478	0
	0.676	0.00024375	0.00030625	0.797814	0
	0.677	0.000325	0.0002875	0.802198	0
	0.678	0.00024375	0.000425	0.80663	0
	0.679	0.00025	0.00035625	0.80663	0
	0.68	0.00021875	0.00034375	0.80663	0
	0.681	0.00025625	0.00041875	0.80663	0
	0.682	0.00023125	0.00031875	0.801105	0
	0.683	0.00039375	0.00023125	0.801105	0
	0.684	0.000325	0.0002625	0.8	0
	0.685	0.0003625	0.0004625	0.804469	0
	0.686	0.00025	0.0003375	0.798883	0
	0.687	0.000325	0.000375	0.793296	0
	0.688	0.00028125	0.00028125	0.797753	0
	0.689	0.00035	0.00036875	0.806818	0
	0.69	0.00024375	0.0003375	0.801136	0
	0.691	0.000375	0.0003	0.795455	0
	0.692	0.00028125	0.00029375	0.794286	0
	0.693	0.00026875	0.00029375	0.787356	0
	0.694	0.00023125	0.00031875	0.791908	0
	0.695	0.00029375	0.00031875	0.795322	0
	0.696	0.00030625	0.0003	0.789474	0
	0.697	0.000225	0.0002625	0.789474	0
	0.698	0.00034375	0.00021875	0.783626	0
	0.699	0.00026875	0.0002375	0.777778	0
	0.7	0.00030625	0.0003	0.782353	0
	0.701	0.000325	0.00030625	0.776471	0
	0.702	0.00030625	0.00033125	0.776471	0
	0.703	0.00033125	0.0002875	0.776471	0
	0.704	0.000325	0.0002625	0.776471	0
	0.705	0.00024375	0.00041875	0.781065	0
	0.706	0.00033125	0.00035	0.775148	0
	0.707	0.000275	0.00026875	0.775148	0
	0.708	0.0002875	0.00029375	0.779762	0
	0.709	0.00029375	0.0003	0.767857	0
	0.71	0.00029375	0.00025	0.767857	0
	0.711	0.0003375	0.00035	0.76506	0
	0.712	0.0002875	0.0002625	0.763636	0
	0.713	0.00035625	0.00030625	0.763636	0
	0.714	0.0003875	0.0003	0.773006	0
	0.715	0.00031875	0.00025	0.771605	0
	0.716	0.00033125	0.0002875	0.771605	0
	0.717	0.000275	0.00025625	0.771605	0
	0.718	0.00034375	0.000275	0.776398	0
	0.719	0.00031875	0.00028125	0.776398	0
	0.72	0.00035	0.000275	0.78125	0
	0.721	0.000325	0.0003125	0.78125	0
	0.722	0.0004	0.00026875	0.775	0
	0.723	0.0003625	0.00028125	0.78481	0
	0.724	0.0003625	0.000275	0.778481	0
	0.725	0.00035	0.00026875	0.765823	0
	0.726	0.0003375	0.00025625	0.746835	0
	0.727	0.0002875	0.000325	0.740506	0
	0.728	0.0003875	0.00025625	0.727848	0
	0.729	0.00044375	0.00025625	0.732484	0
	0.73	0.0004875	0.00028125	0.735484	0
	0.731	0.00034375	0.00023125	0.745098	0
	0.732	0.000375	0.00030625	0.75	0
	0.733	0.00043125	0.00018125	0.75	0
	0.734	0.00035625	0.0002375	0.736842	0
	0.735	0.0003875	0.0001875	0.741722	0
	0.736	0.00036875	0.00016875	0.746667	0
	0.737	0.0003125	0.0002625	0.746667	0
	0.738	0.00034375	0.00026875	0.751678	0
	0.739	0.0004375	0.0002375	0.738255	0
	0.74	0.0003625	0.00028125	0.731544	0
	0.741	0.00031875	0.0002875	0.731544	0
	0.742	0.00041875	0.0002	0.731544	0
	0.743	0.00045	0.00029375	0.724832	0
	0.744	0.0003125	0.00025625	0.724832	0
	0.745	0.00041875	0.00025	0.711409	0
	0.746	0.00029375	0.00028125	0.711409	0
	0.747	0.0003625	0.0001625	0.704698	0
	0.748	0.00036875	0.00025625	0.704698	0
	0.749	0.000325	0.0002125	0.714286	0
	0.75	0.00049375	0.00021875	0.719178	0
	0.751	0.00041875	0.00020625	0.705479	0
	0.752	0.00031875	0.0002375	0.705479	0
	0.753	0.0004375	0.00020625	0.705479	0
	0.754	0.0004	0.000275	0.705479	0
	0.755	0.00033125	0.0002	0.69863	0
	0.756	0.00038125	0.00016875	0.703448	0
	0.757	0.00033125	0.00025	0.703448	0
	0.758	0.0004	0.00013125	0.703448	0
	0.759	0.00045625	0.00020625	0.703448	0
	0.76	0.00035	0.00018125	0.689655	0
	0.761	0.00040625	0.0001875	0.682759	0
	0.762	0.0004125	0.00018125	0.678322	0
	0.763	0.000375	0.000225	0.683099	0
	0.764	0.00033125	0.00025625	0.692857	0
	0.765	0.00040625	0.00020625	0.676259	0
	0.766	0.00043125	0.000275	0.681159	0
	0.767	0.0003125	0.00020625	0.691176	0
	0.768	0.00045625	0.000175	0.688889	0
	0.769	0.000425	0.000225	0.688889	0
	0.77	0.00040625	0.00019375	0.681481	0
	0.771	0.00039375	0.00015625	0.686567	0
	0.772	0.0003875	0.0002	0.70229	0
	0.773	0.000375	0.00018125	0.707692	0
	0.774	0.00035625	0.0002125	0.713178	0
	0.775	0.0003125	0.00025	0.71875	0
	0.776	0.000375	0.0002375	0.71875	0
	0.777	0.0003125	0.00015625	0.724409	0
	0.778	0.0003	0.0001875	0.716535	0
	0.779	0.00031875	0.00014375	0.722222	0
	0.78	0.0003875	0.0002375	0.714286	0
	0.781	0.00038125	0.0001875	0.714286	0
	0.782	0.00035	0.00021875	0.712	0
	0.783	0.0004125	0.00020625	0.715447	0
	0.784	0.0003375	0.00019375	0.699187	0
	0.785	0.0003625	0.00018125	0.699187	0
	0.786	0.000325	0.0002	0.699187	0
	0.787	0.00034375	0.0002125	0.699187	0
	0.788	0.00039375	0.00016875	0.691057	0
	0.789	0.0003625	0.0002	0.696721	0
	0.79	0.00035625	0.00016875	0.694215	0
	0.791	0.0004125	0.00016875	0.694215	0
	0.792	0.00043125	0.00016875	0.691667	0
	0.793	0.00030625	0.00016875	0.689076	0
	0.794	0.00038125	0.00020625	0.694915	0
	0.795	0.00035625	0.0002125	0.686441	0
	0.796	0.0004	0.00013125	0.698276	0
	0.797	0.00040625	0.0001625	0.698276	0
	0.798	0.00035	0.00016875	0.710526	0
	0.799	0.0004	0.000175	0.716814	0
	0.8	0.00034375	0.00015	0.716814	0
	0.801	0.00029375	8.125e-05	0.723214	0
	0.802	0.00036875	0.00018125	0.714286	0
	0.803	0.00028125	0.0001875	0.711712	0
	0.804	0.0003	0.0001625	0.711712	0
	0.805	0.00040625	0.00018125	0.711712	0
	0.806	0.00029375	0.0001625	0.724771	0
	0.807	0.00038125	0.00021875	0.715596	0
	0.808	0.00021875	0.00015	0.706422	0
	0.809	0.00034375	0.00023125	0.688073	0
	0.81	0.00033125	0.00015625	0.688073	0
	0.811	0.00029375	0.00016875	0.694444	0
	0.812	0.00028125	0.0001625	0.694444	0
	0.813	0.00028125	0.00016875	0.675926	0
	0.814	0.00031875	0.00014375	0.682243	0
	0.815	0.0003125	0.0001625	0.682243	0
	0.816	0.00031875	0.00014375	0.672897	0
	0.817	0.00021875	0.00011875	0.672897	0
	0.818	0.0002875	0.00015625	0.679245	0
	0.819	0.00028125	0.00020625	0.666667	0
	0.82	0.00031875	0.00015	0.666667	0
	0.821	0.00028125	0.00016875	0.663462	0
	0.822	0.0002375	0.00019375	0.676471	0
	0.823	0.00035	0.000175	0.683168	0
	0.824	0.00025625	0.0001	0.69	0
	0.825	0.00026875	0.0001375	0.69	0
	0.826	0.00033125	0.0001375	0.69	0
	0.827	0.00035	6.875e-05	0.69697	0
	0.828	0.0003	0.0001	0.676768	0
	0.829	0.00030625	8.75e-05	0.690722	0
	0.83	0.00038125	0.000125	0.697917	0
	0.831	0.00025625	0.0001125	0.705263	0
	0.832	0.00035	0.0001375	0.712766	0
	0.833	0.00031875	0.0001125	0.72043	0
	0.834	0.00031875	0.0001125	0.72043	0
	0.835	0.00035625	9.375e-05	0.72043	0
	0.836	0.00035625	8.125e-05	0.72043	0
	0.837	0.00024375	0.00013125	0.736264	0
	0.838	0.00029375	0.00015	0.744444	0
	0.839	0.00035625	0.00015625	0.744444	0
	0.84	0.00030625	0.00011875	0.752809	0
	0.841	0.0003	0.0001375	0.752809	0
	0.842	0.00029375	8.75e-05	0.741573	0
	0.843	0.00029375	0.00015625	0.719101	0
	0.844	0.000325	0.00010625	0.719101	0
	0.845	0.00034375	0.0001	0.719101	0
	0.846	0.00020625	0.00015	0.727273	0
	0.847	0.0002375	0.00010625	0.735632	0
	0.848	0.00024375	0.000175	0.735632	0
	0.849	0.00035625	0.000125	0.744186	0
	0.85	0.0002375	9.375e-05	0.732558	0
	0.851	0.00026875	0.00010625	0.72093	0
	0.852	0.0002625	0.0001125	0.709302	0
	0.853	0.0002	9.375e-05	0.709302	0
	0.854	0.0002125	8.75e-05	0.72619	0
	0.855	0.0001875	0.00010625	0.743902	0
	0.856	0.00018125	0.0001375	0.731707	0
	0.857	0.0002	0.00010625	0.719512	0
	0.858	0.00020625	9.375e-05	0.719512	0
	0.859	0.00019375	0.00010625	0.728395	0
	0.86	0.00016875	0.00010625	0.7375	0
	0.861	0.000175	0.0001	0.725	0
	0.862	0.0002125	0.0001	0.730769	0
	0.863	0.00020625	0.0001	0.730769	0
	0.864	0.0002125	0.00015	0.74026	0
	0.865	0.00018125	8.75e-05	0.74026	0
	0.866	0.0002	0.0001125	0.714286	0
	0.867	0.0002125	7.5e-05	0.743243	0
	0.868	0.000175	0.0001125	0.739726	0
	0.869	0.00020625	0.0001	0.739726	0
	0.87	0.0002	8.125e-05	0.726027	0
	0.871	0.00024375	8.75e-05	0.736111	0
	0.872	0.00018125	6.875e-05	0.722222	0
	0.873	0.00025625	6.875e-05	0.722222	0
	0.874	0.0002625	8.75e-05	0.708333	0
	0.875	0.00035625	6.25e-05	0.690141	0
	0.876	0.0002875	5.625e-05	0.710145	0
	0.877	0.000225	0.00010625	0.710145	0
	0.878	0.00028125	7.5e-05	0.695652	0
	0.879	0.0002875	5.625e-05	0.695652	0
	0.88	0.0004375	6.875e-05	0.681159	0
	0.881	0.000225	6.25e-05	0.681159	0
	0.882	0.00033125	0.00015625	0.666667	0
	0.883	0.00025	9.375e-05	0.666667	0
	0.884	0.0003	3.75e-05	0.676471	0
	0.885	0.0003125	0.0001125	0.661765	0
	0.886	0.00028125	0.0001125	0.647059	0
	0.887	0.00035	6.875e-05	0.656716	0
	0.888	0.000375	6.25e-05	0.656716	0
	0.889	0.00031875	0.0001	0.641791	0
	0.89	0.0003125	5.625e-05	0.641791	0
	0.891	0.00035	5e-05	0.641791	0
	0.892	0.00035	6.25e-05	0.636364	0
	0.893	0.0002875	8.125e-05	0.636364	0
	0.894	0.0003875	4.375e-05	0.646154	0
	0.895	0.0003375	6.25e-05	0.646154	0
	0.896	0.0003125	5.625e-05	0.65625	0
	0.897	0.000375	4.375e-05	0.65625	0
	0.898	0.00036875	8.125e-05	0.65625	0
	0.899	0.00033125	6.25e-05	0.650794	0
	0.9	0.0003375	7.5e-05	0.650794	0
	0.901	0.00030625	8.75e-05	0.645161	0
	0.902	0.00026875	8.125e-05	0.639344	0
	0.903	0.00025625	6.25e-05	0.639344	0
	0.904	0.0003	7.5e-05	0.65	0
	0.905	0.00029375	3.125e-05	0.65	0
	0.906	0.000275	6.875e-05	0.644068	0
	0.907	0.00025	3.75e-05	0.655172	0
	0.908	0.0003	6.25e-05	0.666667	0
	0.909	0.00028125	4.375e-05	0.666667	0
	0.91	0.00030625	9.375e-05	0.649123	0
	0.911	0.00021875	4.375e-05	0.649123	0
	0.912	0.00028125	6.875e-05	0.649123	0
	0.913	0.00019375	3.125e-05	0.649123	0
	0.914	0.00028125	2.5e-05	0.631579	0
	0.915	0.000325	2.5e-05	0.631579	0
	0.916	0.0002	7.5e-05	0.642857	0
	0.917	0.00018125	2.5e-05	0.642857	0
	0.918	0.000275	3.75e-05	0.642857	0
	0.919	0.00029375	4.375e-05	0.692308	0
	0.92	0.00025	2.5e-05	0.673077	0
	0.921	0.00024375	4.375e-05	0.653846	0
	0.922	0.00019375	3.75e-05	0.666667	0
	0.923	0.0002125	6.25e-06	0.68	0
	0.924	0.000225	1.875e-05	0.68	0
	0.925	0.00015625	5e-05	0.708333	0
	0.926	0.0001875	1.875e-05	0.723404	0
	0.927	0.000225	4.375e-05	0.723404	0
	0.928	0.0001625	4.375e-05	0.723404	0
	0.929	0.0001875	3.125e-05	0.723404	0
	0.93	0.00016875	4.375e-05	0.717391	0
	0.931	0.0001875	1.25e-05	0.75	0
	0.932	0.00023125	5.625e-05	0.785714	0
	0.933	0.0002125	1.25e-05	0.761905	0
	0.934	0.000125	2.5e-05	0.738095	0
	0.935	0.0001875	2.5e-05	0.738095	0
	0.936	0.0001875	3.125e-05	0.756098	0
	0.937	0.0001125	3.125e-05	0.756098	0
	0.938	0.00014375	3.125e-05	0.756098	0
	0.939	0.0002	2.5e-05	0.756098	0
	0.94	0.0001125	6.25e-06	0.731707	0
	0.941	0.0001875	3.75e-05	0.707317	0
	0.942	0.00010625	1.25e-05	0.707317	0
	0.943	0.00015	3.75e-05	0.658537	0
	0.944	0.00015	2.5e-05	0.65	0
	0.945	0.0001375	3.75e-05	0.625	0
	0.946	0.000175	5e-05	0.641026	0
	0.947	0.00018125	3.75e-05	0.675676	0
	0.948	0.0001125	1.25e-05	0.648649	0
	0.949	0.0001875	1.875e-05	0.666667	0
	0.95	0.000225	2.5e-05	0.666667	0
	0.951	0.0002125	3.125e-05	0.638889	0
	0.952	0.00025625	1.25e-05	0.638889	0
	0.953	0.00026875	1.875e-05	0.611111	0
	0.954	0.00029375	1.875e-05	0.611111	0
	0.955	0.00034375	1.25e-05	0.583333	0
	0.956	0.0003375	1.25e-05	0.583333	0
	0.957	0.000325	1.25e-05	0.6	0
	0.958	0.0003625	1.875e-05	0.617647	0
	0.959	0.0003875	1.25e-05	0.558824	0
	0.96	0.00040625	6.25e-06	0.529412	0
	0.961	0.000325	1.875e-05	0.515152	0
	0.962	0.00046875	1.25e-05	0.484848	0
	0.963	0.0004125	1.875e-05	0.454545	0
	0.964	0.0004	1.875e-05	0.393939	0
	0.965	0.00040625	6.25e-06	0.393939	0
	0.966	0.00041875	1.25e-05	0.393939	0
	0.967	0.00054375	1.25e-05	0.393939	0
	0.968	0.0004375	2.5e-05	0.40625	0
	0.969	0.000525	1.25e-05	0.40625	0
	0.97	0.00045625	6.25e-06	0.419355	0
	0.971	0.00055	6.25e-06	0.419355	0
	0.972	0.00045625	6.25e-06	0.464286	0
	0.973	0.0005125	1.875e-05	0.407407	0
	0.974	0.00050625	0	0.407407	0
	0.975	0.0004375	3.125e-05	0.423077	0
	0.976	0.00038125	1.25e-05	0.44	0
	0.977	0.00033125	6.25e-06	0.458333	0
	0.978	0.00033125	1.25e-05	0.458333	0
	0.979	0.00033125	1.25e-05	0.416667	0
	0.98	0.00026875	0	0.391304	0
	0.981	0.00021875	0	0.347826	0
	0.982	0.00020625	6.25e-06	0.347826	0
	0.983	0.00025	0	0.333333	0
	0.984	0.0003	6.25e-06	0.35	0
	0.985	0.0003	0	0.388889	0
	0.986	0.00024375	1.25e-05	0.4	0
	0.987	0.000325	1.25e-05	0.428571	0
	0.988	0.00036875	6.25e-06	0.461538	0
	0.989	0.0003	6.25e-06	0.461538	0
	0.99	0.0004875	0	0.461538	0
	0.991	0.00039375	0	0.461538	0
	0.992	0.0002875	1.25e-05	0.461538	0
	0.993	0.00033125	6.25e-06	0.5	0
	0.994	0.00023125	0	0.545455	0
	0.995	0.0001625	6.25e-06	0.454545	0
	0.996	0.0001375	0	0.454545	0
	0.997	0.0001875	0	0.5	0
	0.998	0.0002625	6.25e-06	0.5	0
	0.999	0.00063125	6.25e-06	0.5	0
	1	0.00266875	0	0.166667	0


#	yrange	sparsity	# links	zeta	support at cross	fraction FP
	0	0.264375	423	0.00133424	0.878	0.107776
	0.3	0.264375	423	0.00133424	0.878	0.107776
