#	Frequencies and overlap
#	bins	MYC	shuffle	overlap_MYC	overlap_shuffle
	0	0.362144	0.401525	0.939885	0
	0.001	0.00030625	0	0.939885	0
	0.002	0.00025	0	0.939885	0
	0.003	0.00029375	0	0.939885	0
	0.004	0.000175	0	0.937977	0
	0.005	0.0001125	0	0.937977	0
	0.006	0.00013125	0	0.937977	0
	0.007	0.00010625	0	0.937977	0
	0.008	8.75e-05	0	0.939771	0
	0.009	0.00020625	0	0.939771	0
	0.01	0.00015	0	0.939771	0
	0.011	0.00014375	0	0.938815	0
	0.012	0.00010625	0	0.938815	0
	0.013	0.00013125	0	0.938815	0
	0.014	0.00010625	0	0.938815	0
	0.015	9.375e-05	0	0.938815	0
	0.016	9.375e-05	0	0.938815	0
	0.017	0.0001375	0	0.939713	0
	0.018	0.000225	0	0.939713	0
	0.019	0.00016875	0	0.939713	0
	0.02	0.00014375	0	0.939713	0
	0.021	0.00010625	0	0.940613	0
	0.022	0.00021875	0	0.940613	0
	0.023	0.00011875	0	0.940613	0
	0.024	0.00014375	0	0.940613	0
	0.025	6.25e-05	0	0.940613	0
	0.026	8.125e-05	0	0.940613	0
	0.027	0.00010625	0	0.939655	0
	0.028	5.625e-05	0	0.938697	0
	0.029	8.125e-05	0	0.938697	0
	0.03	5e-05	0	0.939597	0
	0.031	5.625e-05	0	0.939597	0
	0.032	4.375e-05	0	0.940499	0
	0.033	5e-05	0	0.940499	0
	0.034	4.375e-05	0	0.942308	0
	0.035	5e-05	0	0.942308	0
	0.036	1.25e-05	0	0.942308	0
	0.037	8.125e-05	0	0.942308	0
	0.038	8.75e-05	0	0.941346	0
	0.039	6.875e-05	0	0.941346	0
	0.04	0.00010625	0	0.939423	0
	0.041	0.00011875	0	0.939423	0
	0.042	0.00015625	0	0.939423	0
	0.043	0.00013125	0	0.939423	0
	0.044	0.0001625	0	0.939423	0
	0.045	0.00020625	0	0.939423	0
	0.046	0.00015625	0	0.93744	0
	0.047	0.0001625	0	0.93744	0
	0.048	0.000225	0	0.93744	0
	0.049	0.000225	0	0.93744	0
	0.05	0.0002375	0	0.93744	0
	0.051	0.0002375	0	0.93744	0
	0.052	0.00019375	0	0.93744	0
	0.053	0.00029375	0	0.93744	0
	0.054	0.00021875	0	0.93744	0
	0.055	0.00025	0	0.938343	0
	0.056	0.000175	0	0.938343	0
	0.057	0.0002	0	0.938343	0
	0.058	0.0002125	0	0.938343	0
	0.059	0.0002875	0	0.93738	0
	0.06	0.0002125	0	0.93738	0
	0.061	0.00015625	0	0.93738	0
	0.062	0.0001625	0	0.93738	0
	0.063	0.00015625	0	0.93738	0
	0.064	0.0001875	0	0.937319	0
	0.065	0.0001375	0	0.937319	0
	0.066	0.000125	0	0.937319	0
	0.067	0.00020625	0	0.937319	0
	0.068	0.0001375	0	0.93913	0
	0.069	9.375e-05	0	0.939981	0
	0.07	0.00013125	0	0.939981	0
	0.071	9.375e-05	0	0.939981	0
	0.072	0.00010625	0	0.939981	0
	0.073	9.375e-05	0	0.940891	0
	0.074	6.875e-05	0	0.940891	0
	0.075	8.125e-05	0	0.940891	0
	0.076	9.375e-05	0	0.940891	0
	0.077	9.375e-05	0	0.940777	0
	0.078	8.125e-05	0	0.940777	0
	0.079	0.0001375	0	0.940777	0
	0.08	7.5e-05	0	0.940777	0
	0.081	0.000125	0	0.941691	0
	0.082	0.0001	0	0.942607	0
	0.083	0.0001375	0	0.942607	0
	0.084	0.00015	0	0.943525	0
	0.085	0.00015625	0	0.943525	0
	0.086	0.00011875	0	0.942551	0
	0.087	8.125e-05	0	0.942495	0
	0.088	0.00011875	0	0.942495	0
	0.089	0.000175	0	0.943415	0
	0.09	0.00014375	0	0.941463	0
	0.091	0.00014375	0	0.941463	0
	0.092	0.00013125	0	0.941463	0
	0.093	0.0001625	0	0.941463	0
	0.094	0.00016875	0	0.941463	0
	0.095	0.00011875	0	0.940488	0
	0.096	0.00026875	0	0.940488	0
	0.097	0.00015625	0	0.940488	0
	0.098	0.0001625	0	0.940488	0
	0.099	0.00019375	0	0.940488	0
	0.1	0.00019375	0	0.940488	0
	0.101	0.000175	0	0.940488	0
	0.102	0.00019375	0	0.940488	0
	0.103	0.0002375	0	0.939512	0
	0.104	0.00014375	0	0.94043	0
	0.105	0.00016875	0	0.94043	0
	0.106	0.00013125	0	0.94043	0
	0.107	0.00026875	0	0.94043	0
	0.108	0.000275	0	0.939453	0
	0.109	0.0002	0	0.939453	0
	0.11	0.000225	0	0.940371	0
	0.111	0.00020625	0	0.940313	0
	0.112	0.000225	0	0.941234	0
	0.113	0.000175	0	0.941234	0
	0.114	0.00016875	0	0.941234	0
	0.115	0.0001875	0	0.940196	0
	0.116	0.0002125	0	0.940196	0
	0.117	0.0001875	0	0.940196	0
	0.118	0.00018125	0	0.940196	0
	0.119	0.00015	0	0.940196	0
	0.12	0.00015625	0	0.941119	0
	0.121	0.000225	0	0.942043	0
	0.122	0.000175	0	0.941061	0
	0.123	0.00020625	0	0.941061	0
	0.124	0.00021875	0	0.941986	0
	0.125	0.0002125	0	0.941986	0
	0.126	0.000175	0	0.941986	0
	0.127	0.00020625	0	0.941003	0
	0.128	0.00024375	0	0.938053	0
	0.129	0.00018125	0	0.938053	0
	0.13	0.00020625	0	0.938053	0
	0.131	0.000225	0	0.938053	0
	0.132	0.0002625	0	0.936087	0
	0.133	0.0001875	0	0.935103	0
	0.134	0.00023125	0	0.93412	0
	0.135	0.00021875	0	0.935961	0
	0.136	0.00025625	0	0.936884	0
	0.137	0.00024375	0	0.936821	0
	0.138	0.00020625	0	0.935834	0
	0.139	0.0002125	0	0.935771	0
	0.14	0.00023125	0	0.936634	0
	0.141	0.00021875	0	0.933663	0
	0.142	0.00024375	0	0.933663	0
	0.143	0.0003875	0	0.932673	0
	0.144	0.0002625	0	0.931683	0
	0.145	0.00025	0	0.931683	0
	0.146	0.00030625	0	0.932607	0
	0.147	0.000275	0	0.931615	0
	0.148	0.00025625	0	0.930624	0
	0.149	0.00038125	0	0.930624	0
	0.15	0.00029375	0	0.932473	0
	0.151	0.00035625	0	0.93148	0
	0.152	0.00036875	6.25e-06	0.931412	0
	0.153	0.00035625	0	0.930417	0
	0.154	0.00033125	0	0.932271	0
	0.155	0.00036875	0	0.932271	0
	0.156	0.00035	0	0.9332	0
	0.157	0.00039375	0	0.932203	0
	0.158	0.00040625	0	0.932203	0
	0.159	0.00040625	0	0.932136	0
	0.16	0.00050625	0	0.932136	0
	0.161	0.0004625	0	0.932136	0
	0.162	0.00049375	0	0.932136	0
	0.163	0.0005375	6.25e-06	0.932136	0
	0.164	0.00046875	0	0.932136	0
	0.165	0.00056875	0	0.932136	0
	0.166	0.00054375	0	0.932136	0
	0.167	0.00043125	0	0.932136	0
	0.168	0.000625	0	0.932136	0
	0.169	0.0004875	0	0.932068	0
	0.17	0.0004625	0	0.933	0
	0.171	0.00044375	0	0.932	0
	0.172	0.00051875	6.25e-06	0.932933	0
	0.173	0.0004625	0	0.932933	0
	0.174	0.000525	0	0.932933	0
	0.175	0.00048125	0	0.931864	0
	0.176	0.00050625	0	0.930862	0
	0.177	0.00053125	0	0.931795	0
	0.178	0.0004375	0	0.929789	0
	0.179	0.00048125	0	0.929789	0
	0.18	0.0004875	0	0.929719	0
	0.181	0.0004375	0	0.929719	0
	0.182	0.000575	1.25e-05	0.929648	0
	0.183	0.00039375	0	0.929648	0
	0.184	0.0004625	0	0.928571	0
	0.185	0.00030625	1.25e-05	0.927565	0
	0.186	0.00050625	0	0.927565	0
	0.187	0.00038125	0	0.930373	0
	0.188	0.00039375	0	0.928355	0
	0.189	0.000475	6.25e-06	0.929293	0
	0.19	0.00039375	1.25e-05	0.930162	0
	0.191	0.00043125	1.25e-05	0.928138	0
	0.192	0.000375	6.25e-06	0.927052	0
	0.193	0.000425	0	0.925025	0
	0.194	0.00036875	1.875e-05	0.922999	0
	0.195	0.00043125	6.25e-06	0.922999	0
	0.196	0.0004125	1.25e-05	0.924873	0
	0.197	0.000425	0	0.924873	0
	0.198	0.00038125	6.25e-06	0.928644	0
	0.199	0.00036875	1.25e-05	0.928498	0
	0.2	0.00033125	1.25e-05	0.930399	0
	0.201	0.00044375	1.25e-05	0.930399	0
	0.202	0.0003375	6.25e-06	0.932308	0
	0.203	0.0004	0	0.934224	0
	0.204	0.00045	6.25e-06	0.935185	0
	0.205	0.00044375	1.25e-05	0.935118	0
	0.206	0.00045625	6.25e-06	0.934089	0
	0.207	0.00055	0	0.935052	0
	0.208	0.0004375	6.25e-06	0.934917	0
	0.209	0.00040625	1.875e-05	0.934783	0
	0.21	0.00045	6.25e-06	0.934783	0
	0.211	0.0004125	6.25e-06	0.934783	0
	0.212	0.00043125	0	0.934783	0
	0.213	0.00041875	2.5e-05	0.934715	0
	0.214	0.00043125	1.25e-05	0.934715	0
	0.215	0.00041875	1.25e-05	0.935685	0
	0.216	0.00059375	4.375e-05	0.935685	0
	0.217	0.00043125	6.25e-06	0.934579	0
	0.218	0.00044375	3.125e-05	0.935551	0
	0.219	0.00041875	3.125e-05	0.934511	0
	0.22	0.00035	3.125e-05	0.933472	0
	0.221	0.00045625	6.25e-06	0.934443	0
	0.222	0.0004125	6.25e-06	0.932362	0
	0.223	0.00044375	2.5e-05	0.93125	0
	0.224	0.00043125	4.375e-05	0.930208	0
	0.225	0.00045	2.5e-05	0.929167	0
	0.226	0.000525	2.5e-05	0.931106	0
	0.227	0.00043125	1.875e-05	0.931034	0
	0.228	0.00044375	0	0.928945	0
	0.229	0.00045	5.625e-05	0.929843	0
	0.23	0.000575	3.75e-05	0.925577	0
	0.231	0.00043125	4.375e-05	0.924449	0
	0.232	0.0004125	4.375e-05	0.9234	0
	0.233	0.0004125	3.75e-05	0.92437	0
	0.234	0.000475	1.875e-05	0.923239	0
	0.235	0.00053125	2.5e-05	0.923158	0
	0.236	0.000575	5e-05	0.917895	0
	0.237	0.0004375	6.25e-05	0.914647	0
	0.238	0.0004125	5.625e-05	0.913593	0
	0.239	0.00044375	5e-05	0.915523	0
	0.24	0.000525	5.625e-05	0.915523	0
	0.241	0.0004875	4.375e-05	0.916402	0
	0.242	0.00059375	2.5e-05	0.914286	0
	0.243	0.00058125	8.125e-05	0.912169	0
	0.244	0.0005375	6.875e-05	0.912169	0
	0.245	0.00065625	8.75e-05	0.911111	0
	0.246	0.0006375	5e-05	0.911111	0
	0.247	0.000525	3.125e-05	0.910053	0
	0.248	0.0006375	6.25e-05	0.908898	0
	0.249	0.0006375	5.625e-05	0.909862	0
	0.25	0.00070625	5.625e-05	0.909671	0
	0.251	0.00068125	4.375e-05	0.910543	0
	0.252	0.00064375	4.375e-05	0.910543	0
	0.253	0.0006125	8.125e-05	0.909382	0
	0.254	0.00074375	6.25e-05	0.909285	0
	0.255	0.00080625	0.0001	0.91016	0
	0.256	0.0007	5.625e-05	0.908994	0
	0.257	0.00083125	4.375e-05	0.907923	0
	0.258	0.000875	0.0001	0.907923	0
	0.259	0.00068125	0.0001125	0.906752	0
	0.26	0.00073125	6.875e-05	0.905579	0
	0.261	0.0007125	0.00010625	0.904506	0
	0.262	0.00083125	5.625e-05	0.904404	0
	0.263	0.00071875	9.375e-05	0.904404	0
	0.264	0.0009	0.00013125	0.90333	0
	0.265	0.000925	0.0001125	0.905274	0
	0.266	0.00090625	9.375e-05	0.904095	0
	0.267	0.0007875	8.125e-05	0.906048	0
	0.268	0.00075	8.125e-05	0.905946	0
	0.269	0.00080625	0.00015	0.905946	0
	0.27	0.00083125	0.00015625	0.906826	0
	0.271	0.00084375	0.00013125	0.906826	0
	0.272	0.00089375	9.375e-05	0.906725	0
	0.273	0.0008375	9.375e-05	0.90564	0
	0.274	0.00090625	0.00015625	0.90642	0
	0.275	0.00075625	0.000125	0.906318	0
	0.276	0.00080625	0.00015	0.906318	0
	0.277	0.00078125	0.000125	0.905125	0
	0.278	0.000725	0.00010625	0.905125	0
	0.279	0.00069375	0.00013125	0.905125	0
	0.28	0.0007875	0.00016875	0.904035	0
	0.281	0.0007375	0.00018125	0.905022	0
	0.282	0.00068125	0.00018125	0.905908	0
	0.283	0.00081875	0.00016875	0.905908	0
	0.284	0.00085	0.00014375	0.905805	0
	0.285	0.000675	0.0001875	0.907794	0
	0.286	0.0009	0.0002375	0.905598	0
	0.287	0.0006875	0.00024375	0.903297	0
	0.288	0.0006875	0.00018125	0.89989	0
	0.289	0.0006625	0.0002125	0.900772	0
	0.29	0.00065625	0.00016875	0.898455	0
	0.291	0.000725	0.00019375	0.892936	0
	0.292	0.00075	0.00011875	0.894912	0
	0.293	0.00075	0.00021875	0.896896	0
	0.294	0.000575	0.00028125	0.895787	0
	0.295	0.000625	0.0002375	0.895787	0
	0.296	0.00056875	0.0002875	0.897778	0
	0.297	0.00059375	0.0002625	0.896667	0
	0.298	0.00075625	0.000275	0.897664	0
	0.299	0.00058125	0.0003	0.897664	0
	0.3	0.00061875	0.00035	0.89755	0
	0.301	0.00055625	0.00034375	0.899554	0
	0.302	0.00056875	0.00031875	0.901456	0
	0.303	0.00058125	0.00025625	0.902466	0
	0.304	0.00056875	0.000275	0.904387	0
	0.305	0.0006625	0.00038125	0.906426	0
	0.306	0.00058125	0.0003375	0.906321	0
	0.307	0.00069375	0.000325	0.906215	0
	0.308	0.0006	0.000375	0.908059	0
	0.309	0.00056875	0.000425	0.911162	0
	0.31	0.00065625	0.00040625	0.9121	0
	0.311	0.000675	0.0003625	0.914089	0
	0.312	0.00061875	0.00038125	0.912944	0
	0.313	0.0004875	0.0004125	0.911798	0
	0.314	0.0006125	0.000375	0.911798	0
	0.315	0.00071875	0.00046875	0.911697	0
	0.316	0.00059375	0.000375	0.91055	0
	0.317	0.00061875	0.00040625	0.909404	0
	0.318	0.00065	0.00035	0.909404	0
	0.319	0.00065625	0.0005	0.908152	0
	0.32	0.00068125	0.000375	0.908046	0
	0.321	0.00060625	0.00043125	0.908881	0
	0.322	0.0007125	0.0003875	0.91088	0
	0.323	0.00060625	0.00044375	0.908459	0
	0.324	0.0005625	0.0005625	0.908353	0
	0.325	0.00064375	0.00055625	0.908353	0
	0.326	0.000675	0.00043125	0.909302	0
	0.327	0.0005875	0.00055625	0.911422	0
	0.328	0.0007	0.00053125	0.912383	0
	0.329	0.00075	0.00050625	0.911215	0
	0.33	0.0005375	0.00053125	0.906542	0
	0.331	0.00069375	0.00056875	0.907602	0
	0.332	0.00063125	0.00059375	0.906433	0
	0.333	0.000675	0.00054375	0.904094	0
	0.334	0.00071875	0.000575	0.901754	0
	0.335	0.0005625	0.0005625	0.901524	0
	0.336	0.0005625	0.00053125	0.900352	0
	0.337	0.00065	0.00070625	0.899179	0
	0.338	0.000625	0.00058125	0.900118	0
	0.339	0.00063125	0.00056875	0.901176	0
	0.34	0.00070625	0.00053125	0.902238	0
	0.341	0.00065	0.0006875	0.899764	0
	0.342	0.0006625	0.0006125	0.899646	0
	0.343	0.0006375	0.0005625	0.898465	0
	0.344	0.00069375	0.00054375	0.897285	0
	0.345	0.00056875	0.0006375	0.897163	0
	0.346	0.0006625	0.0006625	0.895858	0
	0.347	0.00065625	0.0007	0.895858	0
	0.348	0.00078125	0.000825	0.897741	0
	0.349	0.000625	0.00065	0.898568	0
	0.35	0.0006	0.000775	0.900599	0
	0.351	0.000675	0.00065	0.90036	0
	0.352	0.0006	0.00073125	0.896386	0
	0.353	0.00064375	0.00068125	0.896386	0
	0.354	0.000625	0.000675	0.895181	0
	0.355	0.000625	0.0007375	0.896261	0
	0.356	0.00084375	0.0007125	0.890229	0
	0.357	0.00073125	0.0007	0.88661	0
	0.358	0.00071875	0.00069375	0.88661	0
	0.359	0.0006375	0.00080625	0.886473	0
	0.36	0.00064375	0.0008	0.885266	0
	0.361	0.00070625	0.00068125	0.884988	0
	0.362	0.00065625	0.0007875	0.886061	0
	0.363	0.0008125	0.00075625	0.885922	0
	0.364	0.00074375	0.00075	0.884709	0
	0.365	0.000775	0.0008125	0.883495	0
	0.366	0.00075	0.00078125	0.883495	0
	0.367	0.00073125	0.00088125	0.885645	0
	0.368	0.0008125	0.0008375	0.885505	0
	0.369	0.00071875	0.0008375	0.886585	0
	0.37	0.00080625	0.0008625	0.887531	0
	0.371	0.00076875	0.000975	0.88848	0
	0.372	0.00063125	0.0008375	0.890663	0
	0.373	0.00086875	0.00078125	0.890394	0
	0.374	0.0008875	0.000775	0.889163	0
	0.375	0.0008375	0.0008	0.88656	0
	0.376	0.00084375	0.00089375	0.885185	0
	0.377	0.00089375	0.0010125	0.882571	0
	0.378	0.0008125	0.0009125	0.882426	0
	0.379	0.00080625	0.00085625	0.882426	0
	0.38	0.0008125	0.00101875	0.884472	0
	0.381	0.000875	0.00086875	0.884328	0
	0.382	0.0007875	0.0009	0.886534	0
	0.383	0.000825	0.0007625	0.88404	0
	0.384	0.00095	0.00093125	0.886108	0
	0.385	0.00083125	0.000975	0.886108	0
	0.386	0.00089375	0.00088125	0.884712	0
	0.387	0.00081875	0.0009375	0.883459	0
	0.388	0.00085625	0.001025	0.884567	0
	0.389	0.00083125	0.000875	0.885678	0
	0.39	0.00064375	0.00105	0.885535	0
	0.391	0.00066875	0.00080625	0.885535	0
	0.392	0.0008125	0.00100625	0.885535	0
	0.393	0.0007125	0.0009	0.88665	0
	0.394	0.0008375	0.00105	0.884131	0
	0.395	0.000775	0.00091875	0.884131	0
	0.396	0.0007	0.001075	0.88622	0
	0.397	0.00080625	0.00115625	0.88481	0
	0.398	0.0008	0.0010875	0.885932	0
	0.399	0.00089375	0.00095	0.885932	0
	0.4	0.000725	0.00099375	0.887898	0
	0.401	0.0008125	0.00093125	0.88648	0
	0.402	0.0007375	0.00104375	0.887612	0
	0.403	0.000725	0.00110625	0.887179	0
	0.404	0.00081875	0.00106875	0.885897	0
	0.405	0.000725	0.0009	0.887035	0
	0.406	0.000675	0.0011	0.885604	0
	0.407	0.00073125	0.0011	0.884021	0
	0.408	0.00069375	0.0009125	0.88	0
	0.409	0.00051875	0.001075	0.881137	0
	0.41	0.00073125	0.00109375	0.881137	0
	0.411	0.00074375	0.0010375	0.88342	0
	0.412	0.0007375	0.0011	0.884416	0
	0.413	0.000725	0.00098125	0.884416	0
	0.414	0.00056875	0.0009875	0.889034	0
	0.415	0.0007125	0.00104375	0.888889	0
	0.416	0.00070625	0.00106875	0.887582	0
	0.417	0.00064375	0.00083125	0.887435	0
	0.418	0.00059375	0.00105625	0.888451	0
	0.419	0.0006125	0.0009875	0.888158	0
	0.42	0.00065	0.001	0.886842	0
	0.421	0.00058125	0.0011	0.886544	0
	0.422	0.000575	0.0012375	0.883905	0
	0.423	0.00065625	0.00099375	0.886243	0
	0.424	0.0005875	0.001	0.887417	0
	0.425	0.00066875	0.00105625	0.884615	0
	0.426	0.00059375	0.0009875	0.885486	0
	0.427	0.0006875	0.00106875	0.886515	0
	0.428	0.0007375	0.0010375	0.88874	0
	0.429	0.00053125	0.0009625	0.889785	0
	0.43	0.00059375	0.00105	0.889785	0
	0.431	0.0005125	0.00109375	0.888441	0
	0.432	0.00055625	0.00105	0.889637	0
	0.433	0.00065625	0.0012125	0.890688	0
	0.434	0.00048125	0.00110625	0.891599	0
	0.435	0.00065	0.00089375	0.893878	0
	0.436	0.00058125	0.00111875	0.893733	0
	0.437	0.0005125	0.00100625	0.894952	0
	0.438	0.00058125	0.00109375	0.896033	0
	0.439	0.0006	0.001	0.89726	0
	0.44	0.000525	0.00111875	0.894521	0
	0.441	0.00058125	0.00103125	0.895748	0
	0.442	0.00051875	0.0009375	0.894376	0
	0.443	0.00064375	0.00115	0.895604	0
	0.444	0.00075	0.0010375	0.891334	0
	0.445	0.00068125	0.00095	0.891185	0
	0.446	0.000575	0.0009375	0.889655	0
	0.447	0.000625	0.000975	0.889503	0
	0.448	0.0006625	0.00106875	0.889503	0
	0.449	0.00071875	0.00120625	0.890733	0
	0.45	0.0006	0.00124375	0.887812	0
	0.451	0.0006375	0.00116875	0.884722	0
	0.452	0.00063125	0.0010375	0.885794	0
	0.453	0.00059375	0.00128125	0.885635	0
	0.454	0.00070625	0.0010625	0.88424	0
	0.455	0.00066875	0.001125	0.881285	0
	0.456	0.0007125	0.00116875	0.884993	0
	0.457	0.00066875	0.000975	0.88359	0
	0.458	0.00064375	0.0009625	0.880785	0
	0.459	0.0006375	0.00105	0.879213	0
	0.46	0.000725	0.00100625	0.88045	0
	0.461	0.00065	0.00120625	0.877637	0
	0.462	0.00065	0.0010375	0.877465	0
	0.463	0.00063125	0.00094375	0.873239	0
	0.464	0.00074375	0.0009625	0.871831	0
	0.465	0.000625	0.0009875	0.87024	0
	0.466	0.00079375	0.00108125	0.869873	0
	0.467	0.00075	0.00105625	0.865629	0
	0.468	0.00065	0.00120625	0.865629	0
	0.469	0.00059375	0.00113125	0.865629	0
	0.47	0.00079375	0.001075	0.865439	0
	0.471	0.0007125	0.0011875	0.865057	0
	0.472	0.00079375	0.0011375	0.867521	0
	0.473	0.0006875	0.000925	0.868759	0
	0.474	0.00064375	0.00109375	0.868759	0
	0.475	0.000725	0.000975	0.865906	0
	0.476	0.000675	0.00108125	0.864286	0
	0.477	0.00074375	0.0011875	0.865522	0
	0.478	0.00085	0.00105	0.866762	0
	0.479	0.0006375	0.0010125	0.866762	0
	0.48	0.00079375	0.00110625	0.866571	0
	0.481	0.000775	0.00118125	0.866571	0
	0.482	0.00065	0.001	0.867816	0
	0.483	0.00081875	0.00110625	0.867435	0
	0.484	0.00075	0.00104375	0.864553	0
	0.485	0.0007625	0.00104375	0.864553	0
	0.486	0.00075625	0.0010625	0.864553	0
	0.487	0.00061875	0.00100625	0.865801	0
	0.488	0.00065	0.00098125	0.865412	0
	0.489	0.00066875	0.0009625	0.862518	0
	0.49	0.0008	0.0010875	0.862319	0
	0.491	0.0008375	0.0011875	0.863372	0
	0.492	0.00068125	0.00108125	0.868421	0
	0.493	0.000675	0.00113125	0.866959	0
	0.494	0.00075	0.00113125	0.8653	0
	0.495	0.00075625	0.0010375	0.8653	0
	0.496	0.000875	0.00098125	0.862372	0
	0.497	0.0008	0.00103125	0.866176	0
	0.498	0.00078125	0.0010125	0.863235	0
	0.499	0.00081875	0.00093125	0.864507	0
	0.5	0.0007875	0.00110625	0.86963	0
	0.501	0.0008375	0.00116875	0.86627	0
	0.502	0.00076875	0.00113125	0.861813	0
	0.503	0.00080625	0.00118125	0.861607	0
	0.504	0.00069375	0.00103125	0.861401	0
	0.505	0.00075625	0.000975	0.862687	0
	0.506	0.0006875	0.0009875	0.865269	0
	0.507	0.00078125	0.00094375	0.866567	0
	0.508	0.00068125	0.0011125	0.867868	0
	0.509	0.0007625	0.0010375	0.86747	0
	0.51	0.00061875	0.00116875	0.866868	0
	0.511	0.0007	0.0011625	0.866464	0
	0.512	0.00056875	0.00116875	0.866464	0
	0.513	0.0007125	0.00104375	0.864947	0
	0.514	0.00064375	0.001125	0.864742	0
	0.515	0.0007625	0.0010125	0.864742	0
	0.516	0.00078125	0.00093125	0.865854	0
	0.517	0.000625	0.0012	0.865854	0
	0.518	0.0006375	0.00101875	0.867176	0
	0.519	0.000575	0.00103125	0.866769	0
	0.52	0.00068125	0.00120625	0.863706	0
	0.521	0.00070625	0.00105	0.866359	0
	0.522	0.0006875	0.00101875	0.866154	0
	0.523	0.000625	0.0011125	0.867488	0
	0.524	0.000575	0.001	0.874028	0
	0.525	0.0007375	0.00124375	0.874028	0
	0.526	0.0006	0.0010125	0.873832	0
	0.527	0.00053125	0.001175	0.868955	0
	0.528	0.00065625	0.00114375	0.865835	0
	0.529	0.0005875	0.0009875	0.86698	0
	0.53	0.00065	0.00099375	0.865204	0
	0.531	0.0006375	0.00114375	0.865204	0
	0.532	0.0005375	0.001	0.869291	0
	0.533	0.0006	0.00101875	0.864139	0
	0.534	0.0007125	0.0010625	0.860759	0
	0.535	0.0005375	0.00104375	0.859177	0
	0.536	0.00061875	0.001	0.861905	0
	0.537	0.00059375	0.0010875	0.863057	0
	0.538	0.00058125	0.00101875	0.861465	0
	0.539	0.0007625	0.0009375	0.864217	0
	0.54	0.00066875	0.00108125	0.857827	0
	0.541	0.00080625	0.00106875	0.858748	0
	0.542	0.00074375	0.00111875	0.858748	0
	0.543	0.00056875	0.00110625	0.860129	0
	0.544	0.00063125	0.00113125	0.862682	0
	0.545	0.00071875	0.00098125	0.859451	0
	0.546	0.000725	0.00105625	0.860616	0
	0.547	0.0006875	0.00115625	0.866232	0
	0.548	0.000625	0.0011125	0.869067	0
	0.549	0.00061875	0.00111875	0.869067	0
	0.55	0.00071875	0.000875	0.870492	0
	0.551	0.00056875	0.00111875	0.870279	0
	0.552	0.0007	0.00109375	0.870279	0
	0.553	0.00073125	0.00101875	0.868637	0
	0.554	0.0007	0.0011375	0.865353	0
	0.555	0.0006125	0.00099375	0.863711	0
	0.556	0.00078125	0.00106875	0.864909	0
	0.557	0.000675	0.0010375	0.866116	0
	0.558	0.00073125	0.00115625	0.864238	0
	0.559	0.00071875	0.00098125	0.864013	0
	0.56	0.000675	0.0009875	0.863787	0
	0.561	0.0007125	0.000975	0.860465	0
	0.562	0.00064375	0.0011875	0.861667	0
	0.563	0.0006875	0.00105	0.861436	0
	0.564	0.00065625	0.001075	0.859766	0
	0.565	0.000675	0.00111875	0.861204	0
	0.566	0.0007375	0.00108125	0.861204	0
	0.567	0.00074375	0.00111875	0.859532	0
	0.568	0.00079375	0.00108125	0.859532	0
	0.569	0.000775	0.00100625	0.860972	0
	0.57	0.0006125	0.00104375	0.862416	0
	0.571	0.0006625	0.00096875	0.858824	0
	0.572	0.00073125	0.00094375	0.860269	0
	0.573	0.00065625	0.001025	0.861486	0
	0.574	0.0007375	0.00105625	0.862944	0
	0.575	0.00063125	0.00096875	0.862944	0
	0.576	0.00080625	0.00106875	0.864177	0
	0.577	0.00071875	0.00113125	0.864177	0
	0.578	0.0006875	0.00111875	0.860544	0
	0.579	0.0007625	0.00106875	0.859829	0
	0.58	0.00063125	0.001075	0.859589	0
	0.581	0.00070625	0.00098125	0.859348	0
	0.582	0.00055625	0.00094375	0.853952	0
	0.583	0.0006625	0.0010625	0.855422	0
	0.584	0.00064375	0.0011125	0.856897	0
	0.585	0.0006875	0.00108125	0.855172	0
	0.586	0.0006125	0.000975	0.849741	0
	0.587	0.0006625	0.0011	0.852431	0
	0.588	0.000675	0.001	0.855401	0
	0.589	0.00063125	0.001025	0.855148	0
	0.59	0.000625	0.0010125	0.856643	0
	0.591	0.0005625	0.00100625	0.85614	0
	0.592	0.00055625	0.001025	0.857645	0
	0.593	0.0006625	0.0010875	0.860424	0
	0.594	0.00061875	0.00089375	0.85689	0
	0.595	0.00065	0.00103125	0.856637	0
	0.596	0.00061875	0.00096875	0.856383	0
	0.597	0.000675	0.00099375	0.856128	0
	0.598	0.00071875	0.001	0.856128	0
	0.599	0.00045625	0.00103125	0.856128	0
	0.6	0.00063125	0.001175	0.854352	0
	0.601	0.00058125	0.00101875	0.852575	0
	0.602	0.00063125	0.00115625	0.852313	0
	0.603	0.00056875	0.00085625	0.853309	0
	0.604	0.00064375	0.00096875	0.852783	0
	0.605	0.0006875	0.001225	0.852518	0
	0.606	0.0006125	0.00104375	0.854054	0
	0.607	0.0005	0.00096875	0.85045	0
	0.608	0.000575	0.0010375	0.851718	0
	0.609	0.00051875	0.001025	0.852995	0
	0.61	0.0005625	0.00106875	0.850909	0
	0.611	0.0007	0.00098125	0.849091	0
	0.612	0.00059375	0.00101875	0.85192	0
	0.613	0.000725	0.000925	0.847985	0
	0.614	0.00065625	0.00119375	0.850829	0
	0.615	0.0005125	0.00101875	0.850277	0
	0.616	0.0006125	0.0010125	0.84658	0
	0.617	0.0006125	0.001075	0.849442	0
	0.618	0.00069375	0.00106875	0.8473	0
	0.619	0.000625	0.001025	0.843575	0
	0.62	0.00068125	0.00108125	0.843284	0
	0.621	0.0006625	0.00113125	0.839552	0
	0.622	0.0007125	0.00111875	0.837383	0
	0.623	0.0007	0.0010125	0.838951	0
	0.624	0.0006875	0.00115625	0.837079	0
	0.625	0.00079375	0.000925	0.840226	0
	0.626	0.00084375	0.00096875	0.835849	0
	0.627	0.00086875	0.001025	0.837429	0
	0.628	0.0007375	0.0009875	0.840304	0
	0.629	0.00075	0.001075	0.84	0
	0.63	0.00075625	0.00114375	0.838095	0
	0.631	0.00063125	0.00104375	0.839695	0
	0.632	0.00059375	0.00100625	0.842912	0
	0.633	0.00078125	0.00095	0.842308	0
	0.634	0.0007375	0.000975	0.841699	0
	0.635	0.0007625	0.00094375	0.841699	0
	0.636	0.00069375	0.0010625	0.839768	0
	0.637	0.000725	0.00104375	0.837838	0
	0.638	0.00063125	0.0011625	0.839458	0
	0.639	0.00061875	0.00098125	0.839458	0
	0.64	0.00069375	0.00101875	0.837524	0
	0.641	0.00071875	0.00110625	0.831721	0
	0.642	0.0007375	0.001	0.831721	0
	0.643	0.00065	0.00085625	0.831395	0
	0.644	0.00063125	0.00098125	0.831395	0
	0.645	0.00071875	0.00111875	0.83301	0
	0.646	0.00075	0.0009875	0.832359	0
	0.647	0.00065625	0.0010125	0.830409	0
	0.648	0.00073125	0.00111875	0.82846	0
	0.649	0.00083125	0.00111875	0.82846	0
	0.65	0.0008375	0.0010375	0.831703	0
	0.651	0.0007875	0.00105	0.823875	0
	0.652	0.0007875	0.0010125	0.823183	0
	0.653	0.00068125	0.00108125	0.822835	0
	0.654	0.00080625	0.00094375	0.820866	0
	0.655	0.000825	0.00100625	0.820513	0
	0.656	0.00058125	0.0010375	0.825397	0
	0.657	0.0007625	0.0010625	0.825397	0
	0.658	0.00073125	0.0008625	0.824701	0
	0.659	0.00075	0.00096875	0.826347	0
	0.66	0.00088125	0.0010125	0.826	0
	0.661	0.00080625	0.00095	0.825301	0
	0.662	0.0006875	0.00103125	0.826962	0
	0.663	0.00083125	0.00095	0.828629	0
	0.664	0.000825	0.0009125	0.826613	0
	0.665	0.00073125	0.001025	0.833333	0
	0.666	0.00070625	0.00105625	0.832994	0
	0.667	0.00075	0.00111875	0.832994	0
	0.668	0.000675	0.00093125	0.834694	0
	0.669	0.000675	0.00106875	0.838115	0
	0.67	0.0006625	0.001075	0.838115	0
	0.671	0.00075	0.00105625	0.837782	0
	0.672	0.0005375	0.00088125	0.833676	0
	0.673	0.00075625	0.001025	0.833333	0
	0.674	0.00066875	0.0010625	0.836439	0
	0.675	0.00063125	0.00095625	0.836439	0
	0.676	0.000625	0.001025	0.830228	0
	0.677	0.000675	0.00101875	0.829876	0
	0.678	0.00065625	0.0010375	0.829167	0
	0.679	0.0006125	0.00115625	0.825	0
	0.68	0.00060625	0.00108125	0.822917	0
	0.681	0.0006	0.00103125	0.821803	0
	0.682	0.00060625	0.00104375	0.823529	0
	0.683	0.0005875	0.000975	0.82241	0
	0.684	0.000575	0.00098125	0.819533	0
	0.685	0.00055625	0.00105	0.824786	0
	0.686	0.00053125	0.0009875	0.826552	0
	0.687	0.0004875	0.001	0.829741	0
	0.688	0.0006625	0.0009	0.829374	0
	0.689	0.00058125	0.00108125	0.830803	0
	0.69	0.00070625	0.0009	0.830803	0
	0.691	0.00055	0.00095	0.828261	0
	0.692	0.00055625	0.0009625	0.827887	0
	0.693	0.0006625	0.00105625	0.83151	0
	0.694	0.0006125	0.00091875	0.829322	0
	0.695	0.00064375	0.0010625	0.828571	0
	0.696	0.0006125	0.00095625	0.826374	0
	0.697	0.00061875	0.00111875	0.826374	0
	0.698	0.00065625	0.001	0.826374	0
	0.699	0.00061875	0.00103125	0.825991	0
	0.7	0.00076875	0.001	0.825991	0
	0.701	0.000625	0.0010125	0.821586	0
	0.702	0.00065625	0.0010375	0.824834	0
	0.703	0.0005375	0.0009625	0.824444	0
	0.704	0.00065625	0.00110625	0.833708	0
	0.705	0.000475	0.0009625	0.833708	0
	0.706	0.00064375	0.00105625	0.826966	0
	0.707	0.00070625	0.00089375	0.830317	0
	0.708	0.00058125	0.00105625	0.827664	0
	0.709	0.00069375	0.00093125	0.827664	0
	0.71	0.0007375	0.0010375	0.825397	0
	0.711	0.00068125	0.00106875	0.829157	0
	0.712	0.00070625	0.00095625	0.828375	0
	0.713	0.0006625	0.00104375	0.831409	0
	0.714	0.0005375	0.001025	0.831019	0
	0.715	0.00069375	0.00095625	0.832558	0
	0.716	0.00074375	0.00100625	0.829837	0
	0.717	0.000725	0.0008125	0.831776	0
	0.718	0.0007	0.0011125	0.82904	0
	0.719	0.00079375	0.00090625	0.828638	0
	0.72	0.00079375	0.00094375	0.834515	0
	0.721	0.00065625	0.00109375	0.834515	0
	0.722	0.00070625	0.0011375	0.829787	0
	0.723	0.00054375	0.00086875	0.831754	0
	0.724	0.00059375	0.0009125	0.833729	0
	0.725	0.0006625	0.00105	0.833333	0
	0.726	0.00076875	0.00089375	0.835322	0
	0.727	0.0007125	0.00086875	0.830549	0
	0.728	0.00056875	0.0009625	0.825776	0
	0.729	0.00065625	0.00096875	0.825359	0
	0.73	0.00063125	0.0009375	0.820574	0
	0.731	0.0007125	0.0008875	0.818182	0
	0.732	0.000625	0.00108125	0.820144	0
	0.733	0.000675	0.00085	0.817746	0
	0.734	0.0006375	0.0010375	0.815348	0
	0.735	0.00058125	0.00091875	0.817308	0
	0.736	0.00068125	0.0008875	0.819277	0
	0.737	0.000575	0.0008375	0.816867	0
	0.738	0.00058125	0.00091875	0.816867	0
	0.739	0.00064375	0.00086875	0.816867	0
	0.74	0.0006625	0.00116875	0.818402	0
	0.741	0.00071875	0.00096875	0.815981	0
	0.742	0.000625	0.00091875	0.815534	0
	0.743	0.00068125	0.0008	0.812652	0
	0.744	0.00063125	0.0008625	0.811736	0
	0.745	0.000625	0.00109375	0.817284	0
	0.746	0.00064375	0.0009	0.823383	0
	0.747	0.00066875	0.00109375	0.823383	0
	0.748	0.0006875	0.00085	0.827068	0
	0.749	0.00055	0.00094375	0.831234	0
	0.75	0.00058125	0.0009125	0.833333	0
	0.751	0.00055	0.00089375	0.841837	0
	0.752	0.00055	0.000925	0.839286	0
	0.753	0.00059375	0.00101875	0.834184	0
	0.754	0.00066875	0.000925	0.831633	0
	0.755	0.00046875	0.0009125	0.831202	0
	0.756	0.00059375	0.00095625	0.835476	0
	0.757	0.0005375	0.00086875	0.832474	0
	0.758	0.00055	0.00103125	0.832474	0
	0.759	0.00061875	0.00095625	0.82732	0
	0.76	0.00064375	0.0008875	0.824289	0
	0.761	0.0006375	0.00095	0.823834	0
	0.762	0.00054375	0.00095625	0.825065	0
	0.763	0.0004875	0.00096875	0.824147	0
	0.764	0.00064375	0.0011125	0.824147	0
	0.765	0.000625	0.00094375	0.828496	0
	0.766	0.00046875	0.0009625	0.830688	0
	0.767	0.00049375	0.00104375	0.830688	0
	0.768	0.0005	0.0010125	0.827128	0
	0.769	0.000575	0.00083125	0.829333	0
	0.77	0.000575	0.0008625	0.824	0
	0.771	0.00056875	0.00086875	0.830645	0
	0.772	0.00051875	0.00091875	0.827493	0
	0.773	0.0005625	0.00088125	0.834239	0
	0.774	0.00049375	0.00103125	0.831063	0
	0.775	0.00061875	0.00088125	0.833333	0
	0.776	0.00056875	0.00095625	0.830601	0
	0.777	0.00069375	0.0008875	0.830601	0
	0.778	0.0005375	0.0009875	0.835165	0
	0.779	0.00059375	0.00093125	0.835165	0
	0.78	0.00071875	0.00079375	0.842105	0
	0.781	0.0005875	0.000975	0.842105	0
	0.782	0.0005375	0.00088125	0.844444	0
	0.783	0.00056875	0.00091875	0.851541	0
	0.784	0.00044375	0.00088125	0.848739	0
	0.785	0.000725	0.0009	0.845938	0
	0.786	0.0005125	0.0008375	0.847025	0
	0.787	0.0006125	0.00085625	0.847025	0
	0.788	0.00068125	0.00096875	0.838527	0
	0.789	0.000725	0.00098125	0.838068	0
	0.79	0.000575	0.0009875	0.840456	0
	0.791	0.0005875	0.00093125	0.842857	0
	0.792	0.00065625	0.00094375	0.837143	0
	0.793	0.0005625	0.00095	0.836676	0
	0.794	0.00056875	0.0008375	0.83046	0
	0.795	0.000575	0.0007	0.829971	0
	0.796	0.00056875	0.0007875	0.82948	0
	0.797	0.0005625	0.00085625	0.828986	0
	0.798	0.00053125	0.0008875	0.826087	0
	0.799	0.0006625	0.00091875	0.828488	0
	0.8	0.0005625	0.00084375	0.828488	0
	0.801	0.0005	0.00085625	0.825581	0
	0.802	0.00054375	0.0008375	0.825581	0
	0.803	0.00055625	0.00086875	0.830409	0
	0.804	0.00060625	0.00083125	0.829412	0
	0.805	0.000675	0.0008375	0.831361	0
	0.806	0.0005	0.0008	0.828402	0
	0.807	0.0005375	0.00075625	0.827893	0
	0.808	0.0006	0.00085625	0.824405	0
	0.809	0.00065625	0.00066875	0.823353	0
	0.81	0.00059375	0.000775	0.820359	0
	0.811	0.0005	0.00084375	0.814371	0
	0.812	0.00045625	0.00084375	0.814371	0
	0.813	0.00055625	0.00080625	0.816265	0
	0.814	0.00056875	0.0008125	0.818731	0
	0.815	0.0006125	0.00091875	0.823171	0
	0.816	0.00045625	0.000775	0.823171	0
	0.817	0.000475	0.0009125	0.820122	0
	0.818	0.0004625	0.0009125	0.82716	0
	0.819	0.00054375	0.00079375	0.82716	0
	0.82	0.00065	0.0008625	0.823529	0
	0.821	0.0005375	0.00076875	0.811146	0
	0.822	0.000525	0.0007875	0.809969	0
	0.823	0.000525	0.000925	0.811912	0
	0.824	0.000625	0.00095625	0.811912	0
	0.825	0.00056875	0.00081875	0.810726	0
	0.826	0.00063125	0.00080625	0.806962	0
	0.827	0.0006	0.000725	0.810897	0
	0.828	0.00064375	0.00078125	0.810897	0
	0.829	0.00074375	0.00086875	0.810897	0
	0.83	0.00060625	0.00076875	0.809677	0
	0.831	0.00065	0.0008875	0.809677	0
	0.832	0.000575	0.0008125	0.814935	0
	0.833	0.0005625	0.0008	0.814332	0
	0.834	0.00070625	0.0009125	0.814332	0
	0.835	0.00075	0.00083125	0.816393	0
	0.836	0.00070625	0.0008625	0.815789	0
	0.837	0.00080625	0.0008125	0.809211	0
	0.838	0.0006625	0.000725	0.811881	0
	0.839	0.0007	0.00073125	0.805281	0
	0.84	0.00075	0.00075625	0.804636	0
	0.841	0.00056875	0.0007625	0.798013	0
	0.842	0.0008	0.0007125	0.794702	0
	0.843	0.0007	0.00070625	0.794702	0
	0.844	0.00068125	0.00065	0.797342	0
	0.845	0.0007625	0.00088125	0.784053	0
	0.846	0.00069375	0.00076875	0.786667	0
	0.847	0.00080625	0.00075	0.786667	0
	0.848	0.00070625	0.00081875	0.780405	0
	0.849	0.00085625	0.00073125	0.776271	0
	0.85	0.000825	0.000775	0.774744	0
	0.851	0.00083125	0.00089375	0.769759	0
	0.852	0.0007125	0.00085	0.769759	0
	0.853	0.0008125	0.0007125	0.762887	0
	0.854	0.00071875	0.00074375	0.758621	0
	0.855	0.00083125	0.00076875	0.754325	0
	0.856	0.00075625	0.0007125	0.754325	0
	0.857	0.00075625	0.0007125	0.747405	0
	0.858	0.00091875	0.0007625	0.743056	0
	0.859	0.00079375	0.0007	0.737762	0
	0.86	0.00065625	0.0007375	0.734266	0
	0.861	0.0007625	0.00073125	0.735915	0
	0.862	0.0006375	0.000675	0.737589	0
	0.863	0.00086875	0.00075	0.730496	0
	0.864	0.0007	0.00060625	0.728571	0
	0.865	0.00091875	0.000675	0.726619	0
	0.866	0.000875	0.0008125	0.718412	0
	0.867	0.0008	0.0008375	0.703971	0
	0.868	0.00079375	0.00065625	0.702899	0
	0.869	0.0009625	0.00063125	0.70696	0
	0.87	0.00095	0.000775	0.699634	0
	0.871	0.00096875	0.0006125	0.691176	0
	0.872	0.00098125	0.0006875	0.696296	0
	0.873	0.0008125	0.00076875	0.701493	0
	0.874	0.00098125	0.00065625	0.700375	0
	0.875	0.001025	0.00065625	0.699248	0
	0.876	0.0009125	0.0007125	0.700758	0
	0.877	0.00104375	0.00065	0.700758	0
	0.878	0.00108125	0.00068125	0.701149	0
	0.879	0.00103125	0.00068125	0.697318	0
	0.88	0.00088125	0.00069375	0.696154	0
	0.881	0.00105625	0.00071875	0.688462	0
	0.882	0.00115	0.00066875	0.687259	0
	0.883	0.00111875	0.0006	0.683398	0
	0.884	0.00114375	0.0005375	0.690196	0
	0.885	0.00116875	0.00059375	0.692913	0
	0.886	0.0011	0.0007	0.679842	0
	0.887	0.00123125	0.00065625	0.671937	0
	0.888	0.0010625	0.00061875	0.676	0
	0.889	0.001025	0.0005875	0.674699	0
	0.89	0.00113125	0.000775	0.674699	0
	0.891	0.001025	0.00069375	0.674797	0
	0.892	0.001325	0.000625	0.674797	0
	0.893	0.00111875	0.00073125	0.670732	0
	0.894	0.001175	0.00059375	0.673469	0
	0.895	0.001025	0.000575	0.677686	0
	0.896	0.00099375	0.0006375	0.676349	0
	0.897	0.00098125	0.0005875	0.675105	0
	0.898	0.000975	0.00065625	0.668085	0
	0.899	0.001025	0.00054375	0.676724	0
	0.9	0.0011	0.0006125	0.679654	0
	0.901	0.0009	0.00070625	0.682609	0
	0.902	0.000925	0.0006625	0.681223	0
	0.903	0.00100625	0.00061875	0.681223	0
	0.904	0.00088125	0.00054375	0.685841	0
	0.905	0.000875	0.000675	0.684444	0
	0.906	0.0008125	0.0006625	0.690583	0
	0.907	0.00086875	0.0006375	0.692308	0
	0.908	0.0008625	0.0006875	0.688073	0
	0.909	0.0007625	0.0005375	0.682028	0
	0.91	0.000775	0.0006625	0.691589	0
	0.911	0.000725	0.00051875	0.701422	0
	0.912	0.00083125	0.0005125	0.698565	0
	0.913	0.00076875	0.0005375	0.700483	0
	0.914	0.00065	0.0006375	0.710784	0
	0.915	0.00068125	0.0006625	0.72	0
	0.916	0.00070625	0.0005125	0.730964	0
	0.917	0.0008125	0.000475	0.738462	0
	0.918	0.0007	0.000475	0.738462	0
	0.919	0.00054375	0.00065	0.731959	0
	0.92	0.00074375	0.00060625	0.743455	0
	0.921	0.0006625	0.00051875	0.746032	0
	0.922	0.00055625	0.00043125	0.75	0
	0.923	0.00055	0.0005625	0.747312	0
	0.924	0.00065	0.00043125	0.745946	0
	0.925	0.0006625	0.00053125	0.72973	0
	0.926	0.00056875	0.00041875	0.745856	0
	0.927	0.000625	0.00043125	0.743017	0
	0.928	0.000725	0.00054375	0.745763	0
	0.929	0.00063125	0.000525	0.742857	0
	0.93	0.0006375	0.00054375	0.741379	0
	0.931	0.000525	0.00043125	0.741379	0
	0.932	0.00055625	0.000475	0.745665	0
	0.933	0.00064375	0.00041875	0.754386	0
	0.934	0.00055	0.00048125	0.766467	0
	0.935	0.00064375	0.0004625	0.769697	0
	0.936	0.00058125	0.0004625	0.779141	0
	0.937	0.00070625	0.00044375	0.783951	0
	0.938	0.0005625	0.00051875	0.771605	0
	0.939	0.00066875	0.00039375	0.759259	0
	0.94	0.0007125	0.00040625	0.753086	0
	0.941	0.0007625	0.0004	0.748428	0
	0.942	0.00066875	0.0004125	0.753165	0
	0.943	0.00071875	0.0004	0.753165	0
	0.944	0.000675	0.0005	0.75641	0
	0.945	0.00071875	0.00045	0.75641	0
	0.946	0.00064375	0.0004375	0.753247	0
	0.947	0.00065625	0.00039375	0.753247	0
	0.948	0.00065625	0.000425	0.74026	0
	0.949	0.0006875	0.00045	0.74026	0
	0.95	0.00065	0.00041875	0.741722	0
	0.951	0.0008125	0.000425	0.728477	0
	0.952	0.0006875	0.0003625	0.716216	0
	0.953	0.00073125	0.00041875	0.731034	0
	0.954	0.00061875	0.00041875	0.724138	0
	0.955	0.00075625	0.0003	0.72028	0
	0.956	0.0007875	0.00035625	0.71831	0
	0.957	0.0007375	0.0002625	0.716312	0
	0.958	0.0008	0.0003625	0.705036	0
	0.959	0.00081875	0.00030625	0.702899	0
	0.96	0.000725	0.00044375	0.713235	0
	0.961	0.0010125	0.000375	0.703704	0
	0.962	0.00100625	0.000225	0.714286	0
	0.963	0.00081875	0.0003375	0.712121	0
	0.964	0.00095	0.00033125	0.723077	0
	0.965	0.000875	0.0002625	0.713178	0
	0.966	0.00093125	0.0003	0.698413	0
	0.967	0.000975	0.00038125	0.690476	0
	0.968	0.00115	0.00029375	0.690476	0
	0.969	0.0010375	0.00030625	0.693548	0
	0.97	0.00111875	0.0002875	0.658537	0
	0.971	0.00111875	0.00035625	0.647541	0
	0.972	0.00108125	0.00025625	0.636364	0
	0.973	0.00096875	0.00025625	0.619835	0
	0.974	0.0010375	0.0003125	0.61157	0
	0.975	0.0012875	0.00020625	0.603306	0
	0.976	0.0010375	0.00038125	0.594828	0
	0.977	0.00115625	0.0002875	0.596491	0
	0.978	0.001175	0.00024375	0.594595	0
	0.979	0.001375	0.00025	0.587156	0
	0.98	0.00130625	0.0002625	0.574074	0
	0.981	0.00135625	0.00024375	0.560748	0
	0.982	0.00121875	0.0002625	0.582524	0
	0.983	0.00148125	0.0002125	0.594059	0
	0.984	0.001475	0.00021875	0.575758	0
	0.985	0.0014	0.00016875	0.571429	0
	0.986	0.0017	0.00020625	0.546392	0
	0.987	0.00146875	0.0002	0.547368	0
	0.988	0.00145	0.00011875	0.539326	0
	0.989	0.00149375	0.0002125	0.522727	0
	0.99	0.00145625	0.00020625	0.476744	0
	0.991	0.00135	0.00019375	0.506173	0
	0.992	0.00171875	0.0001375	0.493671	0
	0.993	0.0019625	0.000175	0.506494	0
	0.994	0.0018625	0.00015625	0.472973	0
	0.995	0.00205	0.00014375	0.470588	0
	0.996	0.00208125	0.00010625	0.461538	0
	0.997	0.00243125	0.000125	0.412698	0
	0.998	0.002575	9.375e-05	0.350877	0
	0.999	0.00470625	9.375e-05	0.307692	0
	1	0.0163812	8.125e-05	0.177778	0


#	yrange	sparsity	# links	zeta	support at cross	fraction FP
	0	0.644375	1031	0.000254235	0.971	0.0976648
	0.45	0.644375	1031	0.000254235	0.971	0.0976648
