#	Frequencies and overlap
#	bins	MYC	shuffle	overlap_MYC	overlap_shuffle
	0	0.379106	0.40985	0.934888	0
	0.001	1.25e-05	0	0.934888	0
	0.002	0	0	0.934888	0
	0.003	1.875e-05	0	0.934888	0
	0.004	4.375e-05	0	0.934888	0
	0.005	7.5e-05	0	0.933916	0
	0.006	3.75e-05	0	0.932945	0
	0.007	8.75e-05	0	0.932945	0
	0.008	0.00015	0	0.932945	0
	0.009	0.00011875	0	0.933852	0
	0.01	0.00015625	0	0.933852	0
	0.011	0.00015625	0	0.933852	0
	0.012	0.0002	0	0.933852	0
	0.013	0.00015	0	0.933852	0
	0.014	0.000125	0	0.933852	0
	0.015	0.0001	0	0.933852	0
	0.016	0.00011875	0	0.933852	0
	0.017	8.75e-05	0	0.933852	0
	0.018	8.75e-05	0	0.933852	0
	0.019	6.25e-05	0	0.933852	0
	0.02	4.375e-05	0	0.935673	0
	0.021	3.75e-05	0	0.935673	0
	0.022	1.875e-05	0	0.935673	0
	0.023	2.5e-05	0	0.935673	0
	0.024	4.375e-05	0	0.935673	0
	0.025	6.25e-06	0	0.934698	0
	0.026	1.25e-05	0	0.934698	0
	0.027	3.125e-05	0	0.934698	0
	0.028	3.75e-05	0	0.934698	0
	0.029	2.5e-05	0	0.934698	0
	0.03	5e-05	0	0.934698	0
	0.031	6.25e-05	0	0.93561	0
	0.032	4.375e-05	0	0.93561	0
	0.033	3.75e-05	0	0.93561	0
	0.034	3.75e-05	0	0.93561	0
	0.035	4.375e-05	0	0.93561	0
	0.036	2.5e-05	0	0.934634	0
	0.037	0.0001125	0	0.933659	0
	0.038	3.125e-05	0	0.933659	0
	0.039	6.25e-05	0	0.933659	0
	0.04	5e-05	0	0.933659	0
	0.041	0.0001125	0	0.933659	0
	0.042	6.25e-05	0	0.933659	0
	0.043	7.5e-05	0	0.933659	0
	0.044	6.25e-05	0	0.933659	0
	0.045	6.25e-05	0	0.933659	0
	0.046	7.5e-05	0	0.933659	0
	0.047	0.000125	0	0.933659	0
	0.048	0.00010625	0	0.933659	0
	0.049	0.00015	0	0.933659	0
	0.05	9.375e-05	0	0.933659	0
	0.051	0.00010625	0	0.93457	0
	0.052	0.0001	0	0.93457	0
	0.053	8.125e-05	0	0.93457	0
	0.054	7.5e-05	0	0.93457	0
	0.055	0.00010625	0	0.93457	0
	0.056	5e-05	0	0.93457	0
	0.057	7.5e-05	0	0.93457	0
	0.058	6.875e-05	0	0.933594	0
	0.059	7.5e-05	0	0.933594	0
	0.06	3.125e-05	0	0.933594	0
	0.061	3.125e-05	0	0.934506	0
	0.062	2.5e-05	0	0.934506	0
	0.063	3.125e-05	0	0.934506	0
	0.064	3.125e-05	0	0.934506	0
	0.065	3.75e-05	0	0.934506	0
	0.066	4.375e-05	0	0.934506	0
	0.067	2.5e-05	0	0.933529	0
	0.068	6.25e-06	0	0.935357	0
	0.069	4.375e-05	0	0.935357	0
	0.07	3.125e-05	0	0.934378	0
	0.071	3.125e-05	0	0.933399	0
	0.072	8.125e-05	0	0.933399	0
	0.073	6.875e-05	0	0.933399	0
	0.074	3.75e-05	0	0.933399	0
	0.075	4.375e-05	0	0.932419	0
	0.076	6.25e-05	0	0.932419	0
	0.077	6.875e-05	0	0.932419	0
	0.078	4.375e-05	0	0.932419	0
	0.079	7.5e-05	0	0.932419	0
	0.08	6.875e-05	0	0.932419	0
	0.081	6.25e-05	0	0.932419	0
	0.082	5.625e-05	0	0.932419	0
	0.083	0.0001	0	0.932419	0
	0.084	0.0001125	0	0.932419	0
	0.085	0.00014375	0	0.932419	0
	0.086	0.00013125	0	0.93144	0
	0.087	0.0001125	0	0.93144	0
	0.088	9.375e-05	0	0.93144	0
	0.089	8.125e-05	0	0.93144	0
	0.09	0.0001625	0	0.93144	0
	0.091	0.00018125	0	0.93046	0
	0.092	0.00010625	0	0.93046	0
	0.093	0.0001	0	0.93046	0
	0.094	0.0001375	0	0.93046	0
	0.095	0.00010625	0	0.93046	0
	0.096	8.125e-05	0	0.93046	0
	0.097	7.5e-05	0	0.93046	0
	0.098	0.00011875	0	0.93046	0
	0.099	0.00013125	0	0.931373	0
	0.1	0.00014375	0	0.931373	0
	0.101	7.5e-05	0	0.931373	0
	0.102	0.0001	0	0.931373	0
	0.103	0.0001625	0	0.932287	0
	0.104	0.00011875	0	0.931305	0
	0.105	0.0001	0	0.931305	0
	0.106	8.75e-05	0	0.931305	0
	0.107	0.00010625	0	0.93222	0
	0.108	0.0001	0	0.93222	0
	0.109	5.625e-05	0	0.93222	0
	0.11	5.625e-05	0	0.93222	0
	0.111	6.875e-05	0	0.93222	0
	0.112	7.5e-05	0	0.93222	0
	0.113	3.125e-05	0	0.93222	0
	0.114	5.625e-05	0	0.93222	0
	0.115	6.875e-05	0	0.93222	0
	0.116	0.00010625	0	0.933137	0
	0.117	5.625e-05	0	0.934055	0
	0.118	0.00010625	0	0.934055	0
	0.119	5.625e-05	0	0.934975	0
	0.12	4.375e-05	0	0.934975	0
	0.121	4.375e-05	0	0.934975	0
	0.122	4.375e-05	0	0.935897	0
	0.123	8.125e-05	0	0.936821	0
	0.124	5e-05	0	0.936821	0
	0.125	6.25e-05	0	0.937747	0
	0.126	8.75e-05	0	0.937747	0
	0.127	9.375e-05	0	0.937747	0
	0.128	8.75e-05	0	0.937747	0
	0.129	7.5e-05	0	0.937747	0
	0.13	8.125e-05	0	0.936759	0
	0.131	0.0001125	0	0.934783	0
	0.132	7.5e-05	0	0.934783	0
	0.133	0.000125	0	0.934783	0
	0.134	8.125e-05	0	0.934783	0
	0.135	0.00010625	0	0.934783	0
	0.136	8.125e-05	0	0.932806	0
	0.137	9.375e-05	0	0.932806	0
	0.138	0.00010625	0	0.932806	0
	0.139	9.375e-05	0	0.931818	0
	0.14	0.0001	0	0.931818	0
	0.141	0.0001	0	0.931818	0
	0.142	8.125e-05	0	0.931818	0
	0.143	7.5e-05	0	0.931818	0
	0.144	6.25e-05	0	0.93083	0
	0.145	0.000125	0	0.93083	0
	0.146	8.75e-05	0	0.93083	0
	0.147	6.25e-05	0	0.929842	0
	0.148	0.00014375	0	0.929842	0
	0.149	8.125e-05	0	0.928854	0
	0.15	0.00014375	0	0.928854	0
	0.151	0.0001125	0	0.928854	0
	0.152	0.00015625	0	0.929773	0
	0.153	0.0001625	0	0.929773	0
	0.154	0.0001125	0	0.930693	0
	0.155	0.0001625	0	0.930693	0
	0.156	0.00023125	0	0.930693	0
	0.157	0.00021875	0	0.931615	0
	0.158	0.000225	0	0.931615	0
	0.159	0.0001625	0	0.931615	0
	0.16	0.00025625	0	0.93254	0
	0.161	0.00025	0	0.930556	0
	0.162	0.000225	0	0.930556	0
	0.163	0.000275	0	0.930556	0
	0.164	0.00024375	0	0.927579	0
	0.165	0.000225	0	0.9285	0
	0.166	0.00033125	0	0.9285	0
	0.167	0.0003	0	0.9285	0
	0.168	0.00038125	0	0.925521	0
	0.169	0.00025625	0	0.925521	0
	0.17	0.00033125	0	0.925521	0
	0.171	0.0003375	0	0.925521	0
	0.172	0.00025625	0	0.925521	0
	0.173	0.000325	0	0.925521	0
	0.174	0.00028125	0	0.924528	0
	0.175	0.0003	0	0.922542	0
	0.176	0.0003125	0	0.921549	0
	0.177	0.00028125	0	0.921549	0
	0.178	0.00025625	0	0.919563	0
	0.179	0.0003125	0	0.919563	0
	0.18	0.0002625	0	0.919563	0
	0.181	0.00033125	0	0.919483	0
	0.182	0.00025	0	0.919403	0
	0.183	0.00033125	0	0.918408	0
	0.184	0.00030625	0	0.919323	0
	0.185	0.000275	0	0.919323	0
	0.186	0.00033125	0	0.920239	0
	0.187	0.00029375	0	0.921158	0
	0.188	0.000325	0	0.921079	0
	0.189	0.00025625	0	0.92008	0
	0.19	0.0003	0	0.919081	0
	0.191	0.00033125	0	0.919081	0
	0.192	0.0003	0	0.919081	0
	0.193	0.00030625	0	0.919081	0
	0.194	0.00035625	0	0.92	0
	0.195	0.00036875	0	0.920842	0
	0.196	0.000425	0	0.920842	0
	0.197	0.0003	0	0.920762	0
	0.198	0.0003875	0	0.919759	0
	0.199	0.0002625	0	0.920683	0
	0.2	0.00030625	0	0.921608	0
	0.201	0.00030625	0	0.922535	0
	0.202	0.00040625	0	0.922535	0
	0.203	0.00036875	0	0.925328	0
	0.204	0.00025	0	0.925253	0
	0.205	0.00034375	0	0.925253	0
	0.206	0.00043125	0	0.925253	0
	0.207	0.0003375	0	0.925253	0
	0.208	0.00030625	0	0.924242	0
	0.209	0.00039375	0	0.924242	0
	0.21	0.0002875	0	0.924242	0
	0.211	0.0002875	0	0.923232	0
	0.212	0.000225	0	0.923232	0
	0.213	0.0003125	0	0.923232	0
	0.214	0.00031875	0	0.925101	0
	0.215	0.0003375	0	0.924949	0
	0.216	0.0002875	0	0.924949	0
	0.217	0.00030625	0	0.923935	0
	0.218	0.0003	0	0.925813	0
	0.219	0.00030625	0	0.927699	0
	0.22	0.0002875	0	0.927699	0
	0.221	0.00025	0	0.92668	0
	0.222	0.00030625	0	0.92668	0
	0.223	0.00029375	0	0.926606	0
	0.224	0.00029375	0	0.926606	0
	0.225	0.00031875	6.25e-06	0.926606	0
	0.226	0.00033125	0	0.927551	0
	0.227	0.00030625	0	0.927477	0
	0.228	0.00026875	0	0.926456	0
	0.229	0.00028125	0	0.925434	0
	0.23	0.0003	0	0.92638	0
	0.231	0.0003	0	0.92638	0
	0.232	0.00021875	0	0.92638	0
	0.233	0.0002875	0	0.928279	0
	0.234	0.0003	0	0.928279	0
	0.235	0.00024375	0	0.928279	0
	0.236	0.0003	6.25e-06	0.927179	0
	0.237	0.000225	0	0.927179	0
	0.238	0.00026875	0	0.928131	0
	0.239	0.0003	6.25e-06	0.927105	0
	0.24	0.0003	0	0.926078	0
	0.241	0.00023125	0	0.925051	0
	0.242	0.00031875	0	0.926955	0
	0.243	0.00025625	0	0.92688	0
	0.244	0.00028125	6.25e-06	0.926804	0
	0.245	0.00024375	1.25e-05	0.926804	0
	0.246	0.0002	0	0.926729	0
	0.247	0.000225	0	0.926729	0
	0.248	0.00023125	6.25e-06	0.926729	0
	0.249	0.00028125	1.25e-05	0.926729	0
	0.25	0.0002625	0	0.925697	0
	0.251	0.00026875	0	0.925697	0
	0.252	0.0002375	1.25e-05	0.92562	0
	0.253	0.0002125	0	0.927536	0
	0.254	0.000275	0	0.926501	0
	0.255	0.0002125	1.25e-05	0.924431	0
	0.256	0.00028125	0	0.925389	0
	0.257	0.00025625	0	0.926349	0
	0.258	0.00036875	1.25e-05	0.92731	0
	0.259	0.00031875	1.25e-05	0.929167	0
	0.26	0.00026875	0	0.929167	0
	0.261	0.0002875	6.25e-06	0.933054	0
	0.262	0.0003375	0	0.933054	0
	0.263	0.000325	0	0.932008	0
	0.264	0.0003875	0	0.929916	0
	0.265	0.00033125	0	0.929769	0
	0.266	0.000325	6.25e-06	0.928721	0
	0.267	0.00036875	6.25e-06	0.929696	0
	0.268	0.00031875	0	0.929696	0
	0.269	0.0003375	0	0.930672	0
	0.27	0.000275	6.25e-06	0.930599	0
	0.271	0.00028125	1.25e-05	0.930599	0
	0.272	0.0004	1.25e-05	0.932561	0
	0.273	0.00034375	1.25e-05	0.932561	0
	0.274	0.00035625	1.875e-05	0.931507	0
	0.275	0.00038125	3.125e-05	0.930453	0
	0.276	0.00038125	6.25e-06	0.931435	0
	0.277	0.00031875	1.25e-05	0.931435	0
	0.278	0.00039375	6.25e-06	0.927215	0
	0.279	0.0004	1.25e-05	0.927215	0
	0.28	0.0004125	1.875e-05	0.927215	0
	0.281	0.0005125	0	0.927138	0
	0.282	0.0003625	1.875e-05	0.922914	0
	0.283	0.0004125	1.25e-05	0.921859	0
	0.284	0.0004125	1.875e-05	0.920803	0
	0.285	0.00045625	0	0.921776	0
	0.286	0.0004375	5e-05	0.919662	0
	0.287	0.00040625	1.25e-05	0.919577	0
	0.288	0.0003625	2.5e-05	0.919577	0
	0.289	0.000425	6.25e-06	0.919492	0
	0.29	0.000475	4.375e-05	0.918432	0
	0.291	0.0005625	1.875e-05	0.918346	0
	0.292	0.00040625	2.5e-05	0.917285	0
	0.293	0.00056875	5e-05	0.917285	0
	0.294	0.0004625	6.25e-05	0.916225	0
	0.295	0.0004875	2.5e-05	0.912951	0
	0.296	0.00049375	1.25e-05	0.91189	0
	0.297	0.00040625	3.75e-05	0.910828	0
	0.298	0.00064375	5e-05	0.911796	0
	0.299	0.000525	5e-05	0.913738	0
	0.3	0.000525	3.75e-05	0.910543	0
	0.301	0.00053125	2.5e-05	0.910448	0
	0.302	0.000575	5e-05	0.909285	0
	0.303	0.000575	3.75e-05	0.91123	0
	0.304	0.00055625	7.5e-05	0.912111	0
	0.305	0.00054375	2.5e-05	0.909968	0
	0.306	0.00065	5.625e-05	0.907725	0
	0.307	0.00063125	8.125e-05	0.905579	0
	0.308	0.00055625	0.00010625	0.905579	0
	0.309	0.00048125	3.125e-05	0.90333	0
	0.31	0.00061875	3.75e-05	0.903226	0
	0.311	0.00066875	0.0001	0.903122	0
	0.312	0.00065625	6.25e-05	0.903991	0
	0.313	0.00066875	6.875e-05	0.903888	0
	0.314	0.00056875	7.5e-05	0.902808	0
	0.315	0.00064375	8.125e-05	0.903784	0
	0.316	0.000675	9.375e-05	0.903784	0
	0.317	0.00061875	8.125e-05	0.901622	0
	0.318	0.0007	3.75e-05	0.899459	0
	0.319	0.0006625	0.0001125	0.898378	0
	0.32	0.00066875	0.00011875	0.896216	0
	0.321	0.00073125	8.125e-05	0.894054	0
	0.322	0.0007375	0.00011875	0.894054	0
	0.323	0.00064375	0.00013125	0.892973	0
	0.324	0.0007	0.00011875	0.892857	0
	0.325	0.00068125	0.0001875	0.892857	0
	0.326	0.000675	0.0001625	0.892857	0
	0.327	0.000675	0.00013125	0.892857	0
	0.328	0.0006125	0.00019375	0.888407	0
	0.329	0.00071875	6.875e-05	0.888286	0
	0.33	0.000725	0.00018125	0.88901	0
	0.331	0.00075625	0.00014375	0.888889	0
	0.332	0.00068125	0.0002	0.888768	0
	0.333	0.00080625	0.00015	0.889738	0
	0.334	0.000725	0.00014375	0.892662	0
	0.335	0.00080625	0.00019375	0.893524	0
	0.336	0.00065	0.000225	0.896476	0
	0.337	0.00078125	0.000225	0.896362	0
	0.338	0.00074375	0.00019375	0.897238	0
	0.339	0.00074375	0.00016875	0.897124	0
	0.34	0.000925	0.00018125	0.895903	0
	0.341	0.000825	0.00023125	0.895903	0
	0.342	0.000875	0.00025625	0.896781	0
	0.343	0.00073125	0.000275	0.897778	0
	0.344	0.00070625	0.00025	0.895556	0
	0.345	0.0006875	0.0003	0.895439	0
	0.346	0.00079375	0.0002625	0.895439	0
	0.347	0.00069375	0.0003	0.894327	0
	0.348	0.0007875	0.00031875	0.895206	0
	0.349	0.00081875	0.00035	0.896205	0
	0.35	0.0007	0.00028125	0.896205	0
	0.351	0.00069375	0.000275	0.896089	0
	0.352	0.00076875	0.00028125	0.893736	0
	0.353	0.00069375	0.0003	0.894619	0
	0.354	0.00073125	0.000375	0.893378	0
	0.355	0.000725	0.000425	0.894263	0
	0.356	0.0008125	0.000325	0.894263	0
	0.357	0.00065625	0.00040625	0.89527	0
	0.358	0.00080625	0.00050625	0.892897	0
	0.359	0.000675	0.00035	0.892897	0
	0.36	0.0006625	0.00026875	0.892777	0
	0.361	0.00074375	0.00034375	0.893785	0
	0.362	0.00071875	0.00050625	0.892655	0
	0.363	0.0007	0.000475	0.890147	0
	0.364	0.00069375	0.0005	0.891033	0
	0.365	0.0006	0.0004625	0.8918	0
	0.366	0.00058125	0.00051875	0.893836	0
	0.367	0.0006125	0.0004625	0.893836	0
	0.368	0.00069375	0.0005125	0.895881	0
	0.369	0.00068125	0.0005125	0.899885	0
	0.37	0.00055625	0.0004875	0.898618	0
	0.371	0.00065	0.000475	0.899654	0
	0.372	0.0005875	0.00055625	0.899422	0
	0.373	0.0006625	0.0006	0.899306	0
	0.374	0.00058125	0.0006	0.900348	0
	0.375	0.00063125	0.0005875	0.902439	0
	0.376	0.000675	0.0006375	0.901278	0
	0.377	0.0006875	0.00054375	0.9	0
	0.378	0.00063125	0.0005125	0.898601	0
	0.379	0.00066875	0.000625	0.900701	0
	0.38	0.00060625	0.00068125	0.899415	0
	0.381	0.00069375	0.00065625	0.898126	0
	0.382	0.00055625	0.0006875	0.899179	0
	0.383	0.00051875	0.00058125	0.899179	0
	0.384	0.00074375	0.000675	0.898007	0
	0.385	0.0006	0.00070625	0.900118	0
	0.386	0.00058125	0.000575	0.902123	0
	0.387	0.000675	0.00064375	0.904255	0
	0.388	0.00063125	0.00066875	0.903073	0
	0.389	0.0005625	0.0007	0.902844	0
	0.39	0.00058125	0.00074375	0.9038	0
	0.391	0.00069375	0.00065625	0.902613	0
	0.392	0.00055625	0.00075	0.903571	0
	0.393	0.00045	0.00086875	0.903456	0
	0.394	0.00058125	0.0007	0.904535	0
	0.395	0.0005875	0.0007875	0.904421	0
	0.396	0.0006625	0.00071875	0.905389	0
	0.397	0.000575	0.0007	0.905276	0
	0.398	0.0005875	0.00075625	0.907452	0
	0.399	0.0006	0.00083125	0.908434	0
	0.4	0.0007	0.00085625	0.907117	0
	0.401	0.0005375	0.0008	0.905911	0
	0.402	0.00065625	0.00079375	0.904704	0
	0.403	0.00069375	0.001075	0.902056	0
	0.404	0.00056875	0.000925	0.903148	0
	0.405	0.00069375	0.00074375	0.902913	0
	0.406	0.00056875	0.00085	0.902913	0
	0.407	0.0005875	0.00108125	0.902913	0
	0.408	0.000675	0.00089375	0.900485	0
	0.409	0.00074375	0.0008875	0.900485	0
	0.41	0.00065	0.00091875	0.903659	0
	0.411	0.000575	0.00085625	0.904762	0
	0.412	0.0006625	0.0009375	0.903541	0
	0.413	0.0006	0.00091875	0.904529	0
	0.414	0.00074375	0.00099375	0.904529	0
	0.415	0.000725	0.0011	0.906748	0
	0.416	0.00065625	0.00106875	0.903067	0
	0.417	0.00065625	0.0011125	0.902829	0
	0.418	0.00069375	0.0008625	0.905055	0
	0.419	0.000575	0.0009	0.903822	0
	0.42	0.00056875	0.00113125	0.903822	0
	0.421	0.00065625	0.0008875	0.903704	0
	0.422	0.000525	0.00099375	0.904703	0
	0.423	0.000575	0.00100625	0.904703	0
	0.424	0.000775	0.00091875	0.904585	0
	0.425	0.00074375	0.00113125	0.905707	0
	0.426	0.00065625	0.001	0.905707	0
	0.427	0.00070625	0.00110625	0.905707	0
	0.428	0.00064375	0.00110625	0.903106	0
	0.429	0.0006	0.00104375	0.900621	0
	0.43	0.00066875	0.00099375	0.901619	0
	0.431	0.0007375	0.00110625	0.900374	0
	0.432	0.00065	0.0011125	0.90375	0
	0.433	0.00054375	0.00103125	0.904881	0
	0.434	0.00065625	0.00108125	0.903509	0
	0.435	0.0006625	0.00104375	0.902256	0
	0.436	0.00058125	0.00095	0.902256	0
	0.437	0.0006375	0.0009125	0.899749	0
	0.438	0.00058125	0.00101875	0.901887	0
	0.439	0.0005875	0.00091875	0.9029	0
	0.44	0.00070625	0.0009875	0.901639	0
	0.441	0.00058125	0.0011125	0.900378	0
	0.442	0.0005625	0.0009375	0.901391	0
	0.443	0.00059375	0.00115	0.900126	0
	0.444	0.00065	0.00100625	0.899873	0
	0.445	0.000575	0.0009625	0.897338	0
	0.446	0.000575	0.0011125	0.893536	0
	0.447	0.00058125	0.001025	0.895807	0
	0.448	0.000525	0.00109375	0.900383	0
	0.449	0.0005625	0.0010875	0.896552	0
	0.45	0.000575	0.00099375	0.896552	0
	0.451	0.00070625	0.00098125	0.896552	0
	0.452	0.00059375	0.00096875	0.897567	0
	0.453	0.00060625	0.00111875	0.901028	0
	0.454	0.0005125	0.00123125	0.902188	0
	0.455	0.000525	0.0011	0.899614	0
	0.456	0.0004375	0.0009875	0.899614	0
	0.457	0.0004375	0.0011375	0.900773	0
	0.458	0.00058125	0.00100625	0.900773	0
	0.459	0.0006125	0.00125	0.896907	0
	0.46	0.00053125	0.00119375	0.897933	0
	0.461	0.00054375	0.00111875	0.894057	0
	0.462	0.00051875	0.00105625	0.893782	0
	0.463	0.000625	0.001175	0.897135	0
	0.464	0.00055625	0.00118125	0.898305	0
	0.465	0.000525	0.00110625	0.895561	0
	0.466	0.00049375	0.0011125	0.897906	0
	0.467	0.0005625	0.0011125	0.896461	0
	0.468	0.00058125	0.0010125	0.901055	0
	0.469	0.00059375	0.00105	0.895778	0
	0.47	0.0005625	0.00115625	0.895503	0
	0.471	0.00054375	0.00106875	0.896689	0
	0.472	0.00055	0.001	0.896552	0
	0.473	0.00065	0.0011625	0.892573	0
	0.474	0.00056875	0.00103125	0.894947	0
	0.475	0.00065	0.00101875	0.894807	0
	0.476	0.00056875	0.0011125	0.893333	0
	0.477	0.0006	0.00115625	0.892	0
	0.478	0.0006875	0.00109375	0.889333	0
	0.479	0.000675	0.00088125	0.890521	0
	0.48	0.0006	0.0010625	0.889186	0
	0.481	0.000575	0.0011875	0.890374	0
	0.482	0.000775	0.00115	0.886364	0
	0.483	0.00070625	0.0011875	0.88755	0
	0.484	0.0007625	0.00111875	0.887399	0
	0.485	0.000625	0.0009875	0.887399	0
	0.486	0.0008	0.00099375	0.886059	0
	0.487	0.0008	0.00114375	0.884564	0
	0.488	0.00075	0.00105625	0.883065	0
	0.489	0.0006375	0.00105	0.88172	0
	0.49	0.00065625	0.0011	0.88172	0
	0.491	0.0008875	0.00114375	0.880376	0
	0.492	0.00069375	0.001075	0.881242	0
	0.493	0.00075	0.0011375	0.882432	0
	0.494	0.00060625	0.0013125	0.880759	0
	0.495	0.00071875	0.00108125	0.882993	0
	0.496	0.000775	0.001175	0.881633	0
	0.497	0.00070625	0.0012875	0.880272	0
	0.498	0.0007625	0.0011125	0.882674	0
	0.499	0.00074375	0.00105	0.88388	0
	0.5	0.0007125	0.0009625	0.88388	0
	0.501	0.000775	0.00116875	0.882514	0
	0.502	0.0006875	0.001075	0.880985	0
	0.503	0.0007625	0.00096875	0.879617	0
	0.504	0.000775	0.00109375	0.876881	0
	0.505	0.00066875	0.0009875	0.876712	0
	0.506	0.00078125	0.00101875	0.875342	0
	0.507	0.00080625	0.00116875	0.872603	0
	0.508	0.00080625	0.0012125	0.871056	0
	0.509	0.00069375	0.00095	0.868313	0
	0.51	0.00071875	0.00115	0.866758	0
	0.511	0.0008125	0.0012	0.864011	0
	0.512	0.00078125	0.00108125	0.861073	0
	0.513	0.00074375	0.0010125	0.860882	0
	0.514	0.00075625	0.00105625	0.860882	0
	0.515	0.000825	0.0011125	0.861878	0
	0.516	0.00075	0.00111875	0.864266	0
	0.517	0.000725	0.00108125	0.865465	0
	0.518	0.00078125	0.0011125	0.864903	0
	0.519	0.000825	0.00109375	0.864525	0
	0.52	0.0007125	0.0010625	0.86676	0
	0.521	0.0007375	0.00113125	0.865358	0
	0.522	0.0007125	0.001275	0.865358	0
	0.523	0.0008	0.00106875	0.865169	0
	0.524	0.0007625	0.00105	0.863764	0
	0.525	0.0008125	0.0009375	0.862166	0
	0.526	0.000875	0.00103125	0.860563	0
	0.527	0.0006	0.00098125	0.859155	0
	0.528	0.000775	0.00094375	0.856338	0
	0.529	0.00071875	0.00101875	0.854725	0
	0.53	0.00065	0.00110625	0.856941	0
	0.531	0.000775	0.001225	0.856738	0
	0.532	0.00068125	0.0011375	0.860399	0
	0.533	0.00075625	0.0012625	0.858974	0
	0.534	0.00079375	0.00104375	0.85755	0
	0.535	0.0007	0.00111875	0.854701	0
	0.536	0.00078125	0.0011	0.856938	0
	0.537	0.00068125	0.00114375	0.858166	0
	0.538	0.00075	0.00110625	0.859195	0
	0.539	0.00075625	0.001125	0.860432	0
	0.54	0.00075625	0.001075	0.85879	0
	0.541	0.0008375	0.00110625	0.861272	0
	0.542	0.0007	0.00114375	0.863768	0
	0.543	0.00079375	0.00113125	0.863768	0
	0.544	0.00075625	0.00118125	0.862319	0
	0.545	0.00084375	0.00119375	0.860668	0
	0.546	0.00083125	0.00113125	0.860058	0
	0.547	0.00069375	0.00111875	0.857143	0
	0.548	0.00074375	0.00118125	0.856934	0
	0.549	0.00066875	0.00104375	0.855263	0
	0.55	0.0008625	0.0011875	0.853372	0
	0.551	0.0007	0.00098125	0.854626	0
	0.552	0.00073125	0.0011625	0.853157	0
	0.553	0.00074375	0.0010875	0.851252	0
	0.554	0.00075625	0.00115	0.852507	0
	0.555	0.0006625	0.00106875	0.85503	0
	0.556	0.00080625	0.00110625	0.856083	0
	0.557	0.00083125	0.00104375	0.856083	0
	0.558	0.00086875	0.00105	0.859701	0
	0.559	0.0007875	0.0011125	0.858209	0
	0.56	0.000925	0.001	0.855224	0
	0.561	0.000775	0.00095	0.853731	0
	0.562	0.000875	0.00108125	0.846269	0
	0.563	0.00080625	0.0011375	0.847076	0
	0.564	0.00079375	0.00109375	0.84812	0
	0.565	0.00065625	0.00105	0.846386	0
	0.566	0.0006875	0.00103125	0.848714	0
	0.567	0.00084375	0.0012125	0.85	0
	0.568	0.00075	0.001125	0.851064	0
	0.569	0.0008	0.0012875	0.856269	0
	0.57	0.00066875	0.0011	0.856049	0
	0.571	0.0008375	0.0013	0.857362	0
	0.572	0.00070625	0.0011375	0.851227	0
	0.573	0.00080625	0.00113125	0.850998	0
	0.574	0.000775	0.00105625	0.849231	0
	0.575	0.000775	0.00103125	0.847458	0
	0.576	0.00073125	0.00095	0.848765	0
	0.577	0.000775	0.00109375	0.852713	0
	0.578	0.00078125	0.00123125	0.851163	0
	0.579	0.00074375	0.00114375	0.852484	0
	0.58	0.0008	0.0011625	0.850932	0
	0.581	0.0005375	0.00119375	0.850932	0
	0.582	0.00074375	0.0011875	0.853583	0
	0.583	0.0009375	0.001325	0.852025	0
	0.584	0.00085625	0.0012	0.850467	0
	0.585	0.0008375	0.0011625	0.84891	0
	0.586	0.00075625	0.00113125	0.850234	0
	0.587	0.000825	0.00104375	0.847114	0
	0.588	0.0007375	0.001	0.851097	0
	0.589	0.00075	0.00095	0.852201	0
	0.59	0.000725	0.00119375	0.85489	0
	0.591	0.00076875	0.00105	0.856013	0
	0.592	0.000775	0.00111875	0.855784	0
	0.593	0.0008125	0.0011625	0.85103	0
	0.594	0.0008	0.00093125	0.852381	0
	0.595	0.0006875	0.00100625	0.847377	0
	0.596	0.00075	0.00105625	0.84984	0
	0.597	0.00083125	0.00098125	0.850962	0
	0.598	0.00064375	0.00111875	0.850962	0
	0.599	0.00080625	0.0010625	0.850722	0
	0.6	0.00070625	0.00101875	0.85209	0
	0.601	0.0007125	0.001275	0.855754	0
	0.602	0.0008625	0.00103125	0.859935	0
	0.603	0.00071875	0.00125625	0.858075	0
	0.604	0.0007375	0.00103125	0.857843	0
	0.605	0.0006625	0.00115	0.854575	0
	0.606	0.00064375	0.00120625	0.855974	0
	0.607	0.000725	0.0008875	0.854098	0
	0.608	0.00074375	0.00105	0.852217	0
	0.609	0.00066875	0.00126875	0.851974	0
	0.61	0.00080625	0.00104375	0.850329	0
	0.611	0.000725	0.00115	0.84514	0
	0.612	0.0007125	0.00104375	0.846281	0
	0.613	0.00071875	0.0011625	0.847682	0
	0.614	0.00065	0.00111875	0.846026	0
	0.615	0.00069375	0.0010125	0.845515	0
	0.616	0.0006625	0.0011	0.84808	0
	0.617	0.0007625	0.0010875	0.847826	0
	0.618	0.00070625	0.0009875	0.850671	0
	0.619	0.000675	0.00103125	0.853535	0
	0.62	0.000575	0.00111875	0.851602	0
	0.621	0.0006875	0.000925	0.851351	0
	0.622	0.0007125	0.00100625	0.8511	0
	0.623	0.00066875	0.0010375	0.846024	0
	0.624	0.0007	0.0010625	0.848639	0
	0.625	0.0006375	0.0010375	0.846678	0
	0.626	0.00059375	0.00109375	0.848123	0
	0.627	0.00064375	0.00103125	0.846154	0
	0.628	0.00071875	0.00111875	0.845361	0
	0.629	0.00070625	0.00098125	0.841652	0
	0.63	0.000775	0.0010375	0.844291	0
	0.631	0.00065	0.00109375	0.840555	0
	0.632	0.0005125	0.00116875	0.841739	0
	0.633	0.0006625	0.00105625	0.841463	0
	0.634	0.0006375	0.00104375	0.842657	0
	0.635	0.00063125	0.0011125	0.845614	0
	0.636	0.0007875	0.00108125	0.840351	0
	0.637	0.00068125	0.00109375	0.838313	0
	0.638	0.0007625	0.00105625	0.834507	0
	0.639	0.0006625	0.001	0.832451	0
	0.64	0.0007625	0.00111875	0.835106	0
	0.641	0.00073125	0.00113125	0.83659	0
	0.642	0.0007125	0.0011625	0.83452	0
	0.643	0.00073125	0.001075	0.830961	0
	0.644	0.00068125	0.0010125	0.833631	0
	0.645	0.00084375	0.00103125	0.835125	0
	0.646	0.00070625	0.0010625	0.834532	0
	0.647	0.0006875	0.001125	0.834532	0
	0.648	0.00074375	0.00098125	0.837545	0
	0.649	0.00079375	0.00119375	0.84058	0
	0.65	0.00078125	0.00113125	0.838768	0
	0.651	0.0009625	0.00118125	0.836661	0
	0.652	0.0006625	0.00115625	0.831216	0
	0.653	0.00084375	0.00109375	0.827586	0
	0.654	0.00075	0.00119375	0.830601	0
	0.655	0.0009125	0.00116875	0.826958	0
	0.656	0.00076875	0.001075	0.826642	0
	0.657	0.0008	0.00111875	0.824497	0
	0.658	0.0008375	0.00113125	0.824497	0
	0.659	0.000825	0.00114375	0.820841	0
	0.66	0.00080625	0.00093125	0.822018	0
	0.661	0.000875	0.00095625	0.821691	0
	0.662	0.00096875	0.0010125	0.823204	0
	0.663	0.00088125	0.00098125	0.822878	0
	0.664	0.00085625	0.00093125	0.824399	0
	0.665	0.000875	0.00098125	0.825926	0
	0.666	0.00075625	0.0010625	0.827458	0
	0.667	0.0008375	0.0011375	0.828678	0
	0.668	0.00091875	0.00115	0.830224	0
	0.669	0.00095625	0.00084375	0.829588	0
	0.67	0.000725	0.0011625	0.830827	0
	0.671	0.00089375	0.00118125	0.832075	0
	0.672	0.00101875	0.00093125	0.832075	0
	0.673	0.00100625	0.00095	0.828302	0
	0.674	0.00085625	0.0010625	0.827977	0
	0.675	0.0009125	0.0012375	0.829545	0
	0.676	0.00075	0.00103125	0.827324	0
	0.677	0.0008875	0.0011125	0.826996	0
	0.678	0.00096875	0.00105	0.828244	0
	0.679	0.000875	0.00105	0.828244	0
	0.68	0.00085625	0.0011875	0.827916	0
	0.681	0.0008625	0.0010625	0.82567	0
	0.682	0.00071875	0.0011	0.827255	0
	0.683	0.00071875	0.00119375	0.823077	0
	0.684	0.0009875	0.00109375	0.821154	0
	0.685	0.00080625	0.00114375	0.822394	0
	0.686	0.000825	0.00105625	0.825243	0
	0.687	0.0009	0.00105625	0.824903	0
	0.688	0.000775	0.00086875	0.822612	0
	0.689	0.00083125	0.00109375	0.822612	0
	0.69	0.00099375	0.00116875	0.822266	0
	0.691	0.00071875	0.0010875	0.821918	0
	0.692	0.00070625	0.00094375	0.823529	0
	0.693	0.00073125	0.0011375	0.823529	0
	0.694	0.000775	0.0010375	0.821218	0
	0.695	0.00073125	0.00115625	0.822485	0
	0.696	0.0007375	0.00110625	0.822134	0
	0.697	0.00061875	0.0010625	0.827038	0
	0.698	0.00064375	0.00103125	0.82505	0
	0.699	0.00070625	0.00105	0.826347	0
	0.7	0.000725	0.00093125	0.829659	0
	0.701	0.00055625	0.00096875	0.829317	0
	0.702	0.00066875	0.00095625	0.829317	0
	0.703	0.000475	0.00108125	0.836032	0
	0.704	0.00051875	0.00098125	0.839431	0
	0.705	0.00066875	0.0010875	0.840816	0
	0.706	0.00071875	0.00121875	0.840491	0
	0.707	0.0006625	0.001125	0.840164	0
	0.708	0.0006125	0.00095625	0.841564	0
	0.709	0.00076875	0.0010375	0.841237	0
	0.71	0.0005375	0.00115	0.834711	0
	0.711	0.0005375	0.00116875	0.8361	0
	0.712	0.0006125	0.00105625	0.8361	0
	0.713	0.00066875	0.00104375	0.835759	0
	0.714	0.0005875	0.00095	0.842767	0
	0.715	0.00055625	0.00111875	0.846316	0
	0.716	0.000675	0.00105	0.855319	0
	0.717	0.0006125	0.00105	0.860814	0
	0.718	0.00048125	0.00108125	0.862661	0
	0.719	0.0006125	0.00095625	0.858369	0
	0.72	0.000475	0.0009	0.858369	0
	0.721	0.00051875	0.00108125	0.860215	0
	0.722	0.0005375	0.0009625	0.859914	0
	0.723	0.00065625	0.0010625	0.859611	0
	0.724	0.0005	0.00115625	0.855292	0
	0.725	0.00065625	0.001025	0.859002	0
	0.726	0.00050625	0.00106875	0.858696	0
	0.727	0.00051875	0.001	0.859956	0
	0.728	0.00055625	0.00108125	0.85558	0
	0.729	0.00054375	0.00109375	0.857143	0
	0.73	0.00055	0.0010625	0.85872	0
	0.731	0.000525	0.00105	0.86031	0
	0.732	0.00051875	0.000975	0.86031	0
	0.733	0.00054375	0.00106875	0.86	0
	0.734	0.000625	0.001025	0.859375	0
	0.735	0.00054375	0.00096875	0.857143	0
	0.736	0.00063125	0.00109375	0.857143	0
	0.737	0.00049375	0.00095625	0.858744	0
	0.738	0.0005	0.00110625	0.860674	0
	0.739	0.00045625	0.000925	0.862302	0
	0.74	0.0006375	0.00095625	0.862302	0
	0.741	0.00063125	0.00103125	0.860045	0
	0.742	0.00054375	0.00099375	0.859729	0
	0.743	0.00064375	0.00110625	0.85941	0
	0.744	0.00050625	0.00104375	0.861048	0
	0.745	0.00049375	0.0010375	0.856492	0
	0.746	0.00056875	0.001025	0.860412	0
	0.747	0.00056875	0.00100625	0.858124	0
	0.748	0.0005375	0.00110625	0.862069	0
	0.749	0.000525	0.00098125	0.85977	0
	0.75	0.00060625	0.001	0.852874	0
	0.751	0.0005375	0.0010875	0.852874	0
	0.752	0.00045	0.0011	0.852874	0
	0.753	0.0005	0.00105625	0.854839	0
	0.754	0.00049375	0.00101875	0.856813	0
	0.755	0.00050625	0.0011125	0.856481	0
	0.756	0.00046875	0.001075	0.856148	0
	0.757	0.00058125	0.001	0.868235	0
	0.758	0.00059375	0.0011	0.858824	0
	0.759	0.000575	0.00111875	0.866983	0
	0.76	0.00055625	0.00095	0.864608	0
	0.761	0.000575	0.001	0.859857	0
	0.762	0.0005875	0.000975	0.859524	0
	0.763	0.00051875	0.00091875	0.854762	0
	0.764	0.00053125	0.00090625	0.85	0
	0.765	0.00059375	0.000975	0.85	0
	0.766	0.00055625	0.00101875	0.849282	0
	0.767	0.0005625	0.0009625	0.851319	0
	0.768	0.00061875	0.0009125	0.846523	0
	0.769	0.0006125	0.00088125	0.848193	0
	0.77	0.00046875	0.00103125	0.850242	0
	0.771	0.00055	0.00103125	0.8523	0
	0.772	0.00054375	0.000875	0.849879	0
	0.773	0.00054375	0.0010375	0.849148	0
	0.774	0.00065	0.00105625	0.85122	0
	0.775	0.0005375	0.00098125	0.841463	0
	0.776	0.00060625	0.00104375	0.845588	0
	0.777	0.00058125	0.000925	0.840295	0
	0.778	0.00056875	0.000925	0.832924	0
	0.779	0.00054375	0.000975	0.834975	0
	0.78	0.00060625	0.00099375	0.832512	0
	0.781	0.0004875	0.0010125	0.832099	0
	0.782	0.00058125	0.00096875	0.832099	0
	0.783	0.00053125	0.00096875	0.834158	0
	0.784	0.000525	0.00104375	0.829208	0
	0.785	0.00063125	0.00105	0.826733	0
	0.786	0.00060625	0.00085625	0.826733	0
	0.787	0.00056875	0.000875	0.823821	0
	0.788	0.00075	0.00098125	0.823821	0
	0.789	0.0006375	0.00103125	0.825871	0
	0.79	0.00059375	0.001	0.825	0
	0.791	0.00080625	0.00086875	0.829146	0
	0.792	0.00058125	0.00103125	0.832911	0
	0.793	0.0007625	0.00105625	0.829517	0
	0.794	0.00065	0.001	0.826972	0
	0.795	0.00059375	0.00098125	0.828645	0
	0.796	0.00073125	0.001025	0.828205	0
	0.797	0.0007	0.001075	0.828205	0
	0.798	0.00071875	0.00100625	0.825641	0
	0.799	0.0007125	0.00096875	0.825193	0
	0.8	0.00069375	0.00081875	0.820051	0
	0.801	0.000675	0.00095	0.823834	0
	0.802	0.0008625	0.00091875	0.825521	0
	0.803	0.00068125	0.0010625	0.832021	0
	0.804	0.000725	0.00091875	0.832021	0
	0.805	0.00070625	0.0009625	0.831135	0
	0.806	0.00078125	0.001075	0.828496	0
	0.807	0.00080625	0.00093125	0.830688	0
	0.808	0.0008125	0.00090625	0.822281	0
	0.809	0.0006	0.00088125	0.822281	0
	0.81	0.00085	0.00110625	0.828877	0
	0.811	0.00075625	0.0010125	0.818182	0
	0.812	0.00074375	0.0009	0.817694	0
	0.813	0.000725	0.00078125	0.817694	0
	0.814	0.00075625	0.00089375	0.817204	0
	0.815	0.00076875	0.0007875	0.814516	0
	0.816	0.00065625	0.0008625	0.816712	0
	0.817	0.0006875	0.0009125	0.813514	0
	0.818	0.00071875	0.0009375	0.815718	0
	0.819	0.00075625	0.0009	0.814714	0
	0.82	0.000675	0.00088125	0.809264	0
	0.821	0.00065	0.000975	0.80109	0
	0.822	0.0007625	0.00094375	0.79564	0
	0.823	0.00071875	0.00095	0.794521	0
	0.824	0.0006375	0.0009375	0.798343	0
	0.825	0.00065625	0.0007875	0.790055	0
	0.826	0.00063125	0.000825	0.786704	0
	0.827	0.0008125	0.00085625	0.783333	0
	0.828	0.00071875	0.00099375	0.777159	0
	0.829	0.0007625	0.00089375	0.777159	0
	0.83	0.0007	0.00085	0.77591	0
	0.831	0.00059375	0.00081875	0.779037	0
	0.832	0.00053125	0.0008625	0.78125	0
	0.833	0.0006625	0.00100625	0.783476	0
	0.834	0.00071875	0.000975	0.780627	0
	0.835	0.0006	0.00075	0.780627	0
	0.836	0.00078125	0.0007875	0.777778	0
	0.837	0.0006375	0.00093125	0.778736	0
	0.838	0.0008625	0.0009125	0.782609	0
	0.839	0.0006875	0.00094375	0.784257	0
	0.84	0.00084375	0.00085	0.78655	0
	0.841	0.00078125	0.00090625	0.776471	0
	0.842	0.00103125	0.00083125	0.778761	0
	0.843	0.0008125	0.00080625	0.774481	0
	0.844	0.00089375	0.00106875	0.770833	0
	0.845	0.00065	0.00090625	0.770149	0
	0.846	0.0009625	0.00078125	0.769461	0
	0.847	0.00093125	0.00084375	0.769461	0
	0.848	0.0007875	0.0008875	0.765766	0
	0.849	0.000925	0.0009125	0.762763	0
	0.85	0.00083125	0.00101875	0.76435	0
	0.851	0.0008125	0.00085	0.763636	0
	0.852	0.00098125	0.00099375	0.768293	0
	0.853	0.00090625	0.0008375	0.768293	0
	0.854	0.0010125	0.00083125	0.770642	0
	0.855	0.00095625	0.00081875	0.757669	0
	0.856	0.00106875	0.0008375	0.756923	0
	0.857	0.00095	0.000775	0.766355	0
	0.858	0.00103125	0.0007	0.77116	0
	0.859	0.0009875	0.00078125	0.77116	0
	0.86	0.00091875	0.00081875	0.768025	0
	0.861	0.001	0.0007875	0.767296	0
	0.862	0.00106875	0.00085625	0.757098	0
	0.863	0.00095625	0.0008625	0.753943	0
	0.864	0.0009625	0.00075	0.746835	0
	0.865	0.0010125	0.000825	0.739683	0
	0.866	0.000925	0.00086875	0.730159	0
	0.867	0.001	0.000825	0.732484	0
	0.868	0.0009875	0.0008625	0.727564	0
	0.869	0.00094375	0.00084375	0.727564	0
	0.87	0.00090625	0.000825	0.734628	0
	0.871	0.0010375	0.00085625	0.724026	0
	0.872	0.0009125	0.00085	0.713355	0
	0.873	0.00095625	0.0007875	0.713816	0
	0.874	0.0010125	0.000675	0.717608	0
	0.875	0.00081875	0.00080625	0.724832	0
	0.876	0.0007625	0.00073125	0.723906	0
	0.877	0.00091875	0.0008625	0.731293	0
	0.878	0.00085	0.00085	0.730375	0
	0.879	0.000875	0.0006875	0.730375	0
	0.88	0.00079375	0.000725	0.729452	0
	0.881	0.00091875	0.00069375	0.734483	0
	0.882	0.0009	0.000775	0.731034	0
	0.883	0.0008875	0.00085	0.74386	0
	0.884	0.0009625	0.00086875	0.732394	0
	0.885	0.000975	0.00071875	0.727915	0
	0.886	0.0007625	0.0007625	0.725979	0
	0.887	0.00083125	0.00075	0.724014	0
	0.888	0.00095625	0.00065	0.723022	0
	0.889	0.00111875	0.000725	0.718412	0
	0.89	0.0009625	0.00063125	0.712727	0
	0.891	0.000975	0.00070625	0.724907	0
	0.892	0.00098125	0.00060625	0.716418	0
	0.893	0.0009875	0.0006625	0.720755	0
	0.894	0.00100625	0.0007875	0.708333	0
	0.895	0.00101875	0.0007625	0.704545	0
	0.896	0.00108125	0.00071875	0.69962	0
	0.897	0.0010875	0.0008	0.698473	0
	0.898	0.001225	0.0006875	0.702703	0
	0.899	0.00100625	0.00059375	0.700389	0
	0.9	0.00096875	0.0006875	0.700389	0
	0.901	0.001075	0.0007625	0.705882	0
	0.902	0.00095	0.00064375	0.698039	0
	0.903	0.00111875	0.0007	0.69685	0
	0.904	0.0011875	0.00059375	0.692913	0
	0.905	0.00100625	0.0006875	0.677165	0
	0.906	0.00126875	0.00056875	0.673228	0
	0.907	0.0012	0.00065625	0.672	0
	0.908	0.0010875	0.000725	0.662651	0
	0.909	0.00115	0.00073125	0.665323	0
	0.91	0.0010875	0.00065	0.665323	0
	0.911	0.00123125	0.0007125	0.665306	0
	0.912	0.00114375	0.00064375	0.672199	0
	0.913	0.00109375	0.0007	0.689362	0
	0.914	0.00100625	0.0007	0.688034	0
	0.915	0.0011375	0.00055625	0.683761	0
	0.916	0.001075	0.00075625	0.689655	0
	0.917	0.00105	0.00056875	0.686957	0
	0.918	0.00105625	0.0007125	0.676856	0
	0.919	0.00090625	0.00068125	0.668122	0
	0.92	0.0010625	0.0007125	0.68	0
	0.921	0.00090625	0.0006875	0.672646	0
	0.922	0.0010625	0.0005625	0.663677	0
	0.923	0.00114375	0.00056875	0.669683	0
	0.924	0.0009875	0.0006	0.671233	0
	0.925	0.000975	0.000525	0.666667	0
	0.926	0.00078125	0.00050625	0.675926	0
	0.927	0.00090625	0.0005375	0.67757	0
	0.928	0.000825	0.00054375	0.687204	0
	0.929	0.0009125	0.000625	0.697115	0
	0.93	0.00088125	0.000675	0.700483	0
	0.931	0.00088125	0.00061875	0.696078	0
	0.932	0.00099375	0.00055625	0.70297	0
	0.933	0.00083125	0.00059375	0.7	0
	0.934	0.00098125	0.00059375	0.703518	0
	0.935	0.000875	0.0006125	0.700508	0
	0.936	0.00088125	0.00049375	0.685279	0
	0.937	0.00086875	0.00051875	0.701571	0
	0.938	0.000875	0.00055	0.708995	0
	0.939	0.00078125	0.00058125	0.705882	0
	0.94	0.00091875	0.0005375	0.710383	0
	0.941	0.00079375	0.00055	0.714286	0
	0.942	0.000825	0.00056875	0.72067	0
	0.943	0.00084375	0.000475	0.719101	0
	0.944	0.0008625	0.0004875	0.727273	0
	0.945	0.00084375	0.000425	0.725714	0
	0.946	0.00088125	0.0003375	0.708571	0
	0.947	0.00098125	0.0004875	0.705202	0
	0.948	0.00069375	0.000425	0.680233	0
	0.949	0.00075	0.00046875	0.686391	0
	0.95	0.0008	0.00041875	0.688623	0
	0.951	0.0007875	0.00055	0.690909	0
	0.952	0.00081875	0.000475	0.699387	0
	0.953	0.000875	0.000525	0.70625	0
	0.954	0.00071875	0.00045625	0.71519	0
	0.955	0.000825	0.0004125	0.719745	0
	0.956	0.0009	0.00039375	0.705128	0
	0.957	0.0008875	0.0004625	0.698718	0
	0.958	0.00095625	0.0005125	0.690323	0
	0.959	0.0008375	0.0004625	0.695364	0
	0.96	0.001	0.0004875	0.697987	0
	0.961	0.00096875	0.0004375	0.70068	0
	0.962	0.00110625	0.00043125	0.708333	0
	0.963	0.000975	0.0003625	0.706294	0
	0.964	0.0011375	0.0003875	0.699301	0
	0.965	0.00093125	0.00035	0.695035	0
	0.966	0.00091875	0.00038125	0.7	0
	0.967	0.00108125	0.0003375	0.702899	0
	0.968	0.00106875	0.000375	0.693431	0
	0.969	0.0010375	0.00033125	0.676471	0
	0.97	0.0013	0.0002375	0.669118	0
	0.971	0.00111875	0.0003375	0.664179	0
	0.972	0.0011375	0.000375	0.646617	0
	0.973	0.0010375	0.000375	0.641221	0
	0.974	0.0011	0.000425	0.643411	0
	0.975	0.00125625	0.000325	0.645669	0
	0.976	0.001	0.00036875	0.637097	0
	0.977	0.00108125	0.0003125	0.634146	0
	0.978	0.00110625	0.00031875	0.641667	0
	0.979	0.00125	0.0003125	0.644068	0
	0.98	0.00109375	0.00034375	0.634783	0
	0.981	0.00116875	0.00033125	0.634783	0
	0.982	0.00130625	0.0002375	0.614035	0
	0.983	0.00121875	0.00030625	0.625	0
	0.984	0.00128125	0.0003125	0.605505	0
	0.985	0.00125	0.00023125	0.59434	0
	0.986	0.0012	0.0002	0.582524	0
	0.987	0.00125625	0.00025	0.574257	0
	0.988	0.001375	0.0002125	0.571429	0
	0.989	0.0014625	0.00021875	0.552083	0
	0.99	0.00176875	0.0002	0.553191	0
	0.991	0.00170625	0.0001875	0.538462	0
	0.992	0.00205625	0.0002125	0.5	0
	0.993	0.00209375	0.00019375	0.482353	0
	0.994	0.0023375	0.00018125	0.481481	0
	0.995	0.00261875	0.0001125	0.448718	0
	0.996	0.003025	0.0001375	0.418919	0
	0.997	0.00325625	0.00013125	0.361111	0
	0.998	0.00388125	0.00011875	0.318841	0
	0.999	0.00506875	8.75e-05	0.296875	0
	1	0.0175187	9.375e-05	0.134615	0


#	yrange	sparsity	# links	zeta	support at cross	fraction FP
	0	0.715625	1145	0.000192857	0.974	0.0982815
	0.45	0.715625	1145	0.000192857	0.974	0.0982815
