#	Frequencies and overlap
#	bins	MYC	shuffle	overlap_MYC	overlap_shuffle
	0	0.4397	0.462825	0.884043	0
	0.001	0	0	0.884043	0
	0.002	0	0	0.884043	0
	0.003	0	0	0.884043	0
	0.004	0	0	0.884043	0
	0.005	0	0	0.884043	0
	0.006	0	0	0.884043	0
	0.007	0	0	0.884043	0
	0.008	0	0	0.884043	0
	0.009	0	0	0.884043	0
	0.01	0	0	0.884043	0
	0.011	0	0	0.884043	0
	0.012	0	0	0.884043	0
	0.013	0	0	0.884043	0
	0.014	0	0	0.884043	0
	0.015	0	0	0.884043	0
	0.016	0	0	0.884043	0
	0.017	0	0	0.884043	0
	0.018	0	0	0.884043	0
	0.019	0	0	0.884043	0
	0.02	0	0	0.884043	0
	0.021	0	0	0.884043	0
	0.022	0	0	0.884043	0
	0.023	0	0	0.884043	0
	0.024	0	0	0.884043	0
	0.025	0	0	0.884043	0
	0.026	0	0	0.884043	0
	0.027	0	0	0.884043	0
	0.028	0	0	0.884043	0
	0.029	0	0	0.884043	0
	0.03	0	0	0.884043	0
	0.031	0	0	0.884043	0
	0.032	0	0	0.884043	0
	0.033	0	0	0.884043	0
	0.034	0	0	0.884043	0
	0.035	0	0	0.884043	0
	0.036	0	0	0.884043	0
	0.037	0	0	0.884043	0
	0.038	0	0	0.884043	0
	0.039	0	0	0.884043	0
	0.04	0	0	0.884043	0
	0.041	0	0	0.884043	0
	0.042	0	0	0.884043	0
	0.043	0	0	0.884043	0
	0.044	0	0	0.884043	0
	0.045	0	0	0.884043	0
	0.046	0	0	0.884043	0
	0.047	0	0	0.884043	0
	0.048	0	0	0.884043	0
	0.049	0	0	0.884043	0
	0.05	0	0	0.884043	0
	0.051	0	0	0.884043	0
	0.052	0	0	0.884043	0
	0.053	0	0	0.884043	0
	0.054	0	0	0.884043	0
	0.055	0	0	0.884043	0
	0.056	0	0	0.884043	0
	0.057	0	0	0.884043	0
	0.058	0	0	0.884043	0
	0.059	0	0	0.884043	0
	0.06	0	0	0.884043	0
	0.061	0	0	0.884043	0
	0.062	0	0	0.884043	0
	0.063	0	0	0.884043	0
	0.064	0	0	0.884043	0
	0.065	0	0	0.884043	0
	0.066	0	0	0.884043	0
	0.067	0	0	0.884043	0
	0.068	0	0	0.884043	0
	0.069	0	0	0.884043	0
	0.07	0	0	0.884043	0
	0.071	0	0	0.884043	0
	0.072	0	0	0.884043	0
	0.073	0	0	0.884043	0
	0.074	0	0	0.884043	0
	0.075	0	0	0.884043	0
	0.076	0	0	0.884043	0
	0.077	0	0	0.884043	0
	0.078	0	0	0.884043	0
	0.079	0	0	0.884043	0
	0.08	0	0	0.884043	0
	0.081	0	0	0.884043	0
	0.082	0	0	0.884043	0
	0.083	0	0	0.884043	0
	0.084	0	0	0.884043	0
	0.085	0	0	0.884043	0
	0.086	0	0	0.884043	0
	0.087	0	0	0.884043	0
	0.088	0	0	0.884043	0
	0.089	0	0	0.884043	0
	0.09	0	0	0.884043	0
	0.091	0	0	0.884043	0
	0.092	0	0	0.884043	0
	0.093	0	0	0.884043	0
	0.094	0	0	0.884043	0
	0.095	0	0	0.884043	0
	0.096	0	0	0.884043	0
	0.097	0	0	0.884043	0
	0.098	0	0	0.884043	0
	0.099	0	0	0.884043	0
	0.1	0	0	0.884043	0
	0.101	0	0	0.884043	0
	0.102	0	0	0.884043	0
	0.103	0	0	0.884043	0
	0.104	0	0	0.884043	0
	0.105	0	0	0.884043	0
	0.106	0	0	0.884043	0
	0.107	0	0	0.884043	0
	0.108	0	0	0.884043	0
	0.109	0	0	0.884043	0
	0.11	0	0	0.884043	0
	0.111	0	0	0.884043	0
	0.112	0	0	0.884043	0
	0.113	0	0	0.884043	0
	0.114	0	0	0.884043	0
	0.115	0	0	0.884043	0
	0.116	0	0	0.884043	0
	0.117	0	0	0.884043	0
	0.118	0	0	0.884043	0
	0.119	0	0	0.884043	0
	0.12	0	0	0.884043	0
	0.121	0	0	0.884043	0
	0.122	0	0	0.884043	0
	0.123	0	0	0.884043	0
	0.124	0	0	0.884043	0
	0.125	0	0	0.884043	0
	0.126	0	0	0.884043	0
	0.127	0	0	0.884043	0
	0.128	0	0	0.884043	0
	0.129	0	0	0.884043	0
	0.13	0	0	0.884043	0
	0.131	0	0	0.884043	0
	0.132	0	0	0.884043	0
	0.133	0	0	0.884043	0
	0.134	0	0	0.884043	0
	0.135	0	0	0.884043	0
	0.136	0	0	0.884043	0
	0.137	0	0	0.884043	0
	0.138	0	0	0.884043	0
	0.139	0	0	0.884043	0
	0.14	0	0	0.884043	0
	0.141	0	0	0.884043	0
	0.142	0	0	0.884043	0
	0.143	0	0	0.884043	0
	0.144	0	0	0.884043	0
	0.145	0	0	0.884043	0
	0.146	0	0	0.884043	0
	0.147	0	0	0.884043	0
	0.148	0	0	0.884043	0
	0.149	0	0	0.884043	0
	0.15	0	0	0.884043	0
	0.151	0	0	0.884043	0
	0.152	0	0	0.884043	0
	0.153	0	0	0.884043	0
	0.154	0	0	0.884043	0
	0.155	0	0	0.884043	0
	0.156	0	0	0.884043	0
	0.157	0	0	0.884043	0
	0.158	0	0	0.884043	0
	0.159	0	0	0.884043	0
	0.16	0	0	0.884043	0
	0.161	0	0	0.884043	0
	0.162	0	0	0.884043	0
	0.163	0	0	0.884043	0
	0.164	0	0	0.884043	0
	0.165	0	0	0.884043	0
	0.166	0	0	0.884043	0
	0.167	0	0	0.884043	0
	0.168	0	0	0.884043	0
	0.169	0	0	0.884043	0
	0.17	0	0	0.884043	0
	0.171	0	0	0.884043	0
	0.172	0	0	0.884043	0
	0.173	0	0	0.884043	0
	0.174	0	0	0.884043	0
	0.175	0	0	0.884043	0
	0.176	0	0	0.884043	0
	0.177	0	0	0.884043	0
	0.178	0	0	0.884043	0
	0.179	0	0	0.884043	0
	0.18	0	0	0.884043	0
	0.181	0	0	0.884043	0
	0.182	0	0	0.884043	0
	0.183	0	0	0.884043	0
	0.184	0	0	0.884043	0
	0.185	0	0	0.884043	0
	0.186	0	0	0.884043	0
	0.187	0	0	0.884043	0
	0.188	0	0	0.884043	0
	0.189	0	0	0.884043	0
	0.19	0	0	0.884043	0
	0.191	0	0	0.884043	0
	0.192	0	0	0.884043	0
	0.193	0	0	0.884043	0
	0.194	0	0	0.884043	0
	0.195	0	0	0.884043	0
	0.196	0	0	0.884043	0
	0.197	0	0	0.884043	0
	0.198	0	0	0.884043	0
	0.199	0	0	0.884043	0
	0.2	0	0	0.884043	0
	0.201	0	0	0.884043	0
	0.202	0	0	0.884043	0
	0.203	0	0	0.884043	0
	0.204	0	0	0.884043	0
	0.205	0	0	0.884043	0
	0.206	0	0	0.884043	0
	0.207	0	0	0.884043	0
	0.208	0	0	0.884043	0
	0.209	0	0	0.884043	0
	0.21	0	0	0.884043	0
	0.211	0	0	0.884043	0
	0.212	0	0	0.884043	0
	0.213	0	0	0.884043	0
	0.214	0	0	0.884043	0
	0.215	0	0	0.884043	0
	0.216	0	0	0.884043	0
	0.217	0	0	0.884043	0
	0.218	0	0	0.884043	0
	0.219	0	0	0.884043	0
	0.22	0	0	0.884043	0
	0.221	0	0	0.884043	0
	0.222	0	0	0.884043	0
	0.223	0	0	0.884043	0
	0.224	0	0	0.884043	0
	0.225	0	0	0.884043	0
	0.226	0	0	0.884043	0
	0.227	0	0	0.884043	0
	0.228	0	0	0.884043	0
	0.229	0	0	0.884043	0
	0.23	0	0	0.884043	0
	0.231	0	0	0.884043	0
	0.232	0	0	0.884043	0
	0.233	0	0	0.884043	0
	0.234	0	0	0.884043	0
	0.235	0	0	0.884043	0
	0.236	0	0	0.884043	0
	0.237	0	0	0.884043	0
	0.238	0	0	0.884043	0
	0.239	0	0	0.884043	0
	0.24	0	0	0.884043	0
	0.241	0	0	0.884043	0
	0.242	0	0	0.884043	0
	0.243	0	0	0.884043	0
	0.244	0	0	0.884043	0
	0.245	0	0	0.884043	0
	0.246	0	0	0.884043	0
	0.247	0	0	0.884043	0
	0.248	0	0	0.884043	0
	0.249	0	0	0.884043	0
	0.25	0	0	0.884043	0
	0.251	0	0	0.884043	0
	0.252	0	0	0.884043	0
	0.253	0	0	0.884043	0
	0.254	0	0	0.884043	0
	0.255	0	0	0.884043	0
	0.256	0	0	0.884043	0
	0.257	0	0	0.884043	0
	0.258	0	0	0.884043	0
	0.259	0	0	0.884043	0
	0.26	0	0	0.884043	0
	0.261	0	0	0.884043	0
	0.262	0	0	0.884043	0
	0.263	0	0	0.884043	0
	0.264	0	0	0.884043	0
	0.265	0	0	0.884043	0
	0.266	0	0	0.884043	0
	0.267	0	0	0.884043	0
	0.268	0	0	0.884043	0
	0.269	0	0	0.884043	0
	0.27	0	0	0.884043	0
	0.271	0	0	0.884043	0
	0.272	0	0	0.884043	0
	0.273	0	0	0.884043	0
	0.274	0	0	0.884043	0
	0.275	0	0	0.884043	0
	0.276	0	0	0.884043	0
	0.277	0	0	0.884043	0
	0.278	0	0	0.884043	0
	0.279	0	0	0.884043	0
	0.28	0	0	0.884043	0
	0.281	0	0	0.884043	0
	0.282	0	0	0.884043	0
	0.283	0	0	0.884043	0
	0.284	0	0	0.884043	0
	0.285	0	0	0.884043	0
	0.286	0	0	0.884043	0
	0.287	0	0	0.884043	0
	0.288	0	0	0.884043	0
	0.289	0	0	0.884043	0
	0.29	0	0	0.884043	0
	0.291	0	0	0.884043	0
	0.292	0	0	0.884043	0
	0.293	0	0	0.884043	0
	0.294	0	0	0.884043	0
	0.295	0	0	0.884043	0
	0.296	0	0	0.884043	0
	0.297	0	0	0.884043	0
	0.298	0	0	0.884043	0
	0.299	0	0	0.884043	0
	0.3	0	0	0.884043	0
	0.301	0	0	0.884043	0
	0.302	0	0	0.884043	0
	0.303	0	0	0.884043	0
	0.304	0	0	0.884043	0
	0.305	0	0	0.884043	0
	0.306	0	0	0.884043	0
	0.307	0	0	0.884043	0
	0.308	0	0	0.884043	0
	0.309	0	0	0.884043	0
	0.31	0	0	0.884043	0
	0.311	0	0	0.884043	0
	0.312	0	0	0.884043	0
	0.313	0	0	0.884043	0
	0.314	0	0	0.884043	0
	0.315	0	0	0.884043	0
	0.316	0	0	0.884043	0
	0.317	0	0	0.884043	0
	0.318	0	0	0.884043	0
	0.319	0	0	0.884043	0
	0.32	0	0	0.884043	0
	0.321	0	0	0.884043	0
	0.322	0	0	0.884043	0
	0.323	0	0	0.884043	0
	0.324	0	0	0.884043	0
	0.325	0	0	0.884043	0
	0.326	0	0	0.884043	0
	0.327	0	0	0.884043	0
	0.328	0	0	0.884043	0
	0.329	0	0	0.884043	0
	0.33	0	0	0.884043	0
	0.331	0	0	0.884043	0
	0.332	0	0	0.884043	0
	0.333	0	0	0.884043	0
	0.334	0	0	0.884043	0
	0.335	0	0	0.884043	0
	0.336	0	0	0.884043	0
	0.337	0	0	0.884043	0
	0.338	0	0	0.884043	0
	0.339	0	0	0.884043	0
	0.34	0	0	0.884043	0
	0.341	0	0	0.884043	0
	0.342	0	0	0.884043	0
	0.343	0	0	0.884043	0
	0.344	0	0	0.884043	0
	0.345	0	0	0.884043	0
	0.346	0	0	0.884043	0
	0.347	0	0	0.884043	0
	0.348	0	0	0.884043	0
	0.349	0	0	0.884043	0
	0.35	0	0	0.884043	0
	0.351	0	0	0.884043	0
	0.352	0	0	0.884043	0
	0.353	0	0	0.884043	0
	0.354	0	0	0.884043	0
	0.355	0	0	0.884043	0
	0.356	0	0	0.884043	0
	0.357	0	0	0.884043	0
	0.358	0	0	0.884043	0
	0.359	0	0	0.884043	0
	0.36	0	0	0.884043	0
	0.361	0	0	0.884043	0
	0.362	0	0	0.884043	0
	0.363	0	0	0.884043	0
	0.364	0	0	0.884043	0
	0.365	0	0	0.884043	0
	0.366	0	0	0.884043	0
	0.367	0	0	0.884043	0
	0.368	0	0	0.884043	0
	0.369	0	0	0.884043	0
	0.37	0	0	0.884043	0
	0.371	0	0	0.884043	0
	0.372	0	0	0.884043	0
	0.373	0	0	0.884043	0
	0.374	0	0	0.884043	0
	0.375	0	0	0.884043	0
	0.376	0	0	0.884043	0
	0.377	0	0	0.884043	0
	0.378	0	0	0.884043	0
	0.379	0	0	0.884043	0
	0.38	0	0	0.884043	0
	0.381	0	0	0.884043	0
	0.382	0	0	0.884043	0
	0.383	0	0	0.884043	0
	0.384	0	0	0.884043	0
	0.385	0	0	0.884043	0
	0.386	0	0	0.884043	0
	0.387	0	0	0.884043	0
	0.388	0	0	0.884043	0
	0.389	0	0	0.884043	0
	0.39	0	0	0.884043	0
	0.391	0	0	0.884043	0
	0.392	0	0	0.884043	0
	0.393	0	0	0.884043	0
	0.394	0	0	0.884043	0
	0.395	0	0	0.884043	0
	0.396	0	0	0.884043	0
	0.397	0	0	0.884043	0
	0.398	0	0	0.884043	0
	0.399	0	0	0.884043	0
	0.4	0	0	0.884043	0
	0.401	0	0	0.884043	0
	0.402	0	0	0.884043	0
	0.403	0	0	0.884043	0
	0.404	0	0	0.884043	0
	0.405	0	0	0.884043	0
	0.406	0	0	0.884043	0
	0.407	0	0	0.884043	0
	0.408	0	0	0.884043	0
	0.409	0	0	0.884043	0
	0.41	0	0	0.884043	0
	0.411	0	0	0.884043	0
	0.412	0	0	0.884043	0
	0.413	0	0	0.884043	0
	0.414	0	0	0.884043	0
	0.415	0	0	0.884043	0
	0.416	0	0	0.884043	0
	0.417	0	0	0.884043	0
	0.418	0	0	0.884043	0
	0.419	0	0	0.884043	0
	0.42	0	0	0.884043	0
	0.421	0	0	0.884043	0
	0.422	0	0	0.884043	0
	0.423	0	0	0.884043	0
	0.424	0	0	0.884043	0
	0.425	0	0	0.884043	0
	0.426	0	0	0.884043	0
	0.427	0	0	0.884043	0
	0.428	0	0	0.884043	0
	0.429	0	0	0.884043	0
	0.43	0	0	0.884043	0
	0.431	6.25e-06	0	0.884043	0
	0.432	1.875e-05	0	0.884043	0
	0.433	6.25e-06	0	0.884043	0
	0.434	1.25e-05	0	0.884043	0
	0.435	2.5e-05	0	0.884043	0
	0.436	1.875e-05	0	0.884043	0
	0.437	6.25e-06	0	0.884043	0
	0.438	1.25e-05	0	0.884043	0
	0.439	1.25e-05	0	0.884043	0
	0.44	1.875e-05	0	0.884043	0
	0.441	6.25e-06	0	0.884043	0
	0.442	1.875e-05	0	0.884043	0
	0.443	6.25e-06	0	0.884043	0
	0.444	6.25e-05	0	0.884043	0
	0.445	1.25e-05	0	0.884043	0
	0.446	4.375e-05	0	0.884043	0
	0.447	2.5e-05	0	0.884043	0
	0.448	1.25e-05	0	0.884043	0
	0.449	2.5e-05	0	0.884043	0
	0.45	3.75e-05	0	0.884043	0
	0.451	2.5e-05	0	0.884043	0
	0.452	3.75e-05	0	0.884043	0
	0.453	2.5e-05	0	0.884043	0
	0.454	2.5e-05	0	0.884043	0
	0.455	3.75e-05	0	0.884043	0
	0.456	1.875e-05	0	0.884043	0
	0.457	3.125e-05	0	0.884043	0
	0.458	1.875e-05	6.25e-06	0.884043	0
	0.459	4.375e-05	0	0.884043	0
	0.46	3.125e-05	0	0.884984	0
	0.461	1.875e-05	0	0.884984	0
	0.462	3.125e-05	0	0.884984	0
	0.463	7.5e-05	0	0.884984	0
	0.464	6.875e-05	6.25e-06	0.883919	0
	0.465	5e-05	0	0.883919	0
	0.466	5.625e-05	6.25e-06	0.883919	0
	0.467	0.0001	0	0.884861	0
	0.468	8.75e-05	6.25e-06	0.885806	0
	0.469	0.000125	1.25e-05	0.885806	0
	0.47	9.375e-05	1.25e-05	0.884739	0
	0.471	0.00013125	3.125e-05	0.884739	0
	0.472	0.00013125	3.125e-05	0.885561	0
	0.473	0.0001875	5.625e-05	0.884492	0
	0.474	0.00018125	5e-05	0.883422	0
	0.475	0.00016875	0.0001125	0.883422	0
	0.476	0.0001375	9.375e-05	0.884368	0
	0.477	0.0001875	8.75e-05	0.885316	0
	0.478	0.00026875	0.000125	0.885316	0
	0.479	0.000225	0.00019375	0.885316	0
	0.48	0.00031875	0.0002375	0.885316	0
	0.481	0.0003125	0.0002625	0.886266	0
	0.482	0.0003625	0.0002875	0.886266	0
	0.483	0.0003625	0.00041875	0.886266	0
	0.484	0.00039375	0.00055625	0.885193	0
	0.485	0.00034375	0.00049375	0.885193	0
	0.486	0.00041875	0.000425	0.881974	0
	0.487	0.0004375	0.00065	0.881974	0
	0.488	0.00046875	0.000775	0.882922	0
	0.489	0.00045625	0.00090625	0.882796	0
	0.49	0.00055	0.0009875	0.883746	0
	0.491	0.00061875	0.00094375	0.883621	0
	0.492	0.0005875	0.00105625	0.881338	0
	0.493	0.000625	0.00104375	0.881338	0
	0.494	0.0007625	0.00108125	0.88121	0
	0.495	0.00093125	0.0010875	0.878919	0
	0.496	0.0007375	0.00119375	0.87974	0
	0.497	0.00079375	0.00126875	0.880694	0
	0.498	0.00085	0.0012125	0.88165	0
	0.499	0.0009625	0.00115	0.880565	0
	0.5	0.000825	0.00131875	0.881522	0
	0.501	0.00093125	0.00120625	0.880305	0
	0.502	0.00098125	0.0012625	0.882225	0
	0.503	0.00103125	0.00109375	0.883188	0
	0.504	0.0009875	0.00124375	0.881004	0
	0.505	0.000925	0.00125	0.875546	0
	0.506	0.00103125	0.00115	0.873362	0
	0.507	0.00114375	0.001225	0.873362	0
	0.508	0.00099375	0.001325	0.873224	0
	0.509	0.00093125	0.00125625	0.874042	0
	0.51	0.0009125	0.00124375	0.872946	0
	0.511	0.000925	0.001275	0.872807	0
	0.512	0.00095	0.00111875	0.870472	0
	0.513	0.00100625	0.0012125	0.871429	0
	0.514	0.00105625	0.0012625	0.867987	0
	0.515	0.00085	0.0012875	0.867841	0
	0.516	0.00094375	0.001125	0.86674	0
	0.517	0.001075	0.0013125	0.866446	0
	0.518	0.00103125	0.00118125	0.864238	0
	0.519	0.001125	0.0013125	0.863938	0
	0.52	0.00099375	0.0011375	0.861573	0
	0.521	0.00106875	0.00121875	0.860465	0
	0.522	0.00094375	0.00125625	0.859358	0
	0.523	0.00098125	0.00125	0.859046	0
	0.524	0.00109375	0.00130625	0.861915	0
	0.525	0.00104375	0.00121875	0.861761	0
	0.526	0.00095625	0.00108125	0.861607	0
	0.527	0.0009375	0.00125625	0.86257	0
	0.528	0.001	0.00121875	0.861453	0
	0.529	0.0009375	0.001175	0.861142	0
	0.53	0.00096875	0.00134375	0.865017	0
	0.531	0.00095625	0.0012125	0.865991	0
	0.532	0.000875	0.00129375	0.863739	0
	0.533	0.0011	0.00113125	0.861486	0
	0.534	0.00094375	0.00128125	0.863431	0
	0.535	0.000975	0.00133125	0.862302	0
	0.536	0.00094375	0.001175	0.858597	0
	0.537	0.00088125	0.001075	0.860544	0
	0.538	0.00084375	0.001175	0.861521	0
	0.539	0.00099375	0.001175	0.860227	0
	0.54	0.00086875	0.00118125	0.860068	0
	0.541	0.0009375	0.00123125	0.860068	0
	0.542	0.0010375	0.0012625	0.859749	0
	0.543	0.00093125	0.00125625	0.860252	0
	0.544	0.0009375	0.0011875	0.859931	0
	0.545	0.0009375	0.00120625	0.862745	0
	0.546	0.0009375	0.0013	0.860438	0
	0.547	0.001025	0.00125	0.863268	0
	0.548	0.00095	0.00124375	0.863109	0
	0.549	0.00101875	0.0010875	0.860789	0
	0.55	0.00089375	0.001325	0.861628	0
	0.551	0.0007125	0.00123125	0.863477	0
	0.552	0.00096875	0.00133125	0.863158	0
	0.553	0.00089375	0.0011375	0.862837	0
	0.554	0.00084375	0.0011875	0.865882	0
	0.555	0.0008625	0.00131875	0.865566	0
	0.556	0.00085	0.0011125	0.868639	0
	0.557	0.00095	0.00126875	0.871734	0
	0.558	0.00080625	0.0012375	0.870392	0
	0.559	0.0009125	0.00128125	0.872467	0
	0.56	0.00084375	0.00125625	0.873508	0
	0.561	0.00091875	0.0011625	0.874552	0
	0.562	0.00085625	0.00135625	0.876647	0
	0.563	0.0009	0.00125	0.877698	0
	0.564	0.0009	0.00114375	0.876351	0
	0.565	0.00090625	0.00128125	0.878313	0
	0.566	0.0008375	0.0012375	0.87696	0
	0.567	0.0008	0.00125625	0.876812	0
	0.568	0.0009625	0.00120625	0.876663	0
	0.569	0.0008625	0.00120625	0.880923	0
	0.57	0.00090625	0.00118125	0.879708	0
	0.571	0.00068125	0.001075	0.879562	0
	0.572	0.00076875	0.0010875	0.877129	0
	0.573	0.00093125	0.001325	0.875761	0
	0.574	0.00069375	0.00133125	0.87439	0
	0.575	0.0008625	0.0012875	0.87439	0
	0.576	0.0007875	0.0012625	0.875458	0
	0.577	0.0008875	0.00120625	0.875153	0
	0.578	0.00085	0.00118125	0.876225	0
	0.579	0.000775	0.0012	0.87715	0
	0.58	0.00081875	0.0010125	0.873153	0
	0.581	0.00078125	0.00125625	0.878412	0
	0.582	0.0007125	0.00133125	0.878261	0
	0.583	0.00075625	0.00126875	0.879353	0
	0.584	0.00068125	0.00120625	0.877958	0
	0.585	0.0007	0.001175	0.8775	0
	0.586	0.00075	0.0011375	0.877193	0
	0.587	0.00089375	0.00134375	0.873116	0
	0.588	0.0008125	0.00123125	0.870603	0
	0.589	0.0006875	0.00106875	0.869347	0
	0.59	0.00075	0.00104375	0.865578	0
	0.591	0.00069375	0.00135	0.865239	0
	0.592	0.00078125	0.00125625	0.867257	0
	0.593	0.0008	0.00110625	0.865992	0
	0.594	0.00080625	0.0012125	0.864041	0
	0.595	0.00073125	0.00139375	0.866071	0
	0.596	0.0007	0.0013125	0.866071	0
	0.597	0.0008875	0.00106875	0.867178	0
	0.598	0.00064375	0.0010875	0.8659	0
	0.599	0.000775	0.00118125	0.864623	0
	0.6	0.00085	0.00124375	0.869063	0
	0.601	0.00090625	0.001325	0.867779	0
	0.602	0.0008375	0.0012375	0.868726	0
	0.603	0.0007	0.0013125	0.873221	0
	0.604	0.00076875	0.00114375	0.869171	0
	0.605	0.00075	0.00135	0.869171	0
	0.606	0.00071875	0.0011125	0.868831	0
	0.607	0.00084375	0.00129375	0.867532	0
	0.608	0.00066875	0.00115	0.867188	0
	0.609	0.00079375	0.00123125	0.869452	0
	0.61	0.0008	0.001275	0.870419	0
	0.611	0.00074375	0.0012875	0.872703	0
	0.612	0.00081875	0.00126875	0.871053	0
	0.613	0.00078125	0.0013125	0.870712	0
	0.614	0.000825	0.001075	0.869393	0
	0.615	0.000875	0.001175	0.866755	0
	0.616	0.00089375	0.001225	0.865258	0
	0.617	0.0007875	0.0011875	0.865258	0
	0.618	0.0009	0.00125	0.86755	0
	0.619	0.00080625	0.00130625	0.867374	0
	0.62	0.0007375	0.00120625	0.867021	0
	0.621	0.0009	0.00134375	0.868	0
	0.622	0.00085	0.00129375	0.871486	0
	0.623	0.0008625	0.00105625	0.872654	0
	0.624	0.00095625	0.00116875	0.872483	0
	0.625	0.00074375	0.0012	0.872483	0
	0.626	0.00100625	0.0010875	0.871141	0
	0.627	0.0007625	0.0011625	0.87214	0
	0.628	0.00095	0.0013875	0.870794	0
	0.629	0.00085	0.0014125	0.87062	0
	0.63	0.0008375	0.001275	0.869272	0
	0.631	0.00095625	0.00119375	0.863698	0
	0.632	0.00089375	0.001275	0.859649	0
	0.633	0.00094375	0.00115	0.859079	0
	0.634	0.0008875	0.001375	0.858887	0
	0.635	0.00083125	0.00146875	0.857531	0
	0.636	0.00088125	0.0013	0.858696	0
	0.637	0.00086875	0.00105	0.858503	0
	0.638	0.00099375	0.0012125	0.857143	0
	0.639	0.00091875	0.00128125	0.852861	0
	0.64	0.0009	0.00129375	0.849932	0
	0.641	0.000675	0.00121875	0.848568	0
	0.642	0.0008875	0.00134375	0.846995	0
	0.643	0.00100625	0.0013375	0.846995	0
	0.644	0.00076875	0.00129375	0.849108	0
	0.645	0.0009625	0.0012125	0.848693	0
	0.646	0.00084375	0.0013125	0.85221	0
	0.647	0.00089375	0.00129375	0.850622	0
	0.648	0.00084375	0.0012125	0.84903	0
	0.649	0.00076875	0.00129375	0.847645	0
	0.65	0.00075625	0.0013125	0.848821	0
	0.651	0.00076875	0.0013	0.848401	0
	0.652	0.00078125	0.001425	0.84701	0
	0.653	0.000825	0.0013375	0.849162	0
	0.654	0.000725	0.00133125	0.851541	0
	0.655	0.0007125	0.00136875	0.851332	0
	0.656	0.000775	0.00119375	0.853727	0
	0.657	0.00076875	0.00118125	0.853521	0
	0.658	0.0006375	0.001275	0.851904	0
	0.659	0.0006875	0.0013625	0.853107	0
	0.66	0.0007625	0.00128125	0.850282	0
	0.661	0.00075625	0.0011375	0.851275	0
	0.662	0.00096875	0.00121875	0.852482	0
	0.663	0.00073125	0.001175	0.85064	0
	0.664	0.00091875	0.001425	0.85064	0
	0.665	0.00075	0.00135	0.847795	0
	0.666	0.00073125	0.00119375	0.849003	0
	0.667	0.0007375	0.00125	0.847578	0
	0.668	0.000725	0.00121875	0.852224	0
	0.669	0.00070625	0.0012125	0.855491	0
	0.67	0.000775	0.0014625	0.859216	0
	0.671	0.00066875	0.00105625	0.858601	0
	0.672	0.000775	0.00128125	0.858394	0
	0.673	0.00084375	0.0013375	0.856725	0
	0.674	0.0009625	0.00110625	0.857562	0
	0.675	0.00081875	0.00126875	0.855882	0
	0.676	0.00073125	0.001225	0.858407	0
	0.677	0.000975	0.0013875	0.856509	0
	0.678	0.0008	0.0011375	0.856296	0
	0.679	0.00095625	0.001175	0.857143	0
	0.68	0.0006625	0.00129375	0.85842	0
	0.681	0.00088125	0.0012	0.860987	0
	0.682	0.0009125	0.00120625	0.857997	0
	0.683	0.000875	0.0013	0.857997	0
	0.684	0.00085	0.0011375	0.858859	0
	0.685	0.00081875	0.00123125	0.859517	0
	0.686	0.0007	0.00145625	0.857791	0
	0.687	0.0008625	0.001075	0.85736	0
	0.688	0.00078125	0.00144375	0.852807	0
	0.689	0.0008	0.00124375	0.854103	0
	0.69	0.0009625	0.00123125	0.852359	0
	0.691	0.00085	0.00124375	0.854962	0
	0.692	0.00075	0.00128125	0.854962	0
	0.693	0.00085	0.00124375	0.854962	0
	0.694	0.00075625	0.00113125	0.853211	0
	0.695	0.00084375	0.0012875	0.853211	0
	0.696	0.00096875	0.00125	0.851682	0
	0.697	0.00078125	0.00125	0.850153	0
	0.698	0.00081875	0.0011625	0.849923	0
	0.699	0.00084375	0.0011	0.848392	0
	0.7	0.00086875	0.0013375	0.849462	0
	0.701	0.0008125	0.00115625	0.851623	0
	0.702	0.000825	0.00128125	0.846986	0
	0.703	0.0008125	0.0013	0.845201	0
	0.704	0.00085	0.0011875	0.84472	0
	0.705	0.000875	0.001275	0.842924	0
	0.706	0.00088125	0.001325	0.842679	0
	0.707	0.00085625	0.0012125	0.840376	0
	0.708	0.000925	0.00121875	0.841693	0
	0.709	0.00081875	0.00119375	0.839623	0
	0.71	0.0008875	0.00120625	0.837795	0
	0.711	0.00095625	0.00121875	0.838863	0
	0.712	0.000925	0.0011375	0.835443	0
	0.713	0.00089375	0.0012625	0.838095	0
	0.714	0.00098125	0.0011875	0.840764	0
	0.715	0.00084375	0.001175	0.840256	0
	0.716	0.00093125	0.00123125	0.8416	0
	0.717	0.00094375	0.0012375	0.84219	0
	0.718	0.00079375	0.00115	0.840323	0
	0.719	0.0008	0.0013125	0.841424	0
	0.72	0.0007875	0.0012875	0.83657	0
	0.721	0.00075	0.0013375	0.836039	0
	0.722	0.00086875	0.0011875	0.835772	0
	0.723	0.00086875	0.00115625	0.837134	0
	0.724	0.00083125	0.001175	0.836601	0
	0.725	0.00094375	0.001175	0.836334	0
	0.726	0.0009375	0.001075	0.836334	0
	0.727	0.00089375	0.0012625	0.832787	0
	0.728	0.00098125	0.001175	0.832512	0
	0.729	0.000725	0.0010875	0.832512	0
	0.73	0.00085	0.00114375	0.833608	0
	0.731	0.00090625	0.00119375	0.831405	0
	0.732	0.000825	0.001075	0.832781	0
	0.733	0.00093125	0.00124375	0.833887	0
	0.734	0.00081875	0.00128125	0.837793	0
	0.735	0.0009	0.00115625	0.839196	0
	0.736	0.000975	0.00110625	0.837248	0
	0.737	0.00090625	0.00125625	0.838655	0
	0.738	0.00085625	0.00128125	0.842905	0
	0.739	0.00086875	0.00109375	0.844068	0
	0.74	0.000975	0.00115625	0.840678	0
	0.741	0.00100625	0.0011875	0.833898	0
	0.742	0.00079375	0.00115	0.826825	0
	0.743	0.001	0.00128125	0.826825	0
	0.744	0.00085625	0.00124375	0.827645	0
	0.745	0.0008875	0.00115625	0.830189	0
	0.746	0.0008	0.0011625	0.830189	0
	0.747	0.00084375	0.00120625	0.828473	0
	0.748	0.00090625	0.00121875	0.82646	0
	0.749	0.00083125	0.0012625	0.827586	0
	0.75	0.00074375	0.00110625	0.825561	0
	0.751	0.00088125	0.00125	0.824957	0
	0.752	0.00095	0.001275	0.827826	0
	0.753	0.0009125	0.00145	0.8223	0
	0.754	0.0010125	0.00114375	0.8223	0
	0.755	0.001	0.0013	0.82662	0
	0.756	0.0008125	0.00100625	0.826011	0
	0.757	0.00103125	0.00108125	0.823944	0
	0.758	0.00098125	0.00119375	0.825397	0
	0.759	0.00088125	0.00121875	0.823322	0
	0.76	0.0009375	0.0010875	0.820922	0
	0.761	0.00093125	0.00144375	0.819149	0
	0.762	0.0009	0.001075	0.820604	0
	0.763	0.0008875	0.001125	0.824687	0
	0.764	0.00091875	0.0011625	0.813953	0
	0.765	0.00091875	0.00114375	0.811828	0
	0.766	0.00085	0.0010625	0.81149	0
	0.767	0.0008	0.0010625	0.812613	0
	0.768	0.000975	0.0012875	0.818512	0
	0.769	0.00083125	0.00126875	0.821494	0
	0.77	0.000825	0.00125625	0.821168	0
	0.771	0.001025	0.0012875	0.821168	0
	0.772	0.001025	0.00131875	0.819013	0
	0.773	0.000725	0.0012125	0.820183	0
	0.774	0.00101875	0.0011	0.811009	0
	0.775	0.00094375	0.00115	0.80367	0
	0.776	0.001025	0.00124375	0.808118	0
	0.777	0.00098125	0.0010875	0.804067	0
	0.778	0.0008	0.00113125	0.801852	0
	0.779	0.0009625	0.0013	0.797774	0
	0.78	0.00088125	0.00118125	0.795539	0
	0.781	0.00085	0.00119375	0.796642	0
	0.782	0.00093125	0.00115	0.797753	0
	0.783	0.00099375	0.0010875	0.796226	0
	0.784	0.00114375	0.00113125	0.792453	0
	0.785	0.0009375	0.00115625	0.790566	0
	0.786	0.0009875	0.00096875	0.791667	0
	0.787	0.00108125	0.0011125	0.791985	0
	0.788	0.000925	0.0011125	0.796545	0
	0.789	0.00093125	0.00116875	0.801158	0
	0.79	0.00093125	0.00124375	0.798839	0
	0.791	0.0011125	0.0011375	0.796512	0
	0.792	0.00115	0.00104375	0.794574	0
	0.793	0.0011625	0.00109375	0.78835	0
	0.794	0.001025	0.00103125	0.785992	0
	0.795	0.0009125	0.0010625	0.787109	0
	0.796	0.00125625	0.00109375	0.787109	0
	0.797	0.00105	0.00130625	0.793307	0
	0.798	0.0011625	0.001075	0.788955	0
	0.799	0.00118125	0.0010125	0.793241	0
	0.8	0.00100625	0.00114375	0.785288	0
	0.801	0.0011125	0.001225	0.781312	0
	0.802	0.0013	0.001225	0.781312	0
	0.803	0.001075	0.0011375	0.78	0
	0.804	0.001075	0.0010375	0.783133	0
	0.805	0.00118125	0.0011	0.784274	0
	0.806	0.0011	0.00110625	0.787018	0
	0.807	0.0010625	0.00118125	0.788187	0
	0.808	0.00123125	0.0012	0.787755	0
	0.809	0.00125625	0.00103125	0.785276	0
	0.81	0.0011875	0.0012125	0.788501	0
	0.811	0.00098125	0.00105	0.785567	0
	0.812	0.00096875	0.00126875	0.785124	0
	0.813	0.001025	0.00118125	0.785124	0
	0.814	0.00121875	0.0010875	0.784232	0
	0.815	0.00105625	0.00103125	0.779626	0
	0.816	0.0010875	0.0011375	0.778243	0
	0.817	0.00105625	0.001125	0.779874	0
	0.818	0.00103125	0.0011625	0.777311	0
	0.819	0.00109375	0.00105	0.780127	0
	0.82	0.0012	0.001025	0.77707	0
	0.821	0.00115625	0.00115	0.779915	0
	0.822	0.00109375	0.00094375	0.783262	0
	0.823	0.00105625	0.00099375	0.788337	0
	0.824	0.0010125	0.0010625	0.784017	0
	0.825	0.00096875	0.00113125	0.778742	0
	0.826	0.00099375	0.0009875	0.778261	0
	0.827	0.0010875	0.0010875	0.775109	0
	0.828	0.0011	0.00120625	0.78022	0
	0.829	0.0011	0.00110625	0.77533	0
	0.83	0.0009375	0.0009	0.776549	0
	0.831	0.00095625	0.0010625	0.776549	0
	0.832	0.0009375	0.0009625	0.773836	0
	0.833	0.00101875	0.001075	0.771619	0
	0.834	0.00108125	0.0009875	0.770601	0
	0.835	0.00090625	0.00106875	0.775785	0
	0.836	0.000875	0.0009875	0.7713	0
	0.837	0.001	0.001225	0.769752	0
	0.838	0.001	0.0010625	0.770455	0
	0.839	0.001175	0.0009875	0.769932	0
	0.84	0.00096875	0.00098125	0.771167	0
	0.841	0.00103125	0.00100625	0.771363	0
	0.842	0.00108125	0.00099375	0.766204	0
	0.843	0.00089375	0.00104375	0.7669	0
	0.844	0.0009625	0.00105	0.764569	0
	0.845	0.0009875	0.00120625	0.769412	0
	0.846	0.001	0.00100625	0.768868	0
	0.847	0.000975	0.0010375	0.765957	0
	0.848	0.0012375	0.00109375	0.763593	0
	0.849	0.00103125	0.0008625	0.770883	0
	0.85	0.001125	0.001025	0.769231	0
	0.851	0.00105	0.0009875	0.763855	0
	0.852	0.00123125	0.00104375	0.76087	0
	0.853	0.000925	0.00086875	0.766423	0
	0.854	0.001125	0.00103125	0.764706	0
	0.855	0.00105625	0.0010375	0.76601	0
	0.856	0.00111875	0.00109375	0.766749	0
	0.857	0.00124375	0.000925	0.765	0
	0.858	0.0011125	0.00089375	0.76	0
	0.859	0.00099375	0.0010375	0.758794	0
	0.86	0.00118125	0.001025	0.762025	0
	0.861	0.00115625	0.00088125	0.758883	0
	0.862	0.0012	0.001025	0.756345	0
	0.863	0.0011625	0.0008625	0.745547	0
	0.864	0.0011625	0.00096875	0.746803	0
	0.865	0.00116875	0.0008625	0.742931	0
	0.866	0.0012375	0.0009625	0.739018	0
	0.867	0.00105	0.00100625	0.740933	0
	0.868	0.00135625	0.00096875	0.744792	0
	0.869	0.0011	0.00105	0.746702	0
	0.87	0.00138125	0.00093125	0.746032	0
	0.871	0.00109375	0.000825	0.748011	0
	0.872	0.0011125	0.00096875	0.744681	0
	0.873	0.0011125	0.00094375	0.738667	0
	0.874	0.0012125	0.000775	0.738667	0
	0.875	0.00124375	0.00100625	0.734584	0
	0.876	0.00114375	0.0010625	0.735849	0
	0.877	0.00113125	0.00103125	0.733154	0
	0.878	0.0013375	0.00086875	0.725067	0
	0.879	0.00118125	0.00095625	0.729508	0
	0.88	0.00110625	0.0009875	0.730769	0
	0.881	0.00115625	0.0009375	0.736842	0
	0.882	0.00134375	0.00080625	0.730556	0
	0.883	0.00131875	0.0009625	0.731092	0
	0.884	0.00104375	0.000925	0.734463	0
	0.885	0.00114375	0.0008875	0.732955	0
	0.886	0.00120625	0.000925	0.727273	0
	0.887	0.00115	0.001075	0.725714	0
	0.888	0.0012	0.00096875	0.724138	0
	0.889	0.00099375	0.00083125	0.720461	0
	0.89	0.001225	0.00085	0.715942	0
	0.891	0.001	0.00073125	0.715116	0
	0.892	0.0009875	0.00085	0.721408	0
	0.893	0.00111875	0.0008375	0.717647	0
	0.894	0.0010625	0.00085625	0.72619	0
	0.895	0.00105	0.000925	0.731928	0
	0.896	0.00109375	0.0008875	0.725904	0
	0.897	0.00111875	0.00075625	0.732523	0
	0.898	0.001225	0.00080625	0.726994	0
	0.899	0.00129375	0.00073125	0.726154	0
	0.9	0.00116875	0.00094375	0.725309	0
	0.901	0.0011375	0.00073125	0.726708	0
	0.902	0.0011375	0.00079375	0.721875	0
	0.903	0.001025	0.000875	0.721519	0
	0.904	0.00119375	0.00079375	0.72381	0
	0.905	0.0013875	0.0008875	0.719745	0
	0.906	0.00104375	0.00076875	0.732899	0
	0.907	0.001225	0.0008125	0.718954	0
	0.908	0.0010375	0.00083125	0.710526	0
	0.909	0.0011	0.00096875	0.717608	0
	0.91	0.00103125	0.0007875	0.710963	0
	0.911	0.00101875	0.00068125	0.712375	0
	0.912	0.00123125	0.000775	0.708054	0
	0.913	0.00109375	0.0006875	0.703704	0
	0.914	0.0010125	0.00074375	0.710884	0
	0.915	0.00126875	0.000725	0.712329	0
	0.916	0.0011	0.0008375	0.721254	0
	0.917	0.00095625	0.0007625	0.726316	0
	0.918	0.0010125	0.00083125	0.715789	0
	0.919	0.0011	0.00076875	0.717314	0
	0.92	0.00111875	0.0007125	0.72043	0
	0.921	0.0011125	0.00075625	0.716364	0
	0.922	0.0011375	0.00070625	0.714286	0
	0.923	0.00105	0.000725	0.713235	0
	0.924	0.001225	0.00078125	0.711111	0
	0.925	0.00105	0.000625	0.707865	0
	0.926	0.0010625	0.0007625	0.700375	0
	0.927	0.00130625	0.00074375	0.706107	0
	0.928	0.0011875	0.0007	0.694656	0
	0.929	0.001275	0.0006875	0.698842	0
	0.93	0.00138125	0.00076875	0.691406	0
	0.931	0.0013375	0.0007625	0.678431	0
	0.932	0.00124375	0.00065	0.677165	0
	0.933	0.0014	0.00073125	0.65748	0
	0.934	0.00118125	0.0006375	0.668	0
	0.935	0.0013375	0.00056875	0.670683	0
	0.936	0.0011875	0.00061875	0.672065	0
	0.937	0.00146875	0.0007	0.674797	0
	0.938	0.00141875	0.00063125	0.666667	0
	0.939	0.00135625	0.0006	0.658537	0
	0.94	0.00135625	0.00053125	0.654321	0
	0.941	0.0014375	0.0006125	0.65	0
	0.942	0.00161875	0.00058125	0.640167	0
	0.943	0.00150625	0.00071875	0.642553	0
	0.944	0.00151875	0.00065	0.641026	0
	0.945	0.0015125	0.0006125	0.642241	0
	0.946	0.00153125	0.000675	0.644737	0
	0.947	0.0014875	0.00066875	0.641593	0
	0.948	0.00146875	0.0005625	0.64	0
	0.949	0.00131875	0.0005625	0.647059	0
	0.95	0.001575	0.00053125	0.640909	0
	0.951	0.00146875	0.0005375	0.645161	0
	0.952	0.00138125	0.00064375	0.643519	0
	0.953	0.0012875	0.00046875	0.636792	0
	0.954	0.00146875	0.00060625	0.628571	0
	0.955	0.0014375	0.0005875	0.637681	0
	0.956	0.00144375	0.0005375	0.632353	0
	0.957	0.00136875	0.00055625	0.618812	0
	0.958	0.00129375	0.00045625	0.623116	0
	0.959	0.0014	0.000425	0.614213	0
	0.96	0.001525	0.00036875	0.61658	0
	0.961	0.0012875	0.00049375	0.62766	0
	0.962	0.0012	0.00061875	0.637838	0
	0.963	0.00141875	0.00058125	0.639344	0
	0.964	0.00146875	0.00045	0.637363	0
	0.965	0.00155625	0.00053125	0.636872	0
	0.966	0.0015125	0.0004125	0.634286	0
	0.967	0.00155	0.0005	0.625731	0
	0.968	0.00141875	0.00043125	0.602339	0
	0.969	0.00155	0.0004875	0.597633	0
	0.97	0.00154375	0.00035	0.603659	0
	0.971	0.0015625	0.000425	0.6125	0
	0.972	0.00148125	0.00034375	0.603774	0
	0.973	0.00148125	0.00034375	0.584906	0
	0.974	0.00134375	0.00038125	0.573248	0
	0.975	0.0014125	0.00033125	0.585526	0
	0.976	0.00161875	0.000375	0.552632	0
	0.977	0.0014	0.00035625	0.554054	0
	0.978	0.00175	0.00024375	0.573427	0
	0.979	0.0016375	0.00039375	0.574468	0
	0.98	0.0018	0.00030625	0.583942	0
	0.981	0.0017125	0.00025625	0.580882	0
	0.982	0.001675	0.0002875	0.578947	0
	0.983	0.0019125	0.0003375	0.559055	0
	0.984	0.00189375	0.00019375	0.561983	0
	0.985	0.00191875	0.00026875	0.55	0
	0.986	0.001825	0.00026875	0.483051	0
	0.987	0.0019	0.0002625	0.470085	0
	0.988	0.0018	0.00021875	0.45614	0
	0.989	0.0021625	0.00025625	0.410714	0
	0.99	0.00220625	0.00019375	0.390909	0
	0.991	0.00270625	0.00015625	0.386792	0
	0.992	0.002825	0.000175	0.357143	0
	0.993	0.00335	0.00018125	0.354839	0
	0.994	0.00345	0.0001625	0.333333	0
	0.995	0.00340625	0.000125	0.345679	0
	0.996	0.00379375	0.00015625	0.3125	0
	0.997	0.0035625	0.0001125	0.253165	0
	0.998	0.0037875	6.875e-05	0.171429	0
	0.999	0.00575	6.25e-05	0.135593	0
	1	0.0126563	3.125e-05	0.0612245	0


#	yrange	sparsity	# links	zeta	support at cross	fraction FP
	0	0.9725	1556	0.000202732	0.968	0.101357
	0.5	0.9725	1556	0.000202732	0.968	0.101357
