#	Frequencies and overlap
#	bins	MYC	shuffle	overlap_MYC	overlap_shuffle
	0	0.441287	0.462325	0.893048	0
	0.001	0	0	0.893048	0
	0.002	0	0	0.893048	0
	0.003	0	0	0.893048	0
	0.004	0	0	0.893048	0
	0.005	0	0	0.893048	0
	0.006	0	0	0.893048	0
	0.007	0	0	0.893048	0
	0.008	0	0	0.893048	0
	0.009	0	0	0.893048	0
	0.01	0	0	0.893048	0
	0.011	0	0	0.893048	0
	0.012	0	0	0.893048	0
	0.013	0	0	0.893048	0
	0.014	0	0	0.893048	0
	0.015	0	0	0.893048	0
	0.016	0	0	0.893048	0
	0.017	0	0	0.893048	0
	0.018	0	0	0.893048	0
	0.019	0	0	0.893048	0
	0.02	0	0	0.893048	0
	0.021	0	0	0.893048	0
	0.022	0	0	0.893048	0
	0.023	0	0	0.893048	0
	0.024	0	0	0.893048	0
	0.025	0	0	0.893048	0
	0.026	0	0	0.893048	0
	0.027	0	0	0.893048	0
	0.028	0	0	0.893048	0
	0.029	0	0	0.893048	0
	0.03	0	0	0.893048	0
	0.031	0	0	0.893048	0
	0.032	0	0	0.893048	0
	0.033	0	0	0.893048	0
	0.034	0	0	0.893048	0
	0.035	0	0	0.893048	0
	0.036	0	0	0.893048	0
	0.037	0	0	0.893048	0
	0.038	0	0	0.893048	0
	0.039	0	0	0.893048	0
	0.04	0	0	0.893048	0
	0.041	0	0	0.893048	0
	0.042	0	0	0.893048	0
	0.043	0	0	0.893048	0
	0.044	0	0	0.893048	0
	0.045	0	0	0.893048	0
	0.046	0	0	0.893048	0
	0.047	0	0	0.893048	0
	0.048	0	0	0.893048	0
	0.049	0	0	0.893048	0
	0.05	0	0	0.893048	0
	0.051	0	0	0.893048	0
	0.052	0	0	0.893048	0
	0.053	0	0	0.893048	0
	0.054	0	0	0.893048	0
	0.055	0	0	0.893048	0
	0.056	0	0	0.893048	0
	0.057	0	0	0.893048	0
	0.058	0	0	0.893048	0
	0.059	0	0	0.893048	0
	0.06	0	0	0.893048	0
	0.061	0	0	0.893048	0
	0.062	0	0	0.893048	0
	0.063	0	0	0.893048	0
	0.064	6.25e-06	0	0.893048	0
	0.065	0	0	0.893048	0
	0.066	1.25e-05	0	0.893048	0
	0.067	0	0	0.893048	0
	0.068	6.25e-06	0	0.893048	0
	0.069	6.25e-06	0	0.893048	0
	0.07	0	0	0.893048	0
	0.071	0	0	0.893048	0
	0.072	3.125e-05	0	0.893048	0
	0.073	1.875e-05	0	0.893048	0
	0.074	0	0	0.893048	0
	0.075	1.25e-05	0	0.893048	0
	0.076	2.5e-05	0	0.893048	0
	0.077	3.75e-05	0	0.893048	0
	0.078	3.75e-05	0	0.893048	0
	0.079	2.5e-05	0	0.893048	0
	0.08	4.375e-05	0	0.893048	0
	0.081	3.125e-05	0	0.893048	0
	0.082	3.75e-05	0	0.893048	0
	0.083	2.5e-05	0	0.893048	0
	0.084	3.125e-05	0	0.893048	0
	0.085	2.5e-05	0	0.894004	0
	0.086	1.875e-05	0	0.894004	0
	0.087	1.875e-05	0	0.894004	0
	0.088	0	0	0.894004	0
	0.089	2.5e-05	0	0.894004	0
	0.09	1.25e-05	0	0.894004	0
	0.091	1.875e-05	0	0.894004	0
	0.092	1.875e-05	0	0.894004	0
	0.093	1.25e-05	0	0.894004	0
	0.094	1.875e-05	0	0.894004	0
	0.095	6.25e-06	0	0.894004	0
	0.096	1.25e-05	0	0.894004	0
	0.097	1.25e-05	0	0.894004	0
	0.098	0	0	0.894004	0
	0.099	6.25e-06	0	0.894004	0
	0.1	0	0	0.894004	0
	0.101	0	0	0.894004	0
	0.102	6.25e-06	0	0.894004	0
	0.103	0	0	0.894004	0
	0.104	0	0	0.894004	0
	0.105	6.25e-06	0	0.894004	0
	0.106	0	0	0.894004	0
	0.107	0	0	0.894004	0
	0.108	6.25e-06	0	0.894004	0
	0.109	0	0	0.894962	0
	0.11	6.25e-06	0	0.894962	0
	0.111	1.25e-05	0	0.895923	0
	0.112	6.25e-06	0	0.895923	0
	0.113	6.25e-06	0	0.895923	0
	0.114	0	0	0.895923	0
	0.115	1.875e-05	0	0.895923	0
	0.116	1.25e-05	0	0.895923	0
	0.117	1.25e-05	0	0.895923	0
	0.118	0	0	0.895923	0
	0.119	1.875e-05	0	0.895923	0
	0.12	0	0	0.895923	0
	0.121	3.125e-05	0	0.895923	0
	0.122	4.375e-05	0	0.895923	0
	0.123	6.25e-06	0	0.895923	0
	0.124	4.375e-05	0	0.895923	0
	0.125	3.75e-05	0	0.895923	0
	0.126	3.75e-05	0	0.895923	0
	0.127	6.25e-05	0	0.895923	0
	0.128	4.375e-05	0	0.895923	0
	0.129	5.625e-05	0	0.895923	0
	0.13	6.25e-05	0	0.895923	0
	0.131	4.375e-05	0	0.895923	0
	0.132	4.375e-05	0	0.895923	0
	0.133	4.375e-05	0	0.895923	0
	0.134	3.75e-05	0	0.895923	0
	0.135	5e-05	0	0.895923	0
	0.136	3.125e-05	0	0.895923	0
	0.137	5.625e-05	0	0.895923	0
	0.138	4.375e-05	0	0.892704	0
	0.139	3.75e-05	0	0.892704	0
	0.14	5e-05	0	0.892704	0
	0.141	4.375e-05	0	0.892704	0
	0.142	3.125e-05	0	0.892704	0
	0.143	7.5e-05	0	0.891631	0
	0.144	5e-05	0	0.891631	0
	0.145	8.75e-05	0	0.891631	0
	0.146	4.375e-05	0	0.891631	0
	0.147	5e-05	0	0.891631	0
	0.148	5.625e-05	0	0.891631	0
	0.149	7.5e-05	0	0.891631	0
	0.15	8.125e-05	0	0.891631	0
	0.151	6.875e-05	0	0.891631	0
	0.152	4.375e-05	0	0.891631	0
	0.153	3.75e-05	0	0.892589	0
	0.154	7.5e-05	6.25e-06	0.892589	0
	0.155	3.75e-05	0	0.892589	0
	0.156	8.75e-05	0	0.891515	0
	0.157	8.125e-05	0	0.891515	0
	0.158	5.625e-05	0	0.891515	0
	0.159	5e-05	0	0.891515	0
	0.16	4.375e-05	0	0.891515	0
	0.161	6.875e-05	0	0.891515	0
	0.162	4.375e-05	0	0.891515	0
	0.163	0.0001375	0	0.89044	0
	0.164	0.00014375	0	0.89044	0
	0.165	0.0001	0	0.89044	0
	0.166	0.000125	0	0.89044	0
	0.167	8.75e-05	0	0.89044	0
	0.168	8.75e-05	0	0.89044	0
	0.169	0.000125	0	0.891398	0
	0.17	0.00011875	0	0.891398	0
	0.171	0.0001125	0	0.891398	0
	0.172	6.25e-05	0	0.891398	0
	0.173	0.00010625	0	0.891398	0
	0.174	0.00013125	0	0.890323	0
	0.175	0.00015	0	0.890323	0
	0.176	0.00013125	0	0.891281	0
	0.177	0.0001125	0	0.891281	0
	0.178	0.00015	0	0.892241	0
	0.179	0.00013125	0	0.892241	0
	0.18	0.0001875	0	0.892241	0
	0.181	0.00015625	0	0.892241	0
	0.182	0.000125	0	0.892241	0
	0.183	0.00010625	0	0.892241	0
	0.184	0.0001	0	0.892241	0
	0.185	0.0001	0	0.892241	0
	0.186	0.0001375	0	0.892241	0
	0.187	0.00011875	0	0.892241	0
	0.188	0.00016875	0	0.892241	0
	0.189	0.00018125	0	0.892241	0
	0.19	8.125e-05	0	0.892241	0
	0.191	0.00010625	0	0.892241	0
	0.192	8.125e-05	0	0.892241	0
	0.193	6.25e-05	0	0.891164	0
	0.194	7.5e-05	0	0.890086	0
	0.195	6.875e-05	0	0.890086	0
	0.196	6.25e-05	0	0.890086	0
	0.197	8.125e-05	0	0.891046	0
	0.198	0.0001125	0	0.891046	0
	0.199	0.00010625	6.25e-06	0.892009	0
	0.2	6.25e-05	0	0.892009	0
	0.201	4.375e-05	0	0.892009	0
	0.202	6.25e-05	0	0.892009	0
	0.203	6.25e-05	0	0.892009	0
	0.204	6.25e-05	0	0.892973	0
	0.205	5.625e-05	0	0.892973	0
	0.206	4.375e-05	0	0.892973	0
	0.207	5.625e-05	0	0.893939	0
	0.208	5e-05	0	0.894908	0
	0.209	4.375e-05	0	0.895879	0
	0.21	5.625e-05	0	0.895879	0
	0.211	3.125e-05	0	0.896851	0
	0.212	7.5e-05	6.25e-06	0.896851	0
	0.213	5.625e-05	0	0.898803	0
	0.214	3.75e-05	6.25e-06	0.898803	0
	0.215	4.375e-05	0	0.898803	0
	0.216	6.25e-05	0	0.897715	0
	0.217	5e-05	6.25e-06	0.897715	0
	0.218	8.75e-05	6.25e-06	0.897715	0
	0.219	6.875e-05	0	0.897715	0
	0.22	7.5e-05	0	0.897715	0
	0.221	4.375e-05	0	0.897715	0
	0.222	5e-05	1.25e-05	0.897715	0
	0.223	5e-05	6.25e-06	0.897715	0
	0.224	4.375e-05	6.25e-06	0.897715	0
	0.225	5.625e-05	0	0.897715	0
	0.226	7.5e-05	0	0.898693	0
	0.227	8.75e-05	1.875e-05	0.897603	0
	0.228	6.25e-05	0	0.897603	0
	0.229	6.25e-05	6.25e-06	0.897603	0
	0.23	6.25e-05	6.25e-06	0.897492	0
	0.231	1.25e-05	6.25e-06	0.896401	0
	0.232	0.0001	1.25e-05	0.89738	0
	0.233	6.875e-05	6.25e-06	0.898361	0
	0.234	0.0001	1.25e-05	0.898361	0
	0.235	8.75e-05	0	0.898361	0
	0.236	8.75e-05	6.25e-06	0.898361	0
	0.237	8.75e-05	1.25e-05	0.898361	0
	0.238	8.125e-05	1.25e-05	0.898361	0
	0.239	9.375e-05	6.25e-06	0.898361	0
	0.24	0.00011875	0	0.898361	0
	0.241	0.0001	6.25e-06	0.897268	0
	0.242	0.00013125	2.5e-05	0.897268	0
	0.243	0.00011875	1.25e-05	0.896175	0
	0.244	0.00018125	0	0.896175	0
	0.245	0.000125	1.875e-05	0.895082	0
	0.246	0.00014375	6.25e-06	0.895082	0
	0.247	0.0001	1.25e-05	0.893989	0
	0.248	0.00015	6.25e-06	0.893989	0
	0.249	0.00014375	2.5e-05	0.893989	0
	0.25	0.00018125	1.25e-05	0.893873	0
	0.251	0.0001375	2.5e-05	0.893873	0
	0.252	0.00016875	6.25e-06	0.893873	0
	0.253	0.00011875	3.125e-05	0.893873	0
	0.254	0.0002125	1.875e-05	0.893873	0
	0.255	0.00015625	1.875e-05	0.891566	0
	0.256	0.00011875	1.875e-05	0.891566	0
	0.257	0.000175	1.25e-05	0.891566	0
	0.258	0.00016875	3.75e-05	0.891566	0
	0.259	0.0002125	2.5e-05	0.891566	0
	0.26	0.00020625	3.125e-05	0.890471	0
	0.261	0.000175	2.5e-05	0.890351	0
	0.262	0.00024375	1.875e-05	0.888035	0
	0.263	0.00028125	3.125e-05	0.888035	0
	0.264	0.00023125	1.875e-05	0.886937	0
	0.265	0.00024375	6.25e-06	0.886937	0
	0.266	0.00025625	2.5e-05	0.887912	0
	0.267	0.00021875	5e-05	0.887912	0
	0.268	0.0002375	3.75e-05	0.887912	0
	0.269	0.0002375	6.25e-06	0.887912	0
	0.27	0.0002125	5.625e-05	0.887912	0
	0.271	0.000325	1.875e-05	0.887912	0
	0.272	0.00025625	6.25e-05	0.888889	0
	0.273	0.00023125	3.125e-05	0.887789	0
	0.274	0.000325	3.75e-05	0.887789	0
	0.275	0.0002625	5e-05	0.887789	0
	0.276	0.00033125	3.125e-05	0.887789	0
	0.277	0.00026875	2.5e-05	0.887789	0
	0.278	0.0003	2.5e-05	0.888767	0
	0.279	0.00028125	8.125e-05	0.887665	0
	0.28	0.00025625	5e-05	0.887665	0
	0.281	0.000275	8.125e-05	0.887541	0
	0.282	0.000275	5.625e-05	0.886439	0
	0.283	0.0002625	7.5e-05	0.886439	0
	0.284	0.0002875	8.75e-05	0.886439	0
	0.285	0.00028125	7.5e-05	0.885336	0
	0.286	0.0002	7.5e-05	0.885336	0
	0.287	0.00023125	6.25e-05	0.885336	0
	0.288	0.0003	0.0001125	0.885336	0
	0.289	0.0002875	6.25e-05	0.884234	0
	0.29	0.00026875	5.625e-05	0.884234	0
	0.291	0.000275	8.75e-05	0.884106	0
	0.292	0.00021875	0.0001	0.886062	0
	0.293	0.00025625	0.0001125	0.886062	0
	0.294	0.0003375	0.000125	0.887043	0
	0.295	0.0002125	8.125e-05	0.888027	0
	0.296	0.00023125	6.25e-05	0.888027	0
	0.297	0.00026875	0.0001125	0.888027	0
	0.298	0.0002625	0.000125	0.889012	0
	0.299	0.00021875	8.75e-05	0.887902	0
	0.3	0.00033125	6.25e-05	0.887902	0
	0.301	0.00028125	0.0001125	0.887902	0
	0.302	0.0002	0.00014375	0.888889	0
	0.303	0.000275	0.00016875	0.886667	0
	0.304	0.00029375	0.00015625	0.887653	0
	0.305	0.00023125	0.0001375	0.887653	0
	0.306	0.000275	0.00016875	0.887653	0
	0.307	0.000225	0.0001125	0.888641	0
	0.308	0.0002625	0.00016875	0.888641	0
	0.309	0.00026875	0.00015625	0.887528	0
	0.31	0.00025	0.00018125	0.887528	0
	0.311	0.00035625	0.00015625	0.887402	0
	0.312	0.000225	0.00010625	0.885045	0
	0.313	0.0002875	0.00016875	0.886034	0
	0.314	0.0002375	0.0002	0.884916	0
	0.315	0.00035625	0.00019375	0.883799	0
	0.316	0.0002375	0.00013125	0.883669	0
	0.317	0.00030625	0.00021875	0.883669	0
	0.318	0.0002875	0.00016875	0.883539	0
	0.319	0.00029375	0.00023125	0.883539	0
	0.32	0.0003375	0.00018125	0.883408	0
	0.321	0.00035625	0.000175	0.883408	0
	0.322	0.00034375	0.00021875	0.883408	0
	0.323	0.000325	0.00023125	0.883277	0
	0.324	0.00035625	0.0002875	0.883277	0
	0.325	0.0003375	0.00026875	0.88427	0
	0.326	0.000325	0.0002375	0.884139	0
	0.327	0.00035	0.0003125	0.884139	0
	0.328	0.00048125	0.00035	0.883015	0
	0.329	0.00035625	0.00025	0.883015	0
	0.33	0.00038125	0.00019375	0.88189	0
	0.331	0.00043125	0.0003	0.882883	0
	0.332	0.00033125	0.00029375	0.882883	0
	0.333	0.00034375	0.0002625	0.884876	0
	0.334	0.00035	0.00026875	0.885876	0
	0.335	0.00045	0.000325	0.887882	0
	0.336	0.00035625	0.000275	0.888889	0
	0.337	0.00036875	0.00029375	0.888889	0
	0.338	0.000425	0.0003125	0.887755	0
	0.339	0.00044375	0.0002875	0.887755	0
	0.34	0.00045625	0.00040625	0.886621	0
	0.341	0.00041875	0.00030625	0.885488	0
	0.342	0.000425	0.0003	0.885488	0
	0.343	0.000475	0.00039375	0.886493	0
	0.344	0.00053125	0.0004625	0.886364	0
	0.345	0.00041875	0.0003875	0.886364	0
	0.346	0.00048125	0.00041875	0.886364	0
	0.347	0.0004	0.00035625	0.887372	0
	0.348	0.0004125	0.00039375	0.887372	0
	0.349	0.00048125	0.0004125	0.885097	0
	0.35	0.0004625	0.00039375	0.885097	0
	0.351	0.0005125	0.00044375	0.883827	0
	0.352	0.0005	0.00048125	0.881549	0
	0.353	0.00045625	0.00048125	0.881549	0
	0.354	0.000425	0.000375	0.881549	0
	0.355	0.000475	0.0004875	0.881549	0
	0.356	0.0003625	0.0004875	0.88242	0
	0.357	0.00050625	0.00039375	0.882286	0
	0.358	0.0004	0.000425	0.884307	0
	0.359	0.00040625	0.0005	0.883162	0
	0.36	0.00045	0.0004875	0.883162	0
	0.361	0.00040625	0.00055	0.882016	0
	0.362	0.000425	0.0005875	0.883028	0
	0.363	0.00036875	0.000425	0.884041	0
	0.364	0.000475	0.00050625	0.884041	0
	0.365	0.00044375	0.0004375	0.884041	0
	0.366	0.00039375	0.00051875	0.885057	0
	0.367	0.000375	0.00063125	0.883908	0
	0.368	0.00043125	0.00063125	0.883908	0
	0.369	0.00035625	0.00059375	0.884793	0
	0.37	0.00045625	0.00054375	0.884793	0
	0.371	0.00045	0.000625	0.88466	0
	0.372	0.00030625	0.00074375	0.885549	0
	0.373	0.00034375	0.00064375	0.886574	0
	0.374	0.000325	0.00048125	0.885417	0
	0.375	0.00035625	0.0007125	0.883102	0
	0.376	0.00040625	0.00065625	0.885151	0
	0.377	0.00031875	0.000725	0.883991	0
	0.378	0.0004	0.0007	0.884884	0
	0.379	0.00040625	0.00065625	0.885781	0
	0.38	0.00036875	0.0007625	0.886814	0
	0.381	0.00039375	0.0007375	0.886682	0
	0.382	0.00033125	0.0007125	0.887719	0
	0.383	0.0003625	0.00074375	0.884211	0
	0.384	0.00035	0.00083125	0.885111	0
	0.385	0.0003	0.00073125	0.883803	0
	0.386	0.00038125	0.0007625	0.883803	0
	0.387	0.0004125	0.00076875	0.881455	0
	0.388	0.00035625	0.00083125	0.881316	0
	0.389	0.00038125	0.00075625	0.883392	0
	0.39	0.000525	0.00079375	0.881037	0
	0.391	0.00038125	0.00071875	0.878538	0
	0.392	0.00040625	0.00079375	0.879433	0
	0.393	0.00040625	0.0008375	0.87929	0
	0.394	0.00048125	0.00091875	0.879147	0
	0.395	0.0004125	0.0008375	0.881094	0
	0.396	0.00040625	0.000825	0.881094	0
	0.397	0.0004625	0.0008625	0.878716	0
	0.398	0.0005375	0.00085625	0.879619	0
	0.399	0.0004375	0.00090625	0.879619	0
	0.4	0.0005	0.0009625	0.879475	0
	0.401	0.000575	0.000975	0.878282	0
	0.402	0.0004125	0.00081875	0.876941	0
	0.403	0.00053125	0.0009875	0.876941	0
	0.404	0.000375	0.0009375	0.875747	0
	0.405	0.000625	0.0010375	0.878897	0
	0.406	0.0006125	0.00100625	0.8753	0
	0.407	0.00045	0.00093125	0.876202	0
	0.408	0.00060625	0.00096875	0.875	0
	0.409	0.00058125	0.000875	0.873798	0
	0.41	0.0006375	0.0009	0.872596	0
	0.411	0.00051875	0.00094375	0.870192	0
	0.412	0.00053125	0.00099375	0.871239	0
	0.413	0.00046875	0.0008875	0.870036	0
	0.414	0.00056875	0.00090625	0.870036	0
	0.415	0.000475	0.00096875	0.870036	0
	0.416	0.00060625	0.00095625	0.870036	0
	0.417	0.00063125	0.00089375	0.870036	0
	0.418	0.00076875	0.0010625	0.870036	0
	0.419	0.000775	0.00104375	0.868833	0
	0.42	0.00078125	0.00105625	0.871826	0
	0.421	0.0006875	0.00114375	0.87046	0
	0.422	0.00063125	0.00100625	0.870146	0
	0.423	0.00075	0.00104375	0.870146	0
	0.424	0.0006	0.00095625	0.86983	0
	0.425	0.0006375	0.001025	0.868613	0
	0.426	0.0007125	0.00093125	0.869671	0
	0.427	0.00070625	0.00106875	0.868293	0
	0.428	0.000775	0.0009875	0.868132	0
	0.429	0.0006875	0.0011875	0.867971	0
	0.43	0.00074375	0.0011875	0.866748	0
	0.431	0.00075	0.00109375	0.866585	0
	0.432	0.00068125	0.00106875	0.865361	0
	0.433	0.00065625	0.00113125	0.865196	0
	0.434	0.00069375	0.0012125	0.865031	0
	0.435	0.00066875	0.00116875	0.863804	0
	0.436	0.00064375	0.001075	0.857669	0
	0.437	0.00074375	0.0012	0.857669	0
	0.438	0.00071875	0.00111875	0.858722	0
	0.439	0.00060625	0.0011875	0.857143	0
	0.44	0.00069375	0.0011375	0.853448	0
	0.441	0.00055	0.00125625	0.853448	0
	0.442	0.00070625	0.0011375	0.853448	0
	0.443	0.0006875	0.00105	0.853086	0
	0.444	0.00065625	0.001125	0.852723	0
	0.445	0.00071875	0.00115	0.851301	0
	0.446	0.0006375	0.00113125	0.853416	0
	0.447	0.00069375	0.00125	0.855542	0
	0.448	0.0008	0.00123125	0.855542	0
	0.449	0.00068125	0.00136875	0.85875	0
	0.45	0.00073125	0.0012	0.855	0
	0.451	0.00073125	0.00119375	0.854637	0
	0.452	0.0007875	0.0011875	0.855709	0
	0.453	0.00068125	0.0012	0.855528	0
	0.454	0.00063125	0.00110625	0.854981	0
	0.455	0.00070625	0.00126875	0.857143	0
	0.456	0.00074375	0.00111875	0.855696	0
	0.457	0.00063125	0.00121875	0.854246	0
	0.458	0.00068125	0.0012	0.85533	0
	0.459	0.000625	0.00106875	0.852792	0
	0.46	0.0007625	0.001175	0.850254	0
	0.461	0.00070625	0.00124375	0.850064	0
	0.462	0.0007375	0.0011125	0.849873	0
	0.463	0.0008625	0.0012375	0.851852	0
	0.464	0.0008375	0.00120625	0.852753	0
	0.465	0.00085	0.0011875	0.851472	0
	0.466	0.00075625	0.0011625	0.847436	0
	0.467	0.0008625	0.00105	0.84724	0
	0.468	0.00085	0.00108125	0.847938	0
	0.469	0.000875	0.0012375	0.847545	0
	0.47	0.000825	0.00101875	0.843669	0
	0.471	0.00101875	0.00121875	0.842173	0
	0.472	0.0008125	0.00121875	0.842173	0
	0.473	0.00084375	0.00115625	0.843264	0
	0.474	0.0008	0.00145625	0.844358	0
	0.475	0.00079375	0.00125625	0.844358	0
	0.476	0.00074375	0.0013125	0.846554	0
	0.477	0.00095	0.00115	0.845254	0
	0.478	0.0008875	0.0011375	0.841146	0
	0.479	0.00100625	0.0011375	0.840939	0
	0.48	0.00081875	0.00115	0.838331	0
	0.481	0.00096875	0.00095625	0.839005	0
	0.482	0.00083125	0.00103125	0.844532	0
	0.483	0.000925	0.00123125	0.846764	0
	0.484	0.0010125	0.0012875	0.849007	0
	0.485	0.000925	0.0011375	0.848606	0
	0.486	0.00094375	0.00135	0.849734	0
	0.487	0.00091875	0.0013	0.848202	0
	0.488	0.00095625	0.00105	0.846871	0
	0.489	0.0010125	0.0012	0.848	0
	0.49	0.00105	0.00128125	0.848	0
	0.491	0.000975	0.0011	0.846667	0
	0.492	0.0011	0.00116875	0.846462	0
	0.493	0.00105625	0.001175	0.843583	0
	0.494	0.0010375	0.00120625	0.845845	0
	0.495	0.00099375	0.00126875	0.846774	0
	0.496	0.00090625	0.0010875	0.846361	0
	0.497	0.00100625	0.0012125	0.845737	0
	0.498	0.0010125	0.0012625	0.848033	0
	0.499	0.0010375	0.00110625	0.847826	0
	0.5	0.00085	0.001175	0.846467	0
	0.501	0.0008375	0.00105625	0.84375	0
	0.502	0.001125	0.0012125	0.841033	0
	0.503	0.000975	0.0011125	0.843111	0
	0.504	0.0010625	0.0012	0.843111	0
	0.505	0.0009	0.00095	0.844049	0
	0.506	0.00116875	0.00133125	0.842681	0
	0.507	0.00096875	0.00105625	0.845942	0
	0.508	0.00085625	0.0011375	0.843191	0
	0.509	0.00090625	0.00125	0.841816	0
	0.51	0.0009125	0.0012875	0.837689	0
	0.511	0.0008125	0.00125625	0.839557	0
	0.512	0.00085	0.000925	0.83795	0
	0.513	0.00089375	0.00145625	0.83795	0
	0.514	0.00076875	0.00115	0.838889	0
	0.515	0.0009375	0.0010625	0.839609	0
	0.516	0.00093125	0.0011875	0.841958	0
	0.517	0.000975	0.00118125	0.840336	0
	0.518	0.0009375	0.0010625	0.840112	0
	0.519	0.0007875	0.00111875	0.841069	0
	0.52	0.00075625	0.00116875	0.842031	0
	0.521	0.0007875	0.0012	0.844413	0
	0.522	0.00083125	0.001075	0.846809	0
	0.523	0.00083125	0.00119375	0.848011	0
	0.524	0.0008375	0.00115625	0.849218	0
	0.525	0.00070625	0.001075	0.846154	0
	0.526	0.00078125	0.00118125	0.844729	0
	0.527	0.00085	0.0011875	0.845714	0
	0.528	0.00070625	0.001225	0.845494	0
	0.529	0.000725	0.0011625	0.851585	0
	0.53	0.000775	0.00123125	0.852814	0
	0.531	0.00071875	0.00108125	0.848046	0
	0.532	0.00075625	0.00101875	0.849275	0
	0.533	0.0007625	0.0012125	0.848837	0
	0.534	0.00081875	0.00111875	0.849854	0
	0.535	0.00073125	0.0010375	0.847953	0
	0.536	0.00079375	0.0010875	0.846266	0
	0.537	0.00070625	0.001125	0.846266	0
	0.538	0.0006	0.00119375	0.847507	0
	0.539	0.0007625	0.00118125	0.844347	0
	0.54	0.00080625	0.0011	0.848083	0
	0.541	0.000825	0.00111875	0.844904	0
	0.542	0.000625	0.00115	0.85119	0
	0.543	0.0008125	0.00100625	0.85119	0
	0.544	0.00085	0.00111875	0.852239	0
	0.545	0.00073125	0.001075	0.855639	0
	0.546	0.00059375	0.00119375	0.855422	0
	0.547	0.000825	0.00106875	0.853916	0
	0.548	0.0008875	0.001125	0.850904	0
	0.549	0.00071875	0.0011125	0.850679	0
	0.55	0.0009125	0.00118125	0.85303	0
	0.551	0.00073125	0.00099375	0.85	0
	0.552	0.00070625	0.00104375	0.848255	0
	0.553	0.000775	0.0011625	0.846737	0
	0.554	0.000775	0.00110625	0.843465	0
	0.555	0.00086875	0.0011875	0.840183	0
	0.556	0.00081875	0.00125625	0.839939	0
	0.557	0.00079375	0.00105	0.83792	0
	0.558	0.00075	0.00105	0.83871	0
	0.559	0.0007125	0.001175	0.84	0
	0.56	0.00071875	0.00109375	0.841294	0
	0.561	0.0007	0.0011125	0.839506	0
	0.562	0.000825	0.00131875	0.836167	0
	0.563	0.0007625	0.00115625	0.835913	0
	0.564	0.00080625	0.0012125	0.838258	0
	0.565	0.0008	0.0011375	0.837754	0
	0.566	0.00071875	0.0012	0.836193	0
	0.567	0.00074375	0.00120625	0.841195	0
	0.568	0.00083125	0.0009875	0.83805	0
	0.569	0.00073125	0.00103125	0.837795	0
	0.57	0.00073125	0.0010875	0.835962	0
	0.571	0.00071875	0.0011375	0.839683	0
	0.572	0.00085625	0.00115	0.839428	0
	0.573	0.00079375	0.0011125	0.835726	0
	0.574	0.000875	0.00113125	0.835726	0
	0.575	0.0006875	0.00108125	0.8368	0
	0.576	0.00084375	0.00123125	0.8352	0
	0.577	0.00075	0.00118125	0.834671	0
	0.578	0.00085	0.001075	0.834671	0
	0.579	0.0009125	0.00116875	0.833066	0
	0.58	0.00081875	0.00099375	0.82825	0
	0.581	0.00070625	0.0011625	0.829582	0
	0.582	0.0008	0.0011625	0.827697	0
	0.583	0.0008375	0.00093125	0.829032	0
	0.584	0.000825	0.0011125	0.827419	0
	0.585	0.000925	0.00105	0.82658	0
	0.586	0.00089375	0.00113125	0.82899	0
	0.587	0.00068125	0.0010625	0.82708	0
	0.588	0.00084375	0.0010625	0.823529	0
	0.589	0.00088125	0.00095	0.823241	0
	0.59	0.00084375	0.00103125	0.824302	0
	0.591	0.00085	0.0010625	0.827018	0
	0.592	0.000825	0.00113125	0.827018	0
	0.593	0.001025	0.00125625	0.823432	0
	0.594	0.0008	0.0010875	0.824793	0
	0.595	0.00093125	0.0011625	0.826159	0
	0.596	0.00093125	0.0008625	0.826159	0
	0.597	0.00095625	0.00099375	0.828904	0
	0.598	0.00073125	0.0011625	0.829716	0
	0.599	0.00084375	0.00113125	0.826087	0
	0.6	0.00085	0.001175	0.825796	0
	0.601	0.0009875	0.00103125	0.823826	0
	0.602	0.00094375	0.00098125	0.821849	0
	0.603	0.00086875	0.00124375	0.821849	0
	0.604	0.00076875	0.00105	0.821849	0
	0.605	0.00073125	0.00105625	0.821549	0
	0.606	0.00081875	0.00100625	0.820946	0
	0.607	0.000775	0.00123125	0.820946	0
	0.608	0.0008375	0.0010625	0.823729	0
	0.609	0.0008	0.0010125	0.822034	0
	0.61	0.000875	0.00101875	0.821732	0
	0.611	0.00093125	0.00105625	0.820034	0
	0.612	0.00076875	0.0011375	0.818027	0
	0.613	0.00093125	0.00093125	0.822222	0
	0.614	0.00081875	0.00105625	0.823328	0
	0.615	0.00073125	0.00109375	0.820998	0
	0.616	0.0007875	0.0010625	0.822414	0
	0.617	0.0008125	0.00110625	0.823834	0
	0.618	0.00081875	0.00100625	0.824957	0
	0.619	0.00079375	0.001175	0.824348	0
	0.62	0.00093125	0.0010125	0.8223	0
	0.621	0.00071875	0.0011375	0.823427	0
	0.622	0.00081875	0.00094375	0.824869	0
	0.623	0.0007875	0.001075	0.823117	0
	0.624	0.0008	0.00120625	0.827465	0
	0.625	0.000925	0.00108125	0.828924	0
	0.626	0.00079375	0.00099375	0.829485	0
	0.627	0.00076875	0.00111875	0.825933	0
	0.628	0.0008125	0.001125	0.824156	0
	0.629	0.0007625	0.0010125	0.827094	0
	0.63	0.00083125	0.0009375	0.826786	0
	0.631	0.00075	0.000975	0.825	0
	0.632	0.0008	0.0010625	0.823214	0
	0.633	0.00069375	0.00094375	0.826165	0
	0.634	0.0007125	0.00105	0.827648	0
	0.635	0.00074375	0.001025	0.82554	0
	0.636	0.000575	0.00118125	0.827899	0
	0.637	0.00075	0.00089375	0.829091	0
	0.638	0.00079375	0.00098125	0.830601	0
	0.639	0.000625	0.00103125	0.82967	0
	0.64	0.00066875	0.00105	0.833641	0
	0.641	0.00066875	0.0010875	0.833333	0
	0.642	0.00066875	0.0010125	0.833024	0
	0.643	0.00059375	0.0010875	0.831169	0
	0.644	0.00076875	0.001075	0.834264	0
	0.645	0.00063125	0.00096875	0.834264	0
	0.646	0.00059375	0.000925	0.830224	0
	0.647	0.00068125	0.00105	0.828037	0
	0.648	0.00065625	0.00090625	0.829588	0
	0.649	0.00075625	0.000875	0.829268	0
	0.65	0.00065	0.0009875	0.825516	0
	0.651	0.00076875	0.00101875	0.823308	0
	0.652	0.00065625	0.0011125	0.826415	0
	0.653	0.0007875	0.00100625	0.827652	0
	0.654	0.00075	0.00100625	0.827652	0
	0.655	0.0006625	0.00094375	0.827324	0
	0.656	0.00063125	0.0011375	0.836852	0
	0.657	0.00073125	0.0008625	0.839768	0
	0.658	0.0005625	0.00098125	0.835907	0
	0.659	0.00075	0.00110625	0.835907	0
	0.66	0.00056875	0.00108125	0.840777	0
	0.661	0.0006375	0.00115	0.842412	0
	0.662	0.00066875	0.0010625	0.842412	0
	0.663	0.00069375	0.001	0.844055	0
	0.664	0.00069375	0.00094375	0.846758	0
	0.665	0.0007	0.00094375	0.848425	0
	0.666	0.00068125	0.00101875	0.847525	0
	0.667	0.00055	0.00098125	0.849206	0
	0.668	0.0005875	0.00085	0.849206	0
	0.669	0.00075625	0.00105625	0.849206	0
	0.67	0.00063125	0.0009625	0.850598	0
	0.671	0.00051875	0.0009125	0.846614	0
	0.672	0.00066875	0.00105	0.848	0
	0.673	0.00063125	0.0010125	0.847695	0
	0.674	0.0006625	0.00099375	0.845382	0
	0.675	0.00055	0.000975	0.841046	0
	0.676	0.00061875	0.00110625	0.842424	0
	0.677	0.0007625	0.0009875	0.840404	0
	0.678	0.000625	0.0010625	0.834008	0
	0.679	0.00069375	0.0010375	0.831643	0
	0.68	0.00075	0.00114375	0.835031	0
	0.681	0.0007125	0.00089375	0.828921	0
	0.682	0.000625	0.001075	0.830266	0
	0.683	0.000625	0.00093125	0.830266	0
	0.684	0.00064375	0.00095625	0.828221	0
	0.685	0.0006125	0.00090625	0.828221	0
	0.686	0.00070625	0.0010125	0.831622	0
	0.687	0.0006875	0.00098125	0.831622	0
	0.688	0.00065	0.00103125	0.835052	0
	0.689	0.00066875	0.000925	0.832645	0
	0.69	0.00068125	0.0009625	0.830579	0
	0.691	0.0006875	0.000975	0.831601	0
	0.692	0.0005625	0.00094375	0.835073	0
	0.693	0.00074375	0.00090625	0.836478	0
	0.694	0.00076875	0.0009875	0.831933	0
	0.695	0.00060625	0.0009125	0.835443	0
	0.696	0.00069375	0.00088125	0.835095	0
	0.697	0.000575	0.0009875	0.836864	0
	0.698	0.00069375	0.00084375	0.840426	0
	0.699	0.00073125	0.00088125	0.838298	0
	0.7	0.000675	0.0009	0.838298	0
	0.701	0.000625	0.0009125	0.835821	0
	0.702	0.0007	0.000975	0.833333	0
	0.703	0.00065625	0.00088125	0.83691	0
	0.704	0.00076875	0.001025	0.832618	0
	0.705	0.00079375	0.001	0.831897	0
	0.706	0.0007125	0.00088125	0.829741	0
	0.707	0.0006625	0.00091875	0.82684	0
	0.708	0.00074375	0.00093125	0.826464	0
	0.709	0.00073125	0.00085625	0.821739	0
	0.71	0.0006625	0.00086875	0.817391	0
	0.711	0.00065625	0.00095	0.816594	0
	0.712	0.00085	0.0009375	0.820175	0
	0.713	0.00064375	0.0009375	0.825221	0
	0.714	0.0006125	0.00096875	0.827051	0
	0.715	0.0008875	0.0009875	0.826667	0
	0.716	0.00080625	0.00095	0.828508	0
	0.717	0.00076875	0.00086875	0.828508	0
	0.718	0.0007625	0.00084375	0.825893	0
	0.719	0.00071875	0.00090625	0.823266	0
	0.72	0.00088125	0.00090625	0.82287	0
	0.721	0.0007	0.00096875	0.813901	0
	0.722	0.00074375	0.00084375	0.812641	0
	0.723	0.00076875	0.00085	0.810384	0
	0.724	0.0006625	0.00079375	0.805869	0
	0.725	0.00076875	0.0008625	0.803612	0
	0.726	0.00075625	0.0008375	0.803167	0
	0.727	0.00075	0.00104375	0.793651	0
	0.728	0.0007	0.0009375	0.795455	0
	0.729	0.0007625	0.00089375	0.797267	0
	0.73	0.0006875	0.000925	0.796804	0
	0.731	0.00088125	0.00085625	0.796339	0
	0.732	0.00076875	0.00103125	0.793578	0
	0.733	0.00075	0.00076875	0.790805	0
	0.734	0.00075625	0.0009875	0.792627	0
	0.735	0.0007375	0.00096875	0.793981	0
	0.736	0.00070625	0.0008	0.795349	0
	0.737	0.00089375	0.00091875	0.794872	0
	0.738	0.000675	0.00088125	0.794393	0
	0.739	0.00065625	0.0008	0.792056	0
	0.74	0.000875	0.0008375	0.793427	0
	0.741	0.00080625	0.00085	0.79108	0
	0.742	0.00083125	0.00090625	0.788235	0
	0.743	0.0008625	0.00066875	0.790094	0
	0.744	0.0007	0.00081875	0.793839	0
	0.745	0.00089375	0.00080625	0.797619	0
	0.746	0.00075625	0.00085	0.797136	0
	0.747	0.0008625	0.000925	0.794749	0
	0.748	0.00086875	0.00085625	0.793765	0
	0.749	0.00090625	0.00093125	0.799517	0
	0.75	0.00078125	0.00080625	0.799031	0
	0.751	0.00088125	0.00086875	0.793689	0
	0.752	0.0008125	0.000825	0.788835	0
	0.753	0.000775	0.00076875	0.788321	0
	0.754	0.0007125	0.00080625	0.785888	0
	0.755	0.00070625	0.00076875	0.787286	0
	0.756	0.00080625	0.00074375	0.786765	0
	0.757	0.0008125	0.000775	0.781863	0
	0.758	0.00080625	0.00086875	0.782716	0
	0.759	0.00076875	0.0006875	0.784119	0
	0.76	0.00073125	0.00093125	0.781638	0
	0.761	0.00071875	0.00085625	0.781095	0
	0.762	0.00086875	0.0007125	0.785	0
	0.763	0.00085	0.0008125	0.785894	0
	0.764	0.00078125	0.0007625	0.780856	0
	0.765	0.000725	0.00091875	0.780856	0
	0.766	0.00066875	0.00075	0.778338	0
	0.767	0.00066875	0.0008625	0.778338	0
	0.768	0.0007625	0.0007125	0.777778	0
	0.769	0.0008125	0.0006875	0.78117	0
	0.77	0.00073125	0.00073125	0.787179	0
	0.771	0.0006625	0.0008375	0.792746	0
	0.772	0.00079375	0.00089375	0.787013	0
	0.773	0.0008	0.00070625	0.784416	0
	0.774	0.00071875	0.00079375	0.785901	0
	0.775	0.00075	0.00080625	0.789474	0
	0.776	0.00078125	0.0008375	0.785714	0
	0.777	0.0007125	0.00080625	0.789894	0
	0.778	0.0006875	0.0007875	0.784	0
	0.779	0.00066875	0.0006625	0.781333	0
	0.78	0.0007625	0.00060625	0.775401	0
	0.781	0.0007	0.0007625	0.774799	0
	0.782	0.00071875	0.00075625	0.778976	0
	0.783	0.0006875	0.0008125	0.773585	0
	0.784	0.0008125	0.00079375	0.775068	0
	0.785	0.0008625	0.00076875	0.776567	0
	0.786	0.0007875	0.0008125	0.773842	0
	0.787	0.0008375	0.00076875	0.771117	0
	0.788	0.00085	0.0007875	0.77686	0
	0.789	0.00081875	0.00076875	0.77135	0
	0.79	0.0007625	0.000825	0.772853	0
	0.791	0.0008	0.00080625	0.769444	0
	0.792	0.00075625	0.0005875	0.769444	0
	0.793	0.00080625	0.00083125	0.768156	0
	0.794	0.00085625	0.00070625	0.767507	0
	0.795	0.0008625	0.00073125	0.766197	0
	0.796	0.00080625	0.000725	0.769886	0
	0.797	0.00075625	0.0006	0.766382	0
	0.798	0.00084375	0.00081875	0.760684	0
	0.799	0.0007625	0.000625	0.765043	0
	0.8	0.0008375	0.0007	0.764368	0
	0.801	0.00081875	0.0007625	0.766571	0
	0.802	0.00079375	0.00064375	0.760807	0
	0.803	0.000775	0.0007125	0.756522	0
	0.804	0.0008625	0.0008	0.75	0
	0.805	0.00070625	0.0006	0.746356	0
	0.806	0.0008875	0.00080625	0.748538	0
	0.807	0.0009	0.0006625	0.745614	0
	0.808	0.0009	0.00076875	0.747059	0
	0.809	0.000875	0.00071875	0.751479	0
	0.81	0.000825	0.0006	0.755952	0
	0.811	0.00074375	0.0004875	0.753754	0
	0.812	0.00084375	0.0006875	0.756024	0
	0.813	0.00068125	0.00063125	0.752266	0
	0.814	0.00093125	0.000675	0.752266	0
	0.815	0.00093125	0.000725	0.746224	0
	0.816	0.00089375	0.0007	0.742424	0
	0.817	0.000875	0.00060625	0.746951	0
	0.818	0.0009125	0.00070625	0.743902	0
	0.819	0.00081875	0.00071875	0.747692	0
	0.82	0.00098125	0.00065	0.749226	0
	0.821	0.0007625	0.00069375	0.748447	0
	0.822	0.00095	0.00058125	0.742236	0
	0.823	0.00100625	0.0007	0.732919	0
	0.824	0.0009	0.00061875	0.735202	0
	0.825	0.0008125	0.00075	0.7375	0
	0.826	0.00086875	0.00063125	0.739812	0
	0.827	0.00088125	0.0006375	0.742138	0
	0.828	0.0007875	0.00065	0.749206	0
	0.829	0.00085625	0.0006625	0.755627	0
	0.83	0.000925	0.00054375	0.751613	0
	0.831	0.00086875	0.00073125	0.743506	0
	0.832	0.0007125	0.00063125	0.737013	0
	0.833	0.00091875	0.00058125	0.74183	0
	0.834	0.0009125	0.00066875	0.738562	0
	0.835	0.00088125	0.0006	0.737705	0
	0.836	0.00080625	0.0006375	0.737705	0
	0.837	0.0008	0.0005875	0.739274	0
	0.838	0.0009125	0.00066875	0.741722	0
	0.839	0.0008375	0.00050625	0.74	0
	0.84	0.000875	0.0006125	0.741611	0
	0.841	0.00064375	0.000675	0.744108	0
	0.842	0.00081875	0.0005625	0.743243	0
	0.843	0.00074375	0.0007	0.74744	0
	0.844	0.0007875	0.0005375	0.746575	0
	0.845	0.000825	0.00063125	0.738832	0
	0.846	0.00068125	0.00058125	0.737024	0
	0.847	0.0007125	0.00061875	0.74216	0
	0.848	0.0008	0.00051875	0.740351	0
	0.849	0.00071875	0.000525	0.752688	0
	0.85	0.0007625	0.00054375	0.74552	0
	0.851	0.00065	0.000525	0.744604	0
	0.852	0.0008875	0.00054375	0.744604	0
	0.853	0.0007625	0.00056875	0.725632	0
	0.854	0.0006875	0.00055625	0.730909	0
	0.855	0.00065625	0.0005875	0.723636	0
	0.856	0.00071875	0.0004875	0.716364	0
	0.857	0.0008	0.0005625	0.717949	0
	0.858	0.000775	0.00056875	0.723247	0
	0.859	0.00081875	0.00061875	0.724907	0
	0.86	0.0006875	0.00049375	0.716418	0
	0.861	0.000675	0.000625	0.719101	0
	0.862	0.00074375	0.0005625	0.720755	0
	0.863	0.00078125	0.00053125	0.716981	0
	0.864	0.00070625	0.0006125	0.721374	0
	0.865	0.000775	0.00048125	0.715385	0
	0.866	0.00068125	0.0004875	0.72093	0
	0.867	0.00081875	0.00046875	0.72549	0
	0.868	0.00075625	0.00055625	0.730159	0
	0.869	0.00074375	0.000525	0.732	0
	0.87	0.00081875	0.00058125	0.725806	0
	0.871	0.000825	0.00059375	0.728745	0
	0.872	0.00085	0.00053125	0.727642	0
	0.873	0.00078125	0.00058125	0.726531	0
	0.874	0.00096875	0.00050625	0.729508	0
	0.875	0.0008625	0.00051875	0.728395	0
	0.876	0.00095	0.00048125	0.728395	0
	0.877	0.00076875	0.00040625	0.716049	0
	0.878	0.00086875	0.00039375	0.719008	0
	0.879	0.00090625	0.0004625	0.717842	0
	0.88	0.00086875	0.0005	0.716667	0
	0.881	0.0008375	0.00045625	0.721519	0
	0.882	0.000925	0.000425	0.716102	0
	0.883	0.0009375	0.00048125	0.714894	0
	0.884	0.00083125	0.0004875	0.726087	0
	0.885	0.00093125	0.0004875	0.729258	0
	0.886	0.00091875	0.00056875	0.735683	0
	0.887	0.000775	0.0004	0.725664	0
	0.888	0.000725	0.00045	0.70354	0
	0.889	0.0009625	0.0004875	0.69469	0
	0.89	0.0008875	0.00048125	0.690265	0
	0.891	0.00088125	0.00049375	0.685841	0
	0.892	0.0009375	0.00048125	0.690583	0
	0.893	0.00083125	0.00034375	0.689189	0
	0.894	0.00094375	0.0004	0.692308	0
	0.895	0.00093125	0.00044375	0.684932	0
	0.896	0.00095	0.00045	0.674312	0
	0.897	0.00076875	0.00044375	0.655963	0
	0.898	0.00086875	0.00035	0.654378	0
	0.899	0.00074375	0.00040625	0.651163	0
	0.9	0.0008875	0.000475	0.649533	0
	0.901	0.00084375	0.0005	0.652582	0
	0.902	0.00084375	0.00039375	0.661905	0
	0.903	0.000875	0.00045625	0.665072	0
	0.904	0.00089375	0.00048125	0.678049	0
	0.905	0.00093125	0.00046875	0.676471	0
	0.906	0.00076875	0.00041875	0.673267	0
	0.907	0.00089375	0.0003875	0.67	0
	0.908	0.00083125	0.00038125	0.66	0
	0.909	0.00085	0.0004	0.658291	0
	0.91	0.00090625	0.00040625	0.656566	0
	0.911	0.00086875	0.0003875	0.663265	0
	0.912	0.00094375	0.0003625	0.671875	0
	0.913	0.000925	0.00040625	0.673684	0
	0.914	0.0008625	0.00043125	0.680851	0
	0.915	0.000875	0.00038125	0.670213	0
	0.916	0.00104375	0.00039375	0.677419	0
	0.917	0.00095625	0.0003375	0.675676	0
	0.918	0.00101875	0.0003125	0.675676	0
	0.919	0.00084375	0.000375	0.673913	0
	0.92	0.000775	0.0003375	0.672131	0
	0.921	0.00089375	0.0002875	0.675824	0
	0.922	0.00099375	0.00034375	0.685393	0
	0.923	0.00095625	0.000325	0.683616	0
	0.924	0.00093125	0.00033125	0.670455	0
	0.925	0.0008	0.000325	0.668571	0
	0.926	0.00079375	0.00031875	0.666667	0
	0.927	0.00086875	0.0003125	0.676471	0
	0.928	0.0006125	0.0003	0.678571	0
	0.929	0.00075625	0.0003	0.678571	0
	0.93	0.00078125	0.00024375	0.666667	0
	0.931	0.0007	0.00024375	0.668712	0
	0.932	0.000725	0.00029375	0.668712	0
	0.933	0.0006375	0.00029375	0.677215	0
	0.934	0.0008125	0.00039375	0.681529	0
	0.935	0.0007125	0.00029375	0.694805	0
	0.936	0.0008375	0.00026875	0.697368	0
	0.937	0.00066875	0.0002875	0.688742	0
	0.938	0.00084375	0.0002625	0.682432	0
	0.939	0.000725	0.000275	0.691781	0
	0.94	0.00070625	0.00024375	0.706294	0
	0.941	0.0008	0.00018125	0.706294	0
	0.942	0.00066875	0.00024375	0.706294	0
	0.943	0.00075	0.0002625	0.704225	0
	0.944	0.00073125	0.00028125	0.697183	0
	0.945	0.000675	0.00019375	0.673759	0
	0.946	0.00088125	0.0002875	0.673913	0
	0.947	0.0007125	0.00026875	0.671533	0
	0.948	0.000775	0.000225	0.669118	0
	0.949	0.000875	0.0001875	0.674074	0
	0.95	0.00090625	0.00023125	0.681818	0
	0.951	0.00073125	0.00018125	0.682171	0
	0.952	0.0007625	0.0002	0.682171	0
	0.953	0.00085	0.000175	0.685039	0
	0.954	0.000825	0.0002125	0.674603	0
	0.955	0.00080625	0.0001875	0.672	0
	0.956	0.0009	0.0002375	0.656	0
	0.957	0.00080625	0.00015625	0.648	0
	0.958	0.00076875	0.00028125	0.655738	0
	0.959	0.00076875	0.00018125	0.636364	0
	0.96	0.0007125	0.00019375	0.638655	0
	0.961	0.000725	0.00016875	0.630252	0
	0.962	0.00085625	0.00014375	0.606838	0
	0.963	0.000775	0.00018125	0.608696	0
	0.964	0.00068125	0.000125	0.614035	0
	0.965	0.0009	0.0002	0.610619	0
	0.966	0.0009	0.00021875	0.627273	0
	0.967	0.0009375	0.0002	0.62037	0
	0.968	0.00091875	0.0001875	0.62037	0
	0.969	0.00091875	0.0001625	0.625	0
	0.97	0.000975	0.00016875	0.621359	0
	0.971	0.0008625	0.0001375	0.61165	0
	0.972	0.00100625	0.00015	0.623762	0
	0.973	0.0009375	9.375e-05	0.616162	0
	0.974	0.00105	0.000175	0.616162	0
	0.975	0.00095	0.00011875	0.622449	0
	0.976	0.00115625	8.75e-05	0.638298	0
	0.977	0.0009375	0.00010625	0.612903	0
	0.978	0.0009	0.00013125	0.597826	0
	0.979	0.0008	9.375e-05	0.588889	0
	0.98	0.00085625	7.5e-05	0.573034	0
	0.981	0.00098125	0.000125	0.588235	0
	0.982	0.00101875	6.25e-05	0.552941	0
	0.983	0.00095	8.125e-05	0.536585	0
	0.984	0.0011125	0.0001125	0.5375	0
	0.985	0.00105625	0.000125	0.481013	0
	0.986	0.001225	7.5e-05	0.493506	0
	0.987	0.0013	8.75e-05	0.426667	0
	0.988	0.001425	6.25e-05	0.405405	0
	0.989	0.0017	0.00010625	0.408451	0
	0.99	0.00191875	1.875e-05	0.402985	0
	0.991	0.00206875	7.5e-05	0.384615	0
	0.992	0.00224375	6.25e-05	0.365079	0
	0.993	0.00201875	8.125e-05	0.377049	0
	0.994	0.0021875	3.75e-05	0.35	0
	0.995	0.0020125	3.125e-05	0.254237	0
	0.996	0.00251875	4.375e-05	0.25	0
	0.997	0.00226875	2.5e-05	0.211538	0
	0.998	0.0026	1.875e-05	0.181818	0
	0.999	0.003575	1.875e-05	0.131579	0
	1	0.00743125	1.875e-05	0.0714286	0


#	yrange	sparsity	# links	zeta	support at cross	fraction FP
	0	0.75125	1202	0.00184581	0.945	0.104868
	0.5	0.75125	1202	0.00184581	0.945	0.104868
