#	Frequencies and overlap
#	bins	MYC	shuffle	overlap_MYC	overlap_shuffle
	0	0.439694	0.462831	0.887234	0
	0.001	0	0	0.887234	0
	0.002	0	0	0.887234	0
	0.003	0	0	0.887234	0
	0.004	0	0	0.887234	0
	0.005	0	0	0.887234	0
	0.006	0	0	0.887234	0
	0.007	0	0	0.887234	0
	0.008	0	0	0.887234	0
	0.009	0	0	0.887234	0
	0.01	0	0	0.887234	0
	0.011	0	0	0.887234	0
	0.012	0	0	0.887234	0
	0.013	0	0	0.887234	0
	0.014	0	0	0.887234	0
	0.015	0	0	0.887234	0
	0.016	0	0	0.887234	0
	0.017	0	0	0.887234	0
	0.018	0	0	0.887234	0
	0.019	0	0	0.887234	0
	0.02	0	0	0.887234	0
	0.021	0	0	0.887234	0
	0.022	0	0	0.887234	0
	0.023	0	0	0.887234	0
	0.024	0	0	0.887234	0
	0.025	0	0	0.887234	0
	0.026	0	0	0.887234	0
	0.027	0	0	0.887234	0
	0.028	0	0	0.887234	0
	0.029	0	0	0.887234	0
	0.03	0	0	0.887234	0
	0.031	0	0	0.887234	0
	0.032	0	0	0.887234	0
	0.033	0	0	0.887234	0
	0.034	0	0	0.887234	0
	0.035	0	0	0.887234	0
	0.036	0	0	0.887234	0
	0.037	0	0	0.887234	0
	0.038	0	0	0.887234	0
	0.039	0	0	0.887234	0
	0.04	0	0	0.887234	0
	0.041	0	0	0.887234	0
	0.042	0	0	0.887234	0
	0.043	0	0	0.887234	0
	0.044	0	0	0.887234	0
	0.045	0	0	0.887234	0
	0.046	0	0	0.887234	0
	0.047	0	0	0.887234	0
	0.048	0	0	0.887234	0
	0.049	0	0	0.887234	0
	0.05	0	0	0.887234	0
	0.051	0	0	0.887234	0
	0.052	0	0	0.887234	0
	0.053	0	0	0.887234	0
	0.054	0	0	0.887234	0
	0.055	0	0	0.887234	0
	0.056	0	0	0.887234	0
	0.057	0	0	0.887234	0
	0.058	0	0	0.887234	0
	0.059	0	0	0.887234	0
	0.06	0	0	0.887234	0
	0.061	0	0	0.887234	0
	0.062	0	0	0.887234	0
	0.063	0	0	0.887234	0
	0.064	0	0	0.887234	0
	0.065	0	0	0.887234	0
	0.066	0	0	0.887234	0
	0.067	0	0	0.887234	0
	0.068	0	0	0.887234	0
	0.069	0	0	0.887234	0
	0.07	0	0	0.887234	0
	0.071	0	0	0.887234	0
	0.072	0	0	0.887234	0
	0.073	0	0	0.887234	0
	0.074	0	0	0.887234	0
	0.075	0	0	0.887234	0
	0.076	0	0	0.887234	0
	0.077	0	0	0.887234	0
	0.078	0	0	0.887234	0
	0.079	0	0	0.887234	0
	0.08	0	0	0.887234	0
	0.081	0	0	0.887234	0
	0.082	0	0	0.887234	0
	0.083	0	0	0.887234	0
	0.084	0	0	0.887234	0
	0.085	0	0	0.887234	0
	0.086	0	0	0.887234	0
	0.087	0	0	0.887234	0
	0.088	0	0	0.887234	0
	0.089	0	0	0.887234	0
	0.09	0	0	0.887234	0
	0.091	0	0	0.887234	0
	0.092	0	0	0.887234	0
	0.093	0	0	0.887234	0
	0.094	0	0	0.887234	0
	0.095	0	0	0.887234	0
	0.096	0	0	0.887234	0
	0.097	0	0	0.887234	0
	0.098	0	0	0.887234	0
	0.099	0	0	0.887234	0
	0.1	0	0	0.887234	0
	0.101	0	0	0.887234	0
	0.102	0	0	0.887234	0
	0.103	0	0	0.887234	0
	0.104	0	0	0.887234	0
	0.105	0	0	0.887234	0
	0.106	0	0	0.887234	0
	0.107	0	0	0.887234	0
	0.108	0	0	0.887234	0
	0.109	0	0	0.887234	0
	0.11	0	0	0.887234	0
	0.111	0	0	0.887234	0
	0.112	0	0	0.887234	0
	0.113	0	0	0.887234	0
	0.114	0	0	0.887234	0
	0.115	0	0	0.887234	0
	0.116	0	0	0.887234	0
	0.117	0	0	0.887234	0
	0.118	0	0	0.887234	0
	0.119	0	0	0.887234	0
	0.12	0	0	0.887234	0
	0.121	0	0	0.887234	0
	0.122	0	0	0.887234	0
	0.123	0	0	0.887234	0
	0.124	0	0	0.887234	0
	0.125	0	0	0.887234	0
	0.126	0	0	0.887234	0
	0.127	0	0	0.887234	0
	0.128	0	0	0.887234	0
	0.129	0	0	0.887234	0
	0.13	0	0	0.887234	0
	0.131	0	0	0.887234	0
	0.132	0	0	0.887234	0
	0.133	0	0	0.887234	0
	0.134	0	0	0.887234	0
	0.135	0	0	0.887234	0
	0.136	0	0	0.887234	0
	0.137	0	0	0.887234	0
	0.138	0	0	0.887234	0
	0.139	0	0	0.887234	0
	0.14	0	0	0.887234	0
	0.141	0	0	0.887234	0
	0.142	0	0	0.887234	0
	0.143	0	0	0.887234	0
	0.144	0	0	0.887234	0
	0.145	0	0	0.887234	0
	0.146	0	0	0.887234	0
	0.147	0	0	0.887234	0
	0.148	0	0	0.887234	0
	0.149	0	0	0.887234	0
	0.15	0	0	0.887234	0
	0.151	0	0	0.887234	0
	0.152	0	0	0.887234	0
	0.153	0	0	0.887234	0
	0.154	0	0	0.887234	0
	0.155	0	0	0.887234	0
	0.156	0	0	0.887234	0
	0.157	0	0	0.887234	0
	0.158	0	0	0.887234	0
	0.159	0	0	0.887234	0
	0.16	0	0	0.887234	0
	0.161	0	0	0.887234	0
	0.162	0	0	0.887234	0
	0.163	0	0	0.887234	0
	0.164	0	0	0.887234	0
	0.165	0	0	0.887234	0
	0.166	0	0	0.887234	0
	0.167	0	0	0.887234	0
	0.168	0	0	0.887234	0
	0.169	0	0	0.887234	0
	0.17	0	0	0.887234	0
	0.171	0	0	0.887234	0
	0.172	0	0	0.887234	0
	0.173	0	0	0.887234	0
	0.174	0	0	0.887234	0
	0.175	0	0	0.887234	0
	0.176	0	0	0.887234	0
	0.177	0	0	0.887234	0
	0.178	0	0	0.887234	0
	0.179	0	0	0.887234	0
	0.18	0	0	0.887234	0
	0.181	0	0	0.887234	0
	0.182	0	0	0.887234	0
	0.183	0	0	0.887234	0
	0.184	0	0	0.887234	0
	0.185	0	0	0.887234	0
	0.186	0	0	0.887234	0
	0.187	0	0	0.887234	0
	0.188	0	0	0.887234	0
	0.189	0	0	0.887234	0
	0.19	0	0	0.887234	0
	0.191	0	0	0.887234	0
	0.192	0	0	0.887234	0
	0.193	0	0	0.887234	0
	0.194	0	0	0.887234	0
	0.195	0	0	0.887234	0
	0.196	0	0	0.887234	0
	0.197	0	0	0.887234	0
	0.198	0	0	0.887234	0
	0.199	0	0	0.887234	0
	0.2	0	0	0.887234	0
	0.201	0	0	0.887234	0
	0.202	0	0	0.887234	0
	0.203	0	0	0.887234	0
	0.204	0	0	0.887234	0
	0.205	0	0	0.887234	0
	0.206	0	0	0.887234	0
	0.207	0	0	0.887234	0
	0.208	0	0	0.887234	0
	0.209	0	0	0.887234	0
	0.21	0	0	0.887234	0
	0.211	0	0	0.887234	0
	0.212	0	0	0.887234	0
	0.213	0	0	0.887234	0
	0.214	0	0	0.887234	0
	0.215	0	0	0.887234	0
	0.216	0	0	0.887234	0
	0.217	0	0	0.887234	0
	0.218	0	0	0.887234	0
	0.219	0	0	0.887234	0
	0.22	0	0	0.887234	0
	0.221	0	0	0.887234	0
	0.222	0	0	0.887234	0
	0.223	0	0	0.887234	0
	0.224	0	0	0.887234	0
	0.225	0	0	0.887234	0
	0.226	0	0	0.887234	0
	0.227	0	0	0.887234	0
	0.228	0	0	0.887234	0
	0.229	0	0	0.887234	0
	0.23	0	0	0.887234	0
	0.231	0	0	0.887234	0
	0.232	0	0	0.887234	0
	0.233	0	0	0.887234	0
	0.234	0	0	0.887234	0
	0.235	0	0	0.887234	0
	0.236	0	0	0.887234	0
	0.237	0	0	0.887234	0
	0.238	0	0	0.887234	0
	0.239	0	0	0.887234	0
	0.24	0	0	0.887234	0
	0.241	0	0	0.887234	0
	0.242	0	0	0.887234	0
	0.243	0	0	0.887234	0
	0.244	0	0	0.887234	0
	0.245	0	0	0.887234	0
	0.246	0	0	0.887234	0
	0.247	0	0	0.887234	0
	0.248	0	0	0.887234	0
	0.249	0	0	0.887234	0
	0.25	0	0	0.887234	0
	0.251	0	0	0.887234	0
	0.252	0	0	0.887234	0
	0.253	0	0	0.887234	0
	0.254	0	0	0.887234	0
	0.255	0	0	0.887234	0
	0.256	0	0	0.887234	0
	0.257	0	0	0.887234	0
	0.258	0	0	0.887234	0
	0.259	0	0	0.887234	0
	0.26	0	0	0.887234	0
	0.261	0	0	0.887234	0
	0.262	0	0	0.887234	0
	0.263	0	0	0.887234	0
	0.264	0	0	0.887234	0
	0.265	0	0	0.887234	0
	0.266	0	0	0.887234	0
	0.267	0	0	0.887234	0
	0.268	0	0	0.887234	0
	0.269	0	0	0.887234	0
	0.27	0	0	0.887234	0
	0.271	0	0	0.887234	0
	0.272	0	0	0.887234	0
	0.273	0	0	0.887234	0
	0.274	0	0	0.887234	0
	0.275	0	0	0.887234	0
	0.276	0	0	0.887234	0
	0.277	0	0	0.887234	0
	0.278	0	0	0.887234	0
	0.279	0	0	0.887234	0
	0.28	0	0	0.887234	0
	0.281	0	0	0.887234	0
	0.282	0	0	0.887234	0
	0.283	0	0	0.887234	0
	0.284	0	0	0.887234	0
	0.285	0	0	0.887234	0
	0.286	0	0	0.887234	0
	0.287	0	0	0.887234	0
	0.288	0	0	0.887234	0
	0.289	0	0	0.887234	0
	0.29	0	0	0.887234	0
	0.291	0	0	0.887234	0
	0.292	0	0	0.887234	0
	0.293	0	0	0.887234	0
	0.294	0	0	0.887234	0
	0.295	0	0	0.887234	0
	0.296	0	0	0.887234	0
	0.297	0	0	0.887234	0
	0.298	0	0	0.887234	0
	0.299	0	0	0.887234	0
	0.3	0	0	0.887234	0
	0.301	0	0	0.887234	0
	0.302	0	0	0.887234	0
	0.303	0	0	0.887234	0
	0.304	0	0	0.887234	0
	0.305	0	0	0.887234	0
	0.306	0	0	0.887234	0
	0.307	0	0	0.887234	0
	0.308	0	0	0.887234	0
	0.309	0	0	0.887234	0
	0.31	0	0	0.887234	0
	0.311	0	0	0.887234	0
	0.312	0	0	0.887234	0
	0.313	0	0	0.887234	0
	0.314	0	0	0.887234	0
	0.315	0	0	0.887234	0
	0.316	0	0	0.887234	0
	0.317	0	0	0.887234	0
	0.318	0	0	0.887234	0
	0.319	0	0	0.887234	0
	0.32	0	0	0.887234	0
	0.321	0	0	0.887234	0
	0.322	0	0	0.887234	0
	0.323	0	0	0.887234	0
	0.324	0	0	0.887234	0
	0.325	0	0	0.887234	0
	0.326	0	0	0.887234	0
	0.327	0	0	0.887234	0
	0.328	0	0	0.887234	0
	0.329	0	0	0.887234	0
	0.33	0	0	0.887234	0
	0.331	0	0	0.887234	0
	0.332	0	0	0.887234	0
	0.333	0	0	0.887234	0
	0.334	0	0	0.887234	0
	0.335	0	0	0.887234	0
	0.336	0	0	0.887234	0
	0.337	0	0	0.887234	0
	0.338	0	0	0.887234	0
	0.339	0	0	0.887234	0
	0.34	0	0	0.887234	0
	0.341	0	0	0.887234	0
	0.342	0	0	0.887234	0
	0.343	0	0	0.887234	0
	0.344	0	0	0.887234	0
	0.345	0	0	0.887234	0
	0.346	0	0	0.887234	0
	0.347	0	0	0.887234	0
	0.348	0	0	0.887234	0
	0.349	0	0	0.887234	0
	0.35	0	0	0.887234	0
	0.351	0	0	0.887234	0
	0.352	0	0	0.887234	0
	0.353	0	0	0.887234	0
	0.354	0	0	0.887234	0
	0.355	0	0	0.887234	0
	0.356	0	0	0.887234	0
	0.357	0	0	0.887234	0
	0.358	0	0	0.887234	0
	0.359	0	0	0.887234	0
	0.36	0	0	0.887234	0
	0.361	0	0	0.887234	0
	0.362	0	0	0.887234	0
	0.363	0	0	0.887234	0
	0.364	0	0	0.887234	0
	0.365	0	0	0.887234	0
	0.366	0	0	0.887234	0
	0.367	0	0	0.887234	0
	0.368	0	0	0.887234	0
	0.369	0	0	0.887234	0
	0.37	0	0	0.887234	0
	0.371	0	0	0.887234	0
	0.372	0	0	0.887234	0
	0.373	0	0	0.887234	0
	0.374	0	0	0.887234	0
	0.375	0	0	0.887234	0
	0.376	0	0	0.887234	0
	0.377	0	0	0.887234	0
	0.378	0	0	0.887234	0
	0.379	1.25e-05	0	0.887234	0
	0.38	6.25e-06	0	0.887234	0
	0.381	0	0	0.887234	0
	0.382	6.25e-06	0	0.887234	0
	0.383	0	0	0.887234	0
	0.384	0	0	0.887234	0
	0.385	6.25e-06	0	0.887234	0
	0.386	0	0	0.887234	0
	0.387	6.25e-06	0	0.887234	0
	0.388	1.875e-05	0	0.887234	0
	0.389	1.875e-05	0	0.887234	0
	0.39	6.25e-06	0	0.887234	0
	0.391	1.25e-05	0	0.887234	0
	0.392	2.5e-05	0	0.887234	0
	0.393	1.875e-05	0	0.887234	0
	0.394	1.875e-05	0	0.887234	0
	0.395	1.25e-05	0	0.887234	0
	0.396	6.25e-06	0	0.887234	0
	0.397	1.25e-05	0	0.887234	0
	0.398	0	0	0.887234	0
	0.399	3.125e-05	0	0.887234	0
	0.4	1.25e-05	0	0.887234	0
	0.401	4.375e-05	0	0.887234	0
	0.402	6.25e-06	0	0.887234	0
	0.403	4.375e-05	0	0.887234	0
	0.404	1.25e-05	0	0.887234	0
	0.405	3.125e-05	0	0.887234	0
	0.406	0	0	0.887234	0
	0.407	2.5e-05	0	0.887234	0
	0.408	3.75e-05	0	0.887234	0
	0.409	6.25e-06	0	0.887234	0
	0.41	6.25e-06	0	0.887234	0
	0.411	3.125e-05	0	0.887234	0
	0.412	2.5e-05	0	0.887234	0
	0.413	1.25e-05	0	0.887234	0
	0.414	2.5e-05	0	0.887234	0
	0.415	1.875e-05	0	0.887234	0
	0.416	1.875e-05	0	0.887234	0
	0.417	5.625e-05	0	0.887234	0
	0.418	2.5e-05	0	0.887234	0
	0.419	0	0	0.887234	0
	0.42	3.125e-05	0	0.887234	0
	0.421	2.5e-05	0	0.887114	0
	0.422	5e-05	0	0.887114	0
	0.423	1.25e-05	0	0.886049	0
	0.424	4.375e-05	0	0.886049	0
	0.425	3.75e-05	0	0.886994	0
	0.426	3.75e-05	0	0.886994	0
	0.427	1.25e-05	6.25e-06	0.886994	0
	0.428	5e-05	0	0.886994	0
	0.429	5e-05	0	0.886994	0
	0.43	5e-05	0	0.886994	0
	0.431	6.25e-05	0	0.88794	0
	0.432	3.125e-05	0	0.88794	0
	0.433	5.625e-05	0	0.88794	0
	0.434	4.375e-05	0	0.888889	0
	0.435	6.875e-05	0	0.888889	0
	0.436	4.375e-05	0	0.886752	0
	0.437	6.25e-05	0	0.886752	0
	0.438	8.75e-05	0	0.885684	0
	0.439	7.5e-05	6.25e-06	0.885684	0
	0.44	0.0001	1.25e-05	0.885684	0
	0.441	3.75e-05	0	0.884615	0
	0.442	0.0001375	1.25e-05	0.884615	0
	0.443	8.75e-05	0	0.884615	0
	0.444	0.0001375	1.25e-05	0.883547	0
	0.445	6.25e-05	1.875e-05	0.883547	0
	0.446	0.00015625	3.125e-05	0.883547	0
	0.447	0.000125	0	0.882479	0
	0.448	6.875e-05	1.25e-05	0.882479	0
	0.449	0.0001375	1.875e-05	0.882479	0
	0.45	0.0001125	3.75e-05	0.882479	0
	0.451	0.00013125	3.125e-05	0.882479	0
	0.452	0.000125	4.375e-05	0.88141	0
	0.453	0.00019375	5.625e-05	0.882353	0
	0.454	0.00015	2.5e-05	0.882353	0
	0.455	0.00020625	3.75e-05	0.882353	0
	0.456	0.00019375	8.125e-05	0.882353	0
	0.457	0.00021875	3.75e-05	0.882353	0
	0.458	0.000175	0.00011875	0.884244	0
	0.459	0.0002	0.000125	0.884244	0
	0.46	0.00024375	0.0001	0.884244	0
	0.461	0.00025	0.00010625	0.885193	0
	0.462	0.00026875	0.00011875	0.885193	0
	0.463	0.00031875	0.0001	0.886144	0
	0.464	0.00030625	0.0002375	0.886144	0
	0.465	0.00028125	0.00011875	0.883996	0
	0.466	0.00031875	0.000225	0.882922	0
	0.467	0.00038125	0.00028125	0.882922	0
	0.468	0.00039375	0.00030625	0.882922	0
	0.469	0.0003875	0.0003375	0.882922	0
	0.47	0.00046875	0.00034375	0.883871	0
	0.471	0.0004125	0.0003875	0.884822	0
	0.472	0.0003625	0.00044375	0.883746	0
	0.473	0.000475	0.0003625	0.884698	0
	0.474	0.0004125	0.00054375	0.885653	0
	0.475	0.00055	0.0006125	0.884574	0
	0.476	0.0005125	0.000625	0.886486	0
	0.477	0.00046875	0.0006625	0.887446	0
	0.478	0.000575	0.00075	0.887446	0
	0.479	0.00054375	0.000825	0.887324	0
	0.48	0.00063125	0.0008	0.887202	0
	0.481	0.0006375	0.000875	0.886117	0
	0.482	0.00056875	0.0009875	0.885993	0
	0.483	0.00064375	0.000825	0.880565	0
	0.484	0.00054375	0.0010125	0.880565	0
	0.485	0.00066875	0.0010375	0.880565	0
	0.486	0.0007625	0.001125	0.878393	0
	0.487	0.00051875	0.00104375	0.878261	0
	0.488	0.000775	0.0010125	0.879217	0
	0.489	0.00069375	0.0011	0.876906	0
	0.49	0.00060625	0.00110625	0.873638	0
	0.491	0.0006875	0.00116875	0.874591	0
	0.492	0.0006875	0.00110625	0.87541	0
	0.493	0.000725	0.0012375	0.875274	0
	0.494	0.00073125	0.00120625	0.875274	0
	0.495	0.00078125	0.0013625	0.875137	0
	0.496	0.00075	0.001225	0.875137	0
	0.497	0.00079375	0.00125	0.874042	0
	0.498	0.00100625	0.001225	0.872667	0
	0.499	0.000925	0.00115	0.871429	0
	0.5	0.00086875	0.0013625	0.872247	0
	0.501	0.000975	0.0011875	0.872106	0
	0.502	0.00084375	0.001275	0.871823	0
	0.503	0.00086875	0.00128125	0.872788	0
	0.504	0.00088125	0.001325	0.872788	0
	0.505	0.0009875	0.0011875	0.871681	0
	0.506	0.0009125	0.0013375	0.870432	0
	0.507	0.00089375	0.0012125	0.868217	0
	0.508	0.00095625	0.00119375	0.865854	0
	0.509	0.00085	0.001275	0.864745	0
	0.51	0.00080625	0.00130625	0.865705	0
	0.511	0.001075	0.0011375	0.865556	0
	0.512	0.00099375	0.001075	0.865406	0
	0.513	0.00085625	0.00116875	0.863029	0
	0.514	0.0008625	0.00116875	0.864955	0
	0.515	0.0008625	0.0012375	0.866741	0
	0.516	0.0010375	0.00125	0.865169	0
	0.517	0.00103125	0.001275	0.867117	0
	0.518	0.0011125	0.00110625	0.867797	0
	0.519	0.00095	0.00109375	0.865537	0
	0.52	0.00093125	0.0012625	0.866365	0
	0.521	0.00099375	0.00129375	0.865079	0
	0.522	0.00096875	0.0012	0.867045	0
	0.523	0.00090625	0.00128125	0.863481	0
	0.524	0.0010125	0.001325	0.864465	0
	0.525	0.001	0.00114375	0.866438	0
	0.526	0.00105625	0.001125	0.866286	0
	0.527	0.00096875	0.001075	0.866972	0
	0.528	0.001125	0.001325	0.864524	0
	0.529	0.00106875	0.0011	0.863061	0
	0.53	0.000825	0.00133125	0.862903	0
	0.531	0.0010125	0.00124375	0.864896	0
	0.532	0.00093125	0.001075	0.86474	0
	0.533	0.00085625	0.00121875	0.865585	0
	0.534	0.001025	0.00114375	0.864426	0
	0.535	0.00095625	0.00115625	0.867442	0
	0.536	0.0009	0.001275	0.864959	0
	0.537	0.0009375	0.0013625	0.866822	0
	0.538	0.00089375	0.00113125	0.867836	0
	0.539	0.000875	0.00121875	0.867681	0
	0.54	0.00096875	0.0013125	0.867681	0
	0.541	0.0009125	0.001375	0.871765	0
	0.542	0.00085625	0.00125	0.869412	0
	0.543	0.00090625	0.0012625	0.869412	0
	0.544	0.0009875	0.00134375	0.869258	0
	0.545	0.0009875	0.00135	0.866902	0
	0.546	0.0008625	0.0011875	0.868794	0
	0.547	0.000875	0.0012875	0.868794	0
	0.548	0.000875	0.00115	0.869668	0
	0.549	0.000925	0.00131875	0.867141	0
	0.55	0.00086875	0.00130625	0.864608	0
	0.551	0.00088125	0.001325	0.866667	0
	0.552	0.00086875	0.00108125	0.869773	0
	0.553	0.0008125	0.00120625	0.870659	0
	0.554	0.00099375	0.001225	0.873646	0
	0.555	0.00086875	0.00111875	0.872135	0
	0.556	0.00095625	0.00114375	0.875303	0
	0.557	0.000925	0.0012375	0.876364	0
	0.558	0.00065625	0.0012375	0.875	0
	0.559	0.0008125	0.00114375	0.876063	0
	0.56	0.00093125	0.00125	0.876979	0
	0.561	0.00089375	0.001175	0.878973	0
	0.562	0.0007625	0.00114375	0.877601	0
	0.563	0.000875	0.00111875	0.877451	0
	0.564	0.00083125	0.0010875	0.876225	0
	0.565	0.00088125	0.0012125	0.87362	0
	0.566	0.0006625	0.0012125	0.86855	0
	0.567	0.0007625	0.0012	0.867159	0
	0.568	0.0007875	0.0010875	0.866995	0
	0.569	0.0007375	0.0011875	0.869136	0
	0.57	0.0008	0.0012375	0.868812	0
	0.571	0.000825	0.0010625	0.866171	0
	0.572	0.00093125	0.0014	0.864932	0
	0.573	0.0007625	0.00136875	0.863524	0
	0.574	0.00080625	0.00115	0.861042	0
	0.575	0.0007375	0.0013	0.863184	0
	0.576	0.00078125	0.00125	0.86625	0
	0.577	0.00070625	0.00116875	0.868421	0
	0.578	0.0006625	0.001075	0.867001	0
	0.579	0.0007	0.00120625	0.865747	0
	0.58	0.00074375	0.0012	0.867925	0
	0.581	0.00076875	0.001425	0.86962	0
	0.582	0.00075	0.0012125	0.869289	0
	0.583	0.00089375	0.00123125	0.870229	0
	0.584	0.000775	0.00125	0.870064	0
	0.585	0.000775	0.00111875	0.870679	0
	0.586	0.00084375	0.0012	0.870679	0
	0.587	0.00080625	0.0013125	0.869063	0
	0.588	0.000925	0.00130625	0.863928	0
	0.589	0.00065625	0.00124375	0.863753	0
	0.59	0.00075	0.0011375	0.862468	0
	0.591	0.00075	0.00121875	0.864516	0
	0.592	0.00090625	0.00115625	0.864516	0
	0.593	0.0007	0.0010875	0.865633	0
	0.594	0.0008125	0.00130625	0.865459	0
	0.595	0.000825	0.00116875	0.86511	0
	0.596	0.00085	0.00116875	0.866234	0
	0.597	0.0008875	0.00130625	0.867188	0
	0.598	0.00076875	0.00109375	0.87287	0
	0.599	0.00071875	0.001325	0.869908	0
	0.6	0.00094375	0.00120625	0.8722	0
	0.601	0.00070625	0.0013375	0.875497	0
	0.602	0.00065625	0.00136875	0.874005	0
	0.603	0.0009	0.0011625	0.871353	0
	0.604	0.00065	0.0013125	0.87251	0
	0.605	0.00088125	0.00125625	0.871182	0
	0.606	0.00080625	0.00115	0.869681	0
	0.607	0.00084375	0.0011625	0.870494	0
	0.608	0.0010125	0.0011625	0.871658	0
	0.609	0.000825	0.00113125	0.871658	0
	0.61	0.00093125	0.00131875	0.871314	0
	0.611	0.00086875	0.00109375	0.869973	0
	0.612	0.00093125	0.00115625	0.868633	0
	0.613	0.00088125	0.00103125	0.869624	0
	0.614	0.00090625	0.0012	0.869448	0
	0.615	0.0008625	0.0012	0.869096	0
	0.616	0.00091875	0.00124375	0.867746	0
	0.617	0.0008875	0.00126875	0.866216	0
	0.618	0.00084375	0.001325	0.866216	0
	0.619	0.0008125	0.00114375	0.866035	0
	0.62	0.00095625	0.001275	0.864682	0
	0.621	0.00075	0.00134375	0.865854	0
	0.622	0.000775	0.0013	0.859079	0
	0.623	0.00085625	0.00118125	0.857724	0
	0.624	0.0009125	0.00120625	0.855014	0
	0.625	0.0009625	0.0013625	0.853659	0
	0.626	0.0009625	0.00125	0.852304	0
	0.627	0.00090625	0.0012625	0.85346	0
	0.628	0.0009125	0.00125625	0.85346	0
	0.629	0.0007625	0.00128125	0.850543	0
	0.63	0.000775	0.00145	0.850136	0
	0.631	0.00076875	0.00121875	0.847203	0
	0.632	0.0007	0.00125625	0.848153	0
	0.633	0.0008375	0.00115	0.847737	0
	0.634	0.00099375	0.00126875	0.846154	0
	0.635	0.0008625	0.00130625	0.848821	0
	0.636	0.00074375	0.00139375	0.851182	0
	0.637	0.0008125	0.001325	0.852162	0
	0.638	0.000725	0.00116875	0.850767	0
	0.639	0.0007625	0.001225	0.850559	0
	0.64	0.00081875	0.0012625	0.852941	0
	0.641	0.00074375	0.0010625	0.855337	0
	0.642	0.000725	0.0013125	0.853933	0
	0.643	0.00068125	0.00135	0.853727	0
	0.644	0.00068125	0.0012375	0.850914	0
	0.645	0.00093125	0.00123125	0.851904	0
	0.646	0.00065625	0.00134375	0.849083	0
	0.647	0.00074375	0.0011375	0.849083	0
	0.648	0.00064375	0.00135625	0.852691	0
	0.649	0.00076875	0.0011625	0.853485	0
	0.65	0.000725	0.00115	0.85064	0
	0.651	0.00066875	0.00140625	0.850427	0
	0.652	0.0008375	0.00124375	0.850427	0
	0.653	0.00068125	0.00124375	0.851641	0
	0.654	0.00085625	0.00124375	0.85	0
	0.655	0.00080625	0.0014375	0.853448	0
	0.656	0.0008375	0.00125625	0.853026	0
	0.657	0.00079375	0.00121875	0.853835	0
	0.658	0.0007625	0.00119375	0.853623	0
	0.659	0.0007375	0.0012375	0.854651	0
	0.66	0.0009125	0.0012625	0.85444	0
	0.661	0.00069375	0.0012625	0.851095	0
	0.662	0.00083125	0.001325	0.850877	0
	0.663	0.00078125	0.0013125	0.85044	0
	0.664	0.00088125	0.0010875	0.85	0
	0.665	0.00079375	0.001175	0.849779	0
	0.666	0.0009125	0.00120625	0.849558	0
	0.667	0.0007625	0.00123125	0.851852	0
	0.668	0.000975	0.00114375	0.851412	0
	0.669	0.000875	0.001275	0.850969	0
	0.67	0.00085625	0.00120625	0.852239	0
	0.671	0.0009125	0.00116875	0.851796	0
	0.672	0.000825	0.00115625	0.848802	0
	0.673	0.0009875	0.00121875	0.851351	0
	0.674	0.00086875	0.00119375	0.856495	0
	0.675	0.00065625	0.00134375	0.859091	0
	0.676	0.000925	0.0012375	0.860395	0
	0.677	0.0008875	0.001325	0.854325	0
	0.678	0.00080625	0.0012875	0.852359	0
	0.679	0.00088125	0.00121875	0.85061	0
	0.68	0.0008125	0.0011875	0.850382	0
	0.681	0.0008625	0.00128125	0.851682	0
	0.682	0.00085625	0.00138125	0.851455	0
	0.683	0.00088125	0.001175	0.846626	0
	0.684	0.0008875	0.00131875	0.847926	0
	0.685	0.00090625	0.00114375	0.849231	0
	0.686	0.00081875	0.0011	0.844615	0
	0.687	0.000925	0.001175	0.844615	0
	0.688	0.0007	0.001175	0.844376	0
	0.689	0.00093125	0.00134375	0.844136	0
	0.69	0.00090625	0.001325	0.846749	0
	0.691	0.00091875	0.00110625	0.847826	0
	0.692	0.00090625	0.00098125	0.846034	0
	0.693	0.00086875	0.00120625	0.842924	0
	0.694	0.00094375	0.00125625	0.842679	0
	0.695	0.00085625	0.001175	0.840874	0
	0.696	0.00084375	0.00125625	0.841941	0
	0.697	0.0007875	0.00128125	0.843014	0
	0.698	0.00090625	0.00114375	0.839874	0
	0.699	0.00084375	0.00118125	0.840945	0
	0.7	0.0008125	0.00124375	0.840945	0
	0.701	0.00093125	0.0013	0.837795	0
	0.702	0.0008875	0.0011625	0.838352	0
	0.703	0.00080625	0.0012375	0.836248	0
	0.704	0.00093125	0.00124375	0.83758	0
	0.705	0.00089375	0.00110625	0.840256	0
	0.706	0.0008875	0.0011625	0.839744	0
	0.707	0.00091875	0.0012	0.837881	0
	0.708	0.00086875	0.0011125	0.839228	0
	0.709	0.00076875	0.00114375	0.834138	0
	0.71	0.00096875	0.00115625	0.830372	0
	0.711	0.0008375	0.00130625	0.828756	0
	0.712	0.000925	0.00115	0.828479	0
	0.713	0.00085625	0.00111875	0.831974	0
	0.714	0.00079375	0.00145625	0.831424	0
	0.715	0.0007	0.00116875	0.834154	0
	0.716	0.00084375	0.00113125	0.83087	0
	0.717	0.00088125	0.0012	0.830033	0
	0.718	0.00069375	0.0011125	0.830033	0
	0.719	0.0007875	0.00118125	0.829752	0
	0.72	0.0008375	0.00100625	0.827815	0
	0.721	0.00088125	0.00116875	0.827529	0
	0.722	0.00071875	0.00106875	0.826955	0
	0.723	0.0008625	0.00115625	0.828333	0
	0.724	0.00089375	0.00116875	0.829716	0
	0.725	0.0010375	0.00131875	0.832496	0
	0.726	0.0009	0.0011	0.836425	0
	0.727	0.00075625	0.00118125	0.837563	0
	0.728	0.0009125	0.0011125	0.838435	0
	0.729	0.000875	0.00134375	0.841026	0
	0.73	0.0007125	0.0012625	0.840753	0
	0.731	0.0009375	0.0012875	0.84048	0
	0.732	0.0009	0.00120625	0.83705	0
	0.733	0.001	0.00120625	0.83705	0
	0.734	0.00093125	0.0012	0.831904	0
	0.735	0.0008375	0.00123125	0.833333	0
	0.736	0.00074375	0.00111875	0.834483	0
	0.737	0.00096875	0.00116875	0.82931	0
	0.738	0.0008	0.0010625	0.827586	0
	0.739	0.001	0.0012125	0.827288	0
	0.74	0.001	0.0010125	0.82699	0
	0.741	0.0007625	0.00114375	0.823529	0
	0.742	0.00095625	0.001225	0.821799	0
	0.743	0.00081875	0.00120625	0.83042	0
	0.744	0.0008	0.00105	0.83304	0
	0.745	0.00088125	0.00115	0.829225	0
	0.746	0.0009125	0.0012375	0.830088	0
	0.747	0.00109375	0.00114375	0.831261	0
	0.748	0.0008375	0.00125	0.831261	0
	0.749	0.00075625	0.0011875	0.834225	0
	0.75	0.0009375	0.0013	0.833631	0
	0.751	0.00095	0.00115	0.825853	0
	0.752	0.00084375	0.0012375	0.827338	0
	0.753	0.00095625	0.0011625	0.82554	0
	0.754	0.000975	0.001225	0.826715	0
	0.755	0.000875	0.0011375	0.830909	0
	0.756	0.00094375	0.00113125	0.825455	0
	0.757	0.00100625	0.0011625	0.826642	0
	0.758	0.00084375	0.00111875	0.822669	0
	0.759	0.0009	0.00099375	0.818681	0
	0.76	0.0008125	0.00121875	0.819853	0
	0.761	0.0008625	0.0010625	0.819853	0
	0.762	0.000825	0.00109375	0.819188	0
	0.763	0.00093125	0.00133125	0.815157	0
	0.764	0.0009125	0.00128125	0.816327	0
	0.765	0.00093125	0.00120625	0.814471	0
	0.766	0.0008375	0.0012125	0.812616	0
	0.767	0.0009125	0.0012875	0.80855	0
	0.768	0.0009625	0.00111875	0.809701	0
	0.769	0.00084375	0.0011	0.809346	0
	0.77	0.0008125	0.001125	0.810861	0
	0.771	0.00080625	0.001075	0.808989	0
	0.772	0.00090625	0.00110625	0.803002	0
	0.773	0.0008875	0.00113125	0.79925	0
	0.774	0.00094375	0.00099375	0.793233	0
	0.775	0.000825	0.001225	0.79434	0
	0.776	0.0009875	0.00114375	0.796964	0
	0.777	0.00096875	0.0012125	0.794677	0
	0.778	0.00105	0.00115	0.791985	0
	0.779	0.0010875	0.00091875	0.795019	0
	0.78	0.0009875	0.00104375	0.796545	0
	0.781	0.00094375	0.00128125	0.800774	0
	0.782	0.0009125	0.00106875	0.796117	0
	0.783	0.00115	0.00104375	0.794175	0
	0.784	0.00085	0.00106875	0.796477	0
	0.785	0.00106875	0.00109375	0.798039	0
	0.786	0.00095625	0.0012125	0.797244	0
	0.787	0.001075	0.0010875	0.79802	0
	0.788	0.00105	0.00103125	0.794059	0
	0.789	0.00110625	0.0010625	0.798805	0
	0.79	0.0010625	0.0011375	0.794411	0
	0.791	0.00106875	0.00098125	0.794	0
	0.792	0.0011375	0.00106875	0.791583	0
	0.793	0.00103125	0.00131875	0.794769	0
	0.794	0.0010375	0.00105	0.793939	0
	0.795	0.00095	0.00115	0.795132	0
	0.796	0.001	0.0008625	0.794715	0
	0.797	0.00103125	0.0009	0.795501	0
	0.798	0.00095625	0.0012125	0.793033	0
	0.799	0.00088125	0.00113125	0.792608	0
	0.8	0.0010125	0.00130625	0.793388	0
	0.801	0.000975	0.00124375	0.792961	0
	0.802	0.0010625	0.00109375	0.796258	0
	0.803	0.00113125	0.0011125	0.796258	0
	0.804	0.001075	0.00098125	0.797495	0
	0.805	0.00091875	0.001	0.796646	0
	0.806	0.0011125	0.0012125	0.790356	0
	0.807	0.00110625	0.00113125	0.789916	0
	0.808	0.00113125	0.00115625	0.791579	0
	0.809	0.0009375	0.00104375	0.785263	0
	0.81	0.00111875	0.00116875	0.790254	0
	0.811	0.00098125	0.00094375	0.785563	0
	0.812	0.00098125	0.001075	0.786325	0
	0.813	0.00110625	0.00108125	0.787554	0
	0.814	0.00109375	0.00098125	0.784946	0
	0.815	0.00103125	0.0008875	0.787879	0
	0.816	0.00096875	0.00106875	0.78308	0
	0.817	0.0010125	0.00099375	0.779476	0
	0.818	0.00095625	0.001125	0.778022	0
	0.819	0.00099375	0.0010125	0.774834	0
	0.82	0.00111875	0.00105625	0.772627	0
	0.821	0.00098125	0.00111875	0.773333	0
	0.822	0.00088125	0.0010625	0.774554	0
	0.823	0.00110625	0.00094375	0.774049	0
	0.824	0.0010875	0.0011	0.777528	0
	0.825	0.0009	0.00106875	0.786364	0
	0.826	0.000875	0.001075	0.784091	0
	0.827	0.0009875	0.00088125	0.781321	0
	0.828	0.0009375	0.0009875	0.781321	0
	0.829	0.00096875	0.00100625	0.780822	0
	0.83	0.0009625	0.00101875	0.78032	0
	0.831	0.0009625	0.0010125	0.771167	0
	0.832	0.00090625	0.0009875	0.772936	0
	0.833	0.00095625	0.00108125	0.764977	0
	0.834	0.001075	0.00095625	0.766204	0
	0.835	0.00105625	0.00105625	0.7669	0
	0.836	0.00086875	0.0010625	0.770492	0
	0.837	0.000975	0.000975	0.769953	0
	0.838	0.00099375	0.0011125	0.768868	0
	0.839	0.001	0.00100625	0.759434	0
	0.84	0.001	0.0010625	0.760664	0
	0.841	0.0010375	0.00086875	0.755344	0
	0.842	0.00113125	0.00095625	0.755344	0
	0.843	0.001125	0.001	0.754177	0
	0.844	0.00104375	0.0008875	0.7506	0
	0.845	0.0010375	0.0010375	0.753623	0
	0.846	0.00109375	0.0009	0.746377	0
	0.847	0.00105625	0.000925	0.739659	0
	0.848	0.0010125	0.00100625	0.746929	0
	0.849	0.00100625	0.0009625	0.747525	0
	0.85	0.0010875	0.00096875	0.746898	0
	0.851	0.0012875	0.00085625	0.74813	0
	0.852	0.00115625	0.00098125	0.749373	0
	0.853	0.00125625	0.00101875	0.75063	0
	0.854	0.00111875	0.0009375	0.756345	0
	0.855	0.00115	0.00094375	0.757653	0
	0.856	0.00128125	0.00095	0.760309	0
	0.857	0.00099375	0.00096875	0.757106	0
	0.858	0.00118125	0.00088125	0.756477	0
	0.859	0.00118125	0.0009375	0.748705	0
	0.86	0.00125625	0.0009125	0.748052	0
	0.861	0.001375	0.00093125	0.741514	0
	0.862	0.00109375	0.0009375	0.733681	0
	0.863	0.0011125	0.00095	0.726316	0
	0.864	0.0011375	0.000925	0.725594	0
	0.865	0.00125	0.00081875	0.728723	0
	0.866	0.0011	0.00094375	0.734584	0
	0.867	0.00126875	0.00105625	0.733871	0
	0.868	0.00111875	0.0007375	0.737838	0
	0.869	0.0012125	0.00093125	0.735135	0
	0.87	0.001225	0.00094375	0.731707	0
	0.871	0.0010125	0.00091875	0.73297	0
	0.872	0.00109375	0.00095625	0.73224	0
	0.873	0.0012875	0.00096875	0.735537	0
	0.874	0.00108125	0.00089375	0.731302	0
	0.875	0.00136875	0.00090625	0.729805	0
	0.876	0.00119375	0.000775	0.726257	0
	0.877	0.0011125	0.00084375	0.727528	0
	0.878	0.0012	0.0009375	0.721127	0
	0.879	0.00118125	0.00098125	0.726496	0
	0.88	0.00115625	0.00085625	0.732759	0
	0.881	0.00115625	0.0009	0.731214	0
	0.882	0.001075	0.0007625	0.735465	0
	0.883	0.00109375	0.001025	0.728863	0
	0.884	0.00121875	0.001	0.728863	0
	0.885	0.00106875	0.0008125	0.728614	0
	0.886	0.00095	0.00086875	0.72619	0
	0.887	0.001	0.00071875	0.727545	0
	0.888	0.00093125	0.0007	0.734139	0
	0.889	0.0010625	0.00078125	0.732523	0
	0.89	0.00110625	0.000925	0.735385	0
	0.891	0.001025	0.00084375	0.726154	0
	0.892	0.0011	0.00073125	0.73065	0
	0.893	0.00100625	0.0007	0.732087	0
	0.894	0.00105	0.00083125	0.734375	0
	0.895	0.00093125	0.0008	0.73817	0
	0.896	0.0012375	0.00078125	0.741214	0
	0.897	0.0010625	0.000875	0.738019	0
	0.898	0.00110625	0.0008125	0.727564	0
	0.899	0.00099375	0.0009125	0.729032	0
	0.9	0.00105	0.0007375	0.728155	0
	0.901	0.001	0.00084375	0.724919	0
	0.902	0.00098125	0.0007625	0.72459	0
	0.903	0.001075	0.0006	0.728477	0
	0.904	0.0010625	0.0008375	0.731544	0
	0.905	0.00109375	0.000825	0.726351	0
	0.906	0.0011375	0.0007375	0.726962	0
	0.907	0.00104375	0.0007	0.728522	0
	0.908	0.001125	0.0007875	0.729167	0
	0.909	0.00101875	0.0008625	0.724739	0
	0.91	0.00101875	0.00071875	0.728873	0
	0.911	0.001075	0.0006125	0.728873	0
	0.912	0.00113125	0.00065	0.728571	0
	0.913	0.0010875	0.00083125	0.733813	0
	0.914	0.001	0.00064375	0.733813	0
	0.915	0.00104375	0.0006875	0.735507	0
	0.916	0.00105	0.00079375	0.726277	0
	0.917	0.00104375	0.00075	0.717949	0
	0.918	0.00103125	0.00063125	0.716912	0
	0.919	0.00105625	0.000725	0.712177	0
	0.92	0.0011625	0.0007125	0.704797	0
	0.921	0.00093125	0.00079375	0.696629	0
	0.922	0.00099375	0.00078125	0.695489	0
	0.923	0.00105625	0.00059375	0.700758	0
	0.924	0.00125	0.00074375	0.703846	0
	0.925	0.001125	0.00076875	0.696498	0
	0.926	0.00120625	0.00069375	0.695312	0
	0.927	0.00130625	0.0006125	0.695652	0
	0.928	0.001175	0.000675	0.683794	0
	0.929	0.00121875	0.00058125	0.68	0
	0.93	0.00133125	0.000675	0.670683	0
	0.931	0.0011	0.000575	0.672065	0
	0.932	0.00115	0.00060625	0.665306	0
	0.933	0.0013125	0.0006	0.670782	0
	0.934	0.00126875	0.00065	0.673554	0
	0.935	0.00131875	0.0006	0.670833	0
	0.936	0.00139375	0.0006125	0.672269	0
	0.937	0.0015875	0.0005625	0.675105	0
	0.938	0.0013375	0.00063125	0.65678	0
	0.939	0.0013125	0.0005875	0.656652	0
	0.94	0.0014625	0.0005625	0.652361	0
	0.941	0.00148125	0.000625	0.645022	0
	0.942	0.00148125	0.00059375	0.640351	0
	0.943	0.00130625	0.00073125	0.634361	0
	0.944	0.001325	0.00054375	0.638393	0
	0.945	0.00151875	0.00055	0.636771	0
	0.946	0.0015	0.0005875	0.645455	0
	0.947	0.00140625	0.00051875	0.642202	0
	0.948	0.00135	0.0005625	0.654206	0
	0.949	0.00145	0.000575	0.649533	0
	0.95	0.00135	0.00050625	0.63981	0
	0.951	0.00126875	0.000575	0.647343	0
	0.952	0.001375	0.00043125	0.629268	0
	0.953	0.00115	0.0005625	0.622549	0
	0.954	0.00133125	0.00048125	0.623762	0
	0.955	0.00145625	0.00046875	0.631313	0
	0.956	0.00125	0.00043125	0.632124	0
	0.957	0.00149375	0.0004375	0.626943	0
	0.958	0.0013625	0.0005375	0.62766	0
	0.959	0.00121875	0.00053125	0.625	0
	0.96	0.0014125	0.00046875	0.628415	0
	0.961	0.00118125	0.0004	0.628415	0
	0.962	0.00131875	0.00048125	0.629834	0
	0.963	0.00141875	0.0005125	0.642045	0
	0.964	0.00138125	0.00035	0.626437	0
	0.965	0.001425	0.000425	0.617647	0
	0.966	0.00124375	0.00051875	0.609467	0
	0.967	0.00140625	0.00034375	0.60119	0
	0.968	0.0014125	0.000375	0.596386	0
	0.969	0.0015625	0.0003625	0.610063	0
	0.97	0.0014	0.0004	0.601266	0
	0.971	0.00134375	0.00033125	0.592357	0
	0.972	0.0013875	0.00033125	0.581699	0
	0.973	0.0013625	0.000325	0.582781	0
	0.974	0.0013	0.0003625	0.581081	0
	0.975	0.0015375	0.00030625	0.582192	0
	0.976	0.0015375	0.00040625	0.573427	0
	0.977	0.00153125	0.0002375	0.582734	0
	0.978	0.00163125	0.000275	0.586957	0
	0.979	0.00173125	0.0003125	0.578947	0
	0.98	0.0018625	0.00026875	0.575758	0
	0.981	0.00156875	0.000275	0.590551	0
	0.982	0.001675	0.00030625	0.585366	0
	0.983	0.001775	0.00023125	0.566667	0
	0.984	0.00159375	0.00024375	0.525424	0
	0.985	0.00184375	0.00025625	0.5	0
	0.986	0.0016125	0.00023125	0.495652	0
	0.987	0.00181875	0.00020625	0.486726	0
	0.988	0.00163125	0.00019375	0.431193	0
	0.989	0.002125	0.00025	0.407407	0
	0.99	0.00235625	0.00013125	0.394231	0
	0.991	0.0024875	0.000175	0.376238	0
	0.992	0.002875	0.0001625	0.357895	0
	0.993	0.00305	0.0001375	0.359551	0
	0.994	0.00323125	0.00015625	0.353659	0
	0.995	0.00329375	0.0001125	0.333333	0
	0.996	0.00346875	0.0001625	0.278481	0
	0.997	0.00345625	6.875e-05	0.246575	0
	0.998	0.00370625	7.5e-05	0.179104	0
	0.999	0.00561875	5.625e-05	0.118644	0
	1	0.0119437	2.5e-05	0.0638298	0


#	yrange	sparsity	# links	zeta	support at cross	fraction FP
	0	0.949375	1519	0.000352024	0.966	0.103291
	0.5	0.949375	1519	0.000352024	0.966	0.103291
