#	Frequencies and overlap
#	bins	MYC	shuffle	overlap_MYC	overlap_shuffle
	0	0.44465	0.462231	0.89485	0
	0.001	0	0	0.89485	0
	0.002	0	0	0.89485	0
	0.003	0	0	0.89485	0
	0.004	0	0	0.89485	0
	0.005	0	0	0.89485	0
	0.006	0	0	0.89485	0
	0.007	0	0	0.89485	0
	0.008	0	0	0.89485	0
	0.009	0	0	0.89485	0
	0.01	0	0	0.89485	0
	0.011	0	0	0.89485	0
	0.012	0	0	0.89485	0
	0.013	0	0	0.89485	0
	0.014	0	0	0.89485	0
	0.015	0	0	0.89485	0
	0.016	0	0	0.89485	0
	0.017	0	0	0.89485	0
	0.018	0	0	0.89485	0
	0.019	0	0	0.89485	0
	0.02	0	0	0.89485	0
	0.021	6.25e-06	0	0.89485	0
	0.022	6.25e-06	0	0.89485	0
	0.023	0	0	0.89485	0
	0.024	0	0	0.89485	0
	0.025	1.25e-05	0	0.89485	0
	0.026	1.25e-05	0	0.89485	0
	0.027	5e-05	0	0.89485	0
	0.028	2.5e-05	0	0.89485	0
	0.029	3.125e-05	0	0.89485	0
	0.03	4.375e-05	0	0.89485	0
	0.031	5.625e-05	0	0.89485	0
	0.032	3.75e-05	0	0.89485	0
	0.033	3.125e-05	0	0.89485	0
	0.034	3.75e-05	0	0.89485	0
	0.035	4.375e-05	0	0.89485	0
	0.036	2.5e-05	0	0.89485	0
	0.037	4.375e-05	0	0.89485	0
	0.038	1.875e-05	0	0.89485	0
	0.039	3.125e-05	0	0.89485	0
	0.04	1.25e-05	0	0.89485	0
	0.041	6.25e-06	0	0.89485	0
	0.042	6.25e-06	0	0.89485	0
	0.043	1.875e-05	0	0.89485	0
	0.044	1.875e-05	0	0.89485	0
	0.045	6.25e-06	0	0.89485	0
	0.046	0	0	0.89485	0
	0.047	0	0	0.89485	0
	0.048	0	0	0.89485	0
	0.049	0	0	0.89485	0
	0.05	6.25e-06	0	0.89485	0
	0.051	0	0	0.895811	0
	0.052	0	0	0.895811	0
	0.053	0	0	0.895811	0
	0.054	0	0	0.895811	0
	0.055	6.25e-06	0	0.895811	0
	0.056	0	0	0.895811	0
	0.057	0	0	0.895811	0
	0.058	0	0	0.895811	0
	0.059	1.25e-05	0	0.895811	0
	0.06	6.25e-06	0	0.896774	0
	0.061	6.25e-06	0	0.895699	0
	0.062	0	0	0.895699	0
	0.063	2.5e-05	0	0.895699	0
	0.064	2.5e-05	0	0.895699	0
	0.065	6.25e-06	0	0.895699	0
	0.066	6.25e-06	0	0.895699	0
	0.067	5e-05	0	0.895699	0
	0.068	3.125e-05	0	0.895699	0
	0.069	4.375e-05	0	0.895699	0
	0.07	2.5e-05	0	0.895699	0
	0.071	3.125e-05	0	0.895699	0
	0.072	6.25e-05	0	0.895699	0
	0.073	5.625e-05	0	0.894624	0
	0.074	5e-05	0	0.893548	0
	0.075	6.875e-05	0	0.893548	0
	0.076	5.625e-05	0	0.893548	0
	0.077	7.5e-05	0	0.892473	0
	0.078	5.625e-05	0	0.893434	0
	0.079	6.875e-05	0	0.893434	0
	0.08	9.375e-05	0	0.893434	0
	0.081	7.5e-05	0	0.893434	0
	0.082	0.0001	0	0.893434	0
	0.083	0.0001	0	0.893434	0
	0.084	8.125e-05	0	0.893434	0
	0.085	0.0001	0	0.893434	0
	0.086	8.75e-05	0	0.893434	0
	0.087	0.0001125	0	0.893434	0
	0.088	0.000125	0	0.893434	0
	0.089	0.0001	0	0.893434	0
	0.09	8.125e-05	0	0.892357	0
	0.091	0.00015625	0	0.892357	0
	0.092	0.00013125	0	0.892357	0
	0.093	0.0001375	0	0.892357	0
	0.094	0.0001125	0	0.891281	0
	0.095	0.00016875	0	0.891281	0
	0.096	8.125e-05	0	0.891281	0
	0.097	0.0001375	0	0.891281	0
	0.098	0.0001625	0	0.891281	0
	0.099	0.00014375	0	0.891281	0
	0.1	0.0001625	0	0.892241	0
	0.101	0.00015625	0	0.892241	0
	0.102	0.000175	0	0.892241	0
	0.103	0.00010625	0	0.892241	0
	0.104	0.00013125	0	0.892241	0
	0.105	0.0001125	0	0.892241	0
	0.106	0.00018125	0	0.892241	0
	0.107	7.5e-05	0	0.892241	0
	0.108	0.0001375	0	0.892241	0
	0.109	0.00010625	0	0.892241	0
	0.11	0.00014375	0	0.891164	0
	0.111	0.00010625	0	0.891164	0
	0.112	0.00011875	0	0.891164	0
	0.113	0.0001375	0	0.892125	0
	0.114	0.0001375	0	0.893089	0
	0.115	0.000125	0	0.894054	0
	0.116	0.0001125	0	0.894054	0
	0.117	7.5e-05	0	0.895022	0
	0.118	6.25e-05	0	0.895022	0
	0.119	9.375e-05	0	0.895991	0
	0.12	0.000125	0	0.894908	0
	0.121	4.375e-05	0	0.894908	0
	0.122	6.875e-05	0	0.894908	0
	0.123	0.00010625	0	0.894908	0
	0.124	0.000125	0	0.895879	0
	0.125	9.375e-05	0	0.895879	0
	0.126	0.0001125	0	0.895879	0
	0.127	5.625e-05	0	0.895879	0
	0.128	7.5e-05	0	0.895879	0
	0.129	0.0001125	0	0.895879	0
	0.13	0.0001125	0	0.895879	0
	0.131	6.25e-05	0	0.895879	0
	0.132	7.5e-05	0	0.895879	0
	0.133	0.0001125	0	0.895879	0
	0.134	8.75e-05	0	0.89468	0
	0.135	5.625e-05	0	0.89468	0
	0.136	4.375e-05	0	0.89468	0
	0.137	6.875e-05	0	0.89468	0
	0.138	6.875e-05	0	0.89468	0
	0.139	3.75e-05	0	0.894565	0
	0.14	3.75e-05	0	0.895539	0
	0.141	6.875e-05	0	0.895539	0
	0.142	3.75e-05	0	0.896514	0
	0.143	5e-05	0	0.896514	0
	0.144	3.125e-05	0	0.896514	0
	0.145	6.875e-05	6.25e-06	0.896514	0
	0.146	3.75e-05	6.25e-06	0.897492	0
	0.147	5.625e-05	0	0.897492	0
	0.148	6.25e-05	0	0.897492	0
	0.149	8.125e-05	0	0.897492	0
	0.15	6.25e-05	0	0.897492	0
	0.151	7.5e-05	0	0.897492	0
	0.152	0.0001	0	0.898472	0
	0.153	5.625e-05	0	0.899454	0
	0.154	8.75e-05	0	0.898361	0
	0.155	5e-05	0	0.898361	0
	0.156	0.0001	0	0.898361	0
	0.157	7.5e-05	6.25e-06	0.898361	0
	0.158	0.0001	0	0.899344	0
	0.159	8.75e-05	0	0.899344	0
	0.16	5e-05	0	0.899344	0
	0.161	8.75e-05	1.25e-05	0.897155	0
	0.162	8.125e-05	0	0.896061	0
	0.163	6.25e-05	6.25e-06	0.896061	0
	0.164	6.25e-05	6.25e-06	0.896061	0
	0.165	6.25e-05	6.25e-06	0.896061	0
	0.166	8.75e-05	0	0.896061	0
	0.167	9.375e-05	0	0.894967	0
	0.168	8.125e-05	0	0.894967	0
	0.169	0.0001	1.875e-05	0.895947	0
	0.17	0.000125	1.25e-05	0.895947	0
	0.171	6.25e-05	0	0.895947	0
	0.172	0.00014375	0	0.892662	0
	0.173	0.00010625	6.25e-06	0.891566	0
	0.174	9.375e-05	6.25e-06	0.891447	0
	0.175	0.00016875	1.25e-05	0.891447	0
	0.176	0.0001375	1.25e-05	0.891447	0
	0.177	0.0001375	6.25e-06	0.891447	0
	0.178	0.000175	6.25e-06	0.891447	0
	0.179	0.00015	6.25e-06	0.892426	0
	0.18	0.0001875	1.25e-05	0.892426	0
	0.181	0.00015	1.25e-05	0.891328	0
	0.182	0.00024375	6.25e-06	0.891328	0
	0.183	0.000125	1.25e-05	0.889133	0
	0.184	0.000175	1.25e-05	0.889133	0
	0.185	0.00019375	1.25e-05	0.889133	0
	0.186	0.0002375	2.5e-05	0.887912	0
	0.187	0.000225	6.25e-06	0.887912	0
	0.188	0.000275	1.875e-05	0.884615	0
	0.189	0.0001875	1.25e-05	0.883516	0
	0.19	0.00026875	3.75e-05	0.883516	0
	0.191	0.00023125	1.875e-05	0.882418	0
	0.192	0.0003125	1.25e-05	0.882418	0
	0.193	0.00030625	1.875e-05	0.882418	0
	0.194	0.00028125	1.25e-05	0.883388	0
	0.195	0.000275	1.25e-05	0.883388	0
	0.196	0.00031875	6.25e-06	0.883388	0
	0.197	0.0003	6.25e-06	0.883388	0
	0.198	0.00038125	1.875e-05	0.883388	0
	0.199	0.00020625	1.25e-05	0.884361	0
	0.2	0.00036875	3.125e-05	0.884361	0
	0.201	0.00033125	5e-05	0.88326	0
	0.202	0.000325	1.25e-05	0.88326	0
	0.203	0.00030625	5e-05	0.884234	0
	0.204	0.0001875	1.25e-05	0.88521	0
	0.205	0.0002875	2.5e-05	0.88521	0
	0.206	0.000275	3.75e-05	0.88521	0
	0.207	0.00036875	3.125e-05	0.884106	0
	0.208	0.0003375	2.5e-05	0.883002	0
	0.209	0.00028125	3.75e-05	0.88385	0
	0.21	0.0003625	3.125e-05	0.884828	0
	0.211	0.00030625	4.375e-05	0.883721	0
	0.212	0.000325	1.875e-05	0.883721	0
	0.213	0.0003	5e-05	0.882614	0
	0.214	0.000375	3.125e-05	0.882614	0
	0.215	0.0002875	3.75e-05	0.882614	0
	0.216	0.0002375	3.75e-05	0.882614	0
	0.217	0.00036875	5e-05	0.882614	0
	0.218	0.0003375	4.375e-05	0.882614	0
	0.219	0.00024375	8.125e-05	0.881506	0
	0.22	0.0002875	8.125e-05	0.880399	0
	0.221	0.0003	0.0001	0.879291	0
	0.222	0.00025625	3.75e-05	0.882222	0
	0.223	0.00034375	3.75e-05	0.883204	0
	0.224	0.0003125	3.75e-05	0.885173	0
	0.225	0.000325	6.875e-05	0.884058	0
	0.226	0.00023125	6.875e-05	0.884058	0
	0.227	0.000275	7.5e-05	0.884058	0
	0.228	0.0002375	4.375e-05	0.885045	0
	0.229	0.00028125	6.25e-05	0.886034	0
	0.23	0.00030625	7.5e-05	0.885906	0
	0.231	0.00030625	7.5e-05	0.884787	0
	0.232	0.000225	8.125e-05	0.884787	0
	0.233	0.00020625	5.625e-05	0.884787	0
	0.234	0.00033125	0.00011875	0.88255	0
	0.235	0.0002375	6.25e-05	0.884529	0
	0.236	0.0003	0.0001125	0.884529	0
	0.237	0.0002625	0.0001	0.884529	0
	0.238	0.000275	6.25e-05	0.883408	0
	0.239	0.00025	0.0001	0.88427	0
	0.24	0.0003	0.00018125	0.883146	0
	0.241	0.00025	0.0001125	0.884139	0
	0.242	0.00029375	0.0001	0.884139	0
	0.243	0.0002375	0.0001625	0.885135	0
	0.244	0.00020625	0.00010625	0.885135	0
	0.245	0.00024375	0.0001125	0.886133	0
	0.246	0.00024375	0.0001	0.887133	0
	0.247	0.00023125	0.0001125	0.887133	0
	0.248	0.00025	0.00013125	0.886005	0
	0.249	0.00023125	0.00014375	0.886005	0
	0.25	0.0002625	0.00014375	0.885876	0
	0.251	0.00025	0.0001375	0.887882	0
	0.252	0.00029375	0.00013125	0.885617	0
	0.253	0.0002875	0.00013125	0.884485	0
	0.254	0.00030625	0.0001375	0.883352	0
	0.255	0.0003625	0.00011875	0.884354	0
	0.256	0.00030625	6.875e-05	0.884354	0
	0.257	0.000325	0.0001375	0.884354	0
	0.258	0.00025625	0.00019375	0.88322	0
	0.259	0.00039375	0.00011875	0.88322	0
	0.26	0.00030625	0.00021875	0.885227	0
	0.261	0.00030625	0.00021875	0.884091	0
	0.262	0.0003375	0.00023125	0.882955	0
	0.263	0.00029375	0.00016875	0.882955	0
	0.264	0.000275	0.0002	0.884966	0
	0.265	0.0003125	0.000175	0.885975	0
	0.266	0.000325	0.00016875	0.884835	0
	0.267	0.00031875	0.000175	0.885845	0
	0.268	0.00035	0.0002	0.884703	0
	0.269	0.0003875	0.00028125	0.884703	0
	0.27	0.00038125	0.0002125	0.885714	0
	0.271	0.00040625	0.0002375	0.887743	0
	0.272	0.0003	0.0003125	0.887743	0
	0.273	0.0002875	0.0002875	0.887743	0
	0.274	0.00039375	0.0002125	0.887743	0
	0.275	0.00045625	0.00023125	0.887743	0
	0.276	0.0002875	0.0001875	0.887743	0
	0.277	0.0004125	0.000275	0.886598	0
	0.278	0.00035625	0.000275	0.885452	0
	0.279	0.00036875	0.00026875	0.885321	0
	0.28	0.00035625	0.0003375	0.886338	0
	0.281	0.00034375	0.0003125	0.885189	0
	0.282	0.00040625	0.00023125	0.882893	0
	0.283	0.00040625	0.0003375	0.884925	0
	0.284	0.00033125	0.0003875	0.885813	0
	0.285	0.00031875	0.00034375	0.886836	0
	0.286	0.00031875	0.0002375	0.886836	0
	0.287	0.00035	0.0003125	0.886836	0
	0.288	0.000475	0.000325	0.886836	0
	0.289	0.00045	0.00039375	0.886836	0
	0.29	0.00043125	0.00031875	0.887861	0
	0.291	0.0002375	0.0003375	0.888889	0
	0.292	0.0004	0.000375	0.888889	0
	0.293	0.00031875	0.000375	0.88876	0
	0.294	0.000425	0.0003	0.888631	0
	0.295	0.00035	0.00036875	0.887471	0
	0.296	0.000375	0.00034375	0.887471	0
	0.297	0.00039375	0.00045	0.886311	0
	0.298	0.00030625	0.00031875	0.885017	0
	0.299	0.00035	0.0004125	0.885017	0
	0.3	0.00033125	0.0004375	0.883856	0
	0.301	0.00036875	0.00038125	0.882695	0
	0.302	0.0004125	0.00038125	0.882558	0
	0.303	0.0002625	0.0004125	0.882421	0
	0.304	0.00039375	0.00033125	0.88345	0
	0.305	0.000325	0.0004125	0.884481	0
	0.306	0.0002875	0.000375	0.884481	0
	0.307	0.00030625	0.00043125	0.88538	0
	0.308	0.00034375	0.00046875	0.885246	0
	0.309	0.00035	0.00043125	0.886284	0
	0.31	0.00036875	0.00044375	0.887324	0
	0.311	0.00040625	0.0004625	0.888367	0
	0.312	0.0003375	0.0004	0.889412	0
	0.313	0.00034375	0.0004125	0.888235	0
	0.314	0.0003625	0.0005	0.888235	0
	0.315	0.0003375	0.0003875	0.888235	0
	0.316	0.00030625	0.00054375	0.884706	0
	0.317	0.000325	0.0005125	0.885748	0
	0.318	0.00053125	0.00041875	0.886659	0
	0.319	0.0003125	0.00053125	0.887707	0
	0.32	0.00034375	0.0006625	0.887707	0
	0.321	0.00034375	0.0005	0.888757	0
	0.322	0.00039375	0.000675	0.888757	0
	0.323	0.00034375	0.00053125	0.887574	0
	0.324	0.00030625	0.0005625	0.887441	0
	0.325	0.00035	0.00055625	0.888493	0
	0.326	0.00030625	0.00065625	0.887307	0
	0.327	0.00039375	0.00065	0.886121	0
	0.328	0.00035625	0.00056875	0.883749	0
	0.329	0.0003375	0.0005375	0.88361	0
	0.33	0.00045	0.00065	0.88361	0
	0.331	0.0003875	0.0006125	0.884386	0
	0.332	0.00041875	0.00061875	0.884386	0
	0.333	0.00043125	0.00049375	0.885167	0
	0.334	0.0004125	0.00064375	0.881579	0
	0.335	0.00036875	0.000575	0.880383	0
	0.336	0.00034375	0.00065625	0.883553	0
	0.337	0.00040625	0.00070625	0.881152	0
	0.338	0.000375	0.00086875	0.880866	0
	0.339	0.0003625	0.0006875	0.880866	0
	0.34	0.00030625	0.0007	0.879663	0
	0.341	0.00038125	0.0007375	0.878166	0
	0.342	0.00045625	0.000625	0.878166	0
	0.343	0.0004875	0.00073125	0.88029	0
	0.344	0.0003875	0.00060625	0.877576	0
	0.345	0.00045625	0.0008375	0.875152	0
	0.346	0.00046875	0.00083125	0.875152	0
	0.347	0.0006125	0.00075625	0.875152	0
	0.348	0.000475	0.000775	0.873939	0
	0.349	0.000525	0.00085625	0.873939	0
	0.35	0.00051875	0.00083125	0.872727	0
	0.351	0.000475	0.0007375	0.871515	0
	0.352	0.0006625	0.000775	0.870303	0
	0.353	0.00056875	0.00071875	0.869091	0
	0.354	0.00058125	0.0007375	0.870146	0
	0.355	0.00050625	0.0008875	0.872263	0
	0.356	0.00055	0.00081875	0.872263	0
	0.357	0.0006	0.000825	0.872263	0
	0.358	0.0005375	0.00081875	0.871046	0
	0.359	0.00058125	0.00073125	0.870732	0
	0.36	0.00055625	0.00095625	0.871795	0
	0.361	0.0006	0.0007875	0.871795	0
	0.362	0.00053125	0.00096875	0.870574	0
	0.363	0.00063125	0.00088125	0.872549	0
	0.364	0.0006	0.00085	0.872549	0
	0.365	0.0006375	0.000925	0.871324	0
	0.366	0.00049375	0.00095	0.871166	0
	0.367	0.00056875	0.00079375	0.871166	0
	0.368	0.00060625	0.00086875	0.872236	0
	0.369	0.00069375	0.00078125	0.871007	0
	0.37	0.00078125	0.00088125	0.870849	0
	0.371	0.000575	0.001125	0.871921	0
	0.372	0.0005625	0.0008625	0.87069	0
	0.373	0.00065625	0.0009	0.873918	0
	0.374	0.00056875	0.000875	0.875	0
	0.375	0.00071875	0.0008	0.875931	0
	0.376	0.0006875	0.00091875	0.875776	0
	0.377	0.000525	0.0009	0.874534	0
	0.378	0.000525	0.0008625	0.873292	0
	0.379	0.000675	0.00091875	0.873292	0
	0.38	0.00058125	0.000825	0.87205	0
	0.381	0.00055625	0.00103125	0.871731	0
	0.382	0.0006	0.00086875	0.870486	0
	0.383	0.00059375	0.00101875	0.86924	0
	0.384	0.00065625	0.00105625	0.870324	0
	0.385	0.00056875	0.0011	0.868914	0
	0.386	0.000575	0.00098125	0.8675	0
	0.387	0.00056875	0.00110625	0.865	0
	0.388	0.00055	0.00095625	0.865	0
	0.389	0.00055	0.00093125	0.866083	0
	0.39	0.00054375	0.00114375	0.863579	0
	0.391	0.0004375	0.00106875	0.865409	0
	0.392	0.00061875	0.00093125	0.865409	0
	0.393	0.00050625	0.001025	0.864151	0
	0.394	0.00056875	0.00099375	0.865239	0
	0.395	0.0005375	0.0010625	0.866162	0
	0.396	0.00056875	0.0011375	0.865823	0
	0.397	0.00045625	0.00115	0.865823	0
	0.398	0.00056875	0.00113125	0.865653	0
	0.399	0.0005125	0.00103125	0.865482	0
	0.4	0.0005875	0.001125	0.862944	0
	0.401	0.00045625	0.001125	0.861675	0
	0.402	0.00049375	0.0011	0.860229	0
	0.403	0.0005625	0.0009875	0.861146	0
	0.404	0.00053125	0.00116875	0.860969	0
	0.405	0.0004875	0.0010875	0.860614	0
	0.406	0.0005875	0.00103125	0.860435	0
	0.407	0.0005	0.00114375	0.862644	0
	0.408	0.0005375	0.00113125	0.860077	0
	0.409	0.00064375	0.00114375	0.859717	0
	0.41	0.0005625	0.0011	0.860465	0
	0.411	0.000675	0.0010375	0.860104	0
	0.412	0.00065625	0.0011125	0.858625	0
	0.413	0.00056875	0.00113125	0.857143	0
	0.414	0.0006125	0.001125	0.858257	0
	0.415	0.0005	0.00120625	0.859375	0
	0.416	0.00054375	0.00124375	0.860495	0
	0.417	0.0007375	0.00128125	0.860313	0
	0.418	0.0006	0.00103125	0.860131	0
	0.419	0.000675	0.00096875	0.858824	0
	0.42	0.00061875	0.00106875	0.858824	0
	0.421	0.00055625	0.0010125	0.858639	0
	0.422	0.0006	0.00118125	0.859396	0
	0.423	0.0006875	0.00115	0.860343	0
	0.424	0.00064375	0.00099375	0.861478	0
	0.425	0.000675	0.0011125	0.864901	0
	0.426	0.00071875	0.001225	0.863395	0
	0.427	0.0006375	0.00130625	0.865691	0
	0.428	0.00064375	0.001175	0.864362	0
	0.429	0.000725	0.00124375	0.861518	0
	0.43	0.00055	0.001025	0.861518	0
	0.431	0.00069375	0.00118125	0.862483	0
	0.432	0.00073125	0.0012125	0.858478	0
	0.433	0.0008625	0.00108125	0.855422	0
	0.434	0.00071875	0.0010625	0.857718	0
	0.435	0.000675	0.00116875	0.856376	0
	0.436	0.000675	0.0011	0.855034	0
	0.437	0.00075	0.00115	0.853691	0
	0.438	0.00084375	0.00106875	0.852151	0
	0.439	0.0007	0.00115625	0.849462	0
	0.44	0.00074375	0.00106875	0.850606	0
	0.441	0.00081875	0.00118125	0.847709	0
	0.442	0.00075625	0.00115	0.848853	0
	0.443	0.00085625	0.0011125	0.847503	0
	0.444	0.0008125	0.00108125	0.844804	0
	0.445	0.000875	0.0012375	0.848033	0
	0.446	0.000725	0.00121875	0.843962	0
	0.447	0.0009	0.0011	0.84375	0
	0.448	0.00080625	0.00125625	0.84375	0
	0.449	0.00081875	0.00116875	0.84375	0
	0.45	0.0007875	0.00125625	0.842391	0
	0.451	0.0008625	0.00128125	0.839674	0
	0.452	0.0009	0.0011	0.840816	0
	0.453	0.0008375	0.00114375	0.843111	0
	0.454	0.00068125	0.0010625	0.842896	0
	0.455	0.00073125	0.0011875	0.842896	0
	0.456	0.00084375	0.0013	0.842896	0
	0.457	0.0009375	0.00108125	0.844049	0
	0.458	0.00083125	0.001175	0.84225	0
	0.459	0.0008375	0.00125	0.844567	0
	0.46	0.0009125	0.00118125	0.846685	0
	0.461	0.00080625	0.00111875	0.848821	0
	0.462	0.000925	0.00119375	0.847434	0
	0.463	0.00086875	0.001125	0.847434	0
	0.464	0.00093125	0.00115	0.844011	0
	0.465	0.00090625	0.00123125	0.843794	0
	0.466	0.000775	0.00120625	0.841958	0
	0.467	0.0009375	0.0012375	0.841737	0
	0.468	0.00096875	0.00118125	0.840112	0
	0.469	0.00071875	0.00113125	0.838483	0
	0.47	0.00075	0.001325	0.835674	0
	0.471	0.0008375	0.00116875	0.83685	0
	0.472	0.00090625	0.00120625	0.833803	0
	0.473	0.00100625	0.0011125	0.835926	0
	0.474	0.00071875	0.0011125	0.838298	0
	0.475	0.00083125	0.0010875	0.836879	0
	0.476	0.00079375	0.00100625	0.836879	0
	0.477	0.00096875	0.00098125	0.835461	0
	0.478	0.00099375	0.00114375	0.835227	0
	0.479	0.000875	0.00114375	0.833096	0
	0.48	0.00095625	0.0012375	0.834286	0
	0.481	0.00078125	0.0011125	0.832857	0
	0.482	0.0008	0.00106875	0.834049	0
	0.483	0.00085	0.001175	0.833811	0
	0.484	0.00089375	0.00115	0.836705	0
	0.485	0.00099375	0.001175	0.833575	0
	0.486	0.00086875	0.00110625	0.830435	0
	0.487	0.00105	0.00121875	0.832606	0
	0.488	0.00079375	0.00108125	0.833577	0
	0.489	0.00101875	0.001075	0.834553	0
	0.49	0.0009875	0.00110625	0.837004	0
	0.491	0.0011125	0.001025	0.835294	0
	0.492	0.0008625	0.00116875	0.830882	0
	0.493	0.00091875	0.00099375	0.828909	0
	0.494	0.00091875	0.00106875	0.828909	0
	0.495	0.0009625	0.00114375	0.828402	0
	0.496	0.000925	0.00106875	0.828148	0
	0.497	0.00095625	0.00109375	0.826409	0
	0.498	0.00089375	0.00128125	0.826152	0
	0.499	0.00100625	0.00116875	0.827381	0
	0.5	0.001	0.0009625	0.825893	0
	0.501	0.00089375	0.00118125	0.828358	0
	0.502	0.0010125	0.00106875	0.828358	0
	0.503	0.00080625	0.00118125	0.830838	0
	0.504	0.0009375	0.00116875	0.833083	0
	0.505	0.00095	0.00123125	0.832579	0
	0.506	0.00081875	0.0011	0.831071	0
	0.507	0.0010875	0.0011125	0.83308	0
	0.508	0.00094375	0.001225	0.834094	0
	0.509	0.0010375	0.00116875	0.829528	0
	0.51	0.00093125	0.0011125	0.832061	0
	0.511	0.00088125	0.00104375	0.831547	0
	0.512	0.0008	0.0011375	0.832822	0
	0.513	0.0009875	0.00119375	0.828221	0
	0.514	0.00083125	0.0011625	0.827957	0
	0.515	0.00085	0.0012875	0.83179	0
	0.516	0.00079375	0.00116875	0.83179	0
	0.517	0.00073125	0.0010875	0.832817	0
	0.518	0.00075	0.00113125	0.833851	0
	0.519	0.00088125	0.00101875	0.833851	0
	0.52	0.0008	0.0011625	0.834633	0
	0.521	0.00084375	0.00091875	0.835681	0
	0.522	0.00076875	0.00126875	0.838305	0
	0.523	0.00094375	0.00103125	0.837795	0
	0.524	0.0007875	0.00096875	0.835962	0
	0.525	0.00085	0.001	0.837025	0
	0.526	0.00075625	0.00110625	0.835182	0
	0.527	0.00076875	0.0011	0.833597	0
	0.528	0.00089375	0.0011375	0.834921	0
	0.529	0.0007625	0.00105	0.834658	0
	0.53	0.00068125	0.00106875	0.832803	0
	0.531	0.00079375	0.00109375	0.8352	0
	0.532	0.0007875	0.0011125	0.839228	0
	0.533	0.0005875	0.00098125	0.840323	0
	0.534	0.0006625	0.00108125	0.837097	0
	0.535	0.0007	0.00113125	0.833603	0
	0.536	0.0007625	0.00106875	0.834684	0
	0.537	0.0007125	0.001125	0.831169	0
	0.538	0.00076875	0.00093125	0.829268	0
	0.539	0.0009125	0.00101875	0.831974	0
	0.54	0.000625	0.00125	0.831148	0
	0.541	0.0007875	0.0010875	0.832512	0
	0.542	0.00076875	0.00105625	0.833333	0
	0.543	0.0007125	0.00125625	0.831405	0
	0.544	0.0007125	0.00101875	0.832781	0
	0.545	0.0007	0.00128125	0.836938	0
	0.546	0.00080625	0.00098125	0.838333	0
	0.547	0.0007375	0.00109375	0.840604	0
	0.548	0.0007375	0.00104375	0.840336	0
	0.549	0.0007125	0.00105625	0.84317	0
	0.55	0.00060625	0.00114375	0.842905	0
	0.551	0.00065625	0.0010375	0.842373	0
	0.552	0.00085	0.001	0.838983	0
	0.553	0.00066875	0.0008875	0.840407	0
	0.554	0.00068125	0.0009125	0.840136	0
	0.555	0.0007375	0.0011125	0.843003	0
	0.556	0.0008125	0.00115625	0.841026	0
	0.557	0.00081875	0.0012375	0.840753	0
	0.558	0.00079375	0.001125	0.84048	0
	0.559	0.00074375	0.001125	0.843103	0
	0.56	0.000675	0.00093125	0.843103	0
	0.561	0.00075	0.0009125	0.839655	0
	0.562	0.00079375	0.0009875	0.839378	0
	0.563	0.00073125	0.00104375	0.842288	0
	0.564	0.000775	0.0010125	0.840555	0
	0.565	0.00079375	0.00105	0.840278	0
	0.566	0.00076875	0.00085	0.838542	0
	0.567	0.000775	0.00099375	0.838261	0
	0.568	0.00075625	0.00099375	0.836522	0
	0.569	0.00074375	0.001025	0.834783	0
	0.57	0.00060625	0.00096875	0.835951	0
	0.571	0.00074375	0.0009875	0.837413	0
	0.572	0.0007875	0.0011125	0.838596	0
	0.573	0.0007625	0.00108125	0.844523	0
	0.574	0.00083125	0.00100625	0.845745	0
	0.575	0.0007875	0.00114375	0.847247	0
	0.576	0.0006875	0.00105625	0.846975	0
	0.577	0.00079375	0.001125	0.85	0
	0.578	0.0006875	0.00113125	0.848214	0
	0.579	0.00063125	0.0009625	0.848214	0
	0.58	0.0008875	0.00103125	0.847943	0
	0.581	0.00079375	0.0010125	0.850719	0
	0.582	0.0009	0.001125	0.852252	0
	0.583	0.0006625	0.001	0.853261	0
	0.584	0.0007	0.0009875	0.849365	0
	0.585	0.00058125	0.00109375	0.849091	0
	0.586	0.000725	0.00093125	0.850365	0
	0.587	0.000675	0.00104375	0.850091	0
	0.588	0.00069375	0.00098125	0.850091	0
	0.589	0.000775	0.001075	0.849817	0
	0.59	0.000625	0.0010625	0.844037	0
	0.591	0.0007875	0.001125	0.84375	0
	0.592	0.00060625	0.00106875	0.841912	0
	0.593	0.00065625	0.00093125	0.841621	0
	0.594	0.0005375	0.00088125	0.842884	0
	0.595	0.00061875	0.00105	0.842884	0
	0.596	0.000575	0.0010125	0.844444	0
	0.597	0.00066875	0.00100625	0.845725	0
	0.598	0.00066875	0.00099375	0.841713	0
	0.599	0.00064375	0.00091875	0.843284	0
	0.6	0.00060625	0.00110625	0.841418	0
	0.601	0.00068125	0.00101875	0.844569	0
	0.602	0.0005625	0.0010625	0.842697	0
	0.603	0.00051875	0.00084375	0.840824	0
	0.604	0.0006375	0.0008375	0.842105	0
	0.605	0.0005125	0.00091875	0.840226	0
	0.606	0.00051875	0.00089375	0.838346	0
	0.607	0.0005875	0.00094375	0.838041	0
	0.608	0.00045625	0.0009375	0.832392	0
	0.609	0.00046875	0.00095625	0.830508	0
	0.61	0.00069375	0.00108125	0.830189	0
	0.611	0.0005	0.0010375	0.832381	0
	0.612	0.0005125	0.0010375	0.832061	0
	0.613	0.00053125	0.0009875	0.83174	0
	0.614	0.0006125	0.00108125	0.833013	0
	0.615	0.0006125	0.0009625	0.830769	0
	0.616	0.0005	0.001	0.831721	0
	0.617	0.000575	0.0009125	0.834951	0
	0.618	0.00065	0.00094375	0.833659	0
	0.619	0.00055625	0.00091875	0.836935	0
	0.62	0.0005875	0.000875	0.838264	0
	0.621	0.00053125	0.0009875	0.835968	0
	0.622	0.0005625	0.00103125	0.833992	0
	0.623	0.00055625	0.00095625	0.835317	0
	0.624	0.00064375	0.000875	0.840319	0
	0.625	0.0006	0.001075	0.838	0
	0.626	0.00055625	0.0010125	0.838	0
	0.627	0.00055	0.000825	0.836	0
	0.628	0.0005625	0.00100625	0.836	0
	0.629	0.0006625	0.0009625	0.836	0
	0.63	0.0007	0.000975	0.835341	0
	0.631	0.00065	0.000975	0.836364	0
	0.632	0.00068125	0.00094375	0.836032	0
	0.633	0.00066875	0.0009375	0.834008	0
	0.634	0.00071875	0.00086875	0.8357	0
	0.635	0.0008125	0.001075	0.831643	0
	0.636	0.0005875	0.00091875	0.829268	0
	0.637	0.0006625	0.0008875	0.825203	0
	0.638	0.0006875	0.00080625	0.828221	0
	0.639	0.00084375	0.00080625	0.831622	0
	0.64	0.000675	0.001025	0.834711	0
	0.641	0.0007	0.00095625	0.834711	0
	0.642	0.0007375	0.0009875	0.8361	0
	0.643	0.00078125	0.00094375	0.83195	0
	0.644	0.0007	0.00090625	0.829876	0
	0.645	0.0007125	0.001075	0.827443	0
	0.646	0.00085	0.00088125	0.829167	0
	0.647	0.0007625	0.00083125	0.829167	0
	0.648	0.00066875	0.00093125	0.830898	0
	0.649	0.0007625	0.000875	0.82881	0
	0.65	0.0007375	0.0010625	0.830544	0
	0.651	0.0008125	0.0009125	0.831933	0
	0.652	0.00064375	0.00083125	0.831224	0
	0.653	0.0007625	0.00084375	0.831224	0
	0.654	0.00083125	0.0010875	0.831224	0
	0.655	0.00084375	0.00109375	0.822785	0
	0.656	0.00081875	0.0009875	0.824524	0
	0.657	0.00065625	0.00084375	0.82241	0
	0.658	0.000725	0.00095	0.820296	0
	0.659	0.00069375	0.00090625	0.82516	0
	0.66	0.00071875	0.00085625	0.823028	0
	0.661	0.00066875	0.00090625	0.818763	0
	0.662	0.0008	0.000875	0.818376	0
	0.663	0.00088125	0.00094375	0.815846	0
	0.664	0.00080625	0.00081875	0.817597	0
	0.665	0.00078125	0.00088125	0.817597	0
	0.666	0.00078125	0.00075	0.821121	0
	0.667	0.00075625	0.000875	0.818575	0
	0.668	0.00069375	0.0010375	0.816017	0
	0.669	0.00069375	0.00083125	0.819172	0
	0.67	0.00055	0.00091875	0.816993	0
	0.671	0.0007625	0.00084375	0.816594	0
	0.672	0.0006	0.00088125	0.810044	0
	0.673	0.000675	0.00084375	0.811404	0
	0.674	0.0008125	0.0009	0.812775	0
	0.675	0.000675	0.0008625	0.812362	0
	0.676	0.00065625	0.0008875	0.810155	0
	0.677	0.00059375	0.0009375	0.811947	0
	0.678	0.0007375	0.00085625	0.809735	0
	0.679	0.00066875	0.0009125	0.809735	0
	0.68	0.00064375	0.0009125	0.8125	0
	0.681	0.000725	0.00085625	0.808036	0
	0.682	0.0007625	0.00085	0.807175	0
	0.683	0.00060625	0.00085625	0.812641	0
	0.684	0.00063125	0.0009375	0.812217	0
	0.685	0.0006625	0.00079375	0.807692	0
	0.686	0.000625	0.00088125	0.803167	0
	0.687	0.0006	0.0008875	0.804545	0
	0.688	0.0006875	0.0009375	0.808219	0
	0.689	0.00061875	0.0008	0.811927	0
	0.69	0.000675	0.00076875	0.809195	0
	0.691	0.00065	0.00083125	0.810624	0
	0.692	0.0007875	0.00071875	0.809745	0
	0.693	0.00065625	0.00080625	0.809302	0
	0.694	0.00075	0.00081875	0.811189	0
	0.695	0.000775	0.00093125	0.813084	0
	0.696	0.00059375	0.0009	0.810304	0
	0.697	0.000625	0.0009125	0.805621	0
	0.698	0.00060625	0.0008875	0.805164	0
	0.699	0.000675	0.00093125	0.801887	0
	0.7	0.00064375	0.0008625	0.799054	0
	0.701	0.00080625	0.00075625	0.799054	0
	0.702	0.000575	0.0006875	0.800948	0
	0.703	0.0007875	0.00075	0.80285	0
	0.704	0.0006375	0.00075625	0.804762	0
	0.705	0.00076875	0.00085625	0.8	0
	0.706	0.0007125	0.00091875	0.797619	0
	0.707	0.00064375	0.00083125	0.798561	0
	0.708	0.00088125	0.00090625	0.795673	0
	0.709	0.00066875	0.00065625	0.797101	0
	0.71	0.0006125	0.000825	0.794189	0
	0.711	0.0007625	0.0007375	0.794189	0
	0.712	0.0008	0.0007625	0.793187	0
	0.713	0.00061875	0.0008125	0.798526	0
	0.714	0.00069375	0.0007125	0.79803	0
	0.715	0.000775	0.00085625	0.799007	0
	0.716	0.00069375	0.00096875	0.800995	0
	0.717	0.0007	0.00063125	0.798005	0
	0.718	0.0007875	0.0007	0.7975	0
	0.719	0.0006875	0.00081875	0.7975	0
	0.72	0.0007875	0.00068125	0.795	0
	0.721	0.0007125	0.0007375	0.796482	0
	0.722	0.0006375	0.0007625	0.793451	0
	0.723	0.000725	0.0008375	0.795455	0
	0.724	0.000675	0.0006625	0.799492	0
	0.725	0.00076875	0.0008375	0.796954	0
	0.726	0.000825	0.00085	0.791349	0
	0.727	0.00075625	0.00075625	0.791349	0
	0.728	0.00074375	0.0008125	0.790816	0
	0.729	0.0008	0.0008	0.788265	0
	0.73	0.00074375	0.000825	0.787724	0
	0.731	0.00076875	0.0007625	0.787724	0
	0.732	0.0007875	0.00061875	0.787179	0
	0.733	0.0006625	0.0006875	0.786632	0
	0.734	0.0006875	0.0007375	0.790698	0
	0.735	0.0006625	0.00068125	0.792746	0
	0.736	0.0007	0.000675	0.791667	0
	0.737	0.0006375	0.0006375	0.790576	0
	0.738	0.00070625	0.0008125	0.792651	0
	0.739	0.000775	0.000625	0.782152	0
	0.74	0.00068125	0.0009	0.778947	0
	0.741	0.0007125	0.00080625	0.783069	0
	0.742	0.0007875	0.00088125	0.779841	0
	0.743	0.0006875	0.000675	0.784	0
	0.744	0.0006625	0.00069375	0.783422	0
	0.745	0.00080625	0.000675	0.786486	0
	0.746	0.0005375	0.00070625	0.785908	0
	0.747	0.0007625	0.0006625	0.785908	0
	0.748	0.00073125	0.000725	0.785326	0
	0.749	0.00070625	0.00070625	0.784741	0
	0.75	0.00066875	0.00068125	0.782967	0
	0.751	0.0008	0.000775	0.785124	0
	0.752	0.00078125	0.00075625	0.791667	0
	0.753	0.000675	0.00059375	0.791086	0
	0.754	0.00070625	0.00059375	0.787709	0
	0.755	0.00068125	0.00069375	0.782123	0
	0.756	0.0007375	0.00079375	0.778711	0
	0.757	0.00060625	0.00063125	0.77591	0
	0.758	0.00075	0.00071875	0.77591	0
	0.759	0.00080625	0.00073125	0.78187	0
	0.76	0.0006375	0.00061875	0.786325	0
	0.761	0.000775	0.00066875	0.782235	0
	0.762	0.000675	0.000725	0.783862	0
	0.763	0.00063125	0.000675	0.786127	0
	0.764	0.00065	0.00065	0.782609	0
	0.765	0.0006125	0.00073125	0.782609	0
	0.766	0.00064375	0.00068125	0.77971	0
	0.767	0.00058125	0.0007625	0.77907	0
	0.768	0.00065625	0.0006875	0.776163	0
	0.769	0.00075	0.00064375	0.773256	0
	0.77	0.00071875	0.000675	0.769006	0
	0.771	0.00079375	0.0008	0.769006	0
	0.772	0.00071875	0.00066875	0.770588	0
	0.773	0.00073125	0.000625	0.766962	0
	0.774	0.00076875	0.0006125	0.761062	0
	0.775	0.0007	0.000675	0.764179	0
	0.776	0.00074375	0.00064375	0.766467	0
	0.777	0.00084375	0.0007875	0.766467	0
	0.778	0.00068125	0.00066875	0.768072	0
	0.779	0.0006125	0.0006625	0.76506	0
	0.78	0.00088125	0.00058125	0.767372	0
	0.781	0.00076875	0.00064375	0.765244	0
	0.782	0.00068125	0.0005375	0.759146	0
	0.783	0.00079375	0.0006	0.757669	0
	0.784	0.0006625	0.00055625	0.76	0
	0.785	0.0008875	0.0006	0.759259	0
	0.786	0.00081875	0.00061875	0.756173	0
	0.787	0.00076875	0.00055625	0.76324	0
	0.788	0.00076875	0.00050625	0.77044	0
	0.789	0.00086875	0.0006	0.77044	0
	0.79	0.0006875	0.00061875	0.766562	0
	0.791	0.00076875	0.00065	0.763407	0
	0.792	0.0007875	0.00053125	0.750789	0
	0.793	0.00081875	0.0006375	0.75	0
	0.794	0.00069375	0.00063125	0.744409	0
	0.795	0.0007	0.00056875	0.745981	0
	0.796	0.00070625	0.0006375	0.753247	0
	0.797	0.00081875	0.0006125	0.746753	0
	0.798	0.00065	0.00055625	0.749186	0
	0.799	0.00074375	0.0007	0.75082	0
	0.8	0.00075	0.00061875	0.744262	0
	0.801	0.0007	0.00055625	0.740132	0
	0.802	0.0006625	0.00048125	0.739274	0
	0.803	0.0006375	0.00056875	0.744186	0
	0.804	0.0007125	0.0005375	0.744186	0
	0.805	0.0008125	0.00068125	0.740864	0
	0.806	0.000675	0.00063125	0.737542	0
	0.807	0.0007875	0.00050625	0.737542	0
	0.808	0.0008	0.00058125	0.749153	0
	0.809	0.00075	0.00069375	0.750853	0
	0.81	0.00078125	0.0006625	0.753425	0
	0.811	0.00069375	0.00056875	0.756014	0
	0.812	0.0007875	0.0005875	0.749141	0
	0.813	0.00065625	0.0006875	0.756944	0
	0.814	0.0008	0.000575	0.756098	0
	0.815	0.00069375	0.00065	0.760563	0
	0.816	0.0007625	0.00053125	0.757042	0
	0.817	0.00069375	0.00065	0.756184	0
	0.818	0.0006875	0.00061875	0.748227	0
	0.819	0.0006875	0.000475	0.746429	0
	0.82	0.00085625	0.00053125	0.754513	0
	0.821	0.00083125	0.00053125	0.75	0
	0.822	0.000725	0.00045625	0.742754	0
	0.823	0.00083125	0.0006	0.742754	0
	0.824	0.00078125	0.00051875	0.73913	0
	0.825	0.000775	0.00044375	0.73913	0
	0.826	0.0008	0.00045625	0.73913	0
	0.827	0.00081875	0.00055625	0.735507	0
	0.828	0.00083125	0.0004375	0.737226	0
	0.829	0.000775	0.00051875	0.748148	0
	0.83	0.00069375	0.0005	0.737037	0
	0.831	0.0007625	0.0004125	0.732342	0
	0.832	0.00071875	0.00043125	0.731343	0
	0.833	0.00075	0.00054375	0.742424	0
	0.834	0.00074375	0.000475	0.744275	0
	0.835	0.00076875	0.000525	0.735632	0
	0.836	0.00068125	0.000525	0.741313	0
	0.837	0.000825	0.0005125	0.74031	0
	0.838	0.00073125	0.0005	0.746094	0
	0.839	0.00081875	0.00043125	0.742188	0
	0.84	0.00080625	0.00053125	0.742188	0
	0.841	0.0008	0.00044375	0.747036	0
	0.842	0.00055	0.00054375	0.743083	0
	0.843	0.00061875	0.00045625	0.73913	0
	0.844	0.00076875	0.00045625	0.73913	0
	0.845	0.00079375	0.0005	0.73494	0
	0.846	0.0006125	0.000475	0.732794	0
	0.847	0.00069375	0.00055	0.734694	0
	0.848	0.00061875	0.0005125	0.729508	0
	0.849	0.00066875	0.000475	0.735537	0
	0.85	0.0008625	0.00036875	0.738589	0
	0.851	0.00071875	0.00049375	0.736402	0
	0.852	0.0006	0.000425	0.735294	0
	0.853	0.00068125	0.0004375	0.726891	0
	0.854	0.00065625	0.00035	0.722689	0
	0.855	0.00070625	0.00046875	0.718487	0
	0.856	0.00055625	0.00049375	0.721519	0
	0.857	0.0006	0.0004125	0.719149	0
	0.858	0.00076875	0.0004625	0.722222	0
	0.859	0.000725	0.00046875	0.731602	0
	0.86	0.00073125	0.00045625	0.737991	0
	0.861	0.00064375	0.00045	0.740088	0
	0.862	0.00064375	0.0004125	0.735683	0
	0.863	0.0006	0.0004	0.738938	0
	0.864	0.00060625	0.00051875	0.744395	0
	0.865	0.00066875	0.000425	0.738739	0
	0.866	0.00071875	0.0004125	0.725225	0
	0.867	0.000725	0.00036875	0.731818	0
	0.868	0.000725	0.0002875	0.730594	0
	0.869	0.00050625	0.00045	0.732719	0
	0.87	0.00063125	0.0004375	0.732719	0
	0.871	0.000625	0.00043125	0.728111	0
	0.872	0.0006	0.000325	0.72093	0
	0.873	0.0007375	0.00038125	0.726415	0
	0.874	0.0006875	0.00055625	0.727273	0
	0.875	0.00066875	0.00035	0.722488	0
	0.876	0.0006375	0.00039375	0.729469	0
	0.877	0.00069375	0.00044375	0.724638	0
	0.878	0.00065625	0.00036875	0.717073	0
	0.879	0.00078125	0.0003875	0.712195	0
	0.88	0.0008	0.00033125	0.705882	0
	0.881	0.000725	0.00049375	0.704433	0
	0.882	0.000725	0.000375	0.689655	0
	0.883	0.0006625	0.000425	0.693069	0
	0.884	0.0006875	0.00038125	0.688119	0
	0.885	0.00080625	0.00038125	0.69	0
	0.886	0.000675	0.000375	0.69	0
	0.887	0.00071875	0.000375	0.693467	0
	0.888	0.0008375	0.0003875	0.678392	0
	0.889	0.000675	0.0002875	0.678571	0
	0.89	0.0007125	0.0003625	0.673469	0
	0.891	0.00064375	0.0003375	0.671795	0
	0.892	0.00075625	0.000375	0.663212	0
	0.893	0.00081875	0.0003125	0.658031	0
	0.894	0.00066875	0.0003375	0.663158	0
	0.895	0.00084375	0.000325	0.661376	0
	0.896	0.0007625	0.00038125	0.659574	0
	0.897	0.00070625	0.0003875	0.66129	0
	0.898	0.000925	0.000425	0.657609	0
	0.899	0.00089375	0.00028125	0.661202	0
	0.9	0.00099375	0.00036875	0.659341	0
	0.901	0.000825	0.00034375	0.661111	0
	0.902	0.0008125	0.000275	0.664804	0
	0.903	0.0007875	0.00030625	0.661017	0
	0.904	0.00080625	0.00028125	0.664773	0
	0.905	0.00088125	0.0003375	0.668571	0
	0.906	0.00081875	0.00036875	0.672414	0
	0.907	0.000925	0.000225	0.676301	0
	0.908	0.000925	0.0002875	0.680233	0
	0.909	0.00070625	0.00029375	0.678363	0
	0.91	0.00090625	0.0002625	0.674556	0
	0.911	0.000775	0.000325	0.674556	0
	0.912	0.00080625	0.00028125	0.678571	0
	0.913	0.00069375	0.00029375	0.686747	0
	0.914	0.00065625	0.00025	0.695122	0
	0.915	0.00068125	0.0002	0.708075	0
	0.916	0.000675	0.00030625	0.7	0
	0.917	0.00071875	0.0002375	0.698113	0
	0.918	0.00064375	0.000175	0.707006	0
	0.919	0.000625	0.0003125	0.707006	0
	0.92	0.0006	0.0002375	0.690323	0
	0.921	0.000775	0.0003	0.69281	0
	0.922	0.0007125	0.00023125	0.686275	0
	0.923	0.00066875	0.00015	0.697987	0
	0.924	0.00066875	0.0001875	0.693878	0
	0.925	0.00050625	0.00023125	0.703448	0
	0.926	0.00066875	0.000225	0.713287	0
	0.927	0.00065	0.00024375	0.71831	0
	0.928	0.00056875	0.00023125	0.723404	0
	0.929	0.00065	0.0002625	0.726619	0
	0.93	0.00049375	0.00020625	0.735294	0
	0.931	0.000575	0.00023125	0.733333	0
	0.932	0.00056875	0.00023125	0.718519	0
	0.933	0.00046875	0.00020625	0.718519	0
	0.934	0.000475	0.00029375	0.727273	0
	0.935	0.00060625	0.000175	0.712121	0
	0.936	0.0005875	0.00016875	0.717557	0
	0.937	0.0006375	0.000175	0.7	0
	0.938	0.0005875	0.00026875	0.689922	0
	0.939	0.0007625	0.0002125	0.706349	0
	0.94	0.00061875	0.00018125	0.706349	0
	0.941	0.00055625	0.00019375	0.696	0
	0.942	0.000675	0.00015	0.688	0
	0.943	0.00056875	0.0002	0.696721	0
	0.944	0.00060625	0.00018125	0.696721	0
	0.945	0.00070625	9.375e-05	0.714286	0
	0.946	0.0005875	0.0001875	0.686441	0
	0.947	0.0006125	0.000125	0.698276	0
	0.948	0.0007125	0.0002625	0.678261	0
	0.949	0.00069375	0.0001375	0.66087	0
	0.95	0.0006875	0.00018125	0.666667	0
	0.951	0.00073125	0.00015625	0.649123	0
	0.952	0.00079375	0.00010625	0.649123	0
	0.953	0.0008	0.000175	0.666667	0
	0.954	0.0007125	0.0001875	0.672727	0
	0.955	0.0007375	0.0001625	0.669725	0
	0.956	0.0007	0.0001125	0.66055	0
	0.957	0.00073125	0.0001	0.648148	0
	0.958	0.000725	0.0001625	0.638889	0
	0.959	0.0007625	0.0001625	0.650943	0
	0.96	0.0007875	0.00014375	0.638095	0
	0.961	0.00075	0.00018125	0.634615	0
	0.962	0.0007375	0.00011875	0.621359	0
	0.963	0.00083125	0.00011875	0.633663	0
	0.964	0.0007875	0.00015	0.649485	0
	0.965	0.0007375	0.00010625	0.649485	0
	0.966	0.0008375	0.00010625	0.652632	0
	0.967	0.00078125	7.5e-05	0.659574	0
	0.968	0.00069375	9.375e-05	0.652174	0
	0.969	0.000825	0.0001125	0.641304	0
	0.97	0.00065	8.75e-05	0.637363	0
	0.971	0.0007	0.000125	0.644444	0
	0.972	0.00064375	0.0001	0.651685	0
	0.973	0.0008125	8.75e-05	0.613636	0
	0.974	0.0008	8.125e-05	0.62069	0
	0.975	0.0007	9.375e-05	0.623529	0
	0.976	0.000825	5.625e-05	0.634146	0
	0.977	0.00065	0.0001	0.632911	0
	0.978	0.00084375	6.875e-05	0.607595	0
	0.979	0.0007375	0.0001	0.564103	0
	0.98	0.00085	3.75e-05	0.571429	0
	0.981	0.0008375	0.0001125	0.540541	0
	0.982	0.00105	6.875e-05	0.527778	0
	0.983	0.00098125	5.625e-05	0.478873	0
	0.984	0.00105625	8.125e-05	0.478873	0
	0.985	0.001125	6.875e-05	0.485714	0
	0.986	0.0012625	5e-05	0.441176	0
	0.987	0.00130625	5.625e-05	0.430769	0
	0.988	0.0016125	3.75e-05	0.428571	0
	0.989	0.001575	8.75e-05	0.403226	0
	0.99	0.00163125	4.375e-05	0.393443	0
	0.991	0.00165	4.375e-05	0.392857	0
	0.992	0.00180625	6.875e-05	0.339286	0
	0.993	0.00165625	3.75e-05	0.285714	0
	0.994	0.0017625	0	0.277778	0
	0.995	0.00199375	1.25e-05	0.270833	0
	0.996	0.0021875	2.5e-05	0.26087	0
	0.997	0.0020125	3.125e-05	0.263158	0
	0.998	0.0022375	1.25e-05	0.176471	0
	0.999	0.00291875	1.875e-05	0.121212	0
	1	0.00615625	6.25e-06	0.0740741	0


#	yrange	sparsity	# links	zeta	support at cross	fraction FP
	0	0.684375	1095	0.00243313	0.934	0.107944
	0.5	0.684375	1095	0.00243313	0.934	0.107944
