#	Frequencies and overlap
#	bins	MYC	shuffle	overlap_MYC	overlap_shuffle
	0	0.847581	0.807538	0.779158	0
	0.001	0.0192438	0.0725875	0.32839	0
	0.002	0.0103	0.0320563	0.452308	0
	0.003	0.0070375	0.0180125	0.514388	0
	0.004	0.00531875	0.011875	0.540541	0
	0.005	0.00425625	0.0084	0.571429	0
	0.006	0.0034125	0.00650625	0.591111	0
	0.007	0.00256875	0.00515	0.616822	0
	0.008	0.0025125	0.0043625	0.628019	0
	0.009	0.0021125	0.0033375	0.658163	0
	0.01	0.0017	0.00260625	0.668421	0
	0.011	0.00145	0.00268125	0.67027	0
	0.012	0.00149375	0.00210625	0.675824	0
	0.013	0.00140625	0.00185625	0.675978	0
	0.014	0.001375	0.00146875	0.68	0
	0.015	0.0010125	0.00133125	0.695906	0
	0.016	0.00091875	0.00105625	0.708333	0
	0.017	0.0009125	0.00126875	0.716867	0
	0.018	0.00081875	0.00108125	0.728395	0
	0.019	0.000925	0.00093125	0.725	0
	0.02	0.0008	0.00080625	0.727848	0
	0.021	0.0006	0.00080625	0.735484	0
	0.022	0.00061875	0.00060625	0.74026	0
	0.023	0.00074375	0.00059375	0.736842	0
	0.024	0.00044375	0.000575	0.733333	0
	0.025	0.00059375	0.000525	0.731544	0
	0.026	0.0005375	0.00045625	0.736486	0
	0.027	0.00048125	0.00049375	0.734694	0
	0.028	0.00043125	0.0005	0.739726	0
	0.029	0.000425	0.0003875	0.737931	0
	0.03	0.0005125	0.0003	0.731034	0
	0.031	0.00041875	0.000325	0.729167	0
	0.032	0.0004125	0.00028125	0.727273	0
	0.033	0.00055	0.00039375	0.730496	0
	0.034	0.00048125	0.00024375	0.733813	0
	0.035	0.00046875	0.000275	0.733813	0
	0.036	0.00054375	0.000225	0.731884	0
	0.037	0.00040625	0.00024375	0.729927	0
	0.038	0.00055	0.0003125	0.740741	0
	0.039	0.00045	0.00015625	0.731343	0
	0.04	0.0004875	0.00025625	0.716418	0
	0.041	0.00053125	0.00015	0.701493	0
	0.042	0.0005125	0.00015625	0.699248	0
	0.043	0.00058125	0.00019375	0.699248	0
	0.044	0.00054375	0.00010625	0.69697	0
	0.045	0.00044375	0.0001375	0.69697	0
	0.046	0.00046875	0.00014375	0.694656	0
	0.047	0.00046875	0.00013125	0.687023	0
	0.048	0.000525	0.00014375	0.679389	0
	0.049	0.0005625	0.0001125	0.676923	0
	0.05	0.0004625	0.00010625	0.682171	0
	0.051	0.00063125	6.875e-05	0.674419	0
	0.052	0.0006	0.00013125	0.666667	0
	0.053	0.00058125	0.0001375	0.671875	0
	0.054	0.00063125	8.125e-05	0.671875	0
	0.055	0.000675	9.375e-05	0.693548	0
	0.056	0.0006125	6.25e-05	0.688525	0
	0.057	0.000475	0.0001	0.688525	0
	0.058	0.00061875	9.375e-05	0.694215	0
	0.059	0.00053125	8.125e-05	0.7	0
	0.06	0.00055625	0.00010625	0.697479	0
	0.061	0.00058125	6.875e-05	0.689076	0
	0.062	0.00060625	7.5e-05	0.689076	0
	0.063	0.00045625	5e-05	0.689076	0
	0.064	0.00045	7.5e-05	0.689076	0
	0.065	0.00060625	9.375e-05	0.694915	0
	0.066	0.000475	8.125e-05	0.686441	0
	0.067	0.00051875	6.25e-05	0.683761	0
	0.068	0.00045625	7.5e-05	0.695652	0
	0.069	0.00034375	6.875e-05	0.701754	0
	0.07	0.0004375	3.75e-05	0.699115	0
	0.071	0.00036875	3.75e-05	0.705357	0
	0.072	0.000425	7.5e-05	0.718182	0
	0.073	0.000325	3.75e-05	0.715596	0
	0.074	0.00035625	5.625e-05	0.742857	0
	0.075	0.0003125	4.375e-05	0.733333	0
	0.076	0.0003125	5e-05	0.740385	0
	0.077	0.00035	4.375e-05	0.740385	0
	0.078	0.000325	4.375e-05	0.737864	0
	0.079	0.0003375	4.375e-05	0.732673	0
	0.08	0.00036875	6.875e-05	0.712871	0
	0.081	0.0003625	4.375e-05	0.70297	0
	0.082	0.00026875	1.25e-05	0.7	0
	0.083	0.00030625	6.25e-05	0.69	0
	0.084	0.0002625	5.625e-05	0.69	0
	0.085	0.00033125	1.875e-05	0.69697	0
	0.086	0.0002625	2.5e-05	0.704082	0
	0.087	0.0002625	1.25e-05	0.71875	0
	0.088	0.00030625	4.375e-05	0.71875	0
	0.089	0.000275	2.5e-05	0.715789	0
	0.09	0.000275	5e-05	0.715789	0
	0.091	0.000325	6.25e-06	0.715789	0
	0.092	0.0002625	1.25e-05	0.715789	0
	0.093	0.0002375	0	0.715789	0
	0.094	0.00034375	2.5e-05	0.712766	0
	0.095	0.00029375	2.5e-05	0.712766	0
	0.096	0.00035625	1.875e-05	0.728261	0
	0.097	0.0003	3.75e-05	0.736264	0
	0.098	0.00031875	1.25e-05	0.736264	0
	0.099	0.00039375	1.25e-05	0.736264	0
	0.1	0.00030625	2.5e-05	0.744444	0
	0.101	0.0002625	2.5e-05	0.744444	0
	0.102	0.0002875	2.5e-05	0.761364	0
	0.103	0.0003	2.5e-05	0.761364	0
	0.104	0.0002625	0	0.788235	0
	0.105	0.00028125	1.875e-05	0.764706	0
	0.106	0.00023125	1.25e-05	0.752941	0
	0.107	0.00024375	6.25e-06	0.729412	0
	0.108	0.00025625	3.75e-05	0.72619	0
	0.109	0.0003	2.5e-05	0.72619	0
	0.11	0.00028125	1.25e-05	0.72619	0
	0.111	0.00030625	2.5e-05	0.72619	0
	0.112	0.0001875	1.25e-05	0.714286	0
	0.113	0.000225	6.25e-06	0.714286	0
	0.114	0.00025	1.875e-05	0.714286	0
	0.115	0.00020625	1.25e-05	0.722892	0
	0.116	0.0002125	1.25e-05	0.710843	0
	0.117	0.0002	1.25e-05	0.728395	0
	0.118	0.000275	6.25e-06	0.728395	0
	0.119	0.00029375	2.5e-05	0.7375	0
	0.12	0.000175	1.25e-05	0.734177	0
	0.121	0.00015625	0	0.734177	0
	0.122	0.00025625	1.25e-05	0.734177	0
	0.123	0.00019375	6.25e-06	0.74359	0
	0.124	0.00021875	0	0.730769	0
	0.125	0.00029375	6.25e-06	0.714286	0
	0.126	0.00025	2.5e-05	0.723684	0
	0.127	0.00019375	1.875e-05	0.723684	0
	0.128	0.000225	1.875e-05	0.710526	0
	0.129	0.00035	3.75e-05	0.697368	0
	0.13	0.000275	0	0.68	0
	0.131	0.0003375	1.25e-05	0.69863	0
	0.132	0.000175	1.25e-05	0.69863	0
	0.133	0.0002875	6.25e-06	0.708333	0
	0.134	0.000225	0	0.708333	0
	0.135	0.0002	1.25e-05	0.7	0
	0.136	0.00023125	1.875e-05	0.7	0
	0.137	0.0002375	0	0.710145	0
	0.138	0.00021875	6.25e-06	0.710145	0
	0.139	0.00031875	1.25e-05	0.710145	0
	0.14	0.0002375	3.125e-05	0.710145	0
	0.141	0.00024375	6.25e-06	0.710145	0
	0.142	0.00031875	1.875e-05	0.705882	0
	0.143	0.00029375	6.25e-06	0.705882	0
	0.144	0.00021875	6.25e-06	0.705882	0
	0.145	0.00016875	6.25e-06	0.705882	0
	0.146	0.00026875	6.25e-06	0.691176	0
	0.147	0.00028125	0	0.691176	0
	0.148	0.0002875	0	0.691176	0
	0.149	0.0002	6.25e-06	0.691176	0
	0.15	0.00020625	1.875e-05	0.691176	0
	0.151	0.00020625	1.25e-05	0.701493	0
	0.152	0.00025625	6.25e-06	0.701493	0
	0.153	0.0002875	6.25e-06	0.712121	0
	0.154	0.00030625	6.25e-06	0.723077	0
	0.155	0.000225	1.25e-05	0.71875	0
	0.156	0.0001875	1.25e-05	0.730159	0
	0.157	0.00019375	0	0.725806	0
	0.158	0.00015625	6.25e-06	0.725806	0
	0.159	0.0002625	1.25e-05	0.725806	0
	0.16	0.00023125	6.25e-06	0.725806	0
	0.161	0.0001375	0	0.725806	0
	0.162	0.00019375	6.25e-06	0.725806	0
	0.163	0.00014375	1.25e-05	0.725806	0
	0.164	0.00020625	0	0.725806	0
	0.165	0.000175	1.25e-05	0.737705	0
	0.166	0.00016875	6.25e-06	0.75	0
	0.167	0.000125	0	0.762712	0
	0.168	0.00014375	0	0.762712	0
	0.169	0.00014375	0	0.762712	0
	0.17	0.00016875	0	0.762712	0
	0.171	0.0001625	0	0.762712	0
	0.172	0.00013125	6.25e-06	0.762712	0
	0.173	5e-05	0	0.762712	0
	0.174	0.00015	0	0.775862	0
	0.175	0.00015	0	0.775862	0
	0.176	0.0001375	0	0.775862	0
	0.177	0.00015625	0	0.775862	0
	0.178	7.5e-05	0	0.758621	0
	0.179	0.0001125	0	0.785714	0
	0.18	8.75e-05	6.25e-06	0.785714	0
	0.181	8.75e-05	0	0.785714	0
	0.182	0.00010625	0	0.785714	0
	0.183	6.875e-05	0	0.785714	0
	0.184	7.5e-05	0	0.8	0
	0.185	0.0001	0	0.8	0
	0.186	0.0001	0	0.814815	0
	0.187	8.125e-05	0	0.796296	0
	0.188	3.75e-05	0	0.759259	0
	0.189	0.00010625	1.25e-05	0.759259	0
	0.19	6.25e-05	1.25e-05	0.722222	0
	0.191	7.5e-05	6.25e-06	0.735849	0
	0.192	4.375e-05	0	0.735849	0
	0.193	7.5e-05	0	0.735849	0
	0.194	8.75e-05	1.25e-05	0.735849	0
	0.195	5.625e-05	0	0.75	0
	0.196	9.375e-05	0	0.764706	0
	0.197	7.5e-05	0	0.745098	0
	0.198	5.625e-05	0	0.74	0
	0.199	0.0001	0	0.74	0
	0.2	8.75e-05	6.25e-06	0.74	0
	0.201	9.375e-05	0	0.734694	0
	0.202	7.5e-05	6.25e-06	0.734694	0
	0.203	0.000125	0	0.734694	0
	0.204	0.000125	0	0.734694	0
	0.205	9.375e-05	0	0.734694	0
	0.206	8.75e-05	0	0.734694	0
	0.207	0.00010625	0	0.75	0
	0.208	8.75e-05	0	0.75	0
	0.209	0.000125	0	0.75	0
	0.21	0.00011875	0	0.75	0
	0.211	0.00015	0	0.75	0
	0.212	0.00014375	6.25e-06	0.75	0
	0.213	0.0001	0	0.75	0
	0.214	0.0001375	6.25e-06	0.75	0
	0.215	0.00013125	0	0.75	0
	0.216	0.0002125	6.25e-06	0.729167	0
	0.217	0.00020625	0	0.744681	0
	0.218	0.0001625	0	0.744681	0
	0.219	0.00014375	0	0.744681	0
	0.22	0.00021875	6.25e-06	0.744681	0
	0.221	0.00024375	6.25e-06	0.76087	0
	0.222	0.00014375	6.25e-06	0.76087	0
	0.223	0.0001625	0	0.73913	0
	0.224	0.000175	6.25e-06	0.73913	0
	0.225	0.00020625	0	0.73913	0
	0.226	0.00015	0	0.73913	0
	0.227	0.00015	0	0.73913	0
	0.228	0.00014375	6.25e-06	0.73913	0
	0.229	0.00016875	6.25e-06	0.73913	0
	0.23	0.000125	0	0.73913	0
	0.231	0.00019375	0	0.73913	0
	0.232	0.00015	0	0.73913	0
	0.233	0.00014375	0	0.695652	0
	0.234	0.0001375	0	0.695652	0
	0.235	0.00016875	0	0.695652	0
	0.236	0.00011875	0	0.695652	0
	0.237	0.0001125	0	0.695652	0
	0.238	0.00014375	0	0.688889	0
	0.239	6.875e-05	0	0.688889	0
	0.24	8.125e-05	0	0.688889	0
	0.241	9.375e-05	6.25e-06	0.688889	0
	0.242	9.375e-05	0	0.688889	0
	0.243	0.00013125	6.25e-06	0.688889	0
	0.244	0.00010625	0	0.688889	0
	0.245	0.0001375	0	0.688889	0
	0.246	5e-05	0	0.697674	0
	0.247	9.375e-05	0	0.697674	0
	0.248	9.375e-05	0	0.697674	0
	0.249	6.25e-05	6.25e-06	0.674419	0
	0.25	9.375e-05	0	0.674419	0
	0.251	0.00010625	6.25e-06	0.690476	0
	0.252	8.75e-05	0	0.690476	0
	0.253	7.5e-05	0	0.690476	0
	0.254	8.125e-05	0	0.690476	0
	0.255	0.0001	6.25e-06	0.707317	0
	0.256	0.0001	6.25e-06	0.707317	0
	0.257	6.875e-05	0	0.682927	0
	0.258	8.75e-05	0	0.682927	0
	0.259	7.5e-05	6.25e-06	0.7	0
	0.26	8.125e-05	0	0.736842	0
	0.261	9.375e-05	0	0.736842	0
	0.262	9.375e-05	0	0.756757	0
	0.263	5e-05	0	0.756757	0
	0.264	0.0001	0	0.756757	0
	0.265	8.125e-05	0	0.756757	0
	0.266	0.0001	0	0.756757	0
	0.267	6.875e-05	0	0.756757	0
	0.268	8.75e-05	0	0.756757	0
	0.269	6.25e-05	0	0.756757	0
	0.27	9.375e-05	0	0.756757	0
	0.271	0.00010625	0	0.777778	0
	0.272	8.125e-05	6.25e-06	0.777778	0
	0.273	6.25e-05	6.25e-06	0.777778	0
	0.274	6.875e-05	6.25e-06	0.777778	0
	0.275	8.125e-05	0	0.777778	0
	0.276	0.0001	0	0.777778	0
	0.277	0.0001	0	0.777778	0
	0.278	8.125e-05	0	0.777778	0
	0.279	6.25e-05	0	0.777778	0
	0.28	0.0001	0	0.75	0
	0.281	7.5e-05	0	0.771429	0
	0.282	8.75e-05	0	0.794118	0
	0.283	8.75e-05	0	0.794118	0
	0.284	3.125e-05	0	0.794118	0
	0.285	6.875e-05	0	0.794118	0
	0.286	5e-05	0	0.818182	0
	0.287	6.25e-05	0	0.818182	0
	0.288	5e-05	0	0.818182	0
	0.289	5.625e-05	0	0.818182	0
	0.29	6.25e-05	0	0.818182	0
	0.291	0.00010625	0	0.787879	0
	0.292	9.375e-05	0	0.787879	0
	0.293	4.375e-05	0	0.787879	0
	0.294	3.75e-05	0	0.787879	0
	0.295	6.875e-05	0	0.787879	0
	0.296	6.25e-05	0	0.787879	0
	0.297	6.25e-05	0	0.787879	0
	0.298	6.875e-05	0	0.787879	0
	0.299	6.875e-05	0	0.787879	0
	0.3	6.25e-05	0	0.8125	0
	0.301	2.5e-05	0	0.8125	0
	0.302	4.375e-05	0	0.78125	0
	0.303	2.5e-05	0	0.78125	0
	0.304	3.125e-05	0	0.78125	0
	0.305	5.625e-05	0	0.78125	0
	0.306	3.75e-05	0	0.806452	0
	0.307	5e-05	0	0.806452	0
	0.308	8.125e-05	0	0.806452	0
	0.309	3.125e-05	0	0.806452	0
	0.31	5.625e-05	0	0.806452	0
	0.311	6.25e-05	0	0.806452	0
	0.312	8.125e-05	0	0.806452	0
	0.313	5e-05	0	0.806452	0
	0.314	2.5e-05	0	0.806452	0
	0.315	7.5e-05	0	0.806452	0
	0.316	6.875e-05	0	0.806452	0
	0.317	4.375e-05	0	0.806452	0
	0.318	5e-05	0	0.806452	0
	0.319	3.125e-05	0	0.806452	0
	0.32	8.75e-05	0	0.806452	0
	0.321	5.625e-05	0	0.833333	0
	0.322	2.5e-05	0	0.833333	0
	0.323	3.75e-05	0	0.8	0
	0.324	5.625e-05	0	0.8	0
	0.325	5e-05	0	0.8	0
	0.326	3.75e-05	0	0.827586	0
	0.327	4.375e-05	0	0.827586	0
	0.328	2.5e-05	6.25e-06	0.827586	0
	0.329	5e-05	0	0.827586	0
	0.33	6.25e-06	0	0.827586	0
	0.331	3.125e-05	0	0.827586	0
	0.332	4.375e-05	0	0.827586	0
	0.333	5e-05	0	0.857143	0
	0.334	4.375e-05	0	0.821429	0
	0.335	6.25e-05	0	0.821429	0
	0.336	1.875e-05	0	0.821429	0
	0.337	5e-05	0	0.821429	0
	0.338	6.875e-05	0	0.821429	0
	0.339	3.125e-05	0	0.821429	0
	0.34	4.375e-05	0	0.821429	0
	0.341	3.125e-05	0	0.821429	0
	0.342	1.875e-05	0	0.821429	0
	0.343	3.75e-05	0	0.821429	0
	0.344	3.125e-05	0	0.821429	0
	0.345	3.75e-05	0	0.821429	0
	0.346	3.75e-05	0	0.821429	0
	0.347	4.375e-05	0	0.821429	0
	0.348	3.75e-05	0	0.821429	0
	0.349	4.375e-05	0	0.821429	0
	0.35	1.875e-05	0	0.821429	0
	0.351	3.75e-05	6.25e-06	0.821429	0
	0.352	4.375e-05	0	0.814815	0
	0.353	4.375e-05	0	0.814815	0
	0.354	1.25e-05	0	0.814815	0
	0.355	5e-05	0	0.814815	0
	0.356	1.875e-05	0	0.846154	0
	0.357	8.125e-05	0	0.846154	0
	0.358	2.5e-05	0	0.846154	0
	0.359	5e-05	0	0.846154	0
	0.36	8.75e-05	6.25e-06	0.846154	0
	0.361	3.75e-05	0	0.846154	0
	0.362	2.5e-05	0	0.846154	0
	0.363	5.625e-05	0	0.846154	0
	0.364	5e-05	0	0.846154	0
	0.365	1.875e-05	0	0.846154	0
	0.366	6.25e-05	0	0.846154	0
	0.367	1.25e-05	0	0.846154	0
	0.368	3.75e-05	0	0.846154	0
	0.369	3.125e-05	0	0.846154	0
	0.37	3.75e-05	0	0.846154	0
	0.371	2.5e-05	0	0.88	0
	0.372	4.375e-05	0	0.88	0
	0.373	4.375e-05	0	0.88	0
	0.374	3.125e-05	0	0.88	0
	0.375	3.75e-05	0	0.88	0
	0.376	4.375e-05	0	0.84	0
	0.377	1.875e-05	0	0.84	0
	0.378	4.375e-05	0	0.84	0
	0.379	4.375e-05	0	0.84	0
	0.38	1.875e-05	0	0.84	0
	0.381	4.375e-05	0	0.84	0
	0.382	6.25e-05	0	0.76	0
	0.383	5e-05	0	0.76	0
	0.384	3.75e-05	0	0.76	0
	0.385	5e-05	0	0.76	0
	0.386	4.375e-05	0	0.72	0
	0.387	7.5e-05	0	0.72	0
	0.388	5e-05	0	0.72	0
	0.389	4.375e-05	0	0.72	0
	0.39	2.5e-05	0	0.72	0
	0.391	3.125e-05	0	0.72	0
	0.392	6.875e-05	0	0.72	0
	0.393	6.875e-05	0	0.72	0
	0.394	1.875e-05	0	0.72	0
	0.395	4.375e-05	0	0.72	0
	0.396	3.125e-05	0	0.72	0
	0.397	3.125e-05	0	0.75	0
	0.398	8.125e-05	0	0.75	0
	0.399	2.5e-05	0	0.75	0
	0.4	6.25e-05	0	0.75	0
	0.401	6.875e-05	0	0.75	0
	0.402	9.375e-05	0	0.75	0
	0.403	4.375e-05	0	0.75	0
	0.404	8.125e-05	0	0.75	0
	0.405	6.25e-05	0	0.75	0
	0.406	6.25e-05	0	0.75	0
	0.407	5.625e-05	0	0.75	0
	0.408	4.375e-05	0	0.782609	0
	0.409	3.125e-05	0	0.782609	0
	0.41	0.00010625	0	0.782609	0
	0.411	6.25e-05	0	0.782609	0
	0.412	7.5e-05	0	0.782609	0
	0.413	0.0001	0	0.782609	0
	0.414	7.5e-05	0	0.73913	0
	0.415	6.25e-05	0	0.73913	0
	0.416	5e-05	0	0.73913	0
	0.417	4.375e-05	0	0.73913	0
	0.418	8.125e-05	0	0.73913	0
	0.419	8.125e-05	0	0.73913	0
	0.42	4.375e-05	0	0.73913	0
	0.421	6.875e-05	0	0.73913	0
	0.422	3.75e-05	0	0.73913	0
	0.423	8.125e-05	0	0.73913	0
	0.424	4.375e-05	0	0.73913	0
	0.425	6.25e-05	0	0.73913	0
	0.426	2.5e-05	0	0.73913	0
	0.427	7.5e-05	0	0.73913	0
	0.428	5e-05	0	0.772727	0
	0.429	2.5e-05	0	0.772727	0
	0.43	5.625e-05	0	0.772727	0
	0.431	4.375e-05	0	0.772727	0
	0.432	3.125e-05	0	0.772727	0
	0.433	3.125e-05	0	0.772727	0
	0.434	1.875e-05	0	0.772727	0
	0.435	3.75e-05	0	0.772727	0
	0.436	2.5e-05	0	0.772727	0
	0.437	2.5e-05	0	0.772727	0
	0.438	3.125e-05	0	0.772727	0
	0.439	5e-05	0	0.772727	0
	0.44	3.75e-05	0	0.772727	0
	0.441	3.125e-05	0	0.772727	0
	0.442	1.875e-05	0	0.772727	0
	0.443	1.25e-05	0	0.772727	0
	0.444	2.5e-05	0	0.772727	0
	0.445	1.25e-05	0	0.772727	0
	0.446	1.25e-05	0	0.772727	0
	0.447	3.125e-05	0	0.772727	0
	0.448	6.25e-06	0	0.809524	0
	0.449	1.25e-05	0	0.809524	0
	0.45	3.125e-05	0	0.809524	0
	0.451	1.875e-05	0	0.809524	0
	0.452	1.25e-05	0	0.85	0
	0.453	3.75e-05	0	0.85	0
	0.454	6.25e-06	0	0.894737	0
	0.455	2.5e-05	0	0.894737	0
	0.456	0	0	0.944444	0
	0.457	1.875e-05	0	0.944444	0
	0.458	6.25e-06	0	0.944444	0
	0.459	3.75e-05	0	0.944444	0
	0.46	1.875e-05	0	0.944444	0
	0.461	0	0	0.944444	0
	0.462	3.75e-05	0	0.944444	0
	0.463	2.5e-05	0	0.944444	0
	0.464	1.25e-05	0	0.944444	0
	0.465	6.25e-06	0	0.944444	0
	0.466	1.875e-05	0	0.944444	0
	0.467	6.25e-06	0	0.888889	0
	0.468	0	0	0.888889	0
	0.469	1.25e-05	0	0.888889	0
	0.47	1.25e-05	0	0.888889	0
	0.471	6.25e-06	0	0.888889	0
	0.472	4.375e-05	0	0.888889	0
	0.473	6.25e-06	0	0.888889	0
	0.474	1.25e-05	0	0.888889	0
	0.475	3.125e-05	0	0.888889	0
	0.476	1.875e-05	0	0.888889	0
	0.477	1.875e-05	0	0.888889	0
	0.478	1.25e-05	0	0.888889	0
	0.479	2.5e-05	0	0.888889	0
	0.48	1.25e-05	0	0.833333	0
	0.481	1.875e-05	0	0.833333	0
	0.482	6.25e-06	0	0.833333	0
	0.483	5e-05	0	0.833333	0
	0.484	6.25e-06	0	0.777778	0
	0.485	1.25e-05	0	0.777778	0
	0.486	1.25e-05	0	0.777778	0
	0.487	6.25e-06	0	0.777778	0
	0.488	1.875e-05	0	0.777778	0
	0.489	1.875e-05	0	0.777778	0
	0.49	2.5e-05	0	0.777778	0
	0.491	6.25e-06	0	0.823529	0
	0.492	2.5e-05	6.25e-06	0.823529	0
	0.493	2.5e-05	0	0.823529	0
	0.494	4.375e-05	0	0.823529	0
	0.495	2.5e-05	0	0.823529	0
	0.496	6.25e-06	0	0.823529	0
	0.497	1.875e-05	0	0.823529	0
	0.498	2.5e-05	0	0.823529	0
	0.499	2.5e-05	0	0.823529	0
	0.5	3.75e-05	0	0.823529	0
	0.501	6.25e-05	0	0.823529	0
	0.502	3.125e-05	0	0.823529	0
	0.503	2.5e-05	0	0.764706	0
	0.504	4.375e-05	0	0.764706	0
	0.505	4.375e-05	0	0.764706	0
	0.506	5.625e-05	0	0.764706	0
	0.507	4.375e-05	0	0.764706	0
	0.508	3.75e-05	0	0.764706	0
	0.509	2.5e-05	0	0.764706	0
	0.51	5.625e-05	0	0.764706	0
	0.511	2.5e-05	0	0.764706	0
	0.512	2.5e-05	0	0.764706	0
	0.513	3.125e-05	0	0.764706	0
	0.514	5e-05	0	0.764706	0
	0.515	2.5e-05	0	0.764706	0
	0.516	2.5e-05	0	0.764706	0
	0.517	3.75e-05	0	0.764706	0
	0.518	3.75e-05	0	0.764706	0
	0.519	4.375e-05	0	0.705882	0
	0.52	1.25e-05	0	0.705882	0
	0.521	5e-05	0	0.705882	0
	0.522	5.625e-05	0	0.647059	0
	0.523	1.25e-05	0	0.647059	0
	0.524	3.125e-05	0	0.647059	0
	0.525	3.125e-05	0	0.647059	0
	0.526	1.875e-05	0	0.647059	0
	0.527	3.125e-05	0	0.647059	0
	0.528	5.625e-05	0	0.647059	0
	0.529	1.25e-05	0	0.6875	0
	0.53	1.875e-05	0	0.6875	0
	0.531	8.75e-05	0	0.6875	0
	0.532	7.5e-05	0	0.6875	0
	0.533	8.125e-05	0	0.6875	0
	0.534	3.75e-05	0	0.6875	0
	0.535	2.5e-05	0	0.6875	0
	0.536	5e-05	0	0.6875	0
	0.537	4.375e-05	0	0.6875	0
	0.538	5.625e-05	0	0.6875	0
	0.539	2.5e-05	0	0.6875	0
	0.54	1.875e-05	0	0.6875	0
	0.541	4.375e-05	0	0.6875	0
	0.542	5.625e-05	0	0.6875	0
	0.543	5e-05	0	0.6875	0
	0.544	2.5e-05	0	0.6875	0
	0.545	0.0001	0	0.6875	0
	0.546	1.875e-05	0	0.6875	0
	0.547	7.5e-05	0	0.6875	0
	0.548	3.125e-05	0	0.6875	0
	0.549	7.5e-05	0	0.6875	0
	0.55	5.625e-05	0	0.6875	0
	0.551	0	0	0.733333	0
	0.552	2.5e-05	0	0.733333	0
	0.553	3.75e-05	0	0.733333	0
	0.554	3.125e-05	0	0.733333	0
	0.555	6.25e-05	0	0.733333	0
	0.556	4.375e-05	0	0.733333	0
	0.557	2.5e-05	0	0.733333	0
	0.558	3.125e-05	0	0.733333	0
	0.559	3.75e-05	0	0.733333	0
	0.56	8.125e-05	0	0.733333	0
	0.561	5e-05	0	0.733333	0
	0.562	2.5e-05	0	0.785714	0
	0.563	3.125e-05	0	0.785714	0
	0.564	3.75e-05	0	0.785714	0
	0.565	5e-05	0	0.785714	0
	0.566	5.625e-05	0	0.785714	0
	0.567	3.75e-05	0	0.785714	0
	0.568	2.5e-05	0	0.785714	0
	0.569	3.125e-05	0	0.714286	0
	0.57	1.875e-05	0	0.714286	0
	0.571	3.125e-05	0	0.714286	0
	0.572	3.125e-05	0	0.714286	0
	0.573	4.375e-05	0	0.714286	0
	0.574	1.875e-05	0	0.714286	0
	0.575	2.5e-05	0	0.714286	0
	0.576	1.25e-05	0	0.714286	0
	0.577	1.875e-05	0	0.714286	0
	0.578	5e-05	0	0.714286	0
	0.579	1.875e-05	0	0.714286	0
	0.58	1.25e-05	0	0.714286	0
	0.581	1.875e-05	0	0.714286	0
	0.582	6.25e-06	0	0.714286	0
	0.583	1.875e-05	0	0.714286	0
	0.584	1.25e-05	0	0.714286	0
	0.585	1.25e-05	0	0.714286	0
	0.586	6.25e-06	0	0.714286	0
	0.587	6.25e-06	0	0.714286	0
	0.588	1.25e-05	0	0.714286	0
	0.589	5e-05	0	0.714286	0
	0.59	3.125e-05	0	0.692308	0
	0.591	1.25e-05	0	0.692308	0
	0.592	1.25e-05	0	0.692308	0
	0.593	1.25e-05	0	0.692308	0
	0.594	1.25e-05	0	0.692308	0
	0.595	6.25e-06	0	0.692308	0
	0.596	1.875e-05	0	0.692308	0
	0.597	4.375e-05	0	0.692308	0
	0.598	3.125e-05	0	0.75	0
	0.599	1.875e-05	0	0.75	0
	0.6	3.75e-05	0	0.75	0
	0.601	3.75e-05	0	0.75	0
	0.602	3.125e-05	0	0.75	0
	0.603	5e-05	0	0.75	0
	0.604	4.375e-05	0	0.75	0
	0.605	0	0	0.75	0
	0.606	4.375e-05	0	0.75	0
	0.607	2.5e-05	0	0.75	0
	0.608	3.125e-05	0	0.75	0
	0.609	3.125e-05	0	0.75	0
	0.61	3.125e-05	0	0.75	0
	0.611	3.125e-05	0	0.75	0
	0.612	2.5e-05	0	0.75	0
	0.613	3.75e-05	0	0.75	0
	0.614	1.25e-05	0	0.75	0
	0.615	6.25e-05	0	0.75	0
	0.616	3.125e-05	0	0.75	0
	0.617	1.25e-05	0	0.75	0
	0.618	3.75e-05	0	0.75	0
	0.619	1.875e-05	0	0.75	0
	0.62	1.25e-05	0	0.75	0
	0.621	1.25e-05	0	0.75	0
	0.622	3.125e-05	0	0.75	0
	0.623	1.875e-05	0	0.75	0
	0.624	2.5e-05	0	0.75	0
	0.625	1.25e-05	0	0.75	0
	0.626	1.875e-05	0	0.75	0
	0.627	3.75e-05	0	0.818182	0
	0.628	1.875e-05	0	0.818182	0
	0.629	1.25e-05	0	0.818182	0
	0.63	2.5e-05	0	0.818182	0
	0.631	6.25e-06	0	0.818182	0
	0.632	1.25e-05	0	0.818182	0
	0.633	1.875e-05	0	0.818182	0
	0.634	1.875e-05	0	0.818182	0
	0.635	1.25e-05	0	0.818182	0
	0.636	1.25e-05	0	0.818182	0
	0.637	1.25e-05	0	0.818182	0
	0.638	6.25e-06	0	0.818182	0
	0.639	6.25e-06	0	0.818182	0
	0.64	6.25e-06	0	0.818182	0
	0.641	0	0	0.818182	0
	0.642	1.875e-05	0	0.818182	0
	0.643	0	0	0.9	0
	0.644	6.25e-06	0	0.9	0
	0.645	6.25e-06	0	0.9	0
	0.646	0	0	0.9	0
	0.647	0	0	0.9	0
	0.648	0	0	0.9	0
	0.649	6.25e-06	0	0.9	0
	0.65	0	0	0.9	0
	0.651	6.25e-06	0	0.9	0
	0.652	0	0	0.9	0
	0.653	0	0	0.9	0
	0.654	0	0	0.9	0
	0.655	6.25e-06	0	0.9	0
	0.656	0	0	0.9	0
	0.657	0	0	0.9	0
	0.658	0	0	0.9	0
	0.659	0	0	0.9	0
	0.66	0	0	0.9	0
	0.661	0	0	0.9	0
	0.662	0	0	0.9	0
	0.663	0	0	0.9	0
	0.664	0	0	0.9	0
	0.665	0	0	0.9	0
	0.666	0	0	0.9	0
	0.667	6.25e-06	0	0.9	0
	0.668	0	0	0.8	0
	0.669	6.25e-06	0	0.8	0
	0.67	0	0	0.8	0
	0.671	0	0	0.8	0
	0.672	0	0	0.8	0
	0.673	0	0	0.8	0
	0.674	6.25e-06	0	0.8	0
	0.675	6.25e-06	0	0.888889	0
	0.676	0	0	0.888889	0
	0.677	0	0	0.888889	0
	0.678	1.25e-05	0	0.888889	0
	0.679	1.25e-05	0	0.777778	0
	0.68	6.25e-06	0	0.777778	0
	0.681	6.25e-06	0	0.777778	0
	0.682	1.25e-05	0	0.666667	0
	0.683	6.25e-06	0	0.666667	0
	0.684	1.875e-05	0	0.666667	0
	0.685	6.25e-06	0	0.666667	0
	0.686	6.25e-06	0	0.666667	0
	0.687	1.25e-05	0	0.666667	0
	0.688	1.875e-05	0	0.666667	0
	0.689	0	0	0.666667	0
	0.69	1.875e-05	0	0.666667	0
	0.691	6.25e-06	0	0.666667	0
	0.692	3.125e-05	0	0.666667	0
	0.693	2.5e-05	0	0.666667	0
	0.694	4.375e-05	0	0.666667	0
	0.695	4.375e-05	0	0.666667	0
	0.696	3.125e-05	0	0.666667	0
	0.697	5.625e-05	0	0.666667	0
	0.698	5e-05	0	0.666667	0
	0.699	3.125e-05	0	0.666667	0
	0.7	3.125e-05	0	0.666667	0
	0.701	1.875e-05	0	0.666667	0
	0.702	3.125e-05	0	0.666667	0
	0.703	1.875e-05	0	0.666667	0
	0.704	2.5e-05	0	0.666667	0
	0.705	5.625e-05	0	0.666667	0
	0.706	5e-05	0	0.666667	0
	0.707	5.625e-05	0	0.666667	0
	0.708	5.625e-05	0	0.666667	0
	0.709	5.625e-05	0	0.666667	0
	0.71	6.875e-05	0	0.666667	0
	0.711	8.125e-05	0	0.666667	0
	0.712	4.375e-05	0	0.666667	0
	0.713	4.375e-05	0	0.666667	0
	0.714	4.375e-05	0	0.666667	0
	0.715	3.125e-05	0	0.666667	0
	0.716	3.125e-05	0	0.666667	0
	0.717	5e-05	0	0.666667	0
	0.718	5e-05	0	0.666667	0
	0.719	5.625e-05	0	0.666667	0
	0.72	3.75e-05	0	0.666667	0
	0.721	3.125e-05	0	0.666667	0
	0.722	4.375e-05	0	0.666667	0
	0.723	4.375e-05	0	0.666667	0
	0.724	3.125e-05	0	0.666667	0
	0.725	1.25e-05	0	0.666667	0
	0.726	2.5e-05	0	0.666667	0
	0.727	3.75e-05	0	0.666667	0
	0.728	3.75e-05	0	0.666667	0
	0.729	1.25e-05	0	0.666667	0
	0.73	2.5e-05	0	0.666667	0
	0.731	1.875e-05	0	0.666667	0
	0.732	6.25e-06	0	0.666667	0
	0.733	3.125e-05	0	0.666667	0
	0.734	1.25e-05	0	0.555556	0
	0.735	6.25e-06	0	0.555556	0
	0.736	1.25e-05	0	0.555556	0
	0.737	1.25e-05	0	0.555556	0
	0.738	6.25e-06	0	0.555556	0
	0.739	1.875e-05	0	0.555556	0
	0.74	6.25e-06	0	0.555556	0
	0.741	6.25e-06	0	0.555556	0
	0.742	1.875e-05	0	0.555556	0
	0.743	1.875e-05	0	0.555556	0
	0.744	0	0	0.555556	0
	0.745	1.25e-05	0	0.555556	0
	0.746	1.25e-05	0	0.625	0
	0.747	1.875e-05	0	0.625	0
	0.748	1.875e-05	0	0.714286	0
	0.749	1.25e-05	0	0.571429	0
	0.75	1.875e-05	0	0.571429	0
	0.751	3.125e-05	0	0.571429	0
	0.752	2.5e-05	0	0.571429	0
	0.753	1.25e-05	0	0.571429	0
	0.754	1.25e-05	0	0.571429	0
	0.755	3.75e-05	0	0.571429	0
	0.756	6.25e-06	0	0.571429	0
	0.757	3.75e-05	0	0.571429	0
	0.758	1.875e-05	0	0.666667	0
	0.759	3.125e-05	0	0.666667	0
	0.76	1.25e-05	0	0.666667	0
	0.761	6.25e-06	0	0.666667	0
	0.762	3.125e-05	0	0.666667	0
	0.763	6.25e-06	0	0.666667	0
	0.764	6.25e-06	0	0.666667	0
	0.765	3.75e-05	0	0.666667	0
	0.766	3.125e-05	0	0.666667	0
	0.767	1.875e-05	0	0.666667	0
	0.768	3.125e-05	0	0.666667	0
	0.769	2.5e-05	0	0.666667	0
	0.77	3.75e-05	0	0.666667	0
	0.771	1.25e-05	0	0.666667	0
	0.772	3.75e-05	0	0.666667	0
	0.773	2.5e-05	0	0.666667	0
	0.774	1.875e-05	0	0.666667	0
	0.775	2.5e-05	0	0.5	0
	0.776	2.5e-05	0	0.5	0
	0.777	4.375e-05	0	0.5	0
	0.778	2.5e-05	0	0.5	0
	0.779	2.5e-05	0	0.5	0
	0.78	1.875e-05	0	0.5	0
	0.781	2.5e-05	0	0.5	0
	0.782	3.125e-05	0	0.5	0
	0.783	1.875e-05	0	0.5	0
	0.784	2.5e-05	0	0.5	0
	0.785	5e-05	0	0.5	0
	0.786	3.125e-05	0	0.5	0
	0.787	3.125e-05	0	0.5	0
	0.788	3.125e-05	0	0.5	0
	0.789	1.875e-05	0	0.5	0
	0.79	4.375e-05	0	0.5	0
	0.791	4.375e-05	0	0.5	0
	0.792	1.875e-05	0	0.5	0
	0.793	2.5e-05	0	0.5	0
	0.794	6.25e-06	0	0.5	0
	0.795	2.5e-05	0	0.5	0
	0.796	3.125e-05	0	0.5	0
	0.797	1.875e-05	0	0.6	0
	0.798	1.25e-05	0	0.6	0
	0.799	3.75e-05	0	0.6	0
	0.8	1.25e-05	0	0.6	0
	0.801	1.875e-05	0	0.6	0
	0.802	1.875e-05	0	0.6	0
	0.803	6.25e-06	0	0.6	0
	0.804	5e-05	0	0.6	0
	0.805	3.125e-05	0	0.6	0
	0.806	1.875e-05	0	0.6	0
	0.807	2.5e-05	0	0.6	0
	0.808	2.5e-05	0	0.6	0
	0.809	1.875e-05	0	0.6	0
	0.81	5.625e-05	0	0.6	0
	0.811	3.125e-05	0	0.6	0
	0.812	6.25e-06	0	0.6	0
	0.813	1.25e-05	0	0.6	0
	0.814	3.75e-05	0	0.6	0
	0.815	2.5e-05	0	0.4	0
	0.816	3.125e-05	0	0.4	0
	0.817	1.25e-05	0	0.4	0
	0.818	3.125e-05	0	0.4	0
	0.819	0	0	0.4	0
	0.82	1.25e-05	0	0.4	0
	0.821	1.25e-05	0	0.4	0
	0.822	1.875e-05	0	0.4	0
	0.823	1.25e-05	0	0.4	0
	0.824	3.75e-05	0	0.4	0
	0.825	0	0	0.5	0
	0.826	1.875e-05	0	0.5	0
	0.827	6.25e-06	0	0.5	0
	0.828	6.25e-06	0	0.5	0
	0.829	6.25e-06	0	0.5	0
	0.83	2.5e-05	0	0.5	0
	0.831	1.25e-05	0	0.25	0
	0.832	1.25e-05	0	0.25	0
	0.833	1.875e-05	0	0.25	0
	0.834	1.875e-05	0	0.333333	0
	0.835	1.875e-05	0	0.333333	0
	0.836	1.25e-05	0	0.333333	0
	0.837	0	0	0.333333	0
	0.838	1.25e-05	0	0.333333	0
	0.839	4.375e-05	0	0.333333	0
	0.84	1.875e-05	0	0.333333	0
	0.841	5.625e-05	0	0.333333	0
	0.842	1.25e-05	0	0.333333	0
	0.843	5.625e-05	0	0.333333	0
	0.844	3.75e-05	0	0.333333	0
	0.845	2.5e-05	0	0.333333	0
	0.846	2.5e-05	0	0.333333	0
	0.847	1.25e-05	0	0.333333	0
	0.848	3.125e-05	0	0.333333	0
	0.849	5e-05	0	0.333333	0
	0.85	5.625e-05	0	0.333333	0
	0.851	5e-05	0	0.333333	0
	0.852	3.75e-05	0	0.333333	0
	0.853	3.75e-05	0	0.333333	0
	0.854	3.75e-05	0	0.333333	0
	0.855	1.875e-05	0	0.333333	0
	0.856	4.375e-05	0	0.333333	0
	0.857	3.75e-05	0	0.333333	0
	0.858	3.75e-05	0	0.333333	0
	0.859	4.375e-05	0	0.333333	0
	0.86	1.25e-05	0	0.333333	0
	0.861	3.75e-05	0	0.333333	0
	0.862	3.75e-05	0	0.333333	0
	0.863	4.375e-05	0	0.333333	0
	0.864	2.5e-05	0	0.333333	0
	0.865	6.25e-06	0	0.333333	0
	0.866	1.25e-05	0	0.333333	0
	0.867	1.875e-05	0	0.5	0
	0.868	6.25e-06	0	0.5	0
	0.869	1.875e-05	0	0.5	0
	0.87	6.25e-06	0	0.5	0
	0.871	1.875e-05	0	0.5	0
	0.872	1.875e-05	0	0.5	0
	0.873	1.25e-05	0	0.5	0
	0.874	6.25e-06	0	0.5	0
	0.875	0	0	0.5	0
	0.876	0	0	0.5	0
	0.877	0	0	0.5	0
	0.878	0	0	0.5	0
	0.879	0	0	0.5	0
	0.88	0	0	0.5	0
	0.881	0	0	0.5	0
	0.882	0	0	0.5	0
	0.883	0	0	0.5	0
	0.884	0	0	0.5	0
	0.885	0	0	0.5	0
	0.886	0	0	0.5	0
	0.887	0	0	0.5	0
	0.888	6.25e-06	0	0.5	0
	0.889	0	0	1	0
	0.89	0	0	1	0
	0.891	0	0	1	0
	0.892	0	0	1	0
	0.893	0	0	1	0
	0.894	0	0	1	0
	0.895	0	0	1	0
	0.896	0	0	1	0
	0.897	0	0	1	0
	0.898	0	0	1	0
	0.899	0	0	1	0
	0.9	0	0	1	0
	0.901	0	0	1	0
	0.902	0	0	1	0
	0.903	0	0	1	0
	0.904	0	0	1	0
	0.905	0	0	1	0
	0.906	0	0	1	0
	0.907	0	0	1	0
	0.908	0	0	1	0
	0.909	0	0	1	0
	0.91	0	0	1	0
	0.911	0	0	1	0
	0.912	0	0	1	0
	0.913	0	0	1	0
	0.914	0	0	1	0
	0.915	0	0	1	0
	0.916	0	0	1	0
	0.917	0	0	1	0
	0.918	0	0	1	0
	0.919	0	0	1	0
	0.92	0	0	1	0
	0.921	0	0	1	0
	0.922	0	0	1	0
	0.923	0	0	1	0
	0.924	0	0	1	0
	0.925	0	0	1	0
	0.926	0	0	1	0
	0.927	0	0	1	0
	0.928	0	0	1	0
	0.929	0	0	1	0
	0.93	0	0	1	0
	0.931	0	0	1	0
	0.932	0	0	1	0
	0.933	6.25e-06	0	1	0
	0.934	6.25e-06	0	0	0
	0.935	0	0	0	0
	0.936	0	0	0	0
	0.937	0	0	0	0
	0.938	0	0	0	0
	0.939	1.25e-05	0	0	0
	0.94	1.25e-05	0	0	0
	0.941	6.25e-06	0	0	0
	0.942	1.25e-05	0	0	0
	0.943	4.375e-05	0	0	0
	0.944	2.5e-05	0	0	0
	0.945	1.25e-05	0	0	0
	0.946	0	0	0	0
	0.947	2.5e-05	0	0	0
	0.948	1.875e-05	0	0	0
	0.949	5e-05	0	0	0
	0.95	6.25e-06	0	0	0
	0.951	2.5e-05	0	0	0
	0.952	3.75e-05	0	0	0
	0.953	1.875e-05	0	0	0
	0.954	3.75e-05	0	0	0
	0.955	3.75e-05	0	0	0
	0.956	1.875e-05	0	0	0
	0.957	3.125e-05	0	0	0
	0.958	3.125e-05	0	0	0
	0.959	3.75e-05	0	0	0
	0.96	5.625e-05	0	0	0
	0.961	1.25e-05	0	0	0
	0.962	1.25e-05	0	0	0
	0.963	1.875e-05	0	0	0
	0.964	6.25e-06	0	0	0
	0.965	0	0	0	0
	0.966	0	0	0	0
	0.967	6.25e-06	0	0	0
	0.968	0	0	0	0
	0.969	0	0	0	0
	0.97	0	0	0	0
	0.971	0	0	0	0
	0.972	0	0	0	0
	0.973	0	0	0	0
	0.974	0	0	0	0
	0.975	0	0	0	0
	0.976	0	0	0	0
	0.977	0	0	0	0
	0.978	0	0	0	0
	0.979	0	0	0	0
	0.98	0	0	0	0
	0.981	0	0	0	0
	0.982	0	0	0	0
	0.983	0	0	0	0
	0.984	0	0	0	0
	0.985	0	0	0	0
	0.986	0	0	0	0
	0.987	0	0	0	0
	0.988	0	0	0	0
	0.989	0	0	0	0
	0.99	0	0	0	0
	0.991	0	0	0	0
	0.992	0	0	0	0
	0.993	0	0	0	0
	0.994	0	0	0	0
	0.995	0	0	0	0
	0.996	0	0	0	0
	0.997	0	0	0	0
	0.998	0	0	0	0
	0.999	0	0	0	0
	1	0	0	0	0


#	yrange	sparsity	# links	zeta	support at cross	fraction FP
	0	0.028125	45	0.0508277	0.06	0.044893
	0.9	0.028125	45	0.0508277	0.06	0.044893
