#	Frequencies and overlap
#	bins	MYC	shuffle	overlap_MYC	overlap_shuffle
	0	0.4396	0.462888	0.885106	0
	0.001	0	0	0.885106	0
	0.002	0	0	0.885106	0
	0.003	0	0	0.885106	0
	0.004	0	0	0.885106	0
	0.005	0	0	0.885106	0
	0.006	0	0	0.885106	0
	0.007	0	0	0.885106	0
	0.008	0	0	0.885106	0
	0.009	0	0	0.885106	0
	0.01	0	0	0.885106	0
	0.011	0	0	0.885106	0
	0.012	0	0	0.885106	0
	0.013	0	0	0.885106	0
	0.014	0	0	0.885106	0
	0.015	0	0	0.885106	0
	0.016	0	0	0.885106	0
	0.017	0	0	0.885106	0
	0.018	0	0	0.885106	0
	0.019	0	0	0.885106	0
	0.02	0	0	0.885106	0
	0.021	0	0	0.885106	0
	0.022	0	0	0.885106	0
	0.023	0	0	0.885106	0
	0.024	0	0	0.885106	0
	0.025	0	0	0.885106	0
	0.026	0	0	0.885106	0
	0.027	0	0	0.885106	0
	0.028	0	0	0.885106	0
	0.029	0	0	0.885106	0
	0.03	0	0	0.885106	0
	0.031	0	0	0.885106	0
	0.032	0	0	0.885106	0
	0.033	0	0	0.885106	0
	0.034	0	0	0.885106	0
	0.035	0	0	0.885106	0
	0.036	0	0	0.885106	0
	0.037	0	0	0.885106	0
	0.038	0	0	0.885106	0
	0.039	0	0	0.885106	0
	0.04	0	0	0.885106	0
	0.041	0	0	0.885106	0
	0.042	0	0	0.885106	0
	0.043	0	0	0.885106	0
	0.044	0	0	0.885106	0
	0.045	0	0	0.885106	0
	0.046	0	0	0.885106	0
	0.047	0	0	0.885106	0
	0.048	0	0	0.885106	0
	0.049	0	0	0.885106	0
	0.05	0	0	0.885106	0
	0.051	0	0	0.885106	0
	0.052	0	0	0.885106	0
	0.053	0	0	0.885106	0
	0.054	0	0	0.885106	0
	0.055	0	0	0.885106	0
	0.056	0	0	0.885106	0
	0.057	0	0	0.885106	0
	0.058	0	0	0.885106	0
	0.059	0	0	0.885106	0
	0.06	0	0	0.885106	0
	0.061	0	0	0.885106	0
	0.062	0	0	0.885106	0
	0.063	0	0	0.885106	0
	0.064	0	0	0.885106	0
	0.065	0	0	0.885106	0
	0.066	0	0	0.885106	0
	0.067	0	0	0.885106	0
	0.068	0	0	0.885106	0
	0.069	0	0	0.885106	0
	0.07	0	0	0.885106	0
	0.071	0	0	0.885106	0
	0.072	0	0	0.885106	0
	0.073	0	0	0.885106	0
	0.074	0	0	0.885106	0
	0.075	0	0	0.885106	0
	0.076	0	0	0.885106	0
	0.077	0	0	0.885106	0
	0.078	0	0	0.885106	0
	0.079	0	0	0.885106	0
	0.08	0	0	0.885106	0
	0.081	0	0	0.885106	0
	0.082	0	0	0.885106	0
	0.083	0	0	0.885106	0
	0.084	0	0	0.885106	0
	0.085	0	0	0.885106	0
	0.086	0	0	0.885106	0
	0.087	0	0	0.885106	0
	0.088	0	0	0.885106	0
	0.089	0	0	0.885106	0
	0.09	0	0	0.885106	0
	0.091	0	0	0.885106	0
	0.092	0	0	0.885106	0
	0.093	0	0	0.885106	0
	0.094	0	0	0.885106	0
	0.095	0	0	0.885106	0
	0.096	0	0	0.885106	0
	0.097	0	0	0.885106	0
	0.098	0	0	0.885106	0
	0.099	0	0	0.885106	0
	0.1	0	0	0.885106	0
	0.101	0	0	0.885106	0
	0.102	0	0	0.885106	0
	0.103	0	0	0.885106	0
	0.104	0	0	0.885106	0
	0.105	0	0	0.885106	0
	0.106	0	0	0.885106	0
	0.107	0	0	0.885106	0
	0.108	0	0	0.885106	0
	0.109	0	0	0.885106	0
	0.11	0	0	0.885106	0
	0.111	0	0	0.885106	0
	0.112	0	0	0.885106	0
	0.113	0	0	0.885106	0
	0.114	0	0	0.885106	0
	0.115	0	0	0.885106	0
	0.116	0	0	0.885106	0
	0.117	0	0	0.885106	0
	0.118	0	0	0.885106	0
	0.119	0	0	0.885106	0
	0.12	0	0	0.885106	0
	0.121	0	0	0.885106	0
	0.122	0	0	0.885106	0
	0.123	0	0	0.885106	0
	0.124	0	0	0.885106	0
	0.125	0	0	0.885106	0
	0.126	0	0	0.885106	0
	0.127	0	0	0.885106	0
	0.128	0	0	0.885106	0
	0.129	0	0	0.885106	0
	0.13	0	0	0.885106	0
	0.131	0	0	0.885106	0
	0.132	0	0	0.885106	0
	0.133	0	0	0.885106	0
	0.134	0	0	0.885106	0
	0.135	0	0	0.885106	0
	0.136	0	0	0.885106	0
	0.137	0	0	0.885106	0
	0.138	0	0	0.885106	0
	0.139	0	0	0.885106	0
	0.14	0	0	0.885106	0
	0.141	0	0	0.885106	0
	0.142	0	0	0.885106	0
	0.143	0	0	0.885106	0
	0.144	0	0	0.885106	0
	0.145	0	0	0.885106	0
	0.146	0	0	0.885106	0
	0.147	0	0	0.885106	0
	0.148	0	0	0.885106	0
	0.149	0	0	0.885106	0
	0.15	0	0	0.885106	0
	0.151	0	0	0.885106	0
	0.152	0	0	0.885106	0
	0.153	0	0	0.885106	0
	0.154	0	0	0.885106	0
	0.155	0	0	0.885106	0
	0.156	0	0	0.885106	0
	0.157	0	0	0.885106	0
	0.158	0	0	0.885106	0
	0.159	0	0	0.885106	0
	0.16	0	0	0.885106	0
	0.161	0	0	0.885106	0
	0.162	0	0	0.885106	0
	0.163	0	0	0.885106	0
	0.164	0	0	0.885106	0
	0.165	0	0	0.885106	0
	0.166	0	0	0.885106	0
	0.167	0	0	0.885106	0
	0.168	0	0	0.885106	0
	0.169	0	0	0.885106	0
	0.17	0	0	0.885106	0
	0.171	0	0	0.885106	0
	0.172	0	0	0.885106	0
	0.173	0	0	0.885106	0
	0.174	0	0	0.885106	0
	0.175	0	0	0.885106	0
	0.176	0	0	0.885106	0
	0.177	0	0	0.885106	0
	0.178	0	0	0.885106	0
	0.179	0	0	0.885106	0
	0.18	0	0	0.885106	0
	0.181	0	0	0.885106	0
	0.182	0	0	0.885106	0
	0.183	0	0	0.885106	0
	0.184	0	0	0.885106	0
	0.185	0	0	0.885106	0
	0.186	0	0	0.885106	0
	0.187	0	0	0.885106	0
	0.188	0	0	0.885106	0
	0.189	0	0	0.885106	0
	0.19	0	0	0.885106	0
	0.191	0	0	0.885106	0
	0.192	0	0	0.885106	0
	0.193	0	0	0.885106	0
	0.194	0	0	0.885106	0
	0.195	0	0	0.885106	0
	0.196	0	0	0.885106	0
	0.197	0	0	0.885106	0
	0.198	0	0	0.885106	0
	0.199	0	0	0.885106	0
	0.2	0	0	0.885106	0
	0.201	0	0	0.885106	0
	0.202	0	0	0.885106	0
	0.203	0	0	0.885106	0
	0.204	0	0	0.885106	0
	0.205	0	0	0.885106	0
	0.206	0	0	0.885106	0
	0.207	0	0	0.885106	0
	0.208	0	0	0.885106	0
	0.209	0	0	0.885106	0
	0.21	0	0	0.885106	0
	0.211	0	0	0.885106	0
	0.212	0	0	0.885106	0
	0.213	0	0	0.885106	0
	0.214	0	0	0.885106	0
	0.215	0	0	0.885106	0
	0.216	0	0	0.885106	0
	0.217	0	0	0.885106	0
	0.218	0	0	0.885106	0
	0.219	0	0	0.885106	0
	0.22	0	0	0.885106	0
	0.221	0	0	0.885106	0
	0.222	0	0	0.885106	0
	0.223	0	0	0.885106	0
	0.224	0	0	0.885106	0
	0.225	0	0	0.885106	0
	0.226	0	0	0.885106	0
	0.227	0	0	0.885106	0
	0.228	0	0	0.885106	0
	0.229	0	0	0.885106	0
	0.23	0	0	0.885106	0
	0.231	0	0	0.885106	0
	0.232	0	0	0.885106	0
	0.233	0	0	0.885106	0
	0.234	0	0	0.885106	0
	0.235	0	0	0.885106	0
	0.236	0	0	0.885106	0
	0.237	0	0	0.885106	0
	0.238	0	0	0.885106	0
	0.239	0	0	0.885106	0
	0.24	0	0	0.885106	0
	0.241	0	0	0.885106	0
	0.242	0	0	0.885106	0
	0.243	0	0	0.885106	0
	0.244	0	0	0.885106	0
	0.245	0	0	0.885106	0
	0.246	0	0	0.885106	0
	0.247	0	0	0.885106	0
	0.248	0	0	0.885106	0
	0.249	0	0	0.885106	0
	0.25	0	0	0.885106	0
	0.251	0	0	0.885106	0
	0.252	0	0	0.885106	0
	0.253	0	0	0.885106	0
	0.254	0	0	0.885106	0
	0.255	0	0	0.885106	0
	0.256	0	0	0.885106	0
	0.257	0	0	0.885106	0
	0.258	0	0	0.885106	0
	0.259	0	0	0.885106	0
	0.26	0	0	0.885106	0
	0.261	0	0	0.885106	0
	0.262	0	0	0.885106	0
	0.263	0	0	0.885106	0
	0.264	0	0	0.885106	0
	0.265	0	0	0.885106	0
	0.266	0	0	0.885106	0
	0.267	0	0	0.885106	0
	0.268	0	0	0.885106	0
	0.269	0	0	0.885106	0
	0.27	0	0	0.885106	0
	0.271	0	0	0.885106	0
	0.272	0	0	0.885106	0
	0.273	0	0	0.885106	0
	0.274	0	0	0.885106	0
	0.275	0	0	0.885106	0
	0.276	0	0	0.885106	0
	0.277	0	0	0.885106	0
	0.278	0	0	0.885106	0
	0.279	0	0	0.885106	0
	0.28	0	0	0.885106	0
	0.281	0	0	0.885106	0
	0.282	0	0	0.885106	0
	0.283	0	0	0.885106	0
	0.284	0	0	0.885106	0
	0.285	0	0	0.885106	0
	0.286	0	0	0.885106	0
	0.287	0	0	0.885106	0
	0.288	0	0	0.885106	0
	0.289	0	0	0.885106	0
	0.29	0	0	0.885106	0
	0.291	0	0	0.885106	0
	0.292	0	0	0.885106	0
	0.293	0	0	0.885106	0
	0.294	0	0	0.885106	0
	0.295	0	0	0.885106	0
	0.296	0	0	0.885106	0
	0.297	0	0	0.885106	0
	0.298	0	0	0.885106	0
	0.299	0	0	0.885106	0
	0.3	0	0	0.885106	0
	0.301	0	0	0.885106	0
	0.302	0	0	0.885106	0
	0.303	0	0	0.885106	0
	0.304	0	0	0.885106	0
	0.305	0	0	0.885106	0
	0.306	0	0	0.885106	0
	0.307	0	0	0.885106	0
	0.308	0	0	0.885106	0
	0.309	0	0	0.885106	0
	0.31	0	0	0.885106	0
	0.311	0	0	0.885106	0
	0.312	0	0	0.885106	0
	0.313	0	0	0.885106	0
	0.314	0	0	0.885106	0
	0.315	0	0	0.885106	0
	0.316	0	0	0.885106	0
	0.317	0	0	0.885106	0
	0.318	0	0	0.885106	0
	0.319	0	0	0.885106	0
	0.32	0	0	0.885106	0
	0.321	0	0	0.885106	0
	0.322	0	0	0.885106	0
	0.323	0	0	0.885106	0
	0.324	0	0	0.885106	0
	0.325	0	0	0.885106	0
	0.326	0	0	0.885106	0
	0.327	0	0	0.885106	0
	0.328	0	0	0.885106	0
	0.329	0	0	0.885106	0
	0.33	0	0	0.885106	0
	0.331	0	0	0.885106	0
	0.332	0	0	0.885106	0
	0.333	0	0	0.885106	0
	0.334	0	0	0.885106	0
	0.335	0	0	0.885106	0
	0.336	0	0	0.885106	0
	0.337	0	0	0.885106	0
	0.338	0	0	0.885106	0
	0.339	0	0	0.885106	0
	0.34	0	0	0.885106	0
	0.341	0	0	0.885106	0
	0.342	0	0	0.885106	0
	0.343	0	0	0.885106	0
	0.344	0	0	0.885106	0
	0.345	0	0	0.885106	0
	0.346	0	0	0.885106	0
	0.347	0	0	0.885106	0
	0.348	0	0	0.885106	0
	0.349	0	0	0.885106	0
	0.35	0	0	0.885106	0
	0.351	0	0	0.885106	0
	0.352	0	0	0.885106	0
	0.353	0	0	0.885106	0
	0.354	0	0	0.885106	0
	0.355	0	0	0.885106	0
	0.356	0	0	0.885106	0
	0.357	0	0	0.885106	0
	0.358	0	0	0.885106	0
	0.359	0	0	0.885106	0
	0.36	0	0	0.885106	0
	0.361	0	0	0.885106	0
	0.362	0	0	0.885106	0
	0.363	0	0	0.885106	0
	0.364	0	0	0.885106	0
	0.365	0	0	0.885106	0
	0.366	0	0	0.885106	0
	0.367	0	0	0.885106	0
	0.368	0	0	0.885106	0
	0.369	0	0	0.885106	0
	0.37	0	0	0.885106	0
	0.371	0	0	0.885106	0
	0.372	0	0	0.885106	0
	0.373	0	0	0.885106	0
	0.374	0	0	0.885106	0
	0.375	0	0	0.885106	0
	0.376	0	0	0.885106	0
	0.377	0	0	0.885106	0
	0.378	0	0	0.885106	0
	0.379	0	0	0.885106	0
	0.38	0	0	0.885106	0
	0.381	0	0	0.885106	0
	0.382	0	0	0.885106	0
	0.383	0	0	0.885106	0
	0.384	0	0	0.885106	0
	0.385	0	0	0.885106	0
	0.386	0	0	0.885106	0
	0.387	0	0	0.885106	0
	0.388	0	0	0.885106	0
	0.389	0	0	0.885106	0
	0.39	0	0	0.885106	0
	0.391	0	0	0.885106	0
	0.392	0	0	0.885106	0
	0.393	0	0	0.885106	0
	0.394	0	0	0.885106	0
	0.395	0	0	0.885106	0
	0.396	0	0	0.885106	0
	0.397	0	0	0.885106	0
	0.398	0	0	0.885106	0
	0.399	0	0	0.885106	0
	0.4	0	0	0.885106	0
	0.401	0	0	0.885106	0
	0.402	0	0	0.885106	0
	0.403	0	0	0.885106	0
	0.404	0	0	0.885106	0
	0.405	0	0	0.885106	0
	0.406	0	0	0.885106	0
	0.407	0	0	0.885106	0
	0.408	0	0	0.885106	0
	0.409	0	0	0.885106	0
	0.41	0	0	0.885106	0
	0.411	0	0	0.885106	0
	0.412	0	0	0.885106	0
	0.413	0	0	0.885106	0
	0.414	0	0	0.885106	0
	0.415	0	0	0.885106	0
	0.416	0	0	0.885106	0
	0.417	0	0	0.885106	0
	0.418	0	0	0.885106	0
	0.419	0	0	0.885106	0
	0.42	0	0	0.885106	0
	0.421	0	0	0.885106	0
	0.422	0	0	0.885106	0
	0.423	0	0	0.885106	0
	0.424	0	0	0.885106	0
	0.425	0	0	0.885106	0
	0.426	0	0	0.885106	0
	0.427	0	0	0.885106	0
	0.428	0	0	0.885106	0
	0.429	0	0	0.885106	0
	0.43	0	0	0.885106	0
	0.431	0	0	0.885106	0
	0.432	0	0	0.885106	0
	0.433	0	0	0.885106	0
	0.434	0	0	0.885106	0
	0.435	0	0	0.885106	0
	0.436	0	0	0.885106	0
	0.437	0	0	0.885106	0
	0.438	0	0	0.885106	0
	0.439	0	0	0.885106	0
	0.44	0	0	0.885106	0
	0.441	0	0	0.885106	0
	0.442	0	0	0.885106	0
	0.443	0	0	0.885106	0
	0.444	0	0	0.885106	0
	0.445	0	0	0.885106	0
	0.446	0	0	0.885106	0
	0.447	0	0	0.885106	0
	0.448	0	0	0.885106	0
	0.449	0	0	0.885106	0
	0.45	0	0	0.885106	0
	0.451	0	0	0.885106	0
	0.452	0	0	0.885106	0
	0.453	0	0	0.885106	0
	0.454	0	0	0.885106	0
	0.455	0	0	0.885106	0
	0.456	0	0	0.885106	0
	0.457	0	0	0.885106	0
	0.458	0	0	0.885106	0
	0.459	0	0	0.885106	0
	0.46	0	0	0.885106	0
	0.461	0	0	0.885106	0
	0.462	0	0	0.885106	0
	0.463	0	0	0.885106	0
	0.464	0	0	0.885106	0
	0.465	0	0	0.885106	0
	0.466	0	0	0.885106	0
	0.467	0	0	0.885106	0
	0.468	0	0	0.885106	0
	0.469	0	0	0.885106	0
	0.47	0	0	0.885106	0
	0.471	0	0	0.885106	0
	0.472	0	0	0.885106	0
	0.473	0	0	0.885106	0
	0.474	0	0	0.885106	0
	0.475	0	0	0.885106	0
	0.476	0	0	0.885106	0
	0.477	0	0	0.885106	0
	0.478	0	0	0.885106	0
	0.479	0	0	0.885106	0
	0.48	6.25e-06	0	0.885106	0
	0.481	6.25e-06	0	0.885106	0
	0.482	1.875e-05	0	0.885106	0
	0.483	1.875e-05	0	0.885106	0
	0.484	2.5e-05	0	0.885106	0
	0.485	2.5e-05	0	0.885106	0
	0.486	1.25e-05	0	0.885106	0
	0.487	6.25e-05	0	0.885106	0
	0.488	2.5e-05	0	0.885106	0
	0.489	5e-05	0	0.885106	0
	0.49	5e-05	0	0.885106	0
	0.491	7.5e-05	6.25e-06	0.885106	0
	0.492	0.000125	7.5e-05	0.884043	0
	0.493	0.00015	0.00014375	0.884043	0
	0.494	0.00025	0.00015	0.884984	0
	0.495	0.00026875	0.00026875	0.884984	0
	0.496	0.0003625	0.00055	0.884984	0
	0.497	0.00040625	0.0005875	0.884861	0
	0.498	0.0004875	0.0008875	0.883795	0
	0.499	0.000675	0.0012375	0.881663	0
	0.5	0.0009	0.00139375	0.877268	0
	0.501	0.00085	0.0010375	0.878205	0
	0.502	0.0008125	0.00115625	0.877005	0
	0.503	0.00075	0.0012125	0.88172	0
	0.504	0.00090625	0.00129375	0.880645	0
	0.505	0.000875	0.00120625	0.87944	0
	0.506	0.000825	0.0012875	0.882289	0
	0.507	0.0010375	0.001175	0.882162	0
	0.508	0.0009125	0.00114375	0.883117	0
	0.509	0.0008625	0.0012125	0.88299	0
	0.51	0.0009	0.001325	0.881779	0
	0.511	0.00086875	0.00126875	0.87961	0
	0.512	0.000825	0.00120625	0.87961	0
	0.513	0.0008	0.00110625	0.879479	0
	0.514	0.00091875	0.00121875	0.878393	0
	0.515	0.0009125	0.001175	0.878393	0
	0.516	0.00099375	0.00125	0.878261	0
	0.517	0.001025	0.00114375	0.878128	0
	0.518	0.00091875	0.00120625	0.87704	0
	0.519	0.00093125	0.00135625	0.874864	0
	0.52	0.00109375	0.00138125	0.8716	0
	0.521	0.00095	0.0011875	0.876232	0
	0.522	0.00111875	0.001125	0.870756	0
	0.523	0.0011625	0.0012	0.86966	0
	0.524	0.000925	0.00126875	0.868565	0
	0.525	0.0011875	0.00115625	0.868565	0
	0.526	0.0010375	0.00125625	0.866228	0
	0.527	0.0009625	0.0012375	0.865934	0
	0.528	0.0010375	0.001275	0.863586	0
	0.529	0.00105	0.00134375	0.861233	0
	0.53	0.0010375	0.00119375	0.860927	0
	0.531	0.00108125	0.0012	0.860773	0
	0.532	0.00104375	0.0011875	0.861726	0
	0.533	0.0011125	0.0012125	0.864595	0
	0.534	0.00079375	0.00114375	0.864444	0
	0.535	0.0009875	0.00126875	0.861111	0
	0.536	0.0011	0.001075	0.859844	0
	0.537	0.00105625	0.001125	0.857461	0
	0.538	0.00099375	0.00111875	0.857302	0
	0.539	0.0008875	0.00123125	0.857302	0
	0.54	0.00106875	0.0013375	0.856187	0
	0.541	0.00106875	0.0013625	0.857942	0
	0.542	0.00096875	0.00123125	0.859865	0
	0.543	0.0010375	0.0011875	0.858744	0
	0.544	0.0009875	0.0013375	0.857464	0
	0.545	0.0009375	0.00134375	0.85618	0
	0.546	0.00096875	0.00128125	0.859076	0
	0.547	0.00085625	0.00120625	0.861017	0
	0.548	0.00104375	0.00125	0.86086	0
	0.549	0.00101875	0.001325	0.861678	0
	0.55	0.00098125	0.0010625	0.861678	0
	0.551	0.00096875	0.00120625	0.860068	0
	0.552	0.00100625	0.00124375	0.859749	0
	0.553	0.00095625	0.00123125	0.859749	0
	0.554	0.00095	0.0012625	0.859429	0
	0.555	0.00093125	0.001275	0.862385	0
	0.556	0.00090625	0.00125625	0.862385	0
	0.557	0.0009875	0.00113125	0.863375	0
	0.558	0.0009625	0.001275	0.865362	0
	0.559	0.000925	0.0011625	0.866051	0
	0.56	0.00093125	0.00138125	0.869061	0
	0.561	0.0008125	0.0011	0.868605	0
	0.562	0.00098125	0.00111875	0.866978	0
	0.563	0.00079375	0.0012	0.864644	0
	0.564	0.000975	0.00128125	0.864486	0
	0.565	0.0009125	0.00131875	0.863318	0
	0.566	0.0008125	0.00106875	0.866354	0
	0.567	0.00091875	0.00116875	0.871311	0
	0.568	0.0008625	0.00131875	0.871006	0
	0.569	0.0008125	0.001075	0.868639	0
	0.57	0.0009375	0.0012375	0.868483	0
	0.571	0.0009625	0.00133125	0.868327	0
	0.572	0.0008625	0.0012125	0.868171	0
	0.573	0.00085	0.0012625	0.869203	0
	0.574	0.000925	0.00115625	0.870238	0
	0.575	0.00091875	0.00125	0.870968	0
	0.576	0.00085625	0.00120625	0.87201	0
	0.577	0.0007625	0.00118125	0.876202	0
	0.578	0.000775	0.0014625	0.876053	0
	0.579	0.00088125	0.00123125	0.877108	0
	0.58	0.00083125	0.00123125	0.876812	0
	0.581	0.00085	0.0012625	0.876364	0
	0.582	0.0008375	0.0010875	0.873786	0
	0.583	0.00090625	0.001225	0.876979	0
	0.584	0.0008	0.00119375	0.876829	0
	0.585	0.0008	0.001225	0.8779	0
	0.586	0.00080625	0.0011375	0.880049	0
	0.587	0.0007625	0.001225	0.878825	0
	0.588	0.000675	0.0014	0.878825	0
	0.589	0.00079375	0.0011125	0.875	0
	0.59	0.0007875	0.0013125	0.879162	0
	0.591	0.0008375	0.00120625	0.877778	0
	0.592	0.00089375	0.00125625	0.876238	0
	0.593	0.00079375	0.001175	0.875931	0
	0.594	0.00080625	0.00114375	0.87469	0
	0.595	0.00068125	0.00130625	0.876559	0
	0.596	0.00078125	0.0013	0.875156	0
	0.597	0.0007375	0.00110625	0.872659	0
	0.598	0.00079375	0.0012375	0.870162	0
	0.599	0.00085625	0.00116875	0.870927	0
	0.6	0.000825	0.00128125	0.869674	0
	0.601	0.00083125	0.001175	0.868421	0
	0.602	0.00083125	0.00129375	0.864662	0
	0.603	0.00066875	0.00135	0.864492	0
	0.604	0.0007125	0.00128125	0.865409	0
	0.605	0.0009375	0.00119375	0.868687	0
	0.606	0.00089375	0.001175	0.868188	0
	0.607	0.0007	0.0012125	0.867684	0
	0.608	0.000775	0.0012125	0.867516	0
	0.609	0.00081875	0.00121875	0.870844	0
	0.61	0.0007875	0.0013	0.872914	0
	0.611	0.00073125	0.00123125	0.873711	0
	0.612	0.00085	0.00125625	0.873711	0
	0.613	0.000625	0.00124375	0.872258	0
	0.614	0.0007375	0.00123125	0.869677	0
	0.615	0.00089375	0.00100625	0.870634	0
	0.616	0.0007625	0.00133125	0.871762	0
	0.617	0.00089375	0.00115	0.872727	0
	0.618	0.0007375	0.0013	0.873862	0
	0.619	0.00086875	0.0012625	0.875	0
	0.62	0.00065625	0.00125625	0.873533	0
	0.621	0.0007625	0.0012125	0.87451	0
	0.622	0.00068125	0.001175	0.871895	0
	0.623	0.0009	0.00119375	0.87287	0
	0.624	0.00070625	0.001275	0.872703	0
	0.625	0.00078125	0.00121875	0.87385	0
	0.626	0.00089375	0.0012375	0.871053	0
	0.627	0.00085625	0.00136875	0.869565	0
	0.628	0.0007875	0.00126875	0.868248	0
	0.629	0.00090625	0.00124375	0.870542	0
	0.63	0.0008625	0.00110625	0.87037	0
	0.631	0.0008	0.00118125	0.870027	0
	0.632	0.00075	0.00134375	0.868526	0
	0.633	0.00085	0.00125	0.867021	0
	0.634	0.00091875	0.00123125	0.865691	0
	0.635	0.0008875	0.00131875	0.866489	0
	0.636	0.0009	0.0013	0.866489	0
	0.637	0.0008875	0.0011875	0.866489	0
	0.638	0.00081875	0.0012375	0.86631	0
	0.639	0.00080625	0.00140625	0.865952	0
	0.64	0.00098125	0.001075	0.864611	0
	0.641	0.00081875	0.00135	0.861745	0
	0.642	0.0008625	0.00130625	0.861373	0
	0.643	0.0009	0.0012	0.859838	0
	0.644	0.00083125	0.0012625	0.8583	0
	0.645	0.00083125	0.0013375	0.8583	0
	0.646	0.0008875	0.00124375	0.861601	0
	0.647	0.00075625	0.00120625	0.862585	0
	0.648	0.0008125	0.0012875	0.86221	0
	0.649	0.0008375	0.001175	0.860846	0
	0.65	0.0009	0.00138125	0.856753	0
	0.651	0.000825	0.00123125	0.857923	0
	0.652	0.0008625	0.00126875	0.853625	0
	0.653	0.00078125	0.00135	0.852257	0
	0.654	0.00080625	0.0012875	0.852055	0
	0.655	0.00085625	0.00121875	0.853022	0
	0.656	0.00083125	0.00125	0.855372	0
	0.657	0.00075625	0.00129375	0.857735	0
	0.658	0.000775	0.00150625	0.857538	0
	0.659	0.0008125	0.00129375	0.856155	0
	0.66	0.00075	0.001325	0.853186	0
	0.661	0.0007625	0.00138125	0.853186	0
	0.662	0.00080625	0.00120625	0.851595	0
	0.663	0.00083125	0.001375	0.852573	0
	0.664	0.00080625	0.0012125	0.852368	0
	0.665	0.00075	0.00140625	0.852162	0
	0.666	0.00084375	0.0011875	0.854545	0
	0.667	0.00090625	0.001375	0.856942	0
	0.668	0.000775	0.0013125	0.856742	0
	0.669	0.00088125	0.0013375	0.853727	0
	0.67	0.0008	0.00125625	0.856135	0
	0.671	0.00066875	0.00128125	0.857345	0
	0.672	0.00080625	0.00130625	0.858557	0
	0.673	0.0008375	0.0013375	0.860795	0
	0.674	0.00088125	0.0010875	0.858974	0
	0.675	0.00084375	0.00126875	0.857143	0
	0.676	0.0007	0.00136875	0.855714	0
	0.677	0.0008375	0.00133125	0.855508	0
	0.678	0.00065	0.00134375	0.860231	0
	0.679	0.00078125	0.0013375	0.863768	0
	0.68	0.00075625	0.0013625	0.859216	0
	0.681	0.0007625	0.0013	0.859012	0
	0.682	0.0007875	0.00126875	0.861516	0
	0.683	0.00083125	0.0011375	0.861314	0
	0.684	0.0009375	0.00128125	0.862372	0
	0.685	0.00093125	0.00114375	0.859031	0
	0.686	0.000975	0.00125625	0.857353	0
	0.687	0.00080625	0.001425	0.858407	0
	0.688	0.00083125	0.00128125	0.862222	0
	0.689	0.0009375	0.00108125	0.860534	0
	0.69	0.00090625	0.00124375	0.855869	0
	0.691	0.00084375	0.0012875	0.85842	0
	0.692	0.0008125	0.001275	0.859701	0
	0.693	0.00071875	0.00118125	0.860987	0
	0.694	0.00083125	0.0012375	0.859281	0
	0.695	0.00083125	0.00121875	0.857784	0
	0.696	0.0009125	0.00120625	0.857357	0
	0.697	0.0008625	0.001375	0.855856	0
	0.698	0.00090625	0.00124375	0.84985	0
	0.699	0.0008125	0.00134375	0.849624	0
	0.7	0.000875	0.0011625	0.850904	0
	0.701	0.0009125	0.00138125	0.850679	0
	0.702	0.00086875	0.00124375	0.850227	0
	0.703	0.00078125	0.00125	0.851515	0
	0.704	0.0008625	0.001275	0.849772	0
	0.705	0.000675	0.00119375	0.851064	0
	0.706	0.000825	0.00115625	0.849544	0
	0.707	0.0007875	0.0013375	0.847793	0
	0.708	0.00085625	0.00115625	0.850382	0
	0.709	0.0008375	0.00133125	0.852761	0
	0.71	0.00079375	0.00115625	0.84816	0
	0.711	0.00081875	0.001225	0.843318	0
	0.712	0.00075625	0.00130625	0.844615	0
	0.713	0.0009	0.00123125	0.841538	0
	0.714	0.0007375	0.00141875	0.844136	0
	0.715	0.000825	0.00125	0.847826	0
	0.716	0.0010375	0.00145	0.846034	0
	0.717	0.0008625	0.0011625	0.845794	0
	0.718	0.00076875	0.00114375	0.846875	0
	0.719	0.00076875	0.00134375	0.850863	0
	0.72	0.000825	0.00126875	0.848819	0
	0.721	0.00080625	0.0011625	0.847244	0
	0.722	0.00076875	0.00113125	0.849921	0
	0.723	0.00074375	0.0013875	0.847619	0
	0.724	0.00085625	0.00125	0.847134	0
	0.725	0.00084375	0.0011875	0.8512	0
	0.726	0.0008625	0.0011875	0.851852	0
	0.727	0.0008375	0.00126875	0.855987	0
	0.728	0.00093125	0.00120625	0.855519	0
	0.729	0.0009125	0.00131875	0.853659	0
	0.73	0.0007625	0.001325	0.84878	0
	0.731	0.0009125	0.001175	0.847154	0
	0.732	0.0009125	0.00113125	0.840391	0
	0.733	0.00100625	0.00113125	0.840131	0
	0.734	0.00090625	0.00106875	0.841244	0
	0.735	0.00085	0.0012625	0.840984	0
	0.736	0.0008625	0.00120625	0.839344	0
	0.737	0.00100625	0.0012125	0.841584	0
	0.738	0.0009	0.00130625	0.842975	0
	0.739	0.0009375	0.00124375	0.842975	0
	0.74	0.00080625	0.001275	0.841322	0
	0.741	0.0007	0.00116875	0.842454	0
	0.742	0.00093125	0.0011125	0.838602	0
	0.743	0.00079375	0.00115	0.836938	0
	0.744	0.00105	0.00113125	0.839733	0
	0.745	0.00095	0.00108125	0.837793	0
	0.746	0.00091875	0.001225	0.837793	0
	0.747	0.0008875	0.00110625	0.837521	0
	0.748	0.00074375	0.001275	0.835846	0
	0.749	0.00090625	0.0012	0.835846	0
	0.75	0.00085	0.00129375	0.834171	0
	0.751	0.00095625	0.0012	0.835017	0
	0.752	0.00085	0.00125625	0.834459	0
	0.753	0.00091875	0.00114375	0.831081	0
	0.754	0.000825	0.0012125	0.827411	0
	0.755	0.00094375	0.0013375	0.825719	0
	0.756	0.0009625	0.00133125	0.826825	0
	0.757	0.0009	0.00126875	0.82483	0
	0.758	0.0009	0.0013375	0.824232	0
	0.759	0.0009375	0.00128125	0.823932	0
	0.76	0.00105625	0.0011875	0.824441	0
	0.761	0.00088125	0.00111875	0.825862	0
	0.762	0.0008375	0.0011875	0.825561	0
	0.763	0.00088125	0.0012	0.823529	0
	0.764	0.0009625	0.001225	0.826389	0
	0.765	0.00105	0.00129375	0.824348	0
	0.766	0.00095	0.00115625	0.8223	0
	0.767	0.00095	0.001275	0.820244	0
	0.768	0.0009	0.0011125	0.820738	0
	0.769	0.00093125	0.00113125	0.815466	0
	0.77	0.000925	0.00118125	0.809859	0
	0.771	0.00091875	0.0012	0.815603	0
	0.772	0.00099375	0.00115625	0.814947	0
	0.773	0.00100625	0.0013	0.816071	0
	0.774	0.0010125	0.0011125	0.813953	0
	0.775	0.00099375	0.00125625	0.810376	0
	0.776	0.001	0.001	0.81149	0
	0.777	0.00101875	0.0011375	0.81736	0
	0.778	0.0011375	0.0013375	0.817029	0
	0.779	0.00095625	0.00145	0.813406	0
	0.78	0.000925	0.00135	0.813406	0
	0.781	0.00111875	0.00106875	0.816029	0
	0.782	0.00093125	0.00116875	0.814208	0
	0.783	0.000825	0.00123125	0.814208	0
	0.784	0.00090625	0.0012125	0.814679	0
	0.785	0.0008625	0.001125	0.810662	0
	0.786	0.00095625	0.00125625	0.804788	0
	0.787	0.00098125	0.00123125	0.802583	0
	0.788	0.00095625	0.00119375	0.8	0
	0.789	0.0008625	0.0011375	0.799629	0
	0.79	0.00089375	0.00120625	0.792208	0
	0.791	0.00103125	0.00125625	0.786245	0
	0.792	0.00085625	0.0011	0.783582	0
	0.793	0.00115	0.0011375	0.785047	0
	0.794	0.00120625	0.00124375	0.786116	0
	0.795	0.00098125	0.00115625	0.785311	0
	0.796	0.0009375	0.00115	0.784499	0
	0.797	0.00105625	0.0009875	0.784499	0
	0.798	0.00109375	0.00109375	0.785171	0
	0.799	0.001025	0.0012625	0.787763	0
	0.8	0.00115	0.00119375	0.788462	0
	0.801	0.001025	0.00104375	0.785714	0
	0.802	0.00115	0.00110625	0.7853	0
	0.803	0.00115	0.0012875	0.782524	0
	0.804	0.00111875	0.00104375	0.785156	0
	0.805	0.00115	0.0011125	0.787819	0
	0.806	0.00128125	0.0011125	0.785433	0
	0.807	0.0010875	0.00125	0.781065	0
	0.808	0.00134375	0.0010875	0.779093	0
	0.809	0.0011625	0.00116875	0.775148	0
	0.81	0.00125625	0.0011375	0.779762	0
	0.811	0.00111875	0.00125	0.778884	0
	0.812	0.00135625	0.00113125	0.78	0
	0.813	0.00108125	0.0011375	0.783133	0
	0.814	0.00110625	0.00118125	0.780684	0
	0.815	0.00109375	0.0011875	0.782258	0
	0.816	0.0012375	0.00129375	0.781818	0
	0.817	0.00118125	0.00116875	0.780933	0
	0.818	0.00116875	0.00118125	0.775967	0
	0.819	0.00115	0.0011375	0.775051	0
	0.82	0.00116875	0.0012875	0.776181	0
	0.821	0.0010625	0.0010625	0.765914	0
	0.822	0.00128125	0.000975	0.770661	0
	0.823	0.00119375	0.00111875	0.76971	0
	0.824	0.0012375	0.00119375	0.768267	0
	0.825	0.00113125	0.0010625	0.771488	0
	0.826	0.001175	0.00106875	0.774262	0
	0.827	0.00123125	0.0012375	0.775899	0
	0.828	0.0010375	0.00095	0.775424	0
	0.829	0.00113125	0.00105	0.773305	0
	0.83	0.00108125	0.00105	0.776119	0
	0.831	0.0011375	0.0012	0.779443	0
	0.832	0.001125	0.001125	0.782328	0
	0.833	0.00114375	0.00116875	0.779698	0
	0.834	0.00108125	0.001025	0.778742	0
	0.835	0.001125	0.00103125	0.780435	0
	0.836	0.00105	0.000975	0.781659	0
	0.837	0.001125	0.0011625	0.781659	0
	0.838	0.0011625	0.00105625	0.786813	0
	0.839	0.0011375	0.00096875	0.779736	0
	0.84	0.0008875	0.0011	0.776053	0
	0.841	0.0009875	0.00106875	0.775556	0
	0.842	0.00108125	0.00108125	0.770601	0
	0.843	0.0011625	0.0011	0.761161	0
	0.844	0.00111875	0.00098125	0.764045	0
	0.845	0.0010125	0.00118125	0.767494	0
	0.846	0.00105	0.00106875	0.77221	0
	0.847	0.00089375	0.00113125	0.767123	0
	0.848	0.0009875	0.001125	0.768879	0
	0.849	0.0008875	0.00115625	0.761468	0
	0.85	0.00105	0.00106875	0.762673	0
	0.851	0.001	0.00109375	0.7669	0
	0.852	0.00106875	0.000975	0.761682	0
	0.853	0.0010125	0.00109375	0.764706	0
	0.854	0.00105	0.000975	0.767773	0
	0.855	0.00105625	0.0009375	0.767773	0
	0.856	0.00085625	0.00090625	0.770335	0
	0.857	0.0011875	0.00098125	0.766827	0
	0.858	0.0012125	0.00113125	0.766265	0
	0.859	0.0010125	0.00110625	0.762712	0
	0.86	0.00101875	0.00098125	0.757282	0
	0.861	0.00108125	0.00115625	0.759124	0
	0.862	0.001075	0.00105	0.757946	0
	0.863	0.0011125	0.0009375	0.756757	0
	0.864	0.0012125	0.00103125	0.755556	0
	0.865	0.00134375	0.00100625	0.754342	0
	0.866	0.00120625	0.00104375	0.7575	0
	0.867	0.0011875	0.00105	0.75188	0
	0.868	0.00111875	0.0009125	0.745592	0
	0.869	0.001125	0.00100625	0.742424	0
	0.87	0.0011	0.0009625	0.743655	0
	0.871	0.00124375	0.001025	0.751282	0
	0.872	0.001175	0.000925	0.746154	0
	0.873	0.00124375	0.000975	0.749354	0
	0.874	0.001225	0.0009	0.74677	0
	0.875	0.00125625	0.000825	0.746736	0
	0.876	0.00113125	0.00090625	0.738903	0
	0.877	0.00114375	0.00103125	0.737533	0
	0.878	0.00109375	0.00114375	0.738786	0
	0.879	0.00125625	0.000975	0.736702	0
	0.88	0.00119375	0.00090625	0.737968	0
	0.881	0.00119375	0.0010375	0.734584	0
	0.882	0.00120625	0.00103125	0.731903	0
	0.883	0.001275	0.00088125	0.731183	0
	0.884	0.00115	0.00091875	0.728495	0
	0.885	0.00110625	0.00103125	0.739011	0
	0.886	0.00124375	0.00100625	0.735537	0
	0.887	0.001225	0.000925	0.729282	0
	0.888	0.00129375	0.001	0.728532	0
	0.889	0.001325	0.0009875	0.727778	0
	0.89	0.00134375	0.00095625	0.727528	0
	0.891	0.00113125	0.00104375	0.723944	0
	0.892	0.00119375	0.0009875	0.733524	0
	0.893	0.0011375	0.0009125	0.730659	0
	0.894	0.001075	0.00084375	0.724138	0
	0.895	0.0011	0.000875	0.730435	0
	0.896	0.0011	0.00089375	0.729651	0
	0.897	0.00116875	0.000875	0.726744	0
	0.898	0.00105	0.00086875	0.725948	0
	0.899	0.0012875	0.001	0.725146	0
	0.9	0.00115	0.000875	0.727003	0
	0.901	0.00114375	0.0009375	0.72619	0
	0.902	0.0012375	0.0008	0.726727	0
	0.903	0.0012625	0.00078125	0.720721	0
	0.904	0.00124375	0.0008	0.723404	0
	0.905	0.00120625	0.0009	0.720859	0
	0.906	0.0012	0.00076875	0.72	0
	0.907	0.0012625	0.000875	0.719136	0
	0.908	0.0011875	0.0008125	0.717868	0
	0.909	0.0010875	0.0008875	0.713836	0
	0.91	0.0013375	0.00076875	0.705696	0
	0.911	0.00111875	0.0008875	0.70607	0
	0.912	0.00119375	0.000925	0.711039	0
	0.913	0.001225	0.00079375	0.707792	0
	0.914	0.00101875	0.00093125	0.710098	0
	0.915	0.00118125	0.00071875	0.699346	0
	0.916	0.00123125	0.00085	0.70297	0
	0.917	0.00115625	0.00080625	0.706667	0
	0.918	0.00104375	0.00069375	0.718644	0
	0.919	0.0011375	0.00075625	0.714286	0
	0.92	0.0013875	0.00088125	0.72069	0
	0.921	0.001025	0.00080625	0.730769	0
	0.922	0.00108125	0.00079375	0.732394	0
	0.923	0.00116875	0.00078125	0.724382	0
	0.924	0.0010875	0.000775	0.716846	0
	0.925	0.0012	0.00074375	0.702509	0
	0.926	0.0011	0.0008125	0.701439	0
	0.927	0.001225	0.00068125	0.696751	0
	0.928	0.0011875	0.0007375	0.692029	0
	0.929	0.0011125	0.00083125	0.697417	0
	0.93	0.0011625	0.00063125	0.701493	0
	0.931	0.00124375	0.000875	0.696629	0
	0.932	0.00124375	0.00059375	0.689139	0
	0.933	0.00146875	0.00078125	0.692015	0
	0.934	0.001325	0.000825	0.686047	0
	0.935	0.0011625	0.00070625	0.680934	0
	0.936	0.00125625	0.0007125	0.673152	0
	0.937	0.001475	0.00074375	0.675781	0
	0.938	0.00138125	0.00064375	0.662745	0
	0.939	0.001425	0.00058125	0.660079	0
	0.94	0.00155	0.0007125	0.66	0
	0.941	0.00125625	0.00066875	0.65587	0
	0.942	0.0016	0.00073125	0.663934	0
	0.943	0.00151875	0.00068125	0.665272	0
	0.944	0.00158125	0.00063125	0.662447	0
	0.945	0.0015625	0.0006125	0.658228	0
	0.946	0.00165	0.0005875	0.64557	0
	0.947	0.00164375	0.00073125	0.632911	0
	0.948	0.00165	0.00065625	0.628692	0
	0.949	0.00171875	0.00063125	0.642241	0
	0.95	0.00165625	0.00068125	0.634783	0
	0.951	0.00160625	0.00056875	0.626087	0
	0.952	0.00160625	0.0005375	0.625551	0
	0.953	0.00150625	0.00061875	0.629464	0
	0.954	0.00165625	0.0006375	0.624434	0
	0.955	0.0013625	0.00059375	0.625	0
	0.956	0.00145625	0.000575	0.621495	0
	0.957	0.001575	0.00061875	0.62381	0
	0.958	0.0014	0.0005625	0.61244	0
	0.959	0.0012625	0.0004125	0.599034	0
	0.96	0.0015375	0.00055	0.6	0
	0.961	0.00148125	0.00056875	0.59901	0
	0.962	0.00131875	0.000475	0.615385	0
	0.963	0.0015125	0.00055	0.613402	0
	0.964	0.0015125	0.000525	0.623037	0
	0.965	0.00130625	0.00050625	0.634409	0
	0.966	0.001425	0.0005375	0.637363	0
	0.967	0.00160625	0.000475	0.633333	0
	0.968	0.00165	0.0005375	0.628571	0
	0.969	0.00173125	0.00045	0.625731	0
	0.97	0.00138125	0.00051875	0.621302	0
	0.971	0.0017125	0.000475	0.616766	0
	0.972	0.00156875	0.0004625	0.598765	0
	0.973	0.0018375	0.00033125	0.602484	0
	0.974	0.0015625	0.0004125	0.590062	0
	0.975	0.0013875	0.00039375	0.582278	0
	0.976	0.0016375	0.00031875	0.56051	0
	0.977	0.00159375	0.0004375	0.56129	0
	0.978	0.00155625	0.0003	0.552632	0
	0.979	0.00168125	0.00041875	0.556291	0
	0.98	0.00168125	0.00035625	0.563758	0
	0.981	0.00196875	0.00031875	0.565517	0
	0.982	0.0017375	0.00029375	0.568345	0
	0.983	0.0019	0.0003625	0.57037	0
	0.984	0.0018	0.0002625	0.553846	0
	0.985	0.0022375	0.0002625	0.572581	0
	0.986	0.00189375	0.000225	0.533333	0
	0.987	0.00209375	0.00030625	0.504202	0
	0.988	0.0020125	0.00020625	0.465517	0
	0.989	0.00223125	0.00034375	0.426087	0
	0.99	0.00221875	0.00021875	0.4	0
	0.991	0.0026125	0.00016875	0.388889	0
	0.992	0.002975	0.00016875	0.345794	0
	0.993	0.00340625	0.0001875	0.353535	0
	0.994	0.00378125	0.0002	0.319149	0
	0.995	0.0037	0.00016875	0.314607	0
	0.996	0.0038375	0.0001375	0.304878	0
	0.997	0.0039	0.000125	0.271605	0
	0.998	0.00399375	0.0001	0.189189	0
	0.999	0.00579375	6.875e-05	0.129032	0
	1	0.013325	3.75e-05	0.0816327	0


#	yrange	sparsity	# links	zeta	support at cross	fraction FP
	0	0.994375	1591	5.44306e-05	0.969	0.104179
	0.5	0.994375	1591	5.44306e-05	0.969	0.104179
