#	Frequencies and overlap
#	bins	MYC	shuffle	overlap_MYC	overlap_shuffle
	0	0.57285	0.463825	0.6329	0
	0.001	0.0206875	0.004275	0.570338	0
	0.002	0.0143	0.00565625	0.61019	0
	0.003	0.0109438	0.00676875	0.639949	0
	0.004	0.00880625	0.00689375	0.660403	0
	0.005	0.00751875	0.00721875	0.669876	0
	0.006	0.00753125	0.00690625	0.679831	0
	0.007	0.00634375	0.007275	0.690751	0
	0.008	0.00595	0.00670625	0.691176	0
	0.009	0.00545	0.007025	0.696049	0
	0.01	0.0047375	0.0070625	0.69278	0
	0.011	0.00454375	0.00740625	0.69375	0
	0.012	0.00401875	0.00685625	0.700637	0
	0.013	0.00383125	0.0065375	0.705024	0
	0.014	0.0034875	0.00696875	0.716172	0
	0.015	0.00343125	0.00649375	0.721202	0
	0.016	0.0035125	0.00659375	0.730835	0
	0.017	0.00341875	0.0064	0.735395	0
	0.018	0.0032875	0.00599375	0.738137	0
	0.019	0.00336875	0.0057625	0.737123	0
	0.02	0.002975	0.0059625	0.733929	0
	0.021	0.00314375	0.00555	0.730561	0
	0.022	0.0026625	0.005675	0.740809	0
	0.023	0.00271875	0.00574375	0.738007	0
	0.024	0.00225	0.00533125	0.730129	0
	0.025	0.00250625	0.005325	0.735955	0
	0.026	0.00221875	0.00510625	0.736347	0
	0.027	0.0023375	0.00475625	0.732448	0
	0.028	0.00211875	0.0048	0.734615	0
	0.029	0.0022125	0.004675	0.73501	0
	0.03	0.00179375	0.00454375	0.741176	0
	0.031	0.00208125	0.004675	0.74359	0
	0.032	0.00185	0.0044625	0.754	0
	0.033	0.00185625	0.00470625	0.760736	0
	0.034	0.0017	0.004175	0.764948	0
	0.035	0.00171875	0.00435625	0.763975	0
	0.036	0.00174375	0.00420625	0.76556	0
	0.037	0.001775	0.00446875	0.767152	0
	0.038	0.00181875	0.0038375	0.764092	0
	0.039	0.00164375	0.004025	0.763598	0
	0.04	0.00160625	0.0038375	0.764211	0
	0.041	0.001375	0.0036875	0.768085	0
	0.042	0.001525	0.0035875	0.774678	0
	0.043	0.00139375	0.00343125	0.775378	0
	0.044	0.00154375	0.0034625	0.775378	0
	0.045	0.00133125	0.00345625	0.779476	0
	0.046	0.00138125	0.00314375	0.778022	0
	0.047	0.00129375	0.0036625	0.778761	0
	0.048	0.00130625	0.0032875	0.783482	0
	0.049	0.0013125	0.00319375	0.782511	0
	0.05	0.001075	0.003525	0.779279	0
	0.051	0.00104375	0.00321875	0.774266	0
	0.052	0.0011625	0.00304375	0.773756	0
	0.053	0.00095	0.00294375	0.77551	0
	0.054	0.0010625	0.00314375	0.779817	0
	0.055	0.00103125	0.00300625	0.778802	0
	0.056	0.00103125	0.00279375	0.783217	0
	0.057	0.00105	0.00278125	0.788732	0
	0.058	0.00094375	0.00288125	0.787736	0
	0.059	0.00101875	0.0027875	0.7891	0
	0.06	0.00106875	0.00255	0.792363	0
	0.061	0.00101875	0.00283125	0.789474	0
	0.062	0.0009	0.0026375	0.786571	0
	0.063	0.00101875	0.002775	0.783133	0
	0.064	0.000975	0.00253125	0.788835	0
	0.065	0.0009375	0.0025375	0.792683	0
	0.066	0.0009375	0.0022625	0.795567	0
	0.067	0.00094375	0.00244375	0.793103	0
	0.068	0.0009875	0.0024875	0.799007	0
	0.069	0.0009625	0.00246875	0.8025	0
	0.07	0.00078125	0.0025125	0.806533	0
	0.071	0.00100625	0.00239375	0.80402	0
	0.072	0.00099375	0.0022875	0.807595	0
	0.073	0.00079375	0.00219375	0.807107	0
	0.074	0.00076875	0.00235	0.806616	0
	0.075	0.00085	0.0023375	0.806616	0
	0.076	0.0009	0.00220625	0.798982	0
	0.077	0.000725	0.001875	0.798469	0
	0.078	0.0006375	0.0020875	0.794872	0
	0.079	0.00074375	0.00208125	0.797927	0
	0.08	0.00068125	0.0019625	0.8	0
	0.081	0.00074375	0.0018875	0.801047	0
	0.082	0.00066875	0.002025	0.795812	0
	0.083	0.00070625	0.00208125	0.795276	0
	0.084	0.00055	0.0020875	0.797368	0
	0.085	0.00081875	0.0018875	0.797368	0
	0.086	0.00070625	0.001875	0.801061	0
	0.087	0.0006125	0.00190625	0.797333	0
	0.088	0.0006	0.001875	0.798928	0
	0.089	0.0007125	0.00178125	0.803235	0
	0.09	0.0005875	0.00175625	0.799458	0
	0.091	0.00063125	0.00164375	0.80109	0
	0.092	0.00074375	0.00153125	0.79726	0
	0.093	0.00065625	0.0015875	0.79558	0
	0.094	0.00053125	0.00149375	0.797784	0
	0.095	0.0006	0.0015375	0.792244	0
	0.096	0.0006625	0.0016125	0.796657	0
	0.097	0.00068125	0.0016375	0.790503	0
	0.098	0.000625	0.0014375	0.787709	0
	0.099	0.00086875	0.0015125	0.784916	0
	0.1	0.00066875	0.00156875	0.776536	0
	0.101	0.00078125	0.00160625	0.770308	0
	0.102	0.00074375	0.001475	0.767507	0
	0.103	0.00073125	0.0013625	0.767705	0
	0.104	0.00079375	0.0011625	0.76204	0
	0.105	0.0008125	0.0014	0.764205	0
	0.106	0.0008375	0.00166875	0.761364	0
	0.107	0.00079375	0.00131875	0.760684	0
	0.108	0.001	0.00135625	0.762857	0
	0.109	0.00088125	0.00145	0.754286	0
	0.11	0.00081875	0.0013	0.756447	0
	0.111	0.0008875	0.00135625	0.755043	0
	0.112	0.0011	0.0012375	0.756522	0
	0.113	0.0009875	0.0013875	0.752907	0
	0.114	0.00083125	0.001375	0.755102	0
	0.115	0.00109375	0.00144375	0.754386	0
	0.116	0.0008375	0.0013375	0.758824	0
	0.117	0.0009125	0.00123125	0.758824	0
	0.118	0.00093125	0.00124375	0.758824	0
	0.119	0.00083125	0.00123125	0.758824	0
	0.12	0.0007625	0.00119375	0.755882	0
	0.121	0.0009125	0.0012	0.756677	0
	0.122	0.0009125	0.00125	0.755952	0
	0.123	0.00088125	0.00120625	0.755224	0
	0.124	0.0008875	0.00091875	0.755224	0
	0.125	0.000725	0.00115	0.756757	0
	0.126	0.00071875	0.001025	0.756757	0
	0.127	0.000875	0.0011	0.763636	0
	0.128	0.00089375	0.0011125	0.760606	0
	0.129	0.00070625	0.00104375	0.765244	0
	0.13	0.00070625	0.00108125	0.766154	0
	0.131	0.00073125	0.0011125	0.763077	0
	0.132	0.0006875	0.00090625	0.765432	0
	0.133	0.00065625	0.00105	0.765432	0
	0.134	0.0007	0.00108125	0.76947	0
	0.135	0.000725	0.0009	0.765625	0
	0.136	0.000675	0.00108125	0.765625	0
	0.137	0.0006875	0.00091875	0.765625	0
	0.138	0.00060625	0.0010625	0.765625	0
	0.139	0.0006	0.00094375	0.77044	0
	0.14	0.00064375	0.00104375	0.773885	0
	0.141	0.00054375	0.0009375	0.778846	0
	0.142	0.0005375	0.00089375	0.77492	0
	0.143	0.00046875	0.00093125	0.779935	0
	0.144	0.0005375	0.00089375	0.782468	0
	0.145	0.00043125	0.00103125	0.778502	0
	0.146	0.00039375	0.000875	0.767974	0
	0.147	0.00033125	0.00085625	0.770492	0
	0.148	0.00053125	0.0010125	0.773026	0
	0.149	0.000525	0.00099375	0.771523	0
	0.15	0.0004375	0.00086875	0.764901	0
	0.151	0.00036875	0.0009	0.76412	0
	0.152	0.00050625	0.000875	0.771812	0
	0.153	0.0004625	0.000675	0.77027	0
	0.154	0.00044375	0.0008375	0.766892	0
	0.155	0.000475	0.0010125	0.763514	0
	0.156	0.0005125	0.00085625	0.760135	0
	0.157	0.00051875	0.000775	0.762712	0
	0.158	0.00056875	0.0007875	0.767123	0
	0.159	0.0005375	0.00076875	0.772414	0
	0.16	0.00048125	0.00086875	0.777778	0
	0.161	0.00043125	0.00080625	0.774306	0
	0.162	0.00049375	0.00080625	0.767361	0
	0.163	0.000575	0.00075	0.775439	0
	0.164	0.00058125	0.0007625	0.771127	0
	0.165	0.00055	0.00075	0.771127	0
	0.166	0.0004875	0.00064375	0.773852	0
	0.167	0.00065625	0.0005875	0.773852	0
	0.168	0.00064375	0.00075625	0.782143	0
	0.169	0.0005625	0.000725	0.784946	0
	0.17	0.0005625	0.0007	0.784173	0
	0.171	0.00054375	0.0005875	0.787004	0
	0.172	0.00046875	0.0007	0.792727	0
	0.173	0.00050625	0.00063125	0.791971	0
	0.174	0.00053125	0.00063125	0.791971	0
	0.175	0.0005375	0.00068125	0.794118	0
	0.176	0.00056875	0.0006375	0.799257	0
	0.177	0.0005	0.00075	0.799257	0
	0.178	0.00065625	0.0006875	0.799257	0
	0.179	0.00058125	0.0006	0.795539	0
	0.18	0.000525	0.0005875	0.795539	0
	0.181	0.00043125	0.00065625	0.795539	0
	0.182	0.00059375	0.00065	0.795539	0
	0.183	0.00043125	0.00060625	0.791045	0
	0.184	0.0004125	0.00059375	0.790262	0
	0.185	0.00046875	0.00060625	0.785714	0
	0.186	0.0005375	0.000575	0.788679	0
	0.187	0.000575	0.0006375	0.788679	0
	0.188	0.00053125	0.0006125	0.784906	0
	0.189	0.00048125	0.000675	0.784906	0
	0.19	0.0004875	0.000575	0.787879	0
	0.191	0.00043125	0.000725	0.784091	0
	0.192	0.00038125	0.0005	0.78327	0
	0.193	0.0003875	0.0005875	0.78327	0
	0.194	0.000425	0.00065	0.78626	0
	0.195	0.00035	0.00060625	0.78626	0
	0.196	0.000375	0.00068125	0.78626	0
	0.197	0.000425	0.00055	0.782443	0
	0.198	0.000325	0.00074375	0.770992	0
	0.199	0.00040625	0.00055	0.779923	0
	0.2	0.00041875	0.00056875	0.788235	0
	0.201	0.00035	0.00045625	0.789683	0
	0.202	0.00030625	0.00050625	0.788845	0
	0.203	0.00030625	0.000475	0.798387	0
	0.204	0.0003625	0.00051875	0.794355	0
	0.205	0.0004625	0.00043125	0.797571	0
	0.206	0.000375	0.00045	0.788618	0
	0.207	0.0003125	0.0004375	0.791837	0
	0.208	0.000325	0.0005375	0.795082	0
	0.209	0.00038125	0.0005375	0.790984	0
	0.21	0.00035625	0.00050625	0.790123	0
	0.211	0.0003625	0.00039375	0.790123	0
	0.212	0.00041875	0.00054375	0.790123	0
	0.213	0.0003625	0.0004875	0.786008	0
	0.214	0.0003125	0.00046875	0.781893	0
	0.215	0.00043125	0.00051875	0.785124	0
	0.216	0.00040625	0.00038125	0.788382	0
	0.217	0.0004375	0.00053125	0.788382	0
	0.218	0.0004	0.00051875	0.794979	0
	0.219	0.0003125	0.00050625	0.797468	0
	0.22	0.00038125	0.00046875	0.793249	0
	0.221	0.000425	0.00039375	0.793249	0
	0.222	0.0003875	0.00041875	0.79661	0
	0.223	0.0003875	0.000425	0.79661	0
	0.224	0.00031875	0.0004375	0.795745	0
	0.225	0.0004125	0.0004125	0.795745	0
	0.226	0.00039375	0.00050625	0.798283	0
	0.227	0.000375	0.00043125	0.800866	0
	0.228	0.00033125	0.0003125	0.800866	0
	0.229	0.00044375	0.00040625	0.800866	0
	0.23	0.0004125	0.0004125	0.796537	0
	0.231	0.0004125	0.0003625	0.792208	0
	0.232	0.00040625	0.00036875	0.795652	0
	0.233	0.00035625	0.00039375	0.795652	0
	0.234	0.0004125	0.000475	0.795652	0
	0.235	0.00036875	0.00051875	0.799127	0
	0.236	0.00030625	0.000475	0.798246	0
	0.237	0.0004875	0.0004375	0.798246	0
	0.238	0.00031875	0.0004125	0.79386	0
	0.239	0.00036875	0.00035	0.797357	0
	0.24	0.0004	0.00040625	0.797357	0
	0.241	0.00038125	0.00035	0.797357	0
	0.242	0.000375	0.00041875	0.800885	0
	0.243	0.0003375	0.00040625	0.79646	0
	0.244	0.00036875	0.00035	0.799107	0
	0.245	0.00034375	0.00035625	0.799107	0
	0.246	0.0003	0.00035	0.794643	0
	0.247	0.0003	0.00044375	0.798206	0
	0.248	0.000325	0.00033125	0.798206	0
	0.249	0.00021875	0.00030625	0.793722	0
	0.25	0.000325	0.0003375	0.800905	0
	0.251	0.00024375	0.0003625	0.800905	0
	0.252	0.0003	0.0003875	0.804545	0
	0.253	0.0003	0.0003	0.804545	0
	0.254	0.00024375	0.00041875	0.803653	0
	0.255	0.00024375	0.00029375	0.803653	0
	0.256	0.00030625	0.0003125	0.807339	0
	0.257	0.00029375	0.00039375	0.806452	0
	0.258	0.0003125	0.00029375	0.806452	0
	0.259	0.0002375	0.00031875	0.810185	0
	0.26	0.00018125	0.00035	0.813953	0
	0.261	0.0002375	0.000275	0.813953	0
	0.262	0.0002	0.00031875	0.809302	0
	0.263	0.000125	0.00033125	0.803738	0
	0.264	0.0002625	0.00028125	0.803738	0
	0.265	0.00024375	0.00029375	0.807512	0
	0.266	0.0002625	0.00030625	0.805687	0
	0.267	0.00020625	0.00024375	0.809524	0
	0.268	0.00021875	0.00039375	0.809524	0
	0.269	0.00018125	0.0003	0.817308	0
	0.27	0.00024375	0.0002875	0.821256	0
	0.271	0.0002625	0.0003375	0.820388	0
	0.272	0.000175	0.000375	0.815534	0
	0.273	0.00020625	0.00036875	0.815534	0
	0.274	0.00025	0.0003	0.819512	0
	0.275	0.0002625	0.0003125	0.809756	0
	0.276	0.0001625	0.00035625	0.813725	0
	0.277	0.00021875	0.00024375	0.812808	0
	0.278	0.00020625	0.00029375	0.825	0
	0.279	0.00021875	0.0003	0.815	0
	0.28	0.00020625	0.000275	0.819095	0
	0.281	0.00019375	0.00029375	0.823232	0
	0.282	0.000225	0.00028125	0.818182	0
	0.283	0.000275	0.00029375	0.818182	0
	0.284	0.000225	0.000325	0.813131	0
	0.285	0.0002	0.0002875	0.813131	0
	0.286	0.00025	0.00028125	0.813131	0
	0.287	0.00020625	0.00028125	0.808081	0
	0.288	0.00025625	0.000275	0.808081	0
	0.289	0.0002375	0.000325	0.79798	0
	0.29	0.0003125	0.00026875	0.79798	0
	0.291	0.0002375	0.00023125	0.792929	0
	0.292	0.00020625	0.0002375	0.792929	0
	0.293	0.0002125	0.0003125	0.792929	0
	0.294	0.00021875	0.0002625	0.787879	0
	0.295	0.0002625	0.00025625	0.787879	0
	0.296	0.000375	0.00030625	0.787879	0
	0.297	0.00025625	0.000275	0.787879	0
	0.298	0.00024375	0.00028125	0.795918	0
	0.299	0.00023125	0.00025625	0.795918	0
	0.3	0.0002375	0.000275	0.790816	0
	0.301	0.00025	0.00019375	0.790816	0
	0.302	0.0003625	0.00024375	0.798969	0
	0.303	0.00020625	0.0003875	0.811518	0
	0.304	0.0003	0.000225	0.811518	0
	0.305	0.00015625	0.00019375	0.811518	0
	0.306	0.00019375	0.00021875	0.811518	0
	0.307	0.00026875	0.0002	0.811518	0
	0.308	0.0003125	0.00025	0.806283	0
	0.309	0.000325	0.00023125	0.801047	0
	0.31	0.0002625	0.00020625	0.795812	0
	0.311	0.00025625	0.0002125	0.795812	0
	0.312	0.00029375	0.00024375	0.789474	0
	0.313	0.00026875	0.00019375	0.784211	0
	0.314	0.000175	0.00025625	0.784211	0
	0.315	0.0002625	0.00019375	0.784211	0
	0.316	0.00031875	0.0001875	0.784211	0
	0.317	0.00028125	0.00021875	0.784211	0
	0.318	0.000275	0.00023125	0.778947	0
	0.319	0.00030625	0.0001625	0.783069	0
	0.32	0.00028125	0.00029375	0.781915	0
	0.321	0.000275	0.000225	0.781915	0
	0.322	0.0003	0.00021875	0.786096	0
	0.323	0.00029375	0.00023125	0.790323	0
	0.324	0.00026875	0.0001625	0.794595	0
	0.325	0.00028125	0.00024375	0.798913	0
	0.326	0.000275	0.0002375	0.802198	0
	0.327	0.00023125	0.000225	0.80663	0
	0.328	0.0003875	0.00019375	0.80663	0
	0.329	0.0003	0.00018125	0.801105	0
	0.33	0.00038125	0.0001875	0.805556	0
	0.331	0.0002625	0.0002	0.805556	0
	0.332	0.00029375	0.00024375	0.810056	0
	0.333	0.00030625	0.0001625	0.810056	0
	0.334	0.0003125	0.00015	0.810056	0
	0.335	0.0003125	0.00019375	0.810056	0
	0.336	0.000275	0.0002375	0.804469	0
	0.337	0.000275	0.0002375	0.804469	0
	0.338	0.0002625	0.00021875	0.804469	0
	0.339	0.00025625	0.0002125	0.80791	0
	0.34	0.00035	0.000175	0.80791	0
	0.341	0.00025625	0.00019375	0.80791	0
	0.342	0.00026875	0.000175	0.806818	0
	0.343	0.00026875	0.00021875	0.806818	0
	0.344	0.0002375	0.00014375	0.806818	0
	0.345	0.0003	0.00020625	0.801136	0
	0.346	0.00021875	0.00019375	0.801136	0
	0.347	0.00025625	0.0001875	0.801136	0
	0.348	0.000375	0.0002625	0.8	0
	0.349	0.00026875	0.00021875	0.8	0
	0.35	0.00035	0.0002125	0.794286	0
	0.351	0.00035	0.000125	0.803468	0
	0.352	0.00028125	0.0001625	0.803468	0
	0.353	0.00026875	0.00015625	0.80814	0
	0.354	0.0002375	0.00016875	0.812865	0
	0.355	0.00025625	0.0001625	0.812865	0
	0.356	0.000225	7.5e-05	0.812865	0
	0.357	0.0002625	0.0002125	0.812865	0
	0.358	0.00028125	0.000175	0.811765	0
	0.359	0.00026875	0.00024375	0.805882	0
	0.36	0.00020625	0.00018125	0.810651	0
	0.361	0.000275	8.125e-05	0.810651	0
	0.362	0.0001875	0.00013125	0.810651	0
	0.363	0.000225	0.0001875	0.809524	0
	0.364	0.00016875	0.0001625	0.809524	0
	0.365	0.0002375	0.00014375	0.814371	0
	0.366	0.0001875	0.00018125	0.813253	0
	0.367	0.000225	0.0001375	0.818182	0
	0.368	0.0002375	0.00015	0.818182	0
	0.369	0.0002	0.000125	0.810976	0
	0.37	0.0002625	0.0001625	0.810976	0
	0.371	0.0002625	0.00016875	0.815951	0
	0.372	0.0001875	0.00010625	0.815951	0
	0.373	0.00021875	0.00013125	0.815951	0
	0.374	0.0002	0.00015625	0.826087	0
	0.375	0.000225	0.00011875	0.826087	0
	0.376	0.00021875	0.0001625	0.83125	0
	0.377	0.00020625	0.00011875	0.83125	0
	0.378	0.00015625	9.375e-05	0.830189	0
	0.379	0.00024375	0.00014375	0.823899	0
	0.38	0.00019375	0.0001375	0.81761	0
	0.381	0.00018125	0.0002	0.81761	0
	0.382	0.00019375	0.00013125	0.805031	0
	0.383	0.000225	0.00013125	0.815287	0
	0.384	0.000175	0.00014375	0.815287	0
	0.385	0.0002	0.00015	0.820513	0
	0.386	0.000225	0.00010625	0.825806	0
	0.387	0.0002125	0.00018125	0.831169	0
	0.388	0.0001875	0.00018125	0.831169	0
	0.389	0.0001875	0.000125	0.836601	0
	0.39	0.00018125	0.00011875	0.830065	0
	0.391	0.00019375	0.00016875	0.835526	0
	0.392	0.0001625	0.0001375	0.835526	0
	0.393	0.0002625	0.0001375	0.835526	0
	0.394	0.00018125	0.00015	0.835526	0
	0.395	0.0002	0.0001375	0.835526	0
	0.396	0.0002	0.0001	0.84106	0
	0.397	0.00019375	0.00015625	0.84106	0
	0.398	0.0002	0.00016875	0.827815	0
	0.399	0.0001875	0.00016875	0.82	0
	0.4	0.000175	9.375e-05	0.82	0
	0.401	0.00025625	0.00010625	0.818792	0
	0.402	0.00015	0.000175	0.810811	0
	0.403	0.0001875	0.0001125	0.816327	0
	0.404	0.00026875	0.00011875	0.816327	0
	0.405	0.0002125	0.0001	0.809524	0
	0.406	0.00024375	0.000125	0.809524	0
	0.407	0.00019375	8.75e-05	0.809524	0
	0.408	0.0001625	0.00014375	0.802721	0
	0.409	0.0002	0.0001	0.802721	0
	0.41	0.00020625	8.125e-05	0.802721	0
	0.411	0.0002125	0.0001375	0.802721	0
	0.412	0.0002875	0.00011875	0.802721	0
	0.413	0.0001875	0.00015	0.802721	0
	0.414	0.00015625	0.0001625	0.802721	0
	0.415	0.00024375	9.375e-05	0.795918	0
	0.416	0.00021875	0.0001375	0.80137	0
	0.417	0.00025	0.0001125	0.80137	0
	0.418	0.0002125	0.00018125	0.806897	0
	0.419	0.0002625	0.0001	0.806897	0
	0.42	0.00018125	0.00014375	0.811189	0
	0.421	0.0002125	0.00010625	0.811189	0
	0.422	0.00025625	8.125e-05	0.804196	0
	0.423	0.0002875	8.125e-05	0.804196	0
	0.424	0.00025	0.0001	0.802817	0
	0.425	0.00033125	0.0001125	0.802817	0
	0.426	0.0002125	6.875e-05	0.802817	0
	0.427	0.0002125	0.0001	0.795775	0
	0.428	0.00028125	0.00013125	0.795775	0
	0.429	0.00024375	7.5e-05	0.795775	0
	0.43	0.00026875	8.75e-05	0.787234	0
	0.431	0.00028125	8.125e-05	0.792857	0
	0.432	0.00031875	0.00014375	0.792857	0
	0.433	0.00023125	8.125e-05	0.791367	0
	0.434	0.000225	0.00014375	0.791367	0
	0.435	0.00026875	0.00011875	0.797101	0
	0.436	0.00024375	0.000125	0.80292	0
	0.437	0.00024375	9.375e-05	0.80292	0
	0.438	0.00020625	0.00011875	0.80292	0
	0.439	0.000275	7.5e-05	0.801471	0
	0.44	0.00018125	8.125e-05	0.801471	0
	0.441	0.00029375	0.0001125	0.801471	0
	0.442	0.00021875	6.25e-05	0.801471	0
	0.443	0.0002	7.5e-05	0.801471	0
	0.444	0.00016875	6.875e-05	0.801471	0
	0.445	0.000175	0.000125	0.801471	0
	0.446	0.0002	0.0001125	0.813433	0
	0.447	0.0002375	0.0001	0.813433	0
	0.448	0.0002	0.0001	0.80597	0
	0.449	0.0001625	8.125e-05	0.81203	0
	0.45	0.000175	0.00010625	0.81203	0
	0.451	0.00024375	0.00011875	0.818182	0
	0.452	0.00019375	8.75e-05	0.818182	0
	0.453	0.0001875	7.5e-05	0.818182	0
	0.454	0.000225	6.875e-05	0.795455	0
	0.455	0.0002875	7.5e-05	0.795455	0
	0.456	0.00023125	0.00010625	0.795455	0
	0.457	0.00028125	0.0001	0.801527	0
	0.458	0.00021875	7.5e-05	0.813953	0
	0.459	0.00015	8.75e-05	0.813953	0
	0.46	0.0001875	0.00013125	0.813953	0
	0.461	0.0001625	7.5e-05	0.813953	0
	0.462	0.000225	5.625e-05	0.813953	0
	0.463	0.0001875	7.5e-05	0.806202	0
	0.464	0.000175	0.0001	0.806202	0
	0.465	0.00015	9.375e-05	0.8125	0
	0.466	0.00018125	0.00015625	0.8125	0
	0.467	0.0001375	5e-05	0.8125	0
	0.468	0.000125	5.625e-05	0.818898	0
	0.469	0.0001875	6.875e-05	0.825397	0
	0.47	0.000125	5.625e-05	0.81746	0
	0.471	0.000175	0.00010625	0.81746	0
	0.472	0.0002125	9.375e-05	0.81746	0
	0.473	0.00015625	9.375e-05	0.816	0
	0.474	0.00023125	8.75e-05	0.814516	0
	0.475	0.0001375	6.25e-05	0.821138	0
	0.476	0.0001625	0.0001	0.821138	0
	0.477	0.00015625	8.75e-05	0.827869	0
	0.478	0.0001375	0.0001	0.827869	0
	0.479	0.00019375	0.00010625	0.803279	0
	0.48	0.000175	8.125e-05	0.809917	0
	0.481	0.00014375	5e-05	0.801653	0
	0.482	0.000175	0.00010625	0.815126	0
	0.483	0.00015625	8.75e-05	0.822034	0
	0.484	0.00016875	5.625e-05	0.822034	0
	0.485	0.00016875	8.75e-05	0.813559	0
	0.486	0.0002	8.75e-05	0.813559	0
	0.487	0.0001375	0.00010625	0.813559	0
	0.488	0.0001	3.125e-05	0.820513	0
	0.489	0.0001	0.0001	0.820513	0
	0.49	0.000175	6.25e-05	0.820513	0
	0.491	0.00016875	8.125e-05	0.820513	0
	0.492	0.0002	7.5e-05	0.820513	0
	0.493	0.00014375	8.125e-05	0.811966	0
	0.494	0.00019375	9.375e-05	0.811966	0
	0.495	0.00018125	6.875e-05	0.811966	0
	0.496	0.0002	8.125e-05	0.803419	0
	0.497	0.0001625	6.875e-05	0.794872	0
	0.498	0.0001125	7.5e-05	0.801724	0
	0.499	0.00016875	5e-05	0.801724	0
	0.5	0.00016875	0.00010625	0.801724	0
	0.501	0.0001375	6.875e-05	0.801724	0
	0.502	0.00014375	8.75e-05	0.808696	0
	0.503	0.00016875	4.375e-05	0.8	0
	0.504	0.00015625	9.375e-05	0.807018	0
	0.505	0.00015	1.875e-05	0.807018	0
	0.506	0.0002375	7.5e-05	0.798246	0
	0.507	0.00018125	6.25e-05	0.798246	0
	0.508	0.0001625	4.375e-05	0.80531	0
	0.509	0.0001375	0.00011875	0.81982	0
	0.51	0.0001875	6.875e-05	0.810811	0
	0.511	0.0001625	6.25e-05	0.810811	0
	0.512	0.00018125	8.125e-05	0.810811	0
	0.513	0.00021875	3.75e-05	0.810811	0
	0.514	0.0002	6.25e-05	0.810811	0
	0.515	0.00013125	6.875e-05	0.810811	0
	0.516	0.00018125	6.25e-05	0.801802	0
	0.517	0.0001375	4.375e-05	0.792793	0
	0.518	0.0001875	6.25e-05	0.792793	0
	0.519	0.0001875	5e-05	0.792793	0
	0.52	0.00024375	4.375e-05	0.8	0
	0.521	0.0002	3.125e-05	0.790909	0
	0.522	0.00023125	8.125e-05	0.790909	0
	0.523	0.00016875	6.875e-05	0.781818	0
	0.524	0.0002375	4.375e-05	0.781818	0
	0.525	0.00020625	4.375e-05	0.781818	0
	0.526	0.0002125	7.5e-05	0.781818	0
	0.527	0.00016875	4.375e-05	0.781818	0
	0.528	0.0001625	7.5e-05	0.788991	0
	0.529	0.00018125	5e-05	0.779817	0
	0.53	0.00020625	2.5e-05	0.787037	0
	0.531	0.00019375	5e-05	0.787037	0
	0.532	0.0002375	5e-05	0.777778	0
	0.533	0.0001625	5e-05	0.785047	0
	0.534	0.00019375	3.125e-05	0.785047	0
	0.535	0.00015625	5.625e-05	0.775701	0
	0.536	0.00018125	5e-05	0.775701	0
	0.537	0.0002125	3.75e-05	0.773585	0
	0.538	0.0002125	3.125e-05	0.773585	0
	0.539	0.0002	8.125e-05	0.773585	0
	0.54	0.00015	5.625e-05	0.773585	0
	0.541	0.0002	5e-05	0.771429	0
	0.542	0.0002	5e-05	0.771429	0
	0.543	0.000275	5.625e-05	0.761905	0
	0.544	0.00015	5.625e-05	0.769231	0
	0.545	0.00015625	6.25e-05	0.769231	0
	0.546	0.00016875	6.875e-05	0.76699	0
	0.547	0.0001875	2.5e-05	0.76699	0
	0.548	0.00018125	5.625e-05	0.76699	0
	0.549	0.0001875	6.875e-05	0.76699	0
	0.55	0.000175	3.125e-05	0.77451	0
	0.551	0.000225	8.125e-05	0.782178	0
	0.552	0.0001375	7.5e-05	0.772277	0
	0.553	0.0001375	6.25e-05	0.772277	0
	0.554	0.00025	3.75e-05	0.752475	0
	0.555	0.00015	6.875e-05	0.76	0
	0.556	0.00025	4.375e-05	0.75	0
	0.557	0.0001875	6.875e-05	0.74	0
	0.558	0.00019375	6.25e-05	0.74	0
	0.559	0.00014375	7.5e-05	0.747475	0
	0.56	0.00015	6.25e-05	0.747475	0
	0.561	0.00016875	3.75e-05	0.762887	0
	0.562	0.0002125	3.125e-05	0.762887	0
	0.563	0.0001625	4.375e-05	0.752577	0
	0.564	0.0002	5e-05	0.760417	0
	0.565	0.00021875	7.5e-05	0.760417	0
	0.566	0.0002125	1.25e-05	0.760417	0
	0.567	0.00019375	3.125e-05	0.760417	0
	0.568	0.0002	2.5e-05	0.75	0
	0.569	0.00015625	4.375e-05	0.75	0
	0.57	0.0001625	8.75e-05	0.75	0
	0.571	0.00021875	3.125e-05	0.75	0
	0.572	0.00016875	2.5e-05	0.75	0
	0.573	0.0002	5e-05	0.765957	0
	0.574	0.00019375	6.25e-05	0.755319	0
	0.575	0.0001625	6.25e-05	0.755319	0
	0.576	0.00016875	1.875e-05	0.763441	0
	0.577	0.0002125	3.125e-05	0.763441	0
	0.578	0.0002375	1.875e-05	0.752688	0
	0.579	0.0002	3.125e-05	0.752688	0
	0.58	0.00016875	6.25e-05	0.752688	0
	0.581	0.0002	1.875e-05	0.76087	0
	0.582	0.000175	6.875e-05	0.769231	0
	0.583	0.00015	6.875e-05	0.769231	0
	0.584	0.0001625	4.375e-05	0.769231	0
	0.585	0.0002	3.75e-05	0.769231	0
	0.586	0.00016875	5.625e-05	0.769231	0
	0.587	0.00015625	3.75e-05	0.769231	0
	0.588	0.0001875	3.125e-05	0.769231	0
	0.589	0.00018125	5e-05	0.758242	0
	0.59	0.0001375	2.5e-05	0.755556	0
	0.591	0.00015	2.5e-05	0.755556	0
	0.592	0.00019375	2.5e-05	0.755556	0
	0.593	0.0001875	3.75e-05	0.744444	0
	0.594	0.00028125	5e-05	0.744444	0
	0.595	0.00015625	1.875e-05	0.752809	0
	0.596	0.0001	3.125e-05	0.752809	0
	0.597	0.00011875	3.75e-05	0.741573	0
	0.598	0.00021875	5.625e-05	0.75	0
	0.599	0.00019375	3.125e-05	0.758621	0
	0.6	0.000175	3.125e-05	0.758621	0
	0.601	0.0001625	3.125e-05	0.747126	0
	0.602	0.00018125	1.875e-05	0.735632	0
	0.603	0.0002	5.625e-05	0.735632	0
	0.604	0.0001375	6.25e-05	0.724138	0
	0.605	0.0001875	5e-05	0.724138	0
	0.606	0.00019375	3.75e-05	0.75	0
	0.607	0.00011875	5e-05	0.75	0
	0.608	0.00015625	2.5e-05	0.75	0
	0.609	0.00010625	6.25e-05	0.75	0
	0.61	0.00010625	5.625e-05	0.759036	0
	0.611	0.00013125	1.25e-05	0.759036	0
	0.612	0.00011875	1.875e-05	0.756098	0
	0.613	0.00019375	3.125e-05	0.765432	0
	0.614	0.00010625	3.75e-05	0.7625	0
	0.615	0.0001	2.5e-05	0.75	0
	0.616	0.000175	1.875e-05	0.75	0
	0.617	0.00015625	3.125e-05	0.75	0
	0.618	0.00015	3.125e-05	0.759494	0
	0.619	0.000175	3.125e-05	0.759494	0
	0.62	0.0001375	4.375e-05	0.746835	0
	0.621	0.0001375	1.25e-05	0.734177	0
	0.622	0.00014375	3.75e-05	0.734177	0
	0.623	0.0001	2.5e-05	0.734177	0
	0.624	0.00011875	2.5e-05	0.734177	0
	0.625	0.00013125	1.875e-05	0.734177	0
	0.626	0.0002	5e-05	0.734177	0
	0.627	0.00015625	5e-05	0.734177	0
	0.628	0.00011875	2.5e-05	0.74359	0
	0.629	0.00015625	3.75e-05	0.74359	0
	0.63	0.000175	1.875e-05	0.74359	0
	0.631	0.00015	3.125e-05	0.74359	0
	0.632	0.00020625	2.5e-05	0.74359	0
	0.633	0.00015	2.5e-05	0.74359	0
	0.634	0.0001875	1.875e-05	0.74026	0
	0.635	0.0002	3.75e-05	0.75	0
	0.636	0.0002	3.125e-05	0.75	0
	0.637	0.00010625	2.5e-05	0.746667	0
	0.638	0.00016875	3.125e-05	0.756757	0
	0.639	0.0002	1.25e-05	0.756757	0
	0.64	0.00015625	2.5e-05	0.743243	0
	0.641	0.00024375	6.25e-06	0.743243	0
	0.642	0.00019375	6.25e-06	0.743243	0
	0.643	0.0001875	2.5e-05	0.743243	0
	0.644	0.00014375	1.875e-05	0.743243	0
	0.645	0.0001625	1.875e-05	0.753425	0
	0.646	0.0002125	3.125e-05	0.763889	0
	0.647	0.00019375	2.5e-05	0.763889	0
	0.648	0.00018125	3.125e-05	0.75	0
	0.649	0.00018125	6.25e-06	0.736111	0
	0.65	0.00015	4.375e-05	0.736111	0
	0.651	0.00015	2.5e-05	0.736111	0
	0.652	0.000175	1.875e-05	0.736111	0
	0.653	0.00013125	3.125e-05	0.736111	0
	0.654	0.00015625	3.125e-05	0.732394	0
	0.655	0.0002125	3.125e-05	0.732394	0
	0.656	0.00020625	3.125e-05	0.732394	0
	0.657	0.00023125	5e-05	0.71831	0
	0.658	0.00014375	1.875e-05	0.71831	0
	0.659	0.000125	5e-05	0.704225	0
	0.66	0.00019375	2.5e-05	0.704225	0
	0.661	0.0002125	2.5e-05	0.690141	0
	0.662	0.000175	1.25e-05	0.690141	0
	0.663	0.000125	6.25e-06	0.690141	0
	0.664	0.00014375	1.875e-05	0.676056	0
	0.665	0.00015625	1.25e-05	0.676056	0
	0.666	0.00018125	1.875e-05	0.676056	0
	0.667	0.0001875	2.5e-05	0.685714	0
	0.668	0.00014375	3.75e-05	0.685714	0
	0.669	0.0001375	2.5e-05	0.705882	0
	0.67	0.0001625	1.25e-05	0.716418	0
	0.671	0.0001625	1.875e-05	0.701493	0
	0.672	0.0002	1.25e-05	0.701493	0
	0.673	0.00016875	1.25e-05	0.712121	0
	0.674	0.0001875	1.875e-05	0.712121	0
	0.675	0.00016875	1.875e-05	0.712121	0
	0.676	0.00014375	6.25e-06	0.712121	0
	0.677	0.00013125	2.5e-05	0.723077	0
	0.678	0.00018125	6.25e-06	0.723077	0
	0.679	0.0001375	4.375e-05	0.734375	0
	0.68	0.000175	1.25e-05	0.734375	0
	0.681	0.00015	3.125e-05	0.741935	0
	0.682	0.00018125	4.375e-05	0.754098	0
	0.683	0.00015	6.25e-06	0.754098	0
	0.684	0.0001875	6.25e-06	0.737705	0
	0.685	0.00015625	1.875e-05	0.75	0
	0.686	0.0001375	3.125e-05	0.75	0
	0.687	0.00015	1.875e-05	0.75	0
	0.688	0.0002125	3.75e-05	0.75	0
	0.689	0.00014375	1.25e-05	0.75	0
	0.69	0.0001375	1.875e-05	0.75	0
	0.691	0.000125	3.125e-05	0.733333	0
	0.692	0.0001875	1.25e-05	0.733333	0
	0.693	0.0001875	0	0.733333	0
	0.694	0.00013125	6.25e-06	0.733333	0
	0.695	0.0001625	2.5e-05	0.745763	0
	0.696	0.00013125	2.5e-05	0.745763	0
	0.697	0.00015625	1.25e-05	0.728814	0
	0.698	0.0001375	2.5e-05	0.728814	0
	0.699	0.00015625	2.5e-05	0.711864	0
	0.7	0.0001375	6.25e-06	0.711864	0
	0.701	0.000175	1.25e-05	0.711864	0
	0.702	0.00016875	2.5e-05	0.694915	0
	0.703	0.0001125	1.25e-05	0.694915	0
	0.704	0.00014375	3.75e-05	0.694915	0
	0.705	0.0001	6.25e-06	0.677966	0
	0.706	0.00010625	1.25e-05	0.677966	0
	0.707	0.00014375	6.25e-06	0.689655	0
	0.708	0.00010625	2.5e-05	0.701754	0
	0.709	0.000125	6.25e-06	0.701754	0
	0.71	8.75e-05	2.5e-05	0.684211	0
	0.711	0.00011875	6.25e-06	0.696429	0
	0.712	0.00013125	2.5e-05	0.696429	0
	0.713	0.00016875	6.25e-06	0.696429	0
	0.714	8.125e-05	1.25e-05	0.696429	0
	0.715	0.0001625	3.125e-05	0.709091	0
	0.716	0.00015	2.5e-05	0.722222	0
	0.717	0.0001375	1.25e-05	0.703704	0
	0.718	9.375e-05	3.125e-05	0.716981	0
	0.719	8.75e-05	1.875e-05	0.698113	0
	0.72	0.00020625	1.25e-05	0.711538	0
	0.721	9.375e-05	2.5e-05	0.711538	0
	0.722	0.0001375	6.25e-06	0.711538	0
	0.723	8.75e-05	1.875e-05	0.72549	0
	0.724	0.00013125	6.25e-06	0.72549	0
	0.725	0.00011875	0	0.72549	0
	0.726	8.125e-05	2.5e-05	0.72549	0
	0.727	0.0001125	6.25e-06	0.72549	0
	0.728	0.00019375	1.25e-05	0.72549	0
	0.729	0.00015625	0	0.705882	0
	0.73	0.00015625	0	0.705882	0
	0.731	0.0001125	1.875e-05	0.705882	0
	0.732	0.0001875	1.25e-05	0.705882	0
	0.733	0.00013125	0	0.705882	0
	0.734	0.000125	1.875e-05	0.705882	0
	0.735	0.00011875	0	0.705882	0
	0.736	0.0001625	0	0.705882	0
	0.737	0.0001	1.875e-05	0.686275	0
	0.738	0.0001875	6.25e-06	0.7	0
	0.739	0.000175	6.25e-06	0.693878	0
	0.74	0.00010625	0	0.693878	0
	0.741	0.00013125	1.875e-05	0.693878	0
	0.742	0.00013125	1.25e-05	0.673469	0
	0.743	0.0001	0	0.673469	0
	0.744	8.125e-05	0	0.673469	0
	0.745	0.0001875	1.25e-05	0.673469	0
	0.746	0.00010625	1.875e-05	0.673469	0
	0.747	0.000125	1.875e-05	0.673469	0
	0.748	0.0001375	0	0.702128	0
	0.749	0.0001125	0	0.702128	0
	0.75	0.00010625	1.25e-05	0.702128	0
	0.751	0.0001125	1.25e-05	0.702128	0
	0.752	0.000125	1.25e-05	0.702128	0
	0.753	0.00010625	0	0.702128	0
	0.754	5.625e-05	6.25e-06	0.702128	0
	0.755	0.00011875	2.5e-05	0.702128	0
	0.756	9.375e-05	6.25e-06	0.717391	0
	0.757	6.875e-05	6.25e-06	0.717391	0
	0.758	0.00014375	6.25e-06	0.717391	0
	0.759	0.000125	0	0.733333	0
	0.76	6.875e-05	1.25e-05	0.733333	0
	0.761	0.0001125	0	0.733333	0
	0.762	0.00016875	1.875e-05	0.75	0
	0.763	0.0001125	6.25e-06	0.727273	0
	0.764	6.875e-05	0	0.744186	0
	0.765	0.0001375	1.25e-05	0.744186	0
	0.766	0.00011875	1.25e-05	0.744186	0
	0.767	7.5e-05	0	0.744186	0
	0.768	0.0001125	0	0.72093	0
	0.769	8.125e-05	6.25e-06	0.72093	0
	0.77	8.125e-05	1.25e-05	0.72093	0
	0.771	0.0001	0	0.697674	0
	0.772	0.00010625	1.25e-05	0.697674	0
	0.773	0.00010625	6.25e-06	0.697674	0
	0.774	0.0001	0	0.697674	0
	0.775	0.000175	1.25e-05	0.697674	0
	0.776	7.5e-05	6.25e-06	0.714286	0
	0.777	0.00010625	1.25e-05	0.714286	0
	0.778	0.00013125	0	0.731707	0
	0.779	0.0001125	6.25e-06	0.769231	0
	0.78	3.125e-05	1.25e-05	0.769231	0
	0.781	8.125e-05	6.25e-06	0.769231	0
	0.782	0.0001	1.875e-05	0.769231	0
	0.783	8.125e-05	0	0.769231	0
	0.784	0.0001125	6.25e-06	0.74359	0
	0.785	8.125e-05	1.25e-05	0.74359	0
	0.786	8.125e-05	1.875e-05	0.74359	0
	0.787	6.25e-05	0	0.74359	0
	0.788	6.875e-05	6.25e-06	0.74359	0
	0.789	0.00010625	6.25e-06	0.763158	0
	0.79	5.625e-05	6.25e-06	0.763158	0
	0.791	5e-05	0	0.736842	0
	0.792	7.5e-05	6.25e-06	0.736842	0
	0.793	7.5e-05	6.25e-06	0.736842	0
	0.794	8.125e-05	0	0.756757	0
	0.795	7.5e-05	0	0.756757	0
	0.796	6.25e-05	0	0.756757	0
	0.797	6.25e-05	1.875e-05	0.777778	0
	0.798	0.00010625	6.25e-06	0.777778	0
	0.799	7.5e-05	6.25e-06	0.8	0
	0.8	0.0001	0	0.771429	0
	0.801	6.25e-05	1.875e-05	0.771429	0
	0.802	4.375e-05	6.25e-06	0.771429	0
	0.803	8.125e-05	0	0.771429	0
	0.804	9.375e-05	1.25e-05	0.771429	0
	0.805	0.0001	1.25e-05	0.794118	0
	0.806	0.0001	0	0.794118	0
	0.807	0.0001	0	0.794118	0
	0.808	8.75e-05	1.25e-05	0.794118	0
	0.809	8.125e-05	6.25e-06	0.794118	0
	0.81	9.375e-05	6.25e-06	0.818182	0
	0.811	6.25e-05	0	0.818182	0
	0.812	0.0001125	6.25e-06	0.818182	0
	0.813	6.875e-05	0	0.818182	0
	0.814	0.0001	0	0.818182	0
	0.815	0.00011875	6.25e-06	0.818182	0
	0.816	4.375e-05	0	0.818182	0
	0.817	6.25e-05	1.25e-05	0.818182	0
	0.818	6.25e-05	0	0.818182	0
	0.819	5e-05	6.25e-06	0.818182	0
	0.82	5.625e-05	0	0.818182	0
	0.821	6.875e-05	6.25e-06	0.757576	0
	0.822	5.625e-05	0	0.757576	0
	0.823	5e-05	6.25e-06	0.757576	0
	0.824	8.125e-05	0	0.757576	0
	0.825	4.375e-05	0	0.75	0
	0.826	6.25e-05	1.25e-05	0.75	0
	0.827	6.875e-05	0	0.774194	0
	0.828	5e-05	0	0.8	0
	0.829	4.375e-05	6.25e-06	0.8	0
	0.83	3.125e-05	0	0.8	0
	0.831	5.625e-05	6.25e-06	0.8	0
	0.832	4.375e-05	1.875e-05	0.8	0
	0.833	7.5e-05	0	0.8	0
	0.834	4.375e-05	0	0.8	0
	0.835	8.75e-05	6.25e-06	0.8	0
	0.836	4.375e-05	0	0.8	0
	0.837	3.75e-05	0	0.8	0
	0.838	5.625e-05	0	0.8	0
	0.839	9.375e-05	0	0.766667	0
	0.84	5e-05	0	0.793103	0
	0.841	4.375e-05	0	0.793103	0
	0.842	3.75e-05	0	0.793103	0
	0.843	0.0001375	6.25e-06	0.793103	0
	0.844	7.5e-05	6.25e-06	0.758621	0
	0.845	6.25e-05	0	0.758621	0
	0.846	5e-05	1.25e-05	0.758621	0
	0.847	4.375e-05	0	0.758621	0
	0.848	7.5e-05	0	0.758621	0
	0.849	5e-05	0	0.758621	0
	0.85	7.5e-05	0	0.758621	0
	0.851	6.25e-05	0	0.758621	0
	0.852	3.75e-05	0	0.758621	0
	0.853	9.375e-05	0	0.758621	0
	0.854	8.75e-05	6.25e-06	0.758621	0
	0.855	3.75e-05	6.25e-06	0.758621	0
	0.856	7.5e-05	0	0.758621	0
	0.857	7.5e-05	0	0.758621	0
	0.858	6.875e-05	6.25e-06	0.724138	0
	0.859	5e-05	0	0.714286	0
	0.86	6.875e-05	0	0.714286	0
	0.861	0.0001125	0	0.714286	0
	0.862	0.0001375	0	0.740741	0
	0.863	0.000125	0	0.740741	0
	0.864	8.125e-05	6.25e-06	0.740741	0
	0.865	0.0001125	0	0.740741	0
	0.866	0.0001125	0	0.740741	0
	0.867	0.00011875	0	0.740741	0
	0.868	7.5e-05	0	0.703704	0
	0.869	6.875e-05	0	0.666667	0
	0.87	7.5e-05	6.25e-06	0.62963	0
	0.871	0.0001	0	0.592593	0
	0.872	0.000125	0	0.592593	0
	0.873	7.5e-05	0	0.592593	0
	0.874	0.0001	0	0.592593	0
	0.875	8.75e-05	0	0.592593	0
	0.876	0.00015	0	0.592593	0
	0.877	0.00010625	6.25e-06	0.592593	0
	0.878	0.0001375	0	0.592593	0
	0.879	0.00015	6.25e-06	0.555556	0
	0.88	0.00011875	0	0.555556	0
	0.881	9.375e-05	0	0.576923	0
	0.882	0.000125	0	0.576923	0
	0.883	0.00014375	6.25e-06	0.576923	0
	0.884	0.00020625	0	0.576923	0
	0.885	0.00016875	6.25e-06	0.6	0
	0.886	0.00015	0	0.583333	0
	0.887	7.5e-05	0	0.583333	0
	0.888	0.0001625	0	0.583333	0
	0.889	0.00013125	0	0.541667	0
	0.89	0.00015	0	0.565217	0
	0.891	0.000125	0	0.565217	0
	0.892	0.00019375	0	0.565217	0
	0.893	0.00015625	0	0.565217	0
	0.894	0.00025	6.25e-06	0.565217	0
	0.895	0.00018125	0	0.565217	0
	0.896	0.00013125	0	0.565217	0
	0.897	0.00019375	6.25e-06	0.565217	0
	0.898	0.00016875	0	0.590909	0
	0.899	0.00014375	0	0.590909	0
	0.9	0.0001625	0	0.545455	0
	0.901	0.00010625	0	0.545455	0
	0.902	0.00018125	0	0.545455	0
	0.903	0.00015	0	0.545455	0
	0.904	0.00015625	0	0.545455	0
	0.905	8.75e-05	0	0.545455	0
	0.906	0.0001875	0	0.545455	0
	0.907	0.00013125	0	0.545455	0
	0.908	8.75e-05	0	0.545455	0
	0.909	0.000125	0	0.545455	0
	0.91	0.000125	0	0.5	0
	0.911	0.0001125	0	0.5	0
	0.912	9.375e-05	0	0.5	0
	0.913	0.00013125	0	0.52381	0
	0.914	0.00011875	6.25e-06	0.52381	0
	0.915	7.5e-05	0	0.55	0
	0.916	7.5e-05	0	0.578947	0
	0.917	6.875e-05	0	0.555556	0
	0.918	0.0001125	0	0.555556	0
	0.919	0.0001125	0	0.588235	0
	0.92	8.75e-05	0	0.588235	0
	0.921	8.75e-05	0	0.588235	0
	0.922	5.625e-05	0	0.625	0
	0.923	5.625e-05	0	0.625	0
	0.924	0.00010625	0	0.666667	0
	0.925	8.125e-05	0	0.666667	0
	0.926	5.625e-05	0	0.666667	0
	0.927	0.0001	0	0.666667	0
	0.928	6.875e-05	0	0.666667	0
	0.929	6.875e-05	0	0.666667	0
	0.93	4.375e-05	6.25e-06	0.666667	0
	0.931	0.0001	0	0.714286	0
	0.932	0.0001	0	0.714286	0
	0.933	6.25e-05	0	0.714286	0
	0.934	7.5e-05	0	0.714286	0
	0.935	6.875e-05	0	0.714286	0
	0.936	4.375e-05	0	0.714286	0
	0.937	5.625e-05	0	0.714286	0
	0.938	3.125e-05	0	0.714286	0
	0.939	7.5e-05	0	0.714286	0
	0.94	3.75e-05	0	0.769231	0
	0.941	3.125e-05	0	0.769231	0
	0.942	2.5e-05	0	0.769231	0
	0.943	3.125e-05	0	0.769231	0
	0.944	3.125e-05	0	0.769231	0
	0.945	4.375e-05	0	0.769231	0
	0.946	1.875e-05	0	0.769231	0
	0.947	4.375e-05	0	0.769231	0
	0.948	3.125e-05	0	0.833333	0
	0.949	0	0	0.75	0
	0.95	0	0	0.75	0
	0.951	2.5e-05	0	0.75	0
	0.952	3.125e-05	0	0.75	0
	0.953	1.25e-05	0	0.666667	0
	0.954	6.25e-06	0	0.666667	0
	0.955	1.875e-05	0	0.727273	0
	0.956	4.375e-05	0	0.636364	0
	0.957	5e-05	0	0.7	0
	0.958	2.5e-05	0	0.7	0
	0.959	3.125e-05	0	0.6	0
	0.96	5.625e-05	0	0.6	0
	0.961	0.0001125	0	0.6	0
	0.962	3.75e-05	0	0.5	0
	0.963	0.000125	0	0.5	0
	0.964	0.00011875	0	0.5	0
	0.965	0.00019375	0	0.5	0
	0.966	0.000125	0	0.5	0
	0.967	0.00023125	0	0.5	0
	0.968	0.00010625	0	0.4	0
	0.969	0.00021875	0	0.4	0
	0.97	0.00023125	0	0.4	0
	0.971	0.00019375	0	0.4	0
	0.972	0.00018125	0	0.4	0
	0.973	0.0002	0	0.4	0
	0.974	0.00021875	0	0.4	0
	0.975	0.00011875	0	0.4	0
	0.976	0.00015	0	0.444444	0
	0.977	0.000175	0	0.444444	0
	0.978	0.00020625	0	0.444444	0
	0.979	0.00013125	0	0.444444	0
	0.98	8.125e-05	0	0.5	0
	0.981	9.375e-05	0	0.375	0
	0.982	0.0001125	0	0.428571	0
	0.983	0.0001	0	0.428571	0
	0.984	4.375e-05	0	0.428571	0
	0.985	6.875e-05	0	0.5	0
	0.986	8.125e-05	0	0.333333	0
	0.987	7.5e-05	0	0.333333	0
	0.988	9.375e-05	0	0.4	0
	0.989	0.0001125	0	0.4	0
	0.99	0.00014375	0	0.4	0
	0.991	0.00014375	0	0.4	0
	0.992	0.00011875	0	0.5	0
	0.993	0.0001125	0	0.5	0
	0.994	0.00014375	0	0.25	0
	0.995	9.375e-05	0	0.25	0
	0.996	0.0002	0	0.25	0
	0.997	0.00014375	0	0.333333	0
	0.998	0.00014375	0	0.333333	0
	0.999	0.00011875	0	0.333333	0
	1	0.00069375	0	0	0


#	yrange	sparsity	# links	zeta	support at cross	fraction FP
	0	0.12875	206	0.0168309	0.547	0.11028
	0.6	0.12875	206	0.0168309	0.547	0.11028
