#	Frequencies and overlap
#	bins	MYC	shuffle	overlap_MYC	overlap_shuffle
	0	0.445387	0.461338	0.883298	0
	0.001	0.00018125	0	0.884244	0
	0.002	0.00020625	0	0.885193	0
	0.003	0.0002125	0	0.88412	0
	0.004	0.000275	0	0.88412	0
	0.005	0.00030625	0	0.881974	0
	0.006	0.000275	0	0.881974	0
	0.007	0.00026875	0	0.882922	0
	0.008	0.00030625	0	0.881847	0
	0.009	0.00028125	0	0.881847	0
	0.01	0.000225	0	0.881847	0
	0.011	0.0002125	0	0.881593	0
	0.012	0.0001875	0	0.882416	0
	0.013	0.00026875	0	0.882416	0
	0.014	0.00034375	0	0.881338	0
	0.015	0.00031875	0	0.880259	0
	0.016	0.00040625	0	0.88121	0
	0.017	0.0004125	0	0.88	0
	0.018	0.00041875	0	0.88	0
	0.019	0.0003875	0	0.88	0
	0.02	0.00046875	0	0.88	0
	0.021	0.00046875	0	0.88	0
	0.022	0.0004375	0	0.880952	0
	0.023	0.00044375	0	0.87987	0
	0.024	0.00035	0	0.87987	0
	0.025	0.000375	0	0.87987	0
	0.026	0.00049375	0	0.87987	0
	0.027	0.000375	0	0.881779	0
	0.028	0.000375	0	0.882736	0
	0.029	0.00040625	0	0.881522	0
	0.03	0.00034375	0	0.880174	0
	0.031	0.00025625	0	0.881134	0
	0.032	0.000325	0	0.881134	0
	0.033	0.00041875	0	0.881134	0
	0.034	0.00039375	0	0.881134	0
	0.035	0.00033125	6.25e-06	0.881134	0
	0.036	0.00039375	0	0.881134	0
	0.037	0.00031875	0	0.881134	0
	0.038	0.00041875	0	0.881134	0
	0.039	0.00035625	0	0.88306	0
	0.04	0.0004375	0	0.884868	0
	0.041	0.00034375	0	0.884742	0
	0.042	0.00036875	0	0.883644	0
	0.043	0.00035	0	0.883516	0
	0.044	0.00030625	0	0.884488	0
	0.045	0.00033125	0	0.885336	0
	0.046	0.000375	0	0.885336	0
	0.047	0.0003	0	0.887293	0
	0.048	0.00035625	0	0.887293	0
	0.049	0.00033125	0	0.887293	0
	0.05	0.0002875	0	0.888274	0
	0.051	0.0002875	6.25e-06	0.887043	0
	0.052	0.000325	6.25e-06	0.885936	0
	0.053	0.0002875	0	0.885809	0
	0.054	0.00030625	1.25e-05	0.884701	0
	0.055	0.00031875	0	0.883592	0
	0.056	0.00028125	0	0.883592	0
	0.057	0.000325	6.25e-06	0.885556	0
	0.058	0.00025	6.25e-06	0.885556	0
	0.059	0.0003375	6.25e-06	0.885428	0
	0.06	0.000325	1.25e-05	0.887402	0
	0.061	0.00028125	1.25e-05	0.886288	0
	0.062	0.0003625	1.25e-05	0.886288	0
	0.063	0.00030625	6.25e-06	0.885173	0
	0.064	0.00030625	1.25e-05	0.885173	0
	0.065	0.000425	1.875e-05	0.886161	0
	0.066	0.0003375	1.875e-05	0.885045	0
	0.067	0.0003375	6.25e-06	0.885045	0
	0.068	0.00041875	6.25e-06	0.885045	0
	0.069	0.00033125	1.25e-05	0.887025	0
	0.07	0.0004625	1.875e-05	0.886898	0
	0.071	0.000425	1.25e-05	0.887892	0
	0.072	0.00045	6.25e-06	0.887892	0
	0.073	0.0003625	3.125e-05	0.88565	0
	0.074	0.00046875	2.5e-05	0.883408	0
	0.075	0.00040625	3.125e-05	0.881166	0
	0.076	0.0004375	1.25e-05	0.882155	0
	0.077	0.000425	6.25e-06	0.882022	0
	0.078	0.0004	1.875e-05	0.879775	0
	0.079	0.00054375	1.25e-05	0.879775	0
	0.08	0.000475	1.875e-05	0.879775	0
	0.081	0.00035	4.375e-05	0.879775	0
	0.082	0.0004875	1.25e-05	0.879775	0
	0.083	0.0004625	2.5e-05	0.878652	0
	0.084	0.00035	3.125e-05	0.880496	0
	0.085	0.000425	1.875e-05	0.88149	0
	0.086	0.0004125	5e-05	0.882486	0
	0.087	0.0004875	1.875e-05	0.883352	0
	0.088	0.0004625	5e-05	0.88222	0
	0.089	0.0004875	5.625e-05	0.88222	0
	0.09	0.00038125	3.75e-05	0.881087	0
	0.091	0.00045	3.125e-05	0.880952	0
	0.092	0.00043125	5.625e-05	0.880817	0
	0.093	0.000475	5.625e-05	0.879682	0
	0.094	0.0003625	6.875e-05	0.880682	0
	0.095	0.0004625	5.625e-05	0.881684	0
	0.096	0.00049375	6.875e-05	0.880546	0
	0.097	0.00033125	3.125e-05	0.880546	0
	0.098	0.0004375	6.25e-05	0.879408	0
	0.099	0.00044375	0.0001125	0.881279	0
	0.1	0.00049375	8.75e-05	0.880137	0
	0.101	0.00046875	8.125e-05	0.877714	0
	0.102	0.0004125	6.875e-05	0.87643	0
	0.103	0.00055	8.125e-05	0.87643	0
	0.104	0.00044375	6.875e-05	0.879449	0
	0.105	0.000475	8.75e-05	0.87931	0
	0.106	0.0004125	7.5e-05	0.87931	0
	0.107	0.00041875	7.5e-05	0.87931	0
	0.108	0.00045	0.0001125	0.881336	0
	0.109	0.000425	5e-05	0.882353	0
	0.11	0.00040625	8.75e-05	0.881062	0
	0.111	0.00041875	0.000125	0.881062	0
	0.112	0.0004375	0.00010625	0.881062	0
	0.113	0.0004875	0.000125	0.881062	0
	0.114	0.0003625	0.000125	0.883102	0
	0.115	0.0004375	9.375e-05	0.883102	0
	0.116	0.0004625	0.00010625	0.882966	0
	0.117	0.0004125	8.75e-05	0.883991	0
	0.118	0.0003875	0.00011875	0.885017	0
	0.119	0.00040625	0.0001375	0.885017	0
	0.12	0.00040625	0.0001625	0.886047	0
	0.121	0.0004	0.000175	0.887078	0
	0.122	0.0004625	0.00014375	0.885914	0
	0.123	0.00043125	0.00015	0.88345	0
	0.124	0.0004375	0.00015625	0.884481	0
	0.125	0.0004	0.00013125	0.884481	0
	0.126	0.0004875	0.0002	0.883314	0
	0.127	0.00039375	0.000175	0.882009	0
	0.128	0.00038125	0.00023125	0.879673	0
	0.129	0.00035625	0.00020625	0.879532	0
	0.13	0.0003625	0.0001375	0.878363	0
	0.131	0.0005875	0.00016875	0.878363	0
	0.132	0.000375	0.00018125	0.879391	0
	0.133	0.00036875	0.0001625	0.880422	0
	0.134	0.0003	0.00015625	0.87925	0
	0.135	0.000425	0.00019375	0.879108	0
	0.136	0.0004	0.0002	0.881176	0
	0.137	0.00036875	0.00021875	0.883255	0
	0.138	0.0003375	0.0002125	0.883255	0
	0.139	0.000425	0.000225	0.884161	0
	0.14	0.0004	0.0002375	0.882979	0
	0.141	0.00045625	0.00020625	0.879433	0
	0.142	0.0003	0.000225	0.877069	0
	0.143	0.0004	0.00025	0.878107	0
	0.144	0.0003625	0.0002625	0.877817	0
	0.145	0.0003	0.00025	0.87886	0
	0.146	0.00036875	0.00018125	0.878716	0
	0.147	0.0004875	0.00028125	0.876338	0
	0.148	0.000325	0.00035625	0.876338	0
	0.149	0.0004375	0.00024375	0.875149	0
	0.15	0.000475	0.0002875	0.87396	0
	0.151	0.00046875	0.00026875	0.872771	0
	0.152	0.00049375	0.00036875	0.871429	0
	0.153	0.000525	0.00035625	0.871429	0
	0.154	0.000425	0.0002875	0.873357	0
	0.155	0.0005375	0.0003375	0.874402	0
	0.156	0.00045	0.0003125	0.874402	0
	0.157	0.00044375	0.00031875	0.875449	0
	0.158	0.0005375	0.0003125	0.872902	0
	0.159	0.0005125	0.0003625	0.872902	0
	0.16	0.00048125	0.00035	0.872902	0
	0.161	0.00048125	0.000325	0.875	0
	0.162	0.0005625	0.00038125	0.873798	0
	0.163	0.00048125	0.00029375	0.873798	0
	0.164	0.000625	0.00040625	0.873798	0
	0.165	0.00063125	0.00043125	0.873646	0
	0.166	0.00060625	0.00031875	0.876812	0
	0.167	0.000675	0.000375	0.876812	0
	0.168	0.000625	0.0004	0.877872	0
	0.169	0.000475	0.00039375	0.875453	0
	0.17	0.0006	0.00040625	0.875453	0
	0.171	0.0005375	0.000475	0.875453	0
	0.172	0.00056875	0.00045	0.875453	0
	0.173	0.000525	0.00045625	0.874244	0
	0.174	0.0005375	0.00041875	0.873035	0
	0.175	0.000525	0.0004625	0.873035	0
	0.176	0.00038125	0.0004125	0.873035	0
	0.177	0.00050625	0.0003625	0.875152	0
	0.178	0.0005125	0.00046875	0.875	0
	0.179	0.0005375	0.00035625	0.878197	0
	0.18	0.00044375	0.000475	0.876979	0
	0.181	0.00041875	0.00045	0.876829	0
	0.182	0.00040625	0.000475	0.8779	0
	0.183	0.0004	0.00041875	0.877751	0
	0.184	0.00046875	0.0005	0.878825	0
	0.185	0.00053125	0.00046875	0.878825	0
	0.186	0.00045625	0.00054375	0.878528	0
	0.187	0.00031875	0.00053125	0.878528	0
	0.188	0.00048125	0.00045625	0.880689	0
	0.189	0.00034375	0.00054375	0.878229	0
	0.19	0.0004125	0.0004625	0.878079	0
	0.191	0.00035625	0.0005	0.878079	0
	0.192	0.00045625	0.00055	0.879012	0
	0.193	0.0003875	0.00048125	0.878863	0
	0.194	0.0003125	0.00036875	0.878713	0
	0.195	0.000225	0.0004875	0.879802	0
	0.196	0.0003125	0.00055	0.879802	0
	0.197	0.00046875	0.0005875	0.878563	0
	0.198	0.00028125	0.00051875	0.877171	0
	0.199	0.0004	0.00064375	0.875931	0
	0.2	0.0003875	0.0005625	0.879052	0
	0.201	0.000375	0.0006125	0.88015	0
	0.202	0.00035625	0.00056875	0.87985	0
	0.203	0.0003625	0.00058125	0.883166	0
	0.204	0.00035	0.000575	0.886507	0
	0.205	0.0002875	0.0005625	0.886507	0
	0.206	0.00035625	0.0007625	0.883985	0
	0.207	0.0003	0.00064375	0.883838	0
	0.208	0.0004125	0.00065625	0.883692	0
	0.209	0.0003875	0.00061875	0.882427	0
	0.21	0.000375	0.00060625	0.882278	0
	0.211	0.00039375	0.000525	0.882129	0
	0.212	0.00045625	0.0006	0.880711	0
	0.213	0.00043125	0.0007375	0.880711	0
	0.214	0.0005375	0.00061875	0.880711	0
	0.215	0.000325	0.000625	0.880407	0
	0.216	0.0003625	0.0007	0.880255	0
	0.217	0.0005125	0.00066875	0.880255	0
	0.218	0.00043125	0.00076875	0.878981	0
	0.219	0.00043125	0.00068125	0.878981	0
	0.22	0.00045625	0.00071875	0.878981	0
	0.221	0.00039375	0.00078125	0.880102	0
	0.222	0.0003875	0.00076875	0.881226	0
	0.223	0.0004375	0.0007625	0.879949	0
	0.224	0.0004625	0.0006875	0.879949	0
	0.225	0.000475	0.00068125	0.883333	0
	0.226	0.00039375	0.00071875	0.880769	0
	0.227	0.00051875	0.0007375	0.879487	0
	0.228	0.0005	0.00068125	0.879487	0
	0.229	0.00054375	0.00080625	0.878205	0
	0.23	0.0004625	0.000925	0.878205	0
	0.231	0.000525	0.00065625	0.880463	0
	0.232	0.00056875	0.0007125	0.880463	0
	0.233	0.00060625	0.0007625	0.877892	0
	0.234	0.00051875	0.00075625	0.879022	0
	0.235	0.00031875	0.00079375	0.87871	0
	0.236	0.000475	0.0008125	0.879845	0
	0.237	0.0004875	0.00079375	0.877261	0
	0.238	0.0005	0.0007375	0.875809	0
	0.239	0.0005375	0.0007875	0.874352	0
	0.24	0.00046875	0.0007625	0.874189	0
	0.241	0.0005875	0.0007625	0.872892	0
	0.242	0.00045625	0.0007625	0.872892	0
	0.243	0.000525	0.00085	0.870298	0
	0.244	0.0005875	0.00099375	0.869001	0
	0.245	0.00049375	0.0008375	0.866407	0
	0.246	0.000525	0.00081875	0.866234	0
	0.247	0.00061875	0.00065	0.864935	0
	0.248	0.0006125	0.0009	0.864759	0
	0.249	0.00061875	0.0009	0.864583	0
	0.25	0.00045	0.00073125	0.863281	0
	0.251	0.00054375	0.0008	0.864407	0
	0.252	0.00053125	0.0008625	0.867801	0
	0.253	0.00053125	0.000775	0.868938	0
	0.254	0.00053125	0.0008875	0.868766	0
	0.255	0.0005375	0.00094375	0.867454	0
	0.256	0.000425	0.00095	0.868594	0
	0.257	0.00064375	0.00099375	0.86728	0
	0.258	0.00053125	0.00088125	0.867105	0
	0.259	0.00051875	0.00090625	0.868248	0
	0.26	0.000625	0.00079375	0.86693	0
	0.261	0.0005125	0.00100625	0.862978	0
	0.262	0.0005625	0.0009625	0.86166	0
	0.263	0.0005875	0.00094375	0.860343	0
	0.264	0.0005625	0.00095625	0.861478	0
	0.265	0.00053125	0.000925	0.862616	0
	0.266	0.00053125	0.0008125	0.866048	0
	0.267	0.000625	0.0009375	0.869507	0
	0.268	0.0006375	0.0009125	0.868176	0
	0.269	0.00059375	0.00090625	0.869159	0
	0.27	0.00060625	0.00098125	0.868984	0
	0.271	0.00055	0.00101875	0.868984	0
	0.272	0.00059375	0.00096875	0.870147	0
	0.273	0.0006	0.00099375	0.871314	0
	0.274	0.00065625	0.00101875	0.869799	0
	0.275	0.00070625	0.00105	0.870794	0
	0.276	0.000625	0.00098125	0.869448	0
	0.277	0.0006625	0.00093125	0.867925	0
	0.278	0.00064375	0.0010375	0.863881	0
	0.279	0.000625	0.00103125	0.866035	0
	0.28	0.0004875	0.00106875	0.864499	0
	0.281	0.00065	0.00109375	0.863144	0
	0.282	0.0005375	0.00085625	0.864315	0
	0.283	0.0005625	0.000925	0.862958	0
	0.284	0.0006	0.00105	0.860244	0
	0.285	0.0005	0.00105	0.861413	0
	0.286	0.00063125	0.00095625	0.861224	0
	0.287	0.000625	0.0009	0.861035	0
	0.288	0.000525	0.00096875	0.859673	0
	0.289	0.0005125	0.0010375	0.858117	0
	0.29	0.0004375	0.0008875	0.856557	0
	0.291	0.00054375	0.001225	0.857729	0
	0.292	0.000525	0.00111875	0.857729	0
	0.293	0.000675	0.00098125	0.857534	0
	0.294	0.0005625	0.00093125	0.855769	0
	0.295	0.0005625	0.00079375	0.855372	0
	0.296	0.00059375	0.0010125	0.853994	0
	0.297	0.00050625	0.0009375	0.854972	0
	0.298	0.00058125	0.001025	0.854772	0
	0.299	0.00055	0.00094375	0.854571	0
	0.3	0.00065625	0.00096875	0.853186	0
	0.301	0.00060625	0.0009125	0.847645	0
	0.302	0.0005875	0.0010875	0.84626	0
	0.303	0.00061875	0.00106875	0.84466	0
	0.304	0.00065625	0.0011	0.843273	0
	0.305	0.00058125	0.0010875	0.841886	0
	0.306	0.00059375	0.00104375	0.842837	0
	0.307	0.0005	0.00116875	0.840056	0
	0.308	0.00065625	0.00104375	0.837274	0
	0.309	0.00065625	0.00105	0.839609	0
	0.31	0.0007125	0.0009125	0.838215	0
	0.311	0.000675	0.00131875	0.835425	0
	0.312	0.00049375	0.0010625	0.835196	0
	0.313	0.0007125	0.00111875	0.836364	0
	0.314	0.00064375	0.00106875	0.836364	0
	0.315	0.0005875	0.00096875	0.831933	0
	0.316	0.00071875	0.00108125	0.831933	0
	0.317	0.0007125	0.0011125	0.835443	0
	0.318	0.00088125	0.0011	0.833803	0
	0.319	0.0007375	0.0010375	0.836158	0
	0.32	0.00073125	0.00099375	0.834512	0
	0.321	0.00079375	0.0010375	0.834278	0
	0.322	0.00070625	0.0011875	0.831445	0
	0.323	0.00069375	0.001025	0.829787	0
	0.324	0.0008625	0.00106875	0.830725	0
	0.325	0.0007375	0.00115	0.830484	0
	0.326	0.00075	0.000975	0.835244	0
	0.327	0.00089375	0.0013	0.835007	0
	0.328	0.00086875	0.00120625	0.83477	0
	0.329	0.0007375	0.0012	0.835971	0
	0.33	0.00075	0.00103125	0.838384	0
	0.331	0.0008125	0.0011875	0.836941	0
	0.332	0.00083125	0.001225	0.836469	0
	0.333	0.0006625	0.001175	0.835022	0
	0.334	0.00080625	0.00109375	0.836232	0
	0.335	0.000875	0.00111875	0.834783	0
	0.336	0.0009125	0.0009875	0.834543	0
	0.337	0.00066875	0.0011875	0.834543	0
	0.338	0.0009875	0.0011625	0.834302	0
	0.339	0.0007875	0.001125	0.835277	0
	0.34	0.0008375	0.00124375	0.833819	0
	0.341	0.00084375	0.0010625	0.832362	0
	0.342	0.00074375	0.00115	0.829446	0
	0.343	0.00074375	0.0011375	0.823615	0
	0.344	0.000775	0.00101875	0.8207	0
	0.345	0.00076875	0.00115	0.817784	0
	0.346	0.0008125	0.001075	0.821376	0
	0.347	0.0007875	0.00099375	0.819912	0
	0.348	0.00074375	0.00105	0.82232	0
	0.349	0.00071875	0.00115	0.82232	0
	0.35	0.0007625	0.0011	0.823529	0
	0.351	0.00065625	0.001025	0.821797	0
	0.352	0.00076875	0.00103125	0.821534	0
	0.353	0.0007625	0.00125625	0.826152	0
	0.354	0.0007875	0.00124375	0.825893	0
	0.355	0.00073125	0.001075	0.826866	0
	0.356	0.00065625	0.0009875	0.826607	0
	0.357	0.00065625	0.00113125	0.825112	0
	0.358	0.00075	0.00109375	0.826087	0
	0.359	0.0007	0.00105625	0.827068	0
	0.36	0.00068125	0.00106875	0.823795	0
	0.361	0.00069375	0.00109375	0.824773	0
	0.362	0.00064375	0.00106875	0.824508	0
	0.363	0.00083125	0.0012	0.827011	0
	0.364	0.0006375	0.00113125	0.825493	0
	0.365	0.00065	0.00118125	0.82622	0
	0.366	0.00064375	0.00113125	0.828746	0
	0.367	0.00065	0.001225	0.831029	0
	0.368	0.00058125	0.00120625	0.832049	0
	0.369	0.00074375	0.0010125	0.832049	0
	0.37	0.00073125	0.001225	0.822804	0
	0.371	0.00068125	0.00119375	0.825348	0
	0.372	0.00068125	0.00100625	0.825077	0
	0.373	0.00085625	0.00109375	0.825816	0
	0.374	0.000675	0.001175	0.828393	0
	0.375	0.00068125	0.0010125	0.829688	0
	0.376	0.0007	0.001075	0.834906	0
	0.377	0.00064375	0.00096875	0.834906	0
	0.378	0.00070625	0.001175	0.83622	0
	0.379	0.000775	0.001225	0.837539	0
	0.38	0.00060625	0.0012375	0.839428	0
	0.381	0.00065625	0.00105	0.840764	0
	0.382	0.0006125	0.00113125	0.839172	0
	0.383	0.00075625	0.0011625	0.83758	0
	0.384	0.0006875	0.001075	0.83758	0
	0.385	0.00066875	0.0010375	0.835726	0
	0.386	0.00061875	0.00105	0.835463	0
	0.387	0.00071875	0.00109375	0.8368	0
	0.388	0.00076875	0.00125	0.838141	0
	0.389	0.00060625	0.00105625	0.839486	0
	0.39	0.000675	0.00109375	0.840836	0
	0.391	0.0006375	0.001075	0.84058	0
	0.392	0.00075625	0.00121875	0.840323	0
	0.393	0.00060625	0.00128125	0.840323	0
	0.394	0.00066875	0.00109375	0.837097	0
	0.395	0.000725	0.00114375	0.839806	0
	0.396	0.00064375	0.00106875	0.841167	0
	0.397	0.00068125	0.00114375	0.840909	0
	0.398	0.0007125	0.0012125	0.84065	0
	0.399	0.0006375	0.00108125	0.839024	0
	0.4	0.0006125	0.001225	0.839024	0
	0.401	0.0006875	0.00123125	0.839024	0
	0.402	0.00063125	0.00109375	0.838235	0
	0.403	0.00073125	0.001	0.840722	0
	0.404	0.00061875	0.001125	0.840461	0
	0.405	0.0006125	0.00105	0.839934	0
	0.406	0.0005875	0.00104375	0.84106	0
	0.407	0.00065625	0.00105	0.839138	0
	0.408	0.00066875	0.00106875	0.837479	0
	0.409	0.0008	0.00103125	0.840266	0
	0.41	0.0007	0.0010375	0.842809	0
	0.411	0.00063125	0.000975	0.841137	0
	0.412	0.00068125	0.00119375	0.84396	0
	0.413	0.00066875	0.00119375	0.838926	0
	0.414	0.0007	0.0011	0.840336	0
	0.415	0.00071875	0.00100625	0.838655	0
	0.416	0.00059375	0.001	0.841484	0
	0.417	0.0006875	0.00095	0.841484	0
	0.418	0.000675	0.00129375	0.845501	0
	0.419	0.00066875	0.0009875	0.843537	0
	0.42	0.000675	0.00091875	0.844974	0
	0.421	0.00073125	0.0010875	0.846416	0
	0.422	0.0006375	0.00110625	0.843003	0
	0.423	0.00058125	0.00091875	0.844178	0
	0.424	0.000625	0.0011	0.843643	0
	0.425	0.00066875	0.00086875	0.840206	0
	0.426	0.00070625	0.0009	0.838488	0
	0.427	0.0007125	0.00113125	0.83821	0
	0.428	0.00076875	0.0009125	0.836489	0
	0.429	0.0006375	0.0009875	0.836207	0
	0.43	0.00061875	0.0011125	0.8391	0
	0.431	0.00059375	0.00098125	0.8391	0
	0.432	0.0006375	0.00100625	0.838821	0
	0.433	0.00071875	0.00118125	0.840278	0
	0.434	0.0006	0.00098125	0.841463	0
	0.435	0.0005875	0.00099375	0.841463	0
	0.436	0.00065	0.00093125	0.841187	0
	0.437	0.00054375	0.00105625	0.842382	0
	0.438	0.00069375	0.00099375	0.845343	0
	0.439	0.0006875	0.00104375	0.84507	0
	0.44	0.00073125	0.000975	0.844523	0
	0.441	0.0004875	0.00104375	0.845745	0
	0.442	0.00065625	0.001	0.846702	0
	0.443	0.00051875	0.00105625	0.848214	0
	0.444	0.00048125	0.00116875	0.851254	0
	0.445	0.00056875	0.000975	0.851254	0
	0.446	0.00060625	0.001	0.849192	0
	0.447	0.00065	0.001	0.848921	0
	0.448	0.00065625	0.00095	0.847122	0
	0.449	0.0006	0.00103125	0.848649	0
	0.45	0.0005875	0.001025	0.845045	0
	0.451	0.00058125	0.00101875	0.843243	0
	0.452	0.00079375	0.00111875	0.843243	0
	0.453	0.00058125	0.00119375	0.841155	0
	0.454	0.00055	0.00093125	0.844203	0
	0.455	0.00063125	0.0010125	0.844203	0
	0.456	0.0006625	0.001025	0.842105	0
	0.457	0.000625	0.000925	0.838182	0
	0.458	0.00075	0.000975	0.839416	0
	0.459	0.00053125	0.00100625	0.836697	0
	0.46	0.00065625	0.00100625	0.836397	0
	0.461	0.00068125	0.00090625	0.841035	0
	0.462	0.00060625	0.00113125	0.840741	0
	0.463	0.00065	0.00099375	0.840445	0
	0.464	0.00071875	0.00095	0.836431	0
	0.465	0.00071875	0.00100625	0.836127	0
	0.466	0.0006875	0.00104375	0.836127	0
	0.467	0.00060625	0.00095625	0.835821	0
	0.468	0.00056875	0.0010375	0.837079	0
	0.469	0.0007875	0.00085625	0.838649	0
	0.47	0.00061875	0.00084375	0.836466	0
	0.471	0.0007	0.00098125	0.834275	0
	0.472	0.0005625	0.00113125	0.833648	0
	0.473	0.0006625	0.0008875	0.835227	0
	0.474	0.00064375	0.000875	0.834915	0
	0.475	0.00059375	0.0008875	0.833017	0
	0.476	0.00060625	0.00083125	0.83619	0
	0.477	0.00066875	0.00099375	0.837786	0
	0.478	0.0006125	0.00106875	0.840996	0
	0.479	0.0007125	0.0008875	0.844231	0
	0.48	0.0007375	0.000975	0.847195	0
	0.481	0.00065	0.000875	0.847195	0
	0.482	0.00061875	0.00095	0.843327	0
	0.483	0.00075	0.00096875	0.841393	0
	0.484	0.0006375	0.001025	0.841085	0
	0.485	0.0007625	0.0009125	0.842718	0
	0.486	0.0007	0.00088125	0.840777	0
	0.487	0.0006625	0.00094375	0.840777	0
	0.488	0.00073125	0.0009625	0.840467	0
	0.489	0.00080625	0.000825	0.840467	0
	0.49	0.00065625	0.00088125	0.838207	0
	0.491	0.00084375	0.00094375	0.841487	0
	0.492	0.0008375	0.00084375	0.837573	0
	0.493	0.0006125	0.00090625	0.844181	0
	0.494	0.00059375	0.001	0.842209	0
	0.495	0.00078125	0.00096875	0.843564	0
	0.496	0.00066875	0.00085625	0.846614	0
	0.497	0.00075625	0.000875	0.846307	0
	0.498	0.0007375	0.00095625	0.846	0
	0.499	0.0005625	0.00096875	0.84	0
	0.5	0.00059375	0.0009	0.841683	0
	0.501	0.000575	0.00075625	0.839679	0
	0.502	0.00055625	0.0008625	0.837675	0
	0.503	0.0006	0.000925	0.837349	0
	0.504	0.00050625	0.00084375	0.840404	0
	0.505	0.000725	0.000925	0.840081	0
	0.506	0.0005875	0.00090625	0.839757	0
	0.507	0.000575	0.00095	0.837728	0
	0.508	0.00065	0.00081875	0.833671	0
	0.509	0.0005625	0.00091875	0.833333	0
	0.51	0.00064375	0.00095	0.835031	0
	0.511	0.00053125	0.00091875	0.832994	0
	0.512	0.00068125	0.00069375	0.830612	0
	0.513	0.00065	0.00095	0.832311	0
	0.514	0.00055	0.00075625	0.831622	0
	0.515	0.00064375	0.00071875	0.833333	0
	0.516	0.0005875	0.0008625	0.833333	0
	0.517	0.00058125	0.0008875	0.836777	0
	0.518	0.00059375	0.00105	0.830579	0
	0.519	0.0005625	0.00095625	0.834025	0
	0.52	0.00060625	0.0009	0.829522	0
	0.521	0.00058125	0.0008375	0.830898	0
	0.522	0.000575	0.00074375	0.832636	0
	0.523	0.0004875	0.00099375	0.834382	0
	0.524	0.0004875	0.000875	0.833684	0
	0.525	0.0005375	0.00100625	0.833684	0
	0.526	0.0005125	0.00080625	0.829114	0
	0.527	0.0004625	0.00078125	0.828753	0
	0.528	0.00055	0.0009375	0.834043	0
	0.529	0.0006	0.000725	0.831915	0
	0.53	0.0005875	0.000825	0.833689	0
	0.531	0.00060625	0.000875	0.833333	0
	0.532	0.00064375	0.00089375	0.838362	0
	0.533	0.00055	0.0009125	0.838013	0
	0.534	0.00050625	0.00073125	0.838013	0
	0.535	0.000525	0.00085	0.838013	0
	0.536	0.0005	0.00081875	0.838013	0
	0.537	0.0006125	0.00086875	0.839827	0
	0.538	0.00056875	0.00095625	0.83731	0
	0.539	0.00069375	0.000675	0.835141	0
	0.54	0.000575	0.00081875	0.840263	0
	0.541	0.00055625	0.00089375	0.840263	0
	0.542	0.00058125	0.0009375	0.841758	0
	0.543	0.00060625	0.00085	0.847345	0
	0.544	0.0004625	0.00084375	0.854911	0
	0.545	0.00061875	0.00070625	0.856823	0
	0.546	0.00059375	0.000825	0.854586	0
	0.547	0.0005375	0.00085625	0.855856	0
	0.548	0.0005375	0.0008625	0.853273	0
	0.549	0.00068125	0.0007875	0.850679	0
	0.55	0.00055	0.00076875	0.848073	0
	0.551	0.00049375	0.0009625	0.84127	0
	0.552	0.0005875	0.0007875	0.839002	0
	0.553	0.00065625	0.0009	0.836735	0
	0.554	0.00061875	0.0007125	0.838636	0
	0.555	0.00073125	0.000725	0.836364	0
	0.556	0.00064375	0.00090625	0.835616	0
	0.557	0.0006375	0.0007625	0.832952	0
	0.558	0.00066875	0.0008875	0.830664	0
	0.559	0.00066875	0.000875	0.831797	0
	0.56	0.00058125	0.0008	0.831797	0
	0.561	0.000525	0.0006625	0.835648	0
	0.562	0.0007	0.00079375	0.835648	0
	0.563	0.000625	0.00064375	0.831019	0
	0.564	0.00050625	0.00075	0.831019	0
	0.565	0.00060625	0.000875	0.832947	0
	0.566	0.00065625	0.00086875	0.832558	0
	0.567	0.00059375	0.00084375	0.832168	0
	0.568	0.00055625	0.00079375	0.829837	0
	0.569	0.0005375	0.00065625	0.829837	0
	0.57	0.000575	0.00065	0.831776	0
	0.571	0.000625	0.000825	0.827103	0
	0.572	0.0006	0.00081875	0.824356	0
	0.573	0.0006875	0.000725	0.825882	0
	0.574	0.00056875	0.00073125	0.818824	0
	0.575	0.0005	0.00075625	0.813679	0
	0.576	0.0005375	0.00073125	0.808962	0
	0.577	0.00049375	0.00074375	0.810427	0
	0.578	0.00051875	0.00074375	0.810427	0
	0.579	0.0005375	0.00074375	0.812352	0
	0.58	0.000675	0.00075625	0.809976	0
	0.581	0.000575	0.00086875	0.809976	0
	0.582	0.00053125	0.00069375	0.809976	0
	0.583	0.00054375	0.0008	0.811905	0
	0.584	0.0006	0.000725	0.811005	0
	0.585	0.00058125	0.00073125	0.8125	0
	0.586	0.00059375	0.00085625	0.806763	0
	0.587	0.0005125	0.000725	0.803874	0
	0.588	0.0006375	0.000725	0.805825	0
	0.589	0.00048125	0.0006375	0.805353	0
	0.59	0.000575	0.00068125	0.800487	0
	0.591	0.00058125	0.00071875	0.8	0
	0.592	0.0006875	0.0006875	0.805897	0
	0.593	0.00065625	0.00075	0.805897	0
	0.594	0.00049375	0.00070625	0.805419	0
	0.595	0.00069375	0.00075	0.802956	0
	0.596	0.00070625	0.00065625	0.800493	0
	0.597	0.000575	0.00075	0.802469	0
	0.598	0.00055	0.00076875	0.802469	0
	0.599	0.0007625	0.00060625	0.80597	0
	0.6	0.00070625	0.0006625	0.802993	0
	0.601	0.0008	0.00075625	0.805	0
	0.602	0.00075	0.0007	0.809045	0
	0.603	0.00064375	0.00068125	0.811083	0
	0.604	0.0006875	0.00075	0.811083	0
	0.605	0.00056875	0.00065625	0.816794	0
	0.606	0.0006625	0.00075	0.816327	0
	0.607	0.00068125	0.00054375	0.818414	0
	0.608	0.00079375	0.0007375	0.817949	0
	0.609	0.00078125	0.00068125	0.811856	0
	0.61	0.0006625	0.00069375	0.806701	0
	0.611	0.00065	0.0007625	0.808786	0
	0.612	0.000625	0.000675	0.806202	0
	0.613	0.0006	0.00065625	0.80829	0
	0.614	0.0006125	0.00079375	0.803109	0
	0.615	0.00065625	0.00060625	0.805195	0
	0.616	0.0006375	0.00075	0.797403	0
	0.617	0.00061875	0.0007375	0.799479	0
	0.618	0.00071875	0.000625	0.791667	0
	0.619	0.0008	0.00065625	0.793194	0
	0.62	0.000675	0.00063125	0.793194	0
	0.621	0.0006625	0.00071875	0.796296	0
	0.622	0.00068125	0.0005	0.790451	0
	0.623	0.00065625	0.00068125	0.789333	0
	0.624	0.000675	0.0006	0.789333	0
	0.625	0.00064375	0.0005375	0.784	0
	0.626	0.00074375	0.00073125	0.786096	0
	0.627	0.0006625	0.00063125	0.788204	0
	0.628	0.000625	0.000575	0.790323	0
	0.629	0.00066875	0.00061875	0.787634	0
	0.63	0.0007	0.0007125	0.784367	0
	0.631	0.00068125	0.0006375	0.77628	0
	0.632	0.00070625	0.0007	0.778378	0
	0.633	0.00065625	0.00066875	0.778378	0
	0.634	0.000625	0.00063125	0.780488	0
	0.635	0.00064375	0.0007375	0.779891	0
	0.636	0.0006125	0.0005875	0.773842	0
	0.637	0.00058125	0.00063125	0.771117	0
	0.638	0.000675	0.00060625	0.770492	0
	0.639	0.0007	0.00063125	0.772603	0
	0.64	0.00065625	0.00051875	0.771978	0
	0.641	0.00051875	0.00054375	0.774105	0
	0.642	0.00055625	0.00065	0.773481	0
	0.643	0.00066875	0.0005875	0.770083	0
	0.644	0.000675	0.0005125	0.766667	0
	0.645	0.00071875	0.00061875	0.768802	0
	0.646	0.0007125	0.00064375	0.770308	0
	0.647	0.00075	0.00069375	0.776836	0
	0.648	0.00064375	0.00056875	0.78125	0
	0.649	0.000725	0.00059375	0.78	0
	0.65	0.00074375	0.00064375	0.782235	0
	0.651	0.0007	0.0005	0.778736	0
	0.652	0.0007375	0.00063125	0.772989	0
	0.653	0.00071875	0.0005625	0.77971	0
	0.654	0.0006625	0.00065	0.773913	0
	0.655	0.0005875	0.00063125	0.776163	0
	0.656	0.00068125	0.0006625	0.773256	0
	0.657	0.0005625	0.000675	0.769006	0
	0.658	0.00065625	0.0005625	0.771261	0
	0.659	0.000625	0.0006125	0.772861	0
	0.66	0.00073125	0.00059375	0.774481	0
	0.661	0.00069375	0.00041875	0.77381	0
	0.662	0.0006	0.0005	0.770833	0
	0.663	0.00060625	0.0005375	0.767857	0
	0.664	0.000575	0.00055	0.764179	0
	0.665	0.00071875	0.000675	0.763473	0
	0.666	0.0005625	0.00049375	0.765766	0
	0.667	0.0006	0.0005625	0.769697	0
	0.668	0.0007	0.00059375	0.772036	0
	0.669	0.00061875	0.000525	0.7737	0
	0.67	0.00055625	0.0005125	0.773006	0
	0.671	0.00063125	0.00066875	0.773006	0
	0.672	0.00053125	0.00054375	0.772308	0
	0.673	0.00053125	0.0005625	0.772308	0
	0.674	0.0006375	0.00045625	0.774691	0
	0.675	0.0005625	0.0006875	0.77709	0
	0.676	0.000625	0.00059375	0.775701	0
	0.677	0.00061875	0.000575	0.772586	0
	0.678	0.000525	0.000475	0.772586	0
	0.679	0.00054375	0.00055625	0.777429	0
	0.68	0.000625	0.00061875	0.77673	0
	0.681	0.00064375	0.00051875	0.776025	0
	0.682	0.0005125	0.00046875	0.775316	0
	0.683	0.0006	0.00059375	0.772152	0
	0.684	0.0006375	0.00059375	0.779553	0
	0.685	0.00055	0.0005375	0.78135	0
	0.686	0.00064375	0.0004875	0.783871	0
	0.687	0.00053125	0.00051875	0.780645	0
	0.688	0.00055625	0.0005875	0.785714	0
	0.689	0.00051875	0.00053125	0.782468	0
	0.69	0.0006375	0.0005375	0.786885	0
	0.691	0.0006375	0.00051875	0.786184	0
	0.692	0.0006	0.0006375	0.791391	0
	0.693	0.000525	0.00061875	0.790698	0
	0.694	0.00064375	0.0004625	0.790698	0
	0.695	0.00053125	0.000575	0.795987	0
	0.696	0.00055625	0.00056875	0.792642	0
	0.697	0.0006875	0.00044375	0.79798	0
	0.698	0.00054375	0.0004625	0.797297	0
	0.699	0.0006625	0.00059375	0.79932	0
	0.7	0.00063125	0.00064375	0.795222	0
	0.701	0.00054375	0.00053125	0.791096	0
	0.702	0.000575	0.000525	0.793814	0
	0.703	0.00055	0.0005625	0.793103	0
	0.704	0.0005	0.00050625	0.798611	0
	0.705	0.00055	0.0005125	0.797909	0
	0.706	0.00056875	0.0005	0.794425	0
	0.707	0.000525	0.00050625	0.790941	0
	0.708	0.0004625	0.00040625	0.790941	0
	0.709	0.00050625	0.00039375	0.790941	0
	0.71	0.00053125	0.0005125	0.787456	0
	0.711	0.00051875	0.000425	0.792982	0
	0.712	0.00055625	0.0004875	0.788732	0
	0.713	0.000475	0.00048125	0.788732	0
	0.714	0.00053125	0.00049375	0.791519	0
	0.715	0.00045625	0.00058125	0.797153	0
	0.716	0.00045625	0.0005	0.797153	0
	0.717	0.00048125	0.00054375	0.790036	0
	0.718	0.000475	0.0004	0.790036	0
	0.719	0.00050625	0.0003125	0.786477	0
	0.72	0.00045625	0.0004875	0.782918	0
	0.721	0.0004625	0.000475	0.785714	0
	0.722	0.00033125	0.00046875	0.782143	0
	0.723	0.00050625	0.00049375	0.784173	0
	0.724	0.00045	0.00063125	0.784173	0
	0.725	0.0004125	0.00049375	0.780576	0
	0.726	0.00045625	0.00045625	0.784672	0
	0.727	0.000375	0.000425	0.789668	0
	0.728	0.00041875	0.0004125	0.791822	0
	0.729	0.000325	0.0005	0.794776	0
	0.73	0.000375	0.0005125	0.800752	0
	0.731	0.00049375	0.0004	0.795455	0
	0.732	0.0004	0.0005	0.807692	0
	0.733	0.000475	0.0005625	0.803089	0
	0.734	0.00039375	0.00041875	0.805447	0
	0.735	0.00034375	0.0005	0.805447	0
	0.736	0.0004625	0.0003875	0.803922	0
	0.737	0.00045	0.00053125	0.803922	0
	0.738	0.0004	0.00044375	0.810277	0
	0.739	0.0005125	0.00050625	0.813492	0
	0.74	0.00038125	0.000425	0.816733	0
	0.741	0.0004125	0.0003875	0.82	0
	0.742	0.00043125	0.00045	0.812	0
	0.743	0.000325	0.00040625	0.812	0
	0.744	0.00049375	0.0003875	0.8	0
	0.745	0.00041875	0.0004	0.8	0
	0.746	0.0004875	0.00049375	0.795181	0
	0.747	0.0004375	0.0003875	0.795181	0
	0.748	0.0003625	0.0004625	0.795181	0
	0.749	0.0003625	0.0004875	0.791165	0
	0.75	0.00045	0.0003875	0.78629	0
	0.751	0.0004	0.000475	0.785425	0
	0.752	0.0004625	0.00035	0.773279	0
	0.753	0.00041875	0.00051875	0.772358	0
	0.754	0.0005875	0.00036875	0.767347	0
	0.755	0.0005125	0.0004375	0.763265	0
	0.756	0.00055625	0.00029375	0.766393	0
	0.757	0.0004625	0.00035	0.769547	0
	0.758	0.00040625	0.00036875	0.765432	0
	0.759	0.0005	0.0005	0.768595	0
	0.76	0.0004875	0.0004	0.771784	0
	0.761	0.00053125	0.00044375	0.774059	0
	0.762	0.00051875	0.00035	0.773109	0
	0.763	0.0004875	0.0005	0.772152	0
	0.764	0.0005125	0.0004	0.775424	0
	0.765	0.00051875	0.0003125	0.775424	0
	0.766	0.0006375	0.000375	0.778723	0
	0.767	0.000525	0.00048125	0.774468	0
	0.768	0.000475	0.0004125	0.777778	0
	0.769	0.00053125	0.00034375	0.764957	0
	0.77	0.00056875	0.00039375	0.760684	0
	0.771	0.0005125	0.000425	0.763948	0
	0.772	0.0004875	0.0004	0.767241	0
	0.773	0.00049375	0.00035625	0.758621	0
	0.774	0.00055	0.00030625	0.76087	0
	0.775	0.0005375	0.00038125	0.756522	0
	0.776	0.00065625	0.000375	0.759825	0
	0.777	0.0005875	0.00036875	0.751092	0
	0.778	0.00043125	0.00036875	0.75	0
	0.779	0.00056875	0.0003625	0.753304	0
	0.78	0.000675	0.0004	0.747788	0
	0.781	0.00054375	0.00039375	0.753363	0
	0.782	0.00065	0.0002875	0.753363	0
	0.783	0.00043125	0.00031875	0.752252	0
	0.784	0.000625	0.000325	0.752252	0
	0.785	0.000575	0.00045	0.755656	0
	0.786	0.000425	0.00035	0.755656	0
	0.787	0.00051875	0.0004125	0.755656	0
	0.788	0.00065	0.00034375	0.751131	0
	0.789	0.00049375	0.00035625	0.751131	0
	0.79	0.0004875	0.00031875	0.751131	0
	0.791	0.00060625	0.000325	0.754545	0
	0.792	0.00055	0.0004	0.754545	0
	0.793	0.0005375	0.00035	0.756881	0
	0.794	0.0005	0.000275	0.763889	0
	0.795	0.00055	0.00024375	0.762791	0
	0.796	0.00058125	0.0003375	0.755869	0
	0.797	0.00055	0.0003625	0.755869	0
	0.798	0.00063125	0.00025625	0.766667	0
	0.799	0.0003875	0.00028125	0.755981	0
	0.8	0.0005625	0.000375	0.746411	0
	0.801	0.00050625	0.00033125	0.75	0
	0.802	0.000525	0.0003125	0.740385	0
	0.803	0.00048125	0.00035	0.740385	0
	0.804	0.00045625	0.00031875	0.735577	0
	0.805	0.00045625	0.00025625	0.735577	0
	0.806	0.00053125	0.00039375	0.735577	0
	0.807	0.00050625	0.00031875	0.737864	0
	0.808	0.00044375	0.0004125	0.73301	0
	0.809	0.00045625	0.00026875	0.735294	0
	0.81	0.0004875	0.0002625	0.732673	0
	0.811	0.00043125	0.000325	0.74	0
	0.812	0.00046875	0.00036875	0.74	0
	0.813	0.00045625	0.000325	0.743719	0
	0.814	0.0005	0.00025	0.738693	0
	0.815	0.0003875	0.0003125	0.727273	0
	0.816	0.00051875	0.0002375	0.729592	0
	0.817	0.0005375	0.0003	0.733333	0
	0.818	0.00049375	0.0002375	0.73057	0
	0.819	0.0004125	0.00025	0.727749	0
	0.82	0.00049375	0.00028125	0.731579	0
	0.821	0.0005125	0.0002625	0.715789	0
	0.822	0.00040625	0.0003375	0.714286	0
	0.823	0.00045625	0.000275	0.721925	0
	0.824	0.0004875	0.00035625	0.716578	0
	0.825	0.00048125	0.00024375	0.72043	0
	0.826	0.000475	0.00025625	0.722826	0
	0.827	0.0004375	0.0002875	0.722826	0
	0.828	0.0004875	0.0002625	0.717391	0
	0.829	0.00059375	0.00025	0.710383	0
	0.83	0.00059375	0.0002375	0.710383	0
	0.831	0.0004125	0.0002875	0.703297	0
	0.832	0.00055	0.00028125	0.707182	0
	0.833	0.00050625	0.00025625	0.715084	0
	0.834	0.000525	0.0002125	0.715084	0
	0.835	0.00050625	0.0002875	0.703911	0
	0.836	0.00056875	0.0001875	0.703911	0
	0.837	0.00065625	0.000275	0.698324	0
	0.838	0.00058125	0.0003125	0.691011	0
	0.839	0.00064375	0.00023125	0.702857	0
	0.84	0.000625	0.0002625	0.701149	0
	0.841	0.0005625	0.0002375	0.703488	0
	0.842	0.0005125	0.00021875	0.701754	0
	0.843	0.00061875	0.00030625	0.705882	0
	0.844	0.00064375	0.00026875	0.705882	0
	0.845	0.00064375	0.0002125	0.704142	0
	0.846	0.00053125	0.000325	0.708333	0
	0.847	0.0005375	0.0001875	0.708333	0
	0.848	0.0006625	0.00020625	0.708333	0
	0.849	0.0006125	0.00019375	0.708333	0
	0.85	0.0007375	0.00025625	0.706587	0
	0.851	0.000625	0.0002375	0.710843	0
	0.852	0.0006625	0.000225	0.719512	0
	0.853	0.00065625	0.00023125	0.723926	0
	0.854	0.00058125	0.0002	0.711656	0
	0.855	0.0005875	0.0002125	0.711656	0
	0.856	0.00056875	0.00026875	0.711656	0
	0.857	0.00056875	0.00023125	0.703704	0
	0.858	0.0005125	0.00021875	0.703704	0
	0.859	0.0004875	0.0002125	0.697531	0
	0.86	0.00051875	0.000225	0.70625	0
	0.861	0.0005625	0.00019375	0.685535	0
	0.862	0.00055625	0.00014375	0.681529	0
	0.863	0.00050625	0.000175	0.683871	0
	0.864	0.00050625	0.0002	0.670968	0
	0.865	0.00048125	0.0001875	0.668831	0
	0.866	0.00060625	0.0002375	0.673203	0
	0.867	0.00060625	0.00015625	0.682119	0
	0.868	0.00048125	0.000175	0.675497	0
	0.869	0.00066875	0.00020625	0.668874	0
	0.87	0.00045625	0.00019375	0.675676	0
	0.871	0.0005375	0.0001875	0.668919	0
	0.872	0.0003875	0.000225	0.666667	0
	0.873	0.00046875	0.0002	0.646259	0
	0.874	0.00054375	0.00015	0.646259	0
	0.875	0.00049375	0.00015625	0.639456	0
	0.876	0.0004875	0.0001375	0.661972	0
	0.877	0.00043125	0.0002375	0.666667	0
	0.878	0.0004625	0.000125	0.659574	0
	0.879	0.00055625	0.00014375	0.664286	0
	0.88	0.00051875	0.00015	0.666667	0
	0.881	0.00055	0.0001125	0.686567	0
	0.882	0.00055	0.00015625	0.676692	0
	0.883	0.00054375	0.0001625	0.676692	0
	0.884	0.00055625	0.000125	0.674242	0
	0.885	0.00059375	0.00020625	0.684615	0
	0.886	0.00055625	0.00018125	0.689922	0
	0.887	0.00051875	0.00010625	0.695312	0
	0.888	0.0006	0.00016875	0.700787	0
	0.889	0.00055	0.00013125	0.698413	0
	0.89	0.00044375	0.00014375	0.696	0
	0.891	0.0005625	0.0001875	0.701613	0
	0.892	0.0005	0.00020625	0.707317	0
	0.893	0.00044375	0.00015625	0.707317	0
	0.894	0.00065	0.00015	0.699187	0
	0.895	0.000525	0.00014375	0.702479	0
	0.896	0.00051875	0.00015625	0.702479	0
	0.897	0.0006875	8.125e-05	0.702479	0
	0.898	0.0005125	0.00014375	0.702479	0
	0.899	0.00045625	0.00016875	0.702479	0
	0.9	0.0005125	0.0002	0.702479	0
	0.901	0.00048125	0.00013125	0.702479	0
	0.902	0.0005125	0.00016875	0.714286	0
	0.903	0.00046875	0.00013125	0.711864	0
	0.904	0.00044375	0.00013125	0.724138	0
	0.905	0.0004125	8.75e-05	0.730435	0
	0.906	0.0003875	0.000125	0.736842	0
	0.907	0.00045	0.000125	0.736842	0
	0.908	0.00035625	0.0001625	0.725664	0
	0.909	0.0002375	0.0001	0.732143	0
	0.91	0.00035	0.00013125	0.738739	0
	0.911	0.0003125	0.00010625	0.745455	0
	0.912	0.00034375	0.0001125	0.743119	0
	0.913	0.00023125	0.00014375	0.728972	0
	0.914	0.00028125	0.0001	0.726415	0
	0.915	0.00025	0.00013125	0.740385	0
	0.916	0.00021875	0.0001125	0.745098	0
	0.917	0.00025	0.00015625	0.742574	0
	0.918	0.00028125	0.000175	0.742574	0
	0.919	0.000225	0.0001	0.757576	0
	0.92	0.0003	0.0001	0.737374	0
	0.921	0.00023125	0.000125	0.75	0
	0.922	0.00025625	6.875e-05	0.757895	0
	0.923	0.0001875	6.875e-05	0.755319	0
	0.924	0.0003125	0.00013125	0.763441	0
	0.925	0.0003375	0.0001125	0.76087	0
	0.926	0.00023125	0.00010625	0.769231	0
	0.927	0.00031875	5.625e-05	0.769231	0
	0.928	0.00039375	7.5e-05	0.769231	0
	0.929	0.00031875	0.00010625	0.764045	0
	0.93	0.00041875	8.75e-05	0.761364	0
	0.931	0.0004375	9.375e-05	0.770115	0
	0.932	0.0003875	8.125e-05	0.770115	0
	0.933	0.0004875	8.75e-05	0.758621	0
	0.934	0.0004625	0.00010625	0.758621	0
	0.935	0.00045	7.5e-05	0.747126	0
	0.936	0.000325	0.0001	0.747126	0
	0.937	0.0004125	5.625e-05	0.747126	0
	0.938	0.0004625	9.375e-05	0.735632	0
	0.939	0.000475	6.25e-05	0.744186	0
	0.94	0.00035625	0.0001	0.744186	0
	0.941	0.00043125	8.125e-05	0.744186	0
	0.942	0.00048125	9.375e-05	0.72093	0
	0.943	0.0004125	8.125e-05	0.72093	0
	0.944	0.0003875	7.5e-05	0.709302	0
	0.945	0.00034375	7.5e-05	0.717647	0
	0.946	0.0004375	3.75e-05	0.690476	0
	0.947	0.0002875	5e-05	0.678571	0
	0.948	0.0003	5e-05	0.686747	0
	0.949	0.0003125	6.25e-05	0.691358	0
	0.95	0.00028125	4.375e-05	0.691358	0
	0.951	0.00031875	3.125e-05	0.708861	0
	0.952	0.00030625	6.875e-05	0.683544	0
	0.953	0.000425	4.375e-05	0.692308	0
	0.954	0.0003375	7.5e-05	0.697368	0
	0.955	0.0004125	8.75e-05	0.693333	0
	0.956	0.00036875	3.75e-05	0.69863	0
	0.957	0.00035	6.25e-05	0.69863	0
	0.958	0.0003625	3.75e-05	0.708333	0
	0.959	0.00045	3.125e-05	0.704225	0
	0.96	0.000425	5e-05	0.676056	0
	0.961	0.000525	6.875e-05	0.661972	0
	0.962	0.0005125	5e-05	0.633803	0
	0.963	0.00058125	4.375e-05	0.637681	0
	0.964	0.000625	5e-05	0.632353	0
	0.965	0.00056875	3.125e-05	0.602941	0
	0.966	0.000475	5e-05	0.61194	0
	0.967	0.000675	1.875e-05	0.597015	0
	0.968	0.00068125	3.125e-05	0.590909	0
	0.969	0.00074375	3.125e-05	0.6	0
	0.97	0.00071875	6.25e-05	0.6	0
	0.971	0.00084375	4.375e-05	0.5625	0
	0.972	0.0007625	3.125e-05	0.546875	0
	0.973	0.00088125	6.875e-05	0.539683	0
	0.974	0.00081875	2.5e-05	0.507937	0
	0.975	0.00073125	4.375e-05	0.460317	0
	0.976	0.00098125	1.875e-05	0.467742	0
	0.977	0.00095625	1.875e-05	0.483333	0
	0.978	0.0009625	1.25e-05	0.491525	0
	0.979	0.0009	4.375e-05	0.473684	0
	0.98	0.00080625	5.625e-05	0.472727	0
	0.981	0.00091875	3.125e-05	0.462963	0
	0.982	0.000775	3.75e-05	0.470588	0
	0.983	0.000825	2.5e-05	0.44	0
	0.984	0.0007625	1.875e-05	0.42	0
	0.985	0.00078125	1.875e-05	0.395833	0
	0.986	0.00086875	2.5e-05	0.369565	0
	0.987	0.00083125	2.5e-05	0.340909	0
	0.988	0.0009875	0	0.333333	0
	0.989	0.00078125	0	0.325	0
	0.99	0.001075	6.25e-06	0.333333	0
	0.991	0.00113125	3.125e-05	0.333333	0
	0.992	0.00125	0	0.314286	0
	0.993	0.0012375	0	0.30303	0
	0.994	0.00131875	6.25e-06	0.25	0
	0.995	0.0012125	6.25e-06	0.2	0
	0.996	0.00138125	0	0.214286	0
	0.997	0.001325	0	0.24	0
	0.998	0.00134375	1.25e-05	0.173913	0
	0.999	0.00135625	6.25e-06	0.176471	0
	1	0.00338125	6.25e-06	0.0714286	0


#	yrange	sparsity	# links	zeta	support at cross	fraction FP
	0	0.501875	803	0.00422801	0.902	0.108347
	0.5	0.501875	803	0.00422801	0.902	0.108347
