#	Frequencies and overlap
#	bins	MYC	shuffle	overlap_MYC	overlap_shuffle
	0	0.4398	0.46295	0.884739	0
	0.001	0	0	0.884739	0
	0.002	0	0	0.884739	0
	0.003	0	0	0.884739	0
	0.004	0	0	0.884739	0
	0.005	0	0	0.884739	0
	0.006	0	0	0.884739	0
	0.007	0	0	0.884739	0
	0.008	0	0	0.884739	0
	0.009	0	0	0.884739	0
	0.01	0	0	0.884739	0
	0.011	0	0	0.884739	0
	0.012	0	0	0.884739	0
	0.013	0	0	0.884739	0
	0.014	0	0	0.884739	0
	0.015	0	0	0.884739	0
	0.016	0	0	0.884739	0
	0.017	0	0	0.884739	0
	0.018	0	0	0.884739	0
	0.019	0	0	0.884739	0
	0.02	0	0	0.884739	0
	0.021	0	0	0.884739	0
	0.022	0	0	0.884739	0
	0.023	0	0	0.884739	0
	0.024	0	0	0.884739	0
	0.025	0	0	0.884739	0
	0.026	0	0	0.884739	0
	0.027	0	0	0.884739	0
	0.028	0	0	0.884739	0
	0.029	0	0	0.884739	0
	0.03	0	0	0.884739	0
	0.031	0	0	0.884739	0
	0.032	0	0	0.884739	0
	0.033	0	0	0.884739	0
	0.034	0	0	0.884739	0
	0.035	0	0	0.884739	0
	0.036	0	0	0.884739	0
	0.037	0	0	0.884739	0
	0.038	0	0	0.884739	0
	0.039	0	0	0.884739	0
	0.04	0	0	0.884739	0
	0.041	0	0	0.884739	0
	0.042	0	0	0.884739	0
	0.043	0	0	0.884739	0
	0.044	0	0	0.884739	0
	0.045	0	0	0.884739	0
	0.046	0	0	0.884739	0
	0.047	0	0	0.884739	0
	0.048	0	0	0.884739	0
	0.049	0	0	0.884739	0
	0.05	0	0	0.884739	0
	0.051	0	0	0.884739	0
	0.052	0	0	0.884739	0
	0.053	0	0	0.884739	0
	0.054	0	0	0.884739	0
	0.055	0	0	0.884739	0
	0.056	0	0	0.884739	0
	0.057	0	0	0.884739	0
	0.058	0	0	0.884739	0
	0.059	0	0	0.884739	0
	0.06	0	0	0.884739	0
	0.061	0	0	0.884739	0
	0.062	0	0	0.884739	0
	0.063	0	0	0.884739	0
	0.064	0	0	0.884739	0
	0.065	0	0	0.884739	0
	0.066	0	0	0.884739	0
	0.067	0	0	0.884739	0
	0.068	0	0	0.884739	0
	0.069	0	0	0.884739	0
	0.07	0	0	0.884739	0
	0.071	0	0	0.884739	0
	0.072	0	0	0.884739	0
	0.073	0	0	0.884739	0
	0.074	0	0	0.884739	0
	0.075	0	0	0.884739	0
	0.076	0	0	0.884739	0
	0.077	0	0	0.884739	0
	0.078	0	0	0.884739	0
	0.079	0	0	0.884739	0
	0.08	0	0	0.884739	0
	0.081	0	0	0.884739	0
	0.082	0	0	0.884739	0
	0.083	0	0	0.884739	0
	0.084	0	0	0.884739	0
	0.085	0	0	0.884739	0
	0.086	0	0	0.884739	0
	0.087	0	0	0.884739	0
	0.088	0	0	0.884739	0
	0.089	0	0	0.884739	0
	0.09	0	0	0.884739	0
	0.091	0	0	0.884739	0
	0.092	0	0	0.884739	0
	0.093	0	0	0.884739	0
	0.094	0	0	0.884739	0
	0.095	0	0	0.884739	0
	0.096	0	0	0.884739	0
	0.097	0	0	0.884739	0
	0.098	0	0	0.884739	0
	0.099	0	0	0.884739	0
	0.1	0	0	0.884739	0
	0.101	0	0	0.884739	0
	0.102	0	0	0.884739	0
	0.103	0	0	0.884739	0
	0.104	0	0	0.884739	0
	0.105	0	0	0.884739	0
	0.106	0	0	0.884739	0
	0.107	0	0	0.884739	0
	0.108	0	0	0.884739	0
	0.109	0	0	0.884739	0
	0.11	0	0	0.884739	0
	0.111	0	0	0.884739	0
	0.112	0	0	0.884739	0
	0.113	0	0	0.884739	0
	0.114	0	0	0.884739	0
	0.115	0	0	0.884739	0
	0.116	0	0	0.884739	0
	0.117	0	0	0.884739	0
	0.118	0	0	0.884739	0
	0.119	0	0	0.884739	0
	0.12	0	0	0.884739	0
	0.121	0	0	0.884739	0
	0.122	0	0	0.884739	0
	0.123	0	0	0.884739	0
	0.124	0	0	0.884739	0
	0.125	0	0	0.884739	0
	0.126	0	0	0.884739	0
	0.127	0	0	0.884739	0
	0.128	0	0	0.884739	0
	0.129	0	0	0.884739	0
	0.13	0	0	0.884739	0
	0.131	0	0	0.884739	0
	0.132	0	0	0.884739	0
	0.133	0	0	0.884739	0
	0.134	0	0	0.884739	0
	0.135	0	0	0.884739	0
	0.136	0	0	0.884739	0
	0.137	0	0	0.884739	0
	0.138	0	0	0.884739	0
	0.139	0	0	0.884739	0
	0.14	0	0	0.884739	0
	0.141	0	0	0.884739	0
	0.142	0	0	0.884739	0
	0.143	0	0	0.884739	0
	0.144	0	0	0.884739	0
	0.145	0	0	0.884739	0
	0.146	0	0	0.884739	0
	0.147	0	0	0.884739	0
	0.148	0	0	0.884739	0
	0.149	0	0	0.884739	0
	0.15	0	0	0.884739	0
	0.151	0	0	0.884739	0
	0.152	0	0	0.884739	0
	0.153	0	0	0.884739	0
	0.154	0	0	0.884739	0
	0.155	0	0	0.884739	0
	0.156	0	0	0.884739	0
	0.157	0	0	0.884739	0
	0.158	0	0	0.884739	0
	0.159	0	0	0.884739	0
	0.16	0	0	0.884739	0
	0.161	0	0	0.884739	0
	0.162	0	0	0.884739	0
	0.163	0	0	0.884739	0
	0.164	0	0	0.884739	0
	0.165	0	0	0.884739	0
	0.166	0	0	0.884739	0
	0.167	0	0	0.884739	0
	0.168	0	0	0.884739	0
	0.169	0	0	0.884739	0
	0.17	0	0	0.884739	0
	0.171	0	0	0.884739	0
	0.172	0	0	0.884739	0
	0.173	0	0	0.884739	0
	0.174	0	0	0.884739	0
	0.175	0	0	0.884739	0
	0.176	0	0	0.884739	0
	0.177	0	0	0.884739	0
	0.178	0	0	0.884739	0
	0.179	0	0	0.884739	0
	0.18	0	0	0.884739	0
	0.181	0	0	0.884739	0
	0.182	0	0	0.884739	0
	0.183	0	0	0.884739	0
	0.184	0	0	0.884739	0
	0.185	0	0	0.884739	0
	0.186	0	0	0.884739	0
	0.187	0	0	0.884739	0
	0.188	0	0	0.884739	0
	0.189	0	0	0.884739	0
	0.19	0	0	0.884739	0
	0.191	0	0	0.884739	0
	0.192	0	0	0.884739	0
	0.193	0	0	0.884739	0
	0.194	0	0	0.884739	0
	0.195	0	0	0.884739	0
	0.196	0	0	0.884739	0
	0.197	0	0	0.884739	0
	0.198	0	0	0.884739	0
	0.199	0	0	0.884739	0
	0.2	0	0	0.884739	0
	0.201	0	0	0.884739	0
	0.202	0	0	0.884739	0
	0.203	0	0	0.884739	0
	0.204	0	0	0.884739	0
	0.205	0	0	0.884739	0
	0.206	0	0	0.884739	0
	0.207	0	0	0.884739	0
	0.208	0	0	0.884739	0
	0.209	0	0	0.884739	0
	0.21	0	0	0.884739	0
	0.211	0	0	0.884739	0
	0.212	0	0	0.884739	0
	0.213	0	0	0.884739	0
	0.214	0	0	0.884739	0
	0.215	0	0	0.884739	0
	0.216	0	0	0.884739	0
	0.217	0	0	0.884739	0
	0.218	0	0	0.884739	0
	0.219	0	0	0.884739	0
	0.22	0	0	0.884739	0
	0.221	0	0	0.884739	0
	0.222	0	0	0.884739	0
	0.223	0	0	0.884739	0
	0.224	0	0	0.884739	0
	0.225	0	0	0.884739	0
	0.226	0	0	0.884739	0
	0.227	0	0	0.884739	0
	0.228	0	0	0.884739	0
	0.229	0	0	0.884739	0
	0.23	0	0	0.884739	0
	0.231	0	0	0.884739	0
	0.232	0	0	0.884739	0
	0.233	0	0	0.884739	0
	0.234	0	0	0.884739	0
	0.235	0	0	0.884739	0
	0.236	0	0	0.884739	0
	0.237	0	0	0.884739	0
	0.238	0	0	0.884739	0
	0.239	0	0	0.884739	0
	0.24	0	0	0.884739	0
	0.241	0	0	0.884739	0
	0.242	0	0	0.884739	0
	0.243	0	0	0.884739	0
	0.244	0	0	0.884739	0
	0.245	0	0	0.884739	0
	0.246	0	0	0.884739	0
	0.247	0	0	0.884739	0
	0.248	0	0	0.884739	0
	0.249	0	0	0.884739	0
	0.25	0	0	0.884739	0
	0.251	0	0	0.884739	0
	0.252	0	0	0.884739	0
	0.253	0	0	0.884739	0
	0.254	0	0	0.884739	0
	0.255	0	0	0.884739	0
	0.256	0	0	0.884739	0
	0.257	0	0	0.884739	0
	0.258	0	0	0.884739	0
	0.259	0	0	0.884739	0
	0.26	0	0	0.884739	0
	0.261	0	0	0.884739	0
	0.262	0	0	0.884739	0
	0.263	0	0	0.884739	0
	0.264	0	0	0.884739	0
	0.265	0	0	0.884739	0
	0.266	0	0	0.884739	0
	0.267	0	0	0.884739	0
	0.268	0	0	0.884739	0
	0.269	0	0	0.884739	0
	0.27	0	0	0.884739	0
	0.271	0	0	0.884739	0
	0.272	0	0	0.884739	0
	0.273	0	0	0.884739	0
	0.274	0	0	0.884739	0
	0.275	0	0	0.884739	0
	0.276	0	0	0.884739	0
	0.277	0	0	0.884739	0
	0.278	0	0	0.884739	0
	0.279	0	0	0.884739	0
	0.28	0	0	0.884739	0
	0.281	0	0	0.884739	0
	0.282	0	0	0.884739	0
	0.283	0	0	0.884739	0
	0.284	0	0	0.884739	0
	0.285	0	0	0.884739	0
	0.286	0	0	0.884739	0
	0.287	0	0	0.884739	0
	0.288	0	0	0.884739	0
	0.289	0	0	0.884739	0
	0.29	0	0	0.884739	0
	0.291	0	0	0.884739	0
	0.292	0	0	0.884739	0
	0.293	0	0	0.884739	0
	0.294	0	0	0.884739	0
	0.295	0	0	0.884739	0
	0.296	0	0	0.884739	0
	0.297	0	0	0.884739	0
	0.298	0	0	0.884739	0
	0.299	0	0	0.884739	0
	0.3	0	0	0.884739	0
	0.301	0	0	0.884739	0
	0.302	0	0	0.884739	0
	0.303	6.25e-06	0	0.884739	0
	0.304	0	0	0.884739	0
	0.305	1.25e-05	0	0.884739	0
	0.306	0	0	0.884739	0
	0.307	6.25e-06	0	0.884739	0
	0.308	0	0	0.884739	0
	0.309	6.25e-06	0	0.884739	0
	0.31	0	0	0.884739	0
	0.311	0	0	0.884739	0
	0.312	1.875e-05	0	0.884739	0
	0.313	1.875e-05	0	0.884739	0
	0.314	0	0	0.884739	0
	0.315	0	0	0.884739	0
	0.316	1.25e-05	0	0.884739	0
	0.317	6.25e-06	0	0.884739	0
	0.318	1.875e-05	0	0.884739	0
	0.319	6.25e-06	0	0.884739	0
	0.32	3.125e-05	0	0.884739	0
	0.321	6.25e-06	0	0.884739	0
	0.322	1.875e-05	0	0.884739	0
	0.323	0	0	0.884739	0
	0.324	1.875e-05	0	0.884739	0
	0.325	1.875e-05	0	0.884739	0
	0.326	2.5e-05	0	0.884739	0
	0.327	1.875e-05	0	0.884739	0
	0.328	1.25e-05	0	0.884739	0
	0.329	3.75e-05	0	0.884739	0
	0.33	1.875e-05	0	0.884739	0
	0.331	3.75e-05	0	0.884739	0
	0.332	6.25e-06	0	0.884739	0
	0.333	2.5e-05	0	0.884739	0
	0.334	3.125e-05	0	0.884739	0
	0.335	6.25e-06	0	0.885684	0
	0.336	1.875e-05	0	0.885684	0
	0.337	3.125e-05	0	0.885684	0
	0.338	3.75e-05	0	0.885684	0
	0.339	3.125e-05	0	0.885684	0
	0.34	6.25e-06	0	0.885684	0
	0.341	3.125e-05	0	0.885684	0
	0.342	1.875e-05	0	0.885684	0
	0.343	1.875e-05	0	0.885684	0
	0.344	1.25e-05	0	0.885684	0
	0.345	2.5e-05	0	0.885684	0
	0.346	6.25e-06	0	0.885684	0
	0.347	6.25e-06	0	0.885684	0
	0.348	3.125e-05	0	0.885684	0
	0.349	2.5e-05	0	0.885684	0
	0.35	2.5e-05	0	0.885684	0
	0.351	5e-05	0	0.885684	0
	0.352	2.5e-05	0	0.885684	0
	0.353	2.5e-05	0	0.885684	0
	0.354	2.5e-05	0	0.885684	0
	0.355	2.5e-05	0	0.886631	0
	0.356	2.5e-05	0	0.886631	0
	0.357	3.125e-05	0	0.886631	0
	0.358	3.125e-05	0	0.886631	0
	0.359	1.875e-05	0	0.886631	0
	0.36	4.375e-05	0	0.886631	0
	0.361	1.875e-05	0	0.886631	0
	0.362	1.875e-05	0	0.886631	0
	0.363	3.75e-05	0	0.886631	0
	0.364	1.25e-05	0	0.885561	0
	0.365	2.5e-05	0	0.885561	0
	0.366	4.375e-05	0	0.885561	0
	0.367	1.25e-05	0	0.885561	0
	0.368	3.125e-05	0	0.885561	0
	0.369	1.875e-05	0	0.884492	0
	0.37	1.875e-05	0	0.884492	0
	0.371	1.875e-05	0	0.884492	0
	0.372	2.5e-05	0	0.884492	0
	0.373	6.875e-05	0	0.884492	0
	0.374	3.125e-05	0	0.885439	0
	0.375	3.75e-05	6.25e-06	0.884368	0
	0.376	5.625e-05	0	0.884368	0
	0.377	2.5e-05	6.25e-06	0.882227	0
	0.378	2.5e-05	0	0.882227	0
	0.379	7.5e-05	0	0.882227	0
	0.38	5e-05	0	0.882227	0
	0.381	5.625e-05	0	0.882227	0
	0.382	6.25e-05	0	0.882227	0
	0.383	3.75e-05	0	0.881156	0
	0.384	5.625e-05	0	0.881156	0
	0.385	3.125e-05	0	0.881156	0
	0.386	5.625e-05	0	0.881156	0
	0.387	6.25e-05	0	0.880086	0
	0.388	0.0001	0	0.880086	0
	0.389	6.875e-05	0	0.881029	0
	0.39	9.375e-05	0	0.881029	0
	0.391	9.375e-05	0	0.881974	0
	0.392	4.375e-05	0	0.881974	0
	0.393	0.0001	0	0.881974	0
	0.394	0.00011875	0	0.882922	0
	0.395	0.00010625	6.25e-06	0.882922	0
	0.396	8.75e-05	1.25e-05	0.882922	0
	0.397	9.375e-05	0	0.882922	0
	0.398	0.000125	0	0.882922	0
	0.399	0.000125	6.25e-06	0.882922	0
	0.4	0.000175	1.875e-05	0.882922	0
	0.401	0.0001375	1.25e-05	0.883871	0
	0.402	0.00015625	0	0.883871	0
	0.403	0.00014375	6.25e-06	0.883871	0
	0.404	0.00015625	6.25e-06	0.883871	0
	0.405	0.00014375	1.25e-05	0.883871	0
	0.406	0.00015	0	0.883871	0
	0.407	0.00010625	3.125e-05	0.883871	0
	0.408	0.00014375	1.875e-05	0.883871	0
	0.409	0.00020625	1.25e-05	0.883871	0
	0.41	0.00016875	1.25e-05	0.883871	0
	0.411	0.0001	1.875e-05	0.883871	0
	0.412	0.0001875	1.25e-05	0.883871	0
	0.413	0.0001875	1.875e-05	0.883871	0
	0.414	0.0001125	2.5e-05	0.883871	0
	0.415	0.0002	1.25e-05	0.883871	0
	0.416	0.00019375	3.125e-05	0.882796	0
	0.417	0.00023125	1.875e-05	0.882796	0
	0.418	0.00019375	9.375e-05	0.88172	0
	0.419	8.75e-05	5.625e-05	0.88172	0
	0.42	0.00021875	1.875e-05	0.88267	0
	0.421	0.0001875	3.75e-05	0.88267	0
	0.422	0.0001875	3.75e-05	0.88267	0
	0.423	0.0002	5e-05	0.88267	0
	0.424	0.0002125	8.125e-05	0.88267	0
	0.425	0.0001875	5e-05	0.88267	0
	0.426	0.00025625	5e-05	0.881593	0
	0.427	0.000175	5e-05	0.881593	0
	0.428	0.000225	8.75e-05	0.881593	0
	0.429	0.00025625	0.0001375	0.881593	0
	0.43	0.00031875	0.0001	0.882543	0
	0.431	0.00018125	9.375e-05	0.881466	0
	0.432	0.0002125	9.375e-05	0.881466	0
	0.433	0.00021875	0.00013125	0.881466	0
	0.434	0.0003125	8.75e-05	0.882416	0
	0.435	0.00031875	0.0001125	0.884324	0
	0.436	0.000275	0.000125	0.884199	0
	0.437	0.0002375	0.00015	0.883117	0
	0.438	0.00029375	0.00019375	0.884074	0
	0.439	0.000275	0.0001875	0.884074	0
	0.44	0.0002	0.000225	0.88299	0
	0.441	0.0002875	0.000275	0.882863	0
	0.442	0.000275	0.0002125	0.881779	0
	0.443	0.0002375	0.0003125	0.881779	0
	0.444	0.0003125	0.00031875	0.880694	0
	0.445	0.00030625	0.00024375	0.880694	0
	0.446	0.0003375	0.0003	0.880565	0
	0.447	0.0002875	0.00041875	0.882481	0
	0.448	0.00029375	0.0003625	0.882481	0
	0.449	0.00038125	0.0003375	0.881393	0
	0.45	0.000375	0.0004	0.881393	0
	0.451	0.000325	0.0005	0.881393	0
	0.452	0.000325	0.000475	0.880305	0
	0.453	0.00033125	0.00048125	0.882225	0
	0.454	0.00036875	0.0005	0.882096	0
	0.455	0.000425	0.00051875	0.882096	0
	0.456	0.00045625	0.00055625	0.882932	0
	0.457	0.00043125	0.0006	0.882932	0
	0.458	0.00051875	0.00059375	0.881838	0
	0.459	0.00045	0.0005875	0.881838	0
	0.46	0.00041875	0.0007	0.880744	0
	0.461	0.00043125	0.00076875	0.878556	0
	0.462	0.00049375	0.0007375	0.880482	0
	0.463	0.0005125	0.0007375	0.880482	0
	0.464	0.00044375	0.0009375	0.880482	0
	0.465	0.0004875	0.00085625	0.878289	0
	0.466	0.00059375	0.0008	0.877193	0
	0.467	0.00046875	0.0007625	0.875	0
	0.468	0.00045625	0.00095	0.876923	0
	0.469	0.00050625	0.00100625	0.878855	0
	0.47	0.0005125	0.0009125	0.879824	0
	0.471	0.00049375	0.00093125	0.877483	0
	0.472	0.00063125	0.0009125	0.878453	0
	0.473	0.00050625	0.00098125	0.878184	0
	0.474	0.00064375	0.0009625	0.877076	0
	0.475	0.00071875	0.0010375	0.872647	0
	0.476	0.00066875	0.001125	0.870432	0
	0.477	0.00063125	0.001075	0.869324	0
	0.478	0.00045625	0.00110625	0.872222	0
	0.479	0.00065625	0.001225	0.87208	0
	0.48	0.0006	0.0010875	0.87291	0
	0.481	0.00058125	0.00105625	0.871795	0
	0.482	0.000775	0.0010625	0.872626	0
	0.483	0.00061875	0.001325	0.872483	0
	0.484	0.000725	0.00131875	0.872483	0
	0.485	0.0006625	0.0010375	0.87234	0
	0.486	0.00071875	0.00125625	0.873318	0
	0.487	0.0007	0.0012125	0.872197	0
	0.488	0.000875	0.00111875	0.872054	0
	0.489	0.00070625	0.00119375	0.870787	0
	0.49	0.00076875	0.00126875	0.870787	0
	0.491	0.00075	0.00130625	0.870641	0
	0.492	0.00086875	0.0013	0.871622	0
	0.493	0.0008125	0.0011375	0.868243	0
	0.494	0.00100625	0.00126875	0.868095	0
	0.495	0.000925	0.0012125	0.868927	0
	0.496	0.0010625	0.001175	0.868778	0
	0.497	0.0008375	0.00119375	0.868778	0
	0.498	0.0010375	0.001175	0.867497	0
	0.499	0.00108125	0.00116875	0.865232	0
	0.5	0.001075	0.00123125	0.867045	0
	0.501	0.0010375	0.00126875	0.866743	0
	0.502	0.0011375	0.0011625	0.868721	0
	0.503	0.0010875	0.0012875	0.864155	0
	0.504	0.0009125	0.00118125	0.866133	0
	0.505	0.001025	0.00110625	0.868119	0
	0.506	0.000975	0.00138125	0.867816	0
	0.507	0.0010875	0.001075	0.868815	0
	0.508	0.00110625	0.00135	0.870819	0
	0.509	0.00090625	0.00129375	0.873843	0
	0.51	0.0010375	0.00120625	0.872538	0
	0.511	0.0011	0.00114375	0.87239	0
	0.512	0.0010125	0.0010625	0.87108	0
	0.513	0.00098125	0.0012125	0.869616	0
	0.514	0.0010625	0.00125	0.869464	0
	0.515	0.0010875	0.0012125	0.867133	0
	0.516	0.00080625	0.00129375	0.866978	0
	0.517	0.00115	0.00123125	0.866822	0
	0.518	0.00101875	0.00125625	0.867681	0
	0.519	0.0010375	0.00103125	0.869565	0
	0.52	0.0009875	0.00134375	0.867215	0
	0.521	0.00096875	0.00120625	0.865882	0
	0.522	0.00086875	0.0012875	0.865724	0
	0.523	0.0009	0.00131875	0.865407	0
	0.524	0.000825	0.00113125	0.866272	0
	0.525	0.00091875	0.00121875	0.865089	0
	0.526	0.00085625	0.0013	0.865089	0
	0.527	0.00084375	0.00121875	0.863744	0
	0.528	0.0008375	0.00121875	0.86019	0
	0.529	0.00090625	0.00124375	0.855279	0
	0.53	0.00081875	0.0013125	0.855107	0
	0.531	0.00095625	0.0012625	0.854935	0
	0.532	0.00095	0.0011875	0.854935	0
	0.533	0.0009625	0.0010625	0.853746	0
	0.534	0.00074375	0.00121875	0.852556	0
	0.535	0.00083125	0.0013	0.854589	0
	0.536	0.0009	0.00116875	0.856631	0
	0.537	0.00088125	0.00110625	0.858683	0
	0.538	0.0009	0.00131875	0.859712	0
	0.539	0.0008875	0.00114375	0.863855	0
	0.54	0.0008625	0.0012	0.863691	0
	0.541	0.00080625	0.0012	0.86578	0
	0.542	0.00091875	0.001275	0.868932	0
	0.543	0.00081875	0.0010875	0.869671	0
	0.544	0.00078125	0.001125	0.869353	0
	0.545	0.0009	0.00116875	0.868132	0
	0.546	0.00085625	0.001275	0.869033	0
	0.547	0.00069375	0.00134375	0.871007	0
	0.548	0.0007	0.0011125	0.869458	0
	0.549	0.00080625	0.001275	0.871446	0
	0.55	0.00081875	0.0011375	0.871128	0
	0.551	0.00079375	0.00126875	0.870486	0
	0.552	0.000825	0.001125	0.870162	0
	0.553	0.00081875	0.00121875	0.868914	0
	0.554	0.00081875	0.0011625	0.869837	0
	0.555	0.0007875	0.00114375	0.871859	0
	0.556	0.00089375	0.00119375	0.869182	0
	0.557	0.000725	0.00115625	0.866499	0
	0.558	0.0006625	0.00125625	0.867424	0
	0.559	0.00075	0.00114375	0.869455	0
	0.56	0.00069375	0.00120625	0.869455	0
	0.561	0.0008125	0.001125	0.869455	0
	0.562	0.00085625	0.00119375	0.870229	0
	0.563	0.000925	0.0013	0.870064	0
	0.564	0.00079375	0.0013375	0.871009	0
	0.565	0.00075625	0.00113125	0.868286	0
	0.566	0.0008375	0.0012375	0.869398	0
	0.567	0.00078125	0.0013125	0.869231	0
	0.568	0.0008	0.0013	0.869231	0
	0.569	0.000925	0.00123125	0.865212	0
	0.57	0.00080625	0.001225	0.866324	0
	0.571	0.00070625	0.00130625	0.868217	0
	0.572	0.000725	0.00123125	0.869001	0
	0.573	0.0007875	0.001175	0.868831	0
	0.574	0.000775	0.00128125	0.86606	0
	0.575	0.00075625	0.001225	0.865711	0
	0.576	0.0007125	0.001175	0.865535	0
	0.577	0.00071875	0.00114375	0.865183	0
	0.578	0.000725	0.0012625	0.863874	0
	0.579	0.00075	0.001175	0.863517	0
	0.58	0.00070625	0.001175	0.863158	0
	0.581	0.00071875	0.0012875	0.862978	0
	0.582	0.00086875	0.00109375	0.865258	0
	0.583	0.000775	0.00128125	0.864721	0
	0.584	0.0005875	0.00125625	0.863395	0
	0.585	0.00070625	0.0010125	0.861886	0
	0.586	0.0007	0.00116875	0.860186	0
	0.587	0.0007375	0.0011625	0.861333	0
	0.588	0.00075	0.00125625	0.861148	0
	0.589	0.00086875	0.0011875	0.862299	0
	0.59	0.00084375	0.00105625	0.858289	0
	0.591	0.00079375	0.00125	0.858099	0
	0.592	0.0008875	0.00124375	0.856568	0
	0.593	0.0007875	0.00111875	0.858871	0
	0.594	0.00088125	0.00126875	0.858871	0
	0.595	0.0008125	0.0013125	0.858871	0
	0.596	0.00103125	0.0011875	0.860027	0
	0.597	0.00085625	0.00120625	0.861976	0
	0.598	0.0008	0.001325	0.86413	0
	0.599	0.0007875	0.00119375	0.865306	0
	0.6	0.00085625	0.0011625	0.866485	0
	0.601	0.00084375	0.00124375	0.864939	0
	0.602	0.00090625	0.00130625	0.863388	0
	0.603	0.0009	0.00110625	0.863388	0
	0.604	0.00088125	0.00115625	0.865753	0
	0.605	0.00103125	0.00134375	0.862826	0
	0.606	0.0009625	0.0012	0.864011	0
	0.607	0.00095	0.00111875	0.864011	0
	0.608	0.000775	0.0011125	0.865199	0
	0.609	0.00095625	0.0012125	0.862448	0
	0.61	0.0010375	0.0010625	0.859697	0
	0.611	0.00085625	0.001325	0.856946	0
	0.612	0.00084375	0.0014875	0.856749	0
	0.613	0.0010875	0.00114375	0.856552	0
	0.614	0.0009125	0.0011125	0.856354	0
	0.615	0.00086875	0.00118125	0.857538	0
	0.616	0.00085625	0.0013375	0.852006	0
	0.617	0.0008625	0.0011875	0.849239	0
	0.618	0.000825	0.0011125	0.852778	0
	0.619	0.00098125	0.00116875	0.854749	0
	0.62	0.0009625	0.00118125	0.851955	0
	0.621	0.00075625	0.00116875	0.85014	0
	0.622	0.0007625	0.00135	0.849719	0
	0.623	0.00094375	0.00129375	0.847887	0
	0.624	0.00074375	0.00116875	0.843441	0
	0.625	0.00085	0.00113125	0.842031	0
	0.626	0.0008625	0.0013	0.842031	0
	0.627	0.00065625	0.00125625	0.841135	0
	0.628	0.00080625	0.00136875	0.840909	0
	0.629	0.00075	0.001225	0.83926	0
	0.63	0.0008375	0.001125	0.840456	0
	0.631	0.00071875	0.0014125	0.838571	0
	0.632	0.0007625	0.00129375	0.83691	0
	0.633	0.0006875	0.00115625	0.83908	0
	0.634	0.0007375	0.00128125	0.840288	0
	0.635	0.0007	0.00115	0.84127	0
	0.636	0.0007	0.00111875	0.844928	0
	0.637	0.00071875	0.0012125	0.844702	0
	0.638	0.00079375	0.0011625	0.843251	0
	0.639	0.00073125	0.00134375	0.84157	0
	0.64	0.00076875	0.001225	0.837209	0
	0.641	0.00089375	0.0012125	0.835756	0
	0.642	0.00079375	0.00125	0.83115	0
	0.643	0.00088125	0.00125	0.833577	0
	0.644	0.0007625	0.00139375	0.835777	0
	0.645	0.00085	0.00131875	0.838235	0
	0.646	0.0007375	0.00131875	0.835294	0
	0.647	0.000825	0.001025	0.833579	0
	0.648	0.0007875	0.0012625	0.832106	0
	0.649	0.00073125	0.0012375	0.840774	0
	0.65	0.0008125	0.0012125	0.842027	0
	0.651	0.00094375	0.00111875	0.844078	0
	0.652	0.00085	0.001275	0.847892	0
	0.653	0.000825	0.00114375	0.847432	0
	0.654	0.000925	0.00110625	0.848485	0
	0.655	0.00093125	0.0012375	0.848255	0
	0.656	0.00079375	0.00126875	0.849544	0
	0.657	0.00093125	0.0012125	0.844985	0
	0.658	0.001025	0.00115	0.844749	0
	0.659	0.00073125	0.00113125	0.841221	0
	0.66	0.0009625	0.00118125	0.841221	0
	0.661	0.00095	0.00115625	0.843798	0
	0.662	0.00078125	0.0012375	0.848998	0
	0.663	0.00079375	0.0011125	0.848765	0
	0.664	0.00081875	0.0012375	0.848532	0
	0.665	0.00090625	0.0012125	0.84544	0
	0.666	0.000825	0.00129375	0.849145	0
	0.667	0.0007375	0.00106875	0.844479	0
	0.668	0.00088125	0.00126875	0.842924	0
	0.669	0.00095	0.0013375	0.842679	0
	0.67	0.001	0.00124375	0.840874	0
	0.671	0.00088125	0.0012375	0.839314	0
	0.672	0.00104375	0.0012625	0.839063	0
	0.673	0.00085625	0.00121875	0.835681	0
	0.674	0.000775	0.00125625	0.836735	0
	0.675	0.0010125	0.001025	0.836735	0
	0.676	0.001025	0.001125	0.833595	0
	0.677	0.00099375	0.0012875	0.830455	0
	0.678	0.000875	0.0012	0.827316	0
	0.679	0.00084375	0.00110625	0.829653	0
	0.68	0.00091875	0.0009875	0.830696	0
	0.681	0.00088125	0.00113125	0.833333	0
	0.682	0.00075	0.00115625	0.835987	0
	0.683	0.0009875	0.0012125	0.834131	0
	0.684	0.00081875	0.00116875	0.832536	0
	0.685	0.0008875	0.00115625	0.832536	0
	0.686	0.0008	0.001125	0.833066	0
	0.687	0.00093125	0.001125	0.834405	0
	0.688	0.00081875	0.00111875	0.833871	0
	0.689	0.00084375	0.00113125	0.833603	0
	0.69	0.0008	0.001175	0.831987	0
	0.691	0.00085625	0.00113125	0.834684	0
	0.692	0.0009125	0.0010875	0.831169	0
	0.693	0.00084375	0.00110625	0.830894	0
	0.694	0.00093125	0.00110625	0.827362	0
	0.695	0.00083125	0.00113125	0.825733	0
	0.696	0.0009	0.0012875	0.825733	0
	0.697	0.0007625	0.00120625	0.823529	0
	0.698	0.00071875	0.00119375	0.828947	0
	0.699	0.00078125	0.00119375	0.830033	0
	0.7	0.0009125	0.00130625	0.829752	0
	0.701	0.0006375	0.0011625	0.833611	0
	0.702	0.00078125	0.00115	0.833611	0
	0.703	0.00095625	0.001175	0.835	0
	0.704	0.00065625	0.0011625	0.832776	0
	0.705	0.00079375	0.0011125	0.830821	0
	0.706	0.00090625	0.00113125	0.830537	0
	0.707	0.00078125	0.0010625	0.828283	0
	0.708	0.00100625	0.00135	0.832487	0
	0.709	0.00083125	0.00113125	0.835034	0
	0.71	0.00093125	0.00103125	0.836177	0
	0.711	0.00090625	0.0010375	0.832765	0
	0.712	0.00085	0.00103125	0.830769	0
	0.713	0.00073125	0.0011125	0.832192	0
	0.714	0.00083125	0.0012375	0.837931	0
	0.715	0.00085	0.00123125	0.836207	0
	0.716	0.0009125	0.0011375	0.832759	0
	0.717	0.000925	0.00119375	0.835355	0
	0.718	0.00084375	0.00110625	0.838261	0
	0.719	0.00081875	0.001125	0.839442	0
	0.72	0.00075625	0.00123125	0.838879	0
	0.721	0.0009375	0.0012875	0.837128	0
	0.722	0.0007875	0.00114375	0.838596	0
	0.723	0.0007625	0.0012125	0.839789	0
	0.724	0.00086875	0.00124375	0.837743	0
	0.725	0.00088125	0.00099375	0.837456	0
	0.726	0.0007125	0.0010375	0.83659	0
	0.727	0.000775	0.00120625	0.833037	0
	0.728	0.00081875	0.00115625	0.833037	0
	0.729	0.000975	0.0010875	0.83452	0
	0.73	0.00096875	0.00103125	0.83542	0
	0.731	0.00076875	0.0013	0.836331	0
	0.732	0.000875	0.0010375	0.833935	0
	0.733	0.00075625	0.0011	0.836957	0
	0.734	0.00080625	0.00111875	0.835145	0
	0.735	0.0006625	0.0011625	0.836364	0
	0.736	0.00085	0.0012	0.830909	0
	0.737	0.00083125	0.00124375	0.827273	0
	0.738	0.000775	0.0012	0.828467	0
	0.739	0.00084375	0.00111875	0.827839	0
	0.74	0.000725	0.00105	0.827839	0
	0.741	0.000825	0.00135	0.830882	0
	0.742	0.0007	0.00096875	0.828729	0
	0.743	0.0006875	0.00108125	0.823204	0
	0.744	0.00076875	0.001325	0.824074	0
	0.745	0.00080625	0.00088125	0.827138	0
	0.746	0.00088125	0.00098125	0.826493	0
	0.747	0.00080625	0.00094375	0.818692	0
	0.748	0.00081875	0.0011125	0.818011	0
	0.749	0.00083125	0.00123125	0.820755	0
	0.75	0.000725	0.0010875	0.82197	0
	0.751	0.00088125	0.00110625	0.82197	0
	0.752	0.000825	0.00116875	0.819734	0
	0.753	0.0008875	0.0011625	0.819734	0
	0.754	0.00074375	0.00110625	0.820611	0
	0.755	0.0008	0.00125	0.818356	0
	0.756	0.000825	0.00130625	0.818008	0
	0.757	0.00085625	0.0012	0.817658	0
	0.758	0.00080625	0.00113125	0.816956	0
	0.759	0.00084375	0.00119375	0.812741	0
	0.76	0.00095	0.0011	0.808511	0
	0.761	0.000875	0.0009125	0.80814	0
	0.762	0.00086875	0.00113125	0.809709	0
	0.763	0.00095625	0.00105625	0.807393	0
	0.764	0.0008625	0.001025	0.808594	0
	0.765	0.0010125	0.00099375	0.804305	0
	0.766	0.00090625	0.0011875	0.803922	0
	0.767	0.00095625	0.0011125	0.805501	0
	0.768	0.00075	0.00099375	0.799607	0
	0.769	0.00076875	0.0011	0.804348	0
	0.77	0.00096875	0.00109375	0.808383	0
	0.771	0.001025	0.00104375	0.811623	0
	0.772	0.001125	0.0009625	0.807615	0
	0.773	0.00095	0.001225	0.812121	0
	0.774	0.00103125	0.00105	0.815416	0
	0.775	0.000975	0.0010625	0.815416	0
	0.776	0.00088125	0.001025	0.811359	0
	0.777	0.00104375	0.00106875	0.814664	0
	0.778	0.00084375	0.001075	0.812245	0
	0.779	0.00105	0.0010875	0.809816	0
	0.78	0.00099375	0.0009	0.803681	0
	0.781	0.0009625	0.00104375	0.806584	0
	0.782	0.0008625	0.00095	0.809917	0
	0.783	0.00096875	0.001025	0.807054	0
	0.784	0.00095625	0.001075	0.808732	0
	0.785	0.00095625	0.0010125	0.806653	0
	0.786	0.00099375	0.00110625	0.810021	0
	0.787	0.0009375	0.001225	0.80167	0
	0.788	0.00110625	0.00095625	0.797071	0
	0.789	0.00096875	0.0010875	0.794549	0
	0.79	0.000925	0.00104375	0.793684	0
	0.791	0.00094375	0.00110625	0.791579	0
	0.792	0.001	0.00108125	0.785263	0
	0.793	0.0009125	0.00096875	0.788584	0
	0.794	0.0010875	0.0011125	0.793617	0
	0.795	0.0010625	0.00108125	0.797009	0
	0.796	0.00094375	0.00094375	0.796574	0
	0.797	0.00099375	0.0010875	0.796137	0
	0.798	0.00090625	0.00094375	0.793991	0
	0.799	0.00099375	0.0009625	0.792657	0
	0.8	0.000875	0.0009875	0.789588	0
	0.801	0.00085625	0.0009875	0.78821	0
	0.802	0.00089375	0.00105625	0.787281	0
	0.803	0.00078125	0.0009625	0.786344	0
	0.804	0.00108125	0.00091875	0.784141	0
	0.805	0.00101875	0.00096875	0.783664	0
	0.806	0.00080625	0.001025	0.782705	0
	0.807	0.00100625	0.00101875	0.780488	0
	0.808	0.00095625	0.0010125	0.775556	0
	0.809	0.0009625	0.0010625	0.771111	0
	0.81	0.00098125	0.00085625	0.774049	0
	0.811	0.00096875	0.0010875	0.775785	0
	0.812	0.00096875	0.001075	0.778281	0
	0.813	0.00086875	0.00095	0.780822	0
	0.814	0.00093125	0.00104375	0.777523	0
	0.815	0.000975	0.0009375	0.772414	0
	0.816	0.00095	0.00109375	0.773672	0
	0.817	0.0009625	0.000975	0.769053	0
	0.818	0.0008875	0.00100625	0.767981	0
	0.819	0.00101875	0.00100625	0.765116	0
	0.82	0.00083125	0.0009	0.766355	0
	0.821	0.0010625	0.00105	0.765258	0
	0.822	0.000975	0.00096875	0.767059	0
	0.823	0.0009875	0.00093125	0.764706	0
	0.824	0.001075	0.00085625	0.76	0
	0.825	0.0011	0.0011	0.757075	0
	0.826	0.00098125	0.0008625	0.753555	0
	0.827	0.0012375	0.00104375	0.752381	0
	0.828	0.00094375	0.0009125	0.755396	0
	0.829	0.0009375	0.00100625	0.756627	0
	0.83	0.00114375	0.00093125	0.756039	0
	0.831	0.00106875	0.000975	0.757282	0
	0.832	0.0010125	0.000775	0.758537	0
	0.833	0.00111875	0.00090625	0.74878	0
	0.834	0.001225	0.000875	0.758025	0
	0.835	0.00118125	0.00078125	0.756824	0
	0.836	0.001125	0.00105625	0.755611	0
	0.837	0.001025	0.00095625	0.7525	0
	0.838	0.00116875	0.0010375	0.7525	0
	0.839	0.00110625	0.00089375	0.75	0
	0.84	0.0009875	0.00089375	0.7425	0
	0.841	0.0010875	0.00078125	0.741206	0
	0.842	0.0011375	0.00081875	0.742424	0
	0.843	0.0011125	0.00090625	0.745547	0
	0.844	0.0011625	0.000875	0.746803	0
	0.845	0.00105625	0.00093125	0.744845	0
	0.846	0.0011375	0.00095	0.741602	0
	0.847	0.0011875	0.0009125	0.742857	0
	0.848	0.00120625	0.0008875	0.739583	0
	0.849	0.00106875	0.0009625	0.744737	0
	0.85	0.00111875	0.00085	0.744063	0
	0.851	0.00116875	0.00091875	0.73545	0
	0.852	0.00110625	0.00090625	0.740642	0
	0.853	0.0012625	0.00094375	0.73262	0
	0.854	0.00113125	0.0009	0.729223	0
	0.855	0.00111875	0.0009375	0.728495	0
	0.856	0.00115	0.00088125	0.732432	0
	0.857	0.00118125	0.0008375	0.735695	0
	0.858	0.00114375	0.00069375	0.734973	0
	0.859	0.001125	0.0009625	0.745152	0
	0.86	0.0012125	0.00083125	0.746518	0
	0.861	0.00108125	0.0008375	0.7507	0
	0.862	0.001025	0.00080625	0.754237	0
	0.863	0.00101875	0.00083125	0.745763	0
	0.864	0.00121875	0.0008375	0.737288	0
	0.865	0.00108125	0.00095625	0.740741	0
	0.866	0.00085	0.0009	0.734286	0
	0.867	0.0009125	0.000825	0.738506	0
	0.868	0.001025	0.00084375	0.73487	0
	0.869	0.001	0.00093125	0.736232	0
	0.87	0.0009875	0.000775	0.732558	0
	0.871	0.00094375	0.00083125	0.730994	0
	0.872	0.00094375	0.00081875	0.727273	0
	0.873	0.00110625	0.0008	0.733728	0
	0.874	0.001125	0.0007625	0.735119	0
	0.875	0.00095625	0.00083125	0.733533	0
	0.876	0.00103125	0.0007875	0.728916	0
	0.877	0.00088125	0.001	0.735562	0
	0.878	0.0008875	0.00075625	0.739264	0
	0.879	0.0009	0.00069375	0.743827	0
	0.88	0.0008625	0.00071875	0.745342	0
	0.881	0.0008375	0.00075	0.741433	0
	0.882	0.000875	0.00080625	0.732087	0
	0.883	0.0009125	0.00068125	0.735849	0
	0.884	0.000875	0.00071875	0.744409	0
	0.885	0.0010375	0.0008	0.74359	0
	0.886	0.0009875	0.00076875	0.742765	0
	0.887	0.000875	0.0007375	0.73871	0
	0.888	0.00091875	0.00071875	0.7411	0
	0.889	0.00099375	0.0009125	0.743506	0
	0.89	0.00104375	0.0007875	0.745098	0
	0.891	0.00093125	0.000725	0.746711	0
	0.892	0.0009875	0.0008	0.746667	0
	0.893	0.0010125	0.00075	0.750842	0
	0.894	0.000975	0.00065625	0.755932	0
	0.895	0.00095	0.00071875	0.755932	0
	0.896	0.0010625	0.00078125	0.765517	0
	0.897	0.00100625	0.0006625	0.766551	0
	0.898	0.001125	0.00075625	0.763066	0
	0.899	0.00105625	0.0006625	0.74216	0
	0.9	0.00101875	0.000675	0.745583	0
	0.901	0.001075	0.00075625	0.743772	0
	0.902	0.00086875	0.0007125	0.749104	0
	0.903	0.00103125	0.0006375	0.744604	0
	0.904	0.0008875	0.00073125	0.735507	0
	0.905	0.0008625	0.00059375	0.737226	0
	0.906	0.00086875	0.00063125	0.729927	0
	0.907	0.000875	0.0007125	0.728938	0
	0.908	0.00093125	0.0007125	0.720588	0
	0.909	0.0009375	0.00069375	0.72119	0
	0.91	0.0009125	0.0005875	0.708955	0
	0.911	0.00091875	0.0006375	0.706767	0
	0.912	0.00099375	0.000675	0.712121	0
	0.913	0.000975	0.00075625	0.712121	0
	0.914	0.00100625	0.00065	0.711027	0
	0.915	0.0010625	0.000825	0.714286	0
	0.916	0.00101875	0.0007125	0.698842	0
	0.917	0.00109375	0.00063125	0.692607	0
	0.918	0.00091875	0.00065	0.683594	0
	0.919	0.0010625	0.000725	0.686508	0
	0.92	0.00110625	0.00054375	0.689243	0
	0.921	0.001225	0.00055625	0.693548	0
	0.922	0.00131875	0.0005375	0.695122	0
	0.923	0.0011875	0.000475	0.693878	0
	0.924	0.00104375	0.000625	0.691358	0
	0.925	0.00125	0.0005625	0.691667	0
	0.926	0.00114375	0.000575	0.690377	0
	0.927	0.0013625	0.0005	0.684874	0
	0.928	0.0012375	0.0006375	0.672269	0
	0.929	0.00139375	0.00045625	0.673729	0
	0.93	0.00136875	0.00061875	0.675214	0
	0.931	0.0014	0.00069375	0.663793	0
	0.932	0.0013375	0.00054375	0.662338	0
	0.933	0.00125	0.00054375	0.656522	0
	0.934	0.0011375	0.00060625	0.647826	0
	0.935	0.0013625	0.00055625	0.647826	0
	0.936	0.00139375	0.00056875	0.641921	0
	0.937	0.0013125	0.00061875	0.646018	0
	0.938	0.00125	0.0006125	0.636771	0
	0.939	0.00121875	0.0005375	0.640909	0
	0.94	0.00126875	0.0004375	0.642202	0
	0.941	0.00125625	0.00050625	0.65566	0
	0.942	0.00140625	0.00046875	0.654028	0
	0.943	0.00130625	0.0004125	0.655502	0
	0.944	0.0014125	0.000525	0.653846	0
	0.945	0.00110625	0.0006	0.653846	0
	0.946	0.0011375	0.00048125	0.658537	0
	0.947	0.00119375	0.0005625	0.641791	0
	0.948	0.00123125	0.0004875	0.643216	0
	0.949	0.00139375	0.00046875	0.639594	0
	0.95	0.00121875	0.0005	0.649215	0
	0.951	0.00120625	0.00044375	0.648936	0
	0.952	0.00125625	0.00044375	0.636364	0
	0.953	0.001275	0.00045	0.634409	0
	0.954	0.001175	0.00039375	0.631868	0
	0.955	0.001175	0.00043125	0.636872	0
	0.956	0.0012625	0.0003625	0.640449	0
	0.957	0.00125625	0.0003375	0.644068	0
	0.958	0.00116875	0.0004375	0.643678	0
	0.959	0.00121875	0.0003625	0.637427	0
	0.96	0.0012875	0.00041875	0.636905	0
	0.961	0.00133125	0.00035625	0.638554	0
	0.962	0.0012	0.00043125	0.634146	0
	0.963	0.00119375	0.00035	0.615854	0
	0.964	0.00128125	0.0004375	0.608696	0
	0.965	0.001275	0.000375	0.603774	0
	0.966	0.0011375	0.00036875	0.582278	0
	0.967	0.00126875	0.0002625	0.601307	0
	0.968	0.00125	0.00031875	0.589404	0
	0.969	0.0012125	0.0003125	0.605442	0
	0.97	0.0012125	0.00031875	0.622378	0
	0.971	0.00128125	0.000325	0.618705	0
	0.972	0.00130625	0.0003625	0.608696	0
	0.973	0.0013	0.00029375	0.613139	0
	0.974	0.0016	0.00025625	0.592593	0
	0.975	0.00140625	0.00023125	0.603053	0
	0.976	0.00145	0.000225	0.587786	0
	0.977	0.0016125	0.0002125	0.580153	0
	0.978	0.00160625	0.00025625	0.578125	0
	0.979	0.0014125	0.00031875	0.559055	0
	0.98	0.00160625	0.0002625	0.564516	0
	0.981	0.00135625	0.0002125	0.567797	0
	0.982	0.00143125	0.00021875	0.547826	0
	0.983	0.001525	0.000275	0.548673	0
	0.984	0.00140625	0.00016875	0.518182	0
	0.985	0.00145625	0.0001625	0.514019	0
	0.986	0.00160625	0.00021875	0.504673	0
	0.987	0.001775	0.0001625	0.495146	0
	0.988	0.0018375	0.00021875	0.444444	0
	0.989	0.00193125	0.00015	0.43299	0
	0.99	0.00208125	0.00018125	0.410526	0
	0.991	0.00255625	0.00015	0.388889	0
	0.992	0.00253125	8.125e-05	0.356322	0
	0.993	0.00271875	0.00014375	0.341463	0
	0.994	0.0028875	0.00013125	0.325	0
	0.995	0.00304375	0.0001125	0.337662	0
	0.996	0.00324375	9.375e-05	0.27027	0
	0.997	0.00326875	3.75e-05	0.264706	0
	0.998	0.0037625	9.375e-05	0.163934	0
	0.999	0.005025	3.75e-05	0.134615	0
	1	0.0109187	1.875e-05	0.0681818	0


#	yrange	sparsity	# links	zeta	support at cross	fraction FP
	0	0.91625	1466	0.000611463	0.963	0.103451
	0.5	0.91625	1466	0.000611463	0.963	0.103451
