#	Frequencies and overlap
#	bins	MYC	shuffle	overlap_MYC	overlap_shuffle
	0	0.894025	0.93365	0.848751	0.051875
	0.001	0.0144	0.0356062	0.332317	0
	0.002	0.00651875	0.01115	0.465217	0
	0.003	0.0039375	0.00521875	0.505	0
	0.004	0.00253125	0.003475	0.547486	0
	0.005	0.00221875	0.0022375	0.588957	0
	0.006	0.0019625	0.0015625	0.614379	0
	0.007	0.00188125	0.00115625	0.626667	0
	0.008	0.0016125	0.0008375	0.625	0
	0.009	0.00143125	0.00056875	0.624113	0
	0.01	0.00149375	0.00054375	0.621429	0
	0.011	0.00135625	0.00039375	0.615942	0
	0.012	0.00131875	0.00035	0.614815	0
	0.013	0.0011625	0.00036875	0.607692	0
	0.014	0.00105625	0.000325	0.601562	0
	0.015	0.00115	0.0002375	0.620968	0
	0.016	0.001125	0.0002125	0.617886	0
	0.017	0.0011	0.00016875	0.617886	0
	0.018	0.00106875	0.00014375	0.633333	0
	0.019	0.00115	0.00010625	0.649573	0
	0.02	0.00113125	0.00015	0.652174	0
	0.021	0.00105	0.00014375	0.654867	0
	0.022	0.0009	0.000125	0.63964	0
	0.023	0.00101875	0.0001	0.633028	0
	0.024	0.000925	8.75e-05	0.635514	0
	0.025	0.0008125	5.625e-05	0.626168	0
	0.026	0.00080625	0.0001	0.622642	0
	0.027	0.0007625	6.25e-05	0.613208	0
	0.028	0.00073125	6.875e-05	0.615385	0
	0.029	0.00060625	3.75e-05	0.617647	0
	0.03	0.00074375	3.75e-05	0.642857	0
	0.031	0.00060625	5.625e-05	0.65625	0
	0.032	0.00059375	2.5e-05	0.663158	0
	0.033	0.00063125	2.5e-05	0.666667	0
	0.034	0.00064375	5e-05	0.673913	0
	0.035	0.0004875	3.125e-05	0.652174	0
	0.036	0.0006375	5e-05	0.641304	0
	0.037	0.0004625	1.25e-05	0.662921	0
	0.038	0.00055625	3.75e-05	0.651685	0
	0.039	0.00048125	3.75e-05	0.625	0
	0.04	0.00055625	1.875e-05	0.613636	0
	0.041	0.0005125	1.875e-05	0.627907	0
	0.042	0.000425	2.5e-05	0.635294	0
	0.043	0.00055625	1.25e-05	0.650602	0
	0.044	0.00038125	1.25e-05	0.654321	0
	0.045	0.00045	3.75e-05	0.654321	0
	0.046	0.0004	0	0.65	0
	0.047	0.00045	2.5e-05	0.65	0
	0.048	0.0003625	6.25e-06	0.684211	0
	0.049	0.00046875	6.25e-06	0.684211	0
	0.05	0.00036875	1.25e-05	0.693333	0
	0.051	0.0003875	0	0.712329	0
	0.052	0.00045	0	0.71831	0
	0.053	0.000475	1.25e-05	0.728571	0
	0.054	0.00043125	1.25e-05	0.724638	0
	0.055	0.00038125	6.25e-06	0.724638	0
	0.056	0.00035	0	0.724638	0
	0.057	0.00033125	1.25e-05	0.724638	0
	0.058	0.00035	0	0.710145	0
	0.059	0.00035625	6.25e-06	0.710145	0
	0.06	0.0003125	6.25e-06	0.705882	0
	0.061	0.0003625	6.25e-06	0.701493	0
	0.062	0.00033125	6.25e-06	0.701493	0
	0.063	0.0002625	0	0.701493	0
	0.064	0.00020625	0	0.71875	0
	0.065	0.000225	6.25e-06	0.71875	0
	0.066	0.0001625	6.25e-06	0.71875	0
	0.067	0.0001625	0	0.71875	0
	0.068	0.0002	6.25e-06	0.71875	0
	0.069	0.00016875	0	0.730159	0
	0.07	0.00023125	0	0.730159	0
	0.071	0.00023125	0	0.741935	0
	0.072	0.0001375	1.25e-05	0.741935	0
	0.073	0.00015	0	0.766667	0
	0.074	0.0002	6.25e-06	0.762712	0
	0.075	0.00020625	6.25e-06	0.762712	0
	0.076	0.00016875	6.25e-06	0.745763	0
	0.077	0.00020625	1.25e-05	0.758621	0
	0.078	0.0001625	6.25e-06	0.785714	0
	0.079	0.00023125	0	0.796296	0
	0.08	0.00010625	0	0.811321	0
	0.081	0.0001875	0	0.811321	0
	0.082	0.00015625	6.25e-06	0.792453	0
	0.083	0.00016875	0	0.792453	0
	0.084	0.00015	0	0.792453	0
	0.085	0.00013125	0	0.754717	0
	0.086	0.00014375	0	0.754717	0
	0.087	0.00019375	0	0.754717	0
	0.088	0.0001625	0	0.716981	0
	0.089	0.00014375	0	0.730769	0
	0.09	0.000125	0	0.730769	0
	0.091	0.000175	6.25e-06	0.730769	0
	0.092	0.00016875	0	0.711538	0
	0.093	0.00014375	0	0.72549	0
	0.094	0.0002125	6.25e-06	0.72549	0
	0.095	0.00016875	0	0.705882	0
	0.096	0.0001375	0	0.72	0
	0.097	0.00016875	6.25e-06	0.72	0
	0.098	0.00019375	0	0.714286	0
	0.099	0.0001125	0	0.714286	0
	0.1	0.00021875	0	0.714286	0
	0.101	0.0001875	0	0.729167	0
	0.102	0.00018125	0	0.729167	0
	0.103	0.00015	0	0.708333	0
	0.104	0.00020625	0	0.708333	0
	0.105	0.00020625	0	0.708333	0
	0.106	0.00014375	0	0.6875	0
	0.107	0.00021875	0	0.702128	0
	0.108	0.00020625	0	0.680851	0
	0.109	0.000275	6.25e-06	0.680851	0
	0.11	0.00019375	0	0.680851	0
	0.111	0.0002375	6.25e-06	0.680851	0
	0.112	0.00021875	0	0.659574	0
	0.113	0.000275	6.25e-06	0.659574	0
	0.114	0.00019375	0	0.659574	0
	0.115	0.0002125	0	0.659574	0
	0.116	0.00010625	1.25e-05	0.673913	0
	0.117	0.0001625	0	0.673913	0
	0.118	0.00015	0	0.673913	0
	0.119	0.00016875	0	0.673913	0
	0.12	0.000125	0	0.673913	0
	0.121	0.00014375	0	0.673913	0
	0.122	0.00018125	0	0.673913	0
	0.123	0.00015625	0	0.666667	0
	0.124	0.00018125	0	0.666667	0
	0.125	0.0002	0	0.644444	0
	0.126	0.00016875	0	0.659091	0
	0.127	0.00014375	0	0.659091	0
	0.128	0.0001375	0	0.659091	0
	0.129	0.00016875	0	0.690476	0
	0.13	0.0001375	0	0.707317	0
	0.131	0.00015625	0	0.707317	0
	0.132	0.0001875	0	0.707317	0
	0.133	0.00015625	0	0.707317	0
	0.134	0.000125	0	0.682927	0
	0.135	7.5e-05	0	0.7	0
	0.136	0.00011875	0	0.717949	0
	0.137	0.00016875	0	0.710526	0
	0.138	0.0001125	0	0.710526	0
	0.139	0.0001375	0	0.710526	0
	0.14	0.0001375	0	0.710526	0
	0.141	0.000125	6.25e-06	0.710526	0
	0.142	0.00011875	0	0.710526	0
	0.143	0.0001125	0	0.710526	0
	0.144	0.0001	6.25e-06	0.710526	0
	0.145	0.0001	0	0.710526	0
	0.146	0.0001125	6.25e-06	0.72973	0
	0.147	8.125e-05	0	0.72973	0
	0.148	0.00013125	0	0.72973	0
	0.149	0.0001625	0	0.72973	0
	0.15	9.375e-05	0	0.75	0
	0.151	9.375e-05	0	0.75	0
	0.152	0.00010625	0	0.75	0
	0.153	0.00011875	0	0.771429	0
	0.154	7.5e-05	0	0.742857	0
	0.155	8.125e-05	0	0.742857	0
	0.156	0.000125	0	0.742857	0
	0.157	0.00010625	0	0.742857	0
	0.158	0.0001	0	0.714286	0
	0.159	0.00010625	0	0.714286	0
	0.16	0.0001	0	0.735294	0
	0.161	9.375e-05	0	0.735294	0
	0.162	6.25e-05	0	0.735294	0
	0.163	6.25e-05	0	0.705882	0
	0.164	8.75e-05	0	0.705882	0
	0.165	5.625e-05	0	0.727273	0
	0.166	5.625e-05	0	0.75	0
	0.167	9.375e-05	0	0.75	0
	0.168	6.875e-05	0	0.75	0
	0.169	6.25e-05	0	0.774194	0
	0.17	8.75e-05	0	0.741935	0
	0.171	9.375e-05	0	0.741935	0
	0.172	0.0001	0	0.741935	0
	0.173	8.125e-05	0	0.741935	0
	0.174	5e-05	0	0.741935	0
	0.175	7.5e-05	0	0.741935	0
	0.176	5.625e-05	0	0.741935	0
	0.177	8.125e-05	0	0.741935	0
	0.178	8.75e-05	0	0.741935	0
	0.179	4.375e-05	0	0.709677	0
	0.18	6.875e-05	0	0.709677	0
	0.181	5.625e-05	0	0.709677	0
	0.182	8.125e-05	0	0.709677	0
	0.183	6.875e-05	0	0.733333	0
	0.184	0.0001	0	0.733333	0
	0.185	0.00010625	0	0.758621	0
	0.186	5.625e-05	0	0.785714	0
	0.187	0.0001	0	0.785714	0
	0.188	8.75e-05	0	0.785714	0
	0.189	6.875e-05	0	0.785714	0
	0.19	7.5e-05	0	0.785714	0
	0.191	6.25e-05	0	0.785714	0
	0.192	0.00015625	0	0.814815	0
	0.193	6.875e-05	0	0.814815	0
	0.194	9.375e-05	0	0.814815	0
	0.195	6.875e-05	0	0.814815	0
	0.196	7.5e-05	0	0.814815	0
	0.197	8.125e-05	0	0.814815	0
	0.198	6.25e-05	0	0.777778	0
	0.199	6.875e-05	0	0.777778	0
	0.2	8.75e-05	0	0.777778	0
	0.201	8.125e-05	0	0.777778	0
	0.202	5e-05	0	0.777778	0
	0.203	6.25e-05	0	0.777778	0
	0.204	6.875e-05	0	0.777778	0
	0.205	5e-05	0	0.777778	0
	0.206	7.5e-05	0	0.777778	0
	0.207	9.375e-05	0	0.777778	0
	0.208	5.625e-05	0	0.740741	0
	0.209	3.75e-05	0	0.740741	0
	0.21	6.875e-05	0	0.740741	0
	0.211	6.875e-05	0	0.740741	0
	0.212	4.375e-05	0	0.740741	0
	0.213	2.5e-05	0	0.703704	0
	0.214	6.25e-05	0	0.703704	0
	0.215	2.5e-05	0	0.730769	0
	0.216	3.75e-05	6.25e-06	0.730769	0
	0.217	5e-05	0	0.730769	0
	0.218	5e-05	0	0.730769	0
	0.219	5e-05	0	0.76	0
	0.22	3.75e-05	0	0.76	0
	0.221	3.75e-05	0	0.76	0
	0.222	5e-05	0	0.76	0
	0.223	3.75e-05	0	0.76	0
	0.224	6.25e-05	0	0.76	0
	0.225	3.75e-05	0	0.76	0
	0.226	5.625e-05	0	0.76	0
	0.227	4.375e-05	0	0.72	0
	0.228	6.25e-05	0	0.72	0
	0.229	3.75e-05	0	0.75	0
	0.23	3.75e-05	0	0.75	0
	0.231	7.5e-05	0	0.75	0
	0.232	6.875e-05	0	0.75	0
	0.233	5.625e-05	0	0.708333	0
	0.234	5.625e-05	0	0.708333	0
	0.235	4.375e-05	0	0.708333	0
	0.236	7.5e-05	0	0.708333	0
	0.237	3.125e-05	0	0.708333	0
	0.238	6.875e-05	0	0.73913	0
	0.239	5e-05	0	0.73913	0
	0.24	6.875e-05	0	0.73913	0
	0.241	4.375e-05	0	0.73913	0
	0.242	2.5e-05	0	0.73913	0
	0.243	6.875e-05	0	0.73913	0
	0.244	4.375e-05	0	0.73913	0
	0.245	6.25e-05	0	0.73913	0
	0.246	9.375e-05	0	0.73913	0
	0.247	8.75e-05	0	0.73913	0
	0.248	8.125e-05	0	0.772727	0
	0.249	6.875e-05	0	0.772727	0
	0.25	6.875e-05	0	0.772727	0
	0.251	3.75e-05	0	0.772727	0
	0.252	8.75e-05	0	0.772727	0
	0.253	6.875e-05	0	0.772727	0
	0.254	9.375e-05	0	0.772727	0
	0.255	0.00010625	0	0.772727	0
	0.256	4.375e-05	0	0.727273	0
	0.257	7.5e-05	0	0.727273	0
	0.258	2.5e-05	0	0.727273	0
	0.259	4.375e-05	0	0.727273	0
	0.26	9.375e-05	0	0.727273	0
	0.261	2.5e-05	0	0.761905	0
	0.262	2.5e-05	0	0.761905	0
	0.263	6.25e-05	0	0.761905	0
	0.264	4.375e-05	0	0.761905	0
	0.265	5e-05	0	0.761905	0
	0.266	4.375e-05	0	0.8	0
	0.267	1.25e-05	0	0.8	0
	0.268	1.25e-05	0	0.8	0
	0.269	3.125e-05	0	0.8	0
	0.27	4.375e-05	0	0.75	0
	0.271	1.25e-05	0	0.75	0
	0.272	6.25e-05	0	0.75	0
	0.273	3.75e-05	0	0.75	0
	0.274	3.75e-05	0	0.75	0
	0.275	4.375e-05	0	0.75	0
	0.276	5.625e-05	0	0.75	0
	0.277	5e-05	0	0.75	0
	0.278	2.5e-05	0	0.75	0
	0.279	1.875e-05	0	0.75	0
	0.28	4.375e-05	0	0.75	0
	0.281	4.375e-05	0	0.7	0
	0.282	3.125e-05	0	0.7	0
	0.283	3.75e-05	0	0.7	0
	0.284	3.75e-05	0	0.736842	0
	0.285	1.875e-05	0	0.736842	0
	0.286	3.75e-05	0	0.736842	0
	0.287	3.75e-05	0	0.736842	0
	0.288	6.25e-06	0	0.736842	0
	0.289	4.375e-05	0	0.736842	0
	0.29	3.75e-05	0	0.736842	0
	0.291	5e-05	0	0.736842	0
	0.292	5e-05	0	0.736842	0
	0.293	5.625e-05	0	0.736842	0
	0.294	3.75e-05	0	0.777778	0
	0.295	1.875e-05	0	0.777778	0
	0.296	1.25e-05	0	0.777778	0
	0.297	3.75e-05	0	0.777778	0
	0.298	1.875e-05	0	0.777778	0
	0.299	3.75e-05	0	0.777778	0
	0.3	1.875e-05	0	0.777778	0
	0.301	6.875e-05	0	0.777778	0
	0.302	1.875e-05	0	0.722222	0
	0.303	3.75e-05	0	0.722222	0
	0.304	3.125e-05	0	0.722222	0
	0.305	4.375e-05	0	0.764706	0
	0.306	3.75e-05	0	0.764706	0
	0.307	1.875e-05	0	0.764706	0
	0.308	2.5e-05	0	0.764706	0
	0.309	1.25e-05	0	0.764706	0
	0.31	4.375e-05	0	0.764706	0
	0.311	6.25e-05	0	0.764706	0
	0.312	5.625e-05	0	0.764706	0
	0.313	5.625e-05	0	0.764706	0
	0.314	1.875e-05	0	0.764706	0
	0.315	3.75e-05	0	0.764706	0
	0.316	3.75e-05	0	0.764706	0
	0.317	2.5e-05	0	0.764706	0
	0.318	5.625e-05	0	0.764706	0
	0.319	6.25e-05	0	0.764706	0
	0.32	6.875e-05	0	0.8125	0
	0.321	3.75e-05	0	0.8125	0
	0.322	3.75e-05	0	0.8125	0
	0.323	3.75e-05	0	0.8125	0
	0.324	3.125e-05	0	0.8125	0
	0.325	3.75e-05	0	0.8125	0
	0.326	4.375e-05	0	0.8125	0
	0.327	4.375e-05	0	0.8125	0
	0.328	5.625e-05	0	0.8125	0
	0.329	3.75e-05	0	0.8125	0
	0.33	5.625e-05	0	0.75	0
	0.331	4.375e-05	0	0.75	0
	0.332	3.125e-05	0	0.75	0
	0.333	1.25e-05	0	0.75	0
	0.334	4.375e-05	0	0.75	0
	0.335	3.75e-05	0	0.75	0
	0.336	3.125e-05	0	0.75	0
	0.337	5e-05	0	0.75	0
	0.338	3.125e-05	0	0.75	0
	0.339	6.25e-06	0	0.75	0
	0.34	2.5e-05	0	0.75	0
	0.341	1.25e-05	0	0.75	0
	0.342	1.875e-05	0	0.75	0
	0.343	3.125e-05	0	0.75	0
	0.344	1.25e-05	0	0.75	0
	0.345	2.5e-05	0	0.75	0
	0.346	6.25e-06	0	0.75	0
	0.347	1.875e-05	0	0.75	0
	0.348	1.875e-05	0	0.75	0
	0.349	3.125e-05	0	0.75	0
	0.35	2.5e-05	0	0.75	0
	0.351	6.25e-06	0	0.75	0
	0.352	3.75e-05	0	0.75	0
	0.353	1.25e-05	0	0.6875	0
	0.354	2.5e-05	0	0.6875	0
	0.355	5e-05	0	0.6875	0
	0.356	3.75e-05	0	0.6875	0
	0.357	3.125e-05	0	0.785714	0
	0.358	2.5e-05	0	0.785714	0
	0.359	3.125e-05	0	0.785714	0
	0.36	1.25e-05	0	0.785714	0
	0.361	1.25e-05	0	0.785714	0
	0.362	3.125e-05	0	0.846154	0
	0.363	1.25e-05	0	0.846154	0
	0.364	1.875e-05	0	0.846154	0
	0.365	1.875e-05	0	0.846154	0
	0.366	2.5e-05	0	0.846154	0
	0.367	1.25e-05	0	0.846154	0
	0.368	6.25e-06	0	0.846154	0
	0.369	1.875e-05	0	0.846154	0
	0.37	1.875e-05	0	0.846154	0
	0.371	1.25e-05	0	0.846154	0
	0.372	1.875e-05	0	0.846154	0
	0.373	6.25e-06	0	0.846154	0
	0.374	1.25e-05	0	0.846154	0
	0.375	2.5e-05	0	0.846154	0
	0.376	1.875e-05	0	0.846154	0
	0.377	2.5e-05	0	0.846154	0
	0.378	2.5e-05	0	0.846154	0
	0.379	1.25e-05	0	0.846154	0
	0.38	1.875e-05	0	0.846154	0
	0.381	3.125e-05	0	0.846154	0
	0.382	1.25e-05	0	0.846154	0
	0.383	6.25e-06	0	0.846154	0
	0.384	6.25e-06	0	0.846154	0
	0.385	1.25e-05	0	0.846154	0
	0.386	1.25e-05	0	0.846154	0
	0.387	2.5e-05	0	0.846154	0
	0.388	1.875e-05	0	0.846154	0
	0.389	1.25e-05	0	0.846154	0
	0.39	1.25e-05	0	0.846154	0
	0.391	1.875e-05	0	0.769231	0
	0.392	1.25e-05	0	0.769231	0
	0.393	1.25e-05	0	0.769231	0
	0.394	2.5e-05	0	0.769231	0
	0.395	2.5e-05	0	0.769231	0
	0.396	2.5e-05	0	0.769231	0
	0.397	3.75e-05	0	0.769231	0
	0.398	6.25e-06	0	0.769231	0
	0.399	1.25e-05	0	0.769231	0
	0.4	2.5e-05	0	0.769231	0
	0.401	1.25e-05	0	0.833333	0
	0.402	1.25e-05	0	0.833333	0
	0.403	2.5e-05	0	0.833333	0
	0.404	1.875e-05	0	0.833333	0
	0.405	1.25e-05	0	0.833333	0
	0.406	0	0	0.833333	0
	0.407	1.875e-05	0	0.833333	0
	0.408	1.25e-05	0	0.833333	0
	0.409	6.25e-06	0	0.833333	0
	0.41	1.875e-05	0	0.833333	0
	0.411	1.25e-05	0	0.833333	0
	0.412	1.875e-05	0	0.833333	0
	0.413	6.25e-06	0	0.75	0
	0.414	1.25e-05	0	0.75	0
	0.415	3.125e-05	0	0.75	0
	0.416	1.25e-05	0	0.75	0
	0.417	2.5e-05	0	0.75	0
	0.418	6.25e-06	0	0.75	0
	0.419	1.875e-05	0	0.75	0
	0.42	3.125e-05	0	0.75	0
	0.421	1.25e-05	0	0.75	0
	0.422	2.5e-05	0	0.75	0
	0.423	2.5e-05	0	0.75	0
	0.424	3.125e-05	0	0.75	0
	0.425	5e-05	0	0.75	0
	0.426	3.75e-05	0	0.75	0
	0.427	3.125e-05	0	0.75	0
	0.428	5.625e-05	0	0.75	0
	0.429	3.75e-05	0	0.75	0
	0.43	2.5e-05	0	0.75	0
	0.431	3.125e-05	0	0.75	0
	0.432	1.875e-05	0	0.75	0
	0.433	2.5e-05	0	0.75	0
	0.434	6.25e-06	0	0.75	0
	0.435	1.25e-05	0	0.75	0
	0.436	3.75e-05	0	0.75	0
	0.437	1.25e-05	0	0.75	0
	0.438	2.5e-05	0	0.75	0
	0.439	4.375e-05	0	0.75	0
	0.44	2.5e-05	0	0.75	0
	0.441	3.75e-05	0	0.75	0
	0.442	1.25e-05	0	0.75	0
	0.443	3.75e-05	0	0.75	0
	0.444	2.5e-05	0	0.75	0
	0.445	3.75e-05	0	0.75	0
	0.446	3.75e-05	0	0.75	0
	0.447	4.375e-05	0	0.75	0
	0.448	3.125e-05	0	0.75	0
	0.449	2.5e-05	0	0.75	0
	0.45	4.375e-05	0	0.75	0
	0.451	1.25e-05	0	0.75	0
	0.452	1.875e-05	0	0.75	0
	0.453	2.5e-05	0	0.75	0
	0.454	2.5e-05	0	0.75	0
	0.455	1.875e-05	0	0.75	0
	0.456	1.875e-05	0	0.75	0
	0.457	1.875e-05	0	0.75	0
	0.458	1.875e-05	0	0.75	0
	0.459	0	0	0.75	0
	0.46	2.5e-05	0	0.75	0
	0.461	1.875e-05	0	0.75	0
	0.462	0	0	0.75	0
	0.463	1.25e-05	0	0.75	0
	0.464	6.25e-06	0	0.818182	0
	0.465	6.25e-06	0	0.818182	0
	0.466	6.25e-06	0	0.818182	0
	0.467	0	0	0.818182	0
	0.468	6.25e-06	0	0.818182	0
	0.469	0	0	0.818182	0
	0.47	0	0	0.818182	0
	0.471	1.875e-05	0	0.818182	0
	0.472	0	0	0.818182	0
	0.473	6.25e-06	0	0.818182	0
	0.474	6.25e-06	0	0.727273	0
	0.475	6.25e-06	0	0.8	0
	0.476	0	0	0.8	0
	0.477	6.25e-06	0	0.8	0
	0.478	0	0	0.8	0
	0.479	6.25e-06	0	0.8	0
	0.48	1.25e-05	0	0.8	0
	0.481	0	0	0.8	0
	0.482	0	0	0.8	0
	0.483	1.875e-05	0	0.8	0
	0.484	6.25e-06	0	0.8	0
	0.485	6.25e-06	0	0.8	0
	0.486	6.25e-06	0	0.8	0
	0.487	6.25e-06	0	0.8	0
	0.488	0	0	0.8	0
	0.489	1.875e-05	0	0.8	0
	0.49	1.875e-05	0	0.8	0
	0.491	6.25e-06	0	0.8	0
	0.492	6.25e-06	0	0.8	0
	0.493	6.25e-06	0	0.8	0
	0.494	2.5e-05	0	0.8	0
	0.495	1.875e-05	0	0.888889	0
	0.496	0	0	0.888889	0
	0.497	0	0	0.888889	0
	0.498	0	0	0.888889	0
	0.499	0	0	0.888889	0
	0.5	1.875e-05	0	0.888889	0
	0.501	1.875e-05	0	0.888889	0
	0.502	1.875e-05	0	0.888889	0
	0.503	6.25e-06	0	0.888889	0
	0.504	1.875e-05	0	0.888889	0
	0.505	1.25e-05	0	0.888889	0
	0.506	1.875e-05	0	0.888889	0
	0.507	1.25e-05	0	0.888889	0
	0.508	0	0	0.888889	0
	0.509	1.875e-05	0	0.888889	0
	0.51	6.25e-06	0	0.888889	0
	0.511	6.25e-06	0	0.888889	0
	0.512	1.875e-05	0	0.888889	0
	0.513	1.875e-05	0	0.888889	0
	0.514	1.25e-05	0	0.888889	0
	0.515	2.5e-05	0	0.888889	0
	0.516	2.5e-05	0	0.888889	0
	0.517	1.875e-05	0	0.888889	0
	0.518	3.75e-05	0	0.888889	0
	0.519	1.25e-05	0	0.888889	0
	0.52	2.5e-05	0	0.888889	0
	0.521	1.25e-05	0	0.888889	0
	0.522	1.25e-05	0	0.888889	0
	0.523	1.25e-05	0	0.888889	0
	0.524	1.25e-05	0	0.888889	0
	0.525	0	0	0.888889	0
	0.526	0	0	0.888889	0
	0.527	6.25e-06	0	0.888889	0
	0.528	1.25e-05	0	0.888889	0
	0.529	6.25e-06	0	0.888889	0
	0.53	1.875e-05	0	0.777778	0
	0.531	1.25e-05	0	0.777778	0
	0.532	6.25e-06	0	0.777778	0
	0.533	0	0	0.777778	0
	0.534	6.25e-06	0	0.777778	0
	0.535	1.25e-05	0	0.777778	0
	0.536	6.25e-06	0	0.777778	0
	0.537	0	0	0.777778	0
	0.538	0	0	0.777778	0
	0.539	0	0	0.777778	0
	0.54	0	0	0.777778	0
	0.541	6.25e-06	0	0.777778	0
	0.542	0	0	0.875	0
	0.543	6.25e-06	0	0.875	0
	0.544	1.25e-05	0	0.875	0
	0.545	0	0	0.875	0
	0.546	6.25e-06	0	0.875	0
	0.547	6.25e-06	0	0.875	0
	0.548	6.25e-06	0	0.875	0
	0.549	0	0	0.875	0
	0.55	1.25e-05	0	0.875	0
	0.551	0	0	0.875	0
	0.552	1.25e-05	0	0.875	0
	0.553	1.875e-05	0	0.875	0
	0.554	0	0	0.875	0
	0.555	1.25e-05	0	0.875	0
	0.556	1.875e-05	0	0.875	0
	0.557	1.25e-05	0	0.875	0
	0.558	0	0	0.875	0
	0.559	0	0	0.875	0
	0.56	0	0	0.875	0
	0.561	2.5e-05	0	0.875	0
	0.562	0	0	0.875	0
	0.563	1.875e-05	0	0.875	0
	0.564	0	0	0.875	0
	0.565	6.25e-06	0	0.875	0
	0.566	6.25e-06	0	0.875	0
	0.567	1.25e-05	0	0.875	0
	0.568	0	0	0.875	0
	0.569	3.75e-05	0	0.875	0
	0.57	1.875e-05	0	0.875	0
	0.571	1.25e-05	0	0.875	0
	0.572	1.25e-05	0	0.875	0
	0.573	2.5e-05	0	0.875	0
	0.574	6.25e-06	0	0.875	0
	0.575	6.25e-06	0	0.875	0
	0.576	1.875e-05	0	0.875	0
	0.577	2.5e-05	0	0.875	0
	0.578	1.25e-05	0	0.875	0
	0.579	1.25e-05	0	0.875	0
	0.58	2.5e-05	0	0.875	0
	0.581	1.25e-05	0	0.75	0
	0.582	1.875e-05	0	0.75	0
	0.583	3.75e-05	0	0.75	0
	0.584	1.875e-05	0	0.75	0
	0.585	1.875e-05	0	0.75	0
	0.586	2.5e-05	0	0.625	0
	0.587	6.25e-06	0	0.625	0
	0.588	5.625e-05	0	0.625	0
	0.589	2.5e-05	0	0.625	0
	0.59	3.125e-05	0	0.625	0
	0.591	6.25e-06	0	0.625	0
	0.592	3.125e-05	0	0.625	0
	0.593	4.375e-05	0	0.625	0
	0.594	3.125e-05	0	0.625	0
	0.595	1.875e-05	0	0.625	0
	0.596	1.875e-05	0	0.625	0
	0.597	6.25e-06	0	0.625	0
	0.598	4.375e-05	0	0.625	0
	0.599	1.875e-05	0	0.625	0
	0.6	6.25e-06	0	0.625	0
	0.601	3.75e-05	0	0.625	0
	0.602	1.875e-05	0	0.625	0
	0.603	3.125e-05	0	0.625	0
	0.604	3.75e-05	0	0.625	0
	0.605	3.75e-05	0	0.625	0
	0.606	4.375e-05	0	0.625	0
	0.607	5.625e-05	0	0.625	0
	0.608	2.5e-05	0	0.625	0
	0.609	3.75e-05	0	0.625	0
	0.61	2.5e-05	0	0.625	0
	0.611	1.875e-05	0	0.625	0
	0.612	2.5e-05	0	0.625	0
	0.613	2.5e-05	0	0.714286	0
	0.614	1.875e-05	0	0.714286	0
	0.615	3.75e-05	0	0.714286	0
	0.616	3.125e-05	0	0.571429	0
	0.617	3.75e-05	0	0.571429	0
	0.618	6.25e-06	0	0.571429	0
	0.619	3.75e-05	0	0.571429	0
	0.62	5e-05	0	0.571429	0
	0.621	3.75e-05	0	0.571429	0
	0.622	3.75e-05	0	0.571429	0
	0.623	2.5e-05	0	0.428571	0
	0.624	2.5e-05	0	0.428571	0
	0.625	1.875e-05	0	0.428571	0
	0.626	1.25e-05	0	0.428571	0
	0.627	1.875e-05	0	0.428571	0
	0.628	1.875e-05	0	0.428571	0
	0.629	2.5e-05	0	0.428571	0
	0.63	4.375e-05	0	0.428571	0
	0.631	1.25e-05	0	0.428571	0
	0.632	1.25e-05	0	0.428571	0
	0.633	3.125e-05	0	0.428571	0
	0.634	1.25e-05	0	0.428571	0
	0.635	2.5e-05	0	0.428571	0
	0.636	0	0	0.428571	0
	0.637	2.5e-05	0	0.428571	0
	0.638	3.75e-05	0	0.428571	0
	0.639	2.5e-05	0	0.428571	0
	0.64	6.25e-06	0	0.428571	0
	0.641	3.75e-05	0	0.428571	0
	0.642	2.5e-05	0	0.428571	0
	0.643	4.375e-05	0	0.428571	0
	0.644	1.875e-05	0	0.428571	0
	0.645	6.25e-06	0	0.5	0
	0.646	3.125e-05	0	0.5	0
	0.647	3.125e-05	0	0.5	0
	0.648	1.25e-05	0	0.5	0
	0.649	3.125e-05	0	0.5	0
	0.65	1.25e-05	0	0.5	0
	0.651	2.5e-05	0	0.5	0
	0.652	3.125e-05	0	0.5	0
	0.653	6.875e-05	0	0.5	0
	0.654	1.875e-05	0	0.5	0
	0.655	3.125e-05	0	0.5	0
	0.656	2.5e-05	0	0.6	0
	0.657	2.5e-05	0	0.6	0
	0.658	4.375e-05	0	0.6	0
	0.659	2.5e-05	0	0.6	0
	0.66	3.75e-05	0	0.6	0
	0.661	3.125e-05	0	0.6	0
	0.662	1.25e-05	0	0.6	0
	0.663	3.125e-05	0	0.6	0
	0.664	1.25e-05	0	0.6	0
	0.665	4.375e-05	0	0.6	0
	0.666	2.5e-05	0	0.4	0
	0.667	3.125e-05	0	0.4	0
	0.668	1.25e-05	0	0.4	0
	0.669	3.75e-05	0	0.4	0
	0.67	3.75e-05	0	0.4	0
	0.671	3.75e-05	0	0.4	0
	0.672	1.25e-05	0	0.4	0
	0.673	3.125e-05	0	0.4	0
	0.674	3.75e-05	0	0.4	0
	0.675	3.125e-05	0	0.4	0
	0.676	1.875e-05	0	0.4	0
	0.677	1.875e-05	0	0.4	0
	0.678	3.125e-05	0	0.4	0
	0.679	1.875e-05	0	0.4	0
	0.68	1.875e-05	0	0.4	0
	0.681	4.375e-05	0	0.4	0
	0.682	1.875e-05	0	0.5	0
	0.683	6.25e-06	0	0.5	0
	0.684	6.25e-06	0	0.5	0
	0.685	1.875e-05	0	0.5	0
	0.686	1.25e-05	0	0.5	0
	0.687	2.5e-05	0	0.5	0
	0.688	1.25e-05	0	0.5	0
	0.689	3.125e-05	0	0.5	0
	0.69	6.25e-06	0	0.5	0
	0.691	0	0	0.5	0
	0.692	2.5e-05	0	0.5	0
	0.693	6.25e-06	0	0.5	0
	0.694	3.125e-05	0	0.5	0
	0.695	1.25e-05	0	0.5	0
	0.696	1.875e-05	0	0.5	0
	0.697	1.25e-05	0	0.5	0
	0.698	1.25e-05	0	0.5	0
	0.699	2.5e-05	0	0.5	0
	0.7	1.875e-05	0	0.5	0
	0.701	4.375e-05	0	0.5	0
	0.702	6.25e-06	0	0.666667	0
	0.703	1.25e-05	0	0.666667	0
	0.704	6.25e-06	0	0.333333	0
	0.705	1.25e-05	0	0.333333	0
	0.706	3.125e-05	0	0.333333	0
	0.707	1.25e-05	0	0.333333	0
	0.708	1.875e-05	0	0.333333	0
	0.709	6.25e-06	0	0.333333	0
	0.71	1.25e-05	0	0.333333	0
	0.711	6.25e-06	0	0.333333	0
	0.712	1.875e-05	0	0.333333	0
	0.713	6.25e-06	0	0.333333	0
	0.714	6.25e-06	0	0.333333	0
	0.715	3.125e-05	0	0.333333	0
	0.716	1.25e-05	0	0.333333	0
	0.717	0	0	0.333333	0
	0.718	3.125e-05	0	0.333333	0
	0.719	1.25e-05	0	0.333333	0
	0.72	6.25e-06	0	0.333333	0
	0.721	1.875e-05	0	0.333333	0
	0.722	6.25e-06	0	0.333333	0
	0.723	1.25e-05	0	0.333333	0
	0.724	6.25e-06	0	0.333333	0
	0.725	1.25e-05	0	0.333333	0
	0.726	1.25e-05	0	0.333333	0
	0.727	1.25e-05	0	0.333333	0
	0.728	6.25e-06	0	0.333333	0
	0.729	1.25e-05	0	0.333333	0
	0.73	6.25e-06	0	0.333333	0
	0.731	6.25e-06	0	0.333333	0
	0.732	1.25e-05	0	0.333333	0
	0.733	0	0	0.333333	0
	0.734	6.25e-06	0	0.333333	0
	0.735	3.125e-05	0	0.333333	0
	0.736	6.25e-06	0	0.333333	0
	0.737	1.25e-05	0	0.333333	0
	0.738	6.25e-06	0	0.333333	0
	0.739	1.875e-05	0	0.333333	0
	0.74	1.875e-05	0	0.333333	0
	0.741	1.25e-05	0	0.333333	0
	0.742	2.5e-05	0	0.333333	0
	0.743	1.25e-05	0	0.5	0
	0.744	6.25e-06	0	0.5	0
	0.745	2.5e-05	0	0.5	0
	0.746	3.125e-05	0	0.5	0
	0.747	1.875e-05	0	0.5	0
	0.748	0	0	0.5	0
	0.749	1.875e-05	0	0.5	0
	0.75	2.5e-05	0	0.5	0
	0.751	1.875e-05	0	0.5	0
	0.752	0	0	0.5	0
	0.753	1.25e-05	0	0.5	0
	0.754	1.875e-05	0	0.5	0
	0.755	3.125e-05	0	0.5	0
	0.756	1.25e-05	0	0.5	0
	0.757	2.5e-05	0	0.5	0
	0.758	1.875e-05	0	0.5	0
	0.759	6.25e-06	0	0.5	0
	0.76	6.25e-06	0	0.5	0
	0.761	6.25e-06	0	0.5	0
	0.762	1.25e-05	0	0.5	0
	0.763	6.25e-06	0	0.5	0
	0.764	6.25e-06	0	0.5	0
	0.765	1.25e-05	0	0.5	0
	0.766	6.25e-06	0	0.5	0
	0.767	6.25e-06	0	0.5	0
	0.768	0	0	0.5	0
	0.769	6.25e-06	0	0.5	0
	0.77	0	0	0.5	0
	0.771	0	0	0.5	0
	0.772	6.25e-06	0	0.5	0
	0.773	6.25e-06	0	0.5	0
	0.774	0	0	0.5	0
	0.775	0	0	0.5	0
	0.776	6.25e-06	0	0.5	0
	0.777	0	0	0.5	0
	0.778	0	0	0.5	0
	0.779	0	0	0.5	0
	0.78	0	0	0.5	0
	0.781	6.25e-06	0	0.5	0
	0.782	0	0	1	0
	0.783	0	0	1	0
	0.784	0	0	1	0
	0.785	0	0	1	0
	0.786	0	0	1	0
	0.787	0	0	1	0
	0.788	0	0	1	0
	0.789	0	0	1	0
	0.79	0	0	1	0
	0.791	0	0	1	0
	0.792	0	0	1	0
	0.793	0	0	1	0
	0.794	0	0	1	0
	0.795	0	0	1	0
	0.796	0	0	1	0
	0.797	0	0	1	0
	0.798	0	0	1	0
	0.799	0	0	1	0
	0.8	0	0	1	0
	0.801	0	0	1	0
	0.802	0	0	1	0
	0.803	0	0	1	0
	0.804	0	0	1	0
	0.805	0	0	1	0
	0.806	0	0	1	0
	0.807	0	0	1	0
	0.808	0	0	1	0
	0.809	0	0	1	0
	0.81	0	0	1	0
	0.811	0	0	1	0
	0.812	0	0	1	0
	0.813	0	0	1	0
	0.814	0	0	1	0
	0.815	0	0	1	0
	0.816	0	0	1	0
	0.817	0	0	1	0
	0.818	0	0	1	0
	0.819	0	0	1	0
	0.82	0	0	1	0
	0.821	0	0	1	0
	0.822	0	0	1	0
	0.823	0	0	1	0
	0.824	0	0	1	0
	0.825	0	0	1	0
	0.826	0	0	1	0
	0.827	0	0	1	0
	0.828	0	0	1	0
	0.829	0	0	1	0
	0.83	0	0	1	0
	0.831	0	0	1	0
	0.832	0	0	1	0
	0.833	0	0	1	0
	0.834	0	0	1	0
	0.835	0	0	1	0
	0.836	0	0	1	0
	0.837	0	0	1	0
	0.838	0	0	1	0
	0.839	0	0	1	0
	0.84	0	0	1	0
	0.841	0	0	1	0
	0.842	0	0	1	0
	0.843	0	0	1	0
	0.844	0	0	1	0
	0.845	6.25e-06	0	1	0
	0.846	6.25e-06	0	0	0
	0.847	0	0	0	0
	0.848	6.25e-06	0	0	0
	0.849	0	0	0	0
	0.85	0	0	0	0
	0.851	0	0	0	0
	0.852	0	0	0	0
	0.853	6.25e-06	0	0	0
	0.854	1.875e-05	0	0	0
	0.855	0	0	0	0
	0.856	6.25e-06	0	0	0
	0.857	6.25e-06	0	0	0
	0.858	6.25e-06	0	0	0
	0.859	6.25e-06	0	0	0
	0.86	1.25e-05	0	0	0
	0.861	0	0	0	0
	0.862	1.875e-05	0	0	0
	0.863	6.25e-06	0	0	0
	0.864	1.875e-05	0	0	0
	0.865	3.125e-05	0	0	0
	0.866	3.75e-05	0	0	0
	0.867	1.25e-05	0	0	0
	0.868	1.25e-05	0	0	0
	0.869	1.875e-05	0	0	0
	0.87	2.5e-05	0	0	0
	0.871	4.375e-05	0	0	0
	0.872	3.125e-05	0	0	0
	0.873	3.125e-05	0	0	0
	0.874	1.875e-05	0	0	0
	0.875	1.875e-05	0	0	0
	0.876	1.875e-05	0	0	0
	0.877	1.875e-05	0	0	0
	0.878	3.125e-05	0	0	0
	0.879	2.5e-05	0	0	0
	0.88	1.25e-05	0	0	0
	0.881	2.5e-05	0	0	0
	0.882	0	0	0	0
	0.883	6.25e-06	0	0	0
	0.884	6.25e-06	0	0	0
	0.885	0	0	0	0
	0.886	1.25e-05	0	0	0
	0.887	0	0	0	0
	0.888	1.875e-05	0	0	0
	0.889	1.25e-05	0	0	0
	0.89	0	0	0	0
	0.891	1.25e-05	0	0	0
	0.892	0	0	0	0
	0.893	0	0	0	0
	0.894	0	0	0	0
	0.895	6.25e-06	0	0	0
	0.896	0	0	0	0
	0.897	0	0	0	0
	0.898	0	0	0	0
	0.899	6.25e-06	0	0	0
	0.9	0	0	0	0
	0.901	6.25e-06	0	0	0
	0.902	0	0	0	0
	0.903	0	0	0	0
	0.904	0	0	0	0
	0.905	0	0	0	0
	0.906	0	0	0	0
	0.907	0	0	0	0
	0.908	0	0	0	0
	0.909	0	0	0	0
	0.91	0	0	0	0
	0.911	0	0	0	0
	0.912	0	0	0	0
	0.913	0	0	0	0
	0.914	0	0	0	0
	0.915	0	0	0	0
	0.916	0	0	0	0
	0.917	0	0	0	0
	0.918	0	0	0	0
	0.919	0	0	0	0
	0.92	0	0	0	0
	0.921	0	0	0	0
	0.922	0	0	0	0
	0.923	0	0	0	0
	0.924	0	0	0	0
	0.925	0	0	0	0
	0.926	0	0	0	0
	0.927	0	0	0	0
	0.928	0	0	0	0
	0.929	0	0	0	0
	0.93	0	0	0	0
	0.931	0	0	0	0
	0.932	0	0	0	0
	0.933	0	0	0	0
	0.934	0	0	0	0
	0.935	0	0	0	0
	0.936	0	0	0	0
	0.937	0	0	0	0
	0.938	0	0	0	0
	0.939	0	0	0	0
	0.94	0	0	0	0
	0.941	0	0	0	0
	0.942	0	0	0	0
	0.943	0	0	0	0
	0.944	0	0	0	0
	0.945	0	0	0	0
	0.946	0	0	0	0
	0.947	0	0	0	0
	0.948	0	0	0	0
	0.949	0	0	0	0
	0.95	0	0	0	0
	0.951	0	0	0	0
	0.952	0	0	0	0
	0.953	0	0	0	0
	0.954	0	0	0	0
	0.955	0	0	0	0
	0.956	0	0	0	0
	0.957	0	0	0	0
	0.958	0	0	0	0
	0.959	0	0	0	0
	0.96	0	0	0	0
	0.961	0	0	0	0
	0.962	0	0	0	0
	0.963	0	0	0	0
	0.964	0	0	0	0
	0.965	0	0	0	0
	0.966	0	0	0	0
	0.967	0	0	0	0
	0.968	0	0	0	0
	0.969	0	0	0	0
	0.97	0	0	0	0
	0.971	0	0	0	0
	0.972	0	0	0	0
	0.973	0	0	0	0
	0.974	0	0	0	0
	0.975	0	0	0	0
	0.976	0	0	0	0
	0.977	0	0	0	0
	0.978	0	0	0	0
	0.979	0	0	0	0
	0.98	0	0	0	0
	0.981	0	0	0	0
	0.982	0	0	0	0
	0.983	0	0	0	0
	0.984	0	0	0	0
	0.985	0	0	0	0
	0.986	0	0	0	0
	0.987	0	0	0	0
	0.988	0	0	0	0
	0.989	0	0	0	0
	0.99	0	0	0	0
	0.991	0	0	0	0
	0.992	0	0	0	0
	0.993	0	0	0	0
	0.994	0	0	0	0
	0.995	0	0	0	0
	0.996	0	0	0	0
	0.997	0	0	0	0
	0.998	0	0	0	0
	0.999	0	0	0	0
	1	0	0	0	0


#	yrange	sparsity	# links	zeta	support at cross	fraction FP
	0	0.01125	18	0.0670038	0.104	0.00214184
	1	0.01125	18	0.0670038	0.104	0.00214184
