#	Frequencies and overlap
#	bins	MYC	shuffle	overlap_MYC	overlap_shuffle
	0	0.716287	0.5388	0.650265	0
	0.001	0.0306	0.0493375	0.393506	0
	0.002	0.0175562	0.039625	0.468085	0
	0.003	0.0123562	0.0323688	0.524436	0
	0.004	0.00964375	0.0260688	0.557377	0
	0.005	0.00776875	0.0220188	0.577681	0
	0.006	0.0061625	0.018125	0.590805	0
	0.007	0.00545	0.0164313	0.608696	0
	0.008	0.0047625	0.01445	0.621212	0
	0.009	0.004325	0.0125875	0.642105	0
	0.01	0.0040375	0.0113	0.641509	0
	0.011	0.0036125	0.0106187	0.646409	0
	0.012	0.00344375	0.00949375	0.659155	0
	0.013	0.00325	0.00848125	0.669591	0
	0.014	0.0029	0.00795	0.668639	0
	0.015	0.00270625	0.00773125	0.673716	0
	0.016	0.0024625	0.0066875	0.689655	0
	0.017	0.00208125	0.0063375	0.688889	0
	0.018	0.00188125	0.0055125	0.699029	0
	0.019	0.00181875	0.00544375	0.710526	0
	0.02	0.00181875	0.00549375	0.711921	0
	0.021	0.00154375	0.0045875	0.730375	0
	0.022	0.00140625	0.0045	0.731034	0
	0.023	0.00135625	0.00404375	0.737762	0
	0.024	0.00130625	0.00410625	0.740214	0
	0.025	0.00130625	0.00370625	0.740072	0
	0.026	0.00111875	0.00395625	0.736462	0
	0.027	0.00109375	0.0035375	0.738182	0
	0.028	0.0011125	0.00325625	0.741697	0
	0.029	0.00101875	0.003	0.754717	0
	0.03	0.0011	0.0029625	0.746212	0
	0.031	0.0010625	0.00289375	0.730038	0
	0.032	0.00094375	0.00284375	0.730769	0
	0.033	0.001075	0.00255	0.7393	0
	0.034	0.00091875	0.0025125	0.744094	0
	0.035	0.0010125	0.0024375	0.752988	0
	0.036	0.000975	0.0022125	0.74502	0
	0.037	0.0010125	0.002275	0.741036	0
	0.038	0.0009125	0.00225625	0.742972	0
	0.039	0.00101875	0.00225	0.744939	0
	0.04	0.00094375	0.0019375	0.753086	0
	0.041	0.0012	0.00199375	0.751037	0
	0.042	0.0010625	0.00168125	0.742739	0
	0.043	0.00113125	0.00175625	0.743697	0
	0.044	0.00105	0.00158125	0.742616	0
	0.045	0.00105625	0.00156875	0.752137	0
	0.046	0.0009125	0.00165	0.752137	0
	0.047	0.0009625	0.00154375	0.752137	0
	0.048	0.00079375	0.0014375	0.755365	0
	0.049	0.00084375	0.00124375	0.761905	0
	0.05	0.000925	0.0013	0.768559	0
	0.051	0.000675	0.00148125	0.77193	0
	0.052	0.000675	0.00136875	0.758772	0
	0.053	0.0007375	0.00143125	0.764444	0
	0.054	0.00066875	0.00125	0.762332	0
	0.055	0.00068125	0.001175	0.762332	0
	0.056	0.0006125	0.001075	0.765766	0
	0.057	0.0005875	0.00113125	0.772727	0
	0.058	0.00063125	0.00113125	0.771689	0
	0.059	0.00063125	0.000975	0.793427	0
	0.06	0.0005625	0.00101875	0.784038	0
	0.061	0.0004875	0.001175	0.783019	0
	0.062	0.00049375	0.0010625	0.785714	0
	0.063	0.000575	0.0008625	0.784689	0
	0.064	0.00041875	0.0009	0.792271	0
	0.065	0.0004375	0.001	0.791262	0
	0.066	0.00043125	0.00095	0.795122	0
	0.067	0.00045625	0.00090625	0.795122	0
	0.068	0.0004125	0.00083125	0.795122	0
	0.069	0.00038125	0.000725	0.794118	0
	0.07	0.0003875	0.0007625	0.80198	0
	0.071	0.00036875	0.0006375	0.80597	0
	0.072	0.00030625	0.00075625	0.81407	0
	0.073	0.00035625	0.00069375	0.818182	0
	0.074	0.00034375	0.0007	0.817259	0
	0.075	0.00034375	0.00073125	0.825641	0
	0.076	0.00035	0.00084375	0.824742	0
	0.077	0.00036875	0.0005875	0.832461	0
	0.078	0.00031875	0.000625	0.832461	0
	0.079	0.00033125	0.00054375	0.82199	0
	0.08	0.00030625	0.0006125	0.816754	0
	0.081	0.000225	0.0006125	0.811518	0
	0.082	0.00028125	0.00055	0.811518	0
	0.083	0.00026875	0.00063125	0.824468	0
	0.084	0.00029375	0.00051875	0.818182	0
	0.085	0.00025	0.0006625	0.811828	0
	0.086	0.0002875	0.00055625	0.811828	0
	0.087	0.00033125	0.00051875	0.820652	0
	0.088	0.00021875	0.00056875	0.818681	0
	0.089	0.000325	0.00050625	0.818681	0
	0.09	0.00036875	0.0005125	0.818681	0
	0.091	0.00030625	0.0004375	0.812155	0
	0.092	0.0003125	0.00045625	0.816667	0
	0.093	0.00035625	0.00049375	0.805556	0
	0.094	0.0002625	0.00051875	0.794444	0
	0.095	0.00035625	0.000475	0.783333	0
	0.096	0.0003	0.00045	0.777778	0
	0.097	0.000425	0.00053125	0.777778	0
	0.098	0.00031875	0.000525	0.772222	0
	0.099	0.00040625	0.000425	0.772222	0
	0.1	0.000375	0.00040625	0.761111	0
	0.101	0.00050625	0.00040625	0.761111	0
	0.102	0.000425	0.00044375	0.761111	0
	0.103	0.0005625	0.0004125	0.769663	0
	0.104	0.00046875	0.00045	0.764045	0
	0.105	0.0003375	0.0004	0.764045	0
	0.106	0.00049375	0.000325	0.758427	0
	0.107	0.00049375	0.0004125	0.758427	0
	0.108	0.000425	0.00031875	0.752809	0
	0.109	0.000525	0.00029375	0.747191	0
	0.11	0.00049375	0.0003875	0.751412	0
	0.111	0.0006125	0.00034375	0.751412	0
	0.112	0.0003625	0.00036875	0.764368	0
	0.113	0.0004625	0.0003375	0.764368	0
	0.114	0.000475	0.000325	0.764368	0
	0.115	0.0005625	0.000425	0.758621	0
	0.116	0.00039375	0.00033125	0.767442	0
	0.117	0.00055625	0.0002625	0.761628	0
	0.118	0.000575	0.0002625	0.755814	0
	0.119	0.000425	0.0003125	0.755814	0
	0.12	0.00040625	0.00023125	0.760234	0
	0.121	0.00035625	0.000325	0.760234	0
	0.122	0.00048125	0.00026875	0.764706	0
	0.123	0.00049375	0.0002625	0.763314	0
	0.124	0.00039375	0.00021875	0.761905	0
	0.125	0.0004125	0.000275	0.761905	0
	0.126	0.000325	0.00029375	0.760479	0
	0.127	0.00036875	0.0002125	0.754491	0
	0.128	0.0003875	0.00025	0.759036	0
	0.129	0.00033125	0.0002125	0.757576	0
	0.13	0.00031875	0.0002375	0.757576	0
	0.131	0.000375	0.00024375	0.762195	0
	0.132	0.0003	0.000225	0.759259	0
	0.133	0.00036875	0.00025625	0.763975	0
	0.134	0.0001875	0.0002625	0.7625	0
	0.135	0.0002375	0.00020625	0.7625	0
	0.136	0.00023125	0.00016875	0.75625	0
	0.137	0.0002375	0.00021875	0.75	0
	0.138	0.0002875	0.00028125	0.754717	0
	0.139	0.00015625	0.0002375	0.759494	0
	0.14	0.0002	0.00021875	0.759494	0
	0.141	0.00025	0.0001875	0.753165	0
	0.142	0.00025	0.00024375	0.751592	0
	0.143	0.00025	0.0001875	0.76129	0
	0.144	0.00025	0.00015625	0.76129	0
	0.145	0.00016875	0.00014375	0.76129	0
	0.146	0.0003125	0.000175	0.76129	0
	0.147	0.0003	0.00020625	0.76129	0
	0.148	0.00023125	0.0002	0.76129	0
	0.149	0.0002375	0.00020625	0.776316	0
	0.15	0.0002375	0.00025	0.769737	0
	0.151	0.0003125	0.00016875	0.769737	0
	0.152	0.0002625	0.0001625	0.768212	0
	0.153	0.00030625	0.00015	0.773333	0
	0.154	0.0002625	0.00014375	0.765101	0
	0.155	0.00028125	0.00018125	0.763514	0
	0.156	0.0003875	0.000125	0.763514	0
	0.157	0.00035	0.00018125	0.768707	0
	0.158	0.0003	0.00016875	0.773973	0
	0.159	0.0003	0.00016875	0.784722	0
	0.16	0.00028125	0.0001625	0.784722	0
	0.161	0.00025	9.375e-05	0.784722	0
	0.162	0.00026875	0.00015625	0.777778	0
	0.163	0.0003625	0.00018125	0.777778	0
	0.164	0.0002625	0.00016875	0.777778	0
	0.165	0.0003125	0.000175	0.770833	0
	0.166	0.00025	0.000225	0.770833	0
	0.167	0.00039375	0.0001625	0.770833	0
	0.168	0.00026875	0.000125	0.780142	0
	0.169	0.00026875	0.00015625	0.780142	0
	0.17	0.0002	0.00014375	0.780142	0
	0.171	0.00031875	0.00015625	0.785714	0
	0.172	0.0002375	9.375e-05	0.778571	0
	0.173	0.000275	0.0001	0.778571	0
	0.174	0.000225	0.00013125	0.778571	0
	0.175	0.00033125	0.00014375	0.778571	0
	0.176	0.000275	9.375e-05	0.771429	0
	0.177	0.00028125	0.000125	0.771429	0
	0.178	0.00026875	0.00011875	0.771429	0
	0.179	0.0003	0.0001	0.757143	0
	0.18	0.0002875	0.00011875	0.757143	0
	0.181	0.0002625	0.00013125	0.76259	0
	0.182	0.00025625	0.0001125	0.773723	0
	0.183	0.00025625	0.00010625	0.773723	0
	0.184	0.00021875	0.00010625	0.779412	0
	0.185	0.000175	8.125e-05	0.785185	0
	0.186	0.0003	0.0001	0.791045	0
	0.187	0.00011875	7.5e-05	0.791045	0
	0.188	0.00025625	0.0001125	0.791045	0
	0.189	0.000225	0.0001125	0.783582	0
	0.19	0.00019375	0.0001	0.783582	0
	0.191	0.00018125	0.00010625	0.795455	0
	0.192	0.0001875	8.125e-05	0.787879	0
	0.193	0.00021875	9.375e-05	0.787879	0
	0.194	0.00019375	0.0001375	0.793893	0
	0.195	0.0001875	0.0001	0.8	0
	0.196	0.0002	8.75e-05	0.8	0
	0.197	0.0002375	9.375e-05	0.804688	0
	0.198	0.0002125	0.00015625	0.804688	0
	0.199	0.000225	8.125e-05	0.796875	0
	0.2	0.0002125	9.375e-05	0.80315	0
	0.201	0.00011875	0.00011875	0.80315	0
	0.202	0.0001875	9.375e-05	0.80315	0
	0.203	0.00016875	0.00010625	0.80315	0
	0.204	0.00016875	0.00010625	0.80315	0
	0.205	0.0001	8.75e-05	0.80315	0
	0.206	0.00016875	4.375e-05	0.80315	0
	0.207	0.000125	5e-05	0.80315	0
	0.208	0.00013125	6.25e-05	0.809524	0
	0.209	0.0002125	0.00010625	0.801587	0
	0.21	0.0001625	6.875e-05	0.793651	0
	0.211	0.00014375	7.5e-05	0.793651	0
	0.212	0.0001125	0.0001625	0.806452	0
	0.213	0.00015	8.125e-05	0.806452	0
	0.214	0.00013125	8.75e-05	0.806452	0
	0.215	0.0001375	9.375e-05	0.806452	0
	0.216	0.00015	9.375e-05	0.806452	0
	0.217	0.00011875	5.625e-05	0.813008	0
	0.218	0.00014375	8.75e-05	0.813008	0
	0.219	0.00015625	5e-05	0.813008	0
	0.22	0.00015625	7.5e-05	0.811475	0
	0.221	0.00013125	8.125e-05	0.801653	0
	0.222	0.0001125	7.5e-05	0.808333	0
	0.223	0.0001875	0.00010625	0.815126	0
	0.224	0.00013125	0.0001	0.815126	0
	0.225	0.000175	6.25e-05	0.815126	0
	0.226	0.00015	5.625e-05	0.822034	0
	0.227	0.00015	6.875e-05	0.82906	0
	0.228	0.00015	4.375e-05	0.843478	0
	0.229	0.00013125	3.125e-05	0.843478	0
	0.23	0.00010625	8.125e-05	0.843478	0
	0.231	0.0001125	6.875e-05	0.826087	0
	0.232	0.00024375	8.75e-05	0.833333	0
	0.233	0.00018125	6.875e-05	0.824561	0
	0.234	0.00014375	5e-05	0.831858	0
	0.235	0.0001125	5.625e-05	0.839286	0
	0.236	0.00013125	9.375e-05	0.839286	0
	0.237	0.00018125	5e-05	0.839286	0
	0.238	0.00019375	8.125e-05	0.839286	0
	0.239	0.00015	5.625e-05	0.839286	0
	0.24	0.0001625	5.625e-05	0.839286	0
	0.241	0.000175	4.375e-05	0.846847	0
	0.242	0.0001625	5e-05	0.846847	0
	0.243	0.00014375	6.25e-05	0.837838	0
	0.244	0.00015625	3.75e-05	0.845455	0
	0.245	0.00015	3.125e-05	0.845455	0
	0.246	0.0002375	6.25e-05	0.845455	0
	0.247	0.00016875	6.25e-05	0.845455	0
	0.248	0.0001875	7.5e-05	0.845455	0
	0.249	0.00016875	6.25e-05	0.836364	0
	0.25	0.00013125	4.375e-05	0.818182	0
	0.251	0.00015	6.25e-05	0.818182	0
	0.252	0.0002125	3.125e-05	0.818182	0
	0.253	0.0001625	5e-05	0.818182	0
	0.254	0.00018125	4.375e-05	0.833333	0
	0.255	0.00016875	3.75e-05	0.824074	0
	0.256	0.0001375	5e-05	0.824074	0
	0.257	0.00023125	5e-05	0.824074	0
	0.258	0.0001875	5.625e-05	0.814815	0
	0.259	0.00014375	2.5e-05	0.805556	0
	0.26	0.0002	8.125e-05	0.805556	0
	0.261	0.0001875	1.875e-05	0.805556	0
	0.262	0.00019375	3.75e-05	0.796296	0
	0.263	0.00019375	5.625e-05	0.796296	0
	0.264	0.0002125	6.875e-05	0.803738	0
	0.265	0.000125	6.875e-05	0.803738	0
	0.266	0.0001625	2.5e-05	0.803738	0
	0.267	0.00013125	4.375e-05	0.803738	0
	0.268	0.0001875	5e-05	0.794393	0
	0.269	0.00010625	4.375e-05	0.794393	0
	0.27	0.00023125	3.75e-05	0.794393	0
	0.271	0.00014375	5.625e-05	0.794393	0
	0.272	0.0001875	3.75e-05	0.794393	0
	0.273	0.0002	6.25e-05	0.801887	0
	0.274	0.00018125	4.375e-05	0.8	0
	0.275	0.000175	5.625e-05	0.807692	0
	0.276	0.00020625	1.875e-05	0.807692	0
	0.277	0.00016875	3.125e-05	0.807692	0
	0.278	0.0001375	1.25e-05	0.807692	0
	0.279	0.00018125	3.125e-05	0.807692	0
	0.28	0.00016875	3.75e-05	0.807692	0
	0.281	0.00015625	4.375e-05	0.807692	0
	0.282	0.00018125	3.75e-05	0.798077	0
	0.283	0.00020625	5e-05	0.805825	0
	0.284	0.0002375	2.5e-05	0.805825	0
	0.285	0.00020625	2.5e-05	0.794118	0
	0.286	0.00010625	1.875e-05	0.794118	0
	0.287	0.00013125	4.375e-05	0.794118	0
	0.288	0.000175	3.125e-05	0.794118	0
	0.289	0.0001375	4.375e-05	0.792079	0
	0.29	0.00011875	4.375e-05	0.8	0
	0.291	0.0002125	5e-05	0.8	0
	0.292	0.0001875	5e-05	0.79798	0
	0.293	0.0001375	2.5e-05	0.79798	0
	0.294	0.00016875	3.75e-05	0.79798	0
	0.295	0.0002125	3.125e-05	0.79798	0
	0.296	0.00015625	5e-05	0.79798	0
	0.297	0.00011875	3.125e-05	0.806122	0
	0.298	0.00020625	1.875e-05	0.795918	0
	0.299	0.00018125	4.375e-05	0.795918	0
	0.3	0.00015625	1.25e-05	0.795918	0
	0.301	0.00015	3.75e-05	0.795918	0
	0.302	0.0001625	4.375e-05	0.795918	0
	0.303	0.00016875	3.125e-05	0.795918	0
	0.304	0.00016875	3.125e-05	0.795918	0
	0.305	0.000125	2.5e-05	0.795918	0
	0.306	0.0001375	1.875e-05	0.795918	0
	0.307	0.0001625	2.5e-05	0.795918	0
	0.308	0.00016875	5e-05	0.793814	0
	0.309	0.0001625	3.125e-05	0.791667	0
	0.31	8.125e-05	3.125e-05	0.791667	0
	0.311	0.00011875	3.125e-05	0.8	0
	0.312	0.00014375	1.875e-05	0.808511	0
	0.313	0.00011875	4.375e-05	0.797872	0
	0.314	0.000125	3.125e-05	0.806452	0
	0.315	0.00010625	3.125e-05	0.806452	0
	0.316	8.75e-05	2.5e-05	0.806452	0
	0.317	0.000125	1.875e-05	0.806452	0
	0.318	9.375e-05	2.5e-05	0.806452	0
	0.319	0.000125	4.375e-05	0.806452	0
	0.32	0.000125	3.125e-05	0.806452	0
	0.321	0.00015625	2.5e-05	0.804348	0
	0.322	0.00013125	2.5e-05	0.804348	0
	0.323	0.00010625	1.25e-05	0.804348	0
	0.324	0.0001375	1.875e-05	0.804348	0
	0.325	0.0001125	1.875e-05	0.813187	0
	0.326	0.000125	3.125e-05	0.813187	0
	0.327	8.125e-05	2.5e-05	0.822222	0
	0.328	0.0001375	2.5e-05	0.831461	0
	0.329	0.000125	2.5e-05	0.818182	0
	0.33	6.875e-05	1.25e-05	0.818182	0
	0.331	0.000175	4.375e-05	0.818182	0
	0.332	8.75e-05	1.875e-05	0.806818	0
	0.333	0.00015	1.875e-05	0.816092	0
	0.334	0.00011875	0	0.816092	0
	0.335	0.00010625	6.25e-05	0.816092	0
	0.336	0.0001	2.5e-05	0.825581	0
	0.337	0.0001625	3.125e-05	0.813953	0
	0.338	0.00010625	1.875e-05	0.813953	0
	0.339	0.0001375	3.75e-05	0.802326	0
	0.34	0.00015	0	0.790698	0
	0.341	0.000125	1.875e-05	0.790698	0
	0.342	0.0001375	1.875e-05	0.790698	0
	0.343	0.0002125	2.5e-05	0.790698	0
	0.344	0.0001625	1.875e-05	0.77907	0
	0.345	0.000125	6.25e-06	0.77907	0
	0.346	0.00018125	6.25e-06	0.788235	0
	0.347	0.00015625	1.25e-05	0.776471	0
	0.348	0.00015625	3.75e-05	0.764706	0
	0.349	0.00015625	4.375e-05	0.764706	0
	0.35	0.00019375	1.875e-05	0.764706	0
	0.351	0.0002	1.25e-05	0.764706	0
	0.352	0.00016875	1.875e-05	0.752941	0
	0.353	0.000175	1.25e-05	0.752941	0
	0.354	0.0001875	0	0.752941	0
	0.355	0.0001875	1.875e-05	0.752941	0
	0.356	0.00020625	6.25e-06	0.761905	0
	0.357	0.000175	6.25e-06	0.761905	0
	0.358	0.0002125	3.125e-05	0.761905	0
	0.359	0.0001875	1.25e-05	0.761905	0
	0.36	0.0002125	1.25e-05	0.761905	0
	0.361	0.00020625	1.25e-05	0.761905	0
	0.362	0.0002	1.25e-05	0.761905	0
	0.363	0.00018125	1.875e-05	0.761905	0
	0.364	0.0002375	0	0.761905	0
	0.365	0.0003	1.25e-05	0.771084	0
	0.366	0.00016875	6.25e-06	0.768293	0
	0.367	0.00023125	1.875e-05	0.768293	0
	0.368	0.00015625	6.25e-06	0.777778	0
	0.369	0.00025625	1.25e-05	0.777778	0
	0.37	0.00023125	6.25e-06	0.7875	0
	0.371	0.00015	1.25e-05	0.775	0
	0.372	0.0001625	1.25e-05	0.775	0
	0.373	0.00015625	2.5e-05	0.7625	0
	0.374	0.000225	1.875e-05	0.7625	0
	0.375	0.00018125	1.25e-05	0.772152	0
	0.376	0.00016875	1.25e-05	0.772152	0
	0.377	0.00016875	1.875e-05	0.772152	0
	0.378	0.00011875	3.125e-05	0.772152	0
	0.379	0.00018125	0	0.772152	0
	0.38	0.00019375	1.25e-05	0.772152	0
	0.381	0.00014375	0	0.746835	0
	0.382	0.00018125	0	0.746835	0
	0.383	0.00010625	1.25e-05	0.746835	0
	0.384	0.00018125	6.25e-06	0.74359	0
	0.385	0.00016875	3.125e-05	0.74359	0
	0.386	0.0002	3.125e-05	0.753247	0
	0.387	0.000125	6.25e-06	0.753247	0
	0.388	0.00013125	6.25e-06	0.753247	0
	0.389	0.0001625	6.25e-06	0.74026	0
	0.39	0.00015625	1.875e-05	0.727273	0
	0.391	0.0001375	0	0.727273	0
	0.392	0.00015	2.5e-05	0.714286	0
	0.393	0.0001375	2.5e-05	0.701299	0
	0.394	0.00013125	1.875e-05	0.701299	0
	0.395	0.00015	0	0.710526	0
	0.396	9.375e-05	6.25e-06	0.72	0
	0.397	0.0001	1.25e-05	0.72	0
	0.398	0.00015625	1.25e-05	0.72	0
	0.399	0.000125	6.25e-06	0.72	0
	0.4	0.0001375	1.25e-05	0.72973	0
	0.401	0.00010625	1.25e-05	0.739726	0
	0.402	8.125e-05	2.5e-05	0.739726	0
	0.403	0.00011875	3.125e-05	0.739726	0
	0.404	0.0001	1.875e-05	0.75	0
	0.405	0.0001625	0	0.75	0
	0.406	0.00011875	1.875e-05	0.75	0
	0.407	0.00019375	6.25e-06	0.75	0
	0.408	0.00014375	0	0.760563	0
	0.409	9.375e-05	6.25e-06	0.771429	0
	0.41	9.375e-05	1.25e-05	0.771429	0
	0.411	0.0001125	1.875e-05	0.757143	0
	0.412	8.75e-05	6.25e-06	0.757143	0
	0.413	6.875e-05	6.25e-06	0.757143	0
	0.414	0.0001	6.25e-06	0.757143	0
	0.415	0.00013125	1.875e-05	0.757143	0
	0.416	0.00015	1.875e-05	0.768116	0
	0.417	0.00011875	1.25e-05	0.779412	0
	0.418	9.375e-05	0	0.779412	0
	0.419	0.00015625	0	0.791045	0
	0.42	0.0001	6.25e-06	0.80303	0
	0.421	0.00014375	1.25e-05	0.8	0
	0.422	0.000125	6.25e-06	0.8	0
	0.423	0.00010625	1.25e-05	0.8	0
	0.424	0.00013125	6.25e-06	0.784615	0
	0.425	0.0001125	1.875e-05	0.784615	0
	0.426	9.375e-05	1.25e-05	0.784615	0
	0.427	0.0001125	0	0.784615	0
	0.428	0.00014375	6.25e-06	0.784615	0
	0.429	8.125e-05	6.25e-06	0.78125	0
	0.43	0.00019375	1.875e-05	0.78125	0
	0.431	8.75e-05	6.25e-06	0.78125	0
	0.432	8.125e-05	0	0.78125	0
	0.433	0.00010625	1.875e-05	0.765625	0
	0.434	0.0001	6.25e-06	0.765625	0
	0.435	9.375e-05	0	0.765625	0
	0.436	0.00013125	1.875e-05	0.765625	0
	0.437	7.5e-05	0	0.765625	0
	0.438	0.00011875	1.875e-05	0.75	0
	0.439	0.000125	6.25e-06	0.75	0
	0.44	0.0001	2.5e-05	0.761905	0
	0.441	8.75e-05	3.75e-05	0.761905	0
	0.442	8.75e-05	6.25e-06	0.761905	0
	0.443	0.00013125	2.5e-05	0.761905	0
	0.444	8.125e-05	0	0.761905	0
	0.445	0.00013125	1.875e-05	0.761905	0
	0.446	0.0001125	1.875e-05	0.746032	0
	0.447	0.00016875	0	0.758065	0
	0.448	0.00011875	6.25e-06	0.758065	0
	0.449	8.75e-05	1.25e-05	0.758065	0
	0.45	0.00015	1.25e-05	0.741935	0
	0.451	0.00013125	0	0.741935	0
	0.452	0.00010625	1.25e-05	0.741935	0
	0.453	9.375e-05	1.25e-05	0.721311	0
	0.454	5e-05	1.875e-05	0.721311	0
	0.455	0.0001375	0	0.721311	0
	0.456	0.0001	6.25e-06	0.721311	0
	0.457	0.00013125	6.25e-06	0.688525	0
	0.458	8.75e-05	1.875e-05	0.688525	0
	0.459	8.75e-05	6.25e-06	0.688525	0
	0.46	0.000125	0	0.7	0
	0.461	0.00015625	6.25e-06	0.7	0
	0.462	0.0001375	1.25e-05	0.7	0
	0.463	0.00011875	1.25e-05	0.711864	0
	0.464	0.00013125	6.25e-06	0.711864	0
	0.465	0.00010625	6.25e-06	0.711864	0
	0.466	0.00016875	1.25e-05	0.724138	0
	0.467	0.00010625	6.25e-06	0.724138	0
	0.468	0.00019375	0	0.724138	0
	0.469	0.0001125	0	0.706897	0
	0.47	0.0001375	6.25e-06	0.719298	0
	0.471	0.00016875	0	0.719298	0
	0.472	0.00018125	6.25e-06	0.719298	0
	0.473	0.0001125	0	0.719298	0
	0.474	0.000175	6.25e-06	0.719298	0
	0.475	0.00011875	0	0.732143	0
	0.476	0.00014375	6.25e-06	0.745455	0
	0.477	0.00011875	6.25e-06	0.745455	0
	0.478	0.00010625	6.25e-06	0.727273	0
	0.479	0.0001	0	0.740741	0
	0.48	0.0001375	0	0.740741	0
	0.481	0.0001125	0	0.740741	0
	0.482	0.000125	6.25e-06	0.740741	0
	0.483	0.00014375	0	0.740741	0
	0.484	0.00016875	0	0.740741	0
	0.485	0.00011875	6.25e-06	0.722222	0
	0.486	0.000125	6.25e-06	0.716981	0
	0.487	0.00019375	0	0.716981	0
	0.488	0.0001625	1.25e-05	0.698113	0
	0.489	0.00015	6.25e-06	0.698113	0
	0.49	0.00015625	1.875e-05	0.698113	0
	0.491	0.00015625	6.25e-06	0.698113	0
	0.492	0.00015	1.25e-05	0.698113	0
	0.493	0.0001	0	0.698113	0
	0.494	0.00014375	0	0.698113	0
	0.495	0.0001375	6.25e-06	0.698113	0
	0.496	0.0001	0	0.698113	0
	0.497	0.00015	1.25e-05	0.698113	0
	0.498	0.000125	1.875e-05	0.698113	0
	0.499	0.0001375	1.25e-05	0.698113	0
	0.5	9.375e-05	6.25e-06	0.698113	0
	0.501	0.000125	6.25e-06	0.698113	0
	0.502	0.0001	0	0.679245	0
	0.503	8.125e-05	6.25e-06	0.673077	0
	0.504	0.00010625	6.25e-06	0.673077	0
	0.505	8.125e-05	6.25e-06	0.673077	0
	0.506	0.0001375	6.25e-06	0.673077	0
	0.507	0.0001375	6.25e-06	0.673077	0
	0.508	0.0001375	6.25e-06	0.686275	0
	0.509	8.75e-05	0	0.686275	0
	0.51	9.375e-05	1.25e-05	0.686275	0
	0.511	0.00011875	0	0.686275	0
	0.512	0.00010625	6.25e-06	0.686275	0
	0.513	0.00013125	6.25e-06	0.686275	0
	0.514	0.000125	6.25e-06	0.686275	0
	0.515	9.375e-05	1.25e-05	0.686275	0
	0.516	0.000125	6.25e-06	0.7	0
	0.517	9.375e-05	1.25e-05	0.7	0
	0.518	0.0001375	0	0.7	0
	0.519	8.125e-05	0	0.714286	0
	0.52	0.0001375	6.25e-06	0.714286	0
	0.521	9.375e-05	6.25e-06	0.714286	0
	0.522	0.0001125	0	0.714286	0
	0.523	8.125e-05	0	0.729167	0
	0.524	0.0001	6.25e-06	0.729167	0
	0.525	7.5e-05	6.25e-06	0.729167	0
	0.526	5e-05	6.25e-06	0.729167	0
	0.527	7.5e-05	0	0.729167	0
	0.528	0.0001	0	0.729167	0
	0.529	0.0001	1.25e-05	0.729167	0
	0.53	6.25e-05	0	0.729167	0
	0.531	3.125e-05	0	0.744681	0
	0.532	5e-05	6.25e-06	0.744681	0
	0.533	5.625e-05	1.25e-05	0.744681	0
	0.534	9.375e-05	1.25e-05	0.744681	0
	0.535	6.25e-05	0	0.744681	0
	0.536	8.125e-05	1.875e-05	0.744681	0
	0.537	4.375e-05	6.25e-06	0.76087	0
	0.538	5e-05	0	0.76087	0
	0.539	6.875e-05	0	0.777778	0
	0.54	0.0001	6.25e-06	0.795455	0
	0.541	8.125e-05	0	0.809524	0
	0.542	2.5e-05	0	0.785714	0
	0.543	8.125e-05	0	0.785714	0
	0.544	5e-05	0	0.780488	0
	0.545	5e-05	6.25e-06	0.756098	0
	0.546	6.875e-05	6.25e-06	0.775	0
	0.547	5.625e-05	0	0.775	0
	0.548	5.625e-05	6.25e-06	0.75	0
	0.549	4.375e-05	0	0.75	0
	0.55	6.875e-05	0	0.75	0
	0.551	5e-05	0	0.75	0
	0.552	4.375e-05	1.875e-05	0.75	0
	0.553	5.625e-05	0	0.75	0
	0.554	6.875e-05	0	0.75	0
	0.555	8.125e-05	6.25e-06	0.725	0
	0.556	3.125e-05	6.25e-06	0.763158	0
	0.557	6.25e-05	0	0.763158	0
	0.558	3.125e-05	0	0.763158	0
	0.559	4.375e-05	0	0.763158	0
	0.56	6.25e-05	0	0.763158	0
	0.561	2.5e-05	6.25e-06	0.763158	0
	0.562	6.875e-05	0	0.763158	0
	0.563	5e-05	6.25e-06	0.736842	0
	0.564	3.75e-05	0	0.736842	0
	0.565	0.00010625	6.25e-06	0.736842	0
	0.566	7.5e-05	0	0.756757	0
	0.567	9.375e-05	0	0.756757	0
	0.568	5e-05	6.25e-06	0.72973	0
	0.569	9.375e-05	0	0.72973	0
	0.57	5.625e-05	1.25e-05	0.72973	0
	0.571	8.125e-05	0	0.72973	0
	0.572	8.75e-05	6.25e-06	0.72973	0
	0.573	8.125e-05	1.25e-05	0.72973	0
	0.574	8.75e-05	0	0.72973	0
	0.575	7.5e-05	6.25e-06	0.72973	0
	0.576	0.00010625	0	0.72973	0
	0.577	7.5e-05	0	0.702703	0
	0.578	5.625e-05	0	0.702703	0
	0.579	0.00013125	0	0.702703	0
	0.58	0.000125	0	0.702703	0
	0.581	0.00016875	6.25e-06	0.702703	0
	0.582	0.000125	0	0.702703	0
	0.583	7.5e-05	0	0.675676	0
	0.584	0.00011875	6.25e-06	0.694444	0
	0.585	0.0001125	0	0.694444	0
	0.586	0.0001125	0	0.694444	0
	0.587	6.875e-05	0	0.694444	0
	0.588	0.0001	6.25e-06	0.694444	0
	0.589	0.00018125	0	0.694444	0
	0.59	0.00013125	0	0.694444	0
	0.591	0.00014375	0	0.694444	0
	0.592	0.00013125	0	0.694444	0
	0.593	8.75e-05	6.25e-06	0.694444	0
	0.594	8.75e-05	0	0.694444	0
	0.595	8.75e-05	0	0.714286	0
	0.596	0.00015625	0	0.714286	0
	0.597	0.0001125	6.25e-06	0.714286	0
	0.598	0.0001	0	0.685714	0
	0.599	0.0001125	0	0.685714	0
	0.6	8.75e-05	6.25e-06	0.685714	0
	0.601	0.00013125	0	0.685714	0
	0.602	0.0001	6.25e-06	0.685714	0
	0.603	0.00013125	0	0.685714	0
	0.604	0.00013125	0	0.685714	0
	0.605	8.125e-05	0	0.685714	0
	0.606	0.00015625	0	0.685714	0
	0.607	8.75e-05	0	0.685714	0
	0.608	0.00010625	0	0.685714	0
	0.609	6.25e-05	0	0.685714	0
	0.61	7.5e-05	0	0.685714	0
	0.611	2.5e-05	0	0.685714	0
	0.612	0.00014375	0	0.685714	0
	0.613	8.75e-05	0	0.685714	0
	0.614	4.375e-05	0	0.685714	0
	0.615	6.25e-05	0	0.685714	0
	0.616	6.875e-05	0	0.685714	0
	0.617	0.00010625	6.25e-06	0.685714	0
	0.618	9.375e-05	0	0.727273	0
	0.619	6.875e-05	0	0.727273	0
	0.62	7.5e-05	0	0.727273	0
	0.621	7.5e-05	6.25e-06	0.741935	0
	0.622	5.625e-05	0	0.741935	0
	0.623	8.125e-05	0	0.741935	0
	0.624	6.25e-05	0	0.741935	0
	0.625	4.375e-05	0	0.741935	0
	0.626	4.375e-05	0	0.709677	0
	0.627	2.5e-05	0	0.709677	0
	0.628	5.625e-05	1.25e-05	0.709677	0
	0.629	4.375e-05	0	0.709677	0
	0.63	4.375e-05	0	0.733333	0
	0.631	2.5e-05	0	0.733333	0
	0.632	7.5e-05	0	0.733333	0
	0.633	6.875e-05	0	0.7	0
	0.634	3.75e-05	6.25e-06	0.7	0
	0.635	6.875e-05	0	0.7	0
	0.636	4.375e-05	0	0.7	0
	0.637	4.375e-05	0	0.7	0
	0.638	4.375e-05	0	0.724138	0
	0.639	5e-05	0	0.689655	0
	0.64	2.5e-05	0	0.689655	0
	0.641	3.125e-05	0	0.689655	0
	0.642	5.625e-05	0	0.714286	0
	0.643	6.25e-05	6.25e-06	0.714286	0
	0.644	4.375e-05	0	0.714286	0
	0.645	5e-05	0	0.714286	0
	0.646	0.00010625	0	0.714286	0
	0.647	5.625e-05	0	0.714286	0
	0.648	4.375e-05	0	0.740741	0
	0.649	5.625e-05	0	0.740741	0
	0.65	6.25e-05	0	0.740741	0
	0.651	6.25e-05	6.25e-06	0.740741	0
	0.652	3.75e-05	0	0.740741	0
	0.653	6.25e-05	0	0.740741	0
	0.654	3.75e-05	0	0.740741	0
	0.655	2.5e-05	0	0.740741	0
	0.656	6.875e-05	6.25e-06	0.740741	0
	0.657	6.25e-05	0	0.703704	0
	0.658	5e-05	0	0.703704	0
	0.659	6.875e-05	0	0.703704	0
	0.66	3.75e-05	6.25e-06	0.703704	0
	0.661	8.125e-05	0	0.730769	0
	0.662	4.375e-05	0	0.730769	0
	0.663	5.625e-05	0	0.730769	0
	0.664	9.375e-05	6.25e-06	0.730769	0
	0.665	5.625e-05	0	0.730769	0
	0.666	6.25e-05	6.25e-06	0.730769	0
	0.667	6.875e-05	0	0.730769	0
	0.668	5e-05	0	0.730769	0
	0.669	5.625e-05	0	0.730769	0
	0.67	9.375e-05	0	0.730769	0
	0.671	0.0001	0	0.730769	0
	0.672	9.375e-05	6.25e-06	0.730769	0
	0.673	5.625e-05	0	0.730769	0
	0.674	4.375e-05	0	0.730769	0
	0.675	6.25e-05	0	0.730769	0
	0.676	4.375e-05	0	0.730769	0
	0.677	6.25e-05	0	0.730769	0
	0.678	6.875e-05	0	0.730769	0
	0.679	6.875e-05	0	0.730769	0
	0.68	5.625e-05	0	0.76	0
	0.681	5.625e-05	0	0.76	0
	0.682	1.875e-05	0	0.76	0
	0.683	4.375e-05	0	0.791667	0
	0.684	5e-05	0	0.791667	0
	0.685	4.375e-05	0	0.791667	0
	0.686	6.25e-05	0	0.791667	0
	0.687	3.125e-05	0	0.791667	0
	0.688	4.375e-05	0	0.791667	0
	0.689	2.5e-05	0	0.791667	0
	0.69	4.375e-05	0	0.791667	0
	0.691	5e-05	0	0.791667	0
	0.692	3.125e-05	0	0.75	0
	0.693	1.875e-05	0	0.75	0
	0.694	5.625e-05	0	0.75	0
	0.695	4.375e-05	0	0.75	0
	0.696	1.875e-05	0	0.782609	0
	0.697	5e-05	0	0.782609	0
	0.698	3.75e-05	0	0.782609	0
	0.699	1.875e-05	0	0.782609	0
	0.7	1.875e-05	6.25e-06	0.782609	0
	0.701	5e-05	0	0.782609	0
	0.702	1.875e-05	0	0.818182	0
	0.703	2.5e-05	0	0.857143	0
	0.704	2.5e-05	0	0.857143	0
	0.705	1.25e-05	0	0.857143	0
	0.706	1.875e-05	0	0.857143	0
	0.707	1.875e-05	0	0.809524	0
	0.708	1.875e-05	0	0.85	0
	0.709	1.25e-05	0	0.85	0
	0.71	1.875e-05	0	0.85	0
	0.711	3.125e-05	0	0.85	0
	0.712	1.25e-05	0	0.85	0
	0.713	2.5e-05	0	0.8	0
	0.714	5e-05	0	0.8	0
	0.715	1.875e-05	0	0.8	0
	0.716	4.375e-05	0	0.8	0
	0.717	1.875e-05	6.25e-06	0.8	0
	0.718	4.375e-05	0	0.8	0
	0.719	3.75e-05	0	0.8	0
	0.72	1.875e-05	0	0.8	0
	0.721	4.375e-05	0	0.8	0
	0.722	2.5e-05	0	0.8	0
	0.723	2.5e-05	0	0.8	0
	0.724	5e-05	0	0.8	0
	0.725	2.5e-05	0	0.75	0
	0.726	7.5e-05	0	0.75	0
	0.727	3.75e-05	0	0.789474	0
	0.728	5.625e-05	0	0.789474	0
	0.729	3.75e-05	0	0.789474	0
	0.73	6.25e-06	0	0.789474	0
	0.731	1.875e-05	0	0.789474	0
	0.732	3.75e-05	0	0.789474	0
	0.733	7.5e-05	0	0.789474	0
	0.734	5e-05	0	0.789474	0
	0.735	6.875e-05	0	0.789474	0
	0.736	8.125e-05	0	0.789474	0
	0.737	5.625e-05	0	0.789474	0
	0.738	5e-05	0	0.789474	0
	0.739	5e-05	0	0.789474	0
	0.74	6.875e-05	0	0.789474	0
	0.741	5e-05	0	0.789474	0
	0.742	7.5e-05	0	0.789474	0
	0.743	4.375e-05	0	0.789474	0
	0.744	5e-05	0	0.789474	0
	0.745	5e-05	0	0.789474	0
	0.746	8.75e-05	0	0.789474	0
	0.747	6.25e-05	0	0.789474	0
	0.748	5.625e-05	0	0.789474	0
	0.749	4.375e-05	0	0.789474	0
	0.75	3.75e-05	0	0.789474	0
	0.751	3.125e-05	0	0.789474	0
	0.752	3.75e-05	0	0.789474	0
	0.753	3.125e-05	0	0.789474	0
	0.754	4.375e-05	0	0.789474	0
	0.755	8.75e-05	0	0.789474	0
	0.756	5.625e-05	0	0.833333	0
	0.757	5.625e-05	0	0.833333	0
	0.758	1.875e-05	0	0.833333	0
	0.759	2.5e-05	0	0.833333	0
	0.76	3.125e-05	0	0.833333	0
	0.761	6.25e-06	0	0.833333	0
	0.762	4.375e-05	0	0.833333	0
	0.763	6.25e-06	0	0.777778	0
	0.764	4.375e-05	0	0.777778	0
	0.765	3.125e-05	0	0.777778	0
	0.766	3.125e-05	0	0.777778	0
	0.767	6.25e-06	0	0.777778	0
	0.768	1.875e-05	0	0.777778	0
	0.769	2.5e-05	0	0.777778	0
	0.77	2.5e-05	0	0.777778	0
	0.771	2.5e-05	0	0.777778	0
	0.772	6.25e-06	0	0.777778	0
	0.773	2.5e-05	0	0.722222	0
	0.774	1.25e-05	0	0.722222	0
	0.775	0	0	0.764706	0
	0.776	4.375e-05	0	0.764706	0
	0.777	2.5e-05	0	0.705882	0
	0.778	3.125e-05	0	0.705882	0
	0.779	3.75e-05	0	0.705882	0
	0.78	2.5e-05	0	0.75	0
	0.781	2.5e-05	0	0.75	0
	0.782	3.125e-05	0	0.75	0
	0.783	1.25e-05	0	0.75	0
	0.784	3.125e-05	0	0.75	0
	0.785	3.75e-05	0	0.75	0
	0.786	1.875e-05	0	0.75	0
	0.787	4.375e-05	0	0.8	0
	0.788	3.75e-05	0	0.8	0
	0.789	4.375e-05	0	0.8	0
	0.79	5e-05	0	0.8	0
	0.791	6.875e-05	0	0.8	0
	0.792	5e-05	0	0.8	0
	0.793	3.125e-05	0	0.8	0
	0.794	5e-05	0	0.8	0
	0.795	5.625e-05	0	0.8	0
	0.796	4.375e-05	0	0.8	0
	0.797	1.875e-05	0	0.8	0
	0.798	2.5e-05	0	0.8	0
	0.799	4.375e-05	0	0.8	0
	0.8	5e-05	0	0.8	0
	0.801	3.75e-05	0	0.8	0
	0.802	6.875e-05	0	0.8	0
	0.803	1.25e-05	0	0.8	0
	0.804	4.375e-05	0	0.8	0
	0.805	2.5e-05	0	0.733333	0
	0.806	4.375e-05	0	0.733333	0
	0.807	1.875e-05	0	0.733333	0
	0.808	6.25e-06	0	0.733333	0
	0.809	4.375e-05	0	0.733333	0
	0.81	3.125e-05	0	0.733333	0
	0.811	7.5e-05	0	0.733333	0
	0.812	5.625e-05	0	0.733333	0
	0.813	3.125e-05	0	0.733333	0
	0.814	3.75e-05	0	0.733333	0
	0.815	6.25e-05	0	0.733333	0
	0.816	5.625e-05	0	0.733333	0
	0.817	5.625e-05	0	0.733333	0
	0.818	4.375e-05	0	0.733333	0
	0.819	4.375e-05	0	0.733333	0
	0.82	4.375e-05	0	0.733333	0
	0.821	3.75e-05	0	0.733333	0
	0.822	1.875e-05	0	0.785714	0
	0.823	3.75e-05	0	0.785714	0
	0.824	1.875e-05	0	0.785714	0
	0.825	3.125e-05	0	0.785714	0
	0.826	6.875e-05	0	0.785714	0
	0.827	5.625e-05	0	0.846154	0
	0.828	3.75e-05	0	0.846154	0
	0.829	3.125e-05	0	0.846154	0
	0.83	1.25e-05	0	0.846154	0
	0.831	3.125e-05	0	0.846154	0
	0.832	5e-05	0	0.846154	0
	0.833	5e-05	0	0.846154	0
	0.834	1.25e-05	0	0.846154	0
	0.835	1.25e-05	0	0.846154	0
	0.836	3.75e-05	0	0.846154	0
	0.837	1.25e-05	0	0.846154	0
	0.838	0	0	0.846154	0
	0.839	2.5e-05	6.25e-06	0.846154	0
	0.84	3.125e-05	0	0.846154	0
	0.841	1.875e-05	0	0.846154	0
	0.842	0	0	0.846154	0
	0.843	6.25e-06	0	0.846154	0
	0.844	6.25e-06	0	0.846154	0
	0.845	1.25e-05	0	0.846154	0
	0.846	6.25e-06	0	0.846154	0
	0.847	0	0	0.846154	0
	0.848	1.25e-05	0	0.846154	0
	0.849	6.25e-06	0	0.846154	0
	0.85	6.25e-06	0	0.769231	0
	0.851	6.25e-06	0	0.692308	0
	0.852	0	0	0.692308	0
	0.853	6.25e-06	0	0.692308	0
	0.854	1.25e-05	0	0.75	0
	0.855	6.25e-06	0	0.75	0
	0.856	0	0	0.75	0
	0.857	0	0	0.75	0
	0.858	6.25e-06	0	0.75	0
	0.859	1.25e-05	0	0.75	0
	0.86	1.875e-05	0	0.75	0
	0.861	6.25e-06	0	0.75	0
	0.862	1.875e-05	0	0.666667	0
	0.863	1.25e-05	0	0.727273	0
	0.864	1.25e-05	0	0.727273	0
	0.865	1.875e-05	0	0.727273	0
	0.866	2.5e-05	0	0.727273	0
	0.867	1.875e-05	0	0.727273	0
	0.868	2.5e-05	0	0.727273	0
	0.869	1.875e-05	0	0.727273	0
	0.87	6.25e-06	0	0.727273	0
	0.871	3.125e-05	0	0.727273	0
	0.872	5.625e-05	0	0.727273	0
	0.873	3.125e-05	0	0.727273	0
	0.874	4.375e-05	0	0.636364	0
	0.875	5.625e-05	0	0.545455	0
	0.876	5.625e-05	0	0.454545	0
	0.877	6.25e-05	0	0.454545	0
	0.878	6.875e-05	0	0.454545	0
	0.879	6.875e-05	0	0.454545	0
	0.88	8.75e-05	0	0.454545	0
	0.881	7.5e-05	0	0.454545	0
	0.882	0.00011875	0	0.454545	0
	0.883	6.875e-05	0	0.454545	0
	0.884	8.125e-05	0	0.454545	0
	0.885	0.0001	0	0.454545	0
	0.886	0.00013125	0	0.454545	0
	0.887	0.00013125	0	0.454545	0
	0.888	9.375e-05	0	0.454545	0
	0.889	0.00014375	0	0.454545	0
	0.89	0.0001375	0	0.454545	0
	0.891	8.75e-05	0	0.454545	0
	0.892	0.000125	0	0.454545	0
	0.893	0.0001125	0	0.454545	0
	0.894	8.125e-05	0	0.454545	0
	0.895	0.00014375	0	0.454545	0
	0.896	0.00014375	0	0.454545	0
	0.897	8.75e-05	0	0.454545	0
	0.898	0.00010625	0	0.454545	0
	0.899	6.875e-05	0	0.454545	0
	0.9	7.5e-05	0	0.454545	0
	0.901	6.25e-05	0	0.5	0
	0.902	6.25e-05	0	0.5	0
	0.903	8.75e-05	0	0.4	0
	0.904	0.00011875	0	0.4	0
	0.905	7.5e-05	0	0.333333	0
	0.906	5e-05	0	0.333333	0
	0.907	5e-05	0	0.333333	0
	0.908	3.125e-05	0	0.333333	0
	0.909	6.875e-05	0	0.333333	0
	0.91	5e-05	0	0.333333	0
	0.911	4.375e-05	0	0.333333	0
	0.912	3.125e-05	0	0.333333	0
	0.913	5.625e-05	0	0.333333	0
	0.914	4.375e-05	0	0.333333	0
	0.915	1.25e-05	0	0.375	0
	0.916	1.875e-05	0	0.375	0
	0.917	2.5e-05	0	0.375	0
	0.918	1.875e-05	0	0.375	0
	0.919	6.25e-06	0	0.375	0
	0.92	2.5e-05	0	0.375	0
	0.921	5e-05	0	0.428571	0
	0.922	5e-05	0	0.428571	0
	0.923	1.875e-05	0	0.5	0
	0.924	6.25e-05	0	0.5	0
	0.925	6.875e-05	0	0.6	0
	0.926	5e-05	0	0.6	0
	0.927	6.25e-05	0	0.4	0
	0.928	8.125e-05	0	0.4	0
	0.929	5.625e-05	0	0.4	0
	0.93	6.875e-05	0	0.4	0
	0.931	6.25e-05	0	0.4	0
	0.932	6.25e-05	0	0.4	0
	0.933	7.5e-05	0	0.4	0
	0.934	4.375e-05	0	0.4	0
	0.935	5.625e-05	0	0.4	0
	0.936	6.875e-05	0	0.4	0
	0.937	6.25e-05	0	0.4	0
	0.938	8.125e-05	0	0.4	0
	0.939	3.75e-05	0	0.4	0
	0.94	5.625e-05	0	0.4	0
	0.941	6.875e-05	0	0.4	0
	0.942	4.375e-05	0	0.4	0
	0.943	5e-05	0	0.4	0
	0.944	8.75e-05	0	0.4	0
	0.945	5e-05	0	0.4	0
	0.946	3.125e-05	0	0.4	0
	0.947	5.625e-05	0	0.4	0
	0.948	4.375e-05	0	0.5	0
	0.949	6.25e-05	0	0.5	0
	0.95	1.875e-05	0	0.5	0
	0.951	3.125e-05	0	0.5	0
	0.952	2.5e-05	0	0.5	0
	0.953	6.25e-06	0	0.5	0
	0.954	1.25e-05	0	0.666667	0
	0.955	1.875e-05	0	0.333333	0
	0.956	6.25e-06	0	0.333333	0
	0.957	0	0	0.333333	0
	0.958	6.25e-06	0	0.333333	0
	0.959	6.25e-06	0	0.333333	0
	0.96	1.25e-05	0	0.333333	0
	0.961	6.25e-06	0	0.5	0
	0.962	1.875e-05	0	0.5	0
	0.963	2.5e-05	0	0.5	0
	0.964	1.875e-05	0	0.5	0
	0.965	6.25e-06	0	0.5	0
	0.966	1.875e-05	0	0.5	0
	0.967	3.125e-05	0	0.5	0
	0.968	1.25e-05	0	0.5	0
	0.969	4.375e-05	0	0.5	0
	0.97	5.625e-05	0	0.5	0
	0.971	4.375e-05	0	0.5	0
	0.972	3.75e-05	0	0.5	0
	0.973	5e-05	0	0.5	0
	0.974	3.75e-05	0	0.5	0
	0.975	5e-05	0	0.5	0
	0.976	3.125e-05	0	0.5	0
	0.977	5e-05	0	0.5	0
	0.978	1.25e-05	0	0.5	0
	0.979	1.875e-05	0	0.5	0
	0.98	1.25e-05	0	0.5	0
	0.981	1.875e-05	0	0.5	0
	0.982	0	0	0.5	0
	0.983	1.25e-05	0	0.5	0
	0.984	6.25e-06	0	1	0
	0.985	0	0	0	0
	0.986	1.875e-05	0	0	0
	0.987	2.5e-05	0	0	0
	0.988	5e-05	0	0	0
	0.989	5e-05	0	0	0
	0.99	8.75e-05	0	0	0
	0.991	6.875e-05	0	0	0
	0.992	5.625e-05	0	0	0
	0.993	7.5e-05	0	0	0
	0.994	7.5e-05	0	0	0
	0.995	4.375e-05	0	0	0
	0.996	5.625e-05	0	0	0
	0.997	0	0	0	0
	0.998	6.25e-06	0	0	0
	0.999	0	0	0	0
	1	6.25e-06	0	0	0


#	yrange	sparsity	# links	zeta	support at cross	fraction FP
	0	0.068125	109	0.0292484	0.216	0.110554
	0.8	0.068125	109	0.0292484	0.216	0.110554
