#	Frequencies and overlap
#	bins	MYC	shuffle	overlap_MYC	overlap_shuffle	SIGN_MYC	SIGNshuffle	SIGNoverlap_MYC	SIGNoverlap_shuffle
	0	0.0766322	0.102521	1	1	0.575868	0.61781	0.0612691	0
	0.001	0.068719	0.111839	0.692149	0.0640496	0.0346901	0.0555992	0.0612691	0
	0.002	0.0567769	0.0965909	0.641822	0.035124	0.0289463	0.0527893	0.0622222	0
	0.003	0.0421694	0.0782025	0.618644	0.0247934	0.0223554	0.0428512	0.0651163	0
	0.004	0.0329545	0.0667355	0.612069	0.0123967	0.0191529	0.0341116	0.0696517	0
	0.005	0.0296281	0.0533264	0.587583	0.0103306	0.0156198	0.0269215	0.075067	0
	0.006	0.0279545	0.0448554	0.590698	0.00826446	0.0158471	0.0209298	0.0804598	0
	0.007	0.0233678	0.039938	0.601467	0.00413223	0.0119008	0.017314	0.0853659	0
	0.008	0.0223967	0.0337603	0.615385	0	0.0114463	0.0149793	0.0888889	0
	0.009	0.0193595	0.0294008	0.620053	0	0.01	0.0119421	0.0949153	0
	0.01	0.0194835	0.0267355	0.618919	0	0.00768595	0.010124	0.0992908	0
	0.011	0.0174174	0.0230785	0.619048	0	0.00764463	0.00886364	0.104869	0
	0.012	0.0155165	0.0204959	0.632948	0	0.00743802	0.0081405	0.109375	0
	0.013	0.0130992	0.0184711	0.630178	0	0.00621901	0.00634298	0.116183	0
	0.014	0.0127479	0.0164876	0.624242	0	0.00551653	0.0053719	0.119658	0
	0.015	0.0121281	0.0148347	0.626959	0	0.00553719	0.00549587	0.123894	0
	0.016	0.0107645	0.0136157	0.633758	0	0.005	0.0043595	0.12844	0
	0.017	0.0102893	0.0114463	0.653465	0	0.00489669	0.00423554	0.130233	0
	0.018	0.00977273	0.0115702	0.662162	0	0.00433884	0.00355372	0.135266	0
	0.019	0.00801653	0.0104752	0.66323	0	0.00404959	0.00303719	0.14	0
	0.02	0.00809917	0.0092562	0.670175	0	0.00419421	0.00262397	0.145833	0
	0.021	0.00871901	0.00853306	0.669065	0	0.00376033	0.00208678	0.151351	0
	0.022	0.00780992	0.00807851	0.686567	0	0.00355372	0.00274793	0.154696	0
	0.023	0.00706612	0.00739669	0.69962	0	0.00309917	0.00198347	0.157303	0
	0.024	0.00669421	0.00607438	0.70428	0	0.00299587	0.0022314	0.157303	0
	0.025	0.00667355	0.00588843	0.713147	0	0.00297521	0.00198347	0.16	0
	0.026	0.00545455	0.00578512	0.71371	0	0.00297521	0.00198347	0.16568	0
	0.027	0.00497934	0.00547521	0.711934	0	0.00247934	0.00159091	0.169697	0
	0.028	0.00582645	0.00518595	0.698347	0	0.00231405	0.00163223	0.173913	0
	0.029	0.00506198	0.00497934	0.694561	0	0.00264463	0.00128099	0.177215	0
	0.03	0.0046281	0.00411157	0.697872	0	0.00221074	0.00161157	0.181818	0
	0.031	0.00423554	0.00402893	0.705628	0	0.00219008	0.00136364	0.186667	0
	0.032	0.00452479	0.00431818	0.701299	0	0.0025	0.000847107	0.190476	0
	0.033	0.00469008	0.00316116	0.713656	0	0.00231405	0.000702479	0.194444	0
	0.034	0.00466942	0.00347107	0.706667	0	0.00216942	0.0010124	0.194444	0
	0.035	0.00419421	0.00334711	0.728111	0	0.00239669	0.000929752	0.195804	0
	0.036	0.00456612	0.00291322	0.722222	0	0.00247934	0.000805785	0.198582	0
	0.037	0.00460744	0.00328512	0.741627	0	0.00225207	0.000847107	0.208955	0
	0.038	0.00431818	0.00254132	0.742718	0	0.00241736	0.000826446	0.21374	0
	0.039	0.00431818	0.00280992	0.742574	0	0.0021281	0.000557851	0.21875	0
	0.04	0.00367769	0.0025	0.746269	0	0.00225207	0.000702479	0.220472	0
	0.041	0.00363636	0.00237603	0.741294	0	0.00227273	0.000661157	0.224	0
	0.042	0.00340909	0.00233471	0.74	0	0.00235537	0.000743802	0.231405	0
	0.043	0.0038843	0.00221074	0.735	0	0.00237603	0.000475207	0.235294	0
	0.044	0.00322314	0.00198347	0.741117	0	0.00227273	0.000640496	0.239316	0
	0.045	0.00309917	0.00200413	0.734694	0	0.00233471	0.00053719	0.245614	0
	0.046	0.00320248	0.00179752	0.737113	0	0.00157025	0.00035124	0.241071	0
	0.047	0.00283058	0.00198347	0.747368	0	0.00231405	0.000640496	0.241071	0
	0.048	0.00305785	0.00181818	0.730159	0	0.00206612	0.000268595	0.247706	0
	0.049	0.00268595	0.00152893	0.725806	0	0.00190083	0.000578512	0.252336	0
	0.05	0.00295455	0.00202479	0.715054	0	0.0018595	0.000619835	0.257143	0
	0.051	0.00270661	0.00144628	0.693548	0	0.00179752	0.00035124	0.264706	0
	0.052	0.00256198	0.00128099	0.693989	0	0.0018595	0.00053719	0.27	0
	0.053	0.00264463	0.00140496	0.690608	0	0.00171488	0.000413223	0.28125	0
	0.054	0.00243802	0.00154959	0.692737	0	0.00150826	0.000330579	0.293478	0
	0.055	0.00260331	0.00119835	0.691011	0	0.00134298	0.00035124	0.3	0
	0.056	0.00305785	0.00109504	0.683616	0	0.00132231	0.000268595	0.3	0
	0.057	0.0025	0.00140496	0.687861	0	0.00132231	0.000123967	0.3	0
	0.058	0.00260331	0.00126033	0.676301	0	0.0013843	0.000268595	0.310345	0
	0.059	0.00283058	0.00154959	0.674419	0	0.00119835	0.000247934	0.310345	0
	0.06	0.00268595	0.000867769	0.672515	0	0.00130165	0.000247934	0.313953	0
	0.061	0.00295455	0.0010124	0.670588	0	0.00142562	0.000123967	0.325301	0
	0.062	0.00322314	0.00088843	0.658824	0	0.00119835	0.000206612	0.325301	0
	0.063	0.00330579	0.0011157	0.658537	0	0.00109504	0.000206612	0.333333	0
	0.064	0.00247934	0.000826446	0.652439	0	0.00103306	8.26446e-05	0.325	0
	0.065	0.00340909	0.000764463	0.644172	0	0.00113636	0.000144628	0.325	0
	0.066	0.00332645	0.000847107	0.652174	0	0.00103306	0.000144628	0.329114	0
	0.067	0.00334711	0.00088843	0.658228	0	0.000991736	0.00018595	0.320513	0
	0.068	0.0035124	0.000909091	0.651899	0	0.000991736	0.000227273	0.324675	0
	0.069	0.00345041	0.000826446	0.64557	0	0.000929752	0.000206612	0.328947	0
	0.07	0.00338843	0.000743802	0.632911	0	0.00103306	8.26446e-05	0.333333	0
	0.071	0.00254132	0.000929752	0.636943	0	0.000909091	0.000103306	0.338028	0
	0.072	0.00280992	0.00053719	0.642857	0	0.00113636	0.00018595	0.342857	0
	0.073	0.00297521	0.000743802	0.642857	0	0.000640496	0.000103306	0.352941	0
	0.074	0.00303719	0.00072314	0.636364	0	0.00130165	0.000144628	0.358209	0
	0.075	0.00309917	0.000661157	0.631579	0	0.000909091	0.00018595	0.375	0
	0.076	0.00258264	0.00053719	0.625	0	0.000826446	0.000123967	0.365079	0
	0.077	0.00274793	0.000578512	0.626667	0	0.000764463	0.000144628	0.370968	0
	0.078	0.00289256	0.000578512	0.630872	0	0.000640496	0.000144628	0.370968	0
	0.079	0.00264463	0.000475207	0.621622	0	0.000764463	2.06612e-05	0.370968	0
	0.08	0.00245868	0.00053719	0.647887	0	0.000950413	4.13223e-05	0.370968	0
	0.081	0.00254132	0.000743802	0.64539	0	0.000702479	4.13223e-05	0.370968	0
	0.082	0.0028719	0.000371901	0.64539	0	0.000785124	0.000123967	0.377049	0
	0.083	0.00256198	0.000475207	0.642857	0	0.00103306	4.13223e-05	0.396552	0
	0.084	0.00264463	0.000599174	0.642857	0	0.000599174	0.000123967	0.385965	0
	0.085	0.0022314	0.000619835	0.640288	0	0.000867769	0.000103306	0.385965	0
	0.086	0.00221074	0.000557851	0.649635	0	0.000909091	8.26446e-05	0.375	0
	0.087	0.0022314	0.000516529	0.647059	0	0.000743802	2.06612e-05	0.381818	0
	0.088	0.00225207	0.000289256	0.647059	0	0.00053719	6.19835e-05	0.388889	0
	0.089	0.00202479	0.000495868	0.651852	0	0.00088843	6.19835e-05	0.388889	0
	0.09	0.00188017	0.000516529	0.656716	0	0.000847107	8.26446e-05	0.388889	0
	0.091	0.00237603	0.000392562	0.661654	0	0.000826446	6.19835e-05	0.396226	0
	0.092	0.0022314	0.000227273	0.674419	0	0.000826446	0.000123967	0.396226	0
	0.093	0.00173554	0.000454545	0.661417	0	0.000599174	4.13223e-05	0.411765	0
	0.094	0.00183884	0.000433884	0.661417	0	0.000764463	6.19835e-05	0.411765	0
	0.095	0.00157025	0.000371901	0.666667	0	0.000950413	0.000144628	0.411765	0
	0.096	0.00204545	0.000309917	0.666667	0	0.000743802	6.19835e-05	0.411765	0
	0.097	0.00173554	0.000392562	0.656	0	0.000764463	0	0.411765	0
	0.098	0.00171488	0.000392562	0.648	0	0.000743802	2.06612e-05	0.42	0
	0.099	0.00192149	0.000268595	0.645161	0	0.000785124	2.06612e-05	0.42	0
	0.1	0.00130165	0.000330579	0.634146	0	0.000495868	2.06612e-05	0.428571	0
	0.101	0.00140496	0.000309917	0.631148	0	0.000785124	2.06612e-05	0.4375	0
	0.102	0.00123967	0.000227273	0.652542	0	0.000702479	4.13223e-05	0.4375	0
	0.103	0.00130165	0.000268595	0.663793	0	0.000640496	8.26446e-05	0.4375	0
	0.104	0.00105372	0.000247934	0.681416	0	0.000578512	0.000103306	0.4375	0
	0.105	0.00126033	0.000227273	0.693694	0	0.000578512	0	0.4375	0
	0.106	0.00119835	0.000227273	0.7	0	0.000557851	6.19835e-05	0.4375	0
	0.107	0.00103306	0.000247934	0.7	0	0.000867769	4.13223e-05	0.446809	0
	0.108	0.00130165	0.000247934	0.7	0	0.000578512	6.19835e-05	0.446809	0
	0.109	0.00117769	0.000144628	0.706422	0	0.00053719	0	0.446809	0
	0.11	0.00132231	0.000247934	0.712963	0	0.000516529	4.13223e-05	0.456522	0
	0.111	0.00113636	0.00018595	0.71028	0	0.000557851	8.26446e-05	0.466667	0
	0.112	0.00105372	0.000144628	0.698113	0	0.000413223	2.06612e-05	0.477273	0
	0.113	0.00121901	8.26446e-05	0.698113	0	0.000454545	6.19835e-05	0.431818	0
	0.114	0.00103306	0.000268595	0.688679	0	0.000475207	4.13223e-05	0.44186	0
	0.115	0.00119835	0.00018595	0.679245	0	0.000433884	0	0.44186	0
	0.116	0.00103306	0.000392562	0.685714	0	0.000433884	0	0.44186	0
	0.117	0.00119835	0.000206612	0.666667	0	0.000371901	2.06612e-05	0.418605	0
	0.118	0.000991736	0.000227273	0.7	0	0.000309917	0	0.418605	0
	0.119	0.000929752	0.000227273	0.714286	0	0.000433884	0	0.404762	0
	0.12	0.000991736	0.000247934	0.714286	0	0.000289256	2.06612e-05	0.404762	0
	0.121	0.0011157	0.000268595	0.714286	0	0.000413223	0	0.404762	0
	0.122	0.0011157	0.000165289	0.704082	0	0.000599174	0	0.414634	0
	0.123	0.000971074	0.000123967	0.71134	0	0.000392562	0	0.435897	0
	0.124	0.00113636	0.000206612	0.71134	0	0.000371901	6.19835e-05	0.459459	0
	0.125	0.000971074	0.00018595	0.71134	0	0.000516529	4.13223e-05	0.485714	0
	0.126	0.00105372	0.00018595	0.71134	0	0.000454545	4.13223e-05	0.485714	0
	0.127	0.000909091	0.000165289	0.701031	0	0.000578512	0	0.457143	0
	0.128	0.00107438	0.000103306	0.694737	0	0.000413223	4.13223e-05	0.457143	0
	0.129	0.00088843	0.000144628	0.698925	0	0.000454545	0	0.457143	0
	0.13	0.00105372	0.000123967	0.698925	0	0.000702479	2.06612e-05	0.457143	0
	0.131	0.000785124	0.000206612	0.695652	0	0.000619835	2.06612e-05	0.457143	0
	0.132	0.00103306	0.000165289	0.684783	0	0.000578512	2.06612e-05	0.470588	0
	0.133	0.000867769	0.000165289	0.684783	0	0.00053719	8.26446e-05	0.470588	0
	0.134	0.000929752	0.000165289	0.684783	0	0.000475207	4.13223e-05	0.484848	0
	0.135	0.000991736	6.19835e-05	0.684783	0	0.000413223	0	0.484848	0
	0.136	0.000950413	0.000123967	0.692308	0	0.00053719	2.06612e-05	0.484848	0
	0.137	0.00103306	0.00018595	0.7	0	0.000516529	2.06612e-05	0.484848	0
	0.138	0.00103306	0.000144628	0.7	0	0.000454545	2.06612e-05	0.5	0
	0.139	0.000847107	0.000247934	0.704545	0	0.000702479	0	0.516129	0
	0.14	0.00123967	8.26446e-05	0.704545	0	0.00053719	0	0.483871	0
	0.141	0.000991736	0.000144628	0.704545	0	0.000661157	4.13223e-05	0.483871	0
	0.142	0.0010124	0.000144628	0.704545	0	0.000495868	2.06612e-05	0.483871	0
	0.143	0.00117769	4.13223e-05	0.709302	0	0.000516529	2.06612e-05	0.483871	0
	0.144	0.00109504	0.000123967	0.709302	0	0.000516529	2.06612e-05	0.451613	0
	0.145	0.000971074	0.000103306	0.72619	0	0.000619835	2.06612e-05	0.451613	0
	0.146	0.000971074	0.00018595	0.72619	0	0.000454545	0	0.451613	0
	0.147	0.00107438	2.06612e-05	0.72619	0	0.000785124	0	0.419355	0
	0.148	0.000805785	4.13223e-05	0.72619	0	0.000433884	2.06612e-05	0.419355	0
	0.149	0.00088843	0.000123967	0.714286	0	0.000557851	2.06612e-05	0.419355	0
	0.15	0.00088843	0.000103306	0.714286	0	0.000475207	0	0.419355	0
	0.151	0.00121901	2.06612e-05	0.702381	0	0.000619835	4.13223e-05	0.419355	0
	0.152	0.000929752	6.19835e-05	0.702381	0	0.000371901	2.06612e-05	0.419355	0
	0.153	0.000867769	6.19835e-05	0.702381	0	0.000413223	2.06612e-05	0.419355	0
	0.154	0.0010124	0.000123967	0.702381	0	0.000309917	2.06612e-05	0.419355	0
	0.155	0.000847107	6.19835e-05	0.710843	0	0.000516529	2.06612e-05	0.387097	0
	0.156	0.000991736	0.000103306	0.710843	0	0.000330579	2.06612e-05	0.387097	0
	0.157	0.000681818	8.26446e-05	0.707317	0	0.000433884	2.06612e-05	0.4	0
	0.158	0.00072314	6.19835e-05	0.707317	0	0.000330579	4.13223e-05	0.366667	0
	0.159	0.000909091	0.000123967	0.703704	0	0.000454545	2.06612e-05	0.333333	0
	0.16	0.000475207	0.000123967	0.7	0	0.000413223	2.06612e-05	0.357143	0
	0.161	0.000516529	6.19835e-05	0.7	0	0.000392562	2.06612e-05	0.285714	0
	0.162	0.00072314	0.000103306	0.717949	0	0.00035124	0	0.285714	0
	0.163	0.000661157	4.13223e-05	0.705128	0	0.00053719	2.06612e-05	0.285714	0
	0.164	0.000599174	6.19835e-05	0.692308	0	0.000433884	0	0.296296	0
	0.165	0.000413223	8.26446e-05	0.692308	0	0.000495868	0	0.296296	0
	0.166	0.000847107	0.000103306	0.701299	0	0.000599174	2.06612e-05	0.307692	0
	0.167	0.000557851	6.19835e-05	0.701299	0	0.000475207	0	0.32	0
	0.168	0.000392562	0.000103306	0.701299	0	0.000578512	0	0.32	0
	0.169	0.000619835	2.06612e-05	0.701299	0	0.000413223	2.06612e-05	0.32	0
	0.17	0.000413223	8.26446e-05	0.701299	0	0.00053719	0	0.333333	0
	0.171	0.000495868	2.06612e-05	0.72	0	0.000475207	2.06612e-05	0.333333	0
	0.172	0.000475207	6.19835e-05	0.72973	0	0.00053719	2.06612e-05	0.333333	0
	0.173	0.000433884	6.19835e-05	0.72973	0	0.000454545	2.06612e-05	0.333333	0
	0.174	0.00035124	0.000103306	0.739726	0	0.000475207	0	0.333333	0
	0.175	0.000599174	0.000103306	0.75	0	0.000557851	0	0.333333	0
	0.176	0.000330579	4.13223e-05	0.736111	0	0.000578512	0	0.333333	0
	0.177	0.000330579	4.13223e-05	0.736111	0	0.000599174	2.06612e-05	0.333333	0
	0.178	0.000495868	8.26446e-05	0.736111	0	0.000475207	0	0.347826	0
	0.179	0.000309917	8.26446e-05	0.757143	0	0.000578512	0	0.363636	0
	0.18	0.000495868	0	0.768116	0	0.000557851	2.06612e-05	0.363636	0
	0.181	0.000392562	6.19835e-05	0.764706	0	0.000433884	0	0.363636	0
	0.182	0.000599174	6.19835e-05	0.764706	0	0.000413223	0	0.363636	0
	0.183	0.000454545	4.13223e-05	0.776119	0	0.00053719	0	0.363636	0
	0.184	0.000516529	4.13223e-05	0.776119	0	0.000578512	0	0.363636	0
	0.185	0.000516529	2.06612e-05	0.787879	0	0.000516529	0	0.363636	0
	0.186	0.000433884	4.13223e-05	0.8	0	0.000495868	0	0.363636	0
	0.187	0.000475207	8.26446e-05	0.8	0	0.000578512	0	0.380952	0
	0.188	0.000640496	2.06612e-05	0.8	0	0.000495868	0	0.380952	0
	0.189	0.000557851	4.13223e-05	0.8	0	0.000475207	0	0.4	0
	0.19	0.000413223	0.000103306	0.8	0	0.000433884	2.06612e-05	0.4	0
	0.191	0.000371901	2.06612e-05	0.8	0	0.000268595	0	0.4	0
	0.192	0.000475207	6.19835e-05	0.8	0	0.000557851	0	0.4	0
	0.193	0.000330579	0	0.8125	0	0.00035124	0	0.4	0
	0.194	0.000495868	8.26446e-05	0.796875	0	0.000289256	0	0.4	0
	0.195	0.000475207	4.13223e-05	0.809524	0	0.000371901	0	0.421053	0
	0.196	0.000495868	4.13223e-05	0.809524	0	0.000309917	0	0.368421	0
	0.197	0.000309917	0	0.793651	0	0.000268595	0	0.368421	0
	0.198	0.00035124	4.13223e-05	0.806452	0	0.000330579	0	0.368421	0
	0.199	0.000433884	6.19835e-05	0.790323	0	0.00018595	2.06612e-05	0.368421	0
	0.2	0.000433884	6.19835e-05	0.790323	0	0.00018595	4.13223e-05	0.368421	0
	0.201	0.000516529	2.06612e-05	0.774194	0	0.000289256	0	0.368421	0
	0.202	0.000433884	4.13223e-05	0.786885	0	0.000268595	2.06612e-05	0.368421	0
	0.203	0.000309917	2.06612e-05	0.770492	0	0.000227273	0	0.388889	0
	0.204	0.000413223	6.19835e-05	0.770492	0	0.000144628	0	0.411765	0
	0.205	0.000516529	8.26446e-05	0.754098	0	0.00018595	0	0.4375	0
	0.206	0.000495868	0	0.754098	0	6.19835e-05	0	0.4375	0
	0.207	0.000433884	2.06612e-05	0.754098	0	0.000103306	0	0.4375	0
	0.208	0.000330579	6.19835e-05	0.754098	0	0.000247934	2.06612e-05	0.466667	0
	0.209	0.000557851	6.19835e-05	0.754098	0	0.000144628	0	0.4	0
	0.21	0.000330579	0	0.737705	0	4.13223e-05	0	0.4	0
	0.211	0.000371901	4.13223e-05	0.737705	0	4.13223e-05	0	0.4	0
	0.212	0.000330579	2.06612e-05	0.737705	0	0.000165289	0	0.428571	0
	0.213	0.00035124	0	0.75	0	0.000165289	0	0.461538	0
	0.214	0.000309917	6.19835e-05	0.75	0	0.000144628	0	0.461538	0
	0.215	0.000516529	4.13223e-05	0.75	0	0.00018595	2.06612e-05	0.461538	0
	0.216	0.000433884	8.26446e-05	0.762712	0	0.000165289	0	0.461538	0
	0.217	0.000371901	4.13223e-05	0.762712	0	8.26446e-05	0	0.461538	0
	0.218	0.000371901	4.13223e-05	0.762712	0	0.000123967	0	0.461538	0
	0.219	0.000371901	4.13223e-05	0.762712	0	0.00018595	2.06612e-05	0.5	0
	0.22	0.000330579	2.06612e-05	0.762712	0	4.13223e-05	0	0.545455	0
	0.221	0.000309917	2.06612e-05	0.775862	0	8.26446e-05	0	0.545455	0
	0.222	0.000495868	0	0.789474	0	8.26446e-05	0	0.545455	0
	0.223	0.000475207	4.13223e-05	0.77193	0	0.000165289	0	0.545455	0
	0.224	0.000330579	2.06612e-05	0.77193	0	6.19835e-05	0	0.545455	0
	0.225	0.000475207	0	0.767857	0	0.000144628	0	0.545455	0
	0.226	0.000392562	0	0.75	0	6.19835e-05	2.06612e-05	0.6	0
	0.227	0.000495868	0	0.763636	0	0.000268595	0	0.6	0
	0.228	0.00053719	6.19835e-05	0.727273	0	0.00018595	2.06612e-05	0.6	0
	0.229	0.000433884	4.13223e-05	0.727273	0	0.000289256	0	0.6	0
	0.23	0.000413223	2.06612e-05	0.727273	0	6.19835e-05	0	0.6	0
	0.231	0.000516529	0	0.740741	0	8.26446e-05	0	0.6	0
	0.232	0.00053719	4.13223e-05	0.740741	0	0.00018595	0	0.6	0
	0.233	0.000392562	4.13223e-05	0.740741	0	0.00018595	4.13223e-05	0.6	0
	0.234	0.000392562	2.06612e-05	0.722222	0	0.000144628	0	0.6	0
	0.235	0.000516529	2.06612e-05	0.722222	0	8.26446e-05	0	0.6	0
	0.236	0.00053719	2.06612e-05	0.722222	0	0.000227273	0	0.6	0
	0.237	0.000475207	2.06612e-05	0.722222	0	4.13223e-05	0	0.666667	0
	0.238	0.000557851	0	0.722222	0	8.26446e-05	0	0.666667	0
	0.239	0.000433884	2.06612e-05	0.703704	0	0.00018595	0	0.666667	0
	0.24	0.000475207	2.06612e-05	0.703704	0	0.000123967	0	0.666667	0
	0.241	0.000516529	2.06612e-05	0.703704	0	0.000144628	0	0.666667	0
	0.242	0.000413223	2.06612e-05	0.685185	0	4.13223e-05	0	0.75	0
	0.243	0.000578512	2.06612e-05	0.685185	0	2.06612e-05	0	0.75	0
	0.244	0.000516529	4.13223e-05	0.666667	0	0.000103306	0	0.75	0
	0.245	0.000433884	2.06612e-05	0.666667	0	8.26446e-05	0	0.75	0
	0.246	0.00053719	0	0.666667	0	2.06612e-05	0	0.75	0
	0.247	0.000557851	4.13223e-05	0.666667	0	0.000103306	0	0.75	0
	0.248	0.000557851	4.13223e-05	0.666667	0	8.26446e-05	0	0.75	0
	0.249	0.000516529	8.26446e-05	0.666667	0	0.000103306	0	0.625	0
	0.25	0.000619835	2.06612e-05	0.666667	0	0.000103306	0	0.625	0
	0.251	0.000640496	2.06612e-05	0.666667	0	8.26446e-05	0	0.625	0
	0.252	0.00072314	6.19835e-05	0.660377	0	8.26446e-05	0	0.625	0
	0.253	0.000371901	0	0.660377	0	4.13223e-05	0	0.625	0
	0.254	0.000619835	2.06612e-05	0.660377	0	4.13223e-05	0	0.625	0
	0.255	0.000454545	0	0.660377	0	0.000103306	0	0.625	0
	0.256	0.000578512	0	0.660377	0	8.26446e-05	0	0.625	0
	0.257	0.000516529	0	0.673077	0	6.19835e-05	0	0.625	0
	0.258	0.000681818	4.13223e-05	0.673077	0	8.26446e-05	0	0.625	0
	0.259	0.000495868	2.06612e-05	0.686275	0	6.19835e-05	0	0.625	0
	0.26	0.000599174	0	0.666667	0	4.13223e-05	0	0.625	0
	0.261	0.000516529	4.13223e-05	0.666667	0	4.13223e-05	0	0.625	0
	0.262	0.000454545	0	0.647059	0	2.06612e-05	0	0.625	0
	0.263	0.000619835	6.19835e-05	0.647059	0	2.06612e-05	0	0.625	0
	0.264	0.000599174	0	0.647059	0	2.06612e-05	0	0.625	0
	0.265	0.000413223	4.13223e-05	0.647059	0	8.26446e-05	0	0.625	0
	0.266	0.000475207	2.06612e-05	0.647059	0	0.000123967	0	0.625	0
	0.267	0.000578512	2.06612e-05	0.627451	0	6.19835e-05	0	0.625	0
	0.268	0.000557851	4.13223e-05	0.627451	0	4.13223e-05	0	0.714286	0
	0.269	0.000640496	2.06612e-05	0.64	0	2.06612e-05	0	0.714286	0
	0.27	0.000475207	4.13223e-05	0.64	0	4.13223e-05	0	0.714286	0
	0.271	0.000495868	4.13223e-05	0.666667	0	4.13223e-05	0	0.714286	0
	0.272	0.000599174	2.06612e-05	0.666667	0	6.19835e-05	0	0.714286	0
	0.273	0.000413223	0	0.666667	0	8.26446e-05	0	0.714286	0
	0.274	0.00035124	0	0.666667	0	6.19835e-05	0	0.833333	0
	0.275	0.000661157	4.13223e-05	0.680851	0	0.000123967	0	0.833333	0
	0.276	0.000413223	4.13223e-05	0.680851	0	4.13223e-05	0	0.833333	0
	0.277	0.000309917	2.06612e-05	0.652174	0	2.06612e-05	0	0.833333	0
	0.278	0.000330579	0	0.652174	0	6.19835e-05	0	0.833333	0
	0.279	0.000516529	4.13223e-05	0.652174	0	6.19835e-05	0	0.833333	0
	0.28	0.000433884	0	0.652174	0	8.26446e-05	0	0.833333	0
	0.281	0.000557851	2.06612e-05	0.666667	0	8.26446e-05	0	0.833333	0
	0.282	0.000371901	0	0.644444	0	6.19835e-05	0	0.833333	0
	0.283	0.000247934	2.06612e-05	0.644444	0	0.000103306	0	0.833333	0
	0.284	0.000433884	2.06612e-05	0.644444	0	0.000123967	2.06612e-05	0.833333	0
	0.285	0.000371901	6.19835e-05	0.644444	0	6.19835e-05	0	0.833333	0
	0.286	0.000289256	0	0.622222	0	4.13223e-05	0	0.833333	0
	0.287	0.000247934	0	0.622222	0	8.26446e-05	0	0.833333	0
	0.288	0.000330579	0	0.622222	0	8.26446e-05	2.06612e-05	0.833333	0
	0.289	0.000413223	4.13223e-05	0.622222	0	0	0	0.833333	0
	0.29	0.000330579	0	0.6	0	2.06612e-05	0	0.833333	0
	0.291	0.000454545	2.06612e-05	0.613636	0	4.13223e-05	2.06612e-05	0.666667	0
	0.292	0.000330579	4.13223e-05	0.545455	0	8.26446e-05	0	0.666667	0
	0.293	0.000309917	6.19835e-05	0.545455	0	8.26446e-05	0	0.666667	0
	0.294	0.000371901	0	0.545455	0	2.06612e-05	0	0.666667	0
	0.295	0.000599174	0	0.511628	0	2.06612e-05	0	0.666667	0
	0.296	0.00035124	2.06612e-05	0.511628	0	2.06612e-05	0	0.666667	0
	0.297	0.000557851	0	0.52381	0	6.19835e-05	0	0.666667	0
	0.298	0.00035124	0	0.52381	0	4.13223e-05	2.06612e-05	0.666667	0
	0.299	0.000392562	0	0.5	0	0	0	0.666667	0
	0.3	0.000495868	0	0.512195	0	4.13223e-05	0	0.666667	0
	0.301	0.000123967	0	0.5	0	4.13223e-05	0	0.666667	0
	0.302	0.000495868	0	0.5	0	2.06612e-05	0	0.666667	0
	0.303	0.000454545	0	0.5	0	0	0	0.666667	0
	0.304	0.000371901	0	0.5	0	2.06612e-05	0	0.666667	0
	0.305	0.000392562	0	0.5	0	6.19835e-05	0	0.666667	0
	0.306	0.000433884	2.06612e-05	0.5	0	2.06612e-05	0	0.5	0
	0.307	0.000413223	0	0.5	0	2.06612e-05	0	0.5	0
	0.308	0.000661157	0	0.5	0	2.06612e-05	0	0.5	0
	0.309	0.000743802	0	0.512821	0	4.13223e-05	0	0.5	0
	0.31	0.000578512	0	0.512821	0	2.06612e-05	0	0.5	0
	0.311	0.000681818	0	0.512821	0	4.13223e-05	0	0.5	0
	0.312	0.00053719	0	0.512821	0	8.26446e-05	0	0.5	0
	0.313	0.000413223	2.06612e-05	0.512821	0	0.000103306	0	0.6	0
	0.314	0.000433884	2.06612e-05	0.487179	0	4.13223e-05	0	0.6	0
	0.315	0.000640496	0	0.487179	0	6.19835e-05	0	0.6	0
	0.316	0.000557851	0	0.487179	0	8.26446e-05	0	0.6	0
	0.317	0.000681818	0	0.5	0	6.19835e-05	0	0.6	0
	0.318	0.000702479	0	0.5	0	0.000123967	0	0.6	0
	0.319	0.000392562	4.13223e-05	0.513514	0	6.19835e-05	0	0.6	0
	0.32	0.000681818	0	0.513514	0	8.26446e-05	0	0.6	0
	0.321	0.000578512	0	0.527778	0	6.19835e-05	0	0.6	0
	0.322	0.000743802	2.06612e-05	0.5	0	6.19835e-05	0	0.6	0
	0.323	0.00072314	0	0.5	0	6.19835e-05	0	0.6	0
	0.324	0.000454545	0	0.5	0	2.06612e-05	0	0.6	0
	0.325	0.000640496	0	0.5	0	6.19835e-05	0	0.6	0
	0.326	0.000826446	0	0.5	0	0.000103306	0	0.6	0
	0.327	0.000681818	0	0.5	0	6.19835e-05	0	0.6	0
	0.328	0.000681818	0	0.514286	0	0.000103306	0	0.6	0
	0.329	0.000743802	2.06612e-05	0.485714	0	0.000103306	0	0.6	0
	0.33	0.000516529	0	0.485714	0	2.06612e-05	0	0.6	0
	0.331	0.000681818	0	0.457143	0	8.26446e-05	0	0.6	0
	0.332	0.000475207	0	0.457143	0	0.000165289	0	0.6	0
	0.333	0.000516529	4.13223e-05	0.457143	0	6.19835e-05	0	0.6	0
	0.334	0.000516529	0	0.428571	0	0.000227273	0	0.6	0
	0.335	0.000661157	2.06612e-05	0.428571	0	0.000144628	2.06612e-05	0.6	0
	0.336	0.000661157	0	0.428571	0	0.000123967	0	0.6	0
	0.337	0.000640496	2.06612e-05	0.428571	0	0.000123967	0	0.6	0
	0.338	0.00053719	2.06612e-05	0.441176	0	8.26446e-05	0	0.6	0
	0.339	0.000640496	2.06612e-05	0.441176	0	8.26446e-05	0	0.6	0
	0.34	0.000640496	0	0.441176	0	0.000103306	0	0.6	0
	0.341	0.000309917	0	0.454545	0	6.19835e-05	0	0.6	0
	0.342	0.000557851	0	0.454545	0	0.000103306	0	0.6	0
	0.343	0.00053719	2.06612e-05	0.454545	0	4.13223e-05	0	0.6	0
	0.344	0.000454545	0	0.454545	0	4.13223e-05	0	0.6	0
	0.345	0.000413223	0	0.46875	0	0.000103306	0	0.6	0
	0.346	0.000640496	0	0.46875	0	8.26446e-05	0	0.6	0
	0.347	0.000475207	0	0.46875	0	6.19835e-05	0	0.6	0
	0.348	0.000516529	2.06612e-05	0.46875	0	4.13223e-05	0	0.6	0
	0.349	0.000557851	0	0.483871	0	6.19835e-05	0	0.6	0
	0.35	0.000413223	0	0.483871	0	6.19835e-05	0	0.6	0
	0.351	0.000309917	0	0.451613	0	8.26446e-05	0	0.6	0
	0.352	0.000371901	0	0.419355	0	2.06612e-05	0	0.6	0
	0.353	0.000640496	2.06612e-05	0.419355	0	4.13223e-05	0	0.6	0
	0.354	0.000557851	2.06612e-05	0.433333	0	4.13223e-05	0	0.75	0
	0.355	0.000330579	2.06612e-05	0.448276	0	4.13223e-05	0	0.75	0
	0.356	0.000289256	0	0.464286	0	2.06612e-05	0	0.75	0
	0.357	0.000206612	0	0.464286	0	6.19835e-05	0	0.75	0
	0.358	0.000392562	0	0.464286	0	2.06612e-05	0	0.75	0
	0.359	0.000454545	0	0.464286	0	0	0	0.75	0
	0.36	0.000371901	0	0.464286	0	2.06612e-05	0	0.75	0
	0.361	0.000268595	2.06612e-05	0.481481	0	6.19835e-05	0	0.75	0
	0.362	0.000371901	2.06612e-05	0.481481	0	6.19835e-05	0	0.75	0
	0.363	0.000413223	0	0.481481	0	0	0	0.75	0
	0.364	0.000330579	0	0.481481	0	0	2.06612e-05	0.75	0
	0.365	0.000433884	0	0.5	0	0	0	0.75	0
	0.366	0.000268595	0	0.5	0	0	0	0.75	0
	0.367	0.000206612	2.06612e-05	0.461538	0	0	0	0.75	0
	0.368	0.000392562	0	0.461538	0	0	0	0.75	0
	0.369	0.000433884	0	0.461538	0	0	0	0.75	0
	0.37	0.000289256	0	0.48	0	0	0	0.75	0
	0.371	0.000371901	0	0.48	0	0	0	0.75	0
	0.372	0.000330579	0	0.521739	0	0	0	0.75	0
	0.373	0.000392562	0	0.521739	0	0	0	0.75	0
	0.374	0.000289256	0	0.521739	0	0	0	0.75	0
	0.375	0.000309917	0	0.521739	0	0	0	0.75	0
	0.376	0.000247934	0	0.521739	0	0	0	0.75	0
	0.377	0.000309917	0	0.545455	0	0	0	0.75	0
	0.378	0.000227273	2.06612e-05	0.545455	0	0	0	0.75	0
	0.379	0.000206612	0	0.545455	0	0	0	0.75	0
	0.38	0.000165289	2.06612e-05	0.545455	0	0	0	0.75	0
	0.381	0.000289256	0	0.545455	0	0	0	0.75	0
	0.382	0.000227273	4.13223e-05	0.571429	0	0	0	0.75	0
	0.383	0.000227273	2.06612e-05	0.571429	0	0	0	0.75	0
	0.384	0.00018595	2.06612e-05	0.6	0	0	0	0.75	0
	0.385	0.000165289	2.06612e-05	0.631579	0	0	0	0.75	0
	0.386	0.000309917	0	0.631579	0	0	0	0.75	0
	0.387	0.000289256	0	0.631579	0	0	0	0.75	0
	0.388	0.000309917	0	0.631579	0	0	0	0.75	0
	0.389	0.000144628	0	0.631579	0	0	0	0.75	0
	0.39	0.00018595	0	0.631579	0	0	0	0.75	0
	0.391	0.00018595	2.06612e-05	0.631579	0	0	0	0.75	0
	0.392	0.000227273	2.06612e-05	0.578947	0	0	0	0.75	0
	0.393	0.00018595	0	0.578947	0	2.06612e-05	0	0.75	0
	0.394	0.000206612	0	0.578947	0	0	0	1	0
	0.395	0.00018595	0	0.555556	0	0	0	1	0
	0.396	0.00018595	0	0.555556	0	0	0	1	0
	0.397	0.000103306	0	0.555556	0	0	0	1	0
	0.398	0.000268595	0	0.555556	0	0	0	1	0
	0.399	0.000123967	0	0.529412	0	0	0	1	0
	0.4	0.000103306	2.06612e-05	0.5625	0	0	0	1	0
	0.401	0.000103306	0	0.5625	0	0	0	1	0
	0.402	0.000206612	2.06612e-05	0.5625	0	0	0	1	0
	0.403	0.000165289	0	0.5625	0	0	0	1	0
	0.404	0.000123967	0	0.5625	0	0	0	1	0
	0.405	0.000123967	0	0.5625	0	0	0	1	0
	0.406	0.000144628	0	0.5625	0	0	0	1	0
	0.407	0.000165289	0	0.5625	0	0	0	1	0
	0.408	0.000144628	0	0.5625	0	0	0	1	0
	0.409	0.000144628	2.06612e-05	0.5625	0	0	0	1	0
	0.41	0.000103306	0	0.5625	0	0	0	1	0
	0.411	6.19835e-05	0	0.5625	0	0	0	1	0
	0.412	0.000103306	0	0.5625	0	0	0	1	0
	0.413	0.000165289	0	0.5625	0	0	0	1	0
	0.414	0.000103306	0	0.5625	0	4.13223e-05	0	1	0
	0.415	0.000144628	0	0.6	0	0	0	0.666667	0
	0.416	0.000165289	0	0.6	0	0	0	0.666667	0
	0.417	0.000165289	0	0.6	0	2.06612e-05	0	0.666667	0
	0.418	8.26446e-05	0	0.6	0	2.06612e-05	0	0.666667	0
	0.419	0.000123967	0	0.6	0	2.06612e-05	0	0.666667	0
	0.42	0.00018595	0	0.6	0	0	0	0.666667	0
	0.421	0.000144628	0	0.6	0	2.06612e-05	0	0.666667	0
	0.422	0.000103306	2.06612e-05	0.6	0	0	0	0.666667	0
	0.423	0.000227273	0	0.6	0	4.13223e-05	0	0.666667	0
	0.424	0.000165289	0	0.6	0	8.26446e-05	0	0.666667	0
	0.425	0.000247934	0	0.6	0	4.13223e-05	0	0.666667	0
	0.426	0.000247934	0	0.6	0	2.06612e-05	0	0.666667	0
	0.427	0.000103306	2.06612e-05	0.6	0	2.06612e-05	0	0.666667	0
	0.428	0.000144628	2.06612e-05	0.6	0	2.06612e-05	0	0.666667	0
	0.429	0.000103306	0	0.6	0	2.06612e-05	0	0.666667	0
	0.43	0.000165289	0	0.6	0	6.19835e-05	0	0.666667	0
	0.431	0.000268595	2.06612e-05	0.642857	0	4.13223e-05	0	0.666667	0
	0.432	0.000144628	2.06612e-05	0.642857	0	8.26446e-05	0	0.666667	0
	0.433	0.000227273	2.06612e-05	0.642857	0	6.19835e-05	0	0.666667	0
	0.434	0.000144628	0	0.571429	0	8.26446e-05	0	0.666667	0
	0.435	0.000144628	6.19835e-05	0.571429	0	0	0	0.666667	0
	0.436	0.000123967	0	0.571429	0	4.13223e-05	0	0.666667	0
	0.437	0.000206612	0	0.571429	0	6.19835e-05	0	0.666667	0
	0.438	0.000123967	0	0.571429	0	8.26446e-05	0	0.666667	0
	0.439	0.000144628	0	0.571429	0	4.13223e-05	0	0.666667	0
	0.44	0.000206612	2.06612e-05	0.571429	0	6.19835e-05	0	0.666667	0
	0.441	8.26446e-05	2.06612e-05	0.615385	0	6.19835e-05	0	0.666667	0
	0.442	0.000144628	0	0.615385	0	8.26446e-05	0	0.666667	0
	0.443	0.000165289	0	0.615385	0	4.13223e-05	0	0.666667	0
	0.444	0.000144628	0	0.615385	0	0	0	0.666667	0
	0.445	0.000268595	0	0.615385	0	4.13223e-05	0	0.666667	0
	0.446	0.000123967	0	0.615385	0	0.000103306	0	0.333333	0
	0.447	0.000144628	2.06612e-05	0.615385	0	2.06612e-05	0	0.333333	0
	0.448	0.000103306	0	0.615385	0	0.000165289	0	0.333333	0
	0.449	6.19835e-05	0	0.615385	0	2.06612e-05	0	0.333333	0
	0.45	0.000103306	0	0.615385	0	6.19835e-05	0	0.333333	0
	0.451	6.19835e-05	0	0.615385	0	4.13223e-05	0	0.333333	0
	0.452	0.000144628	0	0.615385	0	4.13223e-05	0	0.333333	0
	0.453	6.19835e-05	2.06612e-05	0.615385	0	8.26446e-05	0	0.333333	0
	0.454	0.000123967	2.06612e-05	0.615385	0	0.000123967	0	0.333333	0
	0.455	0.000165289	0	0.615385	0	0.000103306	0	0.333333	0
	0.456	0.000165289	0	0.615385	0	0.000123967	0	0.333333	0
	0.457	4.13223e-05	0	0.666667	0	4.13223e-05	0	0.333333	0
	0.458	6.19835e-05	0	0.666667	0	0.000123967	0	0.333333	0
	0.459	0.000123967	0	0.666667	0	4.13223e-05	0	0.333333	0
	0.46	0.000123967	0	0.666667	0	0.000103306	0	0.333333	0
	0.461	0.000123967	0	0.666667	0	0.000103306	0	0.333333	0
	0.462	6.19835e-05	2.06612e-05	0.666667	0	4.13223e-05	0	0.333333	0
	0.463	4.13223e-05	0	0.666667	0	6.19835e-05	0	0.333333	0
	0.464	0.000123967	0	0.666667	0	6.19835e-05	0	0.333333	0
	0.465	2.06612e-05	2.06612e-05	0.666667	0	6.19835e-05	0	0.333333	0
	0.466	2.06612e-05	0	0.666667	0	2.06612e-05	0	0.333333	0
	0.467	6.19835e-05	0	0.666667	0	4.13223e-05	0	0.333333	0
	0.468	0.000144628	2.06612e-05	0.666667	0	8.26446e-05	0	0.333333	0
	0.469	4.13223e-05	0	0.666667	0	6.19835e-05	0	0.333333	0
	0.47	4.13223e-05	0	0.666667	0	4.13223e-05	0	0.333333	0
	0.471	4.13223e-05	0	0.727273	0	4.13223e-05	0	0.333333	0
	0.472	0	0	0.636364	0	6.19835e-05	0	0.333333	0
	0.473	8.26446e-05	0	0.636364	0	4.13223e-05	0	0.333333	0
	0.474	8.26446e-05	0	0.636364	0	8.26446e-05	0	0.333333	0
	0.475	0.000123967	0	0.636364	0	8.26446e-05	0	0.5	0
	0.476	4.13223e-05	0	0.7	0	0.000103306	0	0.5	0
	0.477	6.19835e-05	0	0.7	0	6.19835e-05	0	0.5	0
	0.478	0	0	0.7	0	6.19835e-05	0	0	0
	0.479	4.13223e-05	0	0.7	0	6.19835e-05	0	0	0
	0.48	4.13223e-05	0	0.7	0	4.13223e-05	0	0	0
	0.481	0	0	0.7	0	0	0	0	0
	0.482	4.13223e-05	0	0.7	0	2.06612e-05	0	0	0
	0.483	2.06612e-05	2.06612e-05	0.7	0	4.13223e-05	0	0	0
	0.484	2.06612e-05	0	0.7	0	6.19835e-05	0	0	0
	0.485	2.06612e-05	0	0.7	0	2.06612e-05	0	0	0
	0.486	6.19835e-05	0	0.7	0	2.06612e-05	0	0	0
	0.487	4.13223e-05	0	0.777778	0	2.06612e-05	0	0	0
	0.488	0	0	0.777778	0	4.13223e-05	0	0	0
	0.489	4.13223e-05	0	0.777778	0	6.19835e-05	0	0	0
	0.49	2.06612e-05	0	0.777778	0	4.13223e-05	0	0	0
	0.491	0	0	0.777778	0	8.26446e-05	0	0	0
	0.492	2.06612e-05	0	0.777778	0	8.26446e-05	0	0	0
	0.493	4.13223e-05	0	0.777778	0	6.19835e-05	0	0	0
	0.494	2.06612e-05	0	0.777778	0	6.19835e-05	0	0	0
	0.495	0	0	0.777778	0	2.06612e-05	0	0	0
	0.496	0	0	0.777778	0	6.19835e-05	0	0	0
	0.497	0	0	0.777778	0	4.13223e-05	0	0	0
	0.498	4.13223e-05	0	0.777778	0	2.06612e-05	0	0	0
	0.499	0	0	0.777778	0	4.13223e-05	0	0	0
	0.5	8.26446e-05	0	0.777778	0	0	0	0	0
	0.501	2.06612e-05	0	0.777778	0	0.000123967	0	0	0
	0.502	0	0	0.777778	0	6.19835e-05	0	0	0
	0.503	4.13223e-05	0	0.777778	0	4.13223e-05	0	0	0
	0.504	0	0	0.777778	0	6.19835e-05	0	0	0
	0.505	2.06612e-05	0	0.777778	0	6.19835e-05	0	0	0
	0.506	0.000103306	0	0.777778	0	6.19835e-05	0	0	0
	0.507	6.19835e-05	0	0.777778	0	4.13223e-05	0	0	0
	0.508	0.000144628	0	0.777778	0	0.000103306	0	0	0
	0.509	0	0	0.777778	0	4.13223e-05	0	0	0
	0.51	0	0	0.777778	0	6.19835e-05	0	0	0
	0.511	6.19835e-05	0	0.777778	0	6.19835e-05	0	0	0
	0.512	0	0	0.777778	0	0.000103306	0	0	0
	0.513	0.000103306	0	0.777778	0	0	0	0	0
	0.514	6.19835e-05	0	0.875	0	4.13223e-05	0	0	0
	0.515	6.19835e-05	0	0.875	0	6.19835e-05	0	0	0
	0.516	6.19835e-05	0	0.875	0	8.26446e-05	0	0	0
	0.517	6.19835e-05	0	0.875	0	4.13223e-05	0	0	0
	0.518	8.26446e-05	0	0.875	0	6.19835e-05	0	0	0
	0.519	8.26446e-05	0	0.875	0	4.13223e-05	0	0	0
	0.52	6.19835e-05	0	0.875	0	8.26446e-05	0	0	0
	0.521	6.19835e-05	0	0.875	0	2.06612e-05	0	0	0
	0.522	0	0	0.875	0	8.26446e-05	0	0	0
	0.523	6.19835e-05	2.06612e-05	0.875	0	2.06612e-05	0	0	0
	0.524	4.13223e-05	0	0.875	0	8.26446e-05	0	0	0
	0.525	2.06612e-05	0	0.875	0	0	0	0	0
	0.526	4.13223e-05	0	0.875	0	0	0	0	0
	0.527	4.13223e-05	0	0.875	0	2.06612e-05	0	0	0
	0.528	0	0	0.875	0	2.06612e-05	0	0	0
	0.529	4.13223e-05	0	0.875	0	6.19835e-05	0	0	0
	0.53	2.06612e-05	0	0.875	0	0	0	0	0
	0.531	6.19835e-05	0	0.875	0	0	0	0	0
	0.532	4.13223e-05	0	0.875	0	4.13223e-05	0	0	0
	0.533	4.13223e-05	0	0.875	0	0	0	0	0
	0.534	4.13223e-05	0	0.875	0	0	0	0	0
	0.535	2.06612e-05	0	0.875	0	2.06612e-05	0	0	0
	0.536	0	0	0.875	0	6.19835e-05	0	0	0
	0.537	0	0	0.875	0	0	0	0	0
	0.538	2.06612e-05	0	0.875	0	0	0	0	0
	0.539	0	0	0.875	0	0	0	0	0
	0.54	4.13223e-05	0	0.875	0	2.06612e-05	0	0	0
	0.541	2.06612e-05	0	0.875	0	0	0	0	0
	0.542	0	0	0.875	0	2.06612e-05	0	0	0
	0.543	0	0	0.875	0	0	0	0	0
	0.544	2.06612e-05	0	0.875	0	0	0	0	0
	0.545	0	0	0.875	0	0	0	0	0
	0.546	0	0	0.875	0	0	0	0	0
	0.547	0	0	0.875	0	0	0	0	0
	0.548	2.06612e-05	0	0.875	0	0	0	0	0
	0.549	0	0	0.875	0	0	0	0	0
	0.55	0	0	0.875	0	0	0	0	0
	0.551	0	0	0.875	0	2.06612e-05	0	0	0
	0.552	0	0	0.875	0	0	0	0	0
	0.553	0	0	0.875	0	2.06612e-05	0	0	0
	0.554	0	2.06612e-05	0.875	0	0	0	0	0
	0.555	2.06612e-05	0	0.875	0	0	0	0	0
	0.556	0	0	0.875	0	0	0	0	0
	0.557	0	0	0.875	0	0	0	0	0
	0.558	0	0	0.875	0	0	0	0	0
	0.559	0	0	0.875	0	0	0	0	0
	0.56	0	0	0.875	0	0	0	0	0
	0.561	0	0	0.875	0	0	0	0	0
	0.562	0	0	0.875	0	0	0	0	0
	0.563	0	0	0.875	0	0	0	0	0
	0.564	2.06612e-05	0	0.875	0	0	0	0	0
	0.565	0	0	1	0	0	0	0	0
	0.566	0	0	1	0	0	0	0	0
	0.567	0	0	1	0	0	0	0	0
	0.568	0	0	1	0	0	0	0	0
	0.569	0	0	1	0	0	0	0	0
	0.57	0	0	1	0	0	0	0	0
	0.571	0	0	1	0	0	0	0	0
	0.572	0	0	1	0	0	0	0	0
	0.573	0	0	1	0	0	0	0	0
	0.574	0	0	1	0	0	0	0	0
	0.575	0	0	1	0	0	0	0	0
	0.576	0	0	1	0	0	0	0	0
	0.577	0	0	1	0	0	0	0	0
	0.578	0	0	1	0	0	0	0	0
	0.579	0	0	1	0	0	0	0	0
	0.58	0	0	1	0	0	0	0	0
	0.581	0	0	1	0	0	0	0	0
	0.582	0	0	1	0	0	0	0	0
	0.583	0	0	1	0	0	0	0	0
	0.584	0	0	1	0	0	0	0	0
	0.585	0	0	1	0	0	0	0	0
	0.586	0	0	1	0	0	0	0	0
	0.587	0	0	1	0	0	0	0	0
	0.588	0	0	1	0	0	0	0	0
	0.589	0	0	1	0	0	0	0	0
	0.59	0	0	1	0	0	0	0	0
	0.591	2.06612e-05	0	1	0	0	0	0	0
	0.592	0	0	0.857143	0	0	0	0	0
	0.593	0	2.06612e-05	0.857143	0	0	0	0	0
	0.594	2.06612e-05	0	0.857143	0	0	0	0	0
	0.595	0	0	0.857143	0	0	0	0	0
	0.596	0	0	0.857143	0	0	0	0	0
	0.597	4.13223e-05	0	0.857143	0	0	0	0	0
	0.598	2.06612e-05	0	0.857143	0	0	0	0	0
	0.599	0	0	0.857143	0	0	0	0	0
	0.6	0	0	0.857143	0	0	0	0	0
	0.601	2.06612e-05	0	0.857143	0	0	0	0	0
	0.602	2.06612e-05	0	0.857143	0	0	0	0	0
	0.603	0	0	0.857143	0	0	0	0	0
	0.604	4.13223e-05	0	0.857143	0	0	0	0	0
	0.605	0	0	0.857143	0	0	0	0	0
	0.606	2.06612e-05	0	0.857143	0	0	0	0	0
	0.607	0	0	0.857143	0	0	0	0	0
	0.608	2.06612e-05	0	0.857143	0	0	0	0	0
	0.609	8.26446e-05	0	0.857143	0	0	0	0	0
	0.61	0	0	0.857143	0	0	0	0	0
	0.611	4.13223e-05	0	0.857143	0	0	0	0	0
	0.612	0	0	0.857143	0	0	0	0	0
	0.613	6.19835e-05	0	0.857143	0	0	0	0	0
	0.614	2.06612e-05	0	0.857143	0	0	0	0	0
	0.615	4.13223e-05	0	0.857143	0	0	0	0	0
	0.616	6.19835e-05	0	0.857143	0	0	0	0	0
	0.617	6.19835e-05	0	0.857143	0	0	0	0	0
	0.618	0	0	0.857143	0	0	0	0	0
	0.619	0.000103306	0	0.857143	0	0	0	0	0
	0.62	4.13223e-05	0	0.857143	0	0	0	0	0
	0.621	0	0	0.857143	0	0	0	0	0
	0.622	6.19835e-05	0	0.857143	0	0	0	0	0
	0.623	4.13223e-05	0	0.857143	0	0	0	0	0
	0.624	4.13223e-05	0	0.857143	0	0	0	0	0
	0.625	8.26446e-05	0	0.857143	0	0	0	0	0
	0.626	2.06612e-05	0	0.857143	0	0	0	0	0
	0.627	0	0	0.857143	0	0	0	0	0
	0.628	8.26446e-05	0	0.857143	0	0	0	0	0
	0.629	4.13223e-05	0	0.857143	0	0	0	0	0
	0.63	6.19835e-05	0	0.857143	0	0	0	0	0
	0.631	8.26446e-05	0	0.857143	0	0	0	0	0
	0.632	0	0	0.857143	0	0	0	0	0
	0.633	6.19835e-05	0	0.857143	0	0	0	0	0
	0.634	2.06612e-05	0	0.857143	0	0	0	0	0
	0.635	6.19835e-05	0	0.857143	0	0	0	0	0
	0.636	2.06612e-05	0	0.857143	0	0	0	0	0
	0.637	8.26446e-05	0	0.857143	0	0	0	0	0
	0.638	6.19835e-05	0	0.857143	0	0	0	0	0
	0.639	4.13223e-05	0	0.857143	0	0	0	0	0
	0.64	2.06612e-05	0	0.857143	0	0	0	0	0
	0.641	2.06612e-05	0	0.857143	0	0	0	0	0
	0.642	2.06612e-05	0	0.857143	0	0	0	0	0
	0.643	0	0	0.857143	0	0	0	0	0
	0.644	6.19835e-05	0	0.857143	0	0	0	0	0
	0.645	8.26446e-05	0	0.857143	0	0	0	0	0
	0.646	4.13223e-05	0	0.857143	0	0	0	0	0
	0.647	2.06612e-05	0	0.857143	0	0	0	0	0
	0.648	8.26446e-05	0	0.857143	0	0	0	0	0
	0.649	4.13223e-05	0	0.714286	0	0	0	0	0
	0.65	2.06612e-05	0	0.714286	0	0	0	0	0
	0.651	0	0	0.714286	0	0	0	0	0
	0.652	0	0	0.714286	0	0	0	0	0
	0.653	0	0	0.714286	0	0	0	0	0
	0.654	4.13223e-05	0	0.714286	0	0	0	0	0
	0.655	2.06612e-05	0	0.714286	0	0	0	0	0
	0.656	0	0	0.714286	0	0	0	0	0
	0.657	4.13223e-05	0	0.714286	0	0	0	0	0
	0.658	2.06612e-05	0	0.666667	0	0	0	0	0
	0.659	2.06612e-05	0	0.666667	0	0	0	0	0
	0.66	2.06612e-05	0	0.666667	0	0	0	0	0
	0.661	2.06612e-05	0	0.666667	0	0	0	0	0
	0.662	2.06612e-05	0	0.666667	0	0	0	0	0
	0.663	2.06612e-05	0	0.666667	0	0	0	0	0
	0.664	2.06612e-05	0	0.5	0	0	0	0	0
	0.665	4.13223e-05	0	0.5	0	0	0	0	0
	0.666	6.19835e-05	0	0.5	0	0	0	0	0
	0.667	0	0	0.5	0	0	0	0	0
	0.668	2.06612e-05	0	0.5	0	0	0	0	0
	0.669	0	0	0.5	0	0	0	0	0
	0.67	2.06612e-05	0	0.5	0	0	0	0	0
	0.671	6.19835e-05	0	0.5	0	0	0	0	0
	0.672	4.13223e-05	0	0.5	0	0	0	0	0
	0.673	6.19835e-05	0	0.5	0	0	0	0	0
	0.674	2.06612e-05	0	0.5	0	0	0	0	0
	0.675	0.000123967	0	0.5	0	0	0	0	0
	0.676	8.26446e-05	0	0.5	0	0	0	0	0
	0.677	0.000144628	0	0.5	0	0	0	0	0
	0.678	0.000123967	0	0.5	0	0	0	0	0
	0.679	0.000144628	0	0.5	0	0	0	0	0
	0.68	0.000144628	0	0.5	0	0	0	0	0
	0.681	2.06612e-05	0	0.5	0	0	0	0	0
	0.682	8.26446e-05	0	0.5	0	0	0	0	0
	0.683	0.000123967	0	0.5	0	0	0	0	0
	0.684	0.000206612	0	0.5	0	0	0	0	0
	0.685	0.000123967	0	0.5	0	0	0	0	0
	0.686	4.13223e-05	0	0.5	0	0	0	0	0
	0.687	0.000165289	0	0.5	0	0	0	0	0
	0.688	0.00018595	0	0.5	0	0	0	0	0
	0.689	0.000103306	0	0.5	0	0	0	0	0
	0.69	0.000103306	0	0.5	0	0	0	0	0
	0.691	0.00018595	0	0.5	0	0	0	0	0
	0.692	8.26446e-05	0	0.5	0	0	0	0	0
	0.693	0.00018595	0	0.5	0	0	0	0	0
	0.694	0.00018595	0	0.5	0	0	0	0	0
	0.695	0.000103306	0	0.5	0	0	0	0	0
	0.696	0.000165289	0	0.5	0	0	0	0	0
	0.697	0.000227273	0	0.5	0	0	0	0	0
	0.698	0.000144628	0	0.5	0	0	0	0	0
	0.699	0.000206612	0	0.5	0	0	0	0	0
	0.7	0.000144628	0	0.5	0	0	0	0	0
	0.701	0.000103306	0	0.5	0	0	0	0	0
	0.702	0.00018595	0	0.5	0	0	0	0	0
	0.703	6.19835e-05	0	0.5	0	0	0	0	0
	0.704	6.19835e-05	0	0.5	0	0	0	0	0
	0.705	0.000165289	0	0.5	0	0	0	0	0
	0.706	0.000103306	0	0.5	0	0	0	0	0
	0.707	8.26446e-05	0	0.5	0	0	0	0	0
	0.708	0.000123967	0	0.5	0	0	0	0	0
	0.709	8.26446e-05	0	0.5	0	0	0	0	0
	0.71	8.26446e-05	0	0.333333	0	0	0	0	0
	0.711	8.26446e-05	0	0.333333	0	0	0	0	0
	0.712	0.000103306	0	0.333333	0	0	0	0	0
	0.713	0.000123967	0	0.333333	0	0	0	0	0
	0.714	0.000103306	0	0.166667	0	0	0	0	0
	0.715	0.000103306	0	0.166667	0	0	0	0	0
	0.716	0.000144628	0	0.166667	0	0	0	0	0
	0.717	4.13223e-05	0	0.166667	0	0	0	0	0
	0.718	0.000103306	0	0.166667	0	0	0	0	0
	0.719	8.26446e-05	0	0.166667	0	0	0	0	0
	0.72	6.19835e-05	0	0.166667	0	0	0	0	0
	0.721	6.19835e-05	0	0.166667	0	0	0	0	0
	0.722	8.26446e-05	0	0.166667	0	0	0	0	0
	0.723	4.13223e-05	0	0.166667	0	0	0	0	0
	0.724	4.13223e-05	0	0.166667	0	0	0	0	0
	0.725	6.19835e-05	0	0.166667	0	0	0	0	0
	0.726	0.000103306	0	0.166667	0	0	0	0	0
	0.727	0.000123967	0	0.166667	0	0	0	0	0
	0.728	8.26446e-05	0	0.166667	0	0	0	0	0
	0.729	0.000103306	0	0.166667	0	0	0	0	0
	0.73	6.19835e-05	0	0.2	0	0	0	0	0
	0.731	8.26446e-05	0	0.2	0	0	0	0	0
	0.732	8.26446e-05	0	0.2	0	0	0	0	0
	0.733	0.000144628	0	0.25	0	0	0	0	0
	0.734	0.000165289	0	0	0	0	0	0	0
	0.735	6.19835e-05	0	0	0	0	0	0	0
	0.736	6.19835e-05	0	0	0	0	0	0	0
	0.737	0.000123967	0	0	0	0	0	0	0
	0.738	8.26446e-05	0	0	0	0	0	0	0
	0.739	0.000165289	0	0	0	0	0	0	0
	0.74	0.000103306	0	0	0	0	0	0	0
	0.741	0.000103306	0	0	0	0	0	0	0
	0.742	0.000123967	0	0	0	0	0	0	0
	0.743	6.19835e-05	0	0	0	0	0	0	0
	0.744	0.00018595	0	0	0	0	0	0	0
	0.745	0.000206612	0	0	0	0	0	0	0
	0.746	8.26446e-05	0	0	0	0	0	0	0
	0.747	0.000165289	0	0	0	0	0	0	0
	0.748	0.000144628	0	0	0	0	0	0	0
	0.749	0.000123967	0	0	0	0	0	0	0
	0.75	0.000144628	0	0	0	0	0	0	0
	0.751	6.19835e-05	0	0	0	0	0	0	0
	0.752	0.000206612	0	0	0	0	0	0	0
	0.753	0.000144628	0	0	0	0	0	0	0
	0.754	0.000103306	0	0	0	0	0	0	0
	0.755	0.000206612	0	0	0	0	0	0	0
	0.756	0.000144628	0	0	0	0	0	0	0
	0.757	0.000123967	0	0	0	0	0	0	0
	0.758	4.13223e-05	0	0	0	0	0	0	0
	0.759	0.000144628	0	0	0	0	0	0	0
	0.76	0.000103306	0	0	0	0	0	0	0
	0.761	0.000144628	0	0	0	0	0	0	0
	0.762	6.19835e-05	0	0	0	0	0	0	0
	0.763	8.26446e-05	0	0	0	0	0	0	0
	0.764	8.26446e-05	0	0	0	0	0	0	0
	0.765	8.26446e-05	0	0	0	0	0	0	0
	0.766	6.19835e-05	0	0	0	0	0	0	0
	0.767	4.13223e-05	0	0	0	0	0	0	0
	0.768	0.000123967	0	0	0	0	0	0	0
	0.769	8.26446e-05	0	0	0	0	0	0	0
	0.77	6.19835e-05	0	0	0	0	0	0	0
	0.771	6.19835e-05	0	0	0	0	0	0	0
	0.772	0	0	0	0	0	0	0	0
	0.773	8.26446e-05	0	0	0	0	0	0	0
	0.774	4.13223e-05	0	0	0	0	0	0	0
	0.775	0.000103306	0	0	0	0	0	0	0
	0.776	4.13223e-05	0	0	0	0	0	0	0
	0.777	0.000103306	0	0	0	0	0	0	0
	0.778	2.06612e-05	0	0	0	0	0	0	0
	0.779	6.19835e-05	0	0	0	0	0	0	0
	0.78	0.000123967	0	0	0	0	0	0	0
	0.781	4.13223e-05	0	0	0	0	0	0	0
	0.782	2.06612e-05	0	0	0	0	0	0	0
	0.783	8.26446e-05	0	0	0	0	0	0	0
	0.784	0	0	0	0	0	0	0	0
	0.785	0	0	0	0	0	0	0	0
	0.786	4.13223e-05	0	0	0	0	0	0	0
	0.787	0	0	0	0	0	0	0	0
	0.788	4.13223e-05	0	0	0	0	0	0	0
	0.789	0	0	0	0	0	0	0	0
	0.79	4.13223e-05	0	0	0	0	0	0	0
	0.791	0	0	0	0	0	0	0	0
	0.792	6.19835e-05	0	0	0	0	0	0	0
	0.793	0	0	0	0	0	0	0	0
	0.794	0	0	0	0	0	0	0	0
	0.795	0	0	0	0	0	0	0	0
	0.796	2.06612e-05	0	0	0	0	0	0	0
	0.797	0	0	0	0	0	0	0	0
	0.798	0	0	0	0	0	0	0	0
	0.799	0	0	0	0	0	0	0	0
	0.8	2.06612e-05	0	0	0	0	0	0	0
	0.801	0	0	0	0	0	0	0	0
	0.802	0	0	0	0	0	0	0	0
	0.803	0	0	0	0	0	0	0	0
	0.804	0	0	0	0	0	0	0	0
	0.805	0	0	0	0	0	0	0	0
	0.806	0	0	0	0	0	0	0	0
	0.807	0	0	0	0	0	0	0	0
	0.808	0	0	0	0	0	0	0	0
	0.809	0	0	0	0	0	0	0	0
	0.81	0	0	0	0	0	0	0	0
	0.811	0	0	0	0	0	0	0	0
	0.812	0	0	0	0	0	0	0	0
	0.813	0	0	0	0	0	0	0	0
	0.814	0	0	0	0	0	0	0	0
	0.815	0	0	0	0	0	0	0	0
	0.816	0	0	0	0	0	0	0	0
	0.817	0	0	0	0	0	0	0	0
	0.818	0	0	0	0	0	0	0	0
	0.819	0	0	0	0	0	0	0	0
	0.82	0	0	0	0	0	0	0	0
	0.821	0	0	0	0	0	0	0	0
	0.822	0	0	0	0	0	0	0	0
	0.823	0	0	0	0	0	0	0	0
	0.824	0	0	0	0	0	0	0	0
	0.825	0	0	0	0	0	0	0	0
	0.826	0	0	0	0	0	0	0	0
	0.827	0	0	0	0	0	0	0	0
	0.828	0	0	0	0	0	0	0	0
	0.829	0	0	0	0	0	0	0	0
	0.83	0	0	0	0	0	0	0	0
	0.831	0	0	0	0	0	0	0	0
	0.832	0	0	0	0	0	0	0	0
	0.833	0	0	0	0	0	0	0	0
	0.834	0	0	0	0	0	0	0	0
	0.835	0	0	0	0	0	0	0	0
	0.836	0	0	0	0	0	0	0	0
	0.837	0	0	0	0	0	0	0	0
	0.838	0	0	0	0	0	0	0	0
	0.839	0	0	0	0	0	0	0	0
	0.84	0	0	0	0	0	0	0	0
	0.841	0	0	0	0	0	0	0	0
	0.842	0	0	0	0	0	0	0	0
	0.843	0	0	0	0	0	0	0	0
	0.844	0	0	0	0	0	0	0	0
	0.845	0	0	0	0	0	0	0	0
	0.846	0	0	0	0	0	0	0	0
	0.847	0	0	0	0	0	0	0	0
	0.848	0	0	0	0	0	0	0	0
	0.849	0	0	0	0	0	0	0	0
	0.85	0	0	0	0	0	0	0	0
	0.851	0	0	0	0	0	0	0	0
	0.852	0	0	0	0	0	0	0	0
	0.853	0	0	0	0	0	0	0	0
	0.854	0	0	0	0	0	0	0	0
	0.855	0	0	0	0	0	0	0	0
	0.856	0	0	0	0	0	0	0	0
	0.857	0	0	0	0	0	0	0	0
	0.858	0	0	0	0	0	0	0	0
	0.859	0	0	0	0	0	0	0	0
	0.86	0	0	0	0	0	0	0	0
	0.861	0	0	0	0	0	0	0	0
	0.862	0	0	0	0	0	0	0	0
	0.863	0	0	0	0	0	0	0	0
	0.864	0	0	0	0	0	0	0	0
	0.865	0	0	0	0	0	0	0	0
	0.866	0	0	0	0	0	0	0	0
	0.867	0	0	0	0	0	0	0	0
	0.868	0	0	0	0	0	0	0	0
	0.869	0	0	0	0	0	0	0	0
	0.87	0	0	0	0	0	0	0	0
	0.871	0	0	0	0	0	0	0	0
	0.872	0	0	0	0	0	0	0	0
	0.873	0	0	0	0	0	0	0	0
	0.874	0	0	0	0	0	0	0	0
	0.875	0	0	0	0	0	0	0	0
	0.876	0	0	0	0	0	0	0	0
	0.877	0	0	0	0	0	0	0	0
	0.878	0	0	0	0	0	0	0	0
	0.879	0	0	0	0	0	0	0	0
	0.88	0	0	0	0	0	0	0	0
	0.881	0	0	0	0	0	0	0	0
	0.882	0	0	0	0	0	0	0	0
	0.883	0	0	0	0	0	0	0	0
	0.884	0	0	0	0	0	0	0	0
	0.885	0	0	0	0	0	0	0	0
	0.886	0	0	0	0	0	0	0	0
	0.887	0	0	0	0	0	0	0	0
	0.888	0	0	0	0	0	0	0	0
	0.889	0	0	0	0	0	0	0	0
	0.89	0	0	0	0	0	0	0	0
	0.891	0	0	0	0	0	0	0	0
	0.892	0	0	0	0	0	0	0	0
	0.893	0	0	0	0	0	0	0	0
	0.894	0	0	0	0	0	0	0	0
	0.895	0	0	0	0	0	0	0	0
	0.896	0	0	0	0	0	0	0	0
	0.897	0	0	0	0	0	0	0	0
	0.898	0	0	0	0	0	0	0	0
	0.899	0	0	0	0	0	0	0	0
	0.9	0	0	0	0	0	0	0	0
	0.901	0	0	0	0	0	0	0	0
	0.902	0	0	0	0	0	0	0	0
	0.903	0	0	0	0	0	0	0	0
	0.904	0	0	0	0	0	0	0	0
	0.905	0	0	0	0	0	0	0	0
	0.906	0	0	0	0	0	0	0	0
	0.907	0	0	0	0	0	0	0	0
	0.908	0	0	0	0	0	0	0	0
	0.909	0	0	0	0	0	0	0	0
	0.91	0	0	0	0	0	0	0	0
	0.911	0	0	0	0	0	0	0	0
	0.912	0	0	0	0	0	0	0	0
	0.913	0	0	0	0	0	0	0	0
	0.914	0	0	0	0	0	0	0	0
	0.915	0	0	0	0	0	0	0	0
	0.916	0	0	0	0	0	0	0	0
	0.917	0	0	0	0	0	0	0	0
	0.918	0	0	0	0	0	0	0	0
	0.919	0	0	0	0	0	0	0	0
	0.92	0	0	0	0	0	0	0	0
	0.921	0	0	0	0	0	0	0	0
	0.922	0	0	0	0	0	0	0	0
	0.923	0	0	0	0	0	0	0	0
	0.924	0	0	0	0	0	0	0	0
	0.925	0	0	0	0	0	0	0	0
	0.926	0	0	0	0	0	0	0	0
	0.927	0	0	0	0	0	0	0	0
	0.928	0	0	0	0	0	0	0	0
	0.929	0	0	0	0	0	0	0	0
	0.93	0	0	0	0	0	0	0	0
	0.931	0	0	0	0	0	0	0	0
	0.932	0	0	0	0	0	0	0	0
	0.933	0	0	0	0	0	0	0	0
	0.934	0	0	0	0	0	0	0	0
	0.935	0	0	0	0	0	0	0	0
	0.936	0	0	0	0	0	0	0	0
	0.937	0	0	0	0	0	0	0	0
	0.938	0	0	0	0	0	0	0	0
	0.939	0	0	0	0	0	0	0	0
	0.94	0	0	0	0	0	0	0	0
	0.941	0	0	0	0	0	0	0	0
	0.942	0	0	0	0	0	0	0	0
	0.943	0	0	0	0	0	0	0	0
	0.944	0	0	0	0	0	0	0	0
	0.945	0	0	0	0	0	0	0	0
	0.946	0	0	0	0	0	0	0	0
	0.947	0	0	0	0	0	0	0	0
	0.948	0	0	0	0	0	0	0	0
	0.949	0	0	0	0	0	0	0	0
	0.95	0	0	0	0	0	0	0	0
	0.951	0	0	0	0	0	0	0	0
	0.952	0	0	0	0	0	0	0	0
	0.953	0	0	0	0	0	0	0	0
	0.954	0	0	0	0	0	0	0	0
	0.955	0	0	0	0	0	0	0	0
	0.956	0	0	0	0	0	0	0	0
	0.957	0	0	0	0	0	0	0	0
	0.958	0	0	0	0	0	0	0	0
	0.959	0	0	0	0	0	0	0	0
	0.96	0	0	0	0	0	0	0	0
	0.961	0	0	0	0	0	0	0	0
	0.962	0	0	0	0	0	0	0	0
	0.963	0	0	0	0	0	0	0	0
	0.964	0	0	0	0	0	0	0	0
	0.965	0	0	0	0	0	0	0	0
	0.966	0	0	0	0	0	0	0	0
	0.967	0	0	0	0	0	0	0	0
	0.968	0	0	0	0	0	0	0	0
	0.969	0	0	0	0	0	0	0	0
	0.97	0	0	0	0	0	0	0	0
	0.971	0	0	0	0	0	0	0	0
	0.972	0	0	0	0	0	0	0	0
	0.973	0	0	0	0	0	0	0	0
	0.974	0	0	0	0	0	0	0	0
	0.975	0	0	0	0	0	0	0	0
	0.976	0	0	0	0	0	0	0	0
	0.977	0	0	0	0	0	0	0	0
	0.978	0	0	0	0	0	0	0	0
	0.979	0	0	0	0	0	0	0	0
	0.98	0	0	0	0	0	0	0	0
	0.981	0	0	0	0	0	0	0	0
	0.982	0	0	0	0	0	0	0	0
	0.983	0	0	0	0	0	0	0	0
	0.984	0	0	0	0	0	0	0	0
	0.985	0	0	0	0	0	0	0	0
	0.986	0	0	0	0	0	0	0	0
	0.987	0	0	0	0	0	0	0	0
	0.988	0	0	0	0	0	0	0	0
	0.989	0	0	0	0	0	0	0	0
	0.99	0	0	0	0	0	0	0	0
	0.991	0	0	0	0	0	0	0	0
	0.992	0	0	0	0	0	0	0	0
	0.993	0	0	0	0	0	0	0	0
	0.994	0	0	0	0	0	0	0	0
	0.995	0	0	0	0	0	0	0	0
	0.996	0	0	0	0	0	0	0	0
	0.997	0	0	0	0	0	0	0	0
	0.998	0	0	0	0	0	0	0	0
	0.999	0	0	0	0	0	0	0	0
	1	0	0	0	0	0	0	0	0


#	yrange	sparsity	# links	zeta	support at cross	fraction FP	support at cross2	fraction FP2
	0	0	0	2.72422	0.593	0.00143062	0.593	0.00143062
	0.12	0	0	2.72422	0.593	0.00143062	0.593	0.00143062
