#	Frequencies and overlap
#	bins	MYC	shuffle	overlap_MYC	overlap_shuffle	SIGN_MYC	SIGNshuffle	SIGNoverlap_MYC	SIGNoverlap_shuffle
	0	0	0	1	1	0.417955	0.393678	0.714286	0
	0.001	0	0	1	1	0	0	0.714286	0
	0.002	0	0	1	1	0	0	0.714286	0
	0.003	0	0	1	1	0	0	0.714286	0
	0.004	0	0	1	1	0	0	0.714286	0
	0.005	0	2.06612e-05	1	1	0	0	0.714286	0
	0.006	0	0	1	0.997934	0	0	0.714286	0
	0.007	0	0	1	0.997934	0	0	0.714286	0
	0.008	0	0	1	0.997934	0	0	0.714286	0
	0.009	0	0	1	0.997934	0	0	0.714286	0
	0.01	0	0	1	0.997934	0	0	0.714286	0
	0.011	0	0	1	0.997934	0	0	0.714286	0
	0.012	0	0	1	0.997934	0	0	0.714286	0
	0.013	0	0	1	0.997934	0	0	0.714286	0
	0.014	0	0	1	0.997934	0	2.06612e-05	0.714286	0
	0.015	0	0	1	0.997934	0	0	0.714286	0
	0.016	0	0	1	0.997934	0	0	0.714286	0
	0.017	0	0	1	0.997934	0	0	0.714286	0
	0.018	0	0	1	0.997934	0	2.06612e-05	0.714286	0
	0.019	0	0	1	0.997934	0	2.06612e-05	0.714286	0
	0.02	0	0	1	0.997934	0	2.06612e-05	0.714286	0
	0.021	0	0	1	0.997934	0	0	0.714286	0
	0.022	0	0	1	0.997934	0	6.19835e-05	0.714286	0
	0.023	0	0	1	0.997934	0	0	0.714286	0
	0.024	0	0	1	0.997934	0	0	0.714286	0
	0.025	0	0	1	0.997934	0	0	0.714286	0
	0.026	0	0	1	0.997934	0	0	0.714286	0
	0.027	0	4.13223e-05	1	0.997934	0	2.06612e-05	0.714286	0
	0.028	0	0	1	0.993802	0	0	0.714286	0
	0.029	0	0	1	0.993802	0	2.06612e-05	0.714286	0
	0.03	0	2.06612e-05	1	0.993802	0	4.13223e-05	0.714286	0
	0.031	0	0	1	0.991736	0	0	0.714286	0
	0.032	0	0	1	0.991736	0	2.06612e-05	0.714286	0
	0.033	0	0	1	0.991736	0	2.06612e-05	0.714286	0
	0.034	0	0	1	0.991736	0	4.13223e-05	0.714286	0
	0.035	0	0	1	0.991736	0	0	0.714286	0
	0.036	0	0	1	0.991736	0	4.13223e-05	0.714286	0
	0.037	0	4.13223e-05	1	0.991736	0	2.06612e-05	0.714286	0
	0.038	0	4.13223e-05	1	0.987603	0	2.06612e-05	0.714286	0
	0.039	0	0	1	0.983471	0	2.06612e-05	0.714286	0
	0.04	0	0	1	0.983471	0	0	0.714286	0
	0.041	0	2.06612e-05	1	0.983471	0	4.13223e-05	0.714286	0
	0.042	0	2.06612e-05	1	0.983471	0	0	0.714286	0
	0.043	0	6.19835e-05	1	0.981405	0	0	0.714286	0
	0.044	0	0	1	0.975207	0	4.13223e-05	0.714286	0
	0.045	0	4.13223e-05	1	0.975207	0	0	0.714286	0
	0.046	0	0	1	0.97314	0	2.06612e-05	0.714286	0
	0.047	0	2.06612e-05	1	0.97314	0	2.06612e-05	0.714286	0
	0.048	0	2.06612e-05	1	0.971074	0	6.19835e-05	0.714286	0
	0.049	0	0	1	0.969008	0	0	0.714286	0
	0.05	0	0	1	0.969008	0	0	0.714286	0
	0.051	0	0	1	0.969008	0	0	0.714286	0
	0.052	0	0	1	0.969008	0	2.06612e-05	0.714286	0
	0.053	0	0	1	0.969008	0	2.06612e-05	0.714286	0
	0.054	0	0	1	0.969008	0	2.06612e-05	0.714286	0
	0.055	0	0	1	0.969008	0	4.13223e-05	0.714286	0
	0.056	0	2.06612e-05	1	0.969008	0	4.13223e-05	0.714286	0
	0.057	0	0.000103306	1	0.969008	0	2.06612e-05	0.714286	0
	0.058	0	0	1	0.960744	0	0	0.714286	0
	0.059	0	0	1	0.960744	0	2.06612e-05	0.714286	0
	0.06	0	0	1	0.960744	0	2.06612e-05	0.714286	0
	0.061	0	4.13223e-05	1	0.960744	0	8.26446e-05	0.714286	0
	0.062	0	4.13223e-05	1	0.956612	0	4.13223e-05	0.714286	0
	0.063	0	2.06612e-05	1	0.954545	0	0	0.714286	0
	0.064	0	4.13223e-05	1	0.952479	0	0	0.714286	0
	0.065	0	0.000103306	1	0.948347	0	0	0.714286	0
	0.066	0	2.06612e-05	1	0.940083	0	4.13223e-05	0.714286	0
	0.067	0	2.06612e-05	1	0.938017	0	4.13223e-05	0.714286	0
	0.068	0	6.19835e-05	1	0.938017	2.06612e-05	2.06612e-05	0.714286	0
	0.069	0	4.13223e-05	1	0.931818	0	0	0.716463	0
	0.07	0	0	1	0.929752	0	2.06612e-05	0.716463	0
	0.071	0	4.13223e-05	1	0.929752	0	4.13223e-05	0.716463	0
	0.072	0	4.13223e-05	1	0.929752	0	0.000103306	0.716463	0
	0.073	0	2.06612e-05	1	0.929752	0	2.06612e-05	0.716463	0
	0.074	0	0	1	0.929752	0	0.000103306	0.716463	0
	0.075	0	6.19835e-05	1	0.929752	0	0.000103306	0.716463	0
	0.076	0	4.13223e-05	1	0.927686	0	6.19835e-05	0.716463	0
	0.077	0	0	1	0.923554	0	4.13223e-05	0.716463	0
	0.078	0	2.06612e-05	1	0.923554	0	8.26446e-05	0.716463	0
	0.079	0	0	1	0.923554	0	2.06612e-05	0.716463	0
	0.08	0	4.13223e-05	1	0.923554	0	4.13223e-05	0.716463	0
	0.081	0	2.06612e-05	1	0.919421	0	2.06612e-05	0.716463	0
	0.082	0	2.06612e-05	1	0.917355	2.06612e-05	8.26446e-05	0.716463	0
	0.083	0	4.13223e-05	1	0.915289	2.06612e-05	4.13223e-05	0.713415	0
	0.084	0	6.19835e-05	1	0.913223	4.13223e-05	6.19835e-05	0.713415	0
	0.085	0	2.06612e-05	1	0.913223	0	6.19835e-05	0.713415	0
	0.086	0	2.06612e-05	1	0.911157	2.06612e-05	2.06612e-05	0.713415	0
	0.087	0	2.06612e-05	1	0.909091	0	8.26446e-05	0.713415	0
	0.088	0	2.06612e-05	1	0.909091	2.06612e-05	8.26446e-05	0.713415	0
	0.089	0	2.06612e-05	1	0.909091	2.06612e-05	4.13223e-05	0.713415	0
	0.09	0	4.13223e-05	1	0.909091	0	4.13223e-05	0.713415	0
	0.091	2.06612e-05	2.06612e-05	1	0.904959	4.13223e-05	6.19835e-05	0.713415	0
	0.092	0	2.06612e-05	0.997934	0.902893	6.19835e-05	2.06612e-05	0.713415	0
	0.093	2.06612e-05	8.26446e-05	0.997934	0.902893	4.13223e-05	4.13223e-05	0.713415	0
	0.094	2.06612e-05	6.19835e-05	0.997934	0.89876	8.26446e-05	6.19835e-05	0.713415	0
	0.095	0	6.19835e-05	0.997934	0.896694	0.000103306	6.19835e-05	0.713415	0
	0.096	2.06612e-05	8.26446e-05	0.997934	0.894628	6.19835e-05	0.000103306	0.713415	0
	0.097	4.13223e-05	4.13223e-05	0.997934	0.892562	2.06612e-05	0.000103306	0.713415	0
	0.098	2.06612e-05	0	0.997934	0.890496	8.26446e-05	8.26446e-05	0.713415	0
	0.099	0.000103306	6.19835e-05	0.997934	0.890496	0.000123967	8.26446e-05	0.713415	0
	0.1	0.000123967	2.06612e-05	0.997934	0.890496	6.19835e-05	0.000103306	0.713415	0
	0.101	6.19835e-05	6.19835e-05	0.997934	0.890496	4.13223e-05	0.000103306	0.713415	0
	0.102	2.06612e-05	4.13223e-05	0.997934	0.88843	0.000123967	8.26446e-05	0.713415	0
	0.103	8.26446e-05	0.000103306	0.997934	0.884298	0.000103306	4.13223e-05	0.713415	0
	0.104	2.06612e-05	2.06612e-05	0.995868	0.882231	0.000103306	4.13223e-05	0.713415	0
	0.105	4.13223e-05	0	0.995868	0.882231	0.00018595	8.26446e-05	0.710366	0
	0.106	4.13223e-05	2.06612e-05	0.995868	0.882231	0.000123967	4.13223e-05	0.710366	0
	0.107	8.26446e-05	2.06612e-05	0.995868	0.882231	6.19835e-05	4.13223e-05	0.710366	0
	0.108	0.000103306	8.26446e-05	0.995868	0.882231	0.000123967	4.13223e-05	0.710366	0
	0.109	0.000123967	6.19835e-05	0.995868	0.880165	0.000165289	0.000165289	0.710366	0
	0.11	8.26446e-05	0.000103306	0.995868	0.878099	8.26446e-05	2.06612e-05	0.710366	0
	0.111	0.000123967	6.19835e-05	0.995868	0.871901	0.000144628	8.26446e-05	0.710366	0
	0.112	4.13223e-05	0.000144628	0.995868	0.869835	0.000144628	0.000103306	0.710366	0
	0.113	0.000165289	8.26446e-05	0.995868	0.865702	8.26446e-05	4.13223e-05	0.710366	0
	0.114	0.000144628	8.26446e-05	0.995868	0.865702	8.26446e-05	0.000103306	0.710366	0
	0.115	8.26446e-05	6.19835e-05	0.995868	0.865702	8.26446e-05	4.13223e-05	0.710366	0
	0.116	0.000103306	4.13223e-05	0.995868	0.863636	0.000123967	0.000144628	0.710366	0
	0.117	0.000123967	4.13223e-05	0.995868	0.86157	0.000123967	0.000144628	0.710366	0
	0.118	0.000123967	8.26446e-05	0.995868	0.86157	0.000103306	0.000103306	0.710366	0
	0.119	4.13223e-05	4.13223e-05	0.995868	0.86157	0.00018595	2.06612e-05	0.707317	0
	0.12	0.000144628	2.06612e-05	0.995868	0.86157	0.00018595	4.13223e-05	0.707317	0
	0.121	8.26446e-05	4.13223e-05	0.995868	0.859504	0.000144628	0.000103306	0.707317	0
	0.122	6.19835e-05	6.19835e-05	0.995868	0.859504	0.000103306	8.26446e-05	0.707317	0
	0.123	0.000247934	4.13223e-05	0.995868	0.859504	0.000144628	8.26446e-05	0.707317	0
	0.124	0.000103306	8.26446e-05	0.995868	0.857438	0.000165289	8.26446e-05	0.707317	0
	0.125	8.26446e-05	0.000103306	0.995868	0.855372	6.19835e-05	4.13223e-05	0.704268	0
	0.126	0.000103306	0.000123967	0.995868	0.853306	8.26446e-05	6.19835e-05	0.704268	0
	0.127	0.000165289	0	0.995868	0.849174	0.000123967	6.19835e-05	0.704268	0
	0.128	2.06612e-05	2.06612e-05	0.995868	0.849174	0.000103306	0.000123967	0.704268	0
	0.129	4.13223e-05	6.19835e-05	0.995868	0.849174	2.06612e-05	8.26446e-05	0.704268	0
	0.13	8.26446e-05	0.000103306	0.995868	0.849174	0.000206612	8.26446e-05	0.704268	0
	0.131	0.000206612	2.06612e-05	0.995868	0.845041	0.000103306	0.000165289	0.704268	0
	0.132	0.000144628	4.13223e-05	0.995868	0.845041	0.000144628	0.000103306	0.706422	0
	0.133	6.19835e-05	4.13223e-05	0.995868	0.845041	0.000165289	0.000144628	0.706422	0
	0.134	6.19835e-05	2.06612e-05	0.995868	0.845041	0.000123967	0.00018595	0.706422	0
	0.135	4.13223e-05	8.26446e-05	0.995868	0.845041	0.000206612	0.000123967	0.706422	0
	0.136	4.13223e-05	8.26446e-05	0.995868	0.845041	0.000123967	0.000103306	0.706422	0
	0.137	4.13223e-05	6.19835e-05	0.995868	0.845041	0.000165289	4.13223e-05	0.706422	0
	0.138	8.26446e-05	2.06612e-05	0.995868	0.845041	0.000206612	4.13223e-05	0.706422	0
	0.139	4.13223e-05	0.000123967	0.995868	0.845041	4.13223e-05	6.19835e-05	0.708589	0
	0.14	0	0.000103306	0.995868	0.845041	2.06612e-05	0.000165289	0.708589	0
	0.141	2.06612e-05	6.19835e-05	0.995868	0.845041	0.000103306	0.000123967	0.708589	0
	0.142	2.06612e-05	6.19835e-05	0.995868	0.845041	0.000103306	0.000144628	0.708589	0
	0.143	4.13223e-05	6.19835e-05	0.995868	0.845041	0.000123967	0.000144628	0.708589	0
	0.144	8.26446e-05	4.13223e-05	0.995868	0.842975	0.000268595	0.000144628	0.710769	0
	0.145	2.06612e-05	4.13223e-05	0.995868	0.840909	0.00018595	0.000103306	0.710769	0
	0.146	0	0.000103306	0.99793	0.836777	6.19835e-05	0.00018595	0.710769	0
	0.147	2.06612e-05	8.26446e-05	0.99793	0.836777	0.000144628	0.000103306	0.710769	0
	0.148	6.19835e-05	6.19835e-05	0.99793	0.836777	0.000144628	0.000144628	0.710769	0
	0.149	0	0.000103306	0.99793	0.832645	4.13223e-05	6.19835e-05	0.710769	0
	0.15	0	6.19835e-05	0.99793	0.828512	0.000144628	0.000206612	0.710769	0
	0.151	0	2.06612e-05	0.99793	0.822314	0.000103306	0.00018595	0.710769	0
	0.152	0	0.000123967	0.99793	0.820248	0.000103306	0.000144628	0.710769	0
	0.153	0	8.26446e-05	0.99793	0.818182	0.000227273	0.000103306	0.710769	0
	0.154	0	2.06612e-05	0.99793	0.818182	8.26446e-05	0.000144628	0.712963	0
	0.155	0	8.26446e-05	0.99793	0.818182	0.000165289	8.26446e-05	0.712963	0
	0.156	0	4.13223e-05	0.99793	0.818182	0.000165289	6.19835e-05	0.712963	0
	0.157	0	2.06612e-05	0.99793	0.816116	0.000144628	0.000123967	0.712963	0
	0.158	2.06612e-05	0.000103306	0.99793	0.816116	0.000206612	0.000289256	0.712963	0
	0.159	0	8.26446e-05	1	0.81405	0.000103306	0.000123967	0.712963	0
	0.16	0	6.19835e-05	1	0.81405	0.000103306	0.000144628	0.712963	0
	0.161	2.06612e-05	8.26446e-05	1	0.81405	0.000123967	0.000289256	0.712963	0
	0.162	0	6.19835e-05	0.997925	0.81405	0.000123967	0.000123967	0.712963	0
	0.163	0	0.000206612	0.997925	0.81405	0.00018595	0.000144628	0.712963	0
	0.164	0	6.19835e-05	0.997925	0.805785	0.000144628	0.000268595	0.71517	0
	0.165	0	2.06612e-05	0.997925	0.803719	0.000103306	0.000247934	0.71517	0
	0.166	2.06612e-05	0.000123967	0.997925	0.803719	8.26446e-05	0.000103306	0.71517	0
	0.167	0	8.26446e-05	0.997925	0.801653	8.26446e-05	0.000165289	0.71517	0
	0.168	0	0.000103306	0.997925	0.797521	8.26446e-05	0.000247934	0.71517	0
	0.169	0	0.000103306	0.997925	0.797521	6.19835e-05	0.000165289	0.71517	0
	0.17	0	0.000123967	0.997925	0.793388	2.06612e-05	0.00018595	0.71517	0
	0.171	2.06612e-05	0.000103306	0.997925	0.789256	4.13223e-05	0.00018595	0.71517	0
	0.172	2.06612e-05	4.13223e-05	0.997925	0.78719	4.13223e-05	0.000206612	0.71517	0
	0.173	0	2.06612e-05	0.997925	0.785124	4.13223e-05	0.000206612	0.71517	0
	0.174	2.06612e-05	0.000103306	0.997925	0.785124	0.000103306	0.000206612	0.71517	0
	0.175	0	0.000165289	0.997925	0.783058	0.000123967	0.000227273	0.71517	0
	0.176	8.26446e-05	0.000103306	0.997925	0.778926	4.13223e-05	0.000165289	0.71517	0
	0.177	4.13223e-05	8.26446e-05	0.997925	0.77686	0.000123967	0.000144628	0.71517	0
	0.178	2.06612e-05	6.19835e-05	0.997925	0.774793	0.000103306	0.000123967	0.71517	0
	0.179	0	6.19835e-05	0.997925	0.774793	6.19835e-05	0.00018595	0.712074	0
	0.18	4.13223e-05	8.26446e-05	0.997925	0.774793	0.000123967	0.000206612	0.712074	0
	0.181	4.13223e-05	4.13223e-05	0.995851	0.772727	2.06612e-05	0.000206612	0.712074	0
	0.182	0	8.26446e-05	0.995851	0.770661	6.19835e-05	0.00018595	0.712074	0
	0.183	4.13223e-05	4.13223e-05	0.995851	0.770661	4.13223e-05	0.000289256	0.712074	0
	0.184	8.26446e-05	0.000103306	0.995851	0.768595	2.06612e-05	0.000144628	0.714286	0
	0.185	2.06612e-05	8.26446e-05	0.995851	0.768595	0.000103306	0.000103306	0.714286	0
	0.186	4.13223e-05	6.19835e-05	0.995851	0.766529	2.06612e-05	0.000247934	0.716511	0
	0.187	2.06612e-05	0.000123967	0.995851	0.764463	4.13223e-05	0.000289256	0.716511	0
	0.188	0.000123967	0.000103306	0.995851	0.762397	0	0.000144628	0.716511	0
	0.189	4.13223e-05	0.000144628	0.995851	0.762397	0	0.000371901	0.716511	0
	0.19	8.26446e-05	0.000144628	0.995851	0.762397	8.26446e-05	0.000371901	0.716511	0
	0.191	8.26446e-05	0.000103306	0.993776	0.754132	8.26446e-05	0.000268595	0.71875	0
	0.192	0.000103306	0.000206612	0.993776	0.747934	2.06612e-05	0.000268595	0.71875	0
	0.193	0.000165289	0	0.993776	0.743802	2.06612e-05	0.000268595	0.71875	0
	0.194	0.00018595	0.000103306	0.993776	0.743802	2.06612e-05	0.00018595	0.71875	0
	0.195	0.000289256	8.26446e-05	0.993776	0.741736	8.26446e-05	0.000330579	0.71875	0
	0.196	0.000123967	0.000144628	0.993776	0.739669	6.19835e-05	0.000144628	0.71875	0
	0.197	0.000144628	0.000123967	0.993776	0.737603	0.000103306	0.000330579	0.71875	0
	0.198	0.00018595	0.000103306	0.993776	0.733471	4.13223e-05	0.000247934	0.71875	0
	0.199	0.00018595	0.000165289	0.993776	0.729339	2.06612e-05	0.000227273	0.71875	0
	0.2	0.000144628	6.19835e-05	0.991701	0.729339	0.000103306	0.000268595	0.71875	0
	0.201	0.000103306	8.26446e-05	0.991701	0.727273	0.000123967	0.00018595	0.71875	0
	0.202	0.00018595	0.000144628	0.991701	0.727273	8.26446e-05	0.000227273	0.721003	0
	0.203	0.000144628	0.000144628	0.991701	0.72314	0.000103306	0.000289256	0.721003	0
	0.204	0.000165289	0.000123967	0.991701	0.721074	0.000144628	0.000309917	0.721003	0
	0.205	0.000227273	8.26446e-05	0.991701	0.716942	0.000123967	0.000268595	0.721003	0
	0.206	8.26446e-05	0.000123967	0.991701	0.716942	6.19835e-05	0.000371901	0.721003	0
	0.207	0.000165289	8.26446e-05	0.991701	0.714876	0.000144628	0.000330579	0.721003	0
	0.208	0.00018595	0.000227273	0.991701	0.714876	8.26446e-05	0.000371901	0.721003	0
	0.209	0.000123967	0.000103306	0.991701	0.708678	0.00018595	0.00018595	0.721003	0
	0.21	0.000227273	0.000123967	0.991701	0.704545	0.000206612	0.000371901	0.721003	0
	0.211	0.00018595	0.000103306	0.991701	0.704545	0.000227273	0.00035124	0.721003	0
	0.212	0.000103306	8.26446e-05	0.991701	0.704545	0.000103306	0.000371901	0.721003	0
	0.213	6.19835e-05	0.000144628	0.991701	0.702479	0.000144628	0.000392562	0.721003	0
	0.214	8.26446e-05	0.000165289	0.991701	0.702479	0.000289256	0.000289256	0.721003	0
	0.215	0.000165289	0.000103306	0.991701	0.698347	0.000392562	0.000433884	0.721003	0
	0.216	0.000206612	0.000144628	0.991701	0.694215	0.000268595	0.000371901	0.721003	0
	0.217	0.000103306	0.000123967	0.989627	0.688017	0.000206612	0.000309917	0.721003	0
	0.218	0.000123967	0.000165289	0.989627	0.68595	0.00018595	0.000433884	0.721003	0
	0.219	0.000144628	8.26446e-05	0.989627	0.683884	0.000227273	0.000227273	0.721003	0
	0.22	0.000165289	0.000206612	0.989627	0.677686	0.000371901	0.000371901	0.721003	0
	0.221	0.000103306	8.26446e-05	0.987552	0.677686	0.000206612	0.000392562	0.717868	0
	0.222	0.000103306	0.000123967	0.987552	0.673554	0.000144628	0.00035124	0.717868	0
	0.223	0.000206612	0.000123967	0.987552	0.673554	0.000227273	0.000454545	0.717868	0
	0.224	0.000144628	0.000123967	0.987552	0.669421	0.000247934	0.000392562	0.717868	0
	0.225	0.000123967	0.000165289	0.987552	0.667355	0.00018595	0.000268595	0.717868	0
	0.226	8.26446e-05	0.000103306	0.987552	0.667355	0.00018595	0.000433884	0.717868	0
	0.227	0.000206612	4.13223e-05	0.989605	0.665289	0.00018595	0.000268595	0.717868	0
	0.228	0.000123967	0.000165289	0.989605	0.663223	0.000268595	0.000475207	0.717868	0
	0.229	0.000103306	0.000103306	0.989605	0.661157	0.000123967	0.000371901	0.717868	0
	0.23	0.000144628	6.19835e-05	0.989605	0.659091	0.000206612	0.000681818	0.717868	0
	0.231	0.000123967	0.000144628	0.989605	0.659091	0.000123967	0.000371901	0.717868	0
	0.232	0.000165289	0.00018595	0.989605	0.654959	0.000123967	0.000392562	0.717868	0
	0.233	0.000247934	0.000123967	0.989605	0.652893	8.26446e-05	0.000516529	0.717868	0
	0.234	0.00018595	0.000165289	0.989605	0.64876	0.000247934	0.000433884	0.717868	0
	0.235	0.00018595	0.000123967	0.989605	0.644628	0.000103306	0.00035124	0.714734	0
	0.236	0.00018595	0.00018595	0.989605	0.644628	0.000247934	0.000330579	0.714734	0
	0.237	0.000123967	0.000165289	0.989605	0.63843	0.000206612	0.000247934	0.714734	0
	0.238	6.19835e-05	0.000123967	0.989605	0.632231	0.000227273	0.000413223	0.714734	0
	0.239	0.000144628	0.000227273	0.989605	0.630165	0.000144628	0.000557851	0.714734	0
	0.24	8.26446e-05	0.00018595	0.991667	0.623967	0.000144628	0.000289256	0.714734	0
	0.241	0.000247934	0.000206612	0.991667	0.621901	8.26446e-05	0.00035124	0.714734	0
	0.242	0.00018595	0.000103306	0.991667	0.615702	8.26446e-05	0.000330579	0.711599	0
	0.243	6.19835e-05	8.26446e-05	0.991667	0.613636	0.000123967	0.000413223	0.711599	0
	0.244	0.00018595	0.000289256	0.991667	0.61157	0.000103306	0.000557851	0.708464	0
	0.245	8.26446e-05	0.00018595	0.991667	0.605372	0.000103306	0.000206612	0.710692	0
	0.246	0.000144628	0.00018595	0.991667	0.603306	0.000165289	0.000433884	0.709779	0
	0.247	0.000123967	0.000165289	0.991667	0.599174	4.13223e-05	0.000289256	0.706625	0
	0.248	0.00018595	0.000206612	0.991667	0.599174	0.000165289	0.000371901	0.706625	0
	0.249	0.000247934	0.000309917	0.991667	0.599174	0.000289256	0.000454545	0.706625	0
	0.25	0.000165289	0.000206612	0.991667	0.592975	0.000227273	0.000371901	0.708861	0
	0.251	0.000123967	0.000206612	0.991667	0.590909	0.000165289	0.000392562	0.708861	0
	0.252	0.000144628	0.00018595	0.991667	0.582645	0.000206612	0.000433884	0.708861	0
	0.253	0.000165289	0.000206612	0.991667	0.578512	0.000165289	0.00035124	0.708861	0
	0.254	0.000103306	0.000268595	0.991667	0.578512	0.000227273	0.000268595	0.708861	0
	0.255	0.000144628	0.000123967	0.991667	0.57438	0.000206612	0.000165289	0.708861	0
	0.256	0.000103306	0.000309917	0.991667	0.570248	0.000289256	0.000619835	0.708861	0
	0.257	0.000227273	0.000165289	0.991667	0.568182	0.000123967	0.000495868	0.708861	0
	0.258	0.00018595	0.000103306	0.991667	0.56405	0.000309917	0.000516529	0.708861	0
	0.259	0.000144628	0.000268595	0.991667	0.56405	0.000247934	0.00035124	0.708861	0
	0.26	0.000247934	0.00018595	0.991667	0.559917	0.000289256	0.000495868	0.708861	0
	0.261	4.13223e-05	0.000144628	0.993737	0.557851	0.000268595	0.000516529	0.708861	0
	0.262	8.26446e-05	0.000165289	0.993737	0.553719	0.000206612	0.000433884	0.708861	0
	0.263	0.000103306	0.000227273	0.993737	0.551653	0.000413223	0.000433884	0.708861	0
	0.264	6.19835e-05	0.00018595	0.993737	0.549587	0.000433884	0.000392562	0.708861	0
	0.265	0	0.000206612	0.993737	0.545455	0.000392562	0.00053719	0.711111	0
	0.266	2.06612e-05	0.00035124	0.993737	0.543388	0.000371901	0.000371901	0.711111	0
	0.267	4.13223e-05	0.000206612	0.993737	0.541322	0.000578512	0.000475207	0.713376	0
	0.268	0.000123967	0.000123967	0.993737	0.539256	0.00035124	0.00035124	0.713376	0
	0.269	0.000103306	0.000206612	0.993737	0.539256	0.000578512	0.000516529	0.713376	0
	0.27	6.19835e-05	0.000268595	0.993737	0.535124	0.000309917	0.000433884	0.713376	0
	0.271	4.13223e-05	0.000289256	0.995816	0.533058	0.000557851	0.000557851	0.713376	0
	0.272	2.06612e-05	0.000165289	0.993724	0.52686	0.000516529	0.000392562	0.713376	0
	0.273	6.19835e-05	0.000165289	0.993724	0.52686	0.000619835	0.000247934	0.715655	0
	0.274	2.06612e-05	0.000289256	0.993724	0.52686	0.000578512	0.000413223	0.715655	0
	0.275	2.06612e-05	0.000309917	0.991632	0.524793	0.000516529	0.000475207	0.715655	0
	0.276	2.06612e-05	0.000413223	0.991632	0.522727	0.00053719	0.00072314	0.715655	0
	0.277	4.13223e-05	0.000103306	0.991632	0.518595	0.000413223	0.000289256	0.715655	0
	0.278	6.19835e-05	0.000268595	0.991632	0.518595	0.000599174	0.000495868	0.715655	0
	0.279	0	0.000123967	0.991632	0.516529	0.000785124	0.000619835	0.715655	0
	0.28	6.19835e-05	0.000206612	0.991632	0.516529	0.00053719	0.000413223	0.71246	0
	0.281	2.06612e-05	0.000227273	0.991632	0.514463	0.000578512	0.000371901	0.71246	0
	0.282	4.13223e-05	0.00018595	0.98954	0.510331	0.000413223	0.000433884	0.71246	0
	0.283	2.06612e-05	0.000206612	0.98954	0.510331	0.000495868	0.000681818	0.71246	0
	0.284	6.19835e-05	0.000289256	0.98954	0.508264	0.00035124	0.000619835	0.71246	0
	0.285	2.06612e-05	8.26446e-05	0.98954	0.504132	0.000454545	0.000495868	0.71246	0
	0.286	4.13223e-05	0.000247934	0.991614	0.504132	0.000516529	0.000454545	0.71246	0
	0.287	0	0.00018595	0.991614	0.497934	0.000289256	0.000433884	0.71246	0
	0.288	0	0.000144628	0.991614	0.493802	0.00053719	0.000640496	0.71246	0
	0.289	4.13223e-05	0.000268595	0.991614	0.491736	0.000309917	0.000805785	0.71246	0
	0.29	4.13223e-05	0.000247934	0.993697	0.481405	0.00053719	0.000557851	0.71246	0
	0.291	2.06612e-05	0.000227273	0.993697	0.47314	0.000330579	0.000454545	0.71246	0
	0.292	0.000103306	0.000330579	0.993697	0.464876	0.00035124	0.000289256	0.71246	0
	0.293	0.000123967	0.000247934	0.991597	0.46281	0.000227273	0.000454545	0.71246	0
	0.294	4.13223e-05	0.000206612	0.989496	0.456612	0.000475207	0.00035124	0.709265	0
	0.295	2.06612e-05	0.000268595	0.989496	0.452479	0.000413223	0.000640496	0.709265	0
	0.296	4.13223e-05	0.000309917	0.989496	0.450413	0.000247934	0.000619835	0.711538	0
	0.297	0.000103306	0.000392562	0.989496	0.446281	0.000268595	0.000433884	0.711538	0
	0.298	0	0.000289256	0.989496	0.442149	0.000309917	0.000599174	0.711538	0
	0.299	0.000144628	0.000227273	0.989496	0.438017	0.000268595	0.000495868	0.711538	0
	0.3	0.000103306	0.000268595	0.989496	0.438017	0.000392562	0.000516529	0.710611	0
	0.301	6.19835e-05	0.000289256	0.989496	0.431818	0.000206612	0.000495868	0.711974	0
	0.302	0.000144628	0.000475207	0.989496	0.429752	0.000330579	0.000330579	0.711974	0
	0.303	0.000123967	0.000289256	0.987395	0.415289	0.000227273	0.000392562	0.711974	0
	0.304	0.000165289	0.000392562	0.987395	0.409091	0.000392562	0.00053719	0.714286	0
	0.305	0.000165289	0.000289256	0.987395	0.404959	0.000227273	0.000557851	0.716612	0
	0.306	0.000144628	0.000330579	0.987395	0.404959	0.000289256	0.000454545	0.716612	0
	0.307	0.000144628	0.000309917	0.987395	0.402893	0.000289256	0.000640496	0.718954	0
	0.308	0.000247934	0.000330579	0.987395	0.402893	0.000227273	0.000578512	0.718954	0
	0.309	0.00018595	0.000247934	0.987395	0.396694	0.000227273	0.000640496	0.718954	0
	0.31	0.000144628	0.000289256	0.987395	0.392562	0.000392562	0.000495868	0.718954	0
	0.311	0.00018595	0.000206612	0.987395	0.390496	0.000309917	0.000454545	0.718954	0
	0.312	0.000227273	0.000227273	0.987395	0.384298	0.000206612	0.000495868	0.718954	0
	0.313	0.000227273	0.000371901	0.987395	0.378099	0.000206612	0.000454545	0.718954	0
	0.314	0.000247934	0.000371901	0.987395	0.373967	0.000330579	0.000475207	0.718954	0
	0.315	0.00018595	0.00035124	0.987395	0.371901	0.000309917	0.000661157	0.718954	0
	0.316	0.00035124	0.000454545	0.987395	0.365702	0.000206612	0.000619835	0.721311	0
	0.317	0.00018595	0.000392562	0.987395	0.359504	0.000206612	0.000578512	0.721311	0
	0.318	0.000165289	0.000289256	0.987395	0.353306	0.000309917	0.00053719	0.723684	0
	0.319	0.000309917	0.00035124	0.987395	0.35124	0.000144628	0.000475207	0.723684	0
	0.32	0.000206612	0.000413223	0.987395	0.345041	0.000309917	0.000454545	0.723684	0
	0.321	0.000247934	0.000392562	0.987395	0.342975	0.00035124	0.000475207	0.723684	0
	0.322	0.00018595	0.000247934	0.987395	0.338843	0.000268595	0.000661157	0.723684	0
	0.323	0.00035124	0.000247934	0.987395	0.332645	0.00035124	0.000454545	0.726073	0
	0.324	0.000227273	0.000454545	0.987395	0.328512	0.00035124	0.000557851	0.726073	0
	0.325	0.000227273	0.000309917	0.987395	0.318182	0.000247934	0.00072314	0.726073	0
	0.326	0.00018595	0.000392562	0.987395	0.316116	0.000330579	0.000516529	0.726073	0
	0.327	0.000247934	0.000392562	0.987395	0.311983	0.000165289	0.000619835	0.726073	0
	0.328	0.000268595	0.000227273	0.987395	0.307851	0.000309917	0.000433884	0.726073	0
	0.329	0.000247934	0.000330579	0.987395	0.303719	0.000268595	0.000392562	0.728477	0
	0.33	0.000247934	0.000289256	0.987395	0.301653	0.000268595	0.000495868	0.728477	0
	0.331	0.000206612	0.000475207	0.987395	0.301653	0.000268595	0.000433884	0.728477	0
	0.332	0.000309917	0.000330579	0.987395	0.301653	0.000206612	0.000330579	0.730897	0
	0.333	0.000165289	0.000247934	0.987395	0.301653	0.000330579	0.000413223	0.730897	0
	0.334	0.000227273	0.000433884	0.987395	0.301653	0.000123967	0.00053719	0.73	0
	0.335	0.000123967	0.00035124	0.987395	0.299587	0.000289256	0.000599174	0.73	0
	0.336	0.000289256	0.000392562	0.987395	0.299587	0.000289256	0.000495868	0.726667	0
	0.337	0.000247934	0.000495868	0.987395	0.299587	0.000309917	0.000454545	0.726667	0
	0.338	0.000247934	0.000495868	0.987395	0.295455	0.000123967	0.000640496	0.726667	0
	0.339	0.00018595	0.000227273	0.985294	0.291322	0.000206612	0.000516529	0.726667	0
	0.34	0.000144628	0.000371901	0.985294	0.289256	0.000309917	0.000557851	0.726667	0
	0.341	0.000268595	0.000309917	0.985294	0.283058	0.000227273	0.000619835	0.726667	0
	0.342	0.000206612	0.000433884	0.987368	0.280992	0.000268595	0.000847107	0.723333	0
	0.343	0.000144628	0.000268595	0.987368	0.278926	0.000309917	0.000495868	0.723333	0
	0.344	8.26446e-05	0.000371901	0.987368	0.27686	0.000227273	0.00072314	0.725753	0
	0.345	0.000123967	0.000454545	0.987368	0.270661	0.00018595	0.000413223	0.725753	0
	0.346	0.000123967	0.000495868	0.987368	0.266529	0.000309917	0.000578512	0.728188	0
	0.347	0.000103306	0.000454545	0.987368	0.262397	0.000392562	0.000661157	0.724832	0
	0.348	0.000165289	0.000475207	0.987368	0.260331	0.000206612	0.000516529	0.724832	0
	0.349	0.000123967	0.000330579	0.987368	0.254132	0.000268595	0.000661157	0.724832	0
	0.35	6.19835e-05	0.000454545	0.987368	0.254132	0.00035124	0.000475207	0.724832	0
	0.351	0.000144628	0.000392562	0.987368	0.247934	0.000206612	0.000619835	0.724832	0
	0.352	0.000165289	0.000289256	0.987368	0.245868	0.000289256	0.000661157	0.724832	0
	0.353	0.000144628	0.00035124	0.985263	0.245868	0.000289256	0.000516529	0.724832	0
	0.354	0.000144628	0.000413223	0.985263	0.243802	0.000247934	0.000433884	0.724832	0
	0.355	0.00018595	0.000433884	0.985263	0.239669	0.000392562	0.000578512	0.724832	0
	0.356	0.00018595	0.000392562	0.985263	0.239669	0.000371901	0.000619835	0.727273	0
	0.357	0.000123967	0.000330579	0.985263	0.231405	0.000475207	0.000702479	0.726351	0
	0.358	8.26446e-05	0.000330579	0.985263	0.227273	0.000289256	0.000454545	0.725424	0
	0.359	4.13223e-05	0.000495868	0.985263	0.227273	0.000268595	0.000557851	0.725424	0
	0.36	0.000103306	0.000454545	0.985263	0.225207	0.000433884	0.000619835	0.725424	0
	0.361	0.000103306	0.000371901	0.985263	0.22314	0.000289256	0.000764463	0.725424	0
	0.362	4.13223e-05	0.000289256	0.983158	0.219008	0.000309917	0.000578512	0.725424	0
	0.363	2.06612e-05	0.000268595	0.983158	0.216942	0.00053719	0.000516529	0.725424	0
	0.364	0.000144628	0.000557851	0.983158	0.214876	0.000413223	0.000702479	0.725424	0
	0.365	0.000103306	0.000371901	0.983158	0.214876	0.000433884	0.000681818	0.725424	0
	0.366	0.00018595	0.000433884	0.983158	0.208678	0.000289256	0.000578512	0.727891	0
	0.367	0.000123967	0.000371901	0.985232	0.208678	0.000557851	0.000495868	0.727891	0
	0.368	2.06612e-05	0.00035124	0.987315	0.200413	0.000413223	0.000785124	0.72449	0
	0.369	8.26446e-05	0.000475207	0.987315	0.200413	0.000413223	0.000578512	0.72449	0
	0.37	0.000103306	0.000454545	0.987315	0.198347	0.000495868	0.000516529	0.72449	0
	0.371	0.000206612	0.000454545	0.987315	0.194215	0.000578512	0.000681818	0.72449	0
	0.372	0.000123967	0.000413223	0.989407	0.18595	0.000578512	0.000681818	0.729452	0
	0.373	0.000123967	0.000475207	0.991507	0.177686	0.000454545	0.000661157	0.731959	0
	0.374	6.19835e-05	0.000371901	0.989384	0.173554	0.00035124	0.000619835	0.731959	0
	0.375	0.000103306	0.00035124	0.989384	0.169421	0.00053719	0.000826446	0.731959	0
	0.376	4.13223e-05	0.00035124	0.989384	0.165289	0.000330579	0.000495868	0.731959	0
	0.377	6.19835e-05	0.000495868	0.989384	0.165289	0.000516529	0.000578512	0.731959	0
	0.378	6.19835e-05	0.000413223	0.987261	0.165289	0.000330579	0.000847107	0.731959	0
	0.379	0.00018595	0.000309917	0.987261	0.161157	0.000640496	0.000867769	0.731959	0
	0.38	0.000268595	0.000495868	0.987261	0.157025	0.000578512	0.000909091	0.731959	0
	0.381	0.000165289	0.000268595	0.985138	0.154959	0.000495868	0.000826446	0.731034	0
	0.382	0.000165289	0.000433884	0.985138	0.152893	0.000433884	0.000578512	0.731034	0
	0.383	0.000227273	0.000413223	0.983015	0.146694	0.000516529	0.000681818	0.727586	0
	0.384	0.00018595	0.000495868	0.980892	0.144628	0.000330579	0.000805785	0.724138	0
	0.385	0.000206612	0.00053719	0.980892	0.144628	0.000475207	0.000909091	0.726644	0
	0.386	0.000103306	0.00053719	0.980892	0.142562	0.000516529	0.000619835	0.726644	0
	0.387	0.000123967	0.000227273	0.980892	0.136364	0.000413223	0.00072314	0.726644	0
	0.388	0.00018595	0.000495868	0.980892	0.136364	0.000578512	0.000640496	0.726644	0
	0.389	0.000144628	0.000413223	0.980892	0.132231	0.000413223	0.000805785	0.726644	0
	0.39	0.000289256	0.000475207	0.980892	0.130165	0.000413223	0.00072314	0.726644	0
	0.391	0.000165289	0.000454545	0.980892	0.126033	0.000578512	0.000847107	0.723183	0
	0.392	0.000144628	0.000578512	0.980892	0.126033	0.000702479	0.000599174	0.723183	0
	0.393	0.000268595	0.000371901	0.980892	0.119835	0.000578512	0.000702479	0.723183	0
	0.394	0.000165289	0.000495868	0.978769	0.117769	0.000495868	0.000516529	0.725694	0
	0.395	0.000206612	0.000475207	0.978769	0.117769	0.000640496	0.000785124	0.725694	0
	0.396	0.00018595	0.00053719	0.978769	0.113636	0.000578512	0.000764463	0.71875	0
	0.397	0.000289256	0.000309917	0.976645	0.113636	0.000599174	0.000702479	0.71875	0
	0.398	0.000247934	0.000268595	0.972399	0.109504	0.000661157	0.000847107	0.715278	0
	0.399	0.000413223	0.000661157	0.972399	0.109504	0.000433884	0.000867769	0.711806	0
	0.4	0.00018595	0.000619835	0.972399	0.103306	0.000764463	0.000702479	0.711806	0
	0.401	0.000309917	0.000433884	0.974468	0.10124	0.000371901	0.000991736	0.711806	0
	0.402	0.000330579	0.00035124	0.974468	0.0991736	0.000454545	0.000950413	0.708333	0
	0.403	0.000289256	0.00053719	0.974468	0.0971074	0.000309917	0.000702479	0.708333	0
	0.404	0.000206612	0.000475207	0.974468	0.0950413	0.000495868	0.000702479	0.704861	0
	0.405	0.000268595	0.000475207	0.974468	0.0950413	0.000661157	0.000619835	0.703833	0
	0.406	0.000247934	0.000433884	0.974468	0.0950413	0.000371901	0.000909091	0.703833	0
	0.407	0.000247934	0.000433884	0.974468	0.0929752	0.000578512	0.000702479	0.706294	0
	0.408	0.000454545	0.000227273	0.974468	0.0909091	0.000495868	0.00103306	0.706294	0
	0.409	0.000289256	0.000475207	0.97234	0.0909091	0.000371901	0.00072314	0.706294	0
	0.41	0.000495868	0.000413223	0.97234	0.0847107	0.000661157	0.000661157	0.706294	0
	0.411	0.000557851	0.000495868	0.97234	0.0847107	0.000454545	0.000681818	0.708772	0
	0.412	0.000475207	0.000557851	0.968085	0.0847107	0.000495868	0.000909091	0.708772	0
	0.413	0.00035124	0.000413223	0.968085	0.0847107	0.000640496	0.000599174	0.708772	0
	0.414	0.000392562	0.00053719	0.968085	0.0847107	0.000578512	0.000950413	0.711268	0
	0.415	0.000495868	0.000557851	0.968085	0.0847107	0.000640496	0.000929752	0.711268	0
	0.416	0.000413223	0.000640496	0.968085	0.0826446	0.000785124	0.000909091	0.711268	0
	0.417	0.000454545	0.000475207	0.968085	0.0826446	0.000640496	0.000971074	0.711268	0
	0.418	0.000578512	0.000495868	0.970149	0.0826446	0.00072314	0.000867769	0.711268	0
	0.419	0.000495868	0.000433884	0.970149	0.0805785	0.000619835	0.000805785	0.711268	0
	0.42	0.000557851	0.000433884	0.970149	0.0805785	0.000495868	0.00088843	0.707746	0
	0.421	0.000247934	0.000392562	0.970149	0.0805785	0.000702479	0.00107438	0.710247	0
	0.422	0.000371901	0.00035124	0.970149	0.0805785	0.000557851	0.000909091	0.710247	0
	0.423	0.000516529	0.00053719	0.970149	0.0805785	0.000475207	0.000805785	0.70922	0
	0.424	0.000371901	0.000578512	0.970149	0.0805785	0.000475207	0.000826446	0.711744	0
	0.425	0.000557851	0.000392562	0.972222	0.0805785	0.000971074	0.0010124	0.711744	0
	0.426	0.000454545	0.000475207	0.972222	0.0805785	0.000516529	0.000971074	0.711744	0
	0.427	0.000371901	0.000454545	0.970085	0.0785124	0.000702479	0.000929752	0.711744	0
	0.428	0.000640496	0.000454545	0.970085	0.0785124	0.000681818	0.000867769	0.714286	0
	0.429	0.000392562	0.000661157	0.965812	0.0785124	0.000599174	0.00072314	0.714286	0
	0.43	0.00035124	0.000495868	0.965812	0.0764463	0.000578512	0.000785124	0.714286	0
	0.431	0.000495868	0.000578512	0.965812	0.0743802	0.000640496	0.000764463	0.714286	0
	0.432	0.000516529	0.000433884	0.965812	0.072314	0.000702479	0.000702479	0.710714	0
	0.433	0.000371901	0.000557851	0.965812	0.072314	0.000702479	0.00113636	0.710714	0
	0.434	0.000578512	0.000433884	0.965812	0.072314	0.000661157	0.00105372	0.707143	0
	0.435	0.000413223	0.000599174	0.965812	0.072314	0.000681818	0.000867769	0.709677	0
	0.436	0.000516529	0.000640496	0.963675	0.072314	0.00088843	0.00107438	0.71223	0
	0.437	0.000371901	0.000516529	0.963675	0.0702479	0.000578512	0.000929752	0.71223	0
	0.438	0.000413223	0.00053719	0.963675	0.0681818	0.000743802	0.00107438	0.714801	0
	0.439	0.000330579	0.000475207	0.963675	0.0681818	0.000640496	0.0011157	0.714801	0
	0.44	0.000454545	0.000578512	0.963675	0.0681818	0.000557851	0.0010124	0.711191	0
	0.441	0.000475207	0.000640496	0.963675	0.0661157	0.000475207	0.0011157	0.707581	0
	0.442	0.000413223	0.000454545	0.963675	0.0661157	0.000640496	0.000971074	0.710145	0
	0.443	0.000392562	0.000475207	0.963675	0.0661157	0.000702479	0.000847107	0.709091	0
	0.444	0.00035124	0.00053719	0.963675	0.0640496	0.000557851	0.000702479	0.709091	0
	0.445	0.000454545	0.000289256	0.963675	0.0640496	0.000702479	0.00115702	0.709091	0
	0.446	0.000495868	0.000454545	0.963675	0.0640496	0.000702479	0.000826446	0.708029	0
	0.447	0.000413223	0.000578512	0.965739	0.0640496	0.000743802	0.00123967	0.710623	0
	0.448	0.00053719	0.000599174	0.967811	0.0640496	0.000516529	0.000950413	0.70696	0
	0.449	0.000289256	0.000599174	0.967811	0.0640496	0.000578512	0.00103306	0.70696	0
	0.45	0.000454545	0.000495868	0.967811	0.0599174	0.000619835	0.00107438	0.70696	0
	0.451	0.000392562	0.000640496	0.967811	0.0578512	0.000661157	0.00103306	0.709559	0
	0.452	0.000371901	0.000619835	0.967811	0.0578512	0.000619835	0.00128099	0.705882	0
	0.453	0.000392562	0.00035124	0.969892	0.0578512	0.000454545	0.000826446	0.705882	0
	0.454	0.000227273	0.000475207	0.969892	0.0578512	0.000557851	0.000950413	0.705882	0
	0.455	0.00035124	0.000557851	0.971983	0.0578512	0.000557851	0.0010124	0.705882	0
	0.456	0.000433884	0.000557851	0.971983	0.0578512	0.000681818	0.00115702	0.705882	0
	0.457	0.000371901	0.000516529	0.971983	0.0578512	0.000557851	0.000743802	0.702206	0
	0.458	0.000433884	0.000847107	0.971983	0.0578512	0.000971074	0.00119835	0.698529	0
	0.459	0.000330579	0.000764463	0.971983	0.0578512	0.000764463	0.00136364	0.697417	0
	0.46	0.000392562	0.000557851	0.971983	0.0557851	0.00088843	0.00123967	0.7	0
	0.461	0.000495868	0.000516529	0.969828	0.0557851	0.000764463	0.000950413	0.7	0
	0.462	0.000227273	0.000785124	0.969828	0.0557851	0.000847107	0.00128099	0.7	0
	0.463	0.00035124	0.00053719	0.969828	0.0557851	0.000805785	0.000785124	0.698885	0
	0.464	0.000413223	0.000578512	0.969828	0.0557851	0.000950413	0.0010124	0.698885	0
	0.465	0.000289256	0.00053719	0.969828	0.0557851	0.000805785	0.000929752	0.695167	0
	0.466	0.000309917	0.000578512	0.969828	0.053719	0.000950413	0.00117769	0.684015	0
	0.467	0.000247934	0.000578512	0.971861	0.053719	0.000950413	0.00109504	0.684015	0
	0.468	0.000247934	0.000516529	0.969697	0.053719	0.000971074	0.00105372	0.686567	0
	0.469	0.000413223	0.000557851	0.969697	0.0516529	0.0010124	0.00117769	0.689139	0
	0.47	0.000268595	0.000619835	0.9718	0.0516529	0.00115702	0.000909091	0.684211	0
	0.471	0.000309917	0.000392562	0.9718	0.0516529	0.000909091	0.000950413	0.684211	0
	0.472	0.000413223	0.000475207	0.973913	0.0516529	0.000991736	0.000785124	0.680451	0
	0.473	0.00035124	0.000867769	0.973913	0.0516529	0.000826446	0.00126033	0.675472	0
	0.474	0.000123967	0.000454545	0.976035	0.0516529	0.00103306	0.00132231	0.674242	0
	0.475	0.000268595	0.000516529	0.976035	0.0495868	0.000847107	0.00140496	0.676806	0
	0.476	0.00018595	0.000599174	0.976035	0.0495868	0.000950413	0.00126033	0.673004	0
	0.477	0.00018595	0.000495868	0.973856	0.0495868	0.00157025	0.00105372	0.675573	0
	0.478	0.000227273	0.00035124	0.973856	0.0495868	0.000826446	0.000929752	0.678161	0
	0.479	0.000165289	0.000516529	0.973856	0.0495868	0.00107438	0.00132231	0.678161	0
	0.48	0.000144628	0.000599174	0.973856	0.0495868	0.00109504	0.00126033	0.680769	0
	0.481	0.000165289	0.000681818	0.973856	0.0495868	0.00113636	0.0010124	0.683398	0
	0.482	0.000206612	0.000475207	0.971678	0.0495868	0.00130165	0.00128099	0.683398	0
	0.483	0.000144628	0.00053719	0.971678	0.0495868	0.0013843	0.00103306	0.682171	0
	0.484	0.000247934	0.000371901	0.971678	0.0495868	0.00109504	0.00123967	0.684825	0
	0.485	0.000247934	0.000454545	0.971678	0.0495868	0.00121901	0.00140496	0.680934	0
	0.486	0.000227273	0.000681818	0.971678	0.0495868	0.0014876	0.00121901	0.673152	0
	0.487	0.000309917	0.000516529	0.971678	0.0495868	0.00126033	0.00121901	0.675781	0
	0.488	0.000268595	0.000495868	0.97593	0.0495868	0.00154959	0.00123967	0.678431	0
	0.489	0.000289256	0.000681818	0.97807	0.0495868	0.00136364	0.0010124	0.678431	0
	0.49	0.00035124	0.000475207	0.97807	0.0495868	0.00140496	0.00144628	0.681102	0
	0.491	0.000144628	0.000516529	0.975877	0.0495868	0.00157025	0.0014876	0.679842	0
	0.492	0.00018595	0.000495868	0.975877	0.0495868	0.00132231	0.00154959	0.678571	0
	0.493	0.000227273	0.000413223	0.975877	0.0495868	0.00140496	0.00128099	0.677291	0
	0.494	0.000247934	0.000702479	0.973684	0.0475207	0.00171488	0.00123967	0.676	0
	0.495	0.000247934	0.00053719	0.973684	0.0475207	0.00190083	0.00144628	0.677419	0
	0.496	0.00018595	0.000454545	0.971491	0.0454545	0.00196281	0.00121901	0.673387	0
	0.497	0.000227273	0.00053719	0.971491	0.0433884	0.00229339	0.00159091	0.672065	0
	0.498	0.000371901	0.00072314	0.971491	0.0433884	0.00216942	0.00123967	0.672065	0
	0.499	0.000330579	0.000661157	0.971491	0.0433884	0.00194215	0.00161157	0.668016	0
	0.5	0.00018595	0.000413223	0.969298	0.0433884	0.00192149	0.00150826	0.673469	0
	0.501	0.000371901	0.000433884	0.969298	0.0433884	0.0025	0.0017562	0.668033	0
	0.502	0.000247934	0.000681818	0.969298	0.0433884	0.00229339	0.00113636	0.659836	0
	0.503	0.000289256	0.000413223	0.969298	0.0433884	0.00221074	0.0014876	0.662551	0
	0.504	0.000247934	0.000516529	0.969298	0.0413223	0.00179752	0.00167355	0.665289	0
	0.505	0.000371901	0.000516529	0.969298	0.0413223	0.00198347	0.00136364	0.657025	0
	0.506	0.00035124	0.000475207	0.969298	0.0413223	0.00231405	0.00169421	0.6625	0
	0.507	0.000371901	0.000826446	0.973568	0.0413223	0.00245868	0.00130165	0.670886	0
	0.508	0.000289256	0.000413223	0.973568	0.0413223	0.00196281	0.00150826	0.666667	0
	0.509	0.00035124	0.000495868	0.973568	0.0413223	0.00214876	0.00159091	0.662447	0
	0.51	0.000330579	0.00053719	0.973568	0.0413223	0.00194215	0.00123967	0.666667	0
	0.511	0.000392562	0.000578512	0.973568	0.0413223	0.00225207	0.00140496	0.665236	0
	0.512	0.000247934	0.000557851	0.975717	0.0413223	0.00241736	0.00130165	0.660944	0
	0.513	0.000392562	0.000495868	0.975717	0.0413223	0.00221074	0.00159091	0.655172	0
	0.514	0.000330579	0.000867769	0.975717	0.0413223	0.00208678	0.0017562	0.650862	0
	0.515	0.000475207	0.000640496	0.975717	0.0392562	0.00208678	0.00144628	0.650862	0
	0.516	0.000454545	0.00035124	0.975717	0.0392562	0.00200413	0.00130165	0.65368	0
	0.517	0.000268595	0.000599174	0.975717	0.0392562	0.00173554	0.00173554	0.656522	0
	0.518	0.000371901	0.000743802	0.975717	0.0392562	0.00167355	0.00140496	0.659389	0
	0.519	0.000413223	0.000619835	0.975717	0.0392562	0.00194215	0.00171488	0.657895	0
	0.52	0.00053719	0.000599174	0.975717	0.0392562	0.0022314	0.00132231	0.663717	0
	0.521	0.000495868	0.000681818	0.975717	0.0392562	0.00200413	0.00126033	0.657778	0
	0.522	0.000619835	0.00072314	0.977876	0.0392562	0.00150826	0.00140496	0.660714	0
	0.523	0.000309917	0.000454545	0.977876	0.0392562	0.00216942	0.00130165	0.666667	0
	0.524	0.00035124	0.000681818	0.977876	0.0392562	0.00169421	0.00198347	0.665158	0
	0.525	0.000371901	0.000599174	0.980044	0.0392562	0.00183884	0.00152893	0.660633	0
	0.526	0.000454545	0.000702479	0.980044	0.0392562	0.00173554	0.00128099	0.663636	0
	0.527	0.00053719	0.000681818	0.980044	0.0392562	0.00206612	0.00144628	0.665138	0
	0.528	0.000268595	0.000619835	0.980044	0.0392562	0.0017562	0.00159091	0.663594	0
	0.529	0.000268595	0.000619835	0.980044	0.0392562	0.00194215	0.00144628	0.660465	0
	0.53	0.000392562	0.000599174	0.980044	0.0392562	0.0018595	0.00167355	0.663551	0
	0.531	0.000289256	0.00053719	0.980044	0.0392562	0.00177686	0.00121901	0.669811	0
	0.532	0.000268595	0.000392562	0.980044	0.0392562	0.00196281	0.00163223	0.669811	0
	0.533	0.000309917	0.000661157	0.980044	0.0392562	0.00179752	0.00140496	0.671429	0
	0.534	0.000268595	0.00072314	0.980044	0.0392562	0.00192149	0.00105372	0.674641	0
	0.535	0.000413223	0.000640496	0.977827	0.0392562	0.00146694	0.0014876	0.674641	0
	0.536	0.000330579	0.000454545	0.977827	0.0392562	0.00183884	0.00173554	0.677885	0
	0.537	0.000206612	0.000619835	0.977827	0.0392562	0.00194215	0.00154959	0.674757	0
	0.538	0.000289256	0.000599174	0.977827	0.0392562	0.00171488	0.00121901	0.669903	0
	0.539	0.000289256	0.000516529	0.977827	0.0392562	0.00173554	0.00161157	0.671569	0
	0.54	6.19835e-05	0.000764463	0.98	0.0392562	0.00202479	0.00117769	0.674877	0
	0.541	0.000227273	0.000413223	0.98	0.0392562	0.00171488	0.00134298	0.685	0
	0.542	0.000247934	0.000475207	0.977778	0.0392562	0.00165289	0.00136364	0.68	0
	0.543	0.000165289	0.000413223	0.977778	0.0371901	0.00142562	0.00161157	0.67	0
	0.544	0.000309917	0.000661157	0.977778	0.0371901	0.00152893	0.00169421	0.67	0
	0.545	0.000227273	0.00072314	0.977778	0.0371901	0.00169421	0.0011157	0.668342	0
	0.546	0.000268595	0.000909091	0.977778	0.0371901	0.00171488	0.00117769	0.673469	0
	0.547	0.000144628	0.000619835	0.975556	0.0371901	0.00177686	0.00177686	0.668367	0
	0.548	6.19835e-05	0.000495868	0.973333	0.0371901	0.00173554	0.00140496	0.668367	0
	0.549	0.00018595	0.000578512	0.973333	0.0371901	0.00181818	0.0014876	0.661538	0
	0.55	0.000247934	0.000661157	0.971047	0.0371901	0.00159091	0.0011157	0.654639	0
	0.551	0.000247934	0.00053719	0.973214	0.0371901	0.0018595	0.00134298	0.668421	0
	0.552	0.000123967	0.000619835	0.970982	0.0371901	0.00181818	0.00171488	0.671958	0
	0.553	0.000309917	0.000640496	0.970982	0.0371901	0.00144628	0.0013843	0.675532	0
	0.554	6.19835e-05	0.000929752	0.970982	0.0371901	0.00161157	0.0014876	0.670213	0
	0.555	0.000247934	0.000785124	0.970982	0.0371901	0.00144628	0.0014876	0.670213	0
	0.556	0.000123967	0.000557851	0.970982	0.0371901	0.00163223	0.00165289	0.654255	0
	0.557	0.000123967	0.00072314	0.970982	0.0371901	0.00173554	0.00128099	0.647059	0
	0.558	0.000227273	0.000599174	0.970982	0.0371901	0.00163223	0.00150826	0.648649	0
	0.559	0.000247934	0.000702479	0.96875	0.0371901	0.00144628	0.00152893	0.644809	0
	0.56	0.000144628	0.000661157	0.96875	0.0371901	0.00159091	0.0017562	0.644809	0
	0.561	0.000247934	0.000743802	0.96875	0.0371901	0.00142562	0.00121901	0.637363	0
	0.562	0.000206612	0.000495868	0.96875	0.0371901	0.00136364	0.00177686	0.629834	0
	0.563	0.000165289	0.000557851	0.96875	0.0371901	0.00161157	0.00169421	0.624309	0
	0.564	0.000247934	0.000702479	0.970917	0.0371901	0.00167355	0.00173554	0.624309	0
	0.565	0.000123967	0.000805785	0.970917	0.0371901	0.00150826	0.00119835	0.618785	0
	0.566	0.000289256	0.000681818	0.973094	0.0371901	0.00150826	0.0013843	0.625698	0
	0.567	0.00035124	0.000702479	0.973094	0.0371901	0.00136364	0.00154959	0.617978	0
	0.568	0.000247934	0.000661157	0.973094	0.0371901	0.00134298	0.0013843	0.615819	0
	0.569	0.000268595	0.000454545	0.973094	0.0371901	0.00142562	0.00163223	0.619318	0
	0.57	0.000578512	0.000681818	0.970852	0.0371901	0.0014876	0.00134298	0.613636	0
	0.571	0.000475207	0.000847107	0.970852	0.0371901	0.00159091	0.00144628	0.613636	0
	0.572	0.000413223	0.000619835	0.975225	0.035124	0.00126033	0.00165289	0.596591	0
	0.573	0.000247934	0.000578512	0.977427	0.035124	0.00144628	0.00140496	0.596591	0
	0.574	0.000289256	0.000661157	0.979638	0.035124	0.00169421	0.00128099	0.6	0
	0.575	0.000392562	0.000640496	0.979638	0.035124	0.00163223	0.00123967	0.606936	0
	0.576	0.000433884	0.000495868	0.979638	0.035124	0.00157025	0.00128099	0.610465	0
	0.577	0.000413223	0.000702479	0.979638	0.035124	0.00140496	0.00142562	0.610465	0
	0.578	0.000413223	0.000557851	0.979638	0.035124	0.00165289	0.00140496	0.598837	0
	0.579	0.000371901	0.000764463	0.979638	0.0330579	0.00146694	0.00150826	0.609467	0
	0.58	0.000330579	0.000764463	0.979638	0.0309917	0.00150826	0.00121901	0.613095	0
	0.581	0.000268595	0.000599174	0.979638	0.0309917	0.0018595	0.00146694	0.592814	0
	0.582	0.000330579	0.00088843	0.979638	0.0309917	0.00194215	0.0013843	0.603659	0
	0.583	0.000454545	0.00072314	0.979638	0.0289256	0.00173554	0.00132231	0.601227	0
	0.584	0.000516529	0.000578512	0.979638	0.0289256	0.0014876	0.00121901	0.595092	0
	0.585	0.000413223	0.000702479	0.977376	0.0289256	0.00204545	0.00179752	0.598765	0
	0.586	0.000454545	0.000475207	0.975113	0.0289256	0.00152893	0.00121901	0.613924	0
	0.587	0.000516529	0.000681818	0.975113	0.0289256	0.0014876	0.00144628	0.611465	0
	0.588	0.00035124	0.000971074	0.975113	0.0289256	0.00165289	0.00117769	0.605096	0
	0.589	0.000392562	0.000557851	0.975113	0.0289256	0.00196281	0.00142562	0.585987	0
	0.59	0.000475207	0.000599174	0.975113	0.0268595	0.0014876	0.0013843	0.593548	0
	0.591	0.000289256	0.000805785	0.975113	0.0268595	0.00169421	0.00103306	0.580645	0
	0.592	0.000309917	0.000743802	0.975113	0.0268595	0.00208678	0.00152893	0.580645	0
	0.593	0.000433884	0.000557851	0.975113	0.0247934	0.00206612	0.00128099	0.577922	0
	0.594	0.000433884	0.000867769	0.975113	0.0247934	0.0013843	0.00150826	0.571429	0
	0.595	0.000309917	0.000495868	0.975113	0.0247934	0.0018595	0.00130165	0.575163	0
	0.596	0.000475207	0.000661157	0.975113	0.0247934	0.00208678	0.00150826	0.568627	0
	0.597	0.000268595	0.00088843	0.975113	0.0247934	0.00210744	0.00136364	0.568627	0
	0.598	0.000475207	0.000640496	0.975113	0.0247934	0.00196281	0.00132231	0.555556	0
	0.599	0.00035124	0.000599174	0.975113	0.0247934	0.00188017	0.00126033	0.562914	0
	0.6	0.000206612	0.00053719	0.975113	0.0247934	0.00202479	0.00123967	0.556291	0
	0.601	0.000433884	0.000599174	0.975113	0.0227273	0.00225207	0.00154959	0.550336	0
	0.602	0.000247934	0.000867769	0.975113	0.0227273	0.00231405	0.00144628	0.547297	0
	0.603	0.000309917	0.000578512	0.972851	0.0227273	0.00146694	0.0014876	0.547297	0
	0.604	0.000268595	0.000826446	0.972851	0.0206612	0.0022314	0.00136364	0.554795	0
	0.605	0.000268595	0.000599174	0.970588	0.018595	0.00208678	0.00140496	0.566434	0
	0.606	0.000330579	0.000661157	0.970588	0.018595	0.00188017	0.00142562	0.560284	0
	0.607	0.000309917	0.000785124	0.968326	0.018595	0.00233471	0.00136364	0.560284	0
	0.608	0.000268595	0.000681818	0.970522	0.0165289	0.00204545	0.00157025	0.553191	0
	0.609	0.00035124	0.000516529	0.970522	0.0165289	0.00181818	0.00150826	0.546099	0
	0.61	0.000165289	0.000785124	0.970522	0.0165289	0.00214876	0.00117769	0.539007	0
	0.611	0.000165289	0.000867769	0.970455	0.0165289	0.00231405	0.00113636	0.524823	0
	0.612	0.00018595	0.000867769	0.970455	0.0144628	0.00221074	0.00146694	0.510638	0
	0.613	0.000123967	0.00072314	0.970455	0.0144628	0.00183884	0.00134298	0.514286	0
	0.614	0.000227273	0.000475207	0.970455	0.0144628	0.00225207	0.00115702	0.517986	0
	0.615	8.26446e-05	0.000516529	0.970455	0.0144628	0.00190083	0.00119835	0.521739	0
	0.616	0.00035124	0.000971074	0.970455	0.0144628	0.00216942	0.00144628	0.507246	0
	0.617	0.000227273	0.000661157	0.970455	0.0144628	0.00181818	0.00109504	0.49635	0
	0.618	0.00018595	0.000743802	0.970455	0.0144628	0.00161157	0.00181818	0.49635	0
	0.619	0.000144628	0.000702479	0.972665	0.0144628	0.00216942	0.00154959	0.492647	0
	0.62	0.000165289	0.000702479	0.972665	0.0144628	0.00167355	0.00113636	0.488889	0
	0.621	0.000123967	0.00088843	0.972665	0.0144628	0.00202479	0.00132231	0.477612	0
	0.622	0.000330579	0.000826446	0.972665	0.0144628	0.00206612	0.00113636	0.477612	0
	0.623	0.000227273	0.000578512	0.972665	0.0123967	0.00219008	0.00163223	0.477612	0
	0.624	0.000289256	0.000640496	0.972665	0.0123967	0.00196281	0.00132231	0.477612	0
	0.625	0.000247934	0.000847107	0.970387	0.0123967	0.00179752	0.00144628	0.481203	0
	0.626	0.000516529	0.000640496	0.972603	0.0123967	0.00196281	0.0013843	0.477273	0
	0.627	0.000247934	0.000805785	0.97032	0.0123967	0.00202479	0.0014876	0.469697	0
	0.628	0.00035124	0.000785124	0.97254	0.0103306	0.00188017	0.00121901	0.469231	0
	0.629	0.000123967	0.000805785	0.974771	0.0103306	0.00177686	0.00107438	0.465116	0
	0.63	0.000371901	0.000619835	0.974771	0.0103306	0.00196281	0.00130165	0.472441	0
	0.631	0.000247934	0.000557851	0.977011	0.0103306	0.00188017	0.00115702	0.472441	0
	0.632	0.000413223	0.000578512	0.977011	0.00826446	0.00150826	0.00109504	0.48	0
	0.633	0.000309917	0.00088843	0.977011	0.00826446	0.00188017	0.00140496	0.475806	0
	0.634	0.000268595	0.000847107	0.977011	0.00826446	0.00177686	0.00128099	0.471545	0
	0.635	0.000227273	0.000785124	0.977011	0.00826446	0.00194215	0.0011157	0.471545	0
	0.636	0.000371901	0.00088843	0.977011	0.00826446	0.00179752	0.00126033	0.479339	0
	0.637	0.000392562	0.000599174	0.977011	0.00826446	0.00177686	0.00119835	0.483333	0
	0.638	0.000371901	0.000909091	0.976959	0.00826446	0.00171488	0.00128099	0.466667	0
	0.639	0.00035124	0.000785124	0.976959	0.00826446	0.00179752	0.00134298	0.461538	0
	0.64	0.00035124	0.000764463	0.976959	0.00826446	0.00146694	0.00132231	0.469565	0
	0.641	0.00035124	0.000681818	0.976959	0.00826446	0.00196281	0.00130165	0.46087	0
	0.642	0.000413223	0.000743802	0.976959	0.00826446	0.00142562	0.00126033	0.46087	0
	0.643	0.000309917	0.000743802	0.97235	0.00826446	0.00159091	0.00117769	0.464912	0
	0.644	0.000413223	0.000826446	0.970046	0.00826446	0.00157025	0.00107438	0.464912	0
	0.645	0.00035124	0.000743802	0.970046	0.00619835	0.00140496	0.00109504	0.473214	0
	0.646	0.000309917	0.000785124	0.965438	0.00619835	0.00157025	0.00169421	0.473214	0
	0.647	0.000309917	0.00105372	0.965438	0.00619835	0.0018595	0.00119835	0.468468	0
	0.648	0.000309917	0.00105372	0.965438	0.00619835	0.00154959	0.00113636	0.472727	0
	0.649	0.000330579	0.000764463	0.960829	0.00619835	0.00167355	0.00117769	0.46789	0
	0.65	0.000309917	0.000991736	0.963048	0.00619835	0.00171488	0.00119835	0.481132	0
	0.651	0.000227273	0.00072314	0.963048	0.00619835	0.00152893	0.00144628	0.481132	0
	0.652	0.000475207	0.000909091	0.963048	0.00619835	0.00126033	0.00121901	0.485437	0
	0.653	0.000206612	0.000764463	0.963048	0.00619835	0.00216942	0.0013843	0.485437	0
	0.654	0.000371901	0.000909091	0.963048	0.00619835	0.00140496	0.0010124	0.466019	0
	0.655	0.000433884	0.000929752	0.960739	0.00619835	0.00179752	0.00117769	0.466019	0
	0.656	0.000392562	0.000971074	0.95843	0.00619835	0.0013843	0.00105372	0.470588	0
	0.657	0.000454545	0.000929752	0.95612	0.00619835	0.00126033	0.00167355	0.475248	0
	0.658	0.000392562	0.000909091	0.956019	0.00413223	0.00123967	0.00121901	0.464646	0
	0.659	0.000495868	0.000743802	0.956019	0.00413223	0.00140496	0.0011157	0.464646	0
	0.66	0.000495868	0.000805785	0.953704	0.00413223	0.00159091	0.00115702	0.469388	0
	0.661	0.000516529	0.000929752	0.953704	0.00413223	0.00126033	0.00113636	0.479167	0
	0.662	0.00053719	0.000681818	0.953704	0.00413223	0.00121901	0.00126033	0.494624	0
	0.663	0.000330579	0.000805785	0.953704	0.00413223	0.00146694	0.00115702	0.483871	0
	0.664	0.000619835	0.000743802	0.951389	0.00413223	0.0010124	0.00126033	0.483871	0
	0.665	0.000516529	0.00072314	0.951389	0.00413223	0.00142562	0.00123967	0.494382	0
	0.666	0.00053719	0.000702479	0.946759	0.00413223	0.00105372	0.00128099	0.488636	0
	0.667	0.000661157	0.000971074	0.944444	0.00413223	0.000991736	0.00115702	0.494253	0
	0.668	0.000640496	0.000929752	0.939815	0.00413223	0.00107438	0.00119835	0.482759	0
	0.669	0.000619835	0.000764463	0.939815	0.00413223	0.00123967	0.000971074	0.482759	0
	0.67	0.00072314	0.00107438	0.939815	0.00206612	0.00115702	0.00103306	0.471264	0
	0.671	0.000578512	0.00109504	0.941995	0.00206612	0.00115702	0.00119835	0.476744	0
	0.672	0.000557851	0.000847107	0.941995	0.00206612	0.00121901	0.00123967	0.488095	0
	0.673	0.000578512	0.000640496	0.939675	0.00206612	0.00126033	0.0011157	0.488095	0
	0.674	0.000578512	0.00119835	0.939675	0.00206612	0.000929752	0.00113636	0.487805	0
	0.675	0.000454545	0.000743802	0.939675	0.00206612	0.00088843	0.000909091	0.5	0
	0.676	0.000847107	0.00103306	0.939675	0.00206612	0.00115702	0.0010124	0.4875	0
	0.677	0.000557851	0.000826446	0.94186	0.00206612	0.00115702	0.00107438	0.480519	0
	0.678	0.000950413	0.000785124	0.94186	0.00206612	0.00128099	0.00088843	0.486842	0
	0.679	0.000826446	0.000785124	0.94186	0.00206612	0.000847107	0.00117769	0.473684	0
	0.68	0.000847107	0.00107438	0.94186	0.00206612	0.000909091	0.000991736	0.466667	0
	0.681	0.000681818	0.000826446	0.94186	0.00206612	0.00123967	0.00132231	0.466667	0
	0.682	0.000785124	0.00113636	0.94186	0.00206612	0.00103306	0.00123967	0.466667	0
	0.683	0.00109504	0.000929752	0.94186	0.00206612	0.000909091	0.00115702	0.472973	0
	0.684	0.000661157	0.000950413	0.944056	0.00206612	0.000764463	0.0010124	0.472973	0
	0.685	0.000578512	0.000661157	0.944056	0.00206612	0.00105372	0.00107438	0.459459	0
	0.686	0.000743802	0.00103306	0.944056	0.00206612	0.000826446	0.00128099	0.430556	0
	0.687	0.000929752	0.000847107	0.944056	0.00206612	0.00103306	0.00117769	0.422535	0
	0.688	0.000991736	0.000743802	0.944056	0.00206612	0.000929752	0.00103306	0.408451	0
	0.689	0.000681818	0.000826446	0.944056	0.00206612	0.000743802	0.000950413	0.394366	0
	0.69	0.000805785	0.00088843	0.944056	0.00206612	0.00107438	0.000805785	0.385714	0
	0.691	0.000909091	0.00107438	0.944056	0.00206612	0.000826446	0.00130165	0.385714	0
	0.692	0.000743802	0.000785124	0.944056	0.00206612	0.0010124	0.00109504	0.371429	0
	0.693	0.000929752	0.00072314	0.939394	0.00206612	0.00109504	0.000929752	0.376812	0
	0.694	0.000847107	0.000991736	0.941589	0.00206612	0.000971074	0.000991736	0.362319	0
	0.695	0.000950413	0.000681818	0.939252	0.00206612	0.00152893	0.000909091	0.378788	0
	0.696	0.000826446	0.000847107	0.941452	0.00206612	0.00115702	0.000971074	0.369231	0
	0.697	0.000743802	0.000764463	0.93662	0.00206612	0.000867769	0.00109504	0.375	0
	0.698	0.000785124	0.00115702	0.93662	0.00206612	0.00103306	0.000805785	0.375	0
	0.699	0.000971074	0.000929752	0.93662	0.00206612	0.0010124	0.0010124	0.365079	0
	0.7	0.000909091	0.000909091	0.938824	0.00206612	0.00115702	0.00088843	0.365079	0
	0.701	0.000929752	0.000785124	0.934118	0.00206612	0.00128099	0.00130165	0.370968	0
	0.702	0.000805785	0.000991736	0.934118	0.00206612	0.0010124	0.00113636	0.354839	0
	0.703	0.0010124	0.00113636	0.936321	0.00206612	0.000971074	0.000991736	0.354839	0
	0.704	0.000764463	0.000950413	0.933962	0.00206612	0.0011157	0.0010124	0.354839	0
	0.705	0.000826446	0.000971074	0.933962	0.00206612	0.00119835	0.000867769	0.35	0
	0.706	0.00072314	0.000909091	0.933962	0.00206612	0.00113636	0.00109504	0.35	0
	0.707	0.000867769	0.000991736	0.93617	0.00206612	0.00134298	0.0010124	0.355932	0
	0.708	0.000557851	0.00113636	0.93617	0.00206612	0.00115702	0.0011157	0.368421	0
	0.709	0.000971074	0.000867769	0.933806	0.00206612	0.00119835	0.0011157	0.350877	0
	0.71	0.000847107	0.00113636	0.936019	0.00206612	0.00113636	0.000929752	0.350877	0
	0.711	0.000971074	0.0010124	0.936019	0.00206612	0.00123967	0.000991736	0.320755	0
	0.712	0.00072314	0.000785124	0.936019	0.00206612	0.00121901	0.000909091	0.320755	0
	0.713	0.000661157	0.00115702	0.936019	0.00206612	0.00109504	0.00105372	0.320755	0
	0.714	0.000805785	0.00109504	0.936019	0.00206612	0.00109504	0.000971074	0.320755	0
	0.715	0.000805785	0.000805785	0.933649	0.00206612	0.00107438	0.000867769	0.301887	0
	0.716	0.000950413	0.0011157	0.933649	0.00206612	0.00132231	0.00113636	0.307692	0
	0.717	0.000929752	0.00109504	0.92891	0.00206612	0.0011157	0.000929752	0.288462	0
	0.718	0.000867769	0.00117769	0.933333	0.00206612	0.00107438	0.000867769	0.288462	0
	0.719	0.00053719	0.00107438	0.937799	0.00206612	0.00115702	0.0011157	0.288462	0
	0.72	0.000743802	0.000929752	0.935407	0.00206612	0.00130165	0.000991736	0.294118	0
	0.721	0.000578512	0.00109504	0.933014	0.00206612	0.00146694	0.00107438	0.294118	0
	0.722	0.00072314	0.000909091	0.933014	0.00206612	0.00140496	0.0011157	0.27451	0
	0.723	0.000764463	0.00113636	0.930622	0.00206612	0.0011157	0.0010124	0.27451	0
	0.724	0.000743802	0.000971074	0.92823	0	0.00109504	0.000826446	0.254902	0
	0.725	0.000619835	0.0013843	0.930456	0	0.00113636	0.00105372	0.265306	0
	0.726	0.000743802	0.00123967	0.930456	0	0.00126033	0.000867769	0.265306	0
	0.727	0.00072314	0.00109504	0.930456	0	0.00107438	0.000867769	0.265306	0
	0.728	0.000743802	0.00103306	0.932692	0	0.000950413	0.000929752	0.270833	0
	0.729	0.000557851	0.0011157	0.927885	0	0.00128099	0.000764463	0.276596	0
	0.73	0.000847107	0.000950413	0.927885	0	0.00107438	0.000785124	0.276596	0
	0.731	0.000702479	0.00128099	0.93012	0	0.00109504	0.000743802	0.276596	0
	0.732	0.000785124	0.00088843	0.934625	0	0.00103306	0.000867769	0.255319	0
	0.733	0.00072314	0.00105372	0.936893	0	0.00105372	0.00115702	0.255319	0
	0.734	0.000909091	0.00105372	0.932039	0	0.00115702	0.00105372	0.26087	0
	0.735	0.000681818	0.00121901	0.932039	0	0.000826446	0.00123967	0.23913	0
	0.736	0.000681818	0.00123967	0.934307	0	0.00109504	0.00088843	0.23913	0
	0.737	0.000805785	0.00119835	0.931873	0	0.000991736	0.000909091	0.23913	0
	0.738	0.000702479	0.00109504	0.929268	0	0.00103306	0.00072314	0.23913	0
	0.739	0.000929752	0.00157025	0.929095	0	0.000661157	0.000991736	0.227273	0
	0.74	0.000826446	0.00109504	0.92665	0	0.000785124	0.000929752	0.232558	0
	0.741	0.000785124	0.000991736	0.924205	0	0.00105372	0.000847107	0.232558	0
	0.742	0.000991736	0.00105372	0.924205	0	0.000743802	0.000826446	0.238095	0
	0.743	0.000743802	0.000929752	0.926471	0	0.000764463	0.000950413	0.25	0
	0.744	0.000764463	0.00117769	0.92402	0	0.000867769	0.000785124	0.25	0
	0.745	0.00103306	0.0011157	0.923833	0	0.000785124	0.000826446	0.25641	0
	0.746	0.000785124	0.00103306	0.923833	0	0.000619835	0.00072314	0.236842	0
	0.747	0.000867769	0.00105372	0.918919	0	0.000785124	0.000847107	0.243243	0
	0.748	0.00109504	0.00140496	0.916462	0	0.000702479	0.000702479	0.25	0
	0.749	0.000971074	0.00128099	0.916462	0	0.000805785	0.000826446	0.25	0
	0.75	0.00113636	0.00134298	0.916462	0	0.000599174	0.000578512	0.264706	0
	0.751	0.00109504	0.00109504	0.914005	0	0.000557851	0.00053719	0.272727	0
	0.752	0.00117769	0.00109504	0.913793	0	0.000516529	0.000702479	0.272727	0
	0.753	0.000950413	0.00150826	0.91133	0	0.000599174	0.000619835	0.21875	0
	0.754	0.00107438	0.00132231	0.91133	0	0.000640496	0.000847107	0.1875	0
	0.755	0.0011157	0.00121901	0.91133	0	0.000826446	0.000640496	0.2	0
	0.756	0.000826446	0.00157025	0.91133	0	0.00053719	0.000929752	0.172414	0
	0.757	0.000971074	0.00128099	0.911111	0	0.000681818	0.000971074	0.185185	0
	0.758	0.0011157	0.00154959	0.908642	0	0.000661157	0.000971074	0.185185	0
	0.759	0.00121901	0.00126033	0.910891	0	0.000681818	0.000619835	0.185185	0
	0.76	0.000929752	0.00121901	0.91067	0	0.000516529	0.00072314	0.185185	0
	0.761	0.0010124	0.00113636	0.91067	0	0.000495868	0.000640496	0.185185	0
	0.762	0.00117769	0.00132231	0.905707	0	0.000619835	0.000764463	0.192308	0
	0.763	0.00132231	0.00144628	0.905707	0	0.000826446	0.000681818	0.16	0
	0.764	0.00117769	0.00117769	0.90796	0	0.000433884	0.000950413	0.125	0
	0.765	0.00144628	0.00126033	0.910224	0	0.000599174	0.000619835	0.130435	0
	0.766	0.00132231	0.00154959	0.907731	0	0.000681818	0.00053719	0.136364	0
	0.767	0.00150826	0.00144628	0.905237	0	0.000413223	0.000681818	0.136364	0
	0.768	0.00142562	0.00128099	0.905	0	0.000640496	0.000702479	0.0952381	0
	0.769	0.0017562	0.00144628	0.905	0	0.000805785	0.000909091	0.1	0
	0.77	0.00132231	0.00107438	0.907268	0	0.000909091	0.000764463	0.1	0
	0.771	0.0013843	0.00126033	0.907268	0	0.000578512	0.00088843	0.1	0
	0.772	0.00144628	0.00130165	0.907268	0	0.000599174	0.000516529	0.105263	0
	0.773	0.00154959	0.00126033	0.907268	0	0.000640496	0.00105372	0.105263	0
	0.774	0.00126033	0.00152893	0.909548	0	0.000516529	0.000661157	0.111111	0
	0.775	0.00132231	0.0013843	0.907035	0	0.000433884	0.000495868	0.111111	0
	0.776	0.00132231	0.00123967	0.90932	0	0.000475207	0.000702479	0.111111	0
	0.777	0.00117769	0.00107438	0.906801	0	0.000475207	0.00072314	0.111111	0
	0.778	0.00109504	0.00146694	0.906801	0	0.000619835	0.000619835	0.111111	0
	0.779	0.00134298	0.00126033	0.906801	0	0.000702479	0.000578512	0.111111	0
	0.78	0.00119835	0.00142562	0.906801	0	0.000702479	0.00053719	0.111111	0
	0.781	0.00121901	0.0013843	0.906801	0	0.000640496	0.000640496	0.111111	0
	0.782	0.00117769	0.00161157	0.906801	0	0.000516529	0.000599174	0.117647	0
	0.783	0.00105372	0.00159091	0.904282	0	0.000702479	0.000557851	0.117647	0
	0.784	0.00146694	0.0014876	0.904282	0	0.000826446	0.000681818	0.125	0
	0.785	0.00072314	0.00113636	0.913486	0	0.000681818	0.000475207	0.125	0
	0.786	0.00121901	0.00132231	0.908397	0	0.000619835	0.000599174	0.133333	0
	0.787	0.00136364	0.00150826	0.908397	0	0.000557851	0.000681818	0.133333	0
	0.788	0.00103306	0.00146694	0.913043	0	0.000516529	0.000640496	0.133333	0
	0.789	0.00117769	0.00165289	0.917738	0	0.000475207	0.000475207	0.133333	0
	0.79	0.00103306	0.00130165	0.917738	0	0.000640496	0.000599174	0.153846	0
	0.791	0.000867769	0.00123967	0.917738	0	0.000516529	0.000557851	0.153846	0
	0.792	0.00107438	0.00146694	0.920103	0	0.000495868	0.00053719	0.153846	0
	0.793	0.00119835	0.0014876	0.917526	0	0.000392562	0.000557851	0.153846	0
	0.794	0.00123967	0.00132231	0.914948	0	0.000454545	0.000413223	0.166667	0
	0.795	0.00088843	0.00157025	0.917313	0	0.000392562	0.00053719	0.166667	0
	0.796	0.000867769	0.00115702	0.919689	0	0.000227273	0.000661157	0.166667	0
	0.797	0.000847107	0.00109504	0.922078	0	0.000309917	0.000516529	0.166667	0
	0.798	0.000640496	0.00113636	0.922078	0	0.000475207	0.000578512	0.166667	0
	0.799	0.000702479	0.0013843	0.922078	0	0.000413223	0.000743802	0.166667	0
	0.8	0.0010124	0.00136364	0.919481	0	0.00035124	0.000371901	0.166667	0
	0.801	0.000785124	0.00132231	0.921671	0	0.000144628	0.000413223	0.166667	0
	0.802	0.000950413	0.00146694	0.931398	0	0.000330579	0.000413223	0.166667	0
	0.803	0.000909091	0.00140496	0.933862	0	0.000247934	0.000433884	0.0833333	0
	0.804	0.000764463	0.00190083	0.933862	0	0.00018595	0.000826446	0.0909091	0
	0.805	0.00072314	0.00152893	0.93634	0	0.000309917	0.000681818	0.0909091	0
	0.806	0.000764463	0.00173554	0.93883	0	0.000206612	0.000371901	0.0909091	0
	0.807	0.00113636	0.00159091	0.93883	0	0.000165289	0.000681818	0.0909091	0
	0.808	0.00088843	0.00126033	0.941333	0	0.00018595	0.000371901	0.0909091	0
	0.809	0.000619835	0.0014876	0.94385	0	0.000123967	0.000454545	0.0909091	0
	0.81	0.000661157	0.00144628	0.94385	0	0.000227273	0.000413223	0.0909091	0
	0.811	0.00072314	0.00157025	0.94385	0	0.000123967	0.000309917	0.0909091	0
	0.812	0.000578512	0.00165289	0.94385	0	6.19835e-05	0.000495868	0.1	0
	0.813	0.000681818	0.00165289	0.946381	0	6.19835e-05	0.000495868	0.1	0
	0.814	0.000681818	0.00173554	0.946381	0	0.000165289	0.00053719	0.111111	0
	0.815	0.000475207	0.00157025	0.9437	0	8.26446e-05	0.000413223	0.111111	0
	0.816	0.000661157	0.00154959	0.9437	0	0.000103306	0.000495868	0.125	0
	0.817	0.000599174	0.00177686	0.943548	0	6.19835e-05	0.00053719	0.125	0
	0.818	0.000661157	0.00150826	0.94086	0	4.13223e-05	0.000371901	0.166667	0
	0.819	0.000619835	0.00132231	0.94086	0	6.19835e-05	0.00035124	0.166667	0
	0.82	0.000516529	0.0014876	0.943396	0	8.26446e-05	0.000475207	0.166667	0
	0.821	0.000516529	0.00150826	0.943396	0	8.26446e-05	0.000433884	0.166667	0
	0.822	0.00072314	0.00183884	0.945946	0	2.06612e-05	0.000371901	0.2	0
	0.823	0.000557851	0.00169421	0.943243	0	4.13223e-05	0.00035124	0.2	0
	0.824	0.000516529	0.00142562	0.943243	0	2.06612e-05	0.000516529	0.2	0
	0.825	0.00053719	0.0013843	0.943243	0	6.19835e-05	0.000495868	0.2	0
	0.826	0.000619835	0.00142562	0.940541	0	2.06612e-05	0.00053719	0.25	0
	0.827	0.00053719	0.00157025	0.940379	0	0.000103306	0.000413223	0.25	0
	0.828	0.000433884	0.00144628	0.942935	0	4.13223e-05	0.00035124	0.333333	0
	0.829	0.000495868	0.00177686	0.950685	0	0	0.000289256	0.333333	0
	0.83	0.000516529	0.00157025	0.950413	0	0	0.000516529	0.333333	0
	0.831	0.00035124	0.00169421	0.950413	0	2.06612e-05	0.000371901	0.333333	0
	0.832	0.000640496	0.00146694	0.950413	0	2.06612e-05	0.000165289	0.333333	0
	0.833	0.000619835	0.00183884	0.953039	0	2.06612e-05	0.000413223	0.333333	0
	0.834	0.00035124	0.00157025	0.953039	0	6.19835e-05	0.000392562	0.333333	0
	0.835	0.000371901	0.00163223	0.955679	0	4.13223e-05	0.000454545	0.5	0
	0.836	0.000557851	0.00177686	0.952909	0	2.06612e-05	0.00072314	0.5	0
	0.837	0.000640496	0.00177686	0.950139	0	2.06612e-05	0.00035124	0.5	0
	0.838	0.000640496	0.00119835	0.947368	0	6.19835e-05	0.000454545	0.5	0
	0.839	0.000640496	0.00188017	0.944598	0	0.000123967	0.000413223	0.5	0
	0.84	0.000909091	0.00183884	0.941828	0	6.19835e-05	0.000309917	0.5	0
	0.841	0.000681818	0.00181818	0.941667	0	4.13223e-05	0.000247934	0.5	0
	0.842	0.000785124	0.00157025	0.936111	0	0.000123967	0.000206612	0.5	0
	0.843	0.000640496	0.00142562	0.938547	0	2.06612e-05	0.000330579	0.5	0
	0.844	0.000599174	0.00200413	0.938547	0	6.19835e-05	0.00035124	0.5	0
	0.845	0.000909091	0.00206612	0.932961	0	6.19835e-05	0.000330579	0.5	0
	0.846	0.000640496	0.00200413	0.932961	0	8.26446e-05	0.000289256	0.5	0
	0.847	0.000743802	0.0017562	0.932961	0	8.26446e-05	0.000371901	0.5	0
	0.848	0.000805785	0.0017562	0.929972	0	0.000103306	0.00053719	0.5	0
	0.849	0.00072314	0.00198347	0.927171	0	4.13223e-05	0.00035124	0.5	0
	0.85	0.000991736	0.00173554	0.92437	0	0.000123967	0.000475207	0.5	0
	0.851	0.000681818	0.00163223	0.92437	0	4.13223e-05	0.000433884	0.5	0
	0.852	0.00117769	0.0018595	0.92437	0	6.19835e-05	0.000227273	0.5	0
	0.853	0.000929752	0.00181818	0.92437	0	0	0.000268595	0.5	0
	0.854	0.0011157	0.00171488	0.924157	0	0.000123967	0.000371901	0.5	0
	0.855	0.0011157	0.00198347	0.921127	0	4.13223e-05	0.000247934	0.5	0
	0.856	0.000950413	0.00183884	0.921127	0	0	0.000371901	0.5	0
	0.857	0.0011157	0.00208678	0.921127	0	4.13223e-05	0.00035124	0.5	0
	0.858	0.00132231	0.00183884	0.91831	0	6.19835e-05	0.000309917	0.5	0
	0.859	0.00107438	0.00200413	0.915254	0	2.06612e-05	0.000268595	0.5	0
	0.86	0.00123967	0.00179752	0.912429	0	6.19835e-05	0.000268595	0.5	0
	0.861	0.00128099	0.00192149	0.912429	0	6.19835e-05	0.000289256	0.5	0
	0.862	0.00144628	0.00206612	0.909605	0	0	0.000247934	0.5	0
	0.863	0.00121901	0.00208678	0.90678	0	0	0.000268595	0.5	0
	0.864	0.00161157	0.00192149	0.90113	0	0	0.000289256	0.5	0
	0.865	0.00144628	0.00202479	0.90113	0	2.06612e-05	0.00018595	0.5	0
	0.866	0.00150826	0.00192149	0.898305	0	2.06612e-05	0.000289256	0.5	0
	0.867	0.00128099	0.00200413	0.898017	0	0	0.000309917	0.5	0
	0.868	0.00154959	0.00210744	0.898017	0	0	0.000289256	0.5	0
	0.869	0.0014876	0.00237603	0.898017	0	0	0.000330579	0.5	0
	0.87	0.00169421	0.0022314	0.898017	0	0	0.000103306	0.5	0
	0.871	0.00142562	0.00216942	0.895184	0	0	0.000165289	0.5	0
	0.872	0.0014876	0.00237603	0.892351	0	0	0.000247934	0.5	0
	0.873	0.00163223	0.00188017	0.894886	0	0	0.00018595	0.5	0
	0.874	0.00152893	0.00256198	0.894886	0	0	0.000330579	0.5	0
	0.875	0.00128099	0.00252066	0.894886	0	2.06612e-05	0.00018595	0.5	0
	0.876	0.00188017	0.00200413	0.894587	0	0	8.26446e-05	1	0
	0.877	0.00152893	0.00181818	0.894587	0	0	0.000289256	1	0
	0.878	0.00181818	0.00231405	0.891738	0	0	0.000227273	1	0
	0.879	0.00146694	0.00216942	0.891429	0	0	0.000123967	1	0
	0.88	0.00192149	0.00206612	0.891429	0	0	0.000206612	1	0
	0.881	0.00173554	0.00231405	0.893983	0	0	0.000103306	1	0
	0.882	0.00159091	0.00206612	0.891117	0	0	0.000227273	1	0
	0.883	0.00171488	0.00208678	0.896254	0	0	0.000289256	1	0
	0.884	0.00146694	0.00214876	0.896254	0	0	0.000103306	1	0
	0.885	0.00157025	0.00200413	0.898844	0	0	0.00018595	1	0
	0.886	0.00154959	0.00210744	0.901449	0	0	0.000165289	1	0
	0.887	0.00165289	0.00192149	0.901163	0	0	4.13223e-05	1	0
	0.888	0.00115702	0.00202479	0.900585	0	0	0.000309917	1	0
	0.889	0.00132231	0.0018595	0.903226	0	0	0.000123967	1	0
	0.89	0.00152893	0.00204545	0.903226	0	0	0.00018595	1	0
	0.891	0.00142562	0.00219008	0.903226	0	0	0.000268595	1	0
	0.892	0.00132231	0.00227273	0.902941	0	0	0.000247934	1	0
	0.893	0.00132231	0.0027686	0.9	0	0	0.000165289	1	0
	0.894	0.00130165	0.00235537	0.897059	0	0	0.000123967	1	0
	0.895	0.00109504	0.00206612	0.894118	0	0	6.19835e-05	1	0
	0.896	0.00136364	0.00233471	0.890855	0	0	0.000103306	1	0
	0.897	0.00103306	0.00280992	0.887574	0	0	0.000165289	1	0
	0.898	0.00136364	0.00225207	0.887574	0	0	0.000165289	1	0
	0.899	0.0010124	0.00235537	0.892537	0	0	0.000206612	1	0
	0.9	0.0013843	0.00225207	0.889552	0	0	0.000144628	1	0
	0.901	0.00140496	0.00206612	0.892216	0	0	0.000103306	1	0
	0.902	0.00134298	0.00225207	0.888554	0	0	0.000144628	1	0
	0.903	0.00140496	0.00262397	0.887879	0	0	6.19835e-05	1	0
	0.904	0.00150826	0.0027686	0.887879	0	0	6.19835e-05	1	0
	0.905	0.0013843	0.0028719	0.890244	0	0	0.00018595	1	0
	0.906	0.00157025	0.00291322	0.894737	0	0	0.000206612	1	0
	0.907	0.00159091	0.0025	0.897196	0	0	0.000103306	1	0
	0.908	0.00136364	0.00254132	0.897196	0	0	0.00018595	1	0
	0.909	0.00134298	0.00214876	0.894081	0	0	6.19835e-05	1	0
	0.91	0.0017562	0.00219008	0.88785	0	0	0.000144628	1	0
	0.911	0.00136364	0.00221074	0.8875	0	0	0.000144628	1	0
	0.912	0.00194215	0.00245868	0.884013	0	0	0.000103306	1	0
	0.913	0.00167355	0.00280992	0.884013	0	0	6.19835e-05	1	0
	0.914	0.0013843	0.00241736	0.877743	0	0	0.000123967	1	0
	0.915	0.00227273	0.0025	0.871473	0	0	2.06612e-05	1	0
	0.916	0.00192149	0.0025	0.871473	0	0	0.000103306	1	0
	0.917	0.00208678	0.00274793	0.871473	0	0	4.13223e-05	1	0
	0.918	0.00254132	0.00268595	0.865204	0	0	8.26446e-05	1	0
	0.919	0.00243802	0.00264463	0.858491	0	0	4.13223e-05	1	0
	0.92	0.00237603	0.00285124	0.855346	0	0	0.000123967	1	0
	0.921	0.00243802	0.00254132	0.845912	0	0	6.19835e-05	1	0
	0.922	0.00305785	0.0027686	0.839117	0	0	6.19835e-05	1	0
	0.923	0.00264463	0.00262397	0.829653	0	0	8.26446e-05	1	0
	0.924	0.00289256	0.00233471	0.822785	0	0	6.19835e-05	1	0
	0.925	0.00305785	0.00268595	0.816456	0	2.06612e-05	8.26446e-05	1	0
	0.926	0.00254132	0.00283058	0.816456	0	2.06612e-05	0.000103306	0	0
	0.927	0.00285124	0.00285124	0.813291	0	2.06612e-05	8.26446e-05	0	0
	0.928	0.00272727	0.00258264	0.813291	0	0	0.000123967	0	0
	0.929	0.00320248	0.00330579	0.813291	0	2.06612e-05	2.06612e-05	0	0
	0.93	0.00342975	0.00322314	0.808917	0	2.06612e-05	6.19835e-05	0	0
	0.931	0.00342975	0.00322314	0.801282	0	2.06612e-05	0.000103306	0	0
	0.932	0.00291322	0.00274793	0.800643	0	4.13223e-05	0	0	0
	0.933	0.0035124	0.00326446	0.805825	0	2.06612e-05	8.26446e-05	0	0
	0.934	0.00371901	0.00293388	0.795455	0	4.13223e-05	2.06612e-05	0	0
	0.935	0.00332645	0.00285124	0.794788	0	4.13223e-05	2.06612e-05	0	0
	0.936	0.00334711	0.00285124	0.796053	0	0.000123967	0.000165289	0	0
	0.937	0.00316116	0.0028719	0.796053	0	0	2.06612e-05	0	0
	0.938	0.0035124	0.00295455	0.79538	0	0.000103306	2.06612e-05	0	0
	0.939	0.00365702	0.00299587	0.79402	0	0.000123967	6.19835e-05	0	0
	0.94	0.0036157	0.00328512	0.798658	0	0.000144628	0	0	0
	0.941	0.00390496	0.00270661	0.791946	0	8.26446e-05	4.13223e-05	0	0
	0.942	0.00444215	0.0035124	0.788591	0	8.26446e-05	0	0	0
	0.943	0.00367769	0.00295455	0.789831	0	0.000123967	4.13223e-05	0	0
	0.944	0.00334711	0.00293388	0.792517	0	4.13223e-05	4.13223e-05	0	0
	0.945	0.00367769	0.00340909	0.791809	0	6.19835e-05	2.06612e-05	0	0
	0.946	0.00384298	0.00316116	0.791096	0	0.000206612	2.06612e-05	0	0
	0.947	0.00415289	0.00334711	0.793103	0	0.000165289	2.06612e-05	0	0
	0.948	0.00365702	0.00318182	0.791667	0	8.26446e-05	2.06612e-05	0	0
	0.949	0.00373967	0.00285124	0.783972	0	0.000103306	6.19835e-05	0	0
	0.95	0.00359504	0.00373967	0.785965	0	2.06612e-05	4.13223e-05	0	0
	0.951	0.00353306	0.00386364	0.787234	0	2.06612e-05	2.06612e-05	0	0
	0.952	0.00355372	0.00318182	0.792115	0	4.13223e-05	0	0	0
	0.953	0.00305785	0.00316116	0.781362	0	0.000103306	0	0	0
	0.954	0.00307851	0.0031405	0.776978	0	4.13223e-05	2.06612e-05	0	0
	0.955	0.00332645	0.00345041	0.776173	0	0	0	0	0
	0.956	0.00369835	0.00384298	0.778986	0	2.06612e-05	0	0	0
	0.957	0.00328512	0.0032438	0.789668	0	4.13223e-05	0	0	0
	0.958	0.00359504	0.00367769	0.791045	0	4.13223e-05	0	0	0
	0.959	0.00309917	0.00392562	0.799242	0	0	0	0	0
	0.96	0.00299587	0.00371901	0.794677	0	2.06612e-05	0	0	0
	0.961	0.00328512	0.00369835	0.793893	0	0	2.06612e-05	0	0
	0.962	0.00307851	0.0035124	0.8	0	0	6.19835e-05	0	0
	0.963	0.00367769	0.00452479	0.799228	0	0	2.06612e-05	0	0
	0.964	0.00394628	0.00411157	0.792969	0	0	2.06612e-05	0	0
	0.965	0.00355372	0.00442149	0.784314	0	0	2.06612e-05	0	0
	0.966	0.00363636	0.00409091	0.778656	0	0	2.06612e-05	0	0
	0.967	0.00411157	0.00419421	0.769841	0	0	0	0	0
	0.968	0.0038843	0.0043595	0.773279	0	0	0	0	0
	0.969	0.00423554	0.00471074	0.763265	0	0	2.06612e-05	0	0
	0.97	0.00380165	0.00485537	0.768595	0	0	0	0	0
	0.971	0.00423554	0.00506198	0.770833	0	0	2.06612e-05	0	0
	0.972	0.00479339	0.00497934	0.777311	0	0	0	0	0
	0.973	0.00433884	0.0052686	0.764706	0	0	0	0	0
	0.974	0.00495868	0.00520661	0.763713	0	0	0	0	0
	0.975	0.00479339	0.00557851	0.761702	0	0	0	0	0
	0.976	0.00524793	0.00533058	0.739316	0	0	0	0	0
	0.977	0.00568182	0.00597107	0.732759	0	0	0	0	0
	0.978	0.00566116	0.00578512	0.741228	0	0	0	0	0
	0.979	0.00590909	0.00623967	0.734513	0	0	0	0	0
	0.98	0.00673554	0.00617769	0.717489	0	0	0	0	0
	0.981	0.00636364	0.00626033	0.686364	0	0	0	0	0
	0.982	0.00621901	0.00590909	0.651376	0	0	2.06612e-05	0	0
	0.983	0.00690083	0.00667355	0.613953	0	0	0	0	0
	0.984	0.00822314	0.00733471	0.577465	0	0	0	0	0
	0.985	0.00896694	0.00739669	0.535545	0	0	0	0	0
	0.986	0.011281	0.00849174	0.504854	0	0	0	0	0
	0.987	0.0123967	0.00772727	0.487562	0	0	0	0	0
	0.988	0.0145041	0.00838843	0.457286	0	0	0	0	0
	0.989	0.0159917	0.0089876	0.438776	0	0	0	0	0
	0.99	0.0193595	0.00878099	0.401042	0	0	0	0	0
	0.991	0.0197521	0.00987603	0.37234	0	0	0	0	0
	0.992	0.0208884	0.00997934	0.320652	0	0	0	0	0
	0.993	0.0236983	0.00969008	0.272222	0	0	0	0	0
	0.994	0.0236777	0.00971074	0.217143	0	0	0	0	0
	0.995	0.0268388	0.00954545	0.169591	0	0	0	0	0
	0.996	0.030062	0.00863636	0.121212	0	0	0	0	0
	0.997	0.0334504	0.00778926	0.0533333	0	0	0	0	0
	0.998	0.0354132	0.00681818	0.0153846	0	0	0	0	0
	0.999	0.0369421	0.00390496	0	0	0	0	0	0
	1	0.0307438	0.00309917	0	0	0	0	0	0


#	yrange	sparsity	# links	zeta	support at cross	fraction FP	support at cross2	fraction FP2
	0	0	0	0.00365203	0.979	0.414073	0.979	0.414073
	0.04	0	0	0.00365203	0.979	0.414073	0.979	0.414073
