#	Frequencies and overlap
#	bins	MYC	shuffle	overlap_MYC	overlap_shuffle	SIGN_MYC	SIGNshuffle	SIGNoverlap_MYC	SIGNoverlap_shuffle
	0	0.0552686	0.0688843	1	1	0.56188	0.600372	0.0959821	0
	0.001	0.0530785	0.0825826	0.754132	0.119835	0.0269421	0.0402066	0.0959821	0
	0.002	0.0469008	0.078781	0.710145	0.0516529	0.0256612	0.0441322	0.0966292	0
	0.003	0.0391322	0.0666736	0.676409	0.0413223	0.0209917	0.0378306	0.099768	0
	0.004	0.0325207	0.0593182	0.655319	0.0268595	0.0168802	0.0316942	0.104369	0
	0.005	0.0273347	0.051095	0.657952	0.0144628	0.015124	0.0265083	0.112272	0
	0.006	0.0231612	0.0445248	0.661435	0.0123967	0.0130785	0.0221694	0.120787	0
	0.007	0.0213843	0.0375	0.645161	0.0123967	0.0129545	0.0178926	0.125364	0
	0.008	0.0193388	0.0334711	0.65	0.00619835	0.0114876	0.0169008	0.131498	0
	0.009	0.0180165	0.0304132	0.658291	0.00413223	0.00946281	0.013595	0.137821	0
	0.01	0.0181612	0.0284504	0.653846	0.00206612	0.00894628	0.0116942	0.141914	0
	0.011	0.0155785	0.0246488	0.65873	0	0.00805785	0.00989669	0.14726	0
	0.012	0.0157438	0.0225413	0.649733	0	0.00743802	0.00938017	0.155797	0
	0.013	0.0134917	0.0200207	0.66205	0	0.00642562	0.00818182	0.161049	0
	0.014	0.0140083	0.0192975	0.664789	0	0.00551653	0.00780992	0.167969	0
	0.015	0.0127273	0.0168802	0.666667	0	0.00541322	0.00696281	0.172691	0
	0.016	0.0120868	0.0161157	0.678466	0	0.00553719	0.0061157	0.179167	0
	0.017	0.011343	0.0152893	0.683735	0	0.00518595	0.00514463	0.182203	0
	0.018	0.0096281	0.0137603	0.685976	0	0.00510331	0.00516529	0.187773	0
	0.019	0.00950413	0.0117355	0.6875	0	0.00417355	0.00415289	0.192825	0
	0.02	0.00890496	0.0116942	0.696486	0	0.00413223	0.00446281	0.199074	0
	0.021	0.00830579	0.0111983	0.69637	0	0.00390496	0.00384298	0.206731	0
	0.022	0.00758264	0.00989669	0.700337	0	0.00386364	0.00303719	0.210784	0
	0.023	0.00770661	0.00907025	0.699324	0	0.00353306	0.00280992	0.21608	0
	0.024	0.00688017	0.00917355	0.697595	0	0.00355372	0.00303719	0.221649	0
	0.025	0.00679752	0.00754132	0.701389	0	0.00316116	0.00301653	0.228723	0
	0.026	0.00607438	0.0072314	0.704626	0	0.00316116	0.00227273	0.237569	0
	0.027	0.00657025	0.0082438	0.707581	0	0.00311983	0.00225207	0.240223	0
	0.028	0.00605372	0.00700413	0.710623	0	0.00301653	0.00216942	0.242938	0
	0.029	0.00607438	0.00605372	0.712177	0	0.00258264	0.00208678	0.245714	0
	0.03	0.00615702	0.00617769	0.718045	0	0.00247934	0.0018595	0.251462	0
	0.031	0.00572314	0.00516529	0.726236	0	0.00200413	0.00167355	0.255952	0
	0.032	0.00510331	0.00512397	0.734375	0	0.00235537	0.00169421	0.259036	0
	0.033	0.005	0.00504132	0.749004	0	0.00221074	0.00183884	0.260606	0
	0.034	0.00454545	0.00506198	0.744	0	0.00204545	0.0017562	0.262195	0
	0.035	0.00469008	0.00477273	0.743902	0	0.00181818	0.00130165	0.27044	0
	0.036	0.00438017	0.00427686	0.744856	0	0.00163223	0.0014876	0.275641	0
	0.037	0.00382231	0.00464876	0.739669	0	0.00208678	0.00126033	0.277419	0
	0.038	0.00380165	0.00390496	0.741667	0	0.00150826	0.00161157	0.282895	0
	0.039	0.00355372	0.00384298	0.739496	0	0.00169421	0.00115702	0.281879	0
	0.04	0.00413223	0.00371901	0.744681	0	0.00150826	0.000971074	0.285714	0
	0.041	0.00415289	0.00363636	0.739316	0	0.00144628	0.00113636	0.286713	0
	0.042	0.00332645	0.00274793	0.741379	0	0.00169421	0.0010124	0.29078	0
	0.043	0.0028719	0.0036157	0.746725	0	0.00188017	0.000805785	0.292857	0
	0.044	0.00295455	0.00291322	0.751111	0	0.0021281	0.000950413	0.303704	0
	0.045	0.00338843	0.0027686	0.753363	0	0.00161157	0.000743802	0.30597	0
	0.046	0.0036157	0.0027686	0.744395	0	0.00159091	0.000826446	0.308271	0
	0.047	0.00316116	0.00289256	0.764977	0	0.0014876	0.00072314	0.315385	0
	0.048	0.00320248	0.00256198	0.768519	0	0.00161157	0.000785124	0.315385	0
	0.049	0.00268595	0.00268595	0.769953	0	0.00150826	0.000764463	0.317829	0
	0.05	0.00309917	0.00229339	0.77619	0	0.00165289	0.000805785	0.320312	0
	0.051	0.00285124	0.0021281	0.79902	0	0.00130165	0.00053719	0.322835	0
	0.052	0.00274793	0.00190083	0.802956	0	0.00159091	0.000599174	0.325397	0
	0.053	0.00295455	0.00243802	0.79703	0	0.00134298	0.000619835	0.330645	0
	0.054	0.00297521	0.00192149	0.782178	0	0.00146694	0.000599174	0.336134	0
	0.055	0.00256198	0.00202479	0.78607	0	0.00171488	0.000413223	0.344828	0
	0.056	0.00245868	0.00165289	0.78392	0	0.0013843	0.000557851	0.344828	0
	0.057	0.00293388	0.00177686	0.778894	0	0.0014876	0.000599174	0.347826	0
	0.058	0.00274793	0.0018595	0.772727	0	0.00177686	0.000619835	0.345133	0
	0.059	0.00206612	0.0014876	0.767677	0	0.00140496	0.000454545	0.327434	0
	0.06	0.00254132	0.00179752	0.77551	0	0.00154959	0.000413223	0.324324	0
	0.061	0.00239669	0.00154959	0.779487	0	0.00188017	0.000433884	0.324324	0
	0.062	0.00231405	0.00154959	0.787565	0	0.00154959	0.000640496	0.333333	0
	0.063	0.00196281	0.00169421	0.790576	0	0.00177686	0.000516529	0.339623	0
	0.064	0.00216942	0.00165289	0.794737	0	0.00163223	0.000578512	0.342857	0
	0.065	0.00210744	0.00152893	0.787234	0	0.00128099	0.000309917	0.356436	0
	0.066	0.00210744	0.0013843	0.780749	0	0.00119835	0.000289256	0.356436	0
	0.067	0.00227273	0.00152893	0.775401	0	0.0014876	0.000309917	0.356436	0
	0.068	0.00221074	0.00146694	0.759358	0	0.00146694	0.00035124	0.36	0
	0.069	0.00179752	0.00130165	0.765027	0	0.00150826	0.000392562	0.367347	0
	0.07	0.00188017	0.00109504	0.767956	0	0.00115702	0.000206612	0.357143	0
	0.071	0.00192149	0.00107438	0.765363	0	0.00130165	0.00035124	0.357143	0
	0.072	0.00183884	0.0011157	0.769663	0	0.00142562	0.000433884	0.360825	0
	0.073	0.00159091	0.0011157	0.758427	0	0.00128099	0.000309917	0.364583	0
	0.074	0.0018595	0.00134298	0.754286	0	0.00134298	0.000165289	0.380435	0
	0.075	0.00183884	0.000991736	0.747126	0	0.00121901	0.000289256	0.388889	0
	0.076	0.00194215	0.00103306	0.751445	0	0.00119835	0.000268595	0.377778	0
	0.077	0.00196281	0.00107438	0.751445	0	0.0011157	0.000227273	0.390805	0
	0.078	0.00181818	0.00088843	0.745665	0	0.0010124	0.000268595	0.4	0
	0.079	0.00196281	0.000909091	0.745665	0	0.00115702	0.000247934	0.4	0
	0.08	0.0021281	0.000847107	0.734104	0	0.000764463	0.00035124	0.392857	0
	0.081	0.0025	0.000702479	0.730994	0	0.00115702	0.000103306	0.402439	0
	0.082	0.00159091	0.0010124	0.730994	0	0.00103306	0.000206612	0.407407	0
	0.083	0.00208678	0.00103306	0.719298	0	0.00109504	0.00018595	0.407407	0
	0.084	0.00190083	0.0010124	0.71345	0	0.00088843	6.19835e-05	0.405063	0
	0.085	0.00196281	0.000909091	0.711765	0	0.000929752	0.000165289	0.415584	0
	0.086	0.00241736	0.000702479	0.698225	0	0.000847107	0.00018595	0.426667	0
	0.087	0.00204545	0.000867769	0.696429	0	0.000743802	0.000268595	0.426667	0
	0.088	0.00214876	0.000785124	0.696429	0	0.00109504	0.000289256	0.426667	0
	0.089	0.00235537	0.000619835	0.70303	0	0.000661157	0.000103306	0.432432	0
	0.09	0.00231405	0.000743802	0.690909	0	0.000950413	0.00018595	0.432432	0
	0.091	0.00239669	0.0011157	0.689024	0	0.00113636	0.000165289	0.438356	0
	0.092	0.00214876	0.000599174	0.689441	0	0.00105372	0.000206612	0.430556	0
	0.093	0.00233471	0.000681818	0.6875	0	0.000702479	0.000165289	0.430556	0
	0.094	0.00233471	0.000640496	0.691824	0	0.000909091	0.000103306	0.43662	0
	0.095	0.00239669	0.000599174	0.700637	0	0.000805785	0.00018595	0.43662	0
	0.096	0.0022314	0.000599174	0.709677	0	0.000764463	0.000103306	0.442857	0
	0.097	0.00235537	0.00053719	0.707792	0	0.000661157	0.000144628	0.442857	0
	0.098	0.00192149	0.00072314	0.701299	0	0.000847107	8.26446e-05	0.449275	0
	0.099	0.00214876	0.00072314	0.699346	0	0.000619835	0.000103306	0.455882	0
	0.1	0.0025	0.000516529	0.673203	0	0.00053719	0.000123967	0.455882	0
	0.101	0.00161157	0.000640496	0.671053	0	0.00088843	0.000144628	0.462687	0
	0.102	0.00216942	0.000495868	0.664474	0	0.000619835	8.26446e-05	0.439394	0
	0.103	0.00196281	0.000640496	0.668874	0	0.00072314	0.000103306	0.446154	0
	0.104	0.00221074	0.000516529	0.668874	0	0.000578512	8.26446e-05	0.446154	0
	0.105	0.00227273	0.000330579	0.662252	0	0.000702479	8.26446e-05	0.446154	0
	0.106	0.00214876	0.000619835	0.662252	0	0.000640496	8.26446e-05	0.467742	0
	0.107	0.0022314	0.00053719	0.655629	0	0.000495868	6.19835e-05	0.467742	0
	0.108	0.00194215	0.000268595	0.655405	0	0.000578512	0.000103306	0.467742	0
	0.109	0.00190083	0.000475207	0.668966	0	0.000599174	8.26446e-05	0.47541	0
	0.11	0.00165289	0.000454545	0.666667	0	0.000516529	6.19835e-05	0.47541	0
	0.111	0.00171488	0.000433884	0.671329	0	0.000640496	0.000103306	0.47541	0
	0.112	0.0022314	0.00035124	0.671329	0	0.000495868	2.06612e-05	0.483333	0
	0.113	0.00235537	0.000392562	0.673759	0	0.000847107	6.19835e-05	0.474576	0
	0.114	0.00188017	0.000330579	0.673759	0	0.000619835	8.26446e-05	0.465517	0
	0.115	0.00188017	0.000475207	0.673759	0	0.00053719	8.26446e-05	0.465517	0
	0.116	0.00159091	0.000495868	0.673759	0	0.000495868	2.06612e-05	0.473684	0
	0.117	0.00198347	0.000247934	0.666667	0	0.000454545	4.13223e-05	0.482143	0
	0.118	0.0017562	0.000557851	0.659574	0	0.000454545	0.000103306	0.464286	0
	0.119	0.00200413	0.000433884	0.669065	0	0.000371901	4.13223e-05	0.464286	0
	0.12	0.00169421	0.00035124	0.661871	0	0.000475207	0.000103306	0.464286	0
	0.121	0.00183884	0.000330579	0.664234	0	0.000413223	8.26446e-05	0.472727	0
	0.122	0.00169421	0.000289256	0.666667	0	0.000578512	2.06612e-05	0.481481	0
	0.123	0.00140496	0.000392562	0.676692	0	0.000454545	4.13223e-05	0.462963	0
	0.124	0.00208678	0.000247934	0.674242	0	0.000454545	6.19835e-05	0.471698	0
	0.125	0.00173554	0.000330579	0.679389	0	0.000743802	6.19835e-05	0.45283	0
	0.126	0.00159091	0.000433884	0.689922	0	0.000702479	4.13223e-05	0.470588	0
	0.127	0.00152893	0.000289256	0.682171	0	0.000661157	4.13223e-05	0.470588	0
	0.128	0.00157025	0.000413223	0.6875	0	0.000619835	0	0.470588	0
	0.129	0.00163223	0.000330579	0.692913	0	0.000785124	4.13223e-05	0.48	0
	0.13	0.00140496	0.00018595	0.698413	0	0.000640496	8.26446e-05	0.48	0
	0.131	0.00142562	0.000247934	0.698413	0	0.00072314	6.19835e-05	0.48	0
	0.132	0.00157025	0.000330579	0.698413	0	0.000743802	4.13223e-05	0.48	0
	0.133	0.00126033	0.000309917	0.688	0	0.000578512	0	0.48	0
	0.134	0.00142562	0.000268595	0.688	0	0.000681818	6.19835e-05	0.48	0
	0.135	0.0014876	0.000227273	0.672	0	0.000578512	2.06612e-05	0.5	0
	0.136	0.00134298	0.000309917	0.672131	0	0.000599174	6.19835e-05	0.5	0
	0.137	0.00121901	0.00018595	0.672131	0	0.000619835	4.13223e-05	0.5	0
	0.138	0.00123967	0.000289256	0.677686	0	0.000826446	4.13223e-05	0.479167	0
	0.139	0.0017562	0.00018595	0.680672	0	0.000557851	2.06612e-05	0.458333	0
	0.14	0.00105372	0.00018595	0.677966	0	0.000433884	2.06612e-05	0.458333	0
	0.141	0.00107438	0.000247934	0.689655	0	0.000557851	0	0.458333	0
	0.142	0.0013843	0.000144628	0.689655	0	0.000681818	4.13223e-05	0.4375	0
	0.143	0.00103306	2.06612e-05	0.692982	0	0.000702479	2.06612e-05	0.4375	0
	0.144	0.00107438	0.000227273	0.692982	0	0.000661157	2.06612e-05	0.4375	0
	0.145	0.000950413	0.00018595	0.705357	0	0.000619835	2.06612e-05	0.446809	0
	0.146	0.0010124	0.000227273	0.711712	0	0.00053719	4.13223e-05	0.446809	0
	0.147	0.00113636	0.000268595	0.711712	0	0.000599174	6.19835e-05	0.446809	0
	0.148	0.00088843	0.000144628	0.702703	0	0.00053719	0	0.456522	0
	0.149	0.00103306	0.000144628	0.702703	0	0.00035124	6.19835e-05	0.456522	0
	0.15	0.000764463	0.000247934	0.722222	0	0.000661157	2.06612e-05	0.456522	0
	0.151	0.000764463	0.000268595	0.712963	0	0.000640496	0	0.431818	0
	0.152	0.000826446	0.000206612	0.712963	0	0.000557851	4.13223e-05	0.452381	0
	0.153	0.00107438	0.000247934	0.712963	0	0.000495868	2.06612e-05	0.452381	0
	0.154	0.000847107	0.000227273	0.71028	0	0.000433884	2.06612e-05	0.452381	0
	0.155	0.000867769	0.000227273	0.72381	0	0.00053719	8.26446e-05	0.463415	0
	0.156	0.00105372	0.00018595	0.737864	0	0.00035124	8.26446e-05	0.435897	0
	0.157	0.000909091	0.000144628	0.728155	0	0.000454545	2.06612e-05	0.435897	0
	0.158	0.000867769	0.000206612	0.735294	0	0.000495868	2.06612e-05	0.410256	0
	0.159	0.00103306	0.000227273	0.75	0	0.000433884	0	0.410256	0
	0.16	0.00103306	0.000103306	0.75	0	0.000413223	4.13223e-05	0.410256	0
	0.161	0.000991736	0.00018595	0.747475	0	0.000454545	0	0.410256	0
	0.162	0.000764463	8.26446e-05	0.747475	0	0.00035124	2.06612e-05	0.410256	0
	0.163	0.000785124	0.000123967	0.727273	0	0.000516529	4.13223e-05	0.410256	0
	0.164	0.000805785	0.000165289	0.727273	0	0.00053719	0	0.410256	0
	0.165	0.000599174	0.00018595	0.727273	0	0.000516529	4.13223e-05	0.421053	0
	0.166	0.000991736	0.000206612	0.72449	0	0.000619835	0	0.421053	0
	0.167	0.000929752	0.000227273	0.72449	0	0.000413223	0	0.421053	0
	0.168	0.000847107	0.000103306	0.714286	0	0.000599174	6.19835e-05	0.432432	0
	0.169	0.000950413	0.000144628	0.714286	0	0.000433884	0	0.432432	0
	0.17	0.000743802	0.000123967	0.71134	0	0.000578512	4.13223e-05	0.432432	0
	0.171	0.00053719	0.000144628	0.71134	0	0.000578512	2.06612e-05	0.432432	0
	0.172	0.000826446	0.000206612	0.71875	0	0.000764463	2.06612e-05	0.432432	0
	0.173	0.000661157	0.000165289	0.708333	0	0.000578512	0	0.444444	0
	0.174	0.000661157	0.000165289	0.705263	0	0.000516529	2.06612e-05	0.444444	0
	0.175	0.000764463	0.000165289	0.712766	0	0.000640496	6.19835e-05	0.428571	0
	0.176	0.000764463	0.000144628	0.712766	0	0.000454545	0	0.428571	0
	0.177	0.000599174	0.000123967	0.72043	0	0.000516529	4.13223e-05	0.428571	0
	0.178	0.000743802	0.000144628	0.709677	0	0.00053719	2.06612e-05	0.441176	0
	0.179	0.000991736	0.000144628	0.709677	0	0.000557851	2.06612e-05	0.441176	0
	0.18	0.000867769	0.000123967	0.717391	0	0.000702479	4.13223e-05	0.441176	0
	0.181	0.000640496	0.000165289	0.714286	0	0.000702479	2.06612e-05	0.454545	0
	0.182	0.000743802	0.000165289	0.703297	0	0.000433884	2.06612e-05	0.46875	0
	0.183	0.000661157	0.000103306	0.703297	0	0.00035124	4.13223e-05	0.46875	0
	0.184	0.000764463	0.000103306	0.703297	0	0.00053719	0	0.4375	0
	0.185	0.000785124	0.000103306	0.692308	0	0.000413223	2.06612e-05	0.451613	0
	0.186	0.000826446	8.26446e-05	0.688889	0	0.000392562	2.06612e-05	0.451613	0
	0.187	0.000826446	0.000103306	0.704545	0	0.000475207	2.06612e-05	0.451613	0
	0.188	0.000847107	6.19835e-05	0.712644	0	0.000289256	2.06612e-05	0.451613	0
	0.189	0.000681818	8.26446e-05	0.701149	0	0.00053719	0	0.451613	0
	0.19	0.000743802	6.19835e-05	0.701149	0	0.000516529	0	0.451613	0
	0.191	0.00072314	4.13223e-05	0.701149	0	0.000433884	2.06612e-05	0.451613	0
	0.192	0.000847107	0.000123967	0.701149	0	0.000495868	2.06612e-05	0.451613	0
	0.193	0.000909091	0.000165289	0.709302	0	0.000392562	4.13223e-05	0.466667	0
	0.194	0.000764463	4.13223e-05	0.709302	0	0.000619835	0	0.433333	0
	0.195	0.00072314	0.000103306	0.717647	0	0.000330579	2.06612e-05	0.433333	0
	0.196	0.000991736	8.26446e-05	0.717647	0	0.000433884	2.06612e-05	0.433333	0
	0.197	0.00105372	8.26446e-05	0.717647	0	0.000495868	4.13223e-05	0.433333	0
	0.198	0.000909091	6.19835e-05	0.73494	0	0.000289256	0	0.413793	0
	0.199	0.000743802	0.000103306	0.731707	0	0.000268595	0	0.413793	0
	0.2	0.000847107	0.000103306	0.731707	0	0.000495868	2.06612e-05	0.413793	0
	0.201	0.000785124	8.26446e-05	0.731707	0	0.000289256	0	0.413793	0
	0.202	0.000785124	6.19835e-05	0.731707	0	0.000371901	4.13223e-05	0.413793	0
	0.203	0.000929752	0.000144628	0.731707	0	0.000413223	0	0.413793	0
	0.204	0.000826446	6.19835e-05	0.740741	0	0.000433884	0	0.428571	0
	0.205	0.000805785	8.26446e-05	0.740741	0	0.000433884	2.06612e-05	0.392857	0
	0.206	0.000681818	0	0.740741	0	0.000289256	4.13223e-05	0.37037	0
	0.207	0.000826446	8.26446e-05	0.740741	0	0.000371901	0	0.37037	0
	0.208	0.000743802	0.000165289	0.759494	0	0.000392562	0	0.384615	0
	0.209	0.000929752	6.19835e-05	0.769231	0	0.000330579	2.06612e-05	0.384615	0
	0.21	0.000454545	6.19835e-05	0.769231	0	0.000433884	0	0.4	0
	0.211	0.000661157	4.13223e-05	0.769231	0	0.000413223	0	0.416667	0
	0.212	0.000764463	8.26446e-05	0.769231	0	0.000371901	0	0.416667	0
	0.213	0.000702479	6.19835e-05	0.769231	0	0.000330579	2.06612e-05	0.434783	0
	0.214	0.000785124	6.19835e-05	0.779221	0	0.00035124	0	0.434783	0
	0.215	0.00072314	2.06612e-05	0.779221	0	0.000289256	0	0.434783	0
	0.216	0.000578512	4.13223e-05	0.779221	0	0.000289256	0	0.434783	0
	0.217	0.000661157	6.19835e-05	0.766234	0	0.000227273	2.06612e-05	0.434783	0
	0.218	0.000599174	0	0.753247	0	0.000289256	2.06612e-05	0.434783	0
	0.219	0.000578512	0.000103306	0.753247	0	0.000433884	0	0.434783	0
	0.22	0.000578512	4.13223e-05	0.753247	0	0.000371901	4.13223e-05	0.434783	0
	0.221	0.000640496	2.06612e-05	0.74026	0	0.000371901	0	0.434783	0
	0.222	0.000433884	8.26446e-05	0.75	0	0.000454545	0	0.434783	0
	0.223	0.000578512	6.19835e-05	0.75	0	0.00035124	0	0.434783	0
	0.224	0.000330579	2.06612e-05	0.76	0	0.000516529	0	0.454545	0
	0.225	0.000413223	4.13223e-05	0.76	0	0.000330579	0	0.47619	0
	0.226	0.000557851	4.13223e-05	0.76	0	0.000475207	4.13223e-05	0.47619	0
	0.227	0.000475207	8.26446e-05	0.746667	0	0.000206612	2.06612e-05	0.47619	0
	0.228	0.000309917	4.13223e-05	0.733333	0	0.000206612	2.06612e-05	0.47619	0
	0.229	0.00035124	0.000103306	0.743243	0	0.000227273	0	0.47619	0
	0.23	0.000247934	4.13223e-05	0.743243	0	0.000247934	0	0.47619	0
	0.231	0.000578512	8.26446e-05	0.753425	0	0.000475207	2.06612e-05	0.428571	0
	0.232	0.00035124	6.19835e-05	0.774648	0	0.000247934	0	0.428571	0
	0.233	0.000392562	6.19835e-05	0.760563	0	0.000268595	0	0.428571	0
	0.234	0.000227273	6.19835e-05	0.760563	0	0.000413223	0	0.45	0
	0.235	0.000330579	6.19835e-05	0.771429	0	0.000227273	0	0.45	0
	0.236	0.000289256	8.26446e-05	0.771429	0	0.000144628	0	0.473684	0
	0.237	0.00035124	6.19835e-05	0.771429	0	0.00035124	0	0.473684	0
	0.238	0.000413223	0.000144628	0.771429	0	0.000289256	0	0.421053	0
	0.239	0.000371901	6.19835e-05	0.782609	0	0.00018595	0	0.421053	0
	0.24	0.00053719	8.26446e-05	0.782609	0	0.000289256	2.06612e-05	0.421053	0
	0.241	0.000330579	4.13223e-05	0.794118	0	0.000123967	0	0.444444	0
	0.242	0.00035124	2.06612e-05	0.791045	0	0.000289256	0	0.444444	0
	0.243	0.000309917	4.13223e-05	0.776119	0	0.000123967	0	0.444444	0
	0.244	0.000413223	4.13223e-05	0.776119	0	0.000330579	0	0.470588	0
	0.245	0.000268595	4.13223e-05	0.8	0	0.000247934	0	0.470588	0
	0.246	0.000330579	6.19835e-05	0.8	0	0.000144628	0	0.470588	0
	0.247	0.000309917	0	0.8	0	0.000433884	0	0.470588	0
	0.248	0.000289256	0	0.8125	0	0.000247934	0	0.470588	0
	0.249	0.000392562	6.19835e-05	0.8125	0	0.00035124	0	0.470588	0
	0.25	0.000413223	4.13223e-05	0.8125	0	0.000206612	0	0.4375	0
	0.251	0.000557851	6.19835e-05	0.796875	0	0.000206612	0	0.4375	0
	0.252	0.000495868	0.000103306	0.78125	0	0.000206612	0	0.4375	0
	0.253	0.000247934	2.06612e-05	0.793651	0	0.000289256	0	0.4375	0
	0.254	0.000247934	4.13223e-05	0.793651	0	0.000165289	2.06612e-05	0.4375	0
	0.255	0.000371901	4.13223e-05	0.793651	0	0.00018595	0	0.4375	0
	0.256	0.000433884	2.06612e-05	0.793651	0	8.26446e-05	0	0.4375	0
	0.257	0.000495868	2.06612e-05	0.777778	0	0.000227273	0	0.4375	0
	0.258	0.00035124	0	0.777778	0	0.000227273	0	0.4375	0
	0.259	0.000268595	6.19835e-05	0.777778	0	0.000247934	2.06612e-05	0.4375	0
	0.26	0.000289256	2.06612e-05	0.777778	0	0.000247934	2.06612e-05	0.4375	0
	0.261	0.000289256	2.06612e-05	0.777778	0	0.000309917	0	0.4375	0
	0.262	0.00053719	8.26446e-05	0.761905	0	0.000268595	0	0.4375	0
	0.263	0.000392562	0	0.761905	0	0.000247934	0	0.4375	0
	0.264	0.000495868	2.06612e-05	0.774194	0	0.000371901	0	0.466667	0
	0.265	0.000392562	0	0.774194	0	0.000165289	0	0.5	0
	0.266	0.000247934	6.19835e-05	0.786885	0	0.000165289	2.06612e-05	0.538462	0
	0.267	0.000392562	8.26446e-05	0.786885	0	0.000268595	2.06612e-05	0.583333	0
	0.268	0.000454545	2.06612e-05	0.786885	0	0.000289256	0	0.583333	0
	0.269	0.00035124	4.13223e-05	0.8	0	0.000123967	2.06612e-05	0.583333	0
	0.27	0.000454545	2.06612e-05	0.783333	0	0.00035124	0	0.583333	0
	0.271	0.000289256	8.26446e-05	0.783333	0	0.000103306	0	0.583333	0
	0.272	0.00018595	2.06612e-05	0.783333	0	0.000227273	2.06612e-05	0.583333	0
	0.273	0.000392562	2.06612e-05	0.766667	0	0.000103306	0	0.583333	0
	0.274	0.000413223	2.06612e-05	0.766667	0	6.19835e-05	0	0.583333	0
	0.275	0.000371901	4.13223e-05	0.766667	0	0.000227273	0	0.583333	0
	0.276	0.000289256	4.13223e-05	0.766667	0	0.000103306	0	0.583333	0
	0.277	0.000123967	0	0.766667	0	0.000144628	0	0.583333	0
	0.278	0.000247934	0	0.766667	0	6.19835e-05	0	0.583333	0
	0.279	0.00035124	6.19835e-05	0.766667	0	4.13223e-05	0	0.583333	0
	0.28	0.000433884	2.06612e-05	0.766667	0	2.06612e-05	0	0.583333	0
	0.281	0.000330579	2.06612e-05	0.766667	0	6.19835e-05	2.06612e-05	0.583333	0
	0.282	0.00035124	2.06612e-05	0.807018	0	4.13223e-05	2.06612e-05	0.583333	0
	0.283	0.000454545	2.06612e-05	0.807018	0	0.000103306	0	0.583333	0
	0.284	0.000413223	4.13223e-05	0.789474	0	0.000123967	0	0.583333	0
	0.285	0.000330579	2.06612e-05	0.789474	0	0.000103306	2.06612e-05	0.583333	0
	0.286	0.000227273	0	0.789474	0	6.19835e-05	0	0.636364	0
	0.287	0.000371901	0	0.789474	0	0.000103306	0	0.636364	0
	0.288	0.000289256	0	0.789474	0	4.13223e-05	0	0.636364	0
	0.289	0.000371901	6.19835e-05	0.789474	0	6.19835e-05	0	0.7	0
	0.29	0.000371901	4.13223e-05	0.789474	0	0	0	0.7	0
	0.291	0.000392562	2.06612e-05	0.785714	0	6.19835e-05	0	0.7	0
	0.292	0.000516529	4.13223e-05	0.785714	0	4.13223e-05	0	0.7	0
	0.293	0.000247934	4.13223e-05	0.785714	0	6.19835e-05	0	0.7	0
	0.294	0.000309917	0	0.785714	0	2.06612e-05	0	0.777778	0
	0.295	0.000268595	4.13223e-05	0.785714	0	6.19835e-05	0	0.777778	0
	0.296	0.000454545	2.06612e-05	0.8	0	6.19835e-05	0	0.777778	0
	0.297	0.000392562	4.13223e-05	0.8	0	8.26446e-05	0	0.777778	0
	0.298	0.000268595	2.06612e-05	0.781818	0	0.000123967	0	0.875	0
	0.299	0.000413223	4.13223e-05	0.763636	0	0.000103306	0	0.875	0
	0.3	0.000599174	0	0.763636	0	6.19835e-05	2.06612e-05	0.875	0
	0.301	0.000289256	6.19835e-05	0.763636	0	0	0	0.875	0
	0.302	0.000495868	0	0.763636	0	2.06612e-05	0	0.875	0
	0.303	0.000392562	4.13223e-05	0.745455	0	8.26446e-05	0	0.875	0
	0.304	0.00035124	2.06612e-05	0.759259	0	2.06612e-05	0	0.875	0
	0.305	0.000392562	0	0.759259	0	4.13223e-05	0	0.875	0
	0.306	0.000454545	4.13223e-05	0.759259	0	6.19835e-05	0	0.875	0
	0.307	0.00035124	0	0.740741	0	6.19835e-05	0	0.875	0
	0.308	0.000495868	2.06612e-05	0.740741	0	2.06612e-05	0	0.75	0
	0.309	0.000413223	4.13223e-05	0.722222	0	4.13223e-05	0	0.75	0
	0.31	0.000330579	0	0.722222	0	0	0	0.75	0
	0.311	0.000392562	0	0.722222	0	0	0	0.75	0
	0.312	0.000268595	0	0.722222	0	0	0	0.75	0
	0.313	0.000640496	0	0.722222	0	4.13223e-05	0	0.75	0
	0.314	0.000433884	2.06612e-05	0.722222	0	0	0	0.75	0
	0.315	0.000247934	0	0.722222	0	2.06612e-05	0	0.75	0
	0.316	0.000371901	4.13223e-05	0.722222	0	2.06612e-05	0	0.75	0
	0.317	0.000475207	0	0.703704	0	0	0	0.75	0
	0.318	0.000289256	4.13223e-05	0.703704	0	4.13223e-05	0	0.75	0
	0.319	0.000413223	0	0.703704	0	0	0	0.75	0
	0.32	0.000392562	6.19835e-05	0.685185	0	6.19835e-05	0	0.75	0
	0.321	0.00035124	2.06612e-05	0.685185	0	0	0	0.75	0
	0.322	0.000433884	2.06612e-05	0.698113	0	0	0	0.75	0
	0.323	0.000371901	2.06612e-05	0.679245	0	0	0	0.75	0
	0.324	0.000309917	0	0.679245	0	2.06612e-05	0	0.75	0
	0.325	0.000289256	2.06612e-05	0.679245	0	0	0	0.75	0
	0.326	0.000454545	6.19835e-05	0.692308	0	2.06612e-05	0	0.75	0
	0.327	0.000371901	2.06612e-05	0.705882	0	0	0	0.75	0
	0.328	0.000413223	6.19835e-05	0.705882	0	2.06612e-05	0	0.75	0
	0.329	0.000516529	0	0.705882	0	0	2.06612e-05	0.75	0
	0.33	0.00053719	2.06612e-05	0.705882	0	2.06612e-05	0	0.75	0
	0.331	0.000392562	0	0.705882	0	0	0	0.75	0
	0.332	0.000392562	0	0.72	0	0	0	0.75	0
	0.333	0.000392562	2.06612e-05	0.72	0	2.06612e-05	0	0.75	0
	0.334	0.000392562	4.13223e-05	0.72	0	4.13223e-05	0	0.75	0
	0.335	0.000309917	0	0.72	0	8.26446e-05	0	0.75	0
	0.336	0.000371901	8.26446e-05	0.72	0	2.06612e-05	0	0.75	0
	0.337	0.000433884	0	0.72	0	8.26446e-05	0	0.75	0
	0.338	0.000495868	2.06612e-05	0.7	0	2.06612e-05	0	0.625	0
	0.339	0.00053719	4.13223e-05	0.7	0	6.19835e-05	0	0.714286	0
	0.34	0.000330579	0	0.68	0	6.19835e-05	0	0.714286	0
	0.341	0.000413223	4.13223e-05	0.66	0	0	0	0.714286	0
	0.342	0.000371901	4.13223e-05	0.66	0	0	0	0.714286	0
	0.343	0.000454545	0	0.66	0	8.26446e-05	0	0.714286	0
	0.344	0.000392562	0	0.680851	0	4.13223e-05	0	0.714286	0
	0.345	0.000413223	0	0.680851	0	0.000144628	0	0.714286	0
	0.346	0.000495868	0	0.680851	0	8.26446e-05	0	0.714286	0
	0.347	0.00035124	0	0.680851	0	6.19835e-05	0	0.571429	0
	0.348	0.000371901	0	0.680851	0	6.19835e-05	0	0.571429	0
	0.349	0.000661157	0	0.695652	0	4.13223e-05	0	0.571429	0
	0.35	0.000413223	4.13223e-05	0.695652	0	8.26446e-05	0	0.571429	0
	0.351	0.000640496	4.13223e-05	0.695652	0	0.000103306	0	0.571429	0
	0.352	0.000392562	4.13223e-05	0.695652	0	0.000123967	2.06612e-05	0.571429	0
	0.353	0.000495868	2.06612e-05	0.711111	0	6.19835e-05	0	0.571429	0
	0.354	0.000413223	0	0.688889	0	4.13223e-05	0	0.571429	0
	0.355	0.000371901	2.06612e-05	0.688889	0	0.000123967	0	0.571429	0
	0.356	0.000392562	2.06612e-05	0.688889	0	6.19835e-05	0	0.571429	0
	0.357	0.000268595	2.06612e-05	0.688889	0	8.26446e-05	0	0.571429	0
	0.358	0.000454545	6.19835e-05	0.688889	0	0.000123967	0	0.571429	0
	0.359	0.000371901	2.06612e-05	0.688889	0	2.06612e-05	0	0.571429	0
	0.36	0.000495868	0	0.688889	0	8.26446e-05	0	0.571429	0
	0.361	0.00035124	0	0.688889	0	8.26446e-05	0	0.571429	0
	0.362	0.000599174	2.06612e-05	0.644444	0	6.19835e-05	0	0.571429	0
	0.363	0.000516529	2.06612e-05	0.644444	0	0.000144628	2.06612e-05	0.571429	0
	0.364	0.000309917	2.06612e-05	0.644444	0	0.000103306	2.06612e-05	0.571429	0
	0.365	0.000392562	0	0.622222	0	6.19835e-05	2.06612e-05	0.571429	0
	0.366	0.000433884	2.06612e-05	0.577778	0	0.000103306	0	0.571429	0
	0.367	0.000413223	0	0.590909	0	0.00018595	0	0.571429	0
	0.368	0.000516529	4.13223e-05	0.604651	0	0.000103306	0	0.571429	0
	0.369	0.000268595	2.06612e-05	0.604651	0	8.26446e-05	0	0.571429	0
	0.37	0.000392562	2.06612e-05	0.604651	0	0.000227273	0	0.571429	0
	0.371	0.000227273	2.06612e-05	0.619048	0	0.000144628	0	0.571429	0
	0.372	0.000392562	0	0.619048	0	8.26446e-05	0	0.571429	0
	0.373	0.000371901	0	0.595238	0	0.000144628	0	0.571429	0
	0.374	0.000413223	4.13223e-05	0.595238	0	0.000103306	0	0.571429	0
	0.375	0.000330579	0	0.595238	0	0.000144628	0	0.571429	0
	0.376	0.000413223	0	0.595238	0	0.000165289	0	0.571429	0
	0.377	0.000413223	0	0.595238	0	4.13223e-05	0	0.571429	0
	0.378	0.000247934	2.06612e-05	0.595238	0	0.000123967	0	0.571429	0
	0.379	0.000268595	0	0.595238	0	8.26446e-05	0	0.571429	0
	0.38	0.000516529	0	0.571429	0	0.000103306	0	0.571429	0
	0.381	0.000392562	2.06612e-05	0.571429	0	0.000144628	0	0.571429	0
	0.382	0.000268595	0	0.571429	0	8.26446e-05	2.06612e-05	0.571429	0
	0.383	0.000247934	2.06612e-05	0.585366	0	0.000103306	0	0.571429	0
	0.384	0.000371901	0	0.585366	0	0.000103306	0	0.571429	0
	0.385	0.000454545	0	0.585366	0	0.000206612	0	0.571429	0
	0.386	0.000227273	2.06612e-05	0.585366	0	6.19835e-05	0	0.571429	0
	0.387	0.000475207	0	0.585366	0	0.000103306	0	0.571429	0
	0.388	0.000475207	2.06612e-05	0.560976	0	0.000123967	0	0.666667	0
	0.389	0.000578512	0	0.560976	0	6.19835e-05	0	0.666667	0
	0.39	0.000413223	0	0.55	0	0.000123967	0	0.666667	0
	0.391	0.00035124	0	0.564103	0	0.000103306	0	0.666667	0
	0.392	0.00053719	2.06612e-05	0.564103	0	4.13223e-05	0	0.666667	0
	0.393	0.000475207	0	0.552632	0	6.19835e-05	0	0.666667	0
	0.394	0.000371901	0	0.552632	0	2.06612e-05	0	0.666667	0
	0.395	0.000516529	0	0.552632	0	8.26446e-05	0	0.666667	0
	0.396	0.000702479	0	0.552632	0	2.06612e-05	0	0.666667	0
	0.397	0.000516529	0	0.567568	0	6.19835e-05	0	0.666667	0
	0.398	0.000454545	0	0.583333	0	6.19835e-05	0	0.666667	0
	0.399	0.00053719	0	0.527778	0	6.19835e-05	0	0.666667	0
	0.4	0.000454545	0	0.527778	0	6.19835e-05	0	0.666667	0
	0.401	0.000516529	0	0.527778	0	2.06612e-05	0	0.666667	0
	0.402	0.000702479	2.06612e-05	0.527778	0	4.13223e-05	0	0.666667	0
	0.403	0.000475207	2.06612e-05	0.527778	0	0	0	0.666667	0
	0.404	0.000454545	0	0.527778	0	2.06612e-05	0	0.666667	0
	0.405	0.000413223	2.06612e-05	0.527778	0	2.06612e-05	0	0.666667	0
	0.406	0.000516529	2.06612e-05	0.527778	0	2.06612e-05	0	0.8	0
	0.407	0.000475207	0	0.527778	0	0	0	0.8	0
	0.408	0.000454545	2.06612e-05	0.527778	0	4.13223e-05	0	0.8	0
	0.409	0.000702479	2.06612e-05	0.527778	0	0	0	0.8	0
	0.41	0.000640496	0	0.527778	0	0	0	0.8	0
	0.411	0.000661157	0	0.527778	0	0	0	0.8	0
	0.412	0.000330579	0	0.527778	0	0	0	0.8	0
	0.413	0.000516529	0	0.5	0	0	0	0.8	0
	0.414	0.000495868	0	0.5	0	0	0	0.8	0
	0.415	0.000640496	4.13223e-05	0.514286	0	0	0	0.8	0
	0.416	0.000578512	2.06612e-05	0.485714	0	0	0	0.8	0
	0.417	0.00035124	0	0.485714	0	0	0	0.8	0
	0.418	0.000599174	0	0.485714	0	0	0	0.8	0
	0.419	0.000557851	2.06612e-05	0.485714	0	0	0	0.8	0
	0.42	0.000392562	2.06612e-05	0.485714	0	2.06612e-05	0	0.8	0
	0.421	0.000516529	0	0.485714	0	0	0	0.6	0
	0.422	0.000557851	0	0.485714	0	0	0	0.6	0
	0.423	0.000392562	0	0.485714	0	2.06612e-05	0	0.6	0
	0.424	0.000392562	0	0.485714	0	0	0	0.6	0
	0.425	0.000454545	0	0.485714	0	0	0	0.6	0
	0.426	0.00035124	0	0.485714	0	0	0	0.6	0
	0.427	0.000289256	0	0.5	0	2.06612e-05	0	0.6	0
	0.428	0.000495868	0	0.5	0	0	0	0.75	0
	0.429	0.000371901	2.06612e-05	0.515152	0	2.06612e-05	0	0.75	0
	0.43	0.000309917	0	0.53125	0	2.06612e-05	0	0.75	0
	0.431	0.00035124	2.06612e-05	0.5	0	2.06612e-05	0	0.75	0
	0.432	0.000433884	0	0.5	0	0	0	0.75	0
	0.433	0.000371901	0	0.5	0	4.13223e-05	0	0.75	0
	0.434	0.000206612	4.13223e-05	0.5	0	0	0	0.75	0
	0.435	0.00035124	0	0.5	0	0.000103306	0	0.75	0
	0.436	0.000433884	2.06612e-05	0.46875	0	0	0	0.75	0
	0.437	0.000330579	0	0.483871	0	4.13223e-05	0	0.75	0
	0.438	0.00018595	2.06612e-05	0.483871	0	4.13223e-05	0	0.75	0
	0.439	0.000227273	2.06612e-05	0.483871	0	0	0	0.75	0
	0.44	0.00018595	2.06612e-05	0.483871	0	0	0	0.75	0
	0.441	0.000309917	0	0.483871	0	2.06612e-05	0	0.75	0
	0.442	0.000268595	0	0.5	0	2.06612e-05	0	0.75	0
	0.443	0.000413223	0	0.5	0	0	0	0.75	0
	0.444	0.000309917	0	0.5	0	8.26446e-05	0	0.75	0
	0.445	0.000330579	0	0.535714	0	2.06612e-05	0	0.75	0
	0.446	0.000371901	0	0.5	0	2.06612e-05	2.06612e-05	0.75	0
	0.447	0.000206612	2.06612e-05	0.5	0	8.26446e-05	0	0.75	0
	0.448	0.000475207	2.06612e-05	0.5	0	0.000123967	0	0.75	0
	0.449	0.000330579	0	0.5	0	2.06612e-05	0	0.75	0
	0.45	0.000227273	0	0.5	0	0.000103306	0	0.75	0
	0.451	0.000247934	0	0.5	0	8.26446e-05	0	0.75	0
	0.452	0.000309917	2.06612e-05	0.518519	0	4.13223e-05	0	0.75	0
	0.453	0.000330579	2.06612e-05	0.56	0	0	0	0.75	0
	0.454	0.000227273	0	0.56	0	4.13223e-05	0	0.75	0
	0.455	0.000371901	0	0.56	0	0.000144628	0	0.75	0
	0.456	0.000227273	2.06612e-05	0.56	0	2.06612e-05	0	0.5	0
	0.457	0.000268595	0	0.56	0	4.13223e-05	0	0.5	0
	0.458	0.000247934	0	0.56	0	0.000103306	0	0.5	0
	0.459	0.000227273	0	0.583333	0	4.13223e-05	0	0.5	0
	0.46	0.000247934	2.06612e-05	0.583333	0	0.000103306	0	0.5	0
	0.461	0.000330579	4.13223e-05	0.608696	0	8.26446e-05	0	0.5	0
	0.462	0.000227273	0	0.608696	0	8.26446e-05	0	0.5	0
	0.463	0.00018595	0	0.608696	0	8.26446e-05	0	0.5	0
	0.464	0.000309917	0	0.636364	0	4.13223e-05	0	0.5	0
	0.465	0.000330579	0	0.636364	0	4.13223e-05	0	0.5	0
	0.466	0.000371901	2.06612e-05	0.619048	0	6.19835e-05	0	0.5	0
	0.467	0.000309917	0	0.619048	0	0.000123967	0	0.5	0
	0.468	0.000289256	2.06612e-05	0.619048	0	0.000103306	0	0.5	0
	0.469	0.000289256	2.06612e-05	0.619048	0	0.000123967	0	0.5	0
	0.47	0.000165289	0	0.619048	0	2.06612e-05	0	0.25	0
	0.471	0.00018595	0	0.619048	0	4.13223e-05	0	0.25	0
	0.472	0.000247934	0	0.619048	0	2.06612e-05	0	0.25	0
	0.473	0.000268595	0	0.619048	0	8.26446e-05	0	0.25	0
	0.474	0.000206612	0	0.619048	0	0.000103306	0	0.25	0
	0.475	0.00018595	0	0.571429	0	0.000144628	0	0.25	0
	0.476	0.000227273	0	0.571429	0	0	0	0.25	0
	0.477	0.00035124	0	0.571429	0	6.19835e-05	0	0.25	0
	0.478	0.000206612	0	0.571429	0	0.000123967	0	0.25	0
	0.479	0.000144628	2.06612e-05	0.571429	0	8.26446e-05	0	0.25	0
	0.48	0.000206612	0	0.52381	0	0.000144628	0	0.25	0
	0.481	0.000268595	2.06612e-05	0.52381	0	0.000123967	0	0.25	0
	0.482	0.00018595	0	0.52381	0	8.26446e-05	0	0.25	0
	0.483	0.000144628	0	0.52381	0	6.19835e-05	0	0.25	0
	0.484	0.000227273	0	0.52381	0	0.000123967	0	0.25	0
	0.485	0.000247934	4.13223e-05	0.52381	0	8.26446e-05	0	0.25	0
	0.486	0.000268595	0	0.52381	0	6.19835e-05	0	0.25	0
	0.487	0.000247934	0	0.52381	0	0.000144628	0	0.25	0
	0.488	0.000227273	0	0.55	0	4.13223e-05	0	0.25	0
	0.489	0.000289256	2.06612e-05	0.45	0	0.000165289	0	0.25	0
	0.49	0.000309917	0	0.45	0	0.000103306	0	0.25	0
	0.491	0.000330579	0	0.473684	0	6.19835e-05	0	0.25	0
	0.492	0.000123967	0	0.473684	0	0.000165289	0	0.25	0
	0.493	0.000144628	0	0.473684	0	4.13223e-05	0	0.25	0
	0.494	0.000165289	0	0.473684	0	0.000144628	0	0.25	0
	0.495	0.000206612	0	0.473684	0	8.26446e-05	0	0.25	0
	0.496	0.000330579	0	0.5	0	8.26446e-05	0	0.25	0
	0.497	0.000165289	0	0.529412	0	8.26446e-05	0	0.25	0
	0.498	0.000144628	0	0.529412	0	6.19835e-05	0	0.25	0
	0.499	0.000268595	0	0.529412	0	6.19835e-05	0	0.25	0
	0.5	0.000227273	2.06612e-05	0.529412	0	8.26446e-05	0	0.25	0
	0.501	0.000165289	0	0.529412	0	8.26446e-05	0	0.25	0
	0.502	0.000144628	0	0.529412	0	0.000103306	0	0.25	0
	0.503	0.000247934	0	0.529412	0	4.13223e-05	0	0.333333	0
	0.504	0.000206612	4.13223e-05	0.529412	0	8.26446e-05	0	0.333333	0
	0.505	0.000309917	0	0.529412	0	6.19835e-05	0	0.333333	0
	0.506	0.000144628	0	0.529412	0	8.26446e-05	0	0.333333	0
	0.507	0.000144628	2.06612e-05	0.529412	0	4.13223e-05	0	0.333333	0
	0.508	0.000206612	0	0.529412	0	4.13223e-05	0	0.333333	0
	0.509	0.000165289	0	0.529412	0	6.19835e-05	0	0.333333	0
	0.51	0.000227273	0	0.529412	0	6.19835e-05	0	0.333333	0
	0.511	0.000206612	0	0.529412	0	6.19835e-05	0	0.333333	0
	0.512	0.000123967	0	0.529412	0	4.13223e-05	0	0	0
	0.513	0.00018595	0	0.529412	0	6.19835e-05	0	0	0
	0.514	0.000227273	0	0.529412	0	0	0	0	0
	0.515	0.000123967	2.06612e-05	0.5625	0	6.19835e-05	0	0	0
	0.516	0.000206612	2.06612e-05	0.533333	0	4.13223e-05	0	0	0
	0.517	0.00035124	0	0.571429	0	2.06612e-05	0	0	0
	0.518	0.000371901	0	0.571429	0	8.26446e-05	0	0	0
	0.519	0.000268595	0	0.571429	0	4.13223e-05	0	0	0
	0.52	0.000206612	0	0.571429	0	4.13223e-05	0	0	0
	0.521	0.000227273	0	0.571429	0	6.19835e-05	0	0	0
	0.522	0.000165289	2.06612e-05	0.571429	0	4.13223e-05	0	0	0
	0.523	0.000227273	0	0.571429	0	0	0	0	0
	0.524	0.00018595	0	0.571429	0	2.06612e-05	0	0	0
	0.525	0.000371901	2.06612e-05	0.571429	0	0	0	0	0
	0.526	0.000392562	0	0.571429	0	6.19835e-05	0	0	0
	0.527	0.000165289	0	0.571429	0	2.06612e-05	0	0	0
	0.528	0.000144628	2.06612e-05	0.615385	0	6.19835e-05	0	0	0
	0.529	0.000144628	2.06612e-05	0.615385	0	4.13223e-05	0	0	0
	0.53	0.00018595	0	0.615385	0	0	0	0	0
	0.531	0.000206612	2.06612e-05	0.615385	0	8.26446e-05	0	0	0
	0.532	0.00018595	4.13223e-05	0.615385	0	2.06612e-05	0	0	0
	0.533	0.000289256	0	0.538462	0	0	0	0	0
	0.534	0.000144628	0	0.538462	0	6.19835e-05	0	0	0
	0.535	0.000103306	0	0.538462	0	6.19835e-05	0	0	0
	0.536	0.000165289	2.06612e-05	0.538462	0	0	0	0	0
	0.537	0.000165289	0	0.538462	0	4.13223e-05	0	0	0
	0.538	0.000206612	2.06612e-05	0.538462	0	8.26446e-05	0	0	0
	0.539	0.000103306	0	0.538462	0	2.06612e-05	0	0	0
	0.54	0.00018595	0	0.538462	0	2.06612e-05	0	0	0
	0.541	0.000103306	0	0.538462	0	8.26446e-05	0	0	0
	0.542	0.000123967	0	0.538462	0	2.06612e-05	0	0	0
	0.543	0.000144628	2.06612e-05	0.538462	0	0.000103306	0	0	0
	0.544	0.000165289	0	0.538462	0	6.19835e-05	0	0	0
	0.545	6.19835e-05	0	0.538462	0	4.13223e-05	0	0	0
	0.546	8.26446e-05	0	0.538462	0	0.000123967	0	0	0
	0.547	6.19835e-05	0	0.538462	0	4.13223e-05	0	0	0
	0.548	0.000103306	0	0.538462	0	4.13223e-05	0	0	0
	0.549	6.19835e-05	0	0.538462	0	0.000123967	0	0	0
	0.55	6.19835e-05	0	0.538462	0	0.000103306	0	0	0
	0.551	0.000103306	0	0.538462	0	2.06612e-05	0	0	0
	0.552	0.000103306	0	0.538462	0	2.06612e-05	0	0	0
	0.553	8.26446e-05	0	0.538462	0	6.19835e-05	0	0	0
	0.554	6.19835e-05	0	0.538462	0	2.06612e-05	0	0	0
	0.555	4.13223e-05	0	0.538462	0	2.06612e-05	0	0	0
	0.556	0	0	0.538462	0	2.06612e-05	0	0	0
	0.557	8.26446e-05	0	0.538462	0	8.26446e-05	0	0	0
	0.558	4.13223e-05	0	0.538462	0	4.13223e-05	0	0	0
	0.559	4.13223e-05	0	0.538462	0	2.06612e-05	0	0	0
	0.56	6.19835e-05	0	0.538462	0	2.06612e-05	0	0	0
	0.561	6.19835e-05	0	0.538462	0	6.19835e-05	0	0	0
	0.562	0	0	0.538462	0	2.06612e-05	0	0	0
	0.563	4.13223e-05	0	0.538462	0	0.000103306	0	0	0
	0.564	8.26446e-05	0	0.583333	0	4.13223e-05	0	0	0
	0.565	6.19835e-05	0	0.583333	0	2.06612e-05	0	0	0
	0.566	0	2.06612e-05	0.583333	0	2.06612e-05	0	0	0
	0.567	6.19835e-05	0	0.583333	0	4.13223e-05	0	0	0
	0.568	4.13223e-05	0	0.636364	0	0	0	0	0
	0.569	2.06612e-05	0	0.7	0	2.06612e-05	0	0	0
	0.57	0	0	0.7	0	2.06612e-05	0	0	0
	0.571	4.13223e-05	0	0.7	0	0	0	0	0
	0.572	2.06612e-05	0	0.7	0	0	0	0	0
	0.573	4.13223e-05	0	0.7	0	0	0	0	0
	0.574	4.13223e-05	0	0.7	0	2.06612e-05	0	0	0
	0.575	2.06612e-05	0	0.777778	0	0	0	0	0
	0.576	2.06612e-05	0	0.777778	0	0	0	0	0
	0.577	0	0	0.777778	0	6.19835e-05	0	0	0
	0.578	4.13223e-05	0	0.777778	0	0	0	0	0
	0.579	6.19835e-05	0	0.777778	0	2.06612e-05	0	0	0
	0.58	6.19835e-05	0	0.777778	0	0	0	0	0
	0.581	2.06612e-05	0	0.777778	0	0	0	0	0
	0.582	4.13223e-05	0	0.777778	0	0	0	0	0
	0.583	2.06612e-05	0	0.777778	0	2.06612e-05	0	0	0
	0.584	4.13223e-05	0	0.777778	0	0	0	0	0
	0.585	4.13223e-05	2.06612e-05	0.777778	0	0	0	0	0
	0.586	0.000103306	0	0.777778	0	0	0	0	0
	0.587	4.13223e-05	0	0.777778	0	0	0	0	0
	0.588	0.000123967	0	0.777778	0	0	0	0	0
	0.589	0	0	0.777778	0	2.06612e-05	0	0	0
	0.59	8.26446e-05	0	0.777778	0	0	0	0	0
	0.591	8.26446e-05	0	0.875	0	0	0	0	0
	0.592	2.06612e-05	0	0.875	0	0	0	0	0
	0.593	6.19835e-05	0	0.875	0	0	0	0	0
	0.594	6.19835e-05	0	0.875	0	0	0	0	0
	0.595	4.13223e-05	0	0.875	0	0	0	0	0
	0.596	2.06612e-05	0	0.875	0	0	0	0	0
	0.597	4.13223e-05	0	0.875	0	0	0	0	0
	0.598	4.13223e-05	0	0.875	0	0	0	0	0
	0.599	4.13223e-05	0	0.875	0	0	0	0	0
	0.6	6.19835e-05	0	0.875	0	0	0	0	0
	0.601	6.19835e-05	0	0.875	0	0	0	0	0
	0.602	0.000103306	0	0.875	0	0	0	0	0
	0.603	6.19835e-05	0	0.875	0	0	0	0	0
	0.604	4.13223e-05	0	0.875	0	0	0	0	0
	0.605	2.06612e-05	0	0.875	0	0	0	0	0
	0.606	2.06612e-05	0	0.875	0	0	0	0	0
	0.607	2.06612e-05	0	0.875	0	0	0	0	0
	0.608	0.000103306	0	0.875	0	0	0	0	0
	0.609	0	0	0.875	0	0	0	0	0
	0.61	4.13223e-05	0	0.875	0	0	0	0	0
	0.611	0	0	0.875	0	0	0	0	0
	0.612	2.06612e-05	2.06612e-05	0.875	0	0	0	0	0
	0.613	6.19835e-05	0	0.875	0	0	0	0	0
	0.614	0	2.06612e-05	0.875	0	0	0	0	0
	0.615	0	0	0.875	0	0	0	0	0
	0.616	0	0	0.875	0	0	0	0	0
	0.617	4.13223e-05	0	0.875	0	0	0	0	0
	0.618	0	0	0.875	0	0	0	0	0
	0.619	2.06612e-05	0	0.875	0	0	0	0	0
	0.62	0	0	0.875	0	0	0	0	0
	0.621	0	0	0.875	0	0	0	0	0
	0.622	0	0	0.875	0	0	0	0	0
	0.623	2.06612e-05	0	0.875	0	0	0	0	0
	0.624	0	0	0.875	0	0	0	0	0
	0.625	0	0	0.875	0	0	0	0	0
	0.626	0	0	0.875	0	0	0	0	0
	0.627	0	0	0.875	0	0	0	0	0
	0.628	0	0	0.875	0	0	0	0	0
	0.629	0	0	0.875	0	0	0	0	0
	0.63	0	0	0.875	0	0	0	0	0
	0.631	0	0	0.875	0	0	0	0	0
	0.632	0	0	0.875	0	0	0	0	0
	0.633	0	0	0.875	0	0	0	0	0
	0.634	0	0	0.875	0	0	0	0	0
	0.635	2.06612e-05	0	0.875	0	0	0	0	0
	0.636	0	0	1	0	0	0	0	0
	0.637	0	0	1	0	0	0	0	0
	0.638	0	0	1	0	0	0	0	0
	0.639	0	0	1	0	0	0	0	0
	0.64	0	2.06612e-05	1	0	0	0	0	0
	0.641	0	0	1	0	0	0	0	0
	0.642	0	0	1	0	0	0	0	0
	0.643	0	0	1	0	0	0	0	0
	0.644	0	0	1	0	0	0	0	0
	0.645	0	0	1	0	0	0	0	0
	0.646	0	0	1	0	0	0	0	0
	0.647	0	0	1	0	0	0	0	0
	0.648	0	0	1	0	0	0	0	0
	0.649	0	0	1	0	0	0	0	0
	0.65	0	0	1	0	0	0	0	0
	0.651	0	0	1	0	0	0	0	0
	0.652	0	0	1	0	0	0	0	0
	0.653	0	0	1	0	0	0	0	0
	0.654	0	0	1	0	0	0	0	0
	0.655	0	0	1	0	0	0	0	0
	0.656	0	0	1	0	0	0	0	0
	0.657	0	0	1	0	0	0	0	0
	0.658	0	0	1	0	0	0	0	0
	0.659	0	0	1	0	0	0	0	0
	0.66	0	0	1	0	0	0	0	0
	0.661	0	0	1	0	0	0	0	0
	0.662	0	0	1	0	0	0	0	0
	0.663	0	0	1	0	0	0	0	0
	0.664	0	0	1	0	0	0	0	0
	0.665	2.06612e-05	0	1	0	0	0	0	0
	0.666	0	0	0.857143	0	0	0	0	0
	0.667	0	0	0.857143	0	0	0	0	0
	0.668	0	0	0.857143	0	0	0	0	0
	0.669	2.06612e-05	0	0.857143	0	0	0	0	0
	0.67	0	0	0.857143	0	0	0	0	0
	0.671	2.06612e-05	0	0.857143	0	0	0	0	0
	0.672	4.13223e-05	0	0.857143	0	0	0	0	0
	0.673	0	0	0.857143	0	0	0	0	0
	0.674	4.13223e-05	0	0.857143	0	0	0	0	0
	0.675	2.06612e-05	0	0.857143	0	0	0	0	0
	0.676	0	0	0.857143	0	0	0	0	0
	0.677	2.06612e-05	0	0.857143	0	0	0	0	0
	0.678	2.06612e-05	0	0.857143	0	0	0	0	0
	0.679	0	0	0.857143	0	0	0	0	0
	0.68	2.06612e-05	0	0.857143	0	0	0	0	0
	0.681	0	0	0.857143	0	0	0	0	0
	0.682	2.06612e-05	0	0.857143	0	0	0	0	0
	0.683	0	0	0.857143	0	0	0	0	0
	0.684	8.26446e-05	0	0.857143	0	0	0	0	0
	0.685	2.06612e-05	0	0.857143	0	0	0	0	0
	0.686	4.13223e-05	0	0.857143	0	0	0	0	0
	0.687	0.000123967	0	0.857143	0	0	0	0	0
	0.688	0	0	0.857143	0	0	0	0	0
	0.689	0.000103306	0	0.857143	0	0	0	0	0
	0.69	0	0	0.857143	0	0	0	0	0
	0.691	0	0	0.857143	0	0	0	0	0
	0.692	8.26446e-05	0	0.857143	0	0	0	0	0
	0.693	6.19835e-05	0	0.857143	0	0	0	0	0
	0.694	0	0	0.857143	0	0	0	0	0
	0.695	4.13223e-05	0	0.857143	0	0	0	0	0
	0.696	6.19835e-05	0	0.857143	0	0	0	0	0
	0.697	6.19835e-05	0	0.857143	0	0	0	0	0
	0.698	2.06612e-05	0	0.857143	0	0	0	0	0
	0.699	6.19835e-05	0	0.857143	0	0	0	0	0
	0.7	2.06612e-05	0	0.857143	0	0	0	0	0
	0.701	6.19835e-05	0	0.857143	0	0	0	0	0
	0.702	4.13223e-05	0	0.857143	0	0	0	0	0
	0.703	2.06612e-05	0	0.857143	0	0	0	0	0
	0.704	4.13223e-05	0	0.857143	0	0	0	0	0
	0.705	4.13223e-05	0	0.857143	0	0	0	0	0
	0.706	2.06612e-05	0	0.857143	0	0	0	0	0
	0.707	0.000144628	2.06612e-05	0.857143	0	0	0	0	0
	0.708	8.26446e-05	0	0.857143	0	0	0	0	0
	0.709	8.26446e-05	0	0.857143	0	0	0	0	0
	0.71	4.13223e-05	0	0.857143	0	0	0	0	0
	0.711	0	0	0.857143	0	0	0	0	0
	0.712	4.13223e-05	0	0.857143	0	0	0	0	0
	0.713	2.06612e-05	0	0.857143	0	0	0	0	0
	0.714	8.26446e-05	0	0.857143	0	0	0	0	0
	0.715	6.19835e-05	0	0.714286	0	0	0	0	0
	0.716	4.13223e-05	0	0.714286	0	0	0	0	0
	0.717	2.06612e-05	0	0.714286	0	0	0	0	0
	0.718	4.13223e-05	0	0.714286	0	0	0	0	0
	0.719	4.13223e-05	0	0.714286	0	0	0	0	0
	0.72	4.13223e-05	0	0.714286	0	0	0	0	0
	0.721	2.06612e-05	0	0.714286	0	0	0	0	0
	0.722	0	0	0.714286	0	0	0	0	0
	0.723	2.06612e-05	0	0.714286	0	0	0	0	0
	0.724	2.06612e-05	0	0.714286	0	0	0	0	0
	0.725	0	0	0.714286	0	0	0	0	0
	0.726	0	0	0.714286	0	0	0	0	0
	0.727	6.19835e-05	0	0.714286	0	0	0	0	0
	0.728	0	0	0.714286	0	0	0	0	0
	0.729	2.06612e-05	0	0.714286	0	0	0	0	0
	0.73	0.000103306	0	0.714286	0	0	0	0	0
	0.731	0	0	0.666667	0	0	0	0	0
	0.732	0	0	0.666667	0	0	0	0	0
	0.733	4.13223e-05	0	0.666667	0	0	0	0	0
	0.734	4.13223e-05	0	0.666667	0	0	0	0	0
	0.735	2.06612e-05	0	0.5	0	0	0	0	0
	0.736	4.13223e-05	0	0.5	0	0	0	0	0
	0.737	8.26446e-05	0	0.5	0	0	0	0	0
	0.738	4.13223e-05	0	0.5	0	0	0	0	0
	0.739	0.000144628	0	0.5	0	0	0	0	0
	0.74	6.19835e-05	0	0.5	0	0	0	0	0
	0.741	0.000103306	0	0.5	0	0	0	0	0
	0.742	4.13223e-05	0	0.5	0	0	0	0	0
	0.743	4.13223e-05	0	0.5	0	0	0	0	0
	0.744	0.000103306	0	0.5	0	0	0	0	0
	0.745	4.13223e-05	0	0.5	0	0	0	0	0
	0.746	0.000103306	0	0.5	0	0	0	0	0
	0.747	0.00018595	0	0.5	0	0	0	0	0
	0.748	0.00018595	0	0.5	0	0	0	0	0
	0.749	8.26446e-05	0	0.5	0	0	0	0	0
	0.75	0.000144628	0	0.5	0	0	0	0	0
	0.751	0.000123967	0	0.5	0	0	0	0	0
	0.752	0.000123967	0	0.5	0	0	0	0	0
	0.753	0.000123967	0	0.5	0	0	0	0	0
	0.754	0.000103306	0	0.5	0	0	0	0	0
	0.755	0.000227273	0	0.5	0	0	0	0	0
	0.756	0.000144628	0	0.5	0	0	0	0	0
	0.757	0.000206612	0	0.5	0	0	0	0	0
	0.758	0.00018595	0	0.5	0	0	0	0	0
	0.759	0.000206612	0	0.5	0	0	0	0	0
	0.76	0.000123967	0	0.5	0	0	0	0	0
	0.761	0.000123967	0	0.5	0	0	0	0	0
	0.762	0.000206612	0	0.5	0	0	0	0	0
	0.763	0.000165289	0	0.5	0	0	0	0	0
	0.764	0.00018595	0	0.333333	0	0	0	0	0
	0.765	0.00018595	0	0.333333	0	0	0	0	0
	0.766	0.000103306	0	0.333333	0	0	0	0	0
	0.767	0.000330579	0	0.333333	0	0	0	0	0
	0.768	6.19835e-05	0	0.333333	0	0	0	0	0
	0.769	6.19835e-05	0	0.333333	0	0	0	0	0
	0.77	0.000103306	0	0.333333	0	0	0	0	0
	0.771	0.000123967	0	0.333333	0	0	0	0	0
	0.772	0.000123967	0	0.166667	0	0	0	0	0
	0.773	0.000123967	0	0.166667	0	0	0	0	0
	0.774	0.000103306	0	0.166667	0	0	0	0	0
	0.775	0.000144628	0	0.166667	0	0	0	0	0
	0.776	0.000103306	0	0.166667	0	0	0	0	0
	0.777	2.06612e-05	0	0.166667	0	0	0	0	0
	0.778	0.000206612	0	0.166667	0	0	0	0	0
	0.779	0.000144628	0	0.166667	0	0	0	0	0
	0.78	0.000123967	0	0.166667	0	0	0	0	0
	0.781	0.000103306	0	0.166667	0	0	0	0	0
	0.782	0.000123967	0	0.166667	0	0	0	0	0
	0.783	0.00018595	0	0.166667	0	0	0	0	0
	0.784	4.13223e-05	0	0.2	0	0	0	0	0
	0.785	0.000144628	0	0.2	0	0	0	0	0
	0.786	6.19835e-05	0	0.2	0	0	0	0	0
	0.787	8.26446e-05	0	0.2	0	0	0	0	0
	0.788	4.13223e-05	0	0.2	0	0	0	0	0
	0.789	8.26446e-05	0	0	0	0	0	0	0
	0.79	0.000123967	0	0	0	0	0	0	0
	0.791	0.000103306	0	0	0	0	0	0	0
	0.792	8.26446e-05	0	0	0	0	0	0	0
	0.793	0.000144628	0	0	0	0	0	0	0
	0.794	6.19835e-05	0	0	0	0	0	0	0
	0.795	0.000123967	0	0	0	0	0	0	0
	0.796	0.000165289	0	0	0	0	0	0	0
	0.797	8.26446e-05	0	0	0	0	0	0	0
	0.798	0.000103306	0	0	0	0	0	0	0
	0.799	0.000144628	0	0	0	0	0	0	0
	0.8	8.26446e-05	0	0	0	0	0	0	0
	0.801	0.000144628	0	0	0	0	0	0	0
	0.802	0.000165289	0	0	0	0	0	0	0
	0.803	0.000247934	0	0	0	0	0	0	0
	0.804	0.000144628	0	0	0	0	0	0	0
	0.805	0.000144628	0	0	0	0	0	0	0
	0.806	0.000227273	0	0	0	0	0	0	0
	0.807	0.000165289	0	0	0	0	0	0	0
	0.808	0.000103306	0	0	0	0	0	0	0
	0.809	0.000206612	0	0	0	0	0	0	0
	0.81	0.000227273	0	0	0	0	0	0	0
	0.811	0.000123967	0	0	0	0	0	0	0
	0.812	0.000268595	0	0	0	0	0	0	0
	0.813	0.000227273	0	0	0	0	0	0	0
	0.814	0.000123967	0	0	0	0	0	0	0
	0.815	0.000165289	0	0	0	0	0	0	0
	0.816	8.26446e-05	0	0	0	0	0	0	0
	0.817	8.26446e-05	0	0	0	0	0	0	0
	0.818	0.000103306	0	0	0	0	0	0	0
	0.819	0.000123967	0	0	0	0	0	0	0
	0.82	6.19835e-05	0	0	0	0	0	0	0
	0.821	0.000144628	0	0	0	0	0	0	0
	0.822	0.000206612	0	0	0	0	0	0	0
	0.823	8.26446e-05	0	0	0	0	0	0	0
	0.824	4.13223e-05	0	0	0	0	0	0	0
	0.825	4.13223e-05	0	0	0	0	0	0	0
	0.826	0.000123967	0	0	0	0	0	0	0
	0.827	4.13223e-05	0	0	0	0	0	0	0
	0.828	4.13223e-05	0	0	0	0	0	0	0
	0.829	6.19835e-05	0	0	0	0	0	0	0
	0.83	0.000123967	0	0	0	0	0	0	0
	0.831	0	0	0	0	0	0	0	0
	0.832	0.000103306	0	0	0	0	0	0	0
	0.833	4.13223e-05	0	0	0	0	0	0	0
	0.834	4.13223e-05	0	0	0	0	0	0	0
	0.835	0	0	0	0	0	0	0	0
	0.836	2.06612e-05	0	0	0	0	0	0	0
	0.837	0	0	0	0	0	0	0	0
	0.838	0	0	0	0	0	0	0	0
	0.839	0	0	0	0	0	0	0	0
	0.84	0	0	0	0	0	0	0	0
	0.841	0	0	0	0	0	0	0	0
	0.842	2.06612e-05	0	0	0	0	0	0	0
	0.843	0	0	0	0	0	0	0	0
	0.844	0	0	0	0	0	0	0	0
	0.845	0	0	0	0	0	0	0	0
	0.846	0	0	0	0	0	0	0	0
	0.847	0	0	0	0	0	0	0	0
	0.848	0	0	0	0	0	0	0	0
	0.849	0	0	0	0	0	0	0	0
	0.85	0	0	0	0	0	0	0	0
	0.851	0	0	0	0	0	0	0	0
	0.852	2.06612e-05	0	0	0	0	0	0	0
	0.853	0	0	0	0	0	0	0	0
	0.854	0	0	0	0	0	0	0	0
	0.855	0	0	0	0	0	0	0	0
	0.856	0	0	0	0	0	0	0	0
	0.857	0	0	0	0	0	0	0	0
	0.858	0	0	0	0	0	0	0	0
	0.859	0	0	0	0	0	0	0	0
	0.86	0	0	0	0	0	0	0	0
	0.861	0	0	0	0	0	0	0	0
	0.862	0	0	0	0	0	0	0	0
	0.863	0	0	0	0	0	0	0	0
	0.864	0	0	0	0	0	0	0	0
	0.865	0	0	0	0	0	0	0	0
	0.866	0	0	0	0	0	0	0	0
	0.867	0	0	0	0	0	0	0	0
	0.868	0	0	0	0	0	0	0	0
	0.869	0	0	0	0	0	0	0	0
	0.87	0	0	0	0	0	0	0	0
	0.871	0	0	0	0	0	0	0	0
	0.872	0	0	0	0	0	0	0	0
	0.873	0	0	0	0	0	0	0	0
	0.874	0	0	0	0	0	0	0	0
	0.875	0	0	0	0	0	0	0	0
	0.876	0	0	0	0	0	0	0	0
	0.877	0	0	0	0	0	0	0	0
	0.878	0	0	0	0	0	0	0	0
	0.879	0	0	0	0	0	0	0	0
	0.88	0	0	0	0	0	0	0	0
	0.881	0	0	0	0	0	0	0	0
	0.882	0	0	0	0	0	0	0	0
	0.883	0	0	0	0	0	0	0	0
	0.884	0	0	0	0	0	0	0	0
	0.885	0	0	0	0	0	0	0	0
	0.886	0	0	0	0	0	0	0	0
	0.887	0	0	0	0	0	0	0	0
	0.888	0	0	0	0	0	0	0	0
	0.889	0	0	0	0	0	0	0	0
	0.89	0	0	0	0	0	0	0	0
	0.891	0	0	0	0	0	0	0	0
	0.892	0	0	0	0	0	0	0	0
	0.893	0	0	0	0	0	0	0	0
	0.894	0	0	0	0	0	0	0	0
	0.895	0	0	0	0	0	0	0	0
	0.896	0	0	0	0	0	0	0	0
	0.897	0	0	0	0	0	0	0	0
	0.898	0	0	0	0	0	0	0	0
	0.899	0	0	0	0	0	0	0	0
	0.9	0	0	0	0	0	0	0	0
	0.901	0	0	0	0	0	0	0	0
	0.902	0	0	0	0	0	0	0	0
	0.903	0	0	0	0	0	0	0	0
	0.904	0	0	0	0	0	0	0	0
	0.905	0	0	0	0	0	0	0	0
	0.906	0	0	0	0	0	0	0	0
	0.907	0	0	0	0	0	0	0	0
	0.908	0	0	0	0	0	0	0	0
	0.909	0	0	0	0	0	0	0	0
	0.91	0	0	0	0	0	0	0	0
	0.911	0	0	0	0	0	0	0	0
	0.912	0	0	0	0	0	0	0	0
	0.913	0	0	0	0	0	0	0	0
	0.914	0	0	0	0	0	0	0	0
	0.915	0	0	0	0	0	0	0	0
	0.916	0	0	0	0	0	0	0	0
	0.917	0	0	0	0	0	0	0	0
	0.918	0	0	0	0	0	0	0	0
	0.919	0	0	0	0	0	0	0	0
	0.92	0	0	0	0	0	0	0	0
	0.921	0	0	0	0	0	0	0	0
	0.922	0	0	0	0	0	0	0	0
	0.923	0	0	0	0	0	0	0	0
	0.924	0	0	0	0	0	0	0	0
	0.925	0	0	0	0	0	0	0	0
	0.926	0	0	0	0	0	0	0	0
	0.927	0	0	0	0	0	0	0	0
	0.928	0	0	0	0	0	0	0	0
	0.929	0	0	0	0	0	0	0	0
	0.93	0	0	0	0	0	0	0	0
	0.931	0	0	0	0	0	0	0	0
	0.932	0	0	0	0	0	0	0	0
	0.933	0	0	0	0	0	0	0	0
	0.934	0	0	0	0	0	0	0	0
	0.935	0	0	0	0	0	0	0	0
	0.936	0	0	0	0	0	0	0	0
	0.937	0	0	0	0	0	0	0	0
	0.938	0	0	0	0	0	0	0	0
	0.939	0	0	0	0	0	0	0	0
	0.94	0	0	0	0	0	0	0	0
	0.941	0	0	0	0	0	0	0	0
	0.942	0	0	0	0	0	0	0	0
	0.943	0	0	0	0	0	0	0	0
	0.944	0	0	0	0	0	0	0	0
	0.945	0	0	0	0	0	0	0	0
	0.946	0	0	0	0	0	0	0	0
	0.947	0	0	0	0	0	0	0	0
	0.948	0	0	0	0	0	0	0	0
	0.949	0	0	0	0	0	0	0	0
	0.95	0	0	0	0	0	0	0	0
	0.951	0	0	0	0	0	0	0	0
	0.952	0	0	0	0	0	0	0	0
	0.953	0	0	0	0	0	0	0	0
	0.954	0	0	0	0	0	0	0	0
	0.955	0	0	0	0	0	0	0	0
	0.956	0	0	0	0	0	0	0	0
	0.957	0	0	0	0	0	0	0	0
	0.958	0	0	0	0	0	0	0	0
	0.959	0	0	0	0	0	0	0	0
	0.96	0	0	0	0	0	0	0	0
	0.961	0	0	0	0	0	0	0	0
	0.962	0	0	0	0	0	0	0	0
	0.963	0	0	0	0	0	0	0	0
	0.964	0	0	0	0	0	0	0	0
	0.965	0	0	0	0	0	0	0	0
	0.966	0	0	0	0	0	0	0	0
	0.967	0	0	0	0	0	0	0	0
	0.968	0	0	0	0	0	0	0	0
	0.969	0	0	0	0	0	0	0	0
	0.97	0	0	0	0	0	0	0	0
	0.971	0	0	0	0	0	0	0	0
	0.972	0	0	0	0	0	0	0	0
	0.973	0	0	0	0	0	0	0	0
	0.974	0	0	0	0	0	0	0	0
	0.975	0	0	0	0	0	0	0	0
	0.976	0	0	0	0	0	0	0	0
	0.977	0	0	0	0	0	0	0	0
	0.978	0	0	0	0	0	0	0	0
	0.979	0	0	0	0	0	0	0	0
	0.98	0	0	0	0	0	0	0	0
	0.981	0	0	0	0	0	0	0	0
	0.982	0	0	0	0	0	0	0	0
	0.983	0	0	0	0	0	0	0	0
	0.984	0	0	0	0	0	0	0	0
	0.985	0	0	0	0	0	0	0	0
	0.986	0	0	0	0	0	0	0	0
	0.987	0	0	0	0	0	0	0	0
	0.988	0	0	0	0	0	0	0	0
	0.989	0	0	0	0	0	0	0	0
	0.99	0	0	0	0	0	0	0	0
	0.991	0	0	0	0	0	0	0	0
	0.992	0	0	0	0	0	0	0	0
	0.993	0	0	0	0	0	0	0	0
	0.994	0	0	0	0	0	0	0	0
	0.995	0	0	0	0	0	0	0	0
	0.996	0	0	0	0	0	0	0	0
	0.997	0	0	0	0	0	0	0	0
	0.998	0	0	0	0	0	0	0	0
	0.999	0	0	0	0	0	0	0	0
	1	0	0	0	0	0	0	0	0


#	yrange	sparsity	# links	zeta	support at cross	fraction FP	support at cross2	fraction FP2
	0	0	0	1.92862	0.64	0.00285714	0.64	0.00285714
	0.09	0	0	1.92862	0.64	0.00285714	0.64	0.00285714
