#	Frequencies and overlap
#	bins	MYC	shuffle	overlap_MYC	overlap_shuffle	SIGN_MYC	SIGNshuffle	SIGNoverlap_MYC	SIGNoverlap_shuffle
	0	2.06612e-05	0.000123967	1	1	0.453099	0.444339	0.510086	0
	0.001	0.000330579	0.000227273	0.997934	0.987603	0.000227273	0.000144628	0.510086	0
	0.002	0.000392562	0.000413223	0.995868	0.97314	0.00035124	0.000227273	0.510086	0
	0.003	0.000557851	0.00053719	0.993802	0.946281	0.000371901	0.000702479	0.510086	0
	0.004	0.000599174	0.00109504	0.993802	0.911157	0.000702479	0.000640496	0.510086	0
	0.005	0.000702479	0.000764463	0.991736	0.869835	0.000971074	0.000785124	0.510086	0
	0.006	0.000826446	0.000950413	0.991736	0.842975	0.000826446	0.00072314	0.510086	0
	0.007	0.00119835	0.00115702	0.987603	0.803719	0.000950413	0.000867769	0.511561	0
	0.008	0.00113636	0.000950413	0.983471	0.77686	0.0010124	0.00107438	0.513043	0
	0.009	0.00113636	0.000991736	0.981405	0.756198	0.00121901	0.00117769	0.513043	0
	0.01	0.000991736	0.00142562	0.971074	0.731405	0.00169421	0.0011157	0.513043	0
	0.011	0.00130165	0.0011157	0.973085	0.690083	0.00225207	0.00115702	0.514535	0
	0.012	0.00167355	0.00132231	0.970954	0.661157	0.0017562	0.000971074	0.514535	0
	0.013	0.00167355	0.00107438	0.96888	0.628099	0.00157025	0.0010124	0.516035	0
	0.014	0.00157025	0.00136364	0.966805	0.609504	0.0017562	0.00126033	0.516035	0
	0.015	0.00144628	0.00173554	0.962656	0.590909	0.00163223	0.00107438	0.517544	0
	0.016	0.00183884	0.00130165	0.962656	0.557851	0.00119835	0.00115702	0.519062	0
	0.017	0.00200413	0.00115702	0.960581	0.541322	0.00121901	0.00136364	0.520588	0
	0.018	0.00227273	0.00115702	0.960581	0.522727	0.00126033	0.00121901	0.525223	0
	0.019	0.00221074	0.00144628	0.958506	0.493802	0.00105372	0.00136364	0.526786	0
	0.02	0.00235537	0.00142562	0.95842	0.464876	0.00117769	0.00165289	0.526786	0
	0.021	0.00254132	0.00117769	0.95842	0.438017	0.000971074	0.00169421	0.531532	0
	0.022	0.00192149	0.00152893	0.960417	0.427686	0.000867769	0.00171488	0.536364	0
	0.023	0.00239669	0.00136364	0.960334	0.413223	0.00103306	0.00146694	0.537994	0
	0.024	0.00198347	0.00152893	0.960334	0.402893	0.000867769	0.00119835	0.539634	0
	0.025	0.00161157	0.00150826	0.960334	0.384298	0.00105372	0.00134298	0.541284	0
	0.026	0.00202479	0.00179752	0.960334	0.36157	0.000991736	0.00144628	0.542945	0
	0.027	0.00179752	0.0013843	0.960251	0.349174	0.000867769	0.00126033	0.542945	0
	0.028	0.00140496	0.0014876	0.958071	0.340909	0.00113636	0.00142562	0.544615	0
	0.029	0.00132231	0.00150826	0.96	0.332645	0.00103306	0.00179752	0.547988	0
	0.03	0.000950413	0.00142562	0.962025	0.320248	0.00142562	0.00146694	0.549689	0
	0.031	0.00146694	0.00152893	0.962025	0.307851	0.00109504	0.00150826	0.549689	0
	0.032	0.00140496	0.00163223	0.957806	0.293388	0.00128099	0.00198347	0.55	0
	0.033	0.000950413	0.00206612	0.957717	0.278926	0.00169421	0.0014876	0.551724	0
	0.034	0.00113636	0.00159091	0.957717	0.258264	0.00159091	0.00165289	0.555205	0
	0.035	0.000847107	0.00157025	0.957717	0.243802	0.00146694	0.00198347	0.556962	0
	0.036	0.0011157	0.00157025	0.959746	0.233471	0.00194215	0.00154959	0.556962	0
	0.037	0.000640496	0.00181818	0.963753	0.219008	0.00150826	0.00225207	0.556962	0
	0.038	0.000991736	0.00198347	0.963675	0.194215	0.00128099	0.00167355	0.55873	0
	0.039	0.000743802	0.00173554	0.963597	0.183884	0.0014876	0.00150826	0.56051	0
	0.04	0.0011157	0.00198347	0.963519	0.177686	0.0014876	0.00200413	0.56051	0
	0.041	0.00115702	0.00196281	0.967603	0.165289	0.00171488	0.00181818	0.56051	0
	0.042	0.0011157	0.00198347	0.965443	0.161157	0.00134298	0.00163223	0.5623	0
	0.043	0.00107438	0.00157025	0.961039	0.150826	0.00128099	0.00225207	0.5623	0
	0.044	0.0011157	0.00161157	0.961039	0.144628	0.00132231	0.00132231	0.567742	0
	0.045	0.00088843	0.00198347	0.960954	0.142562	0.00167355	0.00171488	0.567742	0
	0.046	0.00119835	0.00214876	0.958785	0.13843	0.00165289	0.00204545	0.567742	0
	0.047	0.00132231	0.00192149	0.958785	0.128099	0.00130165	0.00169421	0.567742	0
	0.048	0.00132231	0.00196281	0.956616	0.123967	0.00142562	0.00183884	0.564516	0
	0.049	0.00117769	0.00163223	0.956616	0.123967	0.00163223	0.00206612	0.564935	0
	0.05	0.0010124	0.00198347	0.954447	0.117769	0.0013843	0.00192149	0.558824	0
	0.051	0.00121901	0.00188017	0.954447	0.109504	0.00169421	0.00200413	0.560656	0
	0.052	0.0013843	0.00188017	0.954348	0.10124	0.00171488	0.00192149	0.5625	0
	0.053	0.00126033	0.00204545	0.95	0.0971074	0.00167355	0.00163223	0.564356	0
	0.054	0.00179752	0.00206612	0.947826	0.088843	0.00134298	0.0018595	0.562914	0
	0.055	0.00161157	0.00202479	0.943355	0.0867769	0.00152893	0.00198347	0.564784	0
	0.056	0.0013843	0.00204545	0.943355	0.0867769	0.00136364	0.0017562	0.564784	0
	0.057	0.00117769	0.0018595	0.943355	0.0785124	0.00190083	0.00208678	0.566667	0
	0.058	0.00171488	0.00171488	0.945415	0.0681818	0.00157025	0.00192149	0.566667	0
	0.059	0.0014876	0.00202479	0.945415	0.0661157	0.00130165	0.00177686	0.568562	0
	0.06	0.0018595	0.00200413	0.949451	0.0640496	0.00152893	0.00161157	0.574324	0
	0.061	0.00173554	0.00159091	0.947137	0.0619835	0.00136364	0.00200413	0.578231	0
	0.062	0.00163223	0.00219008	0.942731	0.0599174	0.00161157	0.0021281	0.582192	0
	0.063	0.0013843	0.00206612	0.942731	0.0599174	0.00103306	0.0018595	0.580756	0
	0.064	0.00157025	0.00252066	0.942731	0.0599174	0.00165289	0.00227273	0.586806	0
	0.065	0.00152893	0.00227273	0.942605	0.053719	0.00126033	0.0018595	0.586806	0
	0.066	0.00150826	0.00206612	0.942605	0.053719	0.00144628	0.00165289	0.58885	0
	0.067	0.00159091	0.0022314	0.942605	0.0516529	0.00117769	0.00194215	0.58885	0
	0.068	0.00154959	0.00239669	0.940397	0.0495868	0.00144628	0.00202479	0.590909	0
	0.069	0.0014876	0.00231405	0.93819	0.0475207	0.00128099	0.0021281	0.59507	0
	0.07	0.00161157	0.00221074	0.933775	0.0475207	0.00119835	0.00190083	0.597173	0
	0.071	0.00154959	0.00161157	0.933775	0.0454545	0.00113636	0.00194215	0.599291	0
	0.072	0.00165289	0.00206612	0.933775	0.0454545	0.00121901	0.00190083	0.601423	0
	0.073	0.00146694	0.00208678	0.931567	0.0413223	0.000909091	0.00198347	0.605735	0
	0.074	0.00152893	0.00216942	0.92936	0.0413223	0.0011157	0.00204545	0.605735	0
	0.075	0.00126033	0.00188017	0.935556	0.0413223	0.000929752	0.00202479	0.612319	0
	0.076	0.00136364	0.00221074	0.935412	0.0413223	0.00088843	0.0017562	0.612319	0
	0.077	0.00150826	0.00192149	0.9375	0.0413223	0.0011157	0.00165289	0.612319	0
	0.078	0.00109504	0.00216942	0.93736	0.0413223	0.000805785	0.0018595	0.614545	0
	0.079	0.00123967	0.00221074	0.93736	0.0413223	0.00088843	0.00167355	0.619048	0
	0.08	0.00134298	0.00227273	0.93736	0.0413223	0.000826446	0.00179752	0.621324	0
	0.081	0.00152893	0.00227273	0.93722	0.0413223	0.000805785	0.00208678	0.617647	0
	0.082	0.0013843	0.0021281	0.934831	0.0413223	0.000785124	0.00171488	0.617647	0
	0.083	0.00163223	0.00247934	0.93018	0.0392562	0.000661157	0.0014876	0.624535	0
	0.084	0.00117769	0.00198347	0.93228	0.0392562	0.000743802	0.0017562	0.629213	0
	0.085	0.00128099	0.0018595	0.927765	0.0392562	0.000661157	0.00171488	0.629213	0
	0.086	0.00140496	0.0021281	0.927602	0.0392562	0.000599174	0.00181818	0.631579	0
	0.087	0.0011157	0.00188017	0.923077	0.0392562	0.000702479	0.00194215	0.631579	0
	0.088	0.00126033	0.00239669	0.920814	0.0392562	0.000495868	0.00165289	0.633962	0
	0.089	0.00132231	0.00210744	0.920635	0.0392562	0.000557851	0.00134298	0.632576	0
	0.09	0.00117769	0.00210744	0.918182	0.0371901	0.000557851	0.00154959	0.631179	0
	0.091	0.00152893	0.00221074	0.911364	0.0371901	0.00053719	0.00169421	0.636015	0
	0.092	0.00128099	0.00216942	0.910959	0.0371901	0.000495868	0.00179752	0.638462	0
	0.093	0.00126033	0.00219008	0.910959	0.035124	0.000681818	0.0013843	0.638462	0
	0.094	0.00163223	0.00208678	0.913043	0.0330579	0.000413223	0.00179752	0.640927	0
	0.095	0.00210744	0.00227273	0.913043	0.0330579	0.000516529	0.00159091	0.640927	0
	0.096	0.00161157	0.00233471	0.917241	0.0330579	0.000578512	0.00188017	0.643411	0
	0.097	0.00179752	0.00216942	0.919355	0.0330579	0.000454545	0.00210744	0.643411	0
	0.098	0.00171488	0.00216942	0.923611	0.0330579	0.000475207	0.00152893	0.645914	0
	0.099	0.00181818	0.00219008	0.921296	0.0330579	0.00053719	0.0017562	0.65098	0
	0.1	0.00190083	0.00241736	0.918981	0.0330579	0.000413223	0.00204545	0.653543	0
	0.101	0.00163223	0.00200413	0.918981	0.0330579	0.000309917	0.00157025	0.656126	0
	0.102	0.00190083	0.00260331	0.916667	0.0330579	0.000413223	0.0013843	0.656126	0
	0.103	0.00167355	0.00214876	0.918794	0.0309917	0.000495868	0.00146694	0.65873	0
	0.104	0.00173554	0.00239669	0.918794	0.0309917	0.000495868	0.00183884	0.661355	0
	0.105	0.00225207	0.00233471	0.92093	0.0309917	0.000413223	0.00163223	0.664	0
	0.106	0.0017562	0.0022314	0.92093	0.0309917	0.00035124	0.00179752	0.664	0
	0.107	0.00171488	0.00233471	0.918605	0.0309917	0.00053719	0.00200413	0.664	0
	0.108	0.0018595	0.00229339	0.918415	0.0268595	0.000619835	0.00165289	0.666667	0
	0.109	0.00183884	0.00225207	0.920561	0.0268595	0.000495868	0.00146694	0.654618	0
	0.11	0.00183884	0.00245868	0.918224	0.0247934	0.000557851	0.00128099	0.654618	0
	0.111	0.00154959	0.00216942	0.915888	0.0247934	0.000433884	0.00134298	0.650602	0
	0.112	0.00144628	0.00198347	0.915888	0.0247934	0.00053719	0.00157025	0.646586	0
	0.113	0.00173554	0.00198347	0.915888	0.0247934	0.000433884	0.0014876	0.64257	0
	0.114	0.0013843	0.00173554	0.918033	0.0247934	0.000557851	0.00140496	0.64257	0
	0.115	0.00140496	0.00227273	0.91784	0.0247934	0.000619835	0.0017562	0.647773	0
	0.116	0.00157025	0.00204545	0.917647	0.0247934	0.000454545	0.00165289	0.653061	0
	0.117	0.00150826	0.00229339	0.917647	0.0247934	0.000495868	0.00157025	0.653061	0
	0.118	0.00123967	0.00219008	0.917647	0.0247934	0.000578512	0.00161157	0.64898	0
	0.119	0.00105372	0.00239669	0.919811	0.0247934	0.000599174	0.00154959	0.64898	0
	0.12	0.00136364	0.00196281	0.919431	0.0247934	0.000495868	0.00163223	0.644898	0
	0.121	0.00107438	0.00194215	0.916865	0.0247934	0.000433884	0.00128099	0.644898	0
	0.122	0.00140496	0.00200413	0.914489	0.0247934	0.000516529	0.00126033	0.647541	0
	0.123	0.00115702	0.00196281	0.914489	0.0247934	0.000764463	0.00157025	0.647541	0
	0.124	0.00123967	0.0018595	0.916667	0.0227273	0.000413223	0.00136364	0.643443	0
	0.125	0.0011157	0.00200413	0.916667	0.0227273	0.00072314	0.0017562	0.643443	0
	0.126	0.000929752	0.00194215	0.916468	0.0227273	0.000681818	0.0013843	0.641975	0
	0.127	0.000847107	0.00169421	0.916468	0.0227273	0.000764463	0.00161157	0.63786	0
	0.128	0.000929752	0.00221074	0.916468	0.018595	0.000619835	0.00165289	0.633745	0
	0.129	0.0010124	0.00200413	0.91866	0.018595	0.00072314	0.00140496	0.633745	0
	0.13	0.000971074	0.00190083	0.920673	0.018595	0.00088843	0.00154959	0.633745	0
	0.131	0.00072314	0.00204545	0.920673	0.0144628	0.0011157	0.00130165	0.633745	0
	0.132	0.000971074	0.00216942	0.915663	0.0123967	0.00088843	0.00117769	0.632231	0
	0.133	0.000991736	0.00231405	0.917874	0.0123967	0.000950413	0.00130165	0.632231	0
	0.134	0.000950413	0.00190083	0.920097	0.0123967	0.000867769	0.00157025	0.632231	0
	0.135	0.000743802	0.00194215	0.922141	0.0123967	0.000971074	0.00161157	0.628099	0
	0.136	0.000640496	0.0021281	0.92176	0.0123967	0.000847107	0.0013843	0.628099	0
	0.137	0.00105372	0.00192149	0.92176	0.0123967	0.00103306	0.00161157	0.630705	0
	0.138	0.00103306	0.00190083	0.919118	0.0123967	0.00113636	0.00165289	0.630705	0
	0.139	0.000950413	0.00179752	0.919118	0.0123967	0.00113636	0.00167355	0.630705	0
	0.14	0.00103306	0.00202479	0.921182	0.0123967	0.000950413	0.00126033	0.633333	0
	0.141	0.000847107	0.00173554	0.923267	0.0123967	0.000991736	0.00140496	0.633333	0
	0.142	0.000971074	0.00192149	0.923267	0.0123967	0.0011157	0.00134298	0.635983	0
	0.143	0.00088843	0.00204545	0.927681	0.0103306	0.0013843	0.00136364	0.634454	0
	0.144	0.0010124	0.00196281	0.927681	0.0103306	0.00105372	0.00150826	0.639831	0
	0.145	0.00107438	0.00202479	0.93	0.0103306	0.00136364	0.00152893	0.645299	0
	0.146	0.00121901	0.00194215	0.93	0.00826446	0.00128099	0.00146694	0.645299	0
	0.147	0.00115702	0.00169421	0.93	0.00826446	0.00117769	0.0014876	0.645299	0
	0.148	0.00107438	0.00196281	0.934673	0.00826446	0.000991736	0.00128099	0.645299	0
	0.149	0.00103306	0.00200413	0.934673	0.00619835	0.00113636	0.00159091	0.645299	0
	0.15	0.00115702	0.00194215	0.934673	0.00413223	0.00105372	0.00152893	0.645299	0
	0.151	0.000929752	0.00198347	0.932161	0.00413223	0.000991736	0.00144628	0.645299	0
	0.152	0.00107438	0.0021281	0.934509	0.00413223	0.00103306	0.00161157	0.641026	0
	0.153	0.00109504	0.0014876	0.929471	0.00413223	0.0010124	0.00150826	0.641026	0
	0.154	0.00121901	0.00219008	0.926952	0.00413223	0.000991736	0.00142562	0.643777	0
	0.155	0.0013843	0.00200413	0.926952	0.00413223	0.000929752	0.00150826	0.643777	0
	0.156	0.00128099	0.00202479	0.926952	0.00413223	0.000764463	0.00152893	0.649351	0
	0.157	0.00103306	0.00188017	0.926952	0.00413223	0.000619835	0.0013843	0.647826	0
	0.158	0.00117769	0.00196281	0.924433	0.00413223	0.000743802	0.00130165	0.643478	0
	0.159	0.00088843	0.00150826	0.919395	0.00413223	0.000909091	0.00130165	0.63913	0
	0.16	0.00128099	0.00154959	0.921717	0.00413223	0.000743802	0.000971074	0.630435	0
	0.161	0.000991736	0.00200413	0.921717	0.00413223	0.000929752	0.00167355	0.626087	0
	0.162	0.00123967	0.00204545	0.926396	0.00413223	0.000557851	0.00140496	0.626087	0
	0.163	0.00126033	0.00204545	0.928753	0.00413223	0.000599174	0.00146694	0.621739	0
	0.164	0.000909091	0.00154959	0.926209	0.00413223	0.000929752	0.00132231	0.621739	0
	0.165	0.0010124	0.00163223	0.926209	0.00413223	0.000599174	0.00121901	0.621739	0
	0.166	0.000929752	0.00210744	0.926209	0.00413223	0.000619835	0.00163223	0.624454	0
	0.167	0.00130165	0.00188017	0.926209	0.00206612	0.000661157	0.0014876	0.627193	0
	0.168	0.00128099	0.00202479	0.923664	0.00206612	0.000909091	0.00159091	0.627193	0
	0.169	0.00107438	0.00152893	0.923664	0.00206612	0.00072314	0.00146694	0.629956	0
	0.17	0.00121901	0.00181818	0.923469	0.00206612	0.000785124	0.00140496	0.625551	0
	0.171	0.0010124	0.00157025	0.923469	0.00206612	0.000661157	0.00128099	0.623894	0
	0.172	0.00126033	0.00167355	0.920918	0.00206612	0.000929752	0.00146694	0.626667	0
	0.173	0.00128099	0.00142562	0.925641	0.00206612	0.00072314	0.00123967	0.629464	0
	0.174	0.000950413	0.00181818	0.927835	0.00206612	0.000681818	0.00119835	0.627803	0
	0.175	0.000847107	0.00200413	0.930233	0.00206612	0.000743802	0.00121901	0.627803	0
	0.176	0.000805785	0.00188017	0.930052	0.00206612	0.00072314	0.00132231	0.627803	0
	0.177	0.000950413	0.00167355	0.930052	0.00206612	0.000785124	0.00126033	0.630631	0
	0.178	0.00088843	0.0017562	0.927461	0.00206612	0.000578512	0.00126033	0.630631	0
	0.179	0.000847107	0.00165289	0.92487	0.00206612	0.000826446	0.00115702	0.630631	0
	0.18	0.00105372	0.00167355	0.92487	0.00206612	0.000743802	0.00113636	0.630631	0
	0.181	0.0010124	0.00173554	0.927273	0.00206612	0.000847107	0.0011157	0.637615	0
	0.182	0.00088843	0.00154959	0.924675	0.00206612	0.000909091	0.00152893	0.640553	0
	0.183	0.00105372	0.00132231	0.924479	0.00206612	0.0010124	0.00140496	0.635945	0
	0.184	0.000805785	0.00154959	0.924479	0.00206612	0.000578512	0.00121901	0.635945	0
	0.185	0.000764463	0.00154959	0.926893	0.00206612	0.000764463	0.0013843	0.638889	0
	0.186	0.000578512	0.00152893	0.926893	0.00206612	0.00126033	0.00113636	0.638889	0
	0.187	0.000929752	0.00210744	0.926893	0.00206612	0.000971074	0.00150826	0.64486	0
	0.188	0.000847107	0.00181818	0.929134	0.00206612	0.00072314	0.0014876	0.640187	0
	0.189	0.000867769	0.00154959	0.929134	0.00206612	0.000971074	0.00123967	0.629108	0
	0.19	0.00088843	0.00161157	0.923885	0.00206612	0.00107438	0.0014876	0.629108	0
	0.191	0.000847107	0.0017562	0.92126	0.00206612	0.0011157	0.00113636	0.629108	0
	0.192	0.000785124	0.00183884	0.92126	0.00206612	0.000991736	0.00146694	0.624413	0
	0.193	0.000971074	0.00196281	0.921053	0.00206612	0.00130165	0.00132231	0.627358	0
	0.194	0.000805785	0.00188017	0.918421	0.00206612	0.000929752	0.00134298	0.617925	0
	0.195	0.00072314	0.00146694	0.918421	0.00206612	0.0010124	0.00150826	0.617925	0
	0.196	0.0010124	0.00214876	0.918206	0.00206612	0.000950413	0.00128099	0.611374	0
	0.197	0.000991736	0.00161157	0.915344	0.00206612	0.000764463	0.00115702	0.606635	0
	0.198	0.00103306	0.00146694	0.920213	0.00206612	0.000991736	0.00103306	0.606635	0
	0.199	0.000991736	0.0013843	0.922667	0.00206612	0.00107438	0.00105372	0.606635	0
	0.2	0.000867769	0.00192149	0.922667	0	0.000929752	0.00134298	0.606635	0
	0.201	0.0010124	0.00157025	0.922667	0	0.000619835	0.00142562	0.606635	0
	0.202	0.00107438	0.00171488	0.92246	0	0.00117769	0.00123967	0.606635	0
	0.203	0.000991736	0.00179752	0.927419	0	0.0010124	0.00126033	0.606635	0
	0.204	0.00088843	0.00219008	0.927419	0	0.000909091	0.00109504	0.609524	0
	0.205	0.000971074	0.00181818	0.927419	0	0.000661157	0.00115702	0.609524	0
	0.206	0.00107438	0.00179752	0.927419	0	0.00105372	0.00130165	0.61244	0
	0.207	0.000929752	0.00152893	0.929919	0	0.000640496	0.00107438	0.615385	0
	0.208	0.00109504	0.00179752	0.929919	0	0.0010124	0.000991736	0.618357	0
	0.209	0.0010124	0.00169421	0.929919	0	0.000681818	0.00121901	0.618357	0
	0.21	0.000847107	0.00190083	0.927224	0	0.000909091	0.000826446	0.621359	0
	0.211	0.00107438	0.00204545	0.927224	0	0.000681818	0.00119835	0.62439	0
	0.212	0.000929752	0.00173554	0.924528	0	0.000950413	0.00103306	0.627451	0
	0.213	0.000909091	0.00140496	0.921622	0	0.000805785	0.00119835	0.627451	0
	0.214	0.00107438	0.00161157	0.918699	0	0.000743802	0.00103306	0.627451	0
	0.215	0.00117769	0.00188017	0.918699	0	0.000826446	0.00119835	0.627451	0
	0.216	0.00105372	0.00159091	0.913043	0	0.000929752	0.00126033	0.630542	0
	0.217	0.000950413	0.00157025	0.913043	0	0.000971074	0.00134298	0.630542	0
	0.218	0.00119835	0.00179752	0.910326	0	0.000950413	0.00109504	0.630542	0
	0.219	0.00105372	0.00188017	0.910326	0	0.0010124	0.00105372	0.630542	0
	0.22	0.0010124	0.00142562	0.907609	0	0.000929752	0.00140496	0.630542	0
	0.221	0.00126033	0.0018595	0.907609	0	0.00136364	0.000826446	0.625616	0
	0.222	0.000950413	0.00163223	0.910082	0	0.00136364	0.00115702	0.623762	0
	0.223	0.00088843	0.00219008	0.910082	0	0.00088843	0.00115702	0.628141	0
	0.224	0.000826446	0.00165289	0.909836	0	0.00115702	0.00123967	0.631313	0
	0.225	0.00109504	0.00161157	0.904372	0	0.000991736	0.000867769	0.631313	0
	0.226	0.000805785	0.00163223	0.906849	0	0.000867769	0.00107438	0.634518	0
	0.227	0.000991736	0.00171488	0.909091	0	0.0010124	0.000909091	0.637755	0
	0.228	0.000764463	0.00200413	0.90884	0	0.000805785	0.00105372	0.637755	0
	0.229	0.000991736	0.00173554	0.900552	0	0.000826446	0.00103306	0.64433	0
	0.23	0.000867769	0.00165289	0.903047	0	0.000785124	0.0010124	0.64433	0
	0.231	0.000805785	0.00159091	0.903047	0	0.00103306	0.0010124	0.64433	0
	0.232	0.00105372	0.00140496	0.905556	0	0.000805785	0.00107438	0.64433	0
	0.233	0.000929752	0.00123967	0.908078	0	0.000847107	0.000929752	0.642487	0
	0.234	0.0010124	0.00194215	0.910615	0	0.000785124	0.000826446	0.638743	0
	0.235	0.000785124	0.00140496	0.910615	0	0.000619835	0.000950413	0.638743	0
	0.236	0.000805785	0.00179752	0.910615	0	0.000578512	0.00103306	0.638743	0
	0.237	0.0011157	0.00204545	0.910615	0	0.000599174	0.00109504	0.642105	0
	0.238	0.000971074	0.00206612	0.907821	0	0.000475207	0.00072314	0.642105	0
	0.239	0.00088843	0.00198347	0.907821	0	0.000743802	0.0010124	0.636842	0
	0.24	0.000764463	0.00179752	0.907821	0	0.000516529	0.000867769	0.636842	0
	0.241	0.0011157	0.00171488	0.905028	0	0.000516529	0.000826446	0.636842	0
	0.242	0.00103306	0.00169421	0.901961	0	0.000557851	0.00105372	0.636842	0
	0.243	0.00107438	0.00192149	0.901961	0	0.000764463	0.00105372	0.636842	0
	0.244	0.00128099	0.00173554	0.901961	0	0.000764463	0.00105372	0.636842	0
	0.245	0.00088843	0.00169421	0.89916	0	0.000413223	0.000909091	0.634921	0
	0.246	0.00109504	0.00163223	0.89916	0	0.000702479	0.000950413	0.634921	0
	0.247	0.00121901	0.00177686	0.901685	0	0.000619835	0.000826446	0.638298	0
	0.248	0.00142562	0.00194215	0.904225	0	0.000599174	0.000702479	0.638298	0
	0.249	0.00117769	0.00154959	0.90678	0	0.000495868	0.000991736	0.641711	0
	0.25	0.00105372	0.00183884	0.903955	0	0.000557851	0.000950413	0.645161	0
	0.251	0.00115702	0.00165289	0.906516	0	0.00072314	0.000929752	0.648649	0
	0.252	0.000971074	0.00171488	0.906516	0	0.00053719	0.000847107	0.652174	0
	0.253	0.00113636	0.00171488	0.903683	0	0.00072314	0.000805785	0.646739	0
	0.254	0.00115702	0.0018595	0.903683	0	0.000681818	0.000826446	0.650273	0
	0.255	0.000950413	0.0014876	0.90085	0	0.000454545	0.000743802	0.657459	0
	0.256	0.000991736	0.00200413	0.903409	0	0.000475207	0.00072314	0.657459	0
	0.257	0.00107438	0.00169421	0.903409	0	0.00053719	0.000929752	0.664804	0
	0.258	0.000971074	0.00183884	0.905983	0	0.000475207	0.000764463	0.676136	0
	0.259	0.00121901	0.00200413	0.905983	0	0.000454545	0.000971074	0.676136	0
	0.26	0.00136364	0.00183884	0.905983	0	0.000599174	0.000847107	0.676136	0
	0.261	0.00119835	0.00167355	0.908309	0	0.000516529	0.00072314	0.670455	0
	0.262	0.00121901	0.0017562	0.908309	0	0.000619835	0.00072314	0.670455	0
	0.263	0.00113636	0.00192149	0.908309	0	0.000557851	0.000909091	0.670455	0
	0.264	0.000991736	0.00204545	0.905444	0	0.000578512	0.000847107	0.670455	0
	0.265	0.00107438	0.00194215	0.905444	0	0.000578512	0.000764463	0.670455	0
	0.266	0.0010124	0.0021281	0.905444	0	0.000557851	0.000805785	0.670455	0
	0.267	0.00130165	0.0014876	0.908046	0	0.000619835	0.0011157	0.674286	0
	0.268	0.00109504	0.00144628	0.904899	0	0.000516529	0.000764463	0.674286	0
	0.269	0.000950413	0.00169421	0.904899	0	0.000743802	0.00088843	0.674286	0
	0.27	0.000909091	0.00192149	0.904899	0	0.000764463	0.000805785	0.668571	0
	0.271	0.00113636	0.00154959	0.904899	0	0.000909091	0.000785124	0.668571	0
	0.272	0.000929752	0.00171488	0.902017	0	0.000640496	0.000702479	0.666667	0
	0.273	0.00115702	0.00154959	0.902017	0	0.000578512	0.00088843	0.666667	0
	0.274	0.000971074	0.00157025	0.907246	0	0.000743802	0.000909091	0.66092	0
	0.275	0.000929752	0.00183884	0.909884	0	0.000640496	0.000826446	0.66092	0
	0.276	0.000619835	0.00208678	0.912536	0	0.000702479	0.000764463	0.66092	0
	0.277	0.00109504	0.00177686	0.912536	0	0.000433884	0.000475207	0.66092	0
	0.278	0.000909091	0.00179752	0.915205	0	0.000640496	0.000619835	0.655172	0
	0.279	0.000929752	0.00173554	0.912281	0	0.000785124	0.000805785	0.655172	0
	0.28	0.000867769	0.00169421	0.912023	0	0.000764463	0.000702479	0.655172	0
	0.281	0.000702479	0.00144628	0.912023	0	0.000681818	0.000909091	0.65896	0
	0.282	0.000867769	0.00192149	0.912023	0	0.000826446	0.000475207	0.65896	0
	0.283	0.000826446	0.00154959	0.909091	0	0.00072314	0.000681818	0.65896	0
	0.284	0.000681818	0.00181818	0.911504	0	0.000764463	0.00072314	0.65896	0
	0.285	0.000785124	0.00181818	0.911504	0	0.000867769	0.00088843	0.647399	0
	0.286	0.000743802	0.00126033	0.913947	0	0.000743802	0.000661157	0.647399	0
	0.287	0.000392562	0.00190083	0.913947	0	0.000702479	0.000661157	0.654971	0
	0.288	0.000578512	0.00181818	0.916667	0	0.000702479	0.000433884	0.654971	0
	0.289	0.000640496	0.00177686	0.919403	0	0.000557851	0.000516529	0.649123	0
	0.29	0.000433884	0.00194215	0.919403	0	0.000516529	0.000578512	0.649123	0
	0.291	0.000495868	0.0013843	0.919403	0	0.00072314	0.000619835	0.649123	0
	0.292	0.000557851	0.00152893	0.919403	0	0.000640496	0.00072314	0.649123	0
	0.293	0.000640496	0.00165289	0.919403	0	0.000743802	0.000743802	0.652941	0
	0.294	0.000599174	0.00154959	0.919403	0	0.000475207	0.000475207	0.652941	0
	0.295	0.000661157	0.00159091	0.924925	0	0.000578512	0.000640496	0.656805	0
	0.296	0.000413223	0.00165289	0.921922	0	0.000495868	0.000495868	0.656805	0
	0.297	0.000495868	0.00134298	0.924699	0	0.00053719	0.000557851	0.656805	0
	0.298	0.000454545	0.00157025	0.921687	0	0.000495868	0.000619835	0.668675	0
	0.299	0.000330579	0.00177686	0.924471	0	0.00053719	0.00072314	0.668675	0
	0.3	0.000454545	0.00157025	0.92145	0	0.00053719	0.000557851	0.668675	0
	0.301	0.000495868	0.00123967	0.92145	0	0.000475207	0.00035124	0.668675	0
	0.302	0.000640496	0.00177686	0.92145	0	0.000495868	0.000702479	0.672727	0
	0.303	0.000702479	0.00150826	0.92145	0	0.000495868	0.000454545	0.676829	0
	0.304	0.00035124	0.0014876	0.912387	0	0.000743802	0.000619835	0.676829	0
	0.305	0.000640496	0.0017562	0.912387	0	0.000495868	0.000454545	0.676829	0
	0.306	0.000599174	0.00173554	0.912121	0	0.000392562	0.000619835	0.676829	0
	0.307	0.000619835	0.00150826	0.914894	0	0.000392562	0.000516529	0.676829	0
	0.308	0.00035124	0.00136364	0.914894	0	0.000516529	0.000475207	0.676829	0
	0.309	0.000578512	0.00154959	0.920489	0	0.00018595	0.000640496	0.676829	0
	0.31	0.000743802	0.00173554	0.926154	0	0.000578512	0.000578512	0.676829	0
	0.311	0.000619835	0.00152893	0.923077	0	0.000557851	0.000475207	0.676829	0
	0.312	0.000661157	0.00146694	0.92	0	0.000371901	0.000557851	0.676829	0
	0.313	0.000950413	0.00144628	0.916667	0	0.000433884	0.000454545	0.676829	0
	0.314	0.000640496	0.00126033	0.92236	0	0.000516529	0.000661157	0.680982	0
	0.315	0.00072314	0.00123967	0.919255	0	0.000392562	0.000495868	0.685185	0
	0.316	0.000661157	0.00142562	0.919255	0	0.000371901	0.000661157	0.689441	0
	0.317	0.000681818	0.00140496	0.922118	0	0.000227273	0.00035124	0.6875	0
	0.318	0.000805785	0.00128099	0.922118	0	0.000330579	0.00053719	0.691824	0
	0.319	0.000599174	0.00136364	0.925	0	0.000475207	0.000475207	0.696203	0
	0.32	0.000640496	0.00115702	0.925	0	0.000330579	0.000578512	0.696203	0
	0.321	0.00103306	0.00121901	0.9279	0	0.00035124	0.000413223	0.696203	0
	0.322	0.00072314	0.00117769	0.9279	0	0.000392562	0.000557851	0.696203	0
	0.323	0.000640496	0.00157025	0.9279	0	0.000289256	0.000557851	0.689873	0
	0.324	0.000599174	0.00115702	0.9279	0	0.000413223	0.00053719	0.689873	0
	0.325	0.000578512	0.0013843	0.9279	0	0.00035124	0.00053719	0.689873	0
	0.326	0.000599174	0.00136364	0.924765	0	0.000475207	0.000475207	0.689873	0
	0.327	0.00088843	0.00146694	0.924765	0	0.000413223	0.000599174	0.689873	0
	0.328	0.000702479	0.00123967	0.924765	0	0.00053719	0.000475207	0.689873	0
	0.329	0.000640496	0.00119835	0.924528	0	0.000413223	0.000475207	0.694268	0
	0.33	0.00072314	0.00107438	0.921384	0	0.00035124	0.000516529	0.694268	0
	0.331	0.000661157	0.00144628	0.92429	0	0.000516529	0.000661157	0.687898	0
	0.332	0.000847107	0.0013843	0.92429	0	0.000289256	0.000516529	0.687898	0
	0.333	0.000991736	0.00154959	0.921136	0	0.000371901	0.000454545	0.687898	0
	0.334	0.00128099	0.00144628	0.921136	0	0.000309917	0.000516529	0.696774	0
	0.335	0.000826446	0.00126033	0.917981	0	0.000330579	0.00088843	0.701299	0
	0.336	0.000743802	0.00144628	0.917722	0	0.000495868	0.000578512	0.701299	0
	0.337	0.000702479	0.00126033	0.917722	0	0.000247934	0.000557851	0.705882	0
	0.338	0.000743802	0.00144628	0.917722	0	0.000247934	0.000557851	0.710526	0
	0.339	0.000909091	0.00132231	0.911392	0	0.000247934	0.00053719	0.710526	0
	0.34	0.000826446	0.00117769	0.911392	0	0.000268595	0.000495868	0.710526	0
	0.341	0.00072314	0.00117769	0.908228	0	0.000309917	0.000413223	0.710526	0
	0.342	0.0011157	0.00140496	0.908228	0	0.000289256	0.000578512	0.710526	0
	0.343	0.00109504	0.00107438	0.911111	0	0.000289256	0.000578512	0.710526	0
	0.344	0.000805785	0.00113636	0.911111	0	0.000330579	0.000557851	0.710526	0
	0.345	0.000805785	0.00132231	0.911111	0	0.000309917	0.000330579	0.715232	0
	0.346	0.0010124	0.00128099	0.911111	0	0.000330579	0.000433884	0.708609	0
	0.347	0.000950413	0.00134298	0.911111	0	0.000309917	0.000475207	0.708609	0
	0.348	0.000826446	0.00107438	0.907937	0	0.000247934	0.000516529	0.708609	0
	0.349	0.00053719	0.00105372	0.907937	0	0.000330579	0.000516529	0.701987	0
	0.35	0.000661157	0.000971074	0.901587	0	0.000247934	0.000392562	0.706667	0
	0.351	0.00072314	0.00128099	0.901274	0	0.000206612	0.000454545	0.706667	0
	0.352	0.000805785	0.00121901	0.898089	0	0.00018595	0.000495868	0.706667	0
	0.353	0.000785124	0.00128099	0.903846	0	0.000309917	0.00053719	0.706667	0
	0.354	0.000909091	0.00126033	0.900641	0	0.000289256	0.000578512	0.711409	0
	0.355	0.000785124	0.00126033	0.900641	0	0.000247934	0.000392562	0.711409	0
	0.356	0.000743802	0.00119835	0.891026	0	0.00035124	0.000495868	0.711409	0
	0.357	0.000619835	0.00119835	0.891026	0	0.000289256	0.000557851	0.721088	0
	0.358	0.000929752	0.00134298	0.891026	0	0.000247934	0.000475207	0.721088	0
	0.359	0.000909091	0.00136364	0.891026	0	0.000227273	0.000557851	0.721088	0
	0.36	0.000640496	0.000950413	0.891026	0	0.000247934	0.00053719	0.721088	0
	0.361	0.000640496	0.0011157	0.891026	0	0.000309917	0.000413223	0.714286	0
	0.362	0.00109504	0.00126033	0.893891	0	0.00018595	0.000454545	0.719178	0
	0.363	0.000785124	0.00115702	0.893891	0	0.000330579	0.000557851	0.719178	0
	0.364	0.000681818	0.00115702	0.890675	0	0.000268595	0.000413223	0.719178	0
	0.365	0.000867769	0.00103306	0.890675	0	0.00035124	0.000371901	0.717241	0
	0.366	0.000867769	0.000867769	0.890675	0	0.000165289	0.00053719	0.717241	0
	0.367	0.000764463	0.00109504	0.890675	0	0.000289256	0.000392562	0.717241	0
	0.368	0.000516529	0.00144628	0.893548	0	0.000268595	0.000475207	0.717241	0
	0.369	0.000661157	0.00103306	0.89644	0	0.000392562	0.000578512	0.710345	0
	0.37	0.000702479	0.00121901	0.899351	0	0.000247934	0.000454545	0.710345	0
	0.371	0.000805785	0.000950413	0.896104	0	0.000268595	0.00053719	0.710345	0
	0.372	0.000661157	0.00123967	0.899023	0	0.000289256	0.000599174	0.703448	0
	0.373	0.000661157	0.0014876	0.901961	0	0.000227273	0.000413223	0.703448	0
	0.374	0.000599174	0.00105372	0.898693	0	0.000289256	0.000371901	0.701389	0
	0.375	0.000599174	0.00113636	0.898693	0	0.000433884	0.000475207	0.701389	0
	0.376	0.000702479	0.0010124	0.898361	0	0.000165289	0.000495868	0.694444	0
	0.377	0.000640496	0.00109504	0.898361	0	0.000454545	0.000413223	0.6875	0
	0.378	0.00109504	0.00107438	0.895082	0	0.000309917	0.000475207	0.6875	0
	0.379	0.000764463	0.00109504	0.894737	0	0.000289256	0.000454545	0.6875	0
	0.38	0.000516529	0.000805785	0.900662	0	0.000433884	0.000268595	0.6875	0
	0.381	0.000847107	0.00088843	0.903654	0	0.000268595	0.000433884	0.692308	0
	0.382	0.000805785	0.00103306	0.900332	0	0.00035124	0.000392562	0.697183	0
	0.383	0.000661157	0.000991736	0.893688	0	0.000392562	0.000454545	0.697183	0
	0.384	0.000661157	0.00103306	0.893688	0	0.000371901	0.00053719	0.697183	0
	0.385	0.00119835	0.00126033	0.893688	0	0.000599174	0.000330579	0.697183	0
	0.386	0.000764463	0.0010124	0.893333	0	0.000619835	0.000227273	0.697183	0
	0.387	0.000785124	0.000950413	0.89	0	0.000578512	0.00053719	0.702128	0
	0.388	0.000764463	0.00121901	0.889632	0	0.000330579	0.000516529	0.702128	0
	0.389	0.000929752	0.00109504	0.889632	0	0.000330579	0.000475207	0.695035	0
	0.39	0.000578512	0.000929752	0.889262	0	0.000599174	0.000268595	0.695035	0
	0.391	0.00072314	0.000847107	0.889262	0	0.000681818	0.000661157	0.695035	0
	0.392	0.000785124	0.000971074	0.889262	0	0.000619835	0.000371901	0.695035	0
	0.393	0.000847107	0.00103306	0.892256	0	0.000516529	0.000516529	0.687943	0
	0.394	0.000950413	0.000950413	0.888889	0	0.000578512	0.000454545	0.687943	0
	0.395	0.000929752	0.000785124	0.888889	0	0.000619835	0.000289256	0.673759	0
	0.396	0.000826446	0.000847107	0.891892	0	0.000475207	0.000475207	0.659574	0
	0.397	0.00113636	0.000826446	0.891892	0	0.000640496	0.00035124	0.652482	0
	0.398	0.000785124	0.000826446	0.891525	0	0.000661157	0.000475207	0.638298	0
	0.399	0.000909091	0.000867769	0.891525	0	0.000599174	0.000330579	0.638298	0
	0.4	0.000909091	0.000433884	0.894558	0	0.000578512	0.000454545	0.635714	0
	0.401	0.000867769	0.00103306	0.891156	0	0.000640496	0.000516529	0.635714	0
	0.402	0.00105372	0.000867769	0.891156	0	0.000599174	0.000433884	0.640288	0
	0.403	0.000743802	0.000991736	0.891156	0	0.000516529	0.000516529	0.640288	0
	0.404	0.00088843	0.0010124	0.891156	0	0.000640496	0.00035124	0.633094	0
	0.405	0.000764463	0.00105372	0.883959	0	0.00072314	0.000475207	0.633094	0
	0.406	0.000991736	0.000909091	0.886986	0	0.000867769	0.000516529	0.637681	0
	0.407	0.00088843	0.000867769	0.886986	0	0.000785124	0.000578512	0.637681	0
	0.408	0.0010124	0.000743802	0.886986	0	0.00072314	0.000268595	0.637681	0
	0.409	0.000826446	0.000826446	0.883562	0	0.000578512	0.000475207	0.637681	0
	0.41	0.000909091	0.000805785	0.883562	0	0.000702479	0.000433884	0.637681	0
	0.411	0.000681818	0.000847107	0.883562	0	0.000640496	0.000413223	0.637681	0
	0.412	0.000929752	0.00103306	0.880137	0	0.000743802	0.000475207	0.637681	0
	0.413	0.000971074	0.000578512	0.883162	0	0.000702479	0.000454545	0.637681	0
	0.414	0.000950413	0.0010124	0.879725	0	0.00072314	0.000330579	0.637681	0
	0.415	0.000867769	0.000991736	0.882759	0	0.000929752	0.000392562	0.637681	0
	0.416	0.00107438	0.000929752	0.885813	0	0.000826446	0.00053719	0.637681	0
	0.417	0.000991736	0.000909091	0.888889	0	0.000847107	0.000247934	0.635036	0
	0.418	0.00119835	0.000867769	0.888889	0	0.000681818	0.000371901	0.635036	0
	0.419	0.000764463	0.000867769	0.888889	0	0.000743802	0.000454545	0.635036	0
	0.42	0.000847107	0.000764463	0.885417	0	0.000805785	0.000413223	0.644444	0
	0.421	0.00107438	0.000661157	0.885417	0	0.000661157	0.000516529	0.644444	0
	0.422	0.00115702	0.000785124	0.881533	0	0.00072314	0.000454545	0.644444	0
	0.423	0.00103306	0.000764463	0.887719	0	0.000950413	0.000619835	0.644444	0
	0.424	0.00088843	0.00072314	0.884211	0	0.000867769	0.000413223	0.644444	0
	0.425	0.000929752	0.000640496	0.880702	0	0.000867769	0.000557851	0.644444	0
	0.426	0.000929752	0.000640496	0.883803	0	0.000764463	0.000413223	0.644444	0
	0.427	0.00113636	0.000847107	0.883392	0	0.000764463	0.000330579	0.644444	0
	0.428	0.000971074	0.000681818	0.879859	0	0.000640496	0.000475207	0.644444	0
	0.429	0.00119835	0.000681818	0.879859	0	0.000909091	0.000371901	0.649254	0
	0.43	0.00115702	0.000847107	0.882979	0	0.000702479	0.000268595	0.649254	0
	0.431	0.000867769	0.00088843	0.882979	0	0.00103306	0.00035124	0.649254	0
	0.432	0.000867769	0.000640496	0.882979	0	0.00072314	0.000413223	0.654135	0
	0.433	0.00119835	0.000805785	0.882979	0	0.000971074	0.000413223	0.646617	0
	0.434	0.000681818	0.000661157	0.886121	0	0.00072314	0.000413223	0.646617	0
	0.435	0.000805785	0.000681818	0.886121	0	0.000867769	0.000309917	0.646617	0
	0.436	0.000847107	0.00088843	0.886121	0	0.000971074	0.000371901	0.651515	0
	0.437	0.000702479	0.000971074	0.886121	0	0.000929752	0.000454545	0.656489	0
	0.438	0.000743802	0.000681818	0.889286	0	0.000764463	0.000454545	0.666667	0
	0.439	0.000867769	0.000805785	0.885714	0	0.000805785	0.000454545	0.666667	0
	0.44	0.000826446	0.000557851	0.882143	0	0.0011157	0.000309917	0.658915	0
	0.441	0.000764463	0.000743802	0.882143	0	0.00105372	0.000227273	0.651163	0
	0.442	0.000929752	0.000785124	0.882143	0	0.000950413	0.000599174	0.651163	0
	0.443	0.000681818	0.000847107	0.882143	0	0.000971074	0.000454545	0.65625	0
	0.444	0.000847107	0.000661157	0.882143	0	0.00117769	0.00035124	0.65625	0
	0.445	0.00053719	0.000847107	0.878571	0	0.00109504	0.000557851	0.648438	0
	0.446	0.000805785	0.000702479	0.875	0	0.000950413	0.000516529	0.65873	0
	0.447	0.000702479	0.000599174	0.878136	0	0.0010124	0.00053719	0.642857	0
	0.448	0.000805785	0.000847107	0.874552	0	0.000785124	0.000516529	0.634921	0
	0.449	0.000743802	0.000743802	0.870968	0	0.000702479	0.00035124	0.634921	0
	0.45	0.000640496	0.000702479	0.870968	0	0.000971074	0.000413223	0.626984	0
	0.451	0.000991736	0.000743802	0.874101	0	0.00107438	0.000433884	0.629032	0
	0.452	0.00072314	0.000495868	0.874101	0	0.000681818	0.000413223	0.639344	0
	0.453	0.000971074	0.000929752	0.874101	0	0.00105372	0.000454545	0.644628	0
	0.454	0.000702479	0.000495868	0.874101	0	0.000826446	0.000495868	0.65	0
	0.455	0.000826446	0.000681818	0.880435	0	0.000681818	0.000475207	0.641667	0
	0.456	0.00072314	0.00072314	0.883636	0	0.000785124	0.000640496	0.641667	0
	0.457	0.000785124	0.00072314	0.883212	0	0.000805785	0.000309917	0.647059	0
	0.458	0.00053719	0.000867769	0.882784	0	0.000599174	0.000516529	0.647059	0
	0.459	0.000867769	0.000640496	0.882784	0	0.000702479	0.000495868	0.644068	0
	0.46	0.000847107	0.000681818	0.882784	0	0.000640496	0.000330579	0.644068	0
	0.461	0.000702479	0.000661157	0.886029	0	0.00072314	0.000640496	0.644068	0
	0.462	0.000764463	0.000599174	0.886029	0	0.000743802	0.000454545	0.627119	0
	0.463	0.000640496	0.00072314	0.889299	0	0.000702479	0.000330579	0.627119	0
	0.464	0.000640496	0.000454545	0.892593	0	0.00072314	0.000578512	0.627119	0
	0.465	0.00072314	0.000826446	0.899254	0	0.000743802	0.000309917	0.632479	0
	0.466	0.000867769	0.000661157	0.899254	0	0.000785124	0.000330579	0.623932	0
	0.467	0.000599174	0.000702479	0.906015	0	0.000516529	0.000330579	0.62931	0
	0.468	0.000702479	0.00072314	0.90566	0	0.000454545	0.000475207	0.62069	0
	0.469	0.00072314	0.000516529	0.905303	0	0.000764463	0.000413223	0.637168	0
	0.47	0.000495868	0.000661157	0.905303	0	0.000805785	0.000392562	0.633929	0
	0.471	0.000599174	0.000495868	0.905303	0	0.000661157	0.00035124	0.633929	0
	0.472	0.000661157	0.000743802	0.908745	0	0.000681818	0.000454545	0.633929	0
	0.473	0.000557851	0.000640496	0.908745	0	0.000619835	0.000599174	0.63964	0
	0.474	0.000826446	0.000661157	0.908745	0	0.00053719	0.000371901	0.63964	0
	0.475	0.000681818	0.00053719	0.908397	0	0.000661157	0.000516529	0.630631	0
	0.476	0.000578512	0.000764463	0.908397	0	0.000661157	0.000454545	0.630631	0
	0.477	0.000557851	0.000495868	0.908397	0	0.00088843	0.000309917	0.630631	0
	0.478	0.000743802	0.000392562	0.908397	0	0.000847107	0.000371901	0.636364	0
	0.479	0.000805785	0.00053719	0.911877	0	0.000805785	0.000495868	0.642202	0
	0.48	0.000640496	0.000557851	0.911877	0	0.000516529	0.000309917	0.642202	0
	0.481	0.000619835	0.000557851	0.908046	0	0.000826446	0.000495868	0.648148	0
	0.482	0.000681818	0.000557851	0.911197	0	0.000867769	0.00035124	0.62037	0
	0.483	0.000640496	0.000578512	0.907336	0	0.000950413	0.000371901	0.62037	0
	0.484	0.000640496	0.000640496	0.903475	0	0.000785124	0.000289256	0.611111	0
	0.485	0.000785124	0.000557851	0.903475	0	0.000826446	0.000371901	0.607477	0
	0.486	0.00072314	0.000619835	0.910506	0	0.000929752	0.000268595	0.613208	0
	0.487	0.00053719	0.000785124	0.910506	0	0.000929752	0.000371901	0.619048	0
	0.488	0.000516529	0.000454545	0.910506	0	0.000805785	0.000289256	0.631068	0
	0.489	0.000661157	0.000557851	0.906615	0	0.00072314	0.000392562	0.631068	0
	0.49	0.000640496	0.000495868	0.906615	0	0.000991736	0.000371901	0.631068	0
	0.491	0.00072314	0.000557851	0.910156	0	0.000971074	0.000433884	0.633663	0
	0.492	0.000640496	0.000433884	0.909804	0	0.000950413	0.00018595	0.646465	0
	0.493	0.000516529	0.00053719	0.909804	0	0.00117769	0.000206612	0.642857	0
	0.494	0.000578512	0.000495868	0.909804	0	0.00088843	0.000454545	0.65625	0
	0.495	0.000475207	0.000785124	0.909804	0	0.000991736	0.000227273	0.65625	0
	0.496	0.000433884	0.000433884	0.909804	0	0.00130165	0.000268595	0.65625	0
	0.497	0.000702479	0.000495868	0.913386	0	0.00103306	0.000392562	0.645833	0
	0.498	0.000475207	0.000454545	0.913386	0	0.000950413	0.00053719	0.645833	0
	0.499	0.000516529	0.000557851	0.913386	0	0.0011157	0.000330579	0.642105	0
	0.5	0.000619835	0.000475207	0.913386	0	0.00103306	0.000289256	0.642105	0
	0.501	0.000661157	0.000557851	0.909449	0	0.00113636	0.000309917	0.642105	0
	0.502	0.000578512	0.000516529	0.909449	0	0.000929752	0.000557851	0.638298	0
	0.503	0.000516529	0.000578512	0.901575	0	0.000764463	0.000433884	0.638298	0
	0.504	0.000516529	0.000578512	0.897638	0	0.000909091	0.00035124	0.645161	0
	0.505	0.000702479	0.000640496	0.897638	0	0.00117769	0.000309917	0.634409	0
	0.506	0.000847107	0.000495868	0.897638	0	0.000929752	0.000433884	0.634409	0
	0.507	0.000702479	0.000557851	0.897638	0	0.000991736	0.000392562	0.634409	0
	0.508	0.00072314	0.000475207	0.901186	0	0.0011157	0.000495868	0.634409	0
	0.509	0.000640496	0.000599174	0.897233	0	0.000909091	0.00035124	0.623656	0
	0.51	0.000516529	0.00053719	0.900794	0	0.0010124	0.000309917	0.623656	0
	0.511	0.000495868	0.000661157	0.900794	0	0.000785124	0.000454545	0.623656	0
	0.512	0.000702479	0.000702479	0.900398	0	0.000909091	0.000454545	0.602151	0
	0.513	0.000475207	0.000516529	0.9	0	0.00088843	0.00018595	0.602151	0
	0.514	0.000764463	0.000743802	0.9	0	0.00103306	0.000371901	0.602151	0
	0.515	0.000557851	0.000619835	0.9	0	0.000971074	0.000268595	0.615385	0
	0.516	0.00053719	0.00053719	0.9	0	0.00088843	0.000289256	0.622222	0
	0.517	0.000619835	0.000454545	0.9	0	0.000971074	0.000289256	0.622222	0
	0.518	0.00072314	0.000309917	0.899598	0	0.000702479	0.000475207	0.611111	0
	0.519	0.000702479	0.000495868	0.895582	0	0.000764463	0.000413223	0.606742	0
	0.52	0.000599174	0.000475207	0.895582	0	0.000909091	0.000330579	0.606742	0
	0.521	0.000743802	0.000413223	0.899194	0	0.000805785	0.000289256	0.602273	0
	0.522	0.000805785	0.000640496	0.899194	0	0.00072314	0.000371901	0.609195	0
	0.523	0.000557851	0.000640496	0.899194	0	0.00123967	0.000330579	0.609195	0
	0.524	0.00072314	0.000495868	0.899194	0	0.000929752	0.000495868	0.616279	0
	0.525	0.000764463	0.000413223	0.902834	0	0.000805785	0.00035124	0.611765	0
	0.526	0.000619835	0.000578512	0.902834	0	0.000599174	0.00035124	0.607143	0
	0.527	0.000578512	0.000475207	0.906504	0	0.000743802	0.000330579	0.595238	0
	0.528	0.000826446	0.000392562	0.906504	0	0.000702479	0.000289256	0.595238	0
	0.529	0.000847107	0.000289256	0.906504	0	0.000743802	0.000309917	0.595238	0
	0.53	0.000785124	0.000433884	0.906504	0	0.000867769	0.000413223	0.595238	0
	0.531	0.000475207	0.000702479	0.910204	0	0.000764463	0.000289256	0.583333	0
	0.532	0.000681818	0.000578512	0.910204	0	0.00072314	0.000433884	0.597561	0
	0.533	0.000619835	0.000433884	0.913934	0	0.000847107	0.000413223	0.597561	0
	0.534	0.000475207	0.000702479	0.913934	0	0.000847107	0.000309917	0.597561	0
	0.535	0.000392562	0.000433884	0.913934	0	0.000454545	0.000413223	0.6125	0
	0.536	0.000640496	0.000599174	0.917695	0	0.000661157	0.000309917	0.6125	0
	0.537	0.000619835	0.000805785	0.917695	0	0.000661157	0.00035124	0.6125	0
	0.538	0.000454545	0.000371901	0.917695	0	0.000578512	0.000206612	0.620253	0
	0.539	0.000454545	0.000516529	0.917355	0	0.000681818	0.000475207	0.620253	0
	0.54	0.000578512	0.00035124	0.917355	0	0.000847107	0.000392562	0.620253	0
	0.541	0.000433884	0.000661157	0.921162	0	0.000847107	0.000247934	0.607595	0
	0.542	0.000681818	0.000371901	0.921162	0	0.000743802	0.000227273	0.602564	0
	0.543	0.000619835	0.000371901	0.925	0	0.000867769	0.00035124	0.597403	0
	0.544	0.000578512	0.000371901	0.920833	0	0.000785124	0.000392562	0.592105	0
	0.545	0.000578512	0.000495868	0.920833	0	0.000743802	0.000392562	0.6	0
	0.546	0.000475207	0.00053719	0.924686	0	0.000640496	0.000371901	0.586667	0
	0.547	0.000557851	0.000413223	0.924686	0	0.000909091	0.000309917	0.586667	0
	0.548	0.000516529	0.000495868	0.920502	0	0.000619835	0.000289256	0.586667	0
	0.549	0.000413223	0.000578512	0.920502	0	0.000847107	0.000330579	0.573333	0
	0.55	0.000330579	0.000433884	0.916318	0	0.00107438	0.000268595	0.573333	0
	0.551	0.000516529	0.000495868	0.916318	0	0.000929752	0.000392562	0.567568	0
	0.552	0.000702479	0.000681818	0.916318	0	0.000661157	0.000330579	0.567568	0
	0.553	0.000392562	0.000309917	0.916318	0	0.00072314	0.000309917	0.567568	0
	0.554	0.000599174	0.000413223	0.916318	0	0.000805785	0.000454545	0.575342	0
	0.555	0.00053719	0.000454545	0.916318	0	0.000805785	0.000289256	0.575342	0
	0.556	0.000475207	0.000392562	0.916318	0	0.000950413	0.000330579	0.547945	0
	0.557	0.000433884	0.000516529	0.916318	0	0.00088843	0.000371901	0.555556	0
	0.558	0.000392562	0.000268595	0.916318	0	0.000557851	0.000227273	0.555556	0
	0.559	0.000557851	0.000578512	0.916318	0	0.000702479	0.000268595	0.555556	0
	0.56	0.000454545	0.000495868	0.924051	0	0.00088843	0.000454545	0.541667	0
	0.561	0.000309917	0.000413223	0.924051	0	0.000661157	0.000309917	0.541667	0
	0.562	0.000454545	0.000578512	0.931915	0	0.000764463	0.00035124	0.541667	0
	0.563	0.000123967	0.000413223	0.935622	0	0.000950413	0.000309917	0.549296	0
	0.564	0.000309917	0.00053719	0.935622	0	0.000681818	0.000247934	0.550725	0
	0.565	0.000206612	0.000557851	0.935622	0	0.000805785	0.000330579	0.558824	0
	0.566	0.000371901	0.000640496	0.935622	0	0.000661157	0.000413223	0.575758	0
	0.567	0.000247934	0.000661157	0.935622	0	0.000619835	0.000289256	0.560606	0
	0.568	0.000413223	0.000578512	0.935622	0	0.000785124	0.000227273	0.560606	0
	0.569	0.00035124	0.000433884	0.93133	0	0.000661157	0.000206612	0.560606	0
	0.57	0.000268595	0.00035124	0.93133	0	0.000764463	0.000206612	0.553846	0
	0.571	0.000206612	0.00053719	0.931034	0	0.00053719	0.00035124	0.5625	0
	0.572	0.000330579	0.000413223	0.931034	0	0.000909091	0.000371901	0.5625	0
	0.573	0.000247934	0.000433884	0.931034	0	0.000619835	0.000289256	0.5625	0
	0.574	0.000330579	0.000413223	0.931034	0	0.000867769	0.000227273	0.571429	0
	0.575	0.000165289	0.000475207	0.931034	0	0.000743802	0.000330579	0.571429	0
	0.576	0.000289256	0.000640496	0.935065	0	0.000640496	0.000309917	0.571429	0
	0.577	0.000289256	0.000433884	0.935065	0	0.000867769	0.000227273	0.571429	0
	0.578	0.000289256	0.000495868	0.930736	0	0.000681818	0.000289256	0.564516	0
	0.579	0.000392562	0.000578512	0.934783	0	0.000764463	0.000309917	0.564516	0
	0.58	0.00018595	0.000495868	0.934783	0	0.000826446	0.00035124	0.564516	0
	0.581	0.00035124	0.000454545	0.930435	0	0.000785124	0.000392562	0.564516	0
	0.582	0.000371901	0.000413223	0.930435	0	0.000557851	0.000392562	0.548387	0
	0.583	0.00035124	0.000599174	0.930435	0	0.000805785	0.000371901	0.557377	0
	0.584	0.000289256	0.000702479	0.930131	0	0.000681818	0.000268595	0.55	0
	0.585	0.00035124	0.000413223	0.930131	0	0.000929752	0.000165289	0.55	0
	0.586	0.000247934	0.000392562	0.925764	0	0.000640496	0.000206612	0.55	0
	0.587	0.000371901	0.00035124	0.925764	0	0.000826446	0.000413223	0.559322	0
	0.588	0.000475207	0.00072314	0.929825	0	0.000847107	0.000371901	0.559322	0
	0.589	0.000268595	0.000454545	0.933628	0	0.000619835	0.000206612	0.559322	0
	0.59	0.000206612	0.000475207	0.933628	0	0.000805785	0.000144628	0.559322	0
	0.591	0.000227273	0.00053719	0.941964	0	0.000785124	0.000268595	0.559322	0
	0.592	0.000247934	0.000495868	0.941964	0	0.00072314	0.000392562	0.559322	0
	0.593	0.000413223	0.000681818	0.946188	0	0.000557851	0.000206612	0.559322	0
	0.594	0.000371901	0.000433884	0.946188	0	0.000785124	0.00035124	0.551724	0
	0.595	0.00035124	0.000619835	0.946188	0	0.000619835	0.000371901	0.551724	0
	0.596	0.000392562	0.000454545	0.946188	0	0.000909091	0.000268595	0.561404	0
	0.597	0.000371901	0.000413223	0.941704	0	0.00088843	0.000268595	0.571429	0
	0.598	0.000495868	0.000599174	0.932735	0	0.000681818	0.000227273	0.571429	0
	0.599	0.000392562	0.00035124	0.932735	0	0.000640496	0.000289256	0.563636	0
	0.6	0.000619835	0.000681818	0.932735	0	0.000640496	0.000227273	0.563636	0
	0.601	0.000516529	0.000557851	0.928251	0	0.000743802	0.000289256	0.545455	0
	0.602	0.000392562	0.000619835	0.928251	0	0.000475207	0.000475207	0.545455	0
	0.603	0.00035124	0.000516529	0.928251	0	0.000599174	0.000289256	0.545455	0
	0.604	0.000619835	0.000578512	0.928251	0	0.000578512	0.000268595	0.537037	0
	0.605	0.000454545	0.00072314	0.923767	0	0.000785124	0.000289256	0.537037	0
	0.606	0.000619835	0.00035124	0.919283	0	0.000599174	0.000227273	0.537037	0
	0.607	0.000516529	0.000495868	0.914798	0	0.000557851	0.000144628	0.557692	0
	0.608	0.000309917	0.000557851	0.914798	0	0.000826446	0.000227273	0.557692	0
	0.609	0.000495868	0.000578512	0.914798	0	0.000475207	0.000309917	0.54902	0
	0.61	0.000330579	0.000392562	0.910314	0	0.000578512	0.000144628	0.56	0
	0.611	0.000619835	0.000640496	0.910314	0	0.000640496	0.000123967	0.571429	0
	0.612	0.000309917	0.000599174	0.910314	0	0.00053719	0.000289256	0.571429	0
	0.613	0.000578512	0.000619835	0.910314	0	0.000330579	0.00035124	0.571429	0
	0.614	0.000599174	0.000702479	0.914027	0	0.000702479	0.00018595	0.571429	0
	0.615	0.000557851	0.000640496	0.904977	0	0.000392562	0.000144628	0.5625	0
	0.616	0.000661157	0.00053719	0.900452	0	0.000619835	0.000289256	0.541667	0
	0.617	0.000681818	0.00035124	0.900452	0	0.000454545	0.000330579	0.541667	0
	0.618	0.000392562	0.000454545	0.895928	0	0.00053719	0.000206612	0.541667	0
	0.619	0.000578512	0.000392562	0.895928	0	0.000454545	0.000165289	0.553191	0
	0.62	0.000557851	0.000433884	0.895928	0	0.000557851	0.000309917	0.553191	0
	0.621	0.00053719	0.000371901	0.895928	0	0.000640496	0.000330579	0.565217	0
	0.622	0.00035124	0.000599174	0.895928	0	0.000640496	0.000309917	0.521739	0
	0.623	0.000867769	0.000247934	0.895928	0	0.000557851	0.00018595	0.521739	0
	0.624	0.000578512	0.000495868	0.895928	0	0.000495868	0.000227273	0.521739	0
	0.625	0.000805785	0.000475207	0.895455	0	0.000619835	0.000289256	0.521739	0
	0.626	0.00053719	0.00035124	0.890909	0	0.00053719	0.000206612	0.5	0
	0.627	0.000805785	0.000495868	0.890909	0	0.000371901	0.000165289	0.511111	0
	0.628	0.00072314	0.000557851	0.890909	0	0.000392562	0.000247934	0.5	0
	0.629	0.000909091	0.000454545	0.886364	0	0.000475207	0.000165289	0.5	0
	0.63	0.000640496	0.000475207	0.886364	0	0.000454545	0.000165289	0.477273	0
	0.631	0.000578512	0.000516529	0.886364	0	0.000454545	0.000206612	0.488372	0
	0.632	0.000681818	0.000495868	0.886364	0	0.000661157	0.000289256	0.465116	0
	0.633	0.000702479	0.000702479	0.886364	0	0.000475207	0.00035124	0.487805	0
	0.634	0.000826446	0.000475207	0.881818	0	0.000475207	0.000206612	0.5	0
	0.635	0.00103306	0.000454545	0.881818	0	0.000475207	0.000247934	0.512821	0
	0.636	0.00103306	0.000454545	0.885845	0	0.000454545	0.000247934	0.512821	0
	0.637	0.000991736	0.000309917	0.885845	0	0.000640496	0.000227273	0.512821	0
	0.638	0.000826446	0.000413223	0.885845	0	0.000454545	0.000268595	0.512821	0
	0.639	0.000971074	0.000640496	0.881279	0	0.000475207	0.000165289	0.512821	0
	0.64	0.000681818	0.000640496	0.881279	0	0.000371901	0.000206612	0.540541	0
	0.641	0.000867769	0.000557851	0.889401	0	0.000392562	0.000268595	0.540541	0
	0.642	0.00088843	0.000268595	0.884793	0	0.000557851	0.000227273	0.513514	0
	0.643	0.000847107	0.000495868	0.888889	0	0.00035124	0.000165289	0.486486	0
	0.644	0.000764463	0.000268595	0.888889	0	0.00035124	0.000165289	0.486486	0
	0.645	0.000764463	0.000599174	0.888889	0	0.000433884	0.000227273	0.486486	0
	0.646	0.000826446	0.00053719	0.888889	0	0.000578512	0.000165289	0.486486	0
	0.647	0.000764463	0.000413223	0.888889	0	0.00053719	0.00018595	0.486486	0
	0.648	0.000826446	0.000454545	0.888889	0	0.000702479	0.000289256	0.514286	0
	0.649	0.000826446	0.000516529	0.888889	0	0.000392562	0.000103306	0.514286	0
	0.65	0.000867769	0.000599174	0.87963	0	0.000433884	0.000247934	0.514286	0
	0.651	0.000743802	0.000599174	0.883721	0	0.000661157	0.00018595	0.514286	0
	0.652	0.000805785	0.000619835	0.87907	0	0.000516529	0.00018595	0.485714	0
	0.653	0.000971074	0.000702479	0.87907	0	0.000516529	0.000144628	0.485714	0
	0.654	0.000619835	0.000640496	0.87907	0	0.000454545	0.000165289	0.485714	0
	0.655	0.000805785	0.000413223	0.883178	0	0.000661157	0.000144628	0.457143	0
	0.656	0.000640496	0.000475207	0.878505	0	0.000640496	0.000330579	0.428571	0
	0.657	0.000785124	0.000413223	0.878505	0	0.000599174	0.00018595	0.4	0
	0.658	0.000702479	0.00072314	0.878505	0	0.000764463	0.000165289	0.4	0
	0.659	0.000557851	0.000640496	0.882629	0	0.000785124	0.000227273	0.411765	0
	0.66	0.000640496	0.000392562	0.886792	0	0.000640496	0.000227273	0.382353	0
	0.661	0.00053719	0.000599174	0.882075	0	0.000640496	0.00018595	0.393939	0
	0.662	0.000475207	0.000413223	0.882075	0	0.000640496	0.00018595	0.393939	0
	0.663	0.000599174	0.000619835	0.886256	0	0.000619835	0.000144628	0.375	0
	0.664	0.00053719	0.000454545	0.886256	0	0.000578512	0.000206612	0.375	0
	0.665	0.000475207	0.00035124	0.886256	0	0.000557851	0.000227273	0.34375	0
	0.666	0.000764463	0.000495868	0.886256	0	0.000578512	0.000103306	0.322581	0
	0.667	0.000640496	0.000681818	0.890476	0	0.000619835	0.00018595	0.322581	0
	0.668	0.000495868	0.000495868	0.894737	0	0.000557851	0.000206612	0.290323	0
	0.669	0.000619835	0.000578512	0.889952	0	0.000619835	0.000227273	0.290323	0
	0.67	0.000599174	0.000681818	0.889952	0	0.000433884	0.00018595	0.290323	0
	0.671	0.00053719	0.000495868	0.889952	0	0.000702479	0.000165289	0.290323	0
	0.672	0.000619835	0.000516529	0.889952	0	0.000743802	0.000227273	0.290323	0
	0.673	0.000475207	0.000454545	0.889952	0	0.000495868	0.000165289	0.258065	0
	0.674	0.000640496	0.000557851	0.894231	0	0.000454545	0.000123967	0.258065	0
	0.675	0.000557851	0.000516529	0.898551	0	0.000785124	0.000309917	0.258065	0
	0.676	0.000309917	0.000475207	0.898551	0	0.000743802	0.000227273	0.266667	0
	0.677	0.00053719	0.000661157	0.898551	0	0.00053719	0.000165289	0.266667	0
	0.678	0.000516529	0.000661157	0.902913	0	0.00053719	0.000165289	0.266667	0
	0.679	0.000764463	0.000681818	0.902913	0	0.000413223	0.000144628	0.275862	0
	0.68	0.000661157	0.000578512	0.902913	0	0.00053719	0.000227273	0.275862	0
	0.681	0.000454545	0.000475207	0.907317	0	0.000661157	0.000227273	0.275862	0
	0.682	0.00072314	0.000495868	0.911765	0	0.00072314	0.000247934	0.307692	0
	0.683	0.000661157	0.00072314	0.906863	0	0.000516529	0.000247934	0.307692	0
	0.684	0.000681818	0.000557851	0.906863	0	0.000454545	0.00018595	0.307692	0
	0.685	0.00072314	0.000433884	0.906404	0	0.00053719	0.000144628	0.269231	0
	0.686	0.000557851	0.000495868	0.905941	0	0.000475207	0.000206612	0.269231	0
	0.687	0.000413223	0.000413223	0.90099	0	0.000578512	0.000165289	0.269231	0
	0.688	0.000599174	0.000619835	0.905473	0	0.00053719	0.000144628	0.269231	0
	0.689	0.00035124	0.000475207	0.905473	0	0.00053719	0.000144628	0.269231	0
	0.69	0.00053719	0.000433884	0.905473	0	0.000681818	0.000103306	0.28	0
	0.691	0.00035124	0.000516529	0.900498	0	0.000516529	0.00018595	0.24	0
	0.692	0.000475207	0.000661157	0.905	0	0.000702479	0.000165289	0.24	0
	0.693	0.000475207	0.000475207	0.905	0	0.000599174	0.000103306	0.24	0
	0.694	0.000475207	0.00053719	0.905	0	0.000599174	0.000123967	0.24	0
	0.695	0.000371901	0.000433884	0.905	0	0.000826446	0.000165289	0.24	0
	0.696	0.000495868	0.000640496	0.909548	0	0.000599174	0.000227273	0.208333	0
	0.697	0.000371901	0.000764463	0.904523	0	0.00072314	0.000123967	0.208333	0
	0.698	0.000413223	0.000619835	0.904523	0	0.000557851	0.000103306	0.208333	0
	0.699	0.000578512	0.000599174	0.899497	0	0.000640496	0.000103306	0.208333	0
	0.7	0.00035124	0.000516529	0.899497	0	0.000599174	0.000103306	0.208333	0
	0.701	0.000578512	0.000495868	0.90404	0	0.00053719	0.000247934	0.217391	0
	0.702	0.000392562	0.000413223	0.908629	0	0.000640496	0.000103306	0.217391	0
	0.703	0.000495868	0.000495868	0.913265	0	0.000516529	0.000165289	0.227273	0
	0.704	0.000454545	0.000475207	0.913265	0	0.000475207	0.00018595	0.190476	0
	0.705	0.00053719	0.000599174	0.913265	0	0.000702479	0.000103306	0.190476	0
	0.706	0.00035124	0.000557851	0.913265	0	0.00072314	0.000103306	0.210526	0
	0.707	0.000516529	0.000454545	0.913265	0	0.000599174	0.000206612	0.210526	0
	0.708	0.000413223	0.000578512	0.913265	0	0.000578512	0.00018595	0.210526	0
	0.709	0.000433884	0.000681818	0.92268	0	0.00035124	0.000247934	0.210526	0
	0.71	0.000475207	0.000413223	0.92268	0	0.000640496	0.00018595	0.210526	0
	0.711	0.000413223	0.000785124	0.92268	0	0.000599174	0.00018595	0.210526	0
	0.712	0.000578512	0.000619835	0.92268	0	0.00072314	0.000123967	0.210526	0
	0.713	0.000392562	0.000557851	0.92268	0	0.000475207	0.000103306	0.210526	0
	0.714	0.000495868	0.000578512	0.92268	0	0.00035124	0.000206612	0.157895	0
	0.715	0.000330579	0.000516529	0.92268	0	0.000433884	0.000165289	0.157895	0
	0.716	0.000309917	0.000413223	0.92268	0	0.000599174	0.000123967	0.157895	0
	0.717	0.000268595	0.00053719	0.927461	0	0.000516529	0.000144628	0.166667	0
	0.718	0.000413223	0.000619835	0.927461	0	0.000371901	0.000206612	0.166667	0
	0.719	0.000495868	0.000454545	0.927083	0	0.000475207	0.000165289	0.176471	0
	0.72	0.000371901	0.000454545	0.936842	0	0.000413223	0.000123967	0.176471	0
	0.721	0.000413223	0.000785124	0.936842	0	0.000413223	0.000123967	0.176471	0
	0.722	0.000371901	0.000681818	0.936842	0	0.000289256	8.26446e-05	0.176471	0
	0.723	0.000371901	0.000599174	0.936842	0	0.000289256	0.000165289	0.176471	0
	0.724	0.000433884	0.000599174	0.936842	0	0.000247934	0.000165289	0.176471	0
	0.725	0.000371901	0.000495868	0.941799	0	0.000371901	0.000247934	0.176471	0
	0.726	0.000392562	0.000454545	0.941799	0	0.00035124	6.19835e-05	0.1875	0
	0.727	0.000557851	0.000599174	0.925926	0	0.000268595	0.000206612	0.1875	0
	0.728	0.000413223	0.00072314	0.925926	0	0.000227273	0.000268595	0.1875	0
	0.729	0.00035124	0.000702479	0.930851	0	0.000227273	0.000123967	0.2	0
	0.73	0.000413223	0.000475207	0.930851	0	0.000475207	0.000103306	0.2	0
	0.731	0.00035124	0.000743802	0.930851	0	0.000413223	0.00018595	0.230769	0
	0.732	0.000516529	0.000433884	0.930851	0	0.00018595	0.000165289	0.153846	0
	0.733	0.000578512	0.000640496	0.925532	0	0.000289256	0.000144628	0.166667	0
	0.734	0.000392562	0.000557851	0.920213	0	0.000247934	0.000165289	0.181818	0
	0.735	0.000413223	0.000661157	0.925134	0	0.000206612	8.26446e-05	0.2	0
	0.736	0.000413223	0.00053719	0.925134	0	0.000227273	6.19835e-05	0.2	0
	0.737	0.000392562	0.000495868	0.919786	0	0.000289256	0.000206612	0.222222	0
	0.738	0.000268595	0.000475207	0.919786	0	0.000247934	0.00018595	0.222222	0
	0.739	0.00053719	0.000475207	0.919786	0	0.000227273	0.000123967	0.222222	0
	0.74	0.000392562	0.000661157	0.919786	0	0.00018595	0.000103306	0.25	0
	0.741	0.000268595	0.000454545	0.924731	0	0.000247934	0.000165289	0.25	0
	0.742	0.000557851	0.000640496	0.924731	0	0.000247934	0.00018595	0.25	0
	0.743	0.000475207	0.00053719	0.924731	0	0.00018595	0.000123967	0.285714	0
	0.744	0.000227273	0.000495868	0.924731	0	0.000123967	0.000206612	0.285714	0
	0.745	0.000495868	0.000640496	0.924731	0	0.000247934	0.000103306	0.285714	0
	0.746	0.000247934	0.000681818	0.924731	0	0.000165289	8.26446e-05	0.285714	0
	0.747	0.000330579	0.000599174	0.919355	0	0.000206612	0.000103306	0.285714	0
	0.748	0.000371901	0.000371901	0.913978	0	0.000144628	0.000123967	0.285714	0
	0.749	0.000289256	0.000826446	0.913978	0	0.000144628	0.00018595	0.142857	0
	0.75	0.000371901	0.000619835	0.913978	0	6.19835e-05	6.19835e-05	0.142857	0
	0.751	0.000371901	0.00053719	0.913514	0	0.000206612	6.19835e-05	0.142857	0
	0.752	0.000495868	0.000764463	0.908108	0	0.000206612	0.000165289	0.142857	0
	0.753	0.000165289	0.000681818	0.908108	0	0.000165289	0.000144628	0.142857	0
	0.754	0.000289256	0.000640496	0.913043	0	0.000247934	8.26446e-05	0.142857	0
	0.755	0.000268595	0.000454545	0.913043	0	0.000144628	0.000123967	0.166667	0
	0.756	0.00053719	0.000578512	0.913043	0	0.000123967	0.000144628	0.166667	0
	0.757	0.000578512	0.000516529	0.902174	0	0.000165289	4.13223e-05	0.166667	0
	0.758	0.000392562	0.00053719	0.907104	0	0.00018595	8.26446e-05	0.166667	0
	0.759	0.000392562	0.000702479	0.907104	0	0.00018595	0.000165289	0.166667	0
	0.76	0.000289256	0.000454545	0.907104	0	0.000206612	8.26446e-05	0.166667	0
	0.761	0.000413223	0.000495868	0.907104	0	0.000144628	0.000144628	0.166667	0
	0.762	0.000392562	0.000619835	0.901639	0	0.000123967	8.26446e-05	0.166667	0
	0.763	0.000681818	0.00053719	0.901639	0	0.000123967	0.000165289	0.166667	0
	0.764	0.000557851	0.000640496	0.901639	0	0.000103306	8.26446e-05	0.166667	0
	0.765	0.00053719	0.000681818	0.906593	0	0.000165289	6.19835e-05	0.166667	0
	0.766	0.000599174	0.00053719	0.906593	0	0.000103306	8.26446e-05	0.166667	0
	0.767	0.000268595	0.000661157	0.911602	0	0.000123967	0.000123967	0.166667	0
	0.768	0.000371901	0.000475207	0.906077	0	0.000144628	0.000165289	0.2	0
	0.769	0.000681818	0.000371901	0.906077	0	0.000123967	0.000144628	0.25	0
	0.77	0.000661157	0.000454545	0.900552	0	0.000165289	0.000123967	0.25	0
	0.771	0.000599174	0.000619835	0.900552	0	8.26446e-05	2.06612e-05	0.25	0
	0.772	0.000557851	0.000743802	0.900552	0	6.19835e-05	0.000103306	0.25	0
	0.773	0.000557851	0.00053719	0.895028	0	0.000103306	0.000144628	0.25	0
	0.774	0.00072314	0.000516529	0.894444	0	0.000144628	0.000103306	0.25	0
	0.775	0.000619835	0.000516529	0.888889	0	6.19835e-05	4.13223e-05	0.25	0
	0.776	0.000661157	0.000599174	0.883333	0	0.000144628	0.000123967	0.25	0
	0.777	0.000557851	0.000557851	0.883333	0	0.000103306	4.13223e-05	0.25	0
	0.778	0.000764463	0.000661157	0.883333	0	0.000103306	6.19835e-05	0.25	0
	0.779	0.000619835	0.00053719	0.888268	0	6.19835e-05	0.000144628	0.25	0
	0.78	0.00053719	0.000475207	0.888268	0	2.06612e-05	6.19835e-05	0.25	0
	0.781	0.000640496	0.000661157	0.893258	0	8.26446e-05	4.13223e-05	0.25	0
	0.782	0.000702479	0.000743802	0.88764	0	0.000123967	4.13223e-05	0.25	0
	0.783	0.000661157	0.000619835	0.882022	0	0.000123967	6.19835e-05	0.25	0
	0.784	0.000371901	0.000433884	0.870787	0	8.26446e-05	6.19835e-05	0.25	0
	0.785	0.00053719	0.00072314	0.870787	0	0.000123967	0.000123967	0.25	0
	0.786	0.000619835	0.000495868	0.865169	0	0	0.000103306	0.333333	0
	0.787	0.000826446	0.000454545	0.865169	0	0	6.19835e-05	0.333333	0
	0.788	0.00072314	0.000599174	0.870056	0	2.06612e-05	6.19835e-05	0.333333	0
	0.789	0.000764463	0.000785124	0.870056	0	6.19835e-05	6.19835e-05	0.333333	0
	0.79	0.000640496	0.000847107	0.870056	0	8.26446e-05	0.000103306	0.333333	0
	0.791	0.000578512	0.00053719	0.870056	0	8.26446e-05	8.26446e-05	0.333333	0
	0.792	0.00072314	0.000619835	0.858757	0	4.13223e-05	4.13223e-05	0.333333	0
	0.793	0.000764463	0.00053719	0.858757	0	4.13223e-05	6.19835e-05	0.5	0
	0.794	0.000702479	0.000702479	0.853107	0	0	8.26446e-05	0.5	0
	0.795	0.000495868	0.000578512	0.853107	0	2.06612e-05	8.26446e-05	0.5	0
	0.796	0.000847107	0.000599174	0.857955	0	4.13223e-05	4.13223e-05	0.5	0
	0.797	0.000599174	0.000702479	0.852273	0	0	6.19835e-05	0.5	0
	0.798	0.000929752	0.000640496	0.840909	0	4.13223e-05	6.19835e-05	0.5	0
	0.799	0.000743802	0.00053719	0.840909	0	0	2.06612e-05	0	0
	0.8	0.000619835	0.00072314	0.835227	0	2.06612e-05	8.26446e-05	0	0
	0.801	0.00072314	0.00053719	0.835227	0	0	2.06612e-05	0	0
	0.802	0.000909091	0.000599174	0.829545	0	2.06612e-05	4.13223e-05	0	0
	0.803	0.000991736	0.000599174	0.834286	0	0	8.26446e-05	0	0
	0.804	0.000971074	0.000805785	0.828571	0	0	6.19835e-05	0	0
	0.805	0.000640496	0.000619835	0.822857	0	2.06612e-05	0	0	0
	0.806	0.000867769	0.000743802	0.817143	0	2.06612e-05	8.26446e-05	0	0
	0.807	0.000785124	0.000681818	0.821839	0	0	0.000103306	0	0
	0.808	0.00105372	0.000805785	0.816092	0	0	4.13223e-05	0	0
	0.809	0.000785124	0.000495868	0.816092	0	2.06612e-05	6.19835e-05	0	0
	0.81	0.00103306	0.000743802	0.816092	0	0	6.19835e-05	0	0
	0.811	0.000991736	0.000743802	0.810345	0	0	8.26446e-05	0	0
	0.812	0.000929752	0.000557851	0.809249	0	2.06612e-05	2.06612e-05	0	0
	0.813	0.00113636	0.000681818	0.797688	0	0	0.000123967	0	0
	0.814	0.00121901	0.00053719	0.802326	0	4.13223e-05	0.000103306	0	0
	0.815	0.00109504	0.000702479	0.802326	0	4.13223e-05	2.06612e-05	0	0
	0.816	0.00132231	0.000619835	0.80117	0	2.06612e-05	2.06612e-05	0	0
	0.817	0.00117769	0.000867769	0.795322	0	0	0.000123967	0	0
	0.818	0.00115702	0.00072314	0.804734	0	0	2.06612e-05	0	0
	0.819	0.00123967	0.000847107	0.798817	0	4.13223e-05	2.06612e-05	0	0
	0.82	0.00107438	0.000619835	0.798817	0	4.13223e-05	8.26446e-05	0	0
	0.821	0.00136364	0.000661157	0.786982	0	4.13223e-05	0.000103306	0	0
	0.822	0.00177686	0.000764463	0.781065	0	2.06612e-05	6.19835e-05	0	0
	0.823	0.00126033	0.000681818	0.769231	0	2.06612e-05	2.06612e-05	0	0
	0.824	0.0014876	0.000661157	0.763314	0	2.06612e-05	8.26446e-05	0	0
	0.825	0.00128099	0.00053719	0.763314	0	6.19835e-05	0.000103306	0	0
	0.826	0.00117769	0.000578512	0.767857	0	4.13223e-05	2.06612e-05	0	0
	0.827	0.00136364	0.000661157	0.754491	0	2.06612e-05	2.06612e-05	0	0
	0.828	0.00121901	0.00053719	0.754491	0	2.06612e-05	6.19835e-05	0	0
	0.829	0.00132231	0.000619835	0.759036	0	6.19835e-05	2.06612e-05	0	0
	0.83	0.00130165	0.000743802	0.759036	0	4.13223e-05	6.19835e-05	0	0
	0.831	0.00142562	0.000764463	0.740964	0	0	6.19835e-05	0	0
	0.832	0.00154959	0.000785124	0.740964	0	4.13223e-05	2.06612e-05	0	0
	0.833	0.00161157	0.000743802	0.745455	0	0.000144628	0.000144628	0	0
	0.834	0.0018595	0.000475207	0.733333	0	2.06612e-05	4.13223e-05	0	0
	0.835	0.00123967	0.000557851	0.731707	0	0.000103306	2.06612e-05	0	0
	0.836	0.00142562	0.000681818	0.731707	0	6.19835e-05	6.19835e-05	0	0
	0.837	0.00136364	0.00072314	0.730061	0	8.26446e-05	6.19835e-05	0	0
	0.838	0.00159091	0.000599174	0.730061	0	0.000103306	0.000123967	0	0
	0.839	0.00150826	0.000619835	0.723926	0	0.000103306	2.06612e-05	0	0
	0.84	0.00154959	0.000661157	0.723926	0	0.000123967	6.19835e-05	0	0
	0.841	0.0017562	0.000619835	0.728395	0	0.000103306	2.06612e-05	0	0
	0.842	0.00157025	0.000619835	0.728395	0	2.06612e-05	2.06612e-05	0	0
	0.843	0.00173554	0.000764463	0.722222	0	0	2.06612e-05	0	0
	0.844	0.00167355	0.000785124	0.726708	0	4.13223e-05	6.19835e-05	0	0
	0.845	0.0017562	0.000681818	0.740506	0	2.06612e-05	4.13223e-05	0	0
	0.846	0.00167355	0.000640496	0.734177	0	4.13223e-05	4.13223e-05	0	0
	0.847	0.0017562	0.000557851	0.732484	0	8.26446e-05	4.13223e-05	0	0
	0.848	0.00144628	0.000454545	0.724359	0	4.13223e-05	0.000103306	0	0
	0.849	0.00163223	0.00053719	0.717949	0	4.13223e-05	0	0	0
	0.85	0.00210744	0.000599174	0.705128	0	6.19835e-05	8.26446e-05	0	0
	0.851	0.00202479	0.000619835	0.714286	0	6.19835e-05	0	0	0
	0.852	0.00183884	0.000826446	0.701299	0	0	2.06612e-05	0	0
	0.853	0.00128099	0.000619835	0.699346	0	0	6.19835e-05	0	0
	0.854	0.00190083	0.000826446	0.699346	0	0	6.19835e-05	0	0
	0.855	0.0021281	0.000599174	0.697368	0	6.19835e-05	0	0	0
	0.856	0.00194215	0.000764463	0.690789	0	0	6.19835e-05	0	0
	0.857	0.00190083	0.000681818	0.695364	0	2.06612e-05	4.13223e-05	0	0
	0.858	0.00214876	0.000971074	0.693333	0	0	0	0	0
	0.859	0.00146694	0.000454545	0.693333	0	0	6.19835e-05	0	0
	0.86	0.00225207	0.000578512	0.691275	0	0	0.000103306	0	0
	0.861	0.0021281	0.000702479	0.693878	0	0	0	0	0
	0.862	0.00177686	0.000454545	0.687075	0	2.06612e-05	6.19835e-05	0	0
	0.863	0.00163223	0.000764463	0.687075	0	2.06612e-05	0	0	0
	0.864	0.00171488	0.00072314	0.689655	0	0	0	0	0
	0.865	0.00171488	0.000619835	0.689655	0	2.06612e-05	0	0	0
	0.866	0.00179752	0.000950413	0.694444	0	0	2.06612e-05	0	0
	0.867	0.00214876	0.000681818	0.6875	0	0	2.06612e-05	0	0
	0.868	0.00177686	0.000681818	0.671329	0	0	2.06612e-05	0	0
	0.869	0.00192149	0.000661157	0.671329	0	0	6.19835e-05	0	0
	0.87	0.00144628	0.000619835	0.664336	0	0	0	0	0
	0.871	0.00167355	0.00072314	0.669014	0	0	2.06612e-05	0	0
	0.872	0.00150826	0.000681818	0.678571	0	0	0	0	0
	0.873	0.00144628	0.000681818	0.673913	0	0	6.19835e-05	0	0
	0.874	0.00171488	0.000495868	0.664234	0	0	4.13223e-05	0	0
	0.875	0.00157025	0.000764463	0.661765	0	0	2.06612e-05	0	0
	0.876	0.00177686	0.000516529	0.666667	0	0	8.26446e-05	0	0
	0.877	0.00177686	0.00072314	0.676692	0	0	4.13223e-05	0	0
	0.878	0.00202479	0.000805785	0.676692	0	0	0	0	0
	0.879	0.0018595	0.00072314	0.674242	0	0	4.13223e-05	0	0
	0.88	0.00177686	0.000681818	0.684615	0	0	2.06612e-05	0	0
	0.881	0.00169421	0.000805785	0.684615	0	0	0	0	0
	0.882	0.00167355	0.000640496	0.684615	0	0	0	0	0
	0.883	0.00159091	0.000867769	0.700787	0	0	2.06612e-05	0	0
	0.884	0.00140496	0.000681818	0.706349	0	0	4.13223e-05	0	0
	0.885	0.00152893	0.000495868	0.717742	0	0	6.19835e-05	0	0
	0.886	0.0010124	0.000743802	0.723577	0	0	2.06612e-05	0	0
	0.887	0.00159091	0.000640496	0.723577	0	0	2.06612e-05	0	0
	0.888	0.00146694	0.000743802	0.727273	0	0	0	0	0
	0.889	0.00167355	0.000681818	0.716667	0	0	2.06612e-05	0	0
	0.89	0.0013843	0.000764463	0.714286	0	0	4.13223e-05	0	0
	0.891	0.00157025	0.000867769	0.705882	0	0	4.13223e-05	0	0
	0.892	0.00167355	0.000743802	0.697479	0	0	0	0	0
	0.893	0.00142562	0.000702479	0.70339	0	0	4.13223e-05	0	0
	0.894	0.00152893	0.00053719	0.694915	0	0	2.06612e-05	0	0
	0.895	0.00136364	0.000495868	0.700855	0	0	2.06612e-05	0	0
	0.896	0.00119835	0.000640496	0.706897	0	0	4.13223e-05	0	0
	0.897	0.00150826	0.000764463	0.706897	0	0	2.06612e-05	0	0
	0.898	0.00117769	0.000599174	0.706897	0	0	0	0	0
	0.899	0.00126033	0.000578512	0.719298	0	0	2.06612e-05	0	0
	0.9	0.00136364	0.00053719	0.72973	0	0	2.06612e-05	0	0
	0.901	0.0011157	0.000702479	0.72973	0	0	0	0	0
	0.902	0.0013843	0.000495868	0.702703	0	0	0	0	0
	0.903	0.0010124	0.000433884	0.7	0	0	0	0	0
	0.904	0.00130165	0.000681818	0.703704	0	0	0	0	0
	0.905	0.00105372	0.000640496	0.716981	0	0	0	0	0
	0.906	0.000847107	0.000743802	0.704762	0	0	0	0	0
	0.907	0.00128099	0.000309917	0.704762	0	0	2.06612e-05	0	0
	0.908	0.00113636	0.000557851	0.708738	0	0	0	0	0
	0.909	0.00132231	0.00072314	0.715686	0	0	2.06612e-05	0	0
	0.91	0.00105372	0.000557851	0.693069	0	0	2.06612e-05	0	0
	0.911	0.000950413	0.000495868	0.69	0	0	2.06612e-05	0	0
	0.912	0.00113636	0.000433884	0.69	0	0	0	0	0
	0.913	0.00105372	0.000516529	0.67	0	0	0	0	0
	0.914	0.000909091	0.000681818	0.673469	0	0	0	0	0
	0.915	0.00132231	0.000516529	0.673469	0	0	0	0	0
	0.916	0.0014876	0.00053719	0.653061	0	0	2.06612e-05	0	0
	0.917	0.00173554	0.000640496	0.642857	0	0	4.13223e-05	0	0
	0.918	0.00167355	0.000661157	0.639175	0	0	6.19835e-05	0	0
	0.919	0.00146694	0.000413223	0.639175	0	0	4.13223e-05	0	0
	0.92	0.00152893	0.000516529	0.645833	0	0	2.06612e-05	0	0
	0.921	0.00165289	0.000661157	0.659574	0	0	2.06612e-05	0	0
	0.922	0.00173554	0.000599174	0.673913	0	0	0	0	0
	0.923	0.00167355	0.000599174	0.663043	0	0	0	0	0
	0.924	0.00157025	0.000371901	0.677778	0	0	0	0	0
	0.925	0.00247934	0.000495868	0.655556	0	0	0	0	0
	0.926	0.00200413	0.000619835	0.651685	0	0	0	0	0
	0.927	0.00219008	0.000640496	0.659091	0	0	0	0	0
	0.928	0.0017562	0.000557851	0.647727	0	0	2.06612e-05	0	0
	0.929	0.00179752	0.000475207	0.613636	0	0	0	0	0
	0.93	0.00188017	0.000309917	0.602273	0	0	2.06612e-05	0	0
	0.931	0.00231405	0.000495868	0.590909	0	0	2.06612e-05	0	0
	0.932	0.00192149	0.000495868	0.590909	0	0	0	0	0
	0.933	0.00206612	0.00035124	0.590909	0	0	4.13223e-05	0	0
	0.934	0.00206612	0.000495868	0.611765	0	0	0	0	0
	0.935	0.00188017	0.00053719	0.619048	0	0	0	0	0
	0.936	0.00198347	0.000640496	0.595238	0	0	0	0	0
	0.937	0.00219008	0.000578512	0.566265	0	0	0	0	0
	0.938	0.00204545	0.000330579	0.53012	0	0	0	0	0
	0.939	0.00245868	0.000578512	0.518072	0	0	0	0	0
	0.94	0.00231405	0.000475207	0.530864	0	0	0	0	0
	0.941	0.00194215	0.000371901	0.518519	0	0	0	0	0
	0.942	0.00179752	0.000433884	0.493827	0	0	0	0	0
	0.943	0.00235537	0.00053719	0.4875	0	0	0	0	0
	0.944	0.00225207	0.00035124	0.493506	0	0	2.06612e-05	0	0
	0.945	0.00196281	0.000702479	0.493333	0	0	0	0	0
	0.946	0.00190083	0.000495868	0.486486	0	0	0	0	0
	0.947	0.00233471	0.000392562	0.493151	0	0	0	0	0
	0.948	0.00190083	0.000371901	0.492958	0	0	0	0	0
	0.949	0.00233471	0.000516529	0.492754	0	0	2.06612e-05	0	0
	0.95	0.00231405	0.000516529	0.5	0	0	0	0	0
	0.951	0.00256198	0.000268595	0.470588	0	0	2.06612e-05	0	0
	0.952	0.00239669	0.00035124	0.484848	0	0	0	0	0
	0.953	0.00219008	0.000413223	0.439394	0	0	2.06612e-05	0	0
	0.954	0.00208678	0.000495868	0.424242	0	0	0	0	0
	0.955	0.00229339	0.000454545	0.424242	0	0	2.06612e-05	0	0
	0.956	0.00299587	0.000454545	0.421875	0	0	0	0	0
	0.957	0.00260331	0.000475207	0.412698	0	0	2.06612e-05	0	0
	0.958	0.00260331	0.000475207	0.412698	0	0	2.06612e-05	0	0
	0.959	0.00214876	0.000413223	0.403226	0	0	0	0	0
	0.96	0.00280992	0.000392562	0.370968	0	0	2.06612e-05	0	0
	0.961	0.00243802	0.000227273	0.360656	0	0	0	0	0
	0.962	0.00241736	0.000309917	0.366667	0	0	0	0	0
	0.963	0.0022314	0.000454545	0.392857	0	0	0	0	0
	0.964	0.00297521	0.000413223	0.37037	0	0	0	0	0
	0.965	0.00231405	0.000247934	0.377358	0	0	0	0	0
	0.966	0.00208678	0.000227273	0.392157	0	0	0	0	0
	0.967	0.00241736	0.00018595	0.4	0	0	2.06612e-05	0	0
	0.968	0.00260331	0.000392562	0.367347	0	0	0	0	0
	0.969	0.00208678	0.000165289	0.354167	0	0	0	0	0
	0.97	0.0025	0.000289256	0.3125	0	0	0	0	0
	0.971	0.00200413	0.000330579	0.333333	0	0	0	0	0
	0.972	0.00190083	0.000206612	0.348837	0	0	0	0	0
	0.973	0.0021281	0.000165289	0.341463	0	0	0	0	0
	0.974	0.00219008	0.000144628	0.341463	0	0	0	0	0
	0.975	0.00196281	6.19835e-05	0.3	0	0	0	0	0
	0.976	0.0018595	0.000123967	0.289474	0	0	0	0	0
	0.977	0.00161157	0.000309917	0.305556	0	0	0	0	0
	0.978	0.00157025	0.000247934	0.272727	0	0	0	0	0
	0.979	0.00210744	0.000165289	0.272727	0	0	0	0	0
	0.98	0.00208678	0.000123967	0.28125	0	0	0	0	0
	0.981	0.00181818	4.13223e-05	0.266667	0	0	0	0	0
	0.982	0.00192149	8.26446e-05	0.2	0	0	0	0	0
	0.983	0.00231405	0.000103306	0.214286	0	0	0	0	0
	0.984	0.00229339	0.000165289	0.0769231	0	0	0	0	0
	0.985	0.00239669	0.000144628	0.0769231	0	0	0	0	0
	0.986	0.00227273	0.000123967	0.0869565	0	0	0	0	0
	0.987	0.00243802	0.000103306	0.0869565	0	0	0	0	0
	0.988	0.00231405	4.13223e-05	0.0909091	0	0	0	0	0
	0.989	0.00239669	0.000165289	0.0909091	0	0	0	0	0
	0.99	0.00274793	0	0.0526316	0	0	0	0	0
	0.991	0.00252066	8.26446e-05	0.0588235	0	0	0	0	0
	0.992	0.00231405	6.19835e-05	0.0625	0	0	0	0	0
	0.993	0.00200413	0.000103306	0.0769231	0	0	0	0	0
	0.994	0.00181818	0.000123967	0.0909091	0	0	0	0	0
	0.995	0.00109504	8.26446e-05	0	0	0	0	0	0
	0.996	0.000929752	6.19835e-05	0	0	0	0	0	0
	0.997	0.00053719	8.26446e-05	0	0	0	0	0	0
	0.998	0.00072314	0.000103306	0	0	0	0	0	0
	0.999	0.00072314	2.06612e-05	0	0	0	0	0	0
	1	0.00035124	2.06612e-05	0	0	0	0	0	0


#	yrange	sparsity	# links	zeta	support at cross	fraction FP	support at cross2	fraction FP2
	0	0	0	0.06106	0.8	0.308188	0.8	0.308188
	0.003	0	0	0.06106	0.8	0.308188	0.8	0.308188
