#	Frequencies and overlap
#	bins	MYC	shuffle	overlap_MYC	overlap_shuffle	SIGN_MYC	SIGNshuffle	SIGNoverlap_MYC	SIGNoverlap_shuffle
	0	0.00489669	0.00516529	1	1	0.495393	0.499463	0.254408	0
	0.001	0.00770661	0.00832645	0.954545	0.78719	0.00394628	0.00419421	0.254408	0
	0.002	0.00952479	0.0101033	0.933884	0.623967	0.00657025	0.00636364	0.254408	0
	0.003	0.0107645	0.0102066	0.917355	0.502066	0.00696281	0.00772727	0.255051	0
	0.004	0.0103512	0.011281	0.902893	0.373967	0.0072314	0.00876033	0.256997	0
	0.005	0.00975207	0.0119835	0.888199	0.293388	0.00644628	0.00816116	0.258312	0
	0.006	0.0101446	0.0116322	0.877339	0.235537	0.00721074	0.00780992	0.261658	0
	0.007	0.00954545	0.0114669	0.870564	0.188017	0.00733471	0.00913223	0.267196	0
	0.008	0.00842975	0.0117769	0.861345	0.13843	0.00725207	0.00826446	0.271505	0
	0.009	0.0096281	0.0112397	0.856237	0.109504	0.00739669	0.00847107	0.272237	0
	0.01	0.00940083	0.0110331	0.845824	0.0909091	0.00702479	0.00719008	0.277473	0
	0.011	0.00896694	0.0109504	0.834764	0.0805785	0.00603306	0.00783058	0.281337	0
	0.012	0.00882231	0.0112603	0.837662	0.0681818	0.00555785	0.00783058	0.286932	0
	0.013	0.00989669	0.0109091	0.836957	0.0619835	0.00479339	0.00737603	0.292754	0
	0.014	0.00869835	0.0103719	0.835886	0.053719	0.00429752	0.00721074	0.296188	0
	0.015	0.00878099	0.0110537	0.835526	0.0495868	0.00419421	0.00683884	0.302395	0
	0.016	0.00886364	0.00981405	0.838496	0.0454545	0.00369835	0.00665289	0.306061	0
	0.017	0.00793388	0.00921488	0.835556	0.0413223	0.00342975	0.00688017	0.313665	0
	0.018	0.0086157	0.00981405	0.834452	0.0371901	0.00326446	0.00663223	0.316456	0
	0.019	0.00789256	0.0102893	0.837472	0.035124	0.00264463	0.00646694	0.325733	0
	0.02	0.00642562	0.00923554	0.838269	0.0330579	0.00260331	0.00595041	0.331126	0
	0.021	0.0068595	0.00871901	0.832569	0.0330579	0.00299587	0.00623967	0.334448	0
	0.022	0.00628099	0.00946281	0.833333	0.0309917	0.0025	0.00530992	0.340136	0
	0.023	0.00623967	0.00919421	0.84	0.0268595	0.00307851	0.00541322	0.340136	0
	0.024	0.00555785	0.0092562	0.839623	0.0247934	0.00295455	0.00530992	0.343643	0
	0.025	0.00483471	0.00857438	0.839243	0.0227273	0.0031405	0.00512397	0.350877	0
	0.026	0.00491736	0.00770661	0.836493	0.0206612	0.00285124	0.00570248	0.358423	0
	0.027	0.00477273	0.00853306	0.838095	0.0206612	0.0032438	0.00471074	0.356115	0
	0.028	0.00431818	0.00774793	0.836538	0.018595	0.00353306	0.00479339	0.358696	0
	0.029	0.00400826	0.0077686	0.841849	0.018595	0.00301653	0.00497934	0.362637	0
	0.03	0.00450413	0.00688017	0.845588	0.018595	0.00289256	0.00487603	0.366667	0
	0.031	0.00419421	0.00816116	0.859296	0.0165289	0.0027686	0.0046281	0.369403	0
	0.032	0.00431818	0.00714876	0.863291	0.0144628	0.00309917	0.00421488	0.373585	0
	0.033	0.00446281	0.0067562	0.874036	0.0123967	0.00309917	0.00460744	0.373585	0
	0.034	0.00419421	0.00700413	0.863402	0.0123967	0.00291322	0.00407025	0.376426	0
	0.035	0.00349174	0.00677686	0.860104	0.0123967	0.0035124	0.00433884	0.377863	0
	0.036	0.00367769	0.0071281	0.85974	0.0103306	0.00260331	0.0039876	0.383721	0
	0.037	0.00378099	0.00743802	0.859375	0.0103306	0.00270661	0.00363636	0.386719	0
	0.038	0.00392562	0.00654959	0.856397	0.0103306	0.00243802	0.00369835	0.396	0
	0.039	0.00355372	0.00739669	0.855643	0.0103306	0.00270661	0.00316116	0.40081	0
	0.04	0.00378099	0.00623967	0.852632	0.0103306	0.00221074	0.00376033	0.404082	0
	0.041	0.00382231	0.00599174	0.839474	0.0103306	0.00266529	0.00338843	0.404082	0
	0.042	0.00332645	0.0064876	0.843501	0.00619835	0.00260331	0.00369835	0.410788	0
	0.043	0.00345041	0.00619835	0.845333	0.00619835	0.00214876	0.00299587	0.415966	0
	0.044	0.00400826	0.00607438	0.842246	0.00619835	0.00262397	0.00376033	0.419492	0
	0.045	0.00303719	0.00576446	0.841398	0.00619835	0.00225207	0.00342975	0.421277	0
	0.046	0.00392562	0.00555785	0.848238	0.00206612	0.00198347	0.00334711	0.424893	0
	0.047	0.00369835	0.00547521	0.842818	0.00206612	0.00225207	0.00336777	0.428571	0
	0.048	0.00378099	0.00561983	0.849315	0.00206612	0.00221074	0.00280992	0.427948	0
	0.049	0.00371901	0.00539256	0.851648	0.00206612	0.00208678	0.00299587	0.429825	0
	0.05	0.00365702	0.00590909	0.853186	0.00206612	0.00216942	0.00299587	0.439462	0
	0.051	0.00365702	0.00549587	0.853186	0.00206612	0.00214876	0.00297521	0.439462	0
	0.052	0.00338843	0.00547521	0.85	0.00206612	0.00192149	0.0028719	0.443439	0
	0.053	0.00353306	0.00506198	0.851541	0.00206612	0.00227273	0.0027686	0.442922	0
	0.054	0.00353306	0.00539256	0.853107	0	0.00225207	0.00332645	0.449074	0
	0.055	0.0028719	0.00502066	0.852691	0	0.00188017	0.00274793	0.446512	0
	0.056	0.0027686	0.00504132	0.852273	0	0.00227273	0.00291322	0.457143	0
	0.057	0.00303719	0.00481405	0.849432	0	0.00167355	0.00231405	0.45933	0
	0.058	0.00297521	0.00530992	0.846591	0	0.00169421	0.0021281	0.45933	0
	0.059	0.00285124	0.00481405	0.843305	0	0.00179752	0.00266529	0.463768	0
	0.06	0.00301653	0.00440083	0.84	0	0.00173554	0.0025	0.466019	0
	0.061	0.00280992	0.00452479	0.836207	0	0.00157025	0.00245868	0.472906	0
	0.062	0.00293388	0.00471074	0.848397	0	0.0011157	0.00219008	0.475248	0
	0.063	0.00293388	0.00477273	0.849558	0	0.00134298	0.0022314	0.477612	0
	0.064	0.00258264	0.00396694	0.846154	0	0.00142562	0.0021281	0.477612	0
	0.065	0.00252066	0.00466942	0.846154	0	0.0010124	0.00245868	0.484848	0
	0.066	0.00264463	0.00407025	0.848665	0	0.00109504	0.00225207	0.492308	0
	0.067	0.00264463	0.00382231	0.853731	0	0.00119835	0.00219008	0.497409	0
	0.068	0.0025	0.00448347	0.850299	0	0.0010124	0.00183884	0.5	0
	0.069	0.00245868	0.00407025	0.85241	0	0.00109504	0.00208678	0.505263	0
	0.07	0.00229339	0.00423554	0.843373	0	0.00132231	0.0018595	0.507937	0
	0.071	0.00252066	0.0047314	0.840361	0	0.000929752	0.00200413	0.508021	0
	0.072	0.00231405	0.00442149	0.8429	0	0.000929752	0.00202479	0.513514	0
	0.073	0.00256198	0.00349174	0.844512	0	0.000847107	0.0018595	0.516304	0
	0.074	0.00239669	0.00378099	0.843558	0	0.00121901	0.00146694	0.519126	0
	0.075	0.00268595	0.00404959	0.846154	0	0.000991736	0.00202479	0.524862	0
	0.076	0.00206612	0.00394628	0.843077	0	0.000950413	0.00163223	0.519337	0
	0.077	0.00227273	0.00392562	0.84	0	0.000991736	0.00159091	0.52809	0
	0.078	0.00231405	0.00336777	0.838509	0	0.00117769	0.0017562	0.52809	0
	0.079	0.0025	0.00404959	0.84375	0	0.00105372	0.00165289	0.534091	0
	0.08	0.00272727	0.0038843	0.85443	0	0.0011157	0.00157025	0.54023	0
	0.081	0.00227273	0.00413223	0.859425	0	0.000805785	0.00159091	0.543353	0
	0.082	0.00192149	0.00409091	0.85623	0	0.00134298	0.00157025	0.546512	0
	0.083	0.00202479	0.00349174	0.858974	0	0.000805785	0.0013843	0.540698	0
	0.084	0.00239669	0.00347107	0.855769	0	0.00136364	0.00183884	0.54386	0
	0.085	0.00221074	0.00347107	0.846154	0	0.000785124	0.0014876	0.54386	0
	0.086	0.00225207	0.0031405	0.848387	0	0.0010124	0.00154959	0.54386	0
	0.087	0.00200413	0.00316116	0.853896	0	0.00128099	0.00177686	0.532164	0
	0.088	0.00208678	0.00311983	0.850649	0	0.00123967	0.0018595	0.532164	0
	0.089	0.0021281	0.00297521	0.843648	0	0.00121901	0.00140496	0.535294	0
	0.09	0.00204545	0.00328512	0.837134	0	0.00142562	0.0014876	0.532544	0
	0.091	0.00252066	0.0028719	0.836601	0	0.000867769	0.00167355	0.538922	0
	0.092	0.00216942	0.00345041	0.839344	0	0.00117769	0.00152893	0.545455	0
	0.093	0.00270661	0.0032438	0.836066	0	0.00121901	0.00144628	0.54878	0
	0.094	0.00221074	0.00318182	0.838284	0	0.0010124	0.00136364	0.552147	0
	0.095	0.00202479	0.00278926	0.834983	0	0.00105372	0.00146694	0.552147	0
	0.096	0.00241736	0.00309917	0.837748	0	0.000929752	0.0013843	0.552147	0
	0.097	0.00225207	0.00268595	0.836667	0	0.00072314	0.00123967	0.555556	0
	0.098	0.00210744	0.00231405	0.842282	0	0.000785124	0.00154959	0.555556	0
	0.099	0.00216942	0.00262397	0.847973	0	0.000971074	0.00121901	0.559006	0
	0.1	0.00252066	0.00305785	0.850847	0	0.000950413	0.00126033	0.546584	0
	0.101	0.00210744	0.00266529	0.85034	0	0.000847107	0.00132231	0.546584	0
	0.102	0.00163223	0.00262397	0.85034	0	0.00109504	0.00117769	0.546584	0
	0.103	0.00237603	0.00322314	0.85034	0	0.000681818	0.00144628	0.546584	0
	0.104	0.00208678	0.00291322	0.85034	0	0.000929752	0.00136364	0.553459	0
	0.105	0.00208678	0.00270661	0.846416	0	0.000764463	0.00115702	0.56051	0
	0.106	0.00192149	0.00278926	0.84589	0	0.000681818	0.00121901	0.564103	0
	0.107	0.00150826	0.00262397	0.854671	0	0.000826446	0.00128099	0.564103	0
	0.108	0.00171488	0.00235537	0.854671	0	0.000764463	0.00115702	0.557692	0
	0.109	0.00165289	0.00280992	0.857639	0	0.000847107	0.00115702	0.557692	0
	0.11	0.00161157	0.00243802	0.860627	0	0.000764463	0.000950413	0.564935	0
	0.111	0.0018595	0.00233471	0.860627	0	0.000971074	0.00130165	0.572368	0
	0.112	0.00188017	0.00241736	0.856643	0	0.000702479	0.00105372	0.572368	0
	0.113	0.00163223	0.00237603	0.853147	0	0.00072314	0.00126033	0.58	0
	0.114	0.0017562	0.00241736	0.852632	0	0.000867769	0.000764463	0.587838	0
	0.115	0.00179752	0.00274793	0.849123	0	0.000991736	0.00088843	0.587838	0
	0.116	0.0013843	0.0017562	0.849123	0	0.000619835	0.00117769	0.6	0
	0.117	0.00165289	0.00254132	0.848057	0	0.000681818	0.00107438	0.593103	0
	0.118	0.00142562	0.00239669	0.854093	0	0.000764463	0.000929752	0.597222	0
	0.119	0.0014876	0.00206612	0.850534	0	0.000599174	0.000929752	0.597222	0
	0.12	0.00132231	0.00208678	0.853571	0	0.000681818	0.00146694	0.597222	0
	0.121	0.00115702	0.00216942	0.853047	0	0.00072314	0.000909091	0.601399	0
	0.122	0.00115702	0.00233471	0.862319	0	0.000578512	0.00103306	0.601399	0
	0.123	0.00113636	0.00227273	0.861818	0	0.000681818	0.000805785	0.601399	0
	0.124	0.00140496	0.00225207	0.861818	0	0.000743802	0.00117769	0.594406	0
	0.125	0.00113636	0.00208678	0.861314	0	0.000578512	0.000950413	0.594406	0
	0.126	0.00117769	0.0021281	0.861314	0	0.000454545	0.00105372	0.594406	0
	0.127	0.00103306	0.00219008	0.867647	0	0.000826446	0.00103306	0.58042	0
	0.128	0.00103306	0.00198347	0.87037	0	0.000619835	0.000785124	0.584507	0
	0.129	0.000867769	0.00214876	0.873606	0	0.000475207	0.00105372	0.584507	0
	0.13	0.00113636	0.0021281	0.873606	0	0.000619835	0.000826446	0.577465	0
	0.131	0.000867769	0.00219008	0.88015	0	0.000640496	0.00107438	0.58156	0
	0.132	0.00105372	0.00196281	0.88015	0	0.000640496	0.000971074	0.585714	0
	0.133	0.00113636	0.00216942	0.868914	0	0.000578512	0.000971074	0.578571	0
	0.134	0.00136364	0.00173554	0.864151	0	0.000702479	0.000950413	0.582734	0
	0.135	0.000950413	0.00219008	0.863636	0	0.000578512	0.000991736	0.582734	0
	0.136	0.00134298	0.00190083	0.873563	0	0.000785124	0.000785124	0.586957	0
	0.137	0.000805785	0.00188017	0.873077	0	0.000516529	0.000743802	0.591241	0
	0.138	0.00134298	0.00181818	0.865385	0	0.000805785	0.000805785	0.591241	0
	0.139	0.000764463	0.00188017	0.857692	0	0.00053719	0.000991736	0.591241	0
	0.14	0.00103306	0.00188017	0.857692	0	0.000619835	0.000867769	0.591241	0
	0.141	0.00123967	0.00171488	0.867704	0	0.000764463	0.000971074	0.591241	0
	0.142	0.00140496	0.0021281	0.867188	0	0.000661157	0.000619835	0.595588	0
	0.143	0.0010124	0.00165289	0.874016	0	0.000826446	0.000743802	0.6	0
	0.144	0.00115702	0.00165289	0.874016	0	0.000681818	0.000909091	0.6	0
	0.145	0.00132231	0.00167355	0.862205	0	0.000867769	0.000826446	0.604478	0
	0.146	0.00105372	0.00142562	0.86166	0	0.000826446	0.000785124	0.609023	0
	0.147	0.00121901	0.00216942	0.857708	0	0.00088843	0.000909091	0.609023	0
	0.148	0.00119835	0.00204545	0.857708	0	0.000867769	0.000847107	0.609023	0
	0.149	0.00136364	0.00171488	0.853755	0	0.000847107	0.000805785	0.609023	0
	0.15	0.00159091	0.00169421	0.853755	0	0.000929752	0.000640496	0.609023	0
	0.151	0.00134298	0.0014876	0.853175	0	0.000599174	0.000454545	0.609023	0
	0.152	0.00146694	0.00167355	0.853175	0	0.000661157	0.000599174	0.609023	0
	0.153	0.00130165	0.00167355	0.853175	0	0.000661157	0.00053719	0.613636	0
	0.154	0.00163223	0.0017562	0.849206	0	0.000681818	0.00053719	0.618321	0
	0.155	0.0011157	0.00167355	0.85259	0	0.00053719	0.000805785	0.618321	0
	0.156	0.0014876	0.00144628	0.856	0	0.000702479	0.000702479	0.610687	0
	0.157	0.0010124	0.00204545	0.856	0	0.000619835	0.000640496	0.620155	0
	0.158	0.00161157	0.00171488	0.856	0	0.000681818	0.000619835	0.625	0
	0.159	0.00161157	0.00169421	0.856	0	0.000661157	0.000826446	0.617188	0
	0.16	0.00161157	0.0014876	0.852	0	0.000619835	0.000702479	0.617188	0
	0.161	0.00121901	0.00140496	0.851406	0	0.000557851	0.000909091	0.622047	0
	0.162	0.00163223	0.00140496	0.851406	0	0.000640496	0.000516529	0.626984	0
	0.163	0.00130165	0.00150826	0.851406	0	0.000413223	0.000516529	0.632	0
	0.164	0.00140496	0.00161157	0.854839	0	0.000516529	0.000475207	0.632	0
	0.165	0.00134298	0.00188017	0.854251	0	0.000516529	0.000785124	0.632	0
	0.166	0.0010124	0.00136364	0.854251	0	0.000475207	0.000619835	0.632	0
	0.167	0.00152893	0.0010124	0.854251	0	0.000433884	0.000681818	0.632	0
	0.168	0.00134298	0.00179752	0.857724	0	0.000495868	0.000640496	0.632	0
	0.169	0.0011157	0.0017562	0.853659	0	0.000309917	0.00072314	0.632	0
	0.17	0.00144628	0.00159091	0.853061	0	0.000557851	0.000413223	0.632	0
	0.171	0.00130165	0.00134298	0.853061	0	0.000475207	0.00053719	0.632	0
	0.172	0.0011157	0.00177686	0.853061	0	0.000392562	0.000495868	0.624	0
	0.173	0.00136364	0.00142562	0.853061	0	0.00035124	0.000578512	0.629032	0
	0.174	0.00115702	0.00128099	0.853061	0	0.000330579	0.000599174	0.629032	0
	0.175	0.00146694	0.00152893	0.853061	0	0.000330579	0.000640496	0.639344	0
	0.176	0.00146694	0.0014876	0.84898	0	0.000330579	0.000661157	0.639344	0
	0.177	0.00132231	0.0013843	0.855372	0	0.000371901	0.000599174	0.644628	0
	0.178	0.00119835	0.00134298	0.854772	0	0.000227273	0.00053719	0.644628	0
	0.179	0.00113636	0.00126033	0.858333	0	0.000309917	0.00053719	0.644628	0
	0.18	0.00107438	0.0014876	0.861925	0	0.000289256	0.000516529	0.655462	0
	0.181	0.000950413	0.00144628	0.865546	0	0.00035124	0.000578512	0.666667	0
	0.182	0.00130165	0.0013843	0.865546	0	0.000330579	0.000516529	0.666667	0
	0.183	0.00134298	0.00161157	0.865546	0	0.000309917	0.000392562	0.666667	0
	0.184	0.000971074	0.00115702	0.864979	0	0.000392562	0.000516529	0.666667	0
	0.185	0.000991736	0.00152893	0.860759	0	0.000392562	0.000413223	0.666667	0
	0.186	0.000991736	0.00136364	0.86383	0	0.000268595	0.000495868	0.65812	0
	0.187	0.000826446	0.00144628	0.867521	0	0.000433884	0.000433884	0.65812	0
	0.188	0.000805785	0.00136364	0.866953	0	0.000392562	0.000557851	0.632479	0
	0.189	0.00109504	0.00115702	0.862661	0	0.000371901	0.000454545	0.634783	0
	0.19	0.0011157	0.00121901	0.866379	0	0.000227273	0.000413223	0.634783	0
	0.191	0.00103306	0.00146694	0.866379	0	0.000557851	0.000454545	0.634783	0
	0.192	0.000702479	0.00130165	0.862069	0	0.000392562	0.000392562	0.634783	0
	0.193	0.00088843	0.00119835	0.865801	0	0.000557851	0.000557851	0.640351	0
	0.194	0.000950413	0.00115702	0.865217	0	0.000454545	0.000578512	0.640351	0
	0.195	0.000909091	0.00109504	0.86087	0	0.000392562	0.000475207	0.631579	0
	0.196	0.000640496	0.00128099	0.856522	0	0.000413223	0.000392562	0.637168	0
	0.197	0.000867769	0.0010124	0.856522	0	0.000619835	0.000454545	0.637168	0
	0.198	0.000826446	0.00126033	0.847826	0	0.000413223	0.000516529	0.628319	0
	0.199	0.000743802	0.00128099	0.851528	0	0.000475207	0.000330579	0.628319	0
	0.2	0.00072314	0.00113636	0.851528	0	0.000619835	0.000330579	0.628319	0
	0.201	0.000764463	0.00115702	0.855263	0	0.000599174	0.000392562	0.628319	0
	0.202	0.000971074	0.0010124	0.862832	0	0.000785124	0.000371901	0.633929	0
	0.203	0.000702479	0.00117769	0.870536	0	0.000433884	0.000330579	0.625	0
	0.204	0.000867769	0.00105372	0.869955	0	0.000619835	0.000309917	0.630631	0
	0.205	0.000661157	0.00107438	0.869955	0	0.000743802	0.000392562	0.630631	0
	0.206	0.000826446	0.000991736	0.869369	0	0.000681818	0.000516529	0.630631	0
	0.207	0.000929752	0.00136364	0.869369	0	0.000640496	0.000578512	0.621622	0
	0.208	0.000764463	0.00103306	0.873303	0	0.000578512	0.000516529	0.621622	0
	0.209	0.000785124	0.00107438	0.877273	0	0.000599174	0.000454545	0.621622	0
	0.21	0.00072314	0.00132231	0.885321	0	0.000971074	0.000330579	0.621622	0
	0.211	0.00072314	0.00105372	0.885321	0	0.000743802	0.000371901	0.612613	0
	0.212	0.000785124	0.00130165	0.889401	0	0.000495868	0.000475207	0.612613	0
	0.213	0.000785124	0.00105372	0.884793	0	0.00072314	0.00053719	0.612613	0
	0.214	0.000785124	0.00107438	0.888372	0	0.000805785	0.000371901	0.618182	0
	0.215	0.000805785	0.000805785	0.883721	0	0.000557851	0.000495868	0.618182	0
	0.216	0.000681818	0.000991736	0.88785	0	0.000681818	0.000289256	0.618182	0
	0.217	0.000785124	0.00088843	0.892019	0	0.00072314	0.000330579	0.618182	0
	0.218	0.000847107	0.000950413	0.887324	0	0.00053719	0.000433884	0.609091	0
	0.219	0.000971074	0.00130165	0.887324	0	0.000640496	0.000392562	0.609091	0
	0.22	0.000805785	0.000681818	0.887324	0	0.000578512	0.000268595	0.6	0
	0.221	0.000702479	0.0010124	0.887324	0	0.00072314	0.000371901	0.605505	0
	0.222	0.000867769	0.00103306	0.887324	0	0.000805785	0.000392562	0.611111	0
	0.223	0.00088843	0.0010124	0.887324	0	0.000640496	0.000371901	0.611111	0
	0.224	0.000867769	0.00115702	0.887324	0	0.000578512	0.000206612	0.611111	0
	0.225	0.000805785	0.000929752	0.887324	0	0.000599174	0.00035124	0.611111	0
	0.226	0.000805785	0.00109504	0.895735	0	0.000785124	0.00035124	0.611111	0
	0.227	0.0010124	0.000826446	0.890995	0	0.000599174	0.000392562	0.611111	0
	0.228	0.000991736	0.00109504	0.886256	0	0.000495868	0.000247934	0.611111	0
	0.229	0.000867769	0.00119835	0.880952	0	0.000681818	0.000330579	0.601852	0
	0.23	0.000640496	0.00119835	0.87619	0	0.000661157	0.000247934	0.601852	0
	0.231	0.00072314	0.00109504	0.87619	0	0.000599174	0.000433884	0.601852	0
	0.232	0.000681818	0.00088843	0.866667	0	0.000661157	0.000330579	0.607477	0
	0.233	0.000764463	0.000950413	0.866667	0	0.000640496	0.000371901	0.607477	0
	0.234	0.000826446	0.000764463	0.866667	0	0.000661157	0.000268595	0.613208	0
	0.235	0.000743802	0.000847107	0.866667	0	0.000599174	0.000268595	0.613208	0
	0.236	0.000847107	0.00119835	0.861905	0	0.000743802	0.00035124	0.6	0
	0.237	0.000640496	0.000929752	0.866029	0	0.000599174	0.000227273	0.6	0
	0.238	0.000702479	0.000909091	0.866029	0	0.000929752	0.00035124	0.605769	0
	0.239	0.000619835	0.000743802	0.866029	0	0.000578512	0.000268595	0.617647	0
	0.24	0.000619835	0.000847107	0.861244	0	0.000557851	0.000289256	0.617647	0
	0.241	0.000619835	0.000847107	0.861244	0	0.000619835	0.000330579	0.617647	0
	0.242	0.000702479	0.000971074	0.865385	0	0.000867769	0.000268595	0.607843	0
	0.243	0.000619835	0.000909091	0.865385	0	0.000599174	0.000206612	0.613861	0
	0.244	0.000599174	0.000929752	0.865385	0	0.000640496	0.00018595	0.613861	0
	0.245	0.000909091	0.000867769	0.860577	0	0.000764463	0.000268595	0.62	0
	0.246	0.000702479	0.000805785	0.864734	0	0.000599174	0.000289256	0.62	0
	0.247	0.000599174	0.000764463	0.864078	0	0.000516529	0.000289256	0.62	0
	0.248	0.000702479	0.00103306	0.872549	0	0.000764463	0.000309917	0.62	0
	0.249	0.000805785	0.00072314	0.872549	0	0.000785124	0.000247934	0.616162	0
	0.25	0.000640496	0.000909091	0.876847	0	0.000847107	0.000309917	0.616162	0
	0.251	0.000909091	0.000702479	0.876847	0	0.000743802	0.000330579	0.616162	0
	0.252	0.000743802	0.000991736	0.876847	0	0.000578512	0.000206612	0.606061	0
	0.253	0.00088843	0.00088843	0.876847	0	0.000661157	0.00035124	0.59596	0
	0.254	0.000557851	0.000826446	0.871921	0	0.000826446	0.000289256	0.59596	0
	0.255	0.000764463	0.00088843	0.866995	0	0.000743802	0.000247934	0.602041	0
	0.256	0.000681818	0.00105372	0.871287	0	0.000743802	0.000227273	0.602041	0
	0.257	0.000847107	0.000826446	0.875622	0	0.000640496	0.000227273	0.591837	0
	0.258	0.000805785	0.000971074	0.875622	0	0.00072314	0.000268595	0.591837	0
	0.259	0.000826446	0.00088843	0.88	0	0.000743802	0.000123967	0.591837	0
	0.26	0.000785124	0.00053719	0.884422	0	0.00088843	0.000309917	0.591837	0
	0.261	0.00072314	0.000909091	0.888889	0	0.000495868	0.000227273	0.591837	0
	0.262	0.000743802	0.000681818	0.888889	0	0.000743802	0.000247934	0.597938	0
	0.263	0.000681818	0.000599174	0.883838	0	0.000743802	0.000309917	0.604167	0
	0.264	0.00088843	0.00072314	0.883838	0	0.000929752	0.000433884	0.604167	0
	0.265	0.000805785	0.000681818	0.873737	0	0.000578512	0.000247934	0.604167	0
	0.266	0.000661157	0.000557851	0.873737	0	0.000599174	0.000227273	0.604167	0
	0.267	0.000578512	0.00072314	0.878173	0	0.000785124	0.000247934	0.610526	0
	0.268	0.000702479	0.000681818	0.873096	0	0.000640496	0.00018595	0.617021	0
	0.269	0.000599174	0.000516529	0.882051	0	0.000991736	0.000247934	0.612903	0
	0.27	0.000785124	0.000599174	0.882051	0	0.000867769	0.000206612	0.619565	0
	0.271	0.000702479	0.00053719	0.882051	0	0.000743802	0.000227273	0.619565	0
	0.272	0.000599174	0.000516529	0.882051	0	0.000475207	0.000227273	0.619565	0
	0.273	0.000909091	0.000764463	0.876923	0	0.000516529	0.000165289	0.619565	0
	0.274	0.000847107	0.000578512	0.880829	0	0.000619835	0.000206612	0.619565	0
	0.275	0.000578512	0.000599174	0.875648	0	0.000681818	0.000247934	0.619565	0
	0.276	0.000991736	0.000557851	0.875648	0	0.000557851	0.000144628	0.615385	0
	0.277	0.000743802	0.000764463	0.875648	0	0.000702479	0.000247934	0.615385	0
	0.278	0.000578512	0.000681818	0.880208	0	0.000495868	0.000289256	0.629213	0
	0.279	0.000557851	0.000557851	0.880208	0	0.000578512	0.000309917	0.636364	0
	0.28	0.000826446	0.000640496	0.875	0	0.000475207	0.000371901	0.643678	0
	0.281	0.000619835	0.000599174	0.879581	0	0.000413223	0.00018595	0.651163	0
	0.282	0.000454545	0.000599174	0.879581	0	0.000681818	0.000309917	0.651163	0
	0.283	0.00053719	0.00053719	0.879581	0	0.000640496	0.000165289	0.651163	0
	0.284	0.000785124	0.000702479	0.879581	0	0.000392562	0.000268595	0.651163	0
	0.285	0.00053719	0.000578512	0.879581	0	0.000475207	0.000206612	0.651163	0
	0.286	0.000557851	0.000495868	0.884211	0	0.000516529	0.00018595	0.651163	0
	0.287	0.000578512	0.000661157	0.884211	0	0.000495868	0.000165289	0.651163	0
	0.288	0.000413223	0.000599174	0.884211	0	0.000475207	0.000206612	0.658824	0
	0.289	0.000475207	0.000764463	0.888889	0	0.000433884	0.000144628	0.658824	0
	0.29	0.000495868	0.000640496	0.893617	0	0.000495868	6.19835e-05	0.658824	0
	0.291	0.000661157	0.000785124	0.898396	0	0.00053719	0.000227273	0.682927	0
	0.292	0.000681818	0.000702479	0.898396	0	0.000454545	0.000289256	0.691358	0
	0.293	0.000599174	0.000557851	0.898396	0	0.000392562	0.000227273	0.679012	0
	0.294	0.000743802	0.00072314	0.903226	0	0.000454545	0.000103306	0.679012	0
	0.295	0.000309917	0.000619835	0.897849	0	0.000495868	0.000123967	0.6875	0
	0.296	0.000640496	0.000516529	0.892473	0	0.000268595	0.000206612	0.696203	0
	0.297	0.000661157	0.000578512	0.897297	0	0.000413223	0.000206612	0.696203	0
	0.298	0.000619835	0.000599174	0.897297	0	0.000557851	0.000165289	0.696203	0
	0.299	0.000557851	0.000640496	0.897297	0	0.000371901	0.000206612	0.705128	0
	0.3	0.000475207	0.000557851	0.897297	0	0.000392562	0.000371901	0.705128	0
	0.301	0.000619835	0.000578512	0.897297	0	0.000268595	0.00018595	0.705128	0
	0.302	0.00035124	0.000495868	0.897297	0	0.000330579	0.000227273	0.705128	0
	0.303	0.000516529	0.000392562	0.902174	0	0.000289256	0.000206612	0.679487	0
	0.304	0.000433884	0.000578512	0.896739	0	0.000392562	0.00018595	0.688312	0
	0.305	0.000619835	0.000454545	0.901639	0	0.000495868	0.00018595	0.688312	0
	0.306	0.00035124	0.000392562	0.901099	0	0.000309917	0.000165289	0.688312	0
	0.307	0.000516529	0.000681818	0.901099	0	0.000247934	0.000123967	0.688312	0
	0.308	0.000826446	0.000640496	0.901099	0	0.000330579	6.19835e-05	0.688312	0
	0.309	0.000495868	0.000557851	0.895604	0	0.000227273	0.000206612	0.688312	0
	0.31	0.000619835	0.000640496	0.895604	0	0.000289256	0.000144628	0.697368	0
	0.311	0.000413223	0.000495868	0.895604	0	0.000268595	6.19835e-05	0.697368	0
	0.312	0.000516529	0.000413223	0.895604	0	0.000289256	0.000206612	0.706667	0
	0.313	0.000475207	0.000392562	0.895604	0	0.000516529	0.000103306	0.716216	0
	0.314	0.00053719	0.000475207	0.89011	0	0.000247934	0.000144628	0.726027	0
	0.315	0.000495868	0.000475207	0.889503	0	0.000268595	0.000165289	0.712329	0
	0.316	0.00053719	0.000578512	0.889503	0	0.00018595	8.26446e-05	0.712329	0
	0.317	0.000475207	0.000640496	0.889503	0	0.00035124	0.000144628	0.69863	0
	0.318	0.000433884	0.00053719	0.894444	0	0.000475207	0.000144628	0.704225	0
	0.319	0.000371901	0.00053719	0.894444	0	0.00018595	0.000247934	0.7	0
	0.32	0.000392562	0.000454545	0.888889	0	0.000247934	0.000144628	0.7	0
	0.321	0.000392562	0.00053719	0.893855	0	0.00035124	0.000227273	0.7	0
	0.322	0.000516529	0.000454545	0.893855	0	0.000330579	0.000206612	0.7	0
	0.323	0.000371901	0.000413223	0.888268	0	0.000206612	0.000165289	0.685714	0
	0.324	0.000392562	0.000516529	0.892655	0	0.000289256	0.000144628	0.685714	0
	0.325	0.000330579	0.000516529	0.892655	0	0.000309917	0.000144628	0.685714	0
	0.326	0.000392562	0.000475207	0.892655	0	0.00035124	0.000144628	0.657143	0
	0.327	0.000557851	0.000619835	0.892655	0	0.000309917	0.000123967	0.642857	0
	0.328	0.00035124	0.000578512	0.892655	0	0.000123967	0.000206612	0.628571	0
	0.329	0.000495868	0.000392562	0.892655	0	0.000330579	0.00018595	0.628571	0
	0.33	0.00035124	0.000475207	0.887006	0	0.000247934	0.000165289	0.637681	0
	0.331	0.000433884	0.000454545	0.892045	0	0.000247934	0.000165289	0.656716	0
	0.332	0.000433884	0.00035124	0.897143	0	0.000268595	0.000144628	0.641791	0
	0.333	0.00035124	0.000433884	0.897143	0	0.000309917	0.000206612	0.641791	0
	0.334	0.000475207	0.000599174	0.897143	0	0.000454545	0.000206612	0.641791	0
	0.335	0.000454545	0.00035124	0.897143	0	0.000392562	0.00018595	0.626866	0
	0.336	0.000454545	0.000413223	0.891429	0	0.000371901	0.000206612	0.626866	0
	0.337	0.000516529	0.000268595	0.885714	0	0.000495868	8.26446e-05	0.626866	0
	0.338	0.000557851	0.000475207	0.885057	0	0.000495868	0.000227273	0.626866	0
	0.339	0.000475207	0.000454545	0.885057	0	0.000475207	0.000227273	0.626866	0
	0.34	0.000392562	0.000309917	0.87931	0	0.000516529	0.000103306	0.626866	0
	0.341	0.000475207	0.000330579	0.87931	0	0.000702479	0.000144628	0.626866	0
	0.342	0.000495868	0.000268595	0.878613	0	0.000516529	0.000123967	0.626866	0
	0.343	0.000578512	0.000413223	0.878613	0	0.000433884	6.19835e-05	0.626866	0
	0.344	0.000495868	0.000227273	0.878613	0	0.000640496	0.000123967	0.626866	0
	0.345	0.000640496	0.000247934	0.878613	0	0.000578512	0.000309917	0.626866	0
	0.346	0.000661157	0.00053719	0.878613	0	0.00072314	0.000330579	0.626866	0
	0.347	0.000640496	0.000392562	0.878613	0	0.000599174	0.000247934	0.621212	0
	0.348	0.000454545	0.000371901	0.878613	0	0.000557851	0.000165289	0.621212	0
	0.349	0.000557851	0.000309917	0.878613	0	0.000640496	0.000144628	0.621212	0
	0.35	0.000454545	0.000475207	0.878613	0	0.000640496	0.000165289	0.621212	0
	0.351	0.000640496	0.00053719	0.877907	0	0.000785124	8.26446e-05	0.621212	0
	0.352	0.000619835	0.000371901	0.877907	0	0.000826446	0.000165289	0.615385	0
	0.353	0.00072314	0.000413223	0.872093	0	0.000847107	0.000165289	0.615385	0
	0.354	0.000557851	0.000475207	0.882353	0	0.000681818	6.19835e-05	0.615385	0
	0.355	0.000433884	0.000454545	0.882353	0	0.000929752	0.000123967	0.6	0
	0.356	0.000743802	0.000392562	0.882353	0	0.00072314	0.000144628	0.609375	0
	0.357	0.000681818	0.000495868	0.882353	0	0.000702479	8.26446e-05	0.619048	0
	0.358	0.000578512	0.000371901	0.876471	0	0.000764463	0.000165289	0.619048	0
	0.359	0.000599174	0.000206612	0.876471	0	0.000475207	6.19835e-05	0.619048	0
	0.36	0.000661157	0.000309917	0.870588	0	0.000599174	0.000103306	0.619048	0
	0.361	0.000557851	0.00035124	0.869822	0	0.000847107	8.26446e-05	0.619048	0
	0.362	0.000557851	0.000392562	0.869822	0	0.000743802	0.000103306	0.603175	0
	0.363	0.000495868	0.000289256	0.869822	0	0.000743802	0.000144628	0.603175	0
	0.364	0.000475207	0.000289256	0.869822	0	0.00053719	8.26446e-05	0.603175	0
	0.365	0.000495868	0.000289256	0.869822	0	0.000764463	0.000103306	0.603175	0
	0.366	0.000805785	0.000495868	0.869822	0	0.000619835	0.000103306	0.603175	0
	0.367	0.000702479	0.00035124	0.869822	0	0.000805785	8.26446e-05	0.603175	0
	0.368	0.000557851	0.000309917	0.869822	0	0.000826446	6.19835e-05	0.603175	0
	0.369	0.00053719	0.000330579	0.869822	0	0.000785124	8.26446e-05	0.603175	0
	0.37	0.000371901	0.000289256	0.875	0	0.000909091	0.000103306	0.603175	0
	0.371	0.000516529	0.000454545	0.88024	0	0.000743802	8.26446e-05	0.587302	0
	0.372	0.000557851	0.000475207	0.874251	0	0.000681818	0.000103306	0.587302	0
	0.373	0.000743802	0.000392562	0.874251	0	0.000805785	2.06612e-05	0.606557	0
	0.374	0.00053719	0.000309917	0.86747	0	0.000640496	0.000123967	0.590164	0
	0.375	0.000764463	0.000247934	0.86747	0	0.000640496	0.000144628	0.590164	0
	0.376	0.000516529	0.000392562	0.861446	0	0.000557851	0.000144628	0.590164	0
	0.377	0.000475207	0.000454545	0.855422	0	0.000433884	0.000123967	0.57377	0
	0.378	0.00053719	0.000392562	0.855422	0	0.000371901	6.19835e-05	0.57377	0
	0.379	0.000702479	0.000227273	0.855422	0	0.000681818	8.26446e-05	0.57377	0
	0.38	0.000495868	0.000330579	0.849398	0	0.000454545	0.000206612	0.57377	0
	0.381	0.000475207	0.000516529	0.843373	0	0.000640496	0.000103306	0.583333	0
	0.382	0.000475207	0.00035124	0.831325	0	0.000619835	0.000144628	0.59322	0
	0.383	0.000681818	0.000475207	0.831325	0	0.00035124	4.13223e-05	0.59322	0
	0.384	0.000475207	0.000289256	0.825301	0	0.00053719	0.000123967	0.59322	0
	0.385	0.000433884	0.000330579	0.825301	0	0.000557851	0.000103306	0.59322	0
	0.386	0.000578512	0.000371901	0.825301	0	0.000309917	0.000123967	0.586207	0
	0.387	0.000495868	0.000309917	0.830303	0	0.000454545	6.19835e-05	0.596491	0
	0.388	0.000599174	0.000371901	0.830303	0	0.000454545	6.19835e-05	0.596491	0
	0.389	0.000661157	0.000309917	0.830303	0	0.000371901	0.000144628	0.578947	0
	0.39	0.000619835	0.000268595	0.824242	0	0.000392562	0	0.578947	0
	0.391	0.000557851	0.00035124	0.824242	0	0.000227273	0.000123967	0.578947	0
	0.392	0.000640496	0.000309917	0.818182	0	0.000309917	8.26446e-05	0.578947	0
	0.393	0.000640496	0.000392562	0.818182	0	0.000371901	0.000144628	0.589286	0
	0.394	0.000743802	0.00035124	0.823171	0	0.000371901	4.13223e-05	0.589286	0
	0.395	0.000599174	0.000454545	0.833333	0	0.000309917	6.19835e-05	0.589286	0
	0.396	0.000681818	0.000268595	0.84375	0	0.000454545	8.26446e-05	0.589286	0
	0.397	0.000785124	0.00018595	0.85443	0	0.000454545	0.000144628	0.611111	0
	0.398	0.000557851	0.000268595	0.85443	0	0.000309917	8.26446e-05	0.611111	0
	0.399	0.000433884	0.000433884	0.85443	0	0.000247934	0.000165289	0.611111	0
	0.4	0.000578512	0.000247934	0.85443	0	0.000433884	0.000165289	0.611111	0
	0.401	0.000454545	0.000433884	0.848101	0	0.000454545	4.13223e-05	0.634615	0
	0.402	0.000599174	0.000413223	0.848101	0	0.000330579	0.000103306	0.634615	0
	0.403	0.000578512	0.000268595	0.853503	0	0.000516529	0.000103306	0.615385	0
	0.404	0.000702479	0.000247934	0.847134	0	0.000392562	4.13223e-05	0.615385	0
	0.405	0.000681818	0.000309917	0.840764	0	0.000392562	8.26446e-05	0.615385	0
	0.406	0.000640496	0.000227273	0.840764	0	0.000330579	0.000144628	0.627451	0
	0.407	0.000785124	0.00035124	0.846154	0	0.000392562	6.19835e-05	0.627451	0
	0.408	0.000826446	0.000413223	0.846154	0	0.00035124	8.26446e-05	0.64	0
	0.409	0.000702479	0.000392562	0.839744	0	0.000330579	0.000103306	0.666667	0
	0.41	0.000743802	0.000413223	0.839744	0	0.000392562	2.06612e-05	0.645833	0
	0.411	0.000619835	0.000330579	0.839744	0	0.000289256	0.000144628	0.645833	0
	0.412	0.000826446	0.000227273	0.839744	0	0.000371901	8.26446e-05	0.645833	0
	0.413	0.000826446	0.00035124	0.839744	0	0.00035124	8.26446e-05	0.645833	0
	0.414	0.000681818	0.000247934	0.845161	0	0.000309917	6.19835e-05	0.659574	0
	0.415	0.000661157	0.000309917	0.845161	0	0.000413223	4.13223e-05	0.673913	0
	0.416	0.000764463	0.000268595	0.845161	0	0.000309917	0.000103306	0.673913	0
	0.417	0.000950413	0.000289256	0.845161	0	0.000413223	0.00018595	0.673913	0
	0.418	0.000702479	0.000247934	0.845161	0	0.000227273	0.000103306	0.673913	0
	0.419	0.000681818	0.000330579	0.850649	0	0.000371901	0.000103306	0.673913	0
	0.42	0.000764463	0.000247934	0.850649	0	0.00035124	2.06612e-05	0.652174	0
	0.421	0.000681818	0.000247934	0.850649	0	0.000454545	0.000144628	0.681818	0
	0.422	0.000619835	0.00018595	0.831169	0	0.000433884	8.26446e-05	0.681818	0
	0.423	0.000681818	0.000247934	0.831169	0	0.000371901	2.06612e-05	0.681818	0
	0.424	0.00053719	0.000268595	0.824675	0	0.000475207	0.000144628	0.674419	0
	0.425	0.000826446	0.000206612	0.818182	0	0.000516529	0.000123967	0.627907	0
	0.426	0.000764463	0.000268595	0.818182	0	0.000371901	0.00018595	0.581395	0
	0.427	0.00072314	0.000268595	0.811688	0	0.000475207	0.000103306	0.581395	0
	0.428	0.000599174	0.000371901	0.811688	0	0.000392562	8.26446e-05	0.55814	0
	0.429	0.000847107	0.000289256	0.810458	0	0.000268595	0.000103306	0.55814	0
	0.43	0.000826446	0.000227273	0.810458	0	0.000475207	6.19835e-05	0.55814	0
	0.431	0.000640496	0.000289256	0.803922	0	0.000516529	6.19835e-05	0.55814	0
	0.432	0.000454545	0.00035124	0.809211	0	0.000289256	8.26446e-05	0.55814	0
	0.433	0.000702479	0.000144628	0.807947	0	0.000413223	8.26446e-05	0.571429	0
	0.434	0.000826446	0.000206612	0.807947	0	0.000206612	0.000103306	0.571429	0
	0.435	0.000991736	0.000309917	0.807947	0	0.000516529	6.19835e-05	0.571429	0
	0.436	0.000640496	0.00018595	0.794702	0	0.00035124	0.000165289	0.547619	0
	0.437	0.000661157	0.000247934	0.794702	0	0.000495868	4.13223e-05	0.547619	0
	0.438	0.000971074	0.000247934	0.794702	0	0.000289256	0.000144628	0.560976	0
	0.439	0.000764463	0.000247934	0.794702	0	0.000475207	8.26446e-05	0.560976	0
	0.44	0.000578512	0.00035124	0.788079	0	0.000371901	0.00018595	0.575	0
	0.441	0.000619835	0.000247934	0.788079	0	0.000309917	0.000123967	0.575	0
	0.442	0.000619835	0.000268595	0.788079	0	0.000392562	4.13223e-05	0.575	0
	0.443	0.000578512	0.000268595	0.788079	0	0.000289256	6.19835e-05	0.589744	0
	0.444	0.000599174	0.00018595	0.793333	0	0.000454545	8.26446e-05	0.589744	0
	0.445	0.000599174	0.000289256	0.793333	0	0.000247934	8.26446e-05	0.605263	0
	0.446	0.000516529	0.000247934	0.798658	0	0.000309917	8.26446e-05	0.605263	0
	0.447	0.000764463	0.000206612	0.798658	0	0.00035124	8.26446e-05	0.605263	0
	0.448	0.000743802	0.000103306	0.791946	0	0.000454545	2.06612e-05	0.605263	0
	0.449	0.000743802	0.000227273	0.785235	0	0.000309917	0.000144628	0.605263	0
	0.45	0.000578512	0.000309917	0.790541	0	0.000413223	0.000103306	0.621622	0
	0.451	0.000805785	0.000247934	0.790541	0	0.000454545	2.06612e-05	0.621622	0
	0.452	0.000661157	0.000206612	0.795918	0	0.000392562	6.19835e-05	0.638889	0
	0.453	0.000578512	0.000206612	0.80137	0	0.000309917	0.000103306	0.638889	0
	0.454	0.00088843	0.000268595	0.806897	0	0.00053719	4.13223e-05	0.638889	0
	0.455	0.000805785	0.00035124	0.8125	0	0.000330579	6.19835e-05	0.611111	0
	0.456	0.00107438	0.00018595	0.8125	0	0.000619835	4.13223e-05	0.611111	0
	0.457	0.000743802	0.000268595	0.8125	0	0.000640496	2.06612e-05	0.611111	0
	0.458	0.000805785	0.000247934	0.798611	0	0.000454545	2.06612e-05	0.611111	0
	0.459	0.00072314	0.00018595	0.791667	0	0.000619835	8.26446e-05	0.617647	0
	0.46	0.000702479	0.000123967	0.784722	0	0.000516529	4.13223e-05	0.617647	0
	0.461	0.000826446	0.000247934	0.784722	0	0.000557851	0.000103306	0.617647	0
	0.462	0.000867769	0.000227273	0.777778	0	0.000661157	4.13223e-05	0.617647	0
	0.463	0.000929752	0.000268595	0.783217	0	0.00053719	8.26446e-05	0.617647	0
	0.464	0.000971074	0.00018595	0.788732	0	0.000599174	6.19835e-05	0.617647	0
	0.465	0.00072314	0.000268595	0.788732	0	0.000330579	8.26446e-05	0.588235	0
	0.466	0.000743802	0.000247934	0.794326	0	0.000475207	2.06612e-05	0.588235	0
	0.467	0.00088843	0.00018595	0.8	0	0.000392562	4.13223e-05	0.588235	0
	0.468	0.000764463	0.000330579	0.797101	0	0.000495868	4.13223e-05	0.558824	0
	0.469	0.000764463	0.000206612	0.80292	0	0.000557851	6.19835e-05	0.529412	0
	0.47	0.000847107	0.000475207	0.80292	0	0.000433884	0	0.529412	0
	0.471	0.000702479	0.000289256	0.808824	0	0.000475207	6.19835e-05	0.5	0
	0.472	0.000785124	0.000206612	0.801471	0	0.000392562	2.06612e-05	0.5	0
	0.473	0.000475207	0.000247934	0.807407	0	0.000371901	8.26446e-05	0.5	0
	0.474	0.00072314	0.000206612	0.8	0	0.000392562	6.19835e-05	0.484848	0
	0.475	0.000867769	0.000268595	0.792593	0	0.000247934	8.26446e-05	0.484848	0
	0.476	0.000764463	0.000247934	0.785185	0	0.000413223	2.06612e-05	0.454545	0
	0.477	0.000950413	0.000227273	0.777778	0	0.000371901	4.13223e-05	0.454545	0
	0.478	0.000578512	0.000268595	0.777778	0	0.000392562	6.19835e-05	0.46875	0
	0.479	0.000764463	0.000289256	0.777778	0	0.000371901	0	0.46875	0
	0.48	0.000599174	0.000268595	0.781955	0	0.000309917	4.13223e-05	0.46875	0
	0.481	0.000702479	0.000268595	0.781955	0	0.000330579	8.26446e-05	0.46875	0
	0.482	0.000702479	0.000165289	0.781955	0	0.000454545	8.26446e-05	0.46875	0
	0.483	0.000785124	0.000165289	0.774436	0	0.00035124	8.26446e-05	0.46875	0
	0.484	0.000847107	0.000206612	0.766917	0	0.000268595	0	0.46875	0
	0.485	0.000619835	0.00018595	0.766917	0	0.00053719	8.26446e-05	0.46875	0
	0.486	0.000661157	0.000165289	0.766917	0	0.000330579	4.13223e-05	0.4375	0
	0.487	0.000847107	0.000268595	0.766917	0	0.000206612	2.06612e-05	0.40625	0
	0.488	0.000661157	0.000247934	0.766917	0	0.000289256	6.19835e-05	0.40625	0
	0.489	0.00072314	0.000227273	0.766917	0	0.000309917	2.06612e-05	0.40625	0
	0.49	0.000599174	0.000206612	0.772727	0	0.000413223	2.06612e-05	0.40625	0
	0.491	0.000867769	0.000123967	0.772727	0	0.00035124	6.19835e-05	0.40625	0
	0.492	0.00072314	0.000144628	0.778626	0	0.000475207	0.000165289	0.419355	0
	0.493	0.000578512	0.000289256	0.784615	0	0.000495868	2.06612e-05	0.387097	0
	0.494	0.000413223	0.00018595	0.784615	0	0.00035124	6.19835e-05	0.387097	0
	0.495	0.000826446	0.000268595	0.784615	0	0.000433884	0	0.387097	0
	0.496	0.00053719	8.26446e-05	0.795276	0	0.000433884	0	0.4	0
	0.497	0.000805785	0.000206612	0.795276	0	0.000413223	6.19835e-05	0.4	0
	0.498	0.000702479	0.00018595	0.787402	0	0.00035124	6.19835e-05	0.4	0
	0.499	0.000847107	0.000289256	0.793651	0	0.000516529	0.000144628	0.4	0
	0.5	0.000681818	0.000206612	0.792	0	0.000413223	8.26446e-05	0.413793	0
	0.501	0.000619835	0.000227273	0.798387	0	0.000433884	6.19835e-05	0.428571	0
	0.502	0.000785124	0.000227273	0.798387	0	0.00035124	8.26446e-05	0.428571	0
	0.503	0.000640496	8.26446e-05	0.798387	0	0.000309917	6.19835e-05	0.461538	0
	0.504	0.000681818	0.000103306	0.790323	0	0.000475207	0	0.461538	0
	0.505	0.000743802	0.00018595	0.790323	0	0.000454545	8.26446e-05	0.461538	0
	0.506	0.000743802	0.000330579	0.796748	0	0.000289256	2.06612e-05	0.461538	0
	0.507	0.000785124	0.000103306	0.796748	0	0.000392562	6.19835e-05	0.48	0
	0.508	0.000805785	0.000206612	0.788618	0	0.000392562	6.19835e-05	0.48	0
	0.509	0.000991736	0.000227273	0.788618	0	0.00053719	6.19835e-05	0.48	0
	0.51	0.000681818	0.000123967	0.788618	0	0.000413223	0.000123967	0.48	0
	0.511	0.000743802	0.000268595	0.788618	0	0.000413223	2.06612e-05	0.48	0
	0.512	0.000599174	0.00018595	0.788618	0	0.000392562	0.000103306	0.48	0
	0.513	0.000681818	0.000165289	0.788618	0	0.000495868	4.13223e-05	0.48	0
	0.514	0.000661157	0.000227273	0.788618	0	0.000330579	4.13223e-05	0.5	0
	0.515	0.000702479	0.000144628	0.788618	0	0.000371901	4.13223e-05	0.5	0
	0.516	0.000557851	0.00018595	0.788618	0	0.000371901	4.13223e-05	0.5	0
	0.517	0.000681818	0.000247934	0.786885	0	0.000392562	4.13223e-05	0.5	0
	0.518	0.000557851	0.000268595	0.778689	0	0.000413223	4.13223e-05	0.5	0
	0.519	0.000516529	0.000165289	0.778689	0	0.000475207	0	0.5	0
	0.52	0.000702479	0.000165289	0.77686	0	0.000475207	2.06612e-05	0.458333	0
	0.521	0.00072314	0.000289256	0.77686	0	0.000433884	0.000103306	0.458333	0
	0.522	0.000785124	0.00018595	0.783333	0	0.00035124	6.19835e-05	0.478261	0
	0.523	0.000599174	0.000227273	0.783333	0	0.000392562	2.06612e-05	0.478261	0
	0.524	0.000681818	0.000103306	0.783333	0	0.000392562	4.13223e-05	0.478261	0
	0.525	0.000743802	0.000206612	0.783333	0	0.00035124	6.19835e-05	0.478261	0
	0.526	0.000578512	0.000268595	0.775	0	0.000392562	2.06612e-05	0.478261	0
	0.527	0.000619835	0.000227273	0.764706	0	0.000371901	0	0.478261	0
	0.528	0.00088843	0.000289256	0.764706	0	0.000309917	4.13223e-05	0.478261	0
	0.529	0.000785124	8.26446e-05	0.764706	0	0.000247934	2.06612e-05	0.478261	0
	0.53	0.000578512	0.000165289	0.762712	0	0.000371901	4.13223e-05	0.478261	0
	0.531	0.000681818	0.000227273	0.762712	0	0.00018595	6.19835e-05	0.5	0
	0.532	0.000867769	0.00018595	0.762712	0	0.000227273	4.13223e-05	0.5	0
	0.533	0.000619835	0.000206612	0.769231	0	0.000227273	6.19835e-05	0.5	0
	0.534	0.000599174	0.000247934	0.769231	0	0.000289256	4.13223e-05	0.454545	0
	0.535	0.000557851	0.00018595	0.769231	0	0.000227273	2.06612e-05	0.47619	0
	0.536	0.00053719	0.000123967	0.775862	0	0.000247934	4.13223e-05	0.47619	0
	0.537	0.000557851	0.000165289	0.775862	0	0.000268595	8.26446e-05	0.47619	0
	0.538	0.000619835	0.000144628	0.775862	0	0.000247934	6.19835e-05	0.47619	0
	0.539	0.000619835	0.000206612	0.782609	0	0.000330579	2.06612e-05	0.45	0
	0.54	0.000475207	0.000206612	0.789474	0	0.000433884	2.06612e-05	0.45	0
	0.541	0.000578512	0.000227273	0.789474	0	0.000268595	4.13223e-05	0.4	0
	0.542	0.000661157	0.000330579	0.789474	0	0.000165289	6.19835e-05	0.4	0
	0.543	0.000661157	0.000165289	0.789474	0	0.000247934	0	0.4	0
	0.544	0.000454545	8.26446e-05	0.79646	0	0.000330579	0	0.35	0
	0.545	0.000640496	6.19835e-05	0.803571	0	6.19835e-05	4.13223e-05	0.35	0
	0.546	0.000371901	0.000309917	0.803571	0	0.000309917	0.000103306	0.35	0
	0.547	0.000578512	0.000206612	0.794643	0	0.000144628	4.13223e-05	0.35	0
	0.548	0.000413223	0.000165289	0.794643	0	0.000247934	6.19835e-05	0.35	0
	0.549	0.000454545	0.000206612	0.792793	0	0.000227273	6.19835e-05	0.35	0
	0.55	0.000599174	0.000206612	0.792793	0	0.000371901	2.06612e-05	0.368421	0
	0.551	0.00053719	0.000268595	0.772727	0	0.000227273	4.13223e-05	0.388889	0
	0.552	0.000743802	6.19835e-05	0.770642	0	0.000206612	2.06612e-05	0.388889	0
	0.553	0.000578512	0.00018595	0.770642	0	0.000247934	0	0.333333	0
	0.554	0.000516529	0.000206612	0.770642	0	0.000289256	4.13223e-05	0.333333	0
	0.555	0.000661157	0.00018595	0.777778	0	0.000247934	0	0.333333	0
	0.556	0.000392562	0.000206612	0.785047	0	0.00035124	2.06612e-05	0.352941	0
	0.557	0.000578512	8.26446e-05	0.775701	0	0.000268595	2.06612e-05	0.375	0
	0.558	0.000599174	0.000123967	0.790476	0	0.000144628	4.13223e-05	0.4	0
	0.559	0.000599174	0.000206612	0.788462	0	0.000268595	2.06612e-05	0.4	0
	0.56	0.000309917	0.000206612	0.788462	0	0.000227273	2.06612e-05	0.4	0
	0.561	0.000495868	0.000206612	0.788462	0	0.000206612	2.06612e-05	0.333333	0
	0.562	0.000392562	0.000103306	0.778846	0	0.000268595	6.19835e-05	0.333333	0
	0.563	0.00053719	0.000165289	0.778846	0	0.000330579	4.13223e-05	0.333333	0
	0.564	0.000764463	0.000206612	0.769231	0	0.000165289	4.13223e-05	0.333333	0
	0.565	0.00053719	0.000247934	0.76699	0	0.00018595	2.06612e-05	0.333333	0
	0.566	0.000640496	0.000144628	0.77451	0	0.000206612	2.06612e-05	0.285714	0
	0.567	0.000475207	0.000144628	0.764706	0	0.000227273	2.06612e-05	0.285714	0
	0.568	0.000454545	0.000247934	0.764706	0	0.00035124	0	0.285714	0
	0.569	0.00053719	0.000206612	0.754902	0	0.000289256	4.13223e-05	0.285714	0
	0.57	0.000475207	0.000165289	0.754902	0	0.000309917	0	0.285714	0
	0.571	0.00053719	0.000227273	0.754902	0	0.000206612	2.06612e-05	0.285714	0
	0.572	0.000516529	0.000165289	0.762376	0	0.000123967	6.19835e-05	0.285714	0
	0.573	0.000681818	0.000123967	0.752475	0	0.00035124	0	0.307692	0
	0.574	0.000371901	0.000206612	0.752475	0	0.000289256	2.06612e-05	0.307692	0
	0.575	0.000640496	0.000123967	0.752475	0	0.00018595	4.13223e-05	0.333333	0
	0.576	0.000661157	0.000227273	0.752475	0	0.000309917	6.19835e-05	0.333333	0
	0.577	0.000516529	4.13223e-05	0.742574	0	0.000289256	4.13223e-05	0.333333	0
	0.578	0.000557851	0.000206612	0.742574	0	0.000309917	0	0.333333	0
	0.579	0.000557851	6.19835e-05	0.732673	0	0.000413223	0	0.333333	0
	0.58	0.000557851	0.000103306	0.732673	0	0.000289256	0	0.333333	0
	0.581	0.000764463	8.26446e-05	0.732673	0	0.000413223	2.06612e-05	0.333333	0
	0.582	0.00072314	0.000206612	0.732673	0	0.000165289	0	0.333333	0
	0.583	0.000640496	0.000165289	0.732673	0	0.000392562	0	0.333333	0
	0.584	0.000847107	0.00018595	0.732673	0	0.000165289	0	0.333333	0
	0.585	0.000847107	0.000227273	0.732673	0	0.000289256	0	0.333333	0
	0.586	0.000661157	0.000103306	0.732673	0	0.00035124	0.000103306	0.333333	0
	0.587	0.000557851	0.000206612	0.732673	0	0.00018595	0	0.333333	0
	0.588	0.000805785	0.00018595	0.732673	0	0.00035124	0	0.333333	0
	0.589	0.000785124	0.000103306	0.732673	0	0.000289256	2.06612e-05	0.363636	0
	0.59	0.00072314	0.00018595	0.732673	0	0.000330579	0	0.363636	0
	0.591	0.000599174	0.000103306	0.732673	0	0.000413223	2.06612e-05	0.363636	0
	0.592	0.00103306	0.000103306	0.74	0	0.000144628	6.19835e-05	0.363636	0
	0.593	0.000743802	0.000206612	0.744898	0	0.00018595	2.06612e-05	0.363636	0
	0.594	0.00088843	0.00018595	0.752577	0	0.000165289	6.19835e-05	0.363636	0
	0.595	0.000929752	0.000123967	0.752577	0	0.000103306	6.19835e-05	0.363636	0
	0.596	0.000867769	8.26446e-05	0.768421	0	0.000289256	4.13223e-05	0.363636	0
	0.597	0.000578512	0.000123967	0.726316	0	0.000206612	0	0.363636	0
	0.598	0.000909091	0.000165289	0.726316	0	0.000144628	0	0.363636	0
	0.599	0.000743802	0.000144628	0.715789	0	0.000268595	4.13223e-05	0.363636	0
	0.6	0.000991736	0.000103306	0.723404	0	0.000227273	6.19835e-05	0.363636	0
	0.601	0.000578512	0.000103306	0.723404	0	0.00018595	0	0.363636	0
	0.602	0.000743802	0.000247934	0.723404	0	0.000227273	4.13223e-05	0.363636	0
	0.603	0.000971074	0.000165289	0.723404	0	0.000247934	0	0.363636	0
	0.604	0.000681818	0.000165289	0.723404	0	0.000165289	2.06612e-05	0.363636	0
	0.605	0.00105372	6.19835e-05	0.723404	0	0.00018595	0	0.363636	0
	0.606	0.000516529	0.000123967	0.731183	0	8.26446e-05	4.13223e-05	0.363636	0
	0.607	0.000909091	0.000247934	0.731183	0	0.000227273	4.13223e-05	0.363636	0
	0.608	0.000743802	0.000144628	0.731183	0	0.000206612	6.19835e-05	0.272727	0
	0.609	0.000743802	0.000227273	0.731183	0	0.000144628	0	0.272727	0
	0.61	0.000599174	0.000103306	0.73913	0	0.000144628	2.06612e-05	0.2	0
	0.611	0.000826446	0.000123967	0.73913	0	0.000123967	0	0.222222	0
	0.612	0.000578512	8.26446e-05	0.747253	0	0.000123967	0	0.222222	0
	0.613	0.000785124	0.000165289	0.736264	0	8.26446e-05	2.06612e-05	0.222222	0
	0.614	0.000805785	8.26446e-05	0.736264	0	6.19835e-05	0	0.222222	0
	0.615	0.000599174	6.19835e-05	0.736264	0	0.000103306	2.06612e-05	0.25	0
	0.616	0.000516529	0.000103306	0.736264	0	6.19835e-05	2.06612e-05	0.25	0
	0.617	0.000702479	0.000144628	0.744444	0	4.13223e-05	2.06612e-05	0.285714	0
	0.618	0.000805785	0.000123967	0.733333	0	0.000123967	2.06612e-05	0.285714	0
	0.619	0.00053719	0.000144628	0.733333	0	8.26446e-05	0	0.333333	0
	0.62	0.000599174	6.19835e-05	0.741573	0	6.19835e-05	0	0.333333	0
	0.621	0.000929752	0.000227273	0.741573	0	0.000103306	2.06612e-05	0.333333	0
	0.622	0.000557851	0.000103306	0.741573	0	8.26446e-05	4.13223e-05	0.333333	0
	0.623	0.00072314	0.000103306	0.741573	0	4.13223e-05	2.06612e-05	0.333333	0
	0.624	0.000557851	0.000123967	0.741573	0	2.06612e-05	4.13223e-05	0.333333	0
	0.625	0.00072314	0.000247934	0.730337	0	0	0	0.333333	0
	0.626	0.000743802	6.19835e-05	0.730337	0	6.19835e-05	2.06612e-05	0.333333	0
	0.627	0.000557851	0.000144628	0.738636	0	0.000144628	0	0.333333	0
	0.628	0.000454545	0.000123967	0.747126	0	8.26446e-05	2.06612e-05	0.333333	0
	0.629	0.000681818	0.000123967	0.747126	0	0.000144628	4.13223e-05	0.333333	0
	0.63	0.000495868	0.000144628	0.735632	0	8.26446e-05	0	0.333333	0
	0.631	0.000495868	0.000144628	0.735632	0	2.06612e-05	2.06612e-05	0.333333	0
	0.632	0.000702479	8.26446e-05	0.735632	0	0.000144628	0	0.333333	0
	0.633	0.000599174	6.19835e-05	0.735632	0	6.19835e-05	0	0.333333	0
	0.634	0.000619835	0.000165289	0.735632	0	0.000123967	0	0.333333	0
	0.635	0.000661157	8.26446e-05	0.724138	0	8.26446e-05	0	0.333333	0
	0.636	0.000454545	0.000227273	0.724138	0	0.000103306	4.13223e-05	0.4	0
	0.637	0.000495868	6.19835e-05	0.732558	0	0.000165289	2.06612e-05	0.4	0
	0.638	0.000413223	0.00018595	0.732558	0	8.26446e-05	2.06612e-05	0.5	0
	0.639	0.000619835	8.26446e-05	0.729412	0	0.000123967	2.06612e-05	0.5	0
	0.64	0.000578512	0.000123967	0.717647	0	8.26446e-05	2.06612e-05	0.5	0
	0.641	0.000619835	4.13223e-05	0.73494	0	4.13223e-05	2.06612e-05	0.5	0
	0.642	0.000516529	0.000103306	0.743902	0	0.000165289	6.19835e-05	0.5	0
	0.643	0.000413223	0.000144628	0.753086	0	0.000123967	0	0.5	0
	0.644	0.000247934	0.000144628	0.753086	0	0.000144628	2.06612e-05	0.5	0
	0.645	0.000516529	2.06612e-05	0.772152	0	0.000123967	0	0.5	0
	0.646	0.000805785	8.26446e-05	0.772152	0	0.000103306	2.06612e-05	0.5	0
	0.647	0.000392562	0.000103306	0.772152	0	8.26446e-05	4.13223e-05	0.5	0
	0.648	0.000330579	0.000206612	0.772152	0	0.000103306	4.13223e-05	0.5	0
	0.649	0.000268595	0.000123967	0.782051	0	0.000103306	2.06612e-05	0.5	0
	0.65	0.000433884	0.000103306	0.792208	0	6.19835e-05	0	0.5	0
	0.651	0.000371901	6.19835e-05	0.792208	0	8.26446e-05	0	0.5	0
	0.652	0.000371901	0.000144628	0.789474	0	8.26446e-05	2.06612e-05	0.5	0
	0.653	0.000495868	0.000123967	0.789474	0	0.00018595	2.06612e-05	0.5	0
	0.654	0.00035124	2.06612e-05	0.776316	0	0.000103306	0	0.5	0
	0.655	0.000413223	0.000165289	0.773333	0	8.26446e-05	2.06612e-05	0.5	0
	0.656	0.000454545	6.19835e-05	0.773333	0	4.13223e-05	2.06612e-05	0.5	0
	0.657	0.000413223	0.000103306	0.773333	0	0	0	0.5	0
	0.658	0.000268595	0.000103306	0.76	0	0.000123967	2.06612e-05	0.5	0
	0.659	0.000433884	0.000144628	0.77027	0	0.000103306	0	0.5	0
	0.66	0.00053719	6.19835e-05	0.77027	0	4.13223e-05	0	0.5	0
	0.661	0.00035124	0.000103306	0.77027	0	0	0	0.5	0
	0.662	0.000392562	0.000103306	0.77027	0	0.000123967	0	0.5	0
	0.663	0.000475207	0.000103306	0.780822	0	6.19835e-05	2.06612e-05	0.5	0
	0.664	0.000640496	4.13223e-05	0.780822	0	0	4.13223e-05	0.5	0
	0.665	0.000433884	0.000123967	0.780822	0	0.00018595	0	0.5	0
	0.666	0.00053719	6.19835e-05	0.791667	0	0.000103306	0	0.5	0
	0.667	0.000392562	6.19835e-05	0.791667	0	4.13223e-05	0	0.5	0
	0.668	0.000392562	0.000123967	0.791667	0	2.06612e-05	0	0.5	0
	0.669	0.000371901	0.000103306	0.777778	0	0	0	0.5	0
	0.67	0.000330579	0.000103306	0.8	0	0	4.13223e-05	0.5	0
	0.671	0.00035124	0.000165289	0.771429	0	2.06612e-05	0	0.5	0
	0.672	0.000516529	0.000103306	0.771429	0	2.06612e-05	2.06612e-05	0.5	0
	0.673	0.000578512	0.00018595	0.771429	0	2.06612e-05	0	0.5	0
	0.674	0.000392562	0.000123967	0.771429	0	2.06612e-05	4.13223e-05	0.666667	0
	0.675	0.000413223	0.000227273	0.771429	0	0	0	0.666667	0
	0.676	0.00035124	0.000103306	0.771429	0	2.06612e-05	0	0.666667	0
	0.677	0.000578512	6.19835e-05	0.782609	0	0	2.06612e-05	0.666667	0
	0.678	0.000413223	6.19835e-05	0.782609	0	2.06612e-05	0	0.666667	0
	0.679	0.000495868	6.19835e-05	0.782609	0	0	0	1	0
	0.68	0.000392562	0.000103306	0.794118	0	0	4.13223e-05	1	0
	0.681	0.00053719	6.19835e-05	0.794118	0	0	0	1	0
	0.682	0.000557851	4.13223e-05	0.779412	0	0	0	1	0
	0.683	0.000413223	0.000165289	0.764706	0	0	0	1	0
	0.684	0.000578512	6.19835e-05	0.764706	0	0	0	1	0
	0.685	0.000475207	8.26446e-05	0.776119	0	0	0	1	0
	0.686	0.000516529	2.06612e-05	0.746269	0	0	2.06612e-05	1	0
	0.687	0.000454545	0.000227273	0.731343	0	0	0	1	0
	0.688	0.000578512	0.000144628	0.716418	0	0	0	1	0
	0.689	0.000557851	0.000144628	0.716418	0	0	0	1	0
	0.69	0.00035124	0.000144628	0.701493	0	0	2.06612e-05	1	0
	0.691	0.000475207	4.13223e-05	0.701493	0	0	0	1	0
	0.692	0.000557851	0.000144628	0.701493	0	2.06612e-05	0	1	0
	0.693	0.000392562	2.06612e-05	0.701493	0	0	2.06612e-05	0.5	0
	0.694	0.000578512	0.000144628	0.69697	0	0	0	0.5	0
	0.695	0.000268595	6.19835e-05	0.707692	0	4.13223e-05	0	0.5	0
	0.696	0.000516529	0.000144628	0.707692	0	0	0	0.5	0
	0.697	0.000475207	0.000144628	0.676923	0	0	0	0.5	0
	0.698	0.000433884	6.19835e-05	0.676923	0	2.06612e-05	0	0.5	0
	0.699	0.000578512	6.19835e-05	0.676923	0	2.06612e-05	0	0.5	0
	0.7	0.000413223	0.000144628	0.676923	0	0	2.06612e-05	0.5	0
	0.701	0.000681818	4.13223e-05	0.661538	0	2.06612e-05	2.06612e-05	0.5	0
	0.702	0.000392562	0.000103306	0.661538	0	2.06612e-05	0	0.5	0
	0.703	0.000557851	0.000123967	0.661538	0	0	0	0.5	0
	0.704	0.000495868	8.26446e-05	0.661538	0	2.06612e-05	0	0.5	0
	0.705	0.000495868	0.000206612	0.661538	0	0	0	0.5	0
	0.706	0.000495868	4.13223e-05	0.661538	0	0	0	0.5	0
	0.707	0.000661157	0.000103306	0.671875	0	4.13223e-05	2.06612e-05	0.5	0
	0.708	0.000516529	0.000103306	0.693548	0	4.13223e-05	2.06612e-05	0.5	0
	0.709	0.000557851	8.26446e-05	0.693548	0	2.06612e-05	0	0.5	0
	0.71	0.000578512	0.000144628	0.693548	0	2.06612e-05	0	0.5	0
	0.711	0.000805785	0.000123967	0.693548	0	0	0	0.5	0
	0.712	0.000619835	0.000144628	0.704918	0	2.06612e-05	0	0.5	0
	0.713	0.000640496	4.13223e-05	0.704918	0	2.06612e-05	0	0.5	0
	0.714	0.000661157	0.000103306	0.704918	0	4.13223e-05	2.06612e-05	0.5	0
	0.715	0.000909091	6.19835e-05	0.704918	0	0	0	0.5	0
	0.716	0.00072314	6.19835e-05	0.704918	0	0	0	0.5	0
	0.717	0.00072314	8.26446e-05	0.704918	0	4.13223e-05	0	0.5	0
	0.718	0.000681818	4.13223e-05	0.704918	0	6.19835e-05	2.06612e-05	0.5	0
	0.719	0.000578512	0.000103306	0.688525	0	4.13223e-05	2.06612e-05	0.5	0
	0.72	0.000950413	8.26446e-05	0.688525	0	2.06612e-05	2.06612e-05	0.5	0
	0.721	0.000785124	2.06612e-05	0.672131	0	8.26446e-05	2.06612e-05	0.5	0
	0.722	0.000826446	8.26446e-05	0.672131	0	8.26446e-05	2.06612e-05	0.5	0
	0.723	0.000971074	6.19835e-05	0.655738	0	0.000103306	2.06612e-05	0.5	0
	0.724	0.000702479	2.06612e-05	0.661017	0	0.000144628	0	0.5	0
	0.725	0.000578512	0.000103306	0.672414	0	6.19835e-05	0	0.5	0
	0.726	0.000578512	8.26446e-05	0.672414	0	2.06612e-05	2.06612e-05	0.5	0
	0.727	0.000702479	8.26446e-05	0.672414	0	8.26446e-05	0	0.5	0
	0.728	0.000826446	0.000103306	0.672414	0	8.26446e-05	0	0.5	0
	0.729	0.000475207	2.06612e-05	0.672414	0	4.13223e-05	2.06612e-05	0.5	0
	0.73	0.000991736	6.19835e-05	0.672414	0	2.06612e-05	0	0.5	0
	0.731	0.000578512	0.000206612	0.655172	0	2.06612e-05	0	0.5	0
	0.732	0.000392562	8.26446e-05	0.655172	0	2.06612e-05	0	0.5	0
	0.733	0.000681818	0.000103306	0.637931	0	2.06612e-05	0	0.5	0
	0.734	0.000454545	0.000103306	0.637931	0	8.26446e-05	0	0.5	0
	0.735	0.000495868	0.00018595	0.637931	0	2.06612e-05	0	0.5	0
	0.736	0.000578512	6.19835e-05	0.649123	0	6.19835e-05	0	0.5	0
	0.737	0.000309917	0.000103306	0.654545	0	4.13223e-05	0	0.5	0
	0.738	0.000516529	0.000103306	0.654545	0	8.26446e-05	0	0.5	0
	0.739	0.000454545	4.13223e-05	0.618182	0	4.13223e-05	0	0.5	0
	0.74	0.000578512	0.000144628	0.618182	0	2.06612e-05	0	0.5	0
	0.741	0.000433884	6.19835e-05	0.611111	0	4.13223e-05	0	0.5	0
	0.742	0.000309917	6.19835e-05	0.611111	0	2.06612e-05	0	0.5	0
	0.743	0.000371901	8.26446e-05	0.592593	0	0	0	0.5	0
	0.744	0.00053719	0.000123967	0.592593	0	6.19835e-05	0	0.5	0
	0.745	0.000495868	0.000103306	0.592593	0	2.06612e-05	0	0	0
	0.746	0.000413223	0.000165289	0.592593	0	0	2.06612e-05	0	0
	0.747	0.000413223	8.26446e-05	0.592593	0	6.19835e-05	0	0	0
	0.748	0.000516529	0.000103306	0.603774	0	8.26446e-05	0	0	0
	0.749	0.000516529	4.13223e-05	0.603774	0	2.06612e-05	0	0	0
	0.75	0.00035124	6.19835e-05	0.603774	0	0	4.13223e-05	0	0
	0.751	0.000495868	8.26446e-05	0.615385	0	0	0	0	0
	0.752	0.000392562	8.26446e-05	0.615385	0	4.13223e-05	0	0	0
	0.753	0.000599174	6.19835e-05	0.596154	0	0	0	0	0
	0.754	0.000599174	6.19835e-05	0.607843	0	2.06612e-05	0	0	0
	0.755	0.000413223	2.06612e-05	0.62	0	2.06612e-05	0	0	0
	0.756	0.000392562	8.26446e-05	0.62	0	4.13223e-05	0	0	0
	0.757	0.000392562	8.26446e-05	0.62	0	2.06612e-05	0	0	0
	0.758	0.000516529	4.13223e-05	0.62	0	6.19835e-05	0	0	0
	0.759	0.000619835	4.13223e-05	0.62	0	0	2.06612e-05	0	0
	0.76	0.000433884	6.19835e-05	0.632653	0	2.06612e-05	0	0	0
	0.761	0.000454545	6.19835e-05	0.645833	0	0	0	0	0
	0.762	0.000495868	6.19835e-05	0.645833	0	2.06612e-05	0	0	0
	0.763	0.000516529	6.19835e-05	0.659574	0	2.06612e-05	0	0	0
	0.764	0.000516529	0	0.673913	0	2.06612e-05	0	0	0
	0.765	0.000785124	4.13223e-05	0.652174	0	2.06612e-05	0	0	0
	0.766	0.000495868	0.000144628	0.652174	0	2.06612e-05	2.06612e-05	0	0
	0.767	0.000599174	2.06612e-05	0.630435	0	2.06612e-05	0	0	0
	0.768	0.000475207	0.000103306	0.644444	0	0	0	0	0
	0.769	0.000599174	8.26446e-05	0.644444	0	4.13223e-05	0	0	0
	0.77	0.00053719	4.13223e-05	0.659091	0	8.26446e-05	2.06612e-05	0	0
	0.771	0.00053719	6.19835e-05	0.651163	0	0.000103306	0	0	0
	0.772	0.000826446	0.000103306	0.651163	0	4.13223e-05	0	0	0
	0.773	0.000557851	2.06612e-05	0.651163	0	4.13223e-05	4.13223e-05	0	0
	0.774	0.000640496	6.19835e-05	0.651163	0	2.06612e-05	0	0	0
	0.775	0.00035124	4.13223e-05	0.651163	0	4.13223e-05	0	0	0
	0.776	0.00035124	2.06612e-05	0.651163	0	0.000123967	0	0	0
	0.777	0.000433884	6.19835e-05	0.651163	0	4.13223e-05	0	0	0
	0.778	0.000619835	6.19835e-05	0.651163	0	8.26446e-05	0	0	0
	0.779	0.00053719	4.13223e-05	0.651163	0	0	0	0	0
	0.78	0.000495868	8.26446e-05	0.627907	0	4.13223e-05	2.06612e-05	0	0
	0.781	0.000392562	2.06612e-05	0.627907	0	6.19835e-05	0	0	0
	0.782	0.000475207	8.26446e-05	0.627907	0	0.000123967	0	0	0
	0.783	0.000578512	8.26446e-05	0.627907	0	6.19835e-05	0	0	0
	0.784	0.000413223	8.26446e-05	0.604651	0	8.26446e-05	0	0	0
	0.785	0.000413223	2.06612e-05	0.604651	0	6.19835e-05	0	0	0
	0.786	0.000557851	4.13223e-05	0.604651	0	0.000103306	0	0	0
	0.787	0.00035124	6.19835e-05	0.581395	0	4.13223e-05	0	0	0
	0.788	0.000578512	6.19835e-05	0.595238	0	8.26446e-05	0	0	0
	0.789	0.000702479	0	0.595238	0	2.06612e-05	0	0	0
	0.79	0.000475207	0.000123967	0.609756	0	4.13223e-05	0	0	0
	0.791	0.000454545	8.26446e-05	0.609756	0	2.06612e-05	0	0	0
	0.792	0.000413223	2.06612e-05	0.625	0	4.13223e-05	0	0	0
	0.793	0.00053719	4.13223e-05	0.6	0	4.13223e-05	0	0	0
	0.794	0.00035124	6.19835e-05	0.564103	0	4.13223e-05	0	0	0
	0.795	0.000516529	8.26446e-05	0.564103	0	2.06612e-05	2.06612e-05	0	0
	0.796	0.000557851	6.19835e-05	0.564103	0	2.06612e-05	0	0	0
	0.797	0.000433884	2.06612e-05	0.578947	0	4.13223e-05	0	0	0
	0.798	0.000413223	6.19835e-05	0.578947	0	2.06612e-05	0	0	0
	0.799	0.000516529	6.19835e-05	0.583333	0	4.13223e-05	0	0	0
	0.8	0.00072314	6.19835e-05	0.583333	0	2.06612e-05	2.06612e-05	0	0
	0.801	0.00035124	4.13223e-05	0.583333	0	2.06612e-05	0	0	0
	0.802	0.000619835	6.19835e-05	0.583333	0	0	0	0	0
	0.803	0.000516529	4.13223e-05	0.583333	0	4.13223e-05	0	0	0
	0.804	0.000681818	2.06612e-05	0.583333	0	2.06612e-05	0	0	0
	0.805	0.00053719	0	0.555556	0	0	0	0	0
	0.806	0.000413223	0.000103306	0.555556	0	2.06612e-05	0	0	0
	0.807	0.000578512	6.19835e-05	0.555556	0	2.06612e-05	0	0	0
	0.808	0.000681818	6.19835e-05	0.527778	0	0	0	0	0
	0.809	0.000702479	4.13223e-05	0.527778	0	0	0	0	0
	0.81	0.000702479	4.13223e-05	0.527778	0	0	0	0	0
	0.811	0.000619835	4.13223e-05	0.542857	0	2.06612e-05	0	0	0
	0.812	0.000516529	4.13223e-05	0.542857	0	0	0	0	0
	0.813	0.000371901	4.13223e-05	0.542857	0	0	0	0	0
	0.814	0.00053719	4.13223e-05	0.529412	0	0	0	0	0
	0.815	0.00035124	4.13223e-05	0.529412	0	0	0	0	0
	0.816	0.000371901	2.06612e-05	0.529412	0	0	0	0	0
	0.817	0.000413223	6.19835e-05	0.529412	0	0	0	0	0
	0.818	0.000619835	4.13223e-05	0.529412	0	0	0	0	0
	0.819	0.000413223	2.06612e-05	0.5625	0	0	0	0	0
	0.82	0.00053719	2.06612e-05	0.5625	0	0	0	0	0
	0.821	0.000743802	8.26446e-05	0.5625	0	0	0	0	0
	0.822	0.000454545	4.13223e-05	0.5625	0	0	2.06612e-05	0	0
	0.823	0.000743802	6.19835e-05	0.5625	0	0	0	0	0
	0.824	0.000557851	8.26446e-05	0.548387	0	0	0	0	0
	0.825	0.000495868	2.06612e-05	0.548387	0	0	0	0	0
	0.826	0.000413223	2.06612e-05	0.548387	0	0	0	0	0
	0.827	0.000661157	2.06612e-05	0.548387	0	0	0	0	0
	0.828	0.000475207	2.06612e-05	0.566667	0	0	0	0	0
	0.829	0.000516529	2.06612e-05	0.566667	0	0	0	0	0
	0.83	0.00035124	4.13223e-05	0.586207	0	0	0	0	0
	0.831	0.000557851	4.13223e-05	0.586207	0	0	0	0	0
	0.832	0.000516529	8.26446e-05	0.586207	0	0	0	0	0
	0.833	0.000413223	4.13223e-05	0.586207	0	0	0	0	0
	0.834	0.00035124	6.19835e-05	0.586207	0	0	0	0	0
	0.835	0.000392562	6.19835e-05	0.586207	0	0	0	0	0
	0.836	0.000371901	4.13223e-05	0.62963	0	0	0	0	0
	0.837	0.000557851	4.13223e-05	0.62963	0	0	0	0	0
	0.838	0.000433884	2.06612e-05	0.592593	0	0	2.06612e-05	0	0
	0.839	0.000268595	2.06612e-05	0.592593	0	0	0	0	0
	0.84	0.000330579	2.06612e-05	0.592593	0	0	0	0	0
	0.841	0.00035124	2.06612e-05	0.615385	0	0	0	0	0
	0.842	0.000330579	4.13223e-05	0.615385	0	0	0	0	0
	0.843	0.000227273	4.13223e-05	0.615385	0	0	0	0	0
	0.844	0.000268595	4.13223e-05	0.64	0	0	0	0	0
	0.845	0.000227273	0	0.6	0	0	0	0	0
	0.846	0.00018595	2.06612e-05	0.6	0	0	0	0	0
	0.847	0.000433884	2.06612e-05	0.6	0	0	0	0	0
	0.848	0.000165289	2.06612e-05	0.625	0	0	0	0	0
	0.849	0.000268595	0	0.625	0	0	0	0	0
	0.85	0.000227273	0	0.608696	0	0	0	0	0
	0.851	0.000206612	2.06612e-05	0.608696	0	0	0	0	0
	0.852	0.000165289	6.19835e-05	0.608696	0	0	0	0	0
	0.853	0.000227273	6.19835e-05	0.608696	0	0	0	0	0
	0.854	0.000268595	6.19835e-05	0.608696	0	0	0	0	0
	0.855	0.000227273	2.06612e-05	0.608696	0	0	0	0	0
	0.856	0.00035124	2.06612e-05	0.565217	0	0	0	0	0
	0.857	0.000227273	6.19835e-05	0.590909	0	0	0	0	0
	0.858	0.000309917	2.06612e-05	0.590909	0	0	0	0	0
	0.859	0.000289256	4.13223e-05	0.590909	0	0	0	0	0
	0.86	0.000392562	0	0.590909	0	0	0	0	0
	0.861	0.00018595	4.13223e-05	0.571429	0	0	0	0	0
	0.862	0.000433884	2.06612e-05	0.571429	0	0	0	0	0
	0.863	0.000330579	4.13223e-05	0.6	0	0	0	0	0
	0.864	0.000227273	4.13223e-05	0.6	0	0	0	0	0
	0.865	0.000454545	2.06612e-05	0.6	0	0	0	0	0
	0.866	0.000371901	6.19835e-05	0.631579	0	0	0	0	0
	0.867	0.000330579	0	0.631579	0	0	0	0	0
	0.868	0.000371901	6.19835e-05	0.631579	0	0	0	0	0
	0.869	0.000454545	0	0.578947	0	0	0	0	0
	0.87	0.000557851	0	0.578947	0	0	0	0	0
	0.871	0.00035124	8.26446e-05	0.578947	0	0	0	0	0
	0.872	0.000330579	4.13223e-05	0.578947	0	0	0	0	0
	0.873	0.00035124	0	0.578947	0	0	0	0	0
	0.874	0.000433884	4.13223e-05	0.578947	0	0	0	0	0
	0.875	0.00035124	2.06612e-05	0.578947	0	0	0	0	0
	0.876	0.000371901	4.13223e-05	0.578947	0	0	0	0	0
	0.877	0.000330579	2.06612e-05	0.578947	0	0	0	0	0
	0.878	0.000123967	0	0.578947	0	0	0	0	0
	0.879	0.00018595	4.13223e-05	0.578947	0	0	0	0	0
	0.88	0.000330579	0	0.578947	0	0	0	0	0
	0.881	0.000309917	0	0.578947	0	0	0	0	0
	0.882	0.000371901	0	0.611111	0	0	0	0	0
	0.883	0.000330579	2.06612e-05	0.611111	0	0	0	0	0
	0.884	0.000165289	2.06612e-05	0.611111	0	0	2.06612e-05	0	0
	0.885	0.000268595	0	0.611111	0	0	0	0	0
	0.886	0.000309917	6.19835e-05	0.588235	0	0	0	0	0
	0.887	0.000289256	8.26446e-05	0.588235	0	0	2.06612e-05	0	0
	0.888	0.000289256	8.26446e-05	0.588235	0	0	0	0	0
	0.889	0.00035124	4.13223e-05	0.529412	0	0	0	0	0
	0.89	0.000330579	0	0.470588	0	0	0	0	0
	0.891	0.000247934	2.06612e-05	0.411765	0	0	0	0	0
	0.892	0.000268595	0	0.411765	0	0	0	0	0
	0.893	0.000289256	0	0.411765	0	0	0	0	0
	0.894	0.000289256	2.06612e-05	0.411765	0	0	0	0	0
	0.895	0.000392562	0	0.411765	0	0	0	0	0
	0.896	0.000309917	2.06612e-05	0.411765	0	0	0	0	0
	0.897	0.00035124	2.06612e-05	0.4375	0	0	0	0	0
	0.898	0.000557851	0	0.466667	0	0	0	0	0
	0.899	0.000247934	2.06612e-05	0.466667	0	0	0	0	0
	0.9	0.000495868	0	0.466667	0	0	0	0	0
	0.901	0.000516529	2.06612e-05	0.5	0	0	0	0	0
	0.902	0.000371901	0	0.5	0	0	0	0	0
	0.903	0.000289256	0	0.5	0	0	0	0	0
	0.904	0.000516529	0	0.538462	0	0	0	0	0
	0.905	0.000475207	0	0.538462	0	0	0	0	0
	0.906	0.000371901	0	0.538462	0	0	0	0	0
	0.907	0.000392562	2.06612e-05	0.538462	0	0	0	0	0
	0.908	0.000330579	0	0.538462	0	0	0	0	0
	0.909	0.000619835	6.19835e-05	0.461538	0	0	0	0	0
	0.91	0.000330579	2.06612e-05	0.461538	0	0	0	0	0
	0.911	0.000454545	0	0.461538	0	0	0	0	0
	0.912	0.000392562	2.06612e-05	0.461538	0	0	0	0	0
	0.913	0.000413223	0	0.461538	0	0	0	0	0
	0.914	0.000330579	0	0.416667	0	0	0	0	0
	0.915	0.000165289	2.06612e-05	0.416667	0	0	0	0	0
	0.916	0.000165289	2.06612e-05	0.416667	0	0	0	0	0
	0.917	0.000206612	2.06612e-05	0.416667	0	0	0	0	0
	0.918	0.000371901	0	0.416667	0	0	0	0	0
	0.919	0.000289256	0	0.454545	0	0	0	0	0
	0.92	0.000227273	0	0.454545	0	0	0	0	0
	0.921	0.000247934	0	0.454545	0	0	0	0	0
	0.922	0.000123967	2.06612e-05	0.454545	0	0	0	0	0
	0.923	0.000247934	0	0.454545	0	0	0	0	0
	0.924	0.000123967	0	0.454545	0	0	0	0	0
	0.925	0.000123967	0	0.454545	0	0	0	0	0
	0.926	0.000123967	2.06612e-05	0.454545	0	0	0	0	0
	0.927	0.000268595	0	0.363636	0	0	0	0	0
	0.928	0.000206612	0	0.4	0	0	0	0	0
	0.929	0.000247934	0	0.333333	0	0	0	0	0
	0.93	0.00018595	2.06612e-05	0.375	0	0	0	0	0
	0.931	0.000330579	0	0.428571	0	0	0	0	0
	0.932	0.000165289	2.06612e-05	0.428571	0	0	0	0	0
	0.933	0.000289256	0	0.428571	0	0	0	0	0
	0.934	0.000330579	0	0.428571	0	0	0	0	0
	0.935	0.000516529	0	0.428571	0	0	0	0	0
	0.936	0.000227273	4.13223e-05	0.428571	0	0	0	0	0
	0.937	0.000268595	0	0.428571	0	0	0	0	0
	0.938	0.000433884	0	0.428571	0	0	0	0	0
	0.939	0.000433884	2.06612e-05	0.428571	0	0	0	0	0
	0.94	0.000371901	0	0.142857	0	0	0	0	0
	0.941	0.000433884	0	0.142857	0	0	0	0	0
	0.942	0.000454545	0	0.142857	0	0	0	0	0
	0.943	0.00053719	2.06612e-05	0.142857	0	0	0	0	0
	0.944	0.00053719	2.06612e-05	0.142857	0	0	0	0	0
	0.945	0.00035124	0	0.142857	0	0	0	0	0
	0.946	0.000330579	0	0.142857	0	0	0	0	0
	0.947	0.000475207	0	0.142857	0	0	0	0	0
	0.948	0.000247934	0	0.166667	0	0	0	0	0
	0.949	0.000413223	2.06612e-05	0.166667	0	0	0	0	0
	0.95	0.000330579	0	0.166667	0	0	0	0	0
	0.951	0.000371901	0	0.166667	0	0	0	0	0
	0.952	0.000268595	0	0.2	0	0	0	0	0
	0.953	0.00035124	0	0.2	0	0	0	0	0
	0.954	0.000165289	0	0.2	0	0	0	0	0
	0.955	0.000330579	0	0.2	0	0	0	0	0
	0.956	0.000268595	0	0.2	0	0	0	0	0
	0.957	0.000144628	0	0.2	0	0	0	0	0
	0.958	0.000309917	2.06612e-05	0.2	0	0	0	0	0
	0.959	0.000144628	0	0.25	0	0	0	0	0
	0.96	0.000144628	0	0.25	0	0	0	0	0
	0.961	0.000165289	0	0.25	0	0	0	0	0
	0.962	8.26446e-05	2.06612e-05	0.333333	0	0	0	0	0
	0.963	0.000123967	0	0.333333	0	0	0	0	0
	0.964	6.19835e-05	0	0.333333	0	0	0	0	0
	0.965	0.000144628	0	0.333333	0	0	0	0	0
	0.966	2.06612e-05	0	0.333333	0	0	0	0	0
	0.967	8.26446e-05	0	0.333333	0	0	0	0	0
	0.968	0	0	0.5	0	0	0	0	0
	0.969	0	0	0.5	0	0	0	0	0
	0.97	0	0	0.5	0	0	0	0	0
	0.971	0	0	0.5	0	0	0	0	0
	0.972	0	0	0.5	0	0	0	0	0
	0.973	2.06612e-05	0	0.5	0	0	0	0	0
	0.974	0	0	1	0	0	0	0	0
	0.975	0	0	1	0	0	0	0	0
	0.976	0	0	1	0	0	0	0	0
	0.977	0	0	1	0	0	0	0	0
	0.978	0	0	1	0	0	0	0	0
	0.979	0	0	1	0	0	0	0	0
	0.98	0	0	1	0	0	0	0	0
	0.981	2.06612e-05	0	1	0	0	0	0	0
	0.982	0	2.06612e-05	0	0	0	0	0	0
	0.983	0	0	0	0	0	0	0	0
	0.984	0	0	0	0	0	0	0	0
	0.985	8.26446e-05	4.13223e-05	0	0	0	0	0	0
	0.986	0.000123967	2.06612e-05	0	0	0	0	0	0
	0.987	0.000165289	0	0	0	0	0	0	0
	0.988	0.00018595	0	0	0	0	0	0	0
	0.989	0.000268595	0	0	0	0	0	0	0
	0.99	0.000247934	0	0	0	0	0	0	0
	0.991	0.000227273	0	0	0	0	0	0	0
	0.992	0.000268595	0	0	0	0	0	0	0
	0.993	0.00018595	2.06612e-05	0	0	0	0	0	0
	0.994	0.000144628	0	0	0	0	0	0	0
	0.995	6.19835e-05	0	0	0	0	0	0	0
	0.996	6.19835e-05	0	0	0	0	0	0	0
	0.997	2.06612e-05	0	0	0	0	0	0	0
	0.998	0	0	0	0	0	0	0	0
	0.999	0	0	0	0	0	0	0	0
	1	0	0	0	0	0	0	0	0


#	yrange	sparsity	# links	zeta	support at cross	fraction FP	support at cross2	fraction FP2
	0	0	0	0.343024	0.982	0.0505051	0.982	0.0505051
	0.012	0	0	0.343024	0.982	0.0505051	0.982	0.0505051
