#	Frequencies and overlap
#	bins	MYC	shuffle	overlap_MYC	overlap_shuffle	SIGN_MYC	SIGNshuffle	SIGNoverlap_MYC	SIGNoverlap_shuffle
	0	0	0	1	1	0.421777	0.389566	0.736025	0
	0.001	0	0	1	1	0	0	0.736025	0
	0.002	0	0	1	1	0	0	0.736025	0
	0.003	0	0	1	1	0	0	0.736025	0
	0.004	0	0	1	1	0	0	0.736025	0
	0.005	0	0	1	1	0	0	0.736025	0
	0.006	0	0	1	1	0	0	0.736025	0
	0.007	0	0	1	1	0	0	0.736025	0
	0.008	0	0	1	1	0	0	0.736025	0
	0.009	0	0	1	1	0	0	0.736025	0
	0.01	0	0	1	1	0	0	0.736025	0
	0.011	0	0	1	1	0	0	0.736025	0
	0.012	0	0	1	1	0	0	0.736025	0
	0.013	0	0	1	1	0	0	0.736025	0
	0.014	0	0	1	1	0	0	0.736025	0
	0.015	0	0	1	1	0	0	0.736025	0
	0.016	0	0	1	1	0	0	0.736025	0
	0.017	0	0	1	1	0	0	0.736025	0
	0.018	0	0	1	1	0	0	0.736025	0
	0.019	0	0	1	1	0	0	0.736025	0
	0.02	0	0	1	1	0	0	0.736025	0
	0.021	0	0	1	1	0	0	0.736025	0
	0.022	0	0	1	1	0	0	0.736025	0
	0.023	0	0	1	1	0	0	0.736025	0
	0.024	0	0	1	1	0	0	0.736025	0
	0.025	0	0	1	1	0	0	0.736025	0
	0.026	0	0	1	1	0	0	0.736025	0
	0.027	0	0	1	1	0	0	0.736025	0
	0.028	0	0	1	1	0	0	0.736025	0
	0.029	0	0	1	1	0	0	0.736025	0
	0.03	0	0	1	1	0	0	0.736025	0
	0.031	0	0	1	1	0	0	0.736025	0
	0.032	0	0	1	1	0	0	0.736025	0
	0.033	0	0	1	1	0	0	0.736025	0
	0.034	0	0	1	1	0	0	0.736025	0
	0.035	0	0	1	1	0	0	0.736025	0
	0.036	0	0	1	1	0	0	0.736025	0
	0.037	0	0	1	1	0	0	0.736025	0
	0.038	0	0	1	1	0	0	0.736025	0
	0.039	0	0	1	1	0	0	0.736025	0
	0.04	0	0	1	1	0	0	0.736025	0
	0.041	0	0	1	1	0	0	0.736025	0
	0.042	0	0	1	1	0	0	0.736025	0
	0.043	0	0	1	1	0	0	0.736025	0
	0.044	0	0	1	1	0	0	0.736025	0
	0.045	0	0	1	1	0	0	0.736025	0
	0.046	0	0	1	1	0	0	0.736025	0
	0.047	0	0	1	1	0	0	0.736025	0
	0.048	0	0	1	1	0	0	0.736025	0
	0.049	0	0	1	1	0	0	0.736025	0
	0.05	0	0	1	1	0	0	0.736025	0
	0.051	0	0	1	1	0	0	0.736025	0
	0.052	0	0	1	1	0	0	0.736025	0
	0.053	0	0	1	1	0	0	0.736025	0
	0.054	0	0	1	1	0	0	0.736025	0
	0.055	0	0	1	1	0	0	0.736025	0
	0.056	0	0	1	1	0	0	0.736025	0
	0.057	0	0	1	1	0	0	0.736025	0
	0.058	0	0	1	1	0	0	0.736025	0
	0.059	0	0	1	1	0	0	0.736025	0
	0.06	0	0	1	1	0	0	0.736025	0
	0.061	0	0	1	1	0	0	0.736025	0
	0.062	0	0	1	1	0	0	0.736025	0
	0.063	0	0	1	1	0	0	0.736025	0
	0.064	0	0	1	1	0	0	0.736025	0
	0.065	0	0	1	1	0	2.06612e-05	0.736025	0
	0.066	0	0	1	1	0	0	0.736025	0
	0.067	0	0	1	1	0	0	0.736025	0
	0.068	0	0	1	1	0	0	0.736025	0
	0.069	0	0	1	1	0	0	0.736025	0
	0.07	0	0	1	1	0	0	0.736025	0
	0.071	0	0	1	1	0	0	0.736025	0
	0.072	0	0	1	1	0	0	0.736025	0
	0.073	0	0	1	1	0	0	0.736025	0
	0.074	0	0	1	1	0	0	0.736025	0
	0.075	0	0	1	1	0	0	0.736025	0
	0.076	0	0	1	1	0	0	0.736025	0
	0.077	0	0	1	1	0	0	0.736025	0
	0.078	0	0	1	1	0	2.06612e-05	0.736025	0
	0.079	0	0	1	1	0	2.06612e-05	0.736025	0
	0.08	0	0	1	1	0	0	0.736025	0
	0.081	0	0	1	1	0	0	0.736025	0
	0.082	0	2.06612e-05	1	1	0	0	0.736025	0
	0.083	0	0	1	0.997934	0	0	0.736025	0
	0.084	0	0	1	0.997934	0	0	0.736025	0
	0.085	0	0	1	0.997934	0	0	0.736025	0
	0.086	0	0	1	0.997934	0	2.06612e-05	0.736025	0
	0.087	0	0	1	0.997934	0	0	0.736025	0
	0.088	0	0	1	0.997934	0	0	0.736025	0
	0.089	0	0	1	0.997934	0	0	0.736025	0
	0.09	0	0	1	0.997934	0	0	0.736025	0
	0.091	0	0	1	0.997934	0	0	0.736025	0
	0.092	0	0	1	0.997934	0	0	0.736025	0
	0.093	0	0	1	0.997934	0	0	0.736025	0
	0.094	0	0	1	0.997934	0	0	0.736025	0
	0.095	0	0	1	0.997934	0	0	0.736025	0
	0.096	0	0	1	0.997934	0	0	0.736025	0
	0.097	0	0	1	0.997934	0	0	0.736025	0
	0.098	0	0	1	0.997934	0	0	0.736025	0
	0.099	0	0	1	0.997934	0	0	0.736025	0
	0.1	0	0	1	0.997934	0	0	0.736025	0
	0.101	0	0	1	0.997934	0	0	0.736025	0
	0.102	0	0	1	0.997934	0	0	0.736025	0
	0.103	0	0	1	0.997934	0	0	0.736025	0
	0.104	0	0	1	0.997934	0	0	0.736025	0
	0.105	0	0	1	0.997934	0	0	0.736025	0
	0.106	0	0	1	0.997934	0	0	0.736025	0
	0.107	0	0	1	0.997934	0	0	0.736025	0
	0.108	0	0	1	0.997934	0	0	0.736025	0
	0.109	0	0	1	0.997934	0	0	0.736025	0
	0.11	0	0	1	0.997934	0	0	0.736025	0
	0.111	0	0	1	0.997934	0	0	0.736025	0
	0.112	0	0	1	0.997934	0	0	0.736025	0
	0.113	0	0	1	0.997934	0	0	0.736025	0
	0.114	0	0	1	0.997934	0	0	0.736025	0
	0.115	0	0	1	0.997934	0	0	0.736025	0
	0.116	0	0	1	0.997934	0	2.06612e-05	0.736025	0
	0.117	0	0	1	0.997934	0	2.06612e-05	0.736025	0
	0.118	0	0	1	0.997934	0	0	0.736025	0
	0.119	0	0	1	0.997934	0	0	0.736025	0
	0.12	0	0	1	0.997934	0	0	0.736025	0
	0.121	0	0	1	0.997934	0	0	0.736025	0
	0.122	0	0	1	0.997934	0	0	0.736025	0
	0.123	0	0	1	0.997934	0	2.06612e-05	0.736025	0
	0.124	0	0	1	0.997934	0	0	0.736025	0
	0.125	0	0	1	0.997934	0	0	0.736025	0
	0.126	0	0	1	0.997934	0	4.13223e-05	0.736025	0
	0.127	0	2.06612e-05	1	0.997934	0	0	0.736025	0
	0.128	0	0	1	0.995868	0	0	0.736025	0
	0.129	0	2.06612e-05	1	0.995868	0	0	0.736025	0
	0.13	0	0	1	0.993802	0	0	0.736025	0
	0.131	0	0	1	0.993802	0	0	0.736025	0
	0.132	0	0	1	0.993802	0	0	0.736025	0
	0.133	0	0	1	0.993802	0	0	0.736025	0
	0.134	0	0	1	0.993802	0	0	0.736025	0
	0.135	0	0	1	0.993802	0	0	0.736025	0
	0.136	0	0	1	0.993802	0	0	0.736025	0
	0.137	0	0	1	0.993802	0	0	0.736025	0
	0.138	0	0	1	0.993802	0	0	0.736025	0
	0.139	0	2.06612e-05	1	0.993802	0	0	0.736025	0
	0.14	0	2.06612e-05	1	0.991736	0	0	0.736025	0
	0.141	0	0	1	0.989669	0	0	0.736025	0
	0.142	0	0	1	0.989669	0	0	0.736025	0
	0.143	0	0	1	0.989669	0	0	0.736025	0
	0.144	0	0	1	0.989669	0	0	0.736025	0
	0.145	0	0	1	0.989669	0	0	0.736025	0
	0.146	0	0	1	0.989669	0	0	0.736025	0
	0.147	0	0	1	0.989669	0	0	0.736025	0
	0.148	0	0	1	0.989669	0	2.06612e-05	0.736025	0
	0.149	0	0	1	0.989669	0	0	0.736025	0
	0.15	0	0	1	0.989669	0	2.06612e-05	0.736025	0
	0.151	0	0	1	0.989669	0	0	0.736025	0
	0.152	0	0	1	0.989669	0	2.06612e-05	0.736025	0
	0.153	0	0	1	0.989669	0	0	0.736025	0
	0.154	0	0	1	0.989669	0	0	0.736025	0
	0.155	0	0	1	0.989669	0	0	0.736025	0
	0.156	0	0	1	0.989669	0	0	0.736025	0
	0.157	0	0	1	0.989669	0	0	0.736025	0
	0.158	0	0	1	0.989669	0	0	0.736025	0
	0.159	0	0	1	0.989669	0	0	0.736025	0
	0.16	0	0	1	0.989669	0	0	0.736025	0
	0.161	0	0	1	0.989669	0	0	0.736025	0
	0.162	0	0	1	0.989669	0	4.13223e-05	0.736025	0
	0.163	0	0	1	0.989669	0	2.06612e-05	0.736025	0
	0.164	0	2.06612e-05	1	0.989669	0	0	0.736025	0
	0.165	0	0	1	0.987603	0	0	0.736025	0
	0.166	0	0	1	0.987603	0	2.06612e-05	0.736025	0
	0.167	0	0	1	0.987603	0	0	0.736025	0
	0.168	0	0	1	0.987603	0	0	0.736025	0
	0.169	0	0	1	0.987603	0	0	0.736025	0
	0.17	0	0	1	0.987603	0	2.06612e-05	0.736025	0
	0.171	0	0	1	0.987603	0	2.06612e-05	0.736025	0
	0.172	0	0	1	0.987603	0	0	0.736025	0
	0.173	0	0	1	0.987603	0	2.06612e-05	0.736025	0
	0.174	0	0	1	0.987603	0	0	0.736025	0
	0.175	0	0	1	0.987603	0	0	0.736025	0
	0.176	0	0	1	0.987603	0	0	0.736025	0
	0.177	0	0	1	0.987603	0	2.06612e-05	0.736025	0
	0.178	0	0	1	0.987603	0	2.06612e-05	0.736025	0
	0.179	0	0	1	0.987603	0	0	0.736025	0
	0.18	0	0	1	0.987603	0	0	0.736025	0
	0.181	0	0	1	0.987603	0	0	0.736025	0
	0.182	0	0	1	0.987603	0	0	0.736025	0
	0.183	0	0	1	0.987603	0	0	0.736025	0
	0.184	0	0	1	0.987603	0	0	0.736025	0
	0.185	0	0	1	0.987603	0	0	0.736025	0
	0.186	0	0	1	0.987603	0	0	0.736025	0
	0.187	0	0	1	0.987603	0	0	0.736025	0
	0.188	0	0	1	0.987603	0	2.06612e-05	0.736025	0
	0.189	0	0	1	0.987603	0	0	0.736025	0
	0.19	0	0	1	0.987603	0	0	0.736025	0
	0.191	0	0	1	0.987603	0	0	0.736025	0
	0.192	0	2.06612e-05	1	0.987603	0	2.06612e-05	0.736025	0
	0.193	0	0	1	0.985537	0	2.06612e-05	0.736025	0
	0.194	0	2.06612e-05	1	0.985537	0	2.06612e-05	0.736025	0
	0.195	0	0	1	0.983471	0	0	0.736025	0
	0.196	0	0	1	0.983471	0	2.06612e-05	0.736025	0
	0.197	0	0	1	0.983471	0	0	0.736025	0
	0.198	0	0	1	0.983471	0	0	0.736025	0
	0.199	0	0	1	0.983471	0	2.06612e-05	0.736025	0
	0.2	0	0	1	0.983471	0	0	0.736025	0
	0.201	0	0	1	0.983471	0	0	0.736025	0
	0.202	0	0	1	0.983471	0	2.06612e-05	0.736025	0
	0.203	0	0	1	0.983471	0	0	0.736025	0
	0.204	0	0	1	0.983471	0	0	0.736025	0
	0.205	0	0	1	0.983471	0	2.06612e-05	0.736025	0
	0.206	0	0	1	0.983471	0	4.13223e-05	0.736025	0
	0.207	0	0	1	0.983471	0	2.06612e-05	0.736025	0
	0.208	0	0	1	0.983471	0	0	0.736025	0
	0.209	0	0	1	0.983471	0	0	0.736025	0
	0.21	0	0	1	0.983471	0	0	0.736025	0
	0.211	0	0	1	0.983471	0	0	0.736025	0
	0.212	0	0	1	0.983471	0	2.06612e-05	0.736025	0
	0.213	0	0	1	0.983471	0	0	0.736025	0
	0.214	0	0	1	0.983471	0	0	0.736025	0
	0.215	0	0	1	0.983471	0	2.06612e-05	0.736025	0
	0.216	0	0	1	0.983471	0	0	0.736025	0
	0.217	0	0	1	0.983471	0	2.06612e-05	0.736025	0
	0.218	0	4.13223e-05	1	0.983471	0	4.13223e-05	0.736025	0
	0.219	0	0	1	0.979339	0	0	0.736025	0
	0.22	0	0	1	0.979339	0	0	0.736025	0
	0.221	0	0	1	0.979339	0	2.06612e-05	0.736025	0
	0.222	0	0	1	0.979339	0	2.06612e-05	0.736025	0
	0.223	0	0	1	0.979339	0	2.06612e-05	0.736025	0
	0.224	0	0	1	0.979339	0	6.19835e-05	0.736025	0
	0.225	0	0	1	0.979339	0	0	0.736025	0
	0.226	0	0	1	0.979339	0	2.06612e-05	0.736025	0
	0.227	0	0	1	0.979339	0	6.19835e-05	0.736025	0
	0.228	0	0	1	0.979339	0	0	0.736025	0
	0.229	0	0	1	0.979339	0	2.06612e-05	0.736025	0
	0.23	0	0	1	0.979339	0	0	0.736025	0
	0.231	0	2.06612e-05	1	0.979339	0	0	0.736025	0
	0.232	0	2.06612e-05	1	0.979339	0	2.06612e-05	0.736025	0
	0.233	0	0	1	0.977273	0	4.13223e-05	0.736025	0
	0.234	0	0	1	0.977273	0	0	0.736025	0
	0.235	0	0	1	0.977273	0	0	0.736025	0
	0.236	0	0	1	0.977273	0	6.19835e-05	0.736025	0
	0.237	0	0	1	0.977273	0	6.19835e-05	0.736025	0
	0.238	0	2.06612e-05	1	0.977273	0	0	0.736025	0
	0.239	0	2.06612e-05	1	0.975207	0	4.13223e-05	0.736025	0
	0.24	0	0	1	0.97314	0	4.13223e-05	0.736025	0
	0.241	0	0	1	0.97314	0	2.06612e-05	0.736025	0
	0.242	0	0	1	0.97314	0	6.19835e-05	0.736025	0
	0.243	0	0	1	0.97314	0	2.06612e-05	0.736025	0
	0.244	0	0	1	0.97314	0	2.06612e-05	0.736025	0
	0.245	0	0	1	0.97314	0	4.13223e-05	0.736025	0
	0.246	0	0	1	0.97314	0	6.19835e-05	0.736025	0
	0.247	0	2.06612e-05	1	0.97314	0	2.06612e-05	0.736025	0
	0.248	0	0	1	0.971074	0	2.06612e-05	0.736025	0
	0.249	0	0	1	0.971074	0	2.06612e-05	0.736025	0
	0.25	0	0	1	0.971074	0	2.06612e-05	0.736025	0
	0.251	0	0	1	0.971074	0	2.06612e-05	0.736025	0
	0.252	0	2.06612e-05	1	0.971074	0	4.13223e-05	0.736025	0
	0.253	0	0	1	0.969008	0	2.06612e-05	0.736025	0
	0.254	0	0	1	0.969008	0	0	0.736025	0
	0.255	0	0	1	0.969008	0	0	0.736025	0
	0.256	0	2.06612e-05	1	0.969008	0	6.19835e-05	0.736025	0
	0.257	0	2.06612e-05	1	0.969008	0	2.06612e-05	0.736025	0
	0.258	0	0	1	0.969008	0	2.06612e-05	0.736025	0
	0.259	0	0	1	0.969008	0	2.06612e-05	0.736025	0
	0.26	0	0	1	0.969008	0	0	0.736025	0
	0.261	0	0	1	0.969008	0	2.06612e-05	0.736025	0
	0.262	0	2.06612e-05	1	0.969008	0	2.06612e-05	0.736025	0
	0.263	0	0	1	0.966942	0	0	0.736025	0
	0.264	0	0	1	0.966942	0	4.13223e-05	0.736025	0
	0.265	0	0	1	0.966942	0	0	0.736025	0
	0.266	0	2.06612e-05	1	0.966942	0	2.06612e-05	0.736025	0
	0.267	0	0	1	0.966942	0	6.19835e-05	0.736025	0
	0.268	0	0	1	0.966942	0	4.13223e-05	0.736025	0
	0.269	0	0	1	0.966942	0	6.19835e-05	0.736025	0
	0.27	0	0	1	0.966942	0	6.19835e-05	0.736025	0
	0.271	0	0	1	0.966942	0	0	0.736025	0
	0.272	0	0	1	0.966942	0	2.06612e-05	0.736025	0
	0.273	0	2.06612e-05	1	0.966942	0	8.26446e-05	0.736025	0
	0.274	0	0	1	0.964876	0	6.19835e-05	0.736025	0
	0.275	0	0	1	0.964876	0	4.13223e-05	0.736025	0
	0.276	0	0	1	0.964876	0	0	0.736025	0
	0.277	0	2.06612e-05	1	0.964876	0	4.13223e-05	0.736025	0
	0.278	0	2.06612e-05	1	0.964876	0	2.06612e-05	0.736025	0
	0.279	0	2.06612e-05	1	0.964876	0	2.06612e-05	0.736025	0
	0.28	0	0	1	0.964876	0	4.13223e-05	0.736025	0
	0.281	0	0	1	0.964876	2.06612e-05	4.13223e-05	0.736025	0
	0.282	0	0	1	0.964876	0	0	0.732919	0
	0.283	0	0	1	0.964876	0	6.19835e-05	0.732919	0
	0.284	0	0	1	0.964876	0	4.13223e-05	0.732919	0
	0.285	0	0	1	0.964876	0	4.13223e-05	0.732919	0
	0.286	0	0	1	0.964876	0	4.13223e-05	0.732919	0
	0.287	0	0	1	0.964876	0	4.13223e-05	0.732919	0
	0.288	0	2.06612e-05	1	0.964876	0	4.13223e-05	0.732919	0
	0.289	0	0	1	0.964876	0	8.26446e-05	0.732919	0
	0.29	0	2.06612e-05	1	0.964876	0	8.26446e-05	0.732919	0
	0.291	0	2.06612e-05	1	0.964876	0	2.06612e-05	0.732919	0
	0.292	0	2.06612e-05	1	0.96281	0	0.000103306	0.732919	0
	0.293	0	0	1	0.960744	0	0	0.732919	0
	0.294	0	0	1	0.960744	0	8.26446e-05	0.732919	0
	0.295	0	6.19835e-05	1	0.960744	0	2.06612e-05	0.732919	0
	0.296	0	2.06612e-05	1	0.954545	2.06612e-05	4.13223e-05	0.732919	0
	0.297	0	0	1	0.952479	0	2.06612e-05	0.732919	0
	0.298	0	0	1	0.952479	2.06612e-05	8.26446e-05	0.732919	0
	0.299	0	0	1	0.952479	0	4.13223e-05	0.732919	0
	0.3	0	0	1	0.952479	4.13223e-05	2.06612e-05	0.732919	0
	0.301	0	8.26446e-05	1	0.952479	2.06612e-05	2.06612e-05	0.732919	0
	0.302	0	0	1	0.946281	2.06612e-05	4.13223e-05	0.729814	0
	0.303	0	0	1	0.946281	0	4.13223e-05	0.729814	0
	0.304	0	0	1	0.946281	0	6.19835e-05	0.729814	0
	0.305	0	6.19835e-05	1	0.946281	6.19835e-05	4.13223e-05	0.729814	0
	0.306	0	4.13223e-05	1	0.942149	2.06612e-05	6.19835e-05	0.729814	0
	0.307	0	0	1	0.940083	4.13223e-05	2.06612e-05	0.729814	0
	0.308	0	2.06612e-05	1	0.940083	2.06612e-05	6.19835e-05	0.729814	0
	0.309	0	2.06612e-05	1	0.940083	4.13223e-05	8.26446e-05	0.729814	0
	0.31	0	2.06612e-05	1	0.940083	0.000103306	4.13223e-05	0.729814	0
	0.311	0	4.13223e-05	1	0.940083	2.06612e-05	2.06612e-05	0.729814	0
	0.312	0	0	1	0.938017	2.06612e-05	4.13223e-05	0.729814	0
	0.313	0	2.06612e-05	1	0.938017	2.06612e-05	8.26446e-05	0.729814	0
	0.314	0	0	1	0.93595	4.13223e-05	2.06612e-05	0.729814	0
	0.315	0	2.06612e-05	1	0.93595	6.19835e-05	6.19835e-05	0.729814	0
	0.316	0	0	1	0.933884	8.26446e-05	8.26446e-05	0.729814	0
	0.317	0	0	1	0.933884	0	6.19835e-05	0.729814	0
	0.318	0	2.06612e-05	1	0.933884	0.000103306	6.19835e-05	0.729814	0
	0.319	0	0	1	0.931818	8.26446e-05	8.26446e-05	0.729814	0
	0.32	0	0	1	0.931818	2.06612e-05	8.26446e-05	0.729814	0
	0.321	0	0	1	0.931818	0.000123967	6.19835e-05	0.729814	0
	0.322	0	0	1	0.931818	0.000103306	0.000144628	0.729814	0
	0.323	0	0	1	0.931818	6.19835e-05	4.13223e-05	0.729814	0
	0.324	0	2.06612e-05	1	0.931818	0.000103306	0.000123967	0.729814	0
	0.325	0	2.06612e-05	1	0.931818	8.26446e-05	2.06612e-05	0.729814	0
	0.326	0	0	1	0.929752	8.26446e-05	4.13223e-05	0.729814	0
	0.327	0	0	1	0.929752	4.13223e-05	8.26446e-05	0.729814	0
	0.328	0	2.06612e-05	1	0.929752	0.000144628	0.000103306	0.729814	0
	0.329	0	2.06612e-05	1	0.927686	0.000144628	6.19835e-05	0.729814	0
	0.33	0	4.13223e-05	1	0.927686	0.000206612	2.06612e-05	0.729814	0
	0.331	0	0	1	0.923554	4.13223e-05	6.19835e-05	0.729814	0
	0.332	0	0	1	0.923554	6.19835e-05	2.06612e-05	0.729814	0
	0.333	0	2.06612e-05	1	0.923554	4.13223e-05	2.06612e-05	0.729814	0
	0.334	0	2.06612e-05	1	0.921488	0.000103306	4.13223e-05	0.729814	0
	0.335	0	2.06612e-05	1	0.919421	0.000103306	4.13223e-05	0.729814	0
	0.336	0	6.19835e-05	1	0.917355	0.00018595	6.19835e-05	0.729814	0
	0.337	0	2.06612e-05	1	0.911157	4.13223e-05	4.13223e-05	0.729814	0
	0.338	0	2.06612e-05	1	0.911157	4.13223e-05	0.000144628	0.729814	0
	0.339	0	0	1	0.911157	4.13223e-05	0.000123967	0.729814	0
	0.34	0	0	1	0.911157	8.26446e-05	0.000165289	0.729814	0
	0.341	0	0	1	0.911157	8.26446e-05	4.13223e-05	0.729814	0
	0.342	0	0	1	0.911157	6.19835e-05	8.26446e-05	0.729814	0
	0.343	0	0	1	0.911157	8.26446e-05	2.06612e-05	0.729814	0
	0.344	0	0	1	0.911157	6.19835e-05	6.19835e-05	0.729814	0
	0.345	0	0	1	0.911157	2.06612e-05	8.26446e-05	0.729814	0
	0.346	0	2.06612e-05	1	0.911157	0.000103306	0.000144628	0.729814	0
	0.347	0	2.06612e-05	1	0.911157	8.26446e-05	6.19835e-05	0.729814	0
	0.348	0	2.06612e-05	1	0.911157	6.19835e-05	0.000103306	0.729814	0
	0.349	0	4.13223e-05	1	0.909091	2.06612e-05	0.000144628	0.729814	0
	0.35	0	2.06612e-05	1	0.909091	8.26446e-05	4.13223e-05	0.729814	0
	0.351	0	2.06612e-05	1	0.909091	0.000103306	0.000144628	0.729814	0
	0.352	0	0	1	0.909091	6.19835e-05	0.000123967	0.729814	0
	0.353	0	4.13223e-05	1	0.909091	6.19835e-05	0.000123967	0.729814	0
	0.354	0	0	1	0.909091	8.26446e-05	6.19835e-05	0.729814	0
	0.355	0	2.06612e-05	1	0.909091	2.06612e-05	8.26446e-05	0.729814	0
	0.356	0	2.06612e-05	1	0.909091	4.13223e-05	0.000103306	0.729814	0
	0.357	0	2.06612e-05	1	0.907025	8.26446e-05	0.000103306	0.729814	0
	0.358	0	0	1	0.907025	0.000103306	0.000123967	0.729814	0
	0.359	0	4.13223e-05	1	0.907025	2.06612e-05	2.06612e-05	0.729814	0
	0.36	0	4.13223e-05	1	0.904959	2.06612e-05	8.26446e-05	0.729814	0
	0.361	0	2.06612e-05	1	0.904959	2.06612e-05	0.000123967	0.729814	0
	0.362	0	4.13223e-05	1	0.902893	0	0.000123967	0.729814	0
	0.363	0	0	1	0.900826	0	8.26446e-05	0.729814	0
	0.364	0	0	1	0.900826	2.06612e-05	2.06612e-05	0.729814	0
	0.365	0	6.19835e-05	1	0.900826	0	0.000144628	0.729814	0
	0.366	0	4.13223e-05	1	0.89876	4.13223e-05	0.000165289	0.729814	0
	0.367	0	2.06612e-05	1	0.896694	0	0.000268595	0.729814	0
	0.368	0	4.13223e-05	1	0.896694	0	0.00018595	0.729814	0
	0.369	0	4.13223e-05	1	0.896694	2.06612e-05	0.00018595	0.729814	0
	0.37	0	4.13223e-05	1	0.896694	2.06612e-05	6.19835e-05	0.729814	0
	0.371	0	0	1	0.892562	4.13223e-05	8.26446e-05	0.729814	0
	0.372	0	2.06612e-05	1	0.892562	2.06612e-05	0.000165289	0.729814	0
	0.373	0	4.13223e-05	1	0.892562	2.06612e-05	0.000165289	0.726708	0
	0.374	0	2.06612e-05	1	0.890496	4.13223e-05	0.00018595	0.726708	0
	0.375	0	0	1	0.890496	4.13223e-05	0.000144628	0.728972	0
	0.376	0	4.13223e-05	1	0.890496	2.06612e-05	0.000206612	0.728972	0
	0.377	0	4.13223e-05	1	0.88843	4.13223e-05	6.19835e-05	0.73125	0
	0.378	0	2.06612e-05	1	0.886364	4.13223e-05	8.26446e-05	0.73125	0
	0.379	0	0	1	0.886364	2.06612e-05	4.13223e-05	0.73125	0
	0.38	0	2.06612e-05	1	0.886364	0.000123967	0.000247934	0.73125	0
	0.381	0	0	1	0.884298	0	0.000123967	0.728125	0
	0.382	0	6.19835e-05	1	0.884298	4.13223e-05	0.000206612	0.728125	0
	0.383	2.06612e-05	4.13223e-05	1	0.882231	0.00018595	0.000227273	0.728125	0
	0.384	0	2.06612e-05	0.997934	0.880165	0.000123967	0.000123967	0.728125	0
	0.385	0	4.13223e-05	0.997934	0.880165	0.000123967	0.000206612	0.728125	0
	0.386	0	6.19835e-05	0.997934	0.880165	0.000144628	0.000144628	0.728125	0
	0.387	2.06612e-05	0	0.997934	0.880165	0.000103306	0.000144628	0.728125	0
	0.388	0	2.06612e-05	0.997934	0.880165	0.000103306	0.000165289	0.728125	0
	0.389	4.13223e-05	4.13223e-05	0.997934	0.880165	0.000289256	0.000144628	0.728125	0
	0.39	2.06612e-05	4.13223e-05	0.997934	0.880165	0.000165289	0.000144628	0.728125	0
	0.391	0	0	0.997934	0.880165	0.000123967	0.000206612	0.728125	0
	0.392	0	4.13223e-05	0.997934	0.880165	0.000144628	0.00018595	0.728125	0
	0.393	2.06612e-05	4.13223e-05	0.997934	0.878099	0.000371901	0.000165289	0.728125	0
	0.394	2.06612e-05	6.19835e-05	0.997934	0.878099	0.000289256	0.000206612	0.728125	0
	0.395	2.06612e-05	2.06612e-05	0.997934	0.876033	0.000206612	0.000268595	0.728125	0
	0.396	0	6.19835e-05	0.997934	0.873967	0.000268595	0.000123967	0.728125	0
	0.397	2.06612e-05	4.13223e-05	0.997934	0.869835	0.000247934	0.000144628	0.728125	0
	0.398	2.06612e-05	0	0.997934	0.865702	0.000289256	0.000103306	0.728125	0
	0.399	8.26446e-05	4.13223e-05	0.997934	0.865702	0.000227273	0.000103306	0.728125	0
	0.4	2.06612e-05	2.06612e-05	0.997934	0.863636	0.000289256	0.000247934	0.728125	0
	0.401	2.06612e-05	0	0.997934	0.863636	0.000309917	0.000165289	0.728125	0
	0.402	0	2.06612e-05	0.997934	0.863636	0.00035124	0.000144628	0.728125	0
	0.403	6.19835e-05	2.06612e-05	0.997934	0.86157	0.000330579	0.000309917	0.728125	0
	0.404	4.13223e-05	6.19835e-05	0.997934	0.86157	0.000227273	0.000123967	0.728125	0
	0.405	0.000123967	2.06612e-05	0.997934	0.859504	0.000309917	0.00018595	0.728125	0
	0.406	8.26446e-05	2.06612e-05	0.997934	0.859504	0.000289256	0.000206612	0.728125	0
	0.407	2.06612e-05	4.13223e-05	0.997934	0.859504	0.000227273	0.000206612	0.728125	0
	0.408	4.13223e-05	2.06612e-05	0.997934	0.855372	0.000268595	0.000227273	0.728125	0
	0.409	4.13223e-05	0	0.997934	0.853306	0.000227273	0.000227273	0.728125	0
	0.41	4.13223e-05	2.06612e-05	0.997934	0.853306	0.00035124	0.000247934	0.728125	0
	0.411	0	0	0.997934	0.853306	0.000309917	0.000371901	0.728125	0
	0.412	2.06612e-05	4.13223e-05	0.997934	0.853306	0.000227273	0.000289256	0.728125	0
	0.413	8.26446e-05	0	0.997934	0.85124	0.000268595	0.000206612	0.728125	0
	0.414	6.19835e-05	0	0.997934	0.85124	0.000330579	0.000165289	0.725	0
	0.415	2.06612e-05	4.13223e-05	0.997934	0.85124	0.000247934	0.00018595	0.725	0
	0.416	0	2.06612e-05	0.997934	0.85124	0.000103306	0.000309917	0.725	0
	0.417	0.000123967	0	0.997934	0.85124	0.00018595	0.000268595	0.725	0
	0.418	4.13223e-05	8.26446e-05	0.997934	0.85124	0.000289256	0.000289256	0.725	0
	0.419	4.13223e-05	6.19835e-05	0.997934	0.847107	0.00018595	0.000289256	0.727273	0
	0.42	4.13223e-05	0	0.997934	0.845041	0.000371901	0.000268595	0.727273	0
	0.421	6.19835e-05	2.06612e-05	0.997934	0.845041	0.00018595	0.000227273	0.727273	0
	0.422	6.19835e-05	8.26446e-05	0.997934	0.845041	0.000227273	0.00035124	0.727273	0
	0.423	2.06612e-05	4.13223e-05	0.997934	0.842975	0.000247934	0.000247934	0.724138	0
	0.424	4.13223e-05	4.13223e-05	0.997934	0.842975	8.26446e-05	0.000206612	0.724138	0
	0.425	4.13223e-05	8.26446e-05	0.997934	0.842975	0.000144628	0.000247934	0.724138	0
	0.426	6.19835e-05	8.26446e-05	0.997934	0.842975	0.000268595	0.000206612	0.721003	0
	0.427	4.13223e-05	0	0.997934	0.840909	0.000123967	0.000247934	0.72327	0
	0.428	4.13223e-05	2.06612e-05	0.997934	0.840909	0.000165289	0.000144628	0.72327	0
	0.429	4.13223e-05	0	0.997934	0.840909	0.000144628	0.000268595	0.720126	0
	0.43	4.13223e-05	0	0.997934	0.840909	8.26446e-05	0.000289256	0.716981	0
	0.431	4.13223e-05	2.06612e-05	0.997934	0.840909	0.000268595	0.000330579	0.716981	0
	0.432	4.13223e-05	6.19835e-05	0.997934	0.840909	0.000144628	0.000330579	0.719243	0
	0.433	4.13223e-05	4.13223e-05	0.997934	0.840909	0.000103306	0.00018595	0.719243	0
	0.434	0	0	0.997934	0.838843	0.000227273	0.000392562	0.719243	0
	0.435	2.06612e-05	0	0.997934	0.838843	0.000165289	0.000309917	0.719243	0
	0.436	2.06612e-05	2.06612e-05	0.997934	0.838843	0.000144628	0.000309917	0.719243	0
	0.437	0	0	0.997934	0.838843	0.000165289	0.000330579	0.721519	0
	0.438	0	0	0.997934	0.838843	0.000103306	0.000371901	0.721519	0
	0.439	0	0	0.997934	0.838843	0.000206612	0.000268595	0.721519	0
	0.44	2.06612e-05	4.13223e-05	0.997934	0.838843	0.000227273	0.000309917	0.721519	0
	0.441	0	0	0.997934	0.838843	0.000289256	0.000206612	0.72381	0
	0.442	4.13223e-05	4.13223e-05	0.997934	0.838843	0.000227273	0.000392562	0.72381	0
	0.443	4.13223e-05	8.26446e-05	0.997934	0.838843	0.000103306	0.000454545	0.726115	0
	0.444	0	4.13223e-05	0.997934	0.838843	0.000123967	0.00018595	0.726115	0
	0.445	2.06612e-05	4.13223e-05	0.997934	0.836777	8.26446e-05	0.000371901	0.726115	0
	0.446	0	4.13223e-05	0.997934	0.836777	0.000268595	0.000247934	0.726115	0
	0.447	2.06612e-05	8.26446e-05	0.997934	0.836777	0.000165289	0.000392562	0.72293	0
	0.448	2.06612e-05	2.06612e-05	0.997934	0.836777	0.000247934	0.000475207	0.72293	0
	0.449	0	2.06612e-05	0.997934	0.836777	0.000247934	0.000433884	0.72293	0
	0.45	0	0	0.997934	0.836777	0.000206612	0.000454545	0.72293	0
	0.451	4.13223e-05	4.13223e-05	0.997934	0.836777	0.00053719	0.000516529	0.72293	0
	0.452	0	2.06612e-05	0.997934	0.836777	0.000309917	0.000433884	0.72293	0
	0.453	0	2.06612e-05	0.997934	0.836777	0.00035124	0.000454545	0.72293	0
	0.454	0	2.06612e-05	0.997934	0.834711	0.000268595	0.000392562	0.72293	0
	0.455	0	2.06612e-05	0.997934	0.834711	0.00035124	0.000599174	0.72524	0
	0.456	2.06612e-05	4.13223e-05	0.997934	0.832645	0.000247934	0.000475207	0.727564	0
	0.457	0	0	1	0.832645	0.000557851	0.000371901	0.729904	0
	0.458	0	4.13223e-05	1	0.832645	0.00035124	0.000454545	0.729904	0
	0.459	0	4.13223e-05	1	0.830579	0.000268595	0.000516529	0.723473	0
	0.46	0	0.000103306	1	0.830579	0.000330579	0.000433884	0.723473	0
	0.461	0	4.13223e-05	1	0.826446	0.000371901	0.000475207	0.723473	0
	0.462	0	0.000103306	1	0.826446	0.00035124	0.00053719	0.720257	0
	0.463	0	0	1	0.82438	0.000557851	0.000495868	0.720257	0
	0.464	0	6.19835e-05	1	0.82438	0.000330579	0.000661157	0.720257	0
	0.465	0	6.19835e-05	1	0.822314	0.00053719	0.000578512	0.722581	0
	0.466	0	0.000103306	1	0.822314	0.000578512	0.000454545	0.722581	0
	0.467	2.06612e-05	6.19835e-05	1	0.820248	0.000309917	0.000557851	0.722581	0
	0.468	0	2.06612e-05	0.99793	0.816116	0.000475207	0.000619835	0.719355	0
	0.469	0	0.000206612	0.99793	0.81405	0.000661157	0.000640496	0.719355	0
	0.47	2.06612e-05	6.19835e-05	0.99793	0.809917	0.000557851	0.000640496	0.719355	0
	0.471	4.13223e-05	0.000144628	0.99793	0.809917	0.000681818	0.00053719	0.719355	0
	0.472	2.06612e-05	4.13223e-05	0.99793	0.807851	0.000578512	0.000516529	0.719355	0
	0.473	0	6.19835e-05	0.99793	0.807851	0.000950413	0.000681818	0.719355	0
	0.474	0	8.26446e-05	0.99793	0.807851	0.000661157	0.00053719	0.716129	0
	0.475	2.06612e-05	6.19835e-05	0.99793	0.805785	0.000661157	0.000475207	0.718447	0
	0.476	2.06612e-05	4.13223e-05	0.99793	0.805785	0.000640496	0.000681818	0.720779	0
	0.477	0	4.13223e-05	0.99793	0.805785	0.000619835	0.000743802	0.717532	0
	0.478	0	6.19835e-05	0.99793	0.805785	0.000743802	0.000681818	0.717532	0
	0.479	0	6.19835e-05	0.99793	0.805785	0.000599174	0.000909091	0.714286	0
	0.48	2.06612e-05	8.26446e-05	0.99793	0.803719	0.000599174	0.000950413	0.714286	0
	0.481	2.06612e-05	0.000123967	0.99793	0.803719	0.000557851	0.000909091	0.714286	0
	0.482	0	8.26446e-05	0.99793	0.801653	0.000743802	0.00113636	0.714286	0
	0.483	0	2.06612e-05	0.99793	0.801653	0.000826446	0.000785124	0.714286	0
	0.484	4.13223e-05	0	0.99793	0.801653	0.000702479	0.00088843	0.718954	0
	0.485	2.06612e-05	2.06612e-05	0.99793	0.801653	0.000743802	0.000764463	0.715686	0
	0.486	6.19835e-05	8.26446e-05	0.99793	0.801653	0.00053719	0.0011157	0.712418	0
	0.487	4.13223e-05	2.06612e-05	0.99793	0.801653	0.000743802	0.000971074	0.70915	0
	0.488	4.13223e-05	2.06612e-05	0.99793	0.801653	0.000909091	0.00119835	0.70915	0
	0.489	4.13223e-05	8.26446e-05	0.99793	0.801653	0.000929752	0.00113636	0.713816	0
	0.49	2.06612e-05	0.000103306	0.99793	0.801653	0.0011157	0.00109504	0.713816	0
	0.491	8.26446e-05	4.13223e-05	0.99793	0.799587	0.00119835	0.000950413	0.713816	0
	0.492	2.06612e-05	4.13223e-05	0.99793	0.799587	0.00119835	0.00136364	0.713816	0
	0.493	2.06612e-05	8.26446e-05	0.99793	0.799587	0.00109504	0.00132231	0.713816	0
	0.494	4.13223e-05	2.06612e-05	0.99793	0.795455	0.00105372	0.00113636	0.716172	0
	0.495	6.19835e-05	2.06612e-05	0.99793	0.795455	0.00107438	0.0013843	0.716172	0
	0.496	6.19835e-05	8.26446e-05	0.99793	0.795455	0.00117769	0.00140496	0.712871	0
	0.497	6.19835e-05	2.06612e-05	0.99793	0.795455	0.0013843	0.00161157	0.712871	0
	0.498	6.19835e-05	6.19835e-05	0.99793	0.795455	0.00157025	0.00171488	0.712871	0
	0.499	4.13223e-05	4.13223e-05	0.99793	0.795455	0.00183884	0.00154959	0.712871	0
	0.5	2.06612e-05	6.19835e-05	0.99793	0.795455	0.00233471	0.00190083	0.708609	0
	0.501	0.000103306	0.000103306	0.99793	0.795455	0.0017562	0.00179752	0.697674	0
	0.502	0.000103306	6.19835e-05	0.99793	0.795455	0.00243802	0.0014876	0.687708	0
	0.503	4.13223e-05	4.13223e-05	0.99793	0.789256	0.00206612	0.00194215	0.676667	0
	0.504	0.000103306	2.06612e-05	0.99793	0.789256	0.0021281	0.00192149	0.676667	0
	0.505	6.19835e-05	2.06612e-05	0.995859	0.789256	0.00225207	0.00173554	0.675585	0
	0.506	2.06612e-05	0.000144628	0.995859	0.789256	0.00216942	0.00154959	0.672241	0
	0.507	2.06612e-05	4.13223e-05	0.995859	0.78719	0.00198347	0.00188017	0.673401	0
	0.508	2.06612e-05	4.13223e-05	0.995859	0.78719	0.00206612	0.00152893	0.675768	0
	0.509	4.13223e-05	8.26446e-05	0.995859	0.78719	0.00221074	0.00163223	0.665529	0
	0.51	6.19835e-05	8.26446e-05	0.995859	0.78719	0.00225207	0.00171488	0.66323	0
	0.511	2.06612e-05	2.06612e-05	0.995859	0.785124	0.00229339	0.00173554	0.670139	0
	0.512	4.13223e-05	4.13223e-05	0.995859	0.785124	0.00233471	0.00169421	0.674825	0
	0.513	4.13223e-05	4.13223e-05	0.995859	0.783058	0.00264463	0.00161157	0.673684	0
	0.514	6.19835e-05	8.26446e-05	0.995859	0.783058	0.00208678	0.00183884	0.672535	0
	0.515	6.19835e-05	6.19835e-05	0.995859	0.783058	0.00237603	0.00159091	0.667845	0
	0.516	4.13223e-05	6.19835e-05	0.995859	0.780992	0.00210744	0.0014876	0.669039	0
	0.517	4.13223e-05	6.19835e-05	0.995859	0.780992	0.00208678	0.00183884	0.673835	0
	0.518	4.13223e-05	2.06612e-05	0.995859	0.778926	0.00208678	0.00157025	0.68	0
	0.519	6.19835e-05	0.000103306	0.995859	0.77686	0.00194215	0.0018595	0.676364	0
	0.52	8.26446e-05	6.19835e-05	0.995859	0.774793	0.00204545	0.00165289	0.671533	0
	0.521	0	6.19835e-05	0.995859	0.772727	0.00227273	0.00152893	0.671533	0
	0.522	8.26446e-05	8.26446e-05	0.995859	0.772727	0.00258264	0.00177686	0.673993	0
	0.523	0	0.000123967	0.993789	0.770661	0.00206612	0.00196281	0.678967	0
	0.524	4.13223e-05	2.06612e-05	0.993789	0.768595	0.00210744	0.00196281	0.680297	0
	0.525	2.06612e-05	0.000144628	0.993789	0.766529	0.00208678	0.00173554	0.675373	0
	0.526	8.26446e-05	0.000123967	0.993789	0.766529	0.00206612	0.0017562	0.680451	0
	0.527	0.000103306	6.19835e-05	0.993789	0.762397	0.00247934	0.00171488	0.680451	0
	0.528	6.19835e-05	6.19835e-05	0.993789	0.762397	0.00227273	0.00183884	0.680451	0
	0.529	2.06612e-05	6.19835e-05	0.993789	0.762397	0.00210744	0.00163223	0.685606	0
	0.53	0	0.000123967	0.993789	0.762397	0.00274793	0.00214876	0.685606	0
	0.531	2.06612e-05	2.06612e-05	0.993789	0.762397	0.00245868	0.00150826	0.67803	0
	0.532	4.13223e-05	0.000103306	0.993789	0.762397	0.00264463	0.00169421	0.681992	0
	0.533	2.06612e-05	4.13223e-05	0.993789	0.760331	0.00221074	0.00173554	0.680769	0
	0.534	6.19835e-05	8.26446e-05	0.993789	0.758264	0.00210744	0.00171488	0.678295	0
	0.535	6.19835e-05	0.000103306	0.993789	0.756198	0.00210744	0.00202479	0.674419	0
	0.536	0.000123967	8.26446e-05	0.993789	0.754132	0.00227273	0.00188017	0.66537	0
	0.537	0.000103306	6.19835e-05	0.993789	0.754132	0.00233471	0.00206612	0.661479	0
	0.538	2.06612e-05	0.00018595	0.995851	0.75	0.00227273	0.00154959	0.657588	0
	0.539	4.13223e-05	8.26446e-05	0.995851	0.75	0.00264463	0.00171488	0.660156	0
	0.54	6.19835e-05	8.26446e-05	0.995851	0.747934	0.00247934	0.00179752	0.665354	0
	0.541	0.000103306	8.26446e-05	0.995851	0.747934	0.00235537	0.00177686	0.661417	0
	0.542	0.000144628	8.26446e-05	0.995851	0.745868	0.00247934	0.0021281	0.660079	0
	0.543	6.19835e-05	4.13223e-05	0.995851	0.745868	0.00227273	0.00194215	0.65873	0
	0.544	6.19835e-05	6.19835e-05	0.995851	0.745868	0.0025	0.00173554	0.664	0
	0.545	0.00018595	6.19835e-05	0.995851	0.745868	0.00225207	0.00181818	0.672065	0
	0.546	0.000103306	0.000123967	0.995851	0.745868	0.00243802	0.00206612	0.668016	0
	0.547	0	0	0.995851	0.745868	0.00233471	0.00169421	0.670732	0
	0.548	0.000123967	6.19835e-05	0.995851	0.745868	0.00225207	0.00192149	0.658537	0
	0.549	0.000103306	6.19835e-05	0.995851	0.741736	0.00270661	0.00188017	0.657143	0
	0.55	4.13223e-05	0.000103306	0.995851	0.741736	0.00229339	0.00177686	0.658436	0
	0.551	8.26446e-05	4.13223e-05	0.995851	0.741736	0.00256198	0.00177686	0.658436	0
	0.552	8.26446e-05	8.26446e-05	0.995851	0.741736	0.0022314	0.00165289	0.658436	0
	0.553	4.13223e-05	6.19835e-05	0.995851	0.741736	0.00177686	0.00173554	0.666667	0
	0.554	8.26446e-05	8.26446e-05	0.995851	0.741736	0.00252066	0.00169421	0.666667	0
	0.555	0	4.13223e-05	0.995851	0.741736	0.0025	0.00157025	0.6625	0
	0.556	0.000103306	0.000103306	0.995851	0.741736	0.00245868	0.00150826	0.663866	0
	0.557	6.19835e-05	0.000144628	0.995851	0.737603	0.00219008	0.00183884	0.649789	0
	0.558	0.000103306	4.13223e-05	0.995851	0.735537	0.00210744	0.00167355	0.64557	0
	0.559	8.26446e-05	0.000123967	0.995851	0.735537	0.00202479	0.00181818	0.644068	0
	0.56	0.000103306	6.19835e-05	0.995851	0.731405	0.00179752	0.00154959	0.649573	0
	0.561	4.13223e-05	4.13223e-05	0.995851	0.731405	0.0021281	0.00188017	0.648069	0
	0.562	2.06612e-05	0.000123967	0.995851	0.729339	0.00216942	0.00157025	0.636364	0
	0.563	6.19835e-05	4.13223e-05	0.995851	0.72314	0.00221074	0.00161157	0.632035	0
	0.564	8.26446e-05	4.13223e-05	0.995851	0.72314	0.00219008	0.00169421	0.634783	0
	0.565	8.26446e-05	0.000103306	0.995851	0.72314	0.00154959	0.00196281	0.634783	0
	0.566	6.19835e-05	0.000123967	0.995851	0.721074	0.00200413	0.00173554	0.635965	0
	0.567	0.000165289	0.000103306	0.995851	0.719008	0.00163223	0.00181818	0.638767	0
	0.568	6.19835e-05	0.000103306	0.995851	0.719008	0.00194215	0.00183884	0.634361	0
	0.569	2.06612e-05	0.000103306	0.995851	0.71281	0.00198347	0.00221074	0.637168	0
	0.57	0.000144628	6.19835e-05	0.995851	0.710744	0.00163223	0.00179752	0.633929	0
	0.571	4.13223e-05	0.000144628	0.995851	0.710744	0.00214876	0.00214876	0.629464	0
	0.572	8.26446e-05	8.26446e-05	0.995851	0.706612	0.00179752	0.00152893	0.626126	0
	0.573	0	0.000144628	0.995851	0.706612	0.00192149	0.00173554	0.624434	0
	0.574	4.13223e-05	8.26446e-05	0.995851	0.702479	0.0021281	0.00192149	0.627273	0
	0.575	6.19835e-05	0.000144628	0.995851	0.702479	0.00171488	0.00200413	0.616438	0
	0.576	6.19835e-05	8.26446e-05	0.995851	0.700413	0.0017562	0.00161157	0.612903	0
	0.577	0	2.06612e-05	0.995851	0.700413	0.00202479	0.00179752	0.611111	0
	0.578	0.000103306	8.26446e-05	0.995851	0.700413	0.0018595	0.00167355	0.604651	0
	0.579	4.13223e-05	0.000123967	0.993776	0.698347	0.00227273	0.00188017	0.595349	0
	0.58	8.26446e-05	4.13223e-05	0.993776	0.698347	0.00200413	0.00188017	0.591549	0
	0.581	8.26446e-05	0.000268595	0.993776	0.696281	0.00229339	0.00229339	0.597156	0
	0.582	2.06612e-05	0.000103306	0.993776	0.690083	0.00200413	0.00169421	0.590476	0
	0.583	0	0.000165289	0.993776	0.68595	0.00198347	0.00113636	0.593301	0
	0.584	6.19835e-05	6.19835e-05	0.993776	0.683884	0.00206612	0.00157025	0.601942	0
	0.585	4.13223e-05	0.000123967	0.993776	0.681818	0.00208678	0.00183884	0.607843	0
	0.586	6.19835e-05	8.26446e-05	0.993776	0.681818	0.00204545	0.0014876	0.605911	0
	0.587	0	0.000103306	0.993776	0.681818	0.00159091	0.00183884	0.608911	0
	0.588	2.06612e-05	6.19835e-05	0.993776	0.677686	0.00190083	0.00206612	0.608911	0
	0.589	4.13223e-05	6.19835e-05	0.995842	0.67562	0.00198347	0.00188017	0.61194	0
	0.59	0	0.000144628	0.995842	0.67562	0.00227273	0.0018595	0.615	0
	0.591	2.06612e-05	0.000123967	0.995842	0.67562	0.00221074	0.00181818	0.622449	0
	0.592	2.06612e-05	0.000247934	0.995842	0.671488	0.00169421	0.0017562	0.612245	0
	0.593	2.06612e-05	2.06612e-05	0.995842	0.667355	0.00190083	0.00152893	0.613402	0
	0.594	2.06612e-05	6.19835e-05	0.995842	0.667355	0.00214876	0.00204545	0.608247	0
	0.595	2.06612e-05	4.13223e-05	0.995842	0.667355	0.0017562	0.00173554	0.609375	0
	0.596	0	0.000165289	0.995842	0.665289	0.00239669	0.00161157	0.615789	0
	0.597	4.13223e-05	0.000144628	0.995842	0.665289	0.00225207	0.00183884	0.619048	0
	0.598	4.13223e-05	0.00018595	0.995842	0.661157	0.00196281	0.00200413	0.619048	0
	0.599	6.19835e-05	6.19835e-05	0.995842	0.661157	0.00200413	0.00208678	0.611702	0
	0.6	4.13223e-05	6.19835e-05	0.997917	0.661157	0.00192149	0.00198347	0.614973	0
	0.601	4.13223e-05	4.13223e-05	0.997917	0.659091	0.0021281	0.0017562	0.609626	0
	0.602	0	0.00018595	0.997917	0.659091	0.00202479	0.00179752	0.612903	0
	0.603	4.13223e-05	0.000123967	0.997917	0.659091	0.00235537	0.00190083	0.607527	0
	0.604	2.06612e-05	0.000165289	0.997917	0.657025	0.00214876	0.00177686	0.605405	0
	0.605	0	0.000103306	0.997917	0.657025	0.00200413	0.00229339	0.615385	0
	0.606	4.13223e-05	0.000165289	0.997917	0.652893	0.00243802	0.00152893	0.618785	0
	0.607	2.06612e-05	0.000165289	0.997917	0.650826	0.00208678	0.00179752	0.608939	0
	0.608	2.06612e-05	0.000206612	0.997917	0.64876	0.00227273	0.00188017	0.61236	0
	0.609	0.000123967	0.000103306	0.997917	0.644628	0.00260331	0.00192149	0.606742	0
	0.61	0	0.000206612	0.997917	0.640496	0.00216942	0.00152893	0.595506	0
	0.611	8.26446e-05	0.00018595	0.997917	0.63843	0.00202479	0.00173554	0.59887	0
	0.612	2.06612e-05	0.000103306	0.997917	0.632231	0.00194215	0.00183884	0.59322	0
	0.613	2.06612e-05	0.000123967	0.997917	0.630165	0.00233471	0.00173554	0.59322	0
	0.614	4.13223e-05	0.000103306	0.997917	0.628099	0.00210744	0.00181818	0.579545	0
	0.615	8.26446e-05	0.000144628	0.995833	0.626033	0.00173554	0.0017562	0.582857	0
	0.616	6.19835e-05	8.26446e-05	0.995833	0.623967	0.00177686	0.00169421	0.586207	0
	0.617	4.13223e-05	0.000165289	0.995833	0.617769	0.00233471	0.00161157	0.575581	0
	0.618	0	8.26446e-05	0.995833	0.615702	0.0017562	0.00183884	0.555556	0
	0.619	4.13223e-05	0.000206612	0.995833	0.613636	0.00171488	0.00167355	0.556213	0
	0.62	8.26446e-05	0.000206612	0.995833	0.613636	0.0018595	0.00183884	0.550296	0
	0.621	2.06612e-05	0.000165289	0.995833	0.61157	0.00219008	0.00159091	0.556886	0
	0.622	0.000103306	0.000123967	0.995833	0.61157	0.0021281	0.00169421	0.548193	0
	0.623	0	0.000103306	0.99375	0.607438	0.0017562	0.00183884	0.551515	0
	0.624	4.13223e-05	0.00018595	0.99375	0.607438	0.00216942	0.00146694	0.551515	0
	0.625	0.000123967	0.000123967	0.99375	0.605372	0.0021281	0.00210744	0.539394	0
	0.626	2.06612e-05	0.000227273	0.99375	0.605372	0.00196281	0.00179752	0.536585	0
	0.627	4.13223e-05	0.000165289	0.99375	0.60124	0.00202479	0.00165289	0.539877	0
	0.628	0.000123967	6.19835e-05	0.99375	0.599174	0.00165289	0.00183884	0.546584	0
	0.629	4.13223e-05	0.000206612	0.99375	0.599174	0.00188017	0.00179752	0.52795	0
	0.63	0.000144628	0.000103306	0.99375	0.592975	0.00183884	0.00198347	0.5125	0
	0.631	0.000103306	0.000144628	0.99375	0.592975	0.00208678	0.00173554	0.509434	0
	0.632	6.19835e-05	0.000144628	0.99375	0.590909	0.00198347	0.00188017	0.515924	0
	0.633	0.000103306	4.13223e-05	0.99375	0.590909	0.00200413	0.00188017	0.515924	0
	0.634	0.000123967	0.000144628	0.99375	0.588843	0.00200413	0.00194215	0.512821	0
	0.635	0.000123967	0.000144628	0.99375	0.586777	0.00192149	0.00210744	0.519481	0
	0.636	0.000103306	0.000103306	0.99375	0.580579	0.00181818	0.00181818	0.519737	0
	0.637	6.19835e-05	8.26446e-05	0.99375	0.580579	0.00177686	0.00165289	0.516556	0
	0.638	0	0.00018595	0.99375	0.578512	0.00210744	0.00188017	0.516556	0
	0.639	0.000103306	0.000206612	0.99375	0.576446	0.00167355	0.00190083	0.513333	0
	0.64	8.26446e-05	0.00018595	0.99375	0.57438	0.00204545	0.00221074	0.52381	0
	0.641	0.000144628	0.000123967	0.99375	0.570248	0.0021281	0.00157025	0.524138	0
	0.642	4.13223e-05	0.000103306	0.99375	0.568182	0.0017562	0.00167355	0.524476	0
	0.643	8.26446e-05	8.26446e-05	0.99375	0.56405	0.00177686	0.00157025	0.524476	0
	0.644	0.000165289	0.000103306	0.99375	0.56405	0.00225207	0.00173554	0.503497	0
	0.645	0.000123967	0.000165289	0.99375	0.561983	0.00192149	0.00196281	0.5	0
	0.646	8.26446e-05	0.000206612	0.99375	0.557851	0.00183884	0.00161157	0.5	0
	0.647	6.19835e-05	0.00018595	0.99375	0.557851	0.0021281	0.00198347	0.492857	0
	0.648	0.000165289	0.00018595	0.99375	0.555785	0.00183884	0.00152893	0.489209	0
	0.649	0.000103306	0.000227273	0.99375	0.553719	0.00202479	0.00154959	0.489209	0
	0.65	6.19835e-05	0.000123967	0.99375	0.551653	0.00190083	0.00173554	0.489209	0
	0.651	0.00018595	0.000227273	0.99375	0.547521	0.00252066	0.00169421	0.49635	0
	0.652	0.000123967	0.000165289	0.99375	0.541322	0.00150826	0.00190083	0.507463	0
	0.653	0.000144628	0.000165289	0.99375	0.539256	0.00169421	0.0018595	0.515152	0
	0.654	0.00018595	0.000165289	0.99375	0.53719	0.00235537	0.00188017	0.48855	0
	0.655	8.26446e-05	0.000268595	0.995825	0.533058	0.0017562	0.00171488	0.492308	0
	0.656	0.000165289	0.00018595	0.995825	0.530992	0.00165289	0.00161157	0.492308	0
	0.657	0.000123967	0.000330579	0.995825	0.530992	0.00192149	0.00181818	0.5	0
	0.658	0.000103306	0.00018595	0.995825	0.524793	0.00194215	0.00159091	0.503937	0
	0.659	0.000103306	0.000247934	0.995825	0.524793	0.00204545	0.00202479	0.488189	0
	0.66	0.000103306	0.000247934	0.993737	0.522727	0.00245868	0.00208678	0.464567	0
	0.661	6.19835e-05	0.000206612	0.993737	0.520661	0.00169421	0.00163223	0.464567	0
	0.662	0.000123967	0.000247934	0.993737	0.520661	0.00163223	0.00154959	0.464567	0
	0.663	8.26446e-05	0.000227273	0.991649	0.520661	0.0022314	0.00154959	0.464567	0
	0.664	8.26446e-05	0.000123967	0.991649	0.514463	0.00206612	0.00188017	0.464567	0
	0.665	0.000103306	0.000227273	0.991649	0.512397	0.00161157	0.00173554	0.456	0
	0.666	8.26446e-05	6.19835e-05	0.991649	0.510331	0.00192149	0.00206612	0.463415	0
	0.667	4.13223e-05	0.000247934	0.991649	0.510331	0.00159091	0.00173554	0.471074	0
	0.668	4.13223e-05	0.00018595	0.991649	0.510331	0.00188017	0.00157025	0.475	0
	0.669	6.19835e-05	0.000123967	0.991649	0.506198	0.00200413	0.00159091	0.462185	0
	0.67	8.26446e-05	6.19835e-05	0.991649	0.504132	0.00181818	0.0017562	0.445378	0
	0.671	2.06612e-05	0.000289256	0.991649	0.502066	0.00183884	0.00181818	0.452991	0
	0.672	0.000103306	0.000268595	0.991649	0.497934	0.00208678	0.00154959	0.448276	0
	0.673	0.000144628	0.000144628	0.991649	0.491736	0.00152893	0.00179752	0.443478	0
	0.674	4.13223e-05	0.000330579	0.991649	0.489669	0.00177686	0.00177686	0.443478	0
	0.675	2.06612e-05	0.000144628	0.991649	0.487603	0.0018595	0.00192149	0.434783	0
	0.676	6.19835e-05	0.000247934	0.991649	0.485537	0.0017562	0.00146694	0.426087	0
	0.677	4.13223e-05	0.000309917	0.991649	0.483471	0.00183884	0.00154959	0.424779	0
	0.678	2.06612e-05	0.00018595	0.991649	0.475207	0.00173554	0.00179752	0.419643	0
	0.679	4.13223e-05	0.000247934	0.991649	0.469008	0.00169421	0.00204545	0.423423	0
	0.68	8.26446e-05	0.000247934	0.991649	0.46281	0.0017562	0.00196281	0.431193	0
	0.681	0.000103306	0.000144628	0.989562	0.46281	0.00183884	0.00159091	0.439252	0
	0.682	4.13223e-05	0.000268595	0.989562	0.46281	0.00196281	0.00173554	0.420561	0
	0.683	8.26446e-05	0.000144628	0.989562	0.46281	0.00152893	0.00202479	0.415094	0
	0.684	8.26446e-05	0.000206612	0.985386	0.460744	0.00208678	0.00140496	0.415094	0
	0.685	4.13223e-05	0.000309917	0.985386	0.458678	0.00165289	0.00190083	0.427184	0
	0.686	8.26446e-05	0.000371901	0.985386	0.450413	0.00165289	0.00144628	0.411765	0
	0.687	0.000123967	8.26446e-05	0.985386	0.446281	0.00179752	0.0014876	0.4	0
	0.688	8.26446e-05	0.000247934	0.985386	0.444215	0.00177686	0.00177686	0.4	0
	0.689	0.000103306	0.000123967	0.985386	0.43595	0.00159091	0.00154959	0.408163	0
	0.69	0.000123967	0.000206612	0.985386	0.43595	0.00152893	0.00190083	0.371134	0
	0.691	0.000103306	0.000227273	0.985386	0.43595	0.00150826	0.00188017	0.371134	0
	0.692	0.000123967	0.000247934	0.985386	0.433884	0.00132231	0.00161157	0.371134	0
	0.693	8.26446e-05	0.000330579	0.985386	0.431818	0.00142562	0.0017562	0.350515	0
	0.694	0.000123967	0.000247934	0.985386	0.427686	0.00130165	0.00165289	0.340206	0
	0.695	0.00018595	8.26446e-05	0.985386	0.42562	0.00181818	0.00167355	0.340206	0
	0.696	0.000123967	0.000247934	0.983299	0.421488	0.00188017	0.00150826	0.336842	0
	0.697	0.000247934	0.000247934	0.985356	0.415289	0.00163223	0.0013843	0.329787	0
	0.698	0.000247934	0.000413223	0.985356	0.415289	0.00150826	0.00134298	0.336957	0
	0.699	0.000165289	0.00035124	0.987421	0.409091	0.00146694	0.00144628	0.336957	0
	0.7	0.00018595	0.000392562	0.987421	0.39876	0.00152893	0.00167355	0.344444	0
	0.701	0.000206612	0.000330579	0.987421	0.392562	0.00132231	0.00140496	0.337079	0
	0.702	0.000247934	0.000268595	0.987421	0.38843	0.00177686	0.00146694	0.340909	0
	0.703	0.000309917	0.000247934	0.987421	0.384298	0.00157025	0.00177686	0.340909	0
	0.704	0.000247934	0.000309917	0.987421	0.382231	0.0013843	0.00146694	0.340909	0
	0.705	0.000268595	0.000268595	0.987421	0.376033	0.00144628	0.00190083	0.340909	0
	0.706	0.000371901	0.000392562	0.987421	0.371901	0.00146694	0.00144628	0.348837	0
	0.707	0.000330579	0.000227273	0.987421	0.363636	0.00159091	0.00134298	0.357143	0
	0.708	0.000123967	0.000123967	0.985325	0.363636	0.00179752	0.00130165	0.345238	0
	0.709	0.000165289	0.00035124	0.985325	0.359504	0.0018595	0.00157025	0.345238	0
	0.71	0.000371901	0.000247934	0.985325	0.357438	0.00171488	0.00159091	0.349398	0
	0.711	0.000144628	0.000268595	0.985325	0.357438	0.0014876	0.00157025	0.35	0
	0.712	0.000289256	0.000268595	0.985325	0.353306	0.00177686	0.00150826	0.325	0
	0.713	0.000309917	0.00018595	0.985325	0.349174	0.00171488	0.0017562	0.329114	0
	0.714	0.000289256	0.000289256	0.983229	0.347107	0.00136364	0.00169421	0.337662	0
	0.715	0.000165289	0.000413223	0.983229	0.342975	0.00157025	0.00152893	0.324675	0
	0.716	0.000247934	0.000227273	0.983229	0.340909	0.0013843	0.00173554	0.310811	0
	0.717	0.00035124	0.000268595	0.983229	0.338843	0.00121901	0.0014876	0.283784	0
	0.718	0.000289256	0.000392562	0.983229	0.336777	0.00163223	0.00152893	0.283784	0
	0.719	0.000392562	0.000268595	0.983229	0.328512	0.00134298	0.00150826	0.285714	0
	0.72	0.000330579	0.000309917	0.983229	0.326446	0.00140496	0.00132231	0.275362	0
	0.721	0.000268595	0.000309917	0.983229	0.320248	0.00115702	0.00130165	0.275362	0
	0.722	0.000371901	0.00018595	0.983229	0.311983	0.00128099	0.00154959	0.264706	0
	0.723	0.000247934	0.000413223	0.983229	0.311983	0.00167355	0.00140496	0.268657	0
	0.724	0.000227273	0.000433884	0.983229	0.307851	0.00152893	0.00192149	0.261538	0
	0.725	0.000268595	0.000268595	0.981132	0.301653	0.00152893	0.00157025	0.265625	0
	0.726	0.000247934	0.000289256	0.981132	0.299587	0.0013843	0.00152893	0.253968	0
	0.727	0.000268595	0.000268595	0.981132	0.295455	0.0013843	0.0014876	0.253968	0
	0.728	0.00018595	0.000268595	0.979036	0.28719	0.00142562	0.00165289	0.262295	0
	0.729	0.000330579	0.000330579	0.979036	0.283058	0.00119835	0.00140496	0.262295	0
	0.73	0.000330579	0.000371901	0.976939	0.280992	0.00163223	0.0014876	0.262295	0
	0.731	0.00053719	0.000433884	0.976939	0.278926	0.00115702	0.00146694	0.266667	0
	0.732	0.000309917	0.000392562	0.974843	0.272727	0.00165289	0.0014876	0.266667	0
	0.733	0.000227273	0.000454545	0.974843	0.272727	0.00136364	0.00144628	0.254237	0
	0.734	0.000330579	0.000371901	0.974843	0.270661	0.00109504	0.0013843	0.254237	0
	0.735	0.000309917	0.000495868	0.974843	0.268595	0.00105372	0.00188017	0.254237	0
	0.736	0.000227273	0.000330579	0.974843	0.264463	0.00132231	0.00150826	0.254237	0
	0.737	0.00035124	0.000289256	0.974843	0.262397	0.00119835	0.00142562	0.254237	0
	0.738	0.000227273	0.000309917	0.974843	0.262397	0.0011157	0.00123967	0.254237	0
	0.739	0.000309917	0.000247934	0.974843	0.258264	0.0013843	0.00142562	0.237288	0
	0.74	0.000309917	0.000330579	0.974843	0.254132	0.00115702	0.00140496	0.241379	0
	0.741	0.000330579	0.000371901	0.972746	0.245868	0.00121901	0.00142562	0.25	0
	0.742	0.000330579	0.000371901	0.976842	0.243802	0.00113636	0.00113636	0.254545	0
	0.743	0.000247934	0.000309917	0.976842	0.241736	0.0010124	0.00115702	0.259259	0
	0.744	0.000371901	0.000392562	0.976842	0.239669	0.00132231	0.00103306	0.269231	0
	0.745	0.00018595	0.000413223	0.976842	0.237603	0.00126033	0.00132231	0.28	0
	0.746	0.00035124	0.000475207	0.976842	0.231405	0.000867769	0.0011157	0.265306	0
	0.747	0.000206612	0.000454545	0.976793	0.22314	0.0011157	0.00132231	0.276596	0
	0.748	0.000206612	0.000144628	0.976793	0.22314	0.000971074	0.00132231	0.276596	0
	0.749	0.000289256	0.000454545	0.976793	0.221074	0.000867769	0.00136364	0.282609	0
	0.75	0.000309917	0.000371901	0.974684	0.219008	0.000847107	0.00117769	0.288889	0
	0.751	0.000330579	0.000475207	0.974684	0.216942	0.00107438	0.00103306	0.295455	0
	0.752	0.000392562	0.000433884	0.974684	0.216942	0.000702479	0.00121901	0.302326	0
	0.753	0.000165289	0.000413223	0.974684	0.216942	0.000702479	0.00161157	0.302326	0
	0.754	0.000206612	0.000495868	0.974684	0.216942	0.000909091	0.00140496	0.27907	0
	0.755	0.00035124	0.000413223	0.974684	0.21281	0.000702479	0.00123967	0.255814	0
	0.756	0.000309917	0.000454545	0.976744	0.208678	0.00107438	0.00136364	0.255814	0
	0.757	0.000289256	0.000309917	0.976744	0.206612	0.00121901	0.00134298	0.255814	0
	0.758	0.000165289	0.000640496	0.978814	0.206612	0.000764463	0.00134298	0.261905	0
	0.759	0.000413223	0.000433884	0.978814	0.200413	0.000764463	0.00142562	0.275	0
	0.76	0.000247934	0.000454545	0.976695	0.200413	0.00072314	0.00146694	0.275	0
	0.761	0.000392562	0.000454545	0.976695	0.198347	0.000661157	0.00130165	0.275	0
	0.762	0.00035124	0.000433884	0.976695	0.190083	0.000805785	0.00113636	0.289474	0
	0.763	0.000371901	0.000578512	0.974576	0.190083	0.000578512	0.00113636	0.27027	0
	0.764	0.000413223	0.000330579	0.974522	0.181818	0.000619835	0.00119835	0.277778	0
	0.765	0.000268595	0.00035124	0.972399	0.181818	0.000785124	0.00105372	0.277778	0
	0.766	0.000475207	0.000495868	0.972399	0.181818	0.000681818	0.00107438	0.264706	0
	0.767	0.000392562	0.000433884	0.972399	0.181818	0.000785124	0.00121901	0.272727	0
	0.768	0.00035124	0.000516529	0.972399	0.179752	0.000681818	0.00113636	0.3	0
	0.769	0.000516529	0.000619835	0.972399	0.173554	0.000578512	0.00109504	0.3	0
	0.77	0.000475207	0.000433884	0.970276	0.173554	0.000867769	0.000867769	0.3	0
	0.771	0.000495868	0.000392562	0.970276	0.171488	0.000619835	0.0010124	0.233333	0
	0.772	0.000495868	0.000413223	0.970276	0.169421	0.000826446	0.00105372	0.241379	0
	0.773	0.000433884	0.000330579	0.970276	0.167355	0.000661157	0.00109504	0.222222	0
	0.774	0.000557851	0.000475207	0.968153	0.165289	0.000475207	0.00123967	0.222222	0
	0.775	0.000557851	0.000454545	0.970213	0.161157	0.000681818	0.00107438	0.230769	0
	0.776	0.000516529	0.000557851	0.970213	0.159091	0.000578512	0.00107438	0.24	0
	0.777	0.000392562	0.000516529	0.970213	0.159091	0.000413223	0.00117769	0.24	0
	0.778	0.000764463	0.00072314	0.970213	0.154959	0.00053719	0.000971074	0.25	0
	0.779	0.000578512	0.000413223	0.970213	0.146694	0.000661157	0.00117769	0.208333	0
	0.78	0.000599174	0.000413223	0.970213	0.140496	0.00072314	0.00113636	0.208333	0
	0.781	0.00035124	0.000454545	0.968085	0.140496	0.000475207	0.00119835	0.217391	0
	0.782	0.000516529	0.000578512	0.968085	0.140496	0.000433884	0.000950413	0.217391	0
	0.783	0.00053719	0.000661157	0.970149	0.134298	0.00072314	0.00132231	0.217391	0
	0.784	0.00053719	0.000516529	0.970149	0.132231	0.000599174	0.000929752	0.217391	0
	0.785	0.000475207	0.000599174	0.970149	0.132231	0.00053719	0.00109504	0.227273	0
	0.786	0.000454545	0.000578512	0.970149	0.128099	0.000681818	0.00103306	0.227273	0
	0.787	0.000495868	0.000805785	0.970149	0.126033	0.00053719	0.00103306	0.227273	0
	0.788	0.000475207	0.00053719	0.970149	0.115702	0.000619835	0.000867769	0.227273	0
	0.789	0.000433884	0.000495868	0.970149	0.113636	0.000599174	0.00103306	0.227273	0
	0.79	0.000227273	0.000681818	0.970149	0.113636	0.00072314	0.00088843	0.227273	0
	0.791	0.000454545	0.00072314	0.970149	0.113636	0.000599174	0.000929752	0.263158	0
	0.792	0.00053719	0.000557851	0.970149	0.113636	0.000392562	0.00103306	0.263158	0
	0.793	0.000413223	0.000661157	0.970149	0.113636	0.000661157	0.000991736	0.263158	0
	0.794	0.000661157	0.000516529	0.972222	0.113636	0.000309917	0.000929752	0.294118	0
	0.795	0.000413223	0.000702479	0.972222	0.113636	0.000516529	0.00105372	0.294118	0
	0.796	0.00035124	0.000661157	0.970085	0.109504	0.000475207	0.000785124	0.294118	0
	0.797	0.000557851	0.000619835	0.970085	0.109504	0.000578512	0.00103306	0.294118	0
	0.798	0.000371901	0.000619835	0.967949	0.109504	0.000475207	0.000909091	0.294118	0
	0.799	0.000557851	0.000578512	0.967949	0.107438	0.000578512	0.000971074	0.3125	0
	0.8	0.000475207	0.000557851	0.972103	0.105372	0.000433884	0.000661157	0.3125	0
	0.801	0.000392562	0.000785124	0.972103	0.105372	0.000247934	0.00121901	0.3125	0
	0.802	0.000454545	0.000681818	0.972103	0.0991736	0.000557851	0.000929752	0.3125	0
	0.803	0.000475207	0.000805785	0.969957	0.0971074	0.00035124	0.00130165	0.333333	0
	0.804	0.000371901	0.000516529	0.969957	0.0950413	0.000557851	0.000661157	0.266667	0
	0.805	0.000495868	0.000578512	0.972043	0.0950413	0.000330579	0.000743802	0.266667	0
	0.806	0.00053719	0.000557851	0.974138	0.0909091	0.000289256	0.000702479	0.266667	0
	0.807	0.000516529	0.000619835	0.971983	0.088843	0.000413223	0.000702479	0.2	0
	0.808	0.000640496	0.00072314	0.971983	0.088843	0.000227273	0.000743802	0.2	0
	0.809	0.000371901	0.000619835	0.971983	0.0867769	0.000392562	0.000950413	0.2	0
	0.81	0.000289256	0.000599174	0.971983	0.0847107	0.00035124	0.000826446	0.2	0
	0.811	0.000433884	0.000495868	0.971983	0.0826446	0.000206612	0.000929752	0.2	0
	0.812	0.000516529	0.000661157	0.967672	0.0805785	0.00035124	0.000847107	0.2	0
	0.813	0.000557851	0.000764463	0.967672	0.0785124	0.000206612	0.00088843	0.2	0
	0.814	0.000268595	0.000929752	0.971861	0.0785124	0.000247934	0.000909091	0.214286	0
	0.815	0.000330579	0.000599174	0.971861	0.0785124	0.00035124	0.000743802	0.230769	0
	0.816	0.000371901	0.000619835	0.971861	0.0785124	0.000309917	0.000578512	0.230769	0
	0.817	0.000227273	0.00053719	0.971861	0.0785124	0.000103306	0.000785124	0.230769	0
	0.818	0.000392562	0.00072314	0.971861	0.0764463	6.19835e-05	0.000785124	0.230769	0
	0.819	0.000309917	0.000661157	0.971861	0.0764463	0.000268595	0.000950413	0.230769	0
	0.82	0.000330579	0.000578512	0.97397	0.072314	0.000144628	0.000681818	0.25	0
	0.821	0.000413223	0.000599174	0.97397	0.0702479	0.000165289	0.000764463	0.25	0
	0.822	0.00035124	0.000805785	0.976087	0.0681818	0.000103306	0.000640496	0.25	0
	0.823	0.000413223	0.000950413	0.976087	0.0661157	0.00018595	0.000640496	0.25	0
	0.824	0.000371901	0.000433884	0.976087	0.0661157	8.26446e-05	0.000681818	0.25	0
	0.825	0.000247934	0.000681818	0.976087	0.0661157	0.000103306	0.000785124	0.272727	0
	0.826	0.000578512	0.000743802	0.978214	0.0661157	0.000103306	0.000661157	0.3	0
	0.827	0.000268595	0.000909091	0.978214	0.0640496	0.000144628	0.000805785	0.3	0
	0.828	0.000268595	0.000619835	0.978214	0.0640496	0.000165289	0.000681818	0.3	0
	0.829	0.000392562	0.000867769	0.976035	0.0640496	0.000103306	0.000743802	0.333333	0
	0.83	0.000371901	0.000599174	0.976035	0.0640496	4.13223e-05	0.000743802	0.333333	0
	0.831	0.000206612	0.000619835	0.978166	0.0619835	6.19835e-05	0.00053719	0.333333	0
	0.832	0.000413223	0.000578512	0.978166	0.0619835	0.000103306	0.000599174	0.333333	0
	0.833	0.000392562	0.000681818	0.978118	0.0599174	8.26446e-05	0.000785124	0.333333	0
	0.834	0.000227273	0.000764463	0.978118	0.0599174	0.000227273	0.00072314	0.333333	0
	0.835	0.000247934	0.00088843	0.97593	0.0578512	0.000144628	0.000743802	0.375	0
	0.836	0.00053719	0.000661157	0.97593	0.0557851	0.000103306	0.000640496	0.4	0
	0.837	0.000289256	0.000785124	0.97593	0.0557851	6.19835e-05	0.000475207	0.4	0
	0.838	0.000371901	0.000929752	0.97593	0.0516529	0.000144628	0.000681818	0.4	0
	0.839	0.000330579	0.000743802	0.97593	0.0516529	0.00018595	0.000619835	0.4	0
	0.84	0.00035124	0.000826446	0.97593	0.0516529	0.000206612	0.000413223	0.4	0
	0.841	0.000516529	0.000702479	0.97593	0.0495868	0.000206612	0.000599174	0.4	0
	0.842	0.00053719	0.000578512	0.97593	0.0475207	0.000165289	0.000681818	0.4	0
	0.843	0.000371901	0.000785124	0.97593	0.0475207	0.000165289	0.000599174	0.4	0
	0.844	0.000330579	0.000826446	0.97593	0.0475207	0.000206612	0.000557851	0.2	0
	0.845	0.000433884	0.000950413	0.975877	0.0433884	0.000103306	0.000433884	0.2	0
	0.846	0.000330579	0.000950413	0.975877	0.0433884	0.000123967	0.000495868	0.2	0
	0.847	0.000392562	0.000847107	0.975877	0.0433884	0.000165289	0.000433884	0.2	0
	0.848	0.000475207	0.000929752	0.975877	0.0433884	0.000144628	0.000557851	0.2	0
	0.849	0.00035124	0.00105372	0.975824	0.0433884	0.000165289	0.000495868	0.2	0
	0.85	0.000371901	0.000764463	0.975824	0.0433884	0.000227273	0.000599174	0.2	0
	0.851	0.000413223	0.00128099	0.975824	0.0433884	0.000144628	0.00053719	0.2	0
	0.852	0.000413223	0.000847107	0.975824	0.0433884	0.000165289	0.000599174	0.2	0
	0.853	0.000433884	0.000929752	0.975771	0.0433884	0.000144628	0.000454545	0.2	0
	0.854	0.000599174	0.00103306	0.973568	0.0433884	6.19835e-05	0.00072314	0.2	0
	0.855	0.000268595	0.00119835	0.973568	0.0413223	0.00018595	0.000413223	0.2	0
	0.856	0.000392562	0.00072314	0.973568	0.0413223	0.000123967	0.00053719	0.2	0
	0.857	0.000309917	0.000681818	0.973568	0.0413223	0.000165289	0.000495868	0.2	0
	0.858	0.000371901	0.00123967	0.975717	0.0413223	0.00018595	0.000413223	0.25	0
	0.859	0.00035124	0.000929752	0.975717	0.0413223	0.000123967	0.000454545	0.25	0
	0.86	0.00035124	0.00109504	0.97351	0.0413223	0.000268595	0.000413223	0.25	0
	0.861	0.000330579	0.00130165	0.973451	0.0413223	0.000123967	0.000557851	0.25	0
	0.862	0.000433884	0.00072314	0.973451	0.0413223	0.000289256	0.000475207	0.25	0
	0.863	0.00035124	0.000971074	0.97561	0.0413223	0.000227273	0.000433884	0.25	0
	0.864	0.00035124	0.000909091	0.97561	0.0413223	0.000206612	0.000413223	0.25	0
	0.865	0.000557851	0.000929752	0.97561	0.0413223	6.19835e-05	0.00053719	0.25	0
	0.866	0.00035124	0.00121901	0.973392	0.0413223	0.000227273	0.000413223	0.25	0
	0.867	0.000495868	0.00113636	0.975556	0.0413223	0.000103306	0.000330579	0.25	0
	0.868	0.000206612	0.00088843	0.973333	0.0413223	0.000103306	0.000454545	0.25	0
	0.869	0.000557851	0.00088843	0.971111	0.0413223	0.000165289	0.00053719	0.25	0
	0.87	0.000516529	0.000950413	0.971111	0.0413223	0.000165289	0.000433884	0.25	0
	0.871	0.000454545	0.00105372	0.971111	0.0392562	6.19835e-05	0.000475207	0.25	0
	0.872	0.000454545	0.00115702	0.968889	0.035124	0.000144628	0.000392562	0.25	0
	0.873	0.000516529	0.00103306	0.968889	0.035124	0.000103306	0.000206612	0.25	0
	0.874	0.000557851	0.00126033	0.968889	0.035124	0.000144628	0.000371901	0.25	0
	0.875	0.000454545	0.00117769	0.968889	0.035124	6.19835e-05	0.000268595	0.25	0
	0.876	0.000413223	0.00126033	0.971047	0.035124	8.26446e-05	0.000433884	0.333333	0
	0.877	0.000557851	0.00144628	0.971047	0.0330579	6.19835e-05	0.000268595	0.333333	0
	0.878	0.00035124	0.00126033	0.971047	0.0330579	2.06612e-05	0.000268595	0.333333	0
	0.879	0.000433884	0.0013843	0.971047	0.0330579	6.19835e-05	0.000247934	0.333333	0
	0.88	0.000640496	0.00140496	0.971047	0.0330579	6.19835e-05	0.000330579	0.333333	0
	0.881	0.000764463	0.00130165	0.970982	0.0289256	2.06612e-05	0.000247934	0.333333	0
	0.882	0.000847107	0.00157025	0.970982	0.0268595	0.000103306	0.000206612	0.333333	0
	0.883	0.000599174	0.00128099	0.973154	0.0268595	4.13223e-05	0.000268595	0.333333	0
	0.884	0.000640496	0.00152893	0.973154	0.0268595	4.13223e-05	0.000371901	0.333333	0
	0.885	0.000578512	0.00132231	0.973154	0.0268595	6.19835e-05	0.000227273	0.333333	0
	0.886	0.000599174	0.00161157	0.970917	0.0268595	2.06612e-05	0.000227273	0.5	0
	0.887	0.000640496	0.00140496	0.970917	0.0247934	0	0.000309917	0.5	0
	0.888	0.000640496	0.0014876	0.970852	0.0227273	2.06612e-05	0.000392562	0.5	0
	0.889	0.000743802	0.00167355	0.970852	0.0227273	0	0.00035124	0.5	0
	0.89	0.000578512	0.0013843	0.970852	0.0227273	2.06612e-05	0.000371901	0.5	0
	0.891	0.00053719	0.00163223	0.973034	0.0227273	2.06612e-05	0.000268595	0.5	0
	0.892	0.000805785	0.00161157	0.973034	0.0227273	0	0.000227273	0.5	0
	0.893	0.000743802	0.00165289	0.973034	0.0227273	0	0.000268595	0.5	0
	0.894	0.000578512	0.00165289	0.973034	0.0206612	0	0.000309917	0.5	0
	0.895	0.000681818	0.00157025	0.968539	0.0206612	0	0.000289256	0.5	0
	0.896	0.000578512	0.0014876	0.968539	0.0206612	0	0.000165289	0.5	0
	0.897	0.000599174	0.00181818	0.966292	0.0206612	2.06612e-05	0.000227273	0.5	0
	0.898	0.000475207	0.00154959	0.966292	0.018595	0	0.000289256	1	0
	0.899	0.000371901	0.00157025	0.966292	0.018595	0	0.000330579	1	0
	0.9	0.00072314	0.00161157	0.964045	0.018595	0	0.00018595	1	0
	0.901	0.000702479	0.00181818	0.963964	0.018595	0	0.000268595	1	0
	0.902	0.00035124	0.00167355	0.96614	0.018595	0	0.000227273	1	0
	0.903	0.000392562	0.00190083	0.961625	0.0165289	0	0.000144628	1	0
	0.904	0.000661157	0.00192149	0.961625	0.0165289	0	0.000227273	1	0
	0.905	0.00053719	0.0017562	0.961625	0.0165289	0	0.000206612	1	0
	0.906	0.000578512	0.0017562	0.961625	0.0165289	0	0.000144628	1	0
	0.907	0.00072314	0.00171488	0.961538	0.0165289	0	0.000165289	1	0
	0.908	0.000392562	0.00181818	0.959276	0.0165289	0	0.00018595	1	0
	0.909	0.000557851	0.00208678	0.959276	0.0165289	0	0.000144628	1	0
	0.91	0.000826446	0.0021281	0.957014	0.0165289	0	0.000103306	1	0
	0.911	0.000950413	0.00192149	0.957014	0.0165289	0	0.000289256	1	0
	0.912	0.000805785	0.00237603	0.961276	0.0165289	0	8.26446e-05	1	0
	0.913	0.000950413	0.00204545	0.95672	0.0144628	0	0.000144628	1	0
	0.914	0.000681818	0.00229339	0.949886	0.0144628	0	0.000165289	1	0
	0.915	0.00128099	0.00204545	0.949772	0.0144628	0	0.000144628	1	0
	0.916	0.0011157	0.00247934	0.942922	0.0123967	0	0.000144628	1	0
	0.917	0.000867769	0.00229339	0.942792	0.0123967	0	0.000144628	1	0
	0.918	0.00088843	0.0021281	0.940367	0.0123967	0	0.000165289	1	0
	0.919	0.00146694	0.00241736	0.938073	0.0103306	0	0.000123967	1	0
	0.92	0.00134298	0.00256198	0.928899	0.00826446	0	8.26446e-05	1	0
	0.921	0.00152893	0.0022314	0.928899	0.00826446	0	0.000123967	1	0
	0.922	0.00173554	0.00243802	0.928899	0.00619835	0	0.000144628	1	0
	0.923	0.00171488	0.0025	0.922018	0.00619835	0	0.000144628	1	0
	0.924	0.0018595	0.0025	0.922018	0.00619835	0	8.26446e-05	1	0
	0.925	0.00161157	0.00270661	0.917431	0.00619835	0	0.000123967	1	0
	0.926	0.0021281	0.00285124	0.915138	0.00619835	0	6.19835e-05	1	0
	0.927	0.00216942	0.00268595	0.912844	0.00413223	0	4.13223e-05	1	0
	0.928	0.00200413	0.00289256	0.912844	0.00413223	0	8.26446e-05	1	0
	0.929	0.00229339	0.00264463	0.912844	0.00413223	0	0.000165289	1	0
	0.93	0.00252066	0.00316116	0.914943	0.00413223	2.06612e-05	0.000103306	1	0
	0.931	0.00194215	0.00328512	0.914747	0.00413223	0	0.000123967	0	0
	0.932	0.00247934	0.00309917	0.912442	0.00413223	6.19835e-05	0.000103306	0	0
	0.933	0.00268595	0.00293388	0.91455	0.00413223	0	6.19835e-05	0	0
	0.934	0.0025	0.00363636	0.905312	0.00413223	4.13223e-05	0.000103306	0	0
	0.935	0.00254132	0.0036157	0.905312	0.00413223	4.13223e-05	2.06612e-05	0	0
	0.936	0.00237603	0.00365702	0.903002	0.00206612	0	0.000103306	0	0
	0.937	0.00262397	0.00380165	0.896074	0.00206612	2.06612e-05	4.13223e-05	0	0
	0.938	0.00260331	0.00345041	0.884259	0.00206612	6.19835e-05	0.000123967	0	0
	0.939	0.0032438	0.00297521	0.881944	0.00206612	8.26446e-05	0.000103306	0	0
	0.94	0.00289256	0.00409091	0.87703	0.00206612	2.06612e-05	4.13223e-05	0	0
	0.941	0.0027686	0.00378099	0.87703	0.00206612	0.000103306	2.06612e-05	0	0
	0.942	0.0027686	0.00421488	0.874126	0	0.000144628	2.06612e-05	0	0
	0.943	0.00260331	0.00419421	0.873832	0	0.000103306	2.06612e-05	0	0
	0.944	0.00357438	0.0043595	0.873832	0	0.000123967	6.19835e-05	0	0
	0.945	0.00316116	0.00446281	0.869159	0	0.000165289	4.13223e-05	0	0
	0.946	0.00318182	0.00409091	0.868852	0	4.13223e-05	2.06612e-05	0	0
	0.947	0.00293388	0.00415289	0.86385	0	0.000123967	2.06612e-05	0	0
	0.948	0.00309917	0.00444215	0.861502	0	0.000144628	0	0	0
	0.949	0.0036157	0.00440083	0.853774	0	0.000123967	2.06612e-05	0	0
	0.95	0.00355372	0.00454545	0.859524	0	4.13223e-05	6.19835e-05	0	0
	0.951	0.0036157	0.00530992	0.854415	0	0.000165289	4.13223e-05	0	0
	0.952	0.0038843	0.0056405	0.849642	0	2.06612e-05	0	0	0
	0.953	0.00421488	0.00528926	0.853717	0	8.26446e-05	0	0	0
	0.954	0.00363636	0.00528926	0.855769	0	6.19835e-05	0	0	0
	0.955	0.00390496	0.0056405	0.850962	0	8.26446e-05	0	0	0
	0.956	0.0043595	0.00615702	0.852657	0	4.13223e-05	4.13223e-05	0	0
	0.957	0.00419421	0.00584711	0.858881	0	4.13223e-05	2.06612e-05	0	0
	0.958	0.00458678	0.00584711	0.866995	0	0	0	0	0
	0.959	0.00433884	0.00619835	0.868159	0	2.06612e-05	0	0	0
	0.96	0.00493802	0.00659091	0.860697	0	4.13223e-05	0	0	0
	0.961	0.00419421	0.00615702	0.855362	0	0	2.06612e-05	0	0
	0.962	0.00419421	0.00657025	0.855362	0	4.13223e-05	6.19835e-05	0	0
	0.963	0.00421488	0.00640496	0.8475	0	0	0	0	0
	0.964	0.00386364	0.0067562	0.841709	0	0	2.06612e-05	0	0
	0.965	0.00394628	0.00694215	0.84557	0	0	4.13223e-05	0	0
	0.966	0.00349174	0.00756198	0.837975	0	0	4.13223e-05	0	0
	0.967	0.00409091	0.00766529	0.839286	0	0	0	0	0
	0.968	0.00409091	0.00731405	0.831202	0	0	0	0	0
	0.969	0.00363636	0.00863636	0.827763	0	0	0	0	0
	0.97	0.00454545	0.0089876	0.824742	0	0	2.06612e-05	0	0
	0.971	0.00471074	0.00919421	0.822165	0	0	2.06612e-05	0	0
	0.972	0.00442149	0.00865702	0.831579	0	0	0	0	0
	0.973	0.00475207	0.00867769	0.825397	0	0	2.06612e-05	0	0
	0.974	0.00582645	0.00995868	0.823056	0	0	0	0	0
	0.975	0.00561983	0.00991736	0.814016	0	0	0	0	0
	0.976	0.00636364	0.0101033	0.805405	0	0	0	0	0
	0.977	0.00714876	0.0109917	0.793478	0	0	0	0	0
	0.978	0.00673554	0.0097314	0.791209	0	0	0	0	0
	0.979	0.00778926	0.0115702	0.778393	0	0	0	0	0
	0.98	0.00803719	0.0113843	0.770308	0	0	0	0	0
	0.981	0.00855372	0.0124793	0.761236	0	0	0	0	0
	0.982	0.00929752	0.012314	0.735955	0	0	2.06612e-05	0	0
	0.983	0.0100826	0.0127479	0.704225	0	0	0	0	0
	0.984	0.0114876	0.0136777	0.688385	0	0	0	0	0
	0.985	0.0128306	0.0141529	0.678063	0	0	0	0	0
	0.986	0.0134504	0.0147521	0.675362	0	0	0	0	0
	0.987	0.0144835	0.0152273	0.65407	0	0	0	0	0
	0.988	0.0167355	0.016095	0.652819	0	0	0	0	0
	0.989	0.0169835	0.0170868	0.638298	0	0	0	0	0
	0.99	0.0173347	0.0172314	0.620795	0	0	0	0	0
	0.991	0.0184711	0.0181405	0.604938	0	0	0	0	0
	0.992	0.0212603	0.0198554	0.589342	0	0	0	0	0
	0.993	0.0209917	0.0222727	0.555556	0	0	0	0	0
	0.994	0.0232231	0.0230165	0.519868	0	0	0	0	0
	0.995	0.0270868	0.0275413	0.463918	0	0	0	0	0
	0.996	0.034938	0.0313843	0.342756	0	0	0	0	0
	0.997	0.0483884	0.0360124	0.246324	0	0	0	0	0
	0.998	0.0726033	0.042314	0.14741	0	0	0	0	0
	0.999	0.11157	0.0447934	0.0297872	0	0	0	0	0
	1	0.156219	0.037686	0	0	0	0	0	0


#	yrange	sparsity	# links	zeta	support at cross	fraction FP	support at cross2	fraction FP2
	0	0	0	0.000654941	0.995	0.487419	0.995	0.487419
	0.16	0	0	0.000654941	0.995	0.487419	0.995	0.487419
