#	Frequencies and overlap
#	bins	MYC	shuffle	overlap_MYC	overlap_shuffle	SIGN_MYC	SIGNshuffle	SIGNoverlap_MYC	SIGNoverlap_shuffle
	0	0	0	1	1	0.423285	0.389504	0.735202	0
	0.001	0	0	1	1	0	0	0.735202	0
	0.002	0	0	1	1	0	0	0.735202	0
	0.003	0	0	1	1	0	0	0.735202	0
	0.004	0	0	1	1	0	0	0.735202	0
	0.005	0	0	1	1	0	0	0.735202	0
	0.006	0	0	1	1	0	0	0.735202	0
	0.007	0	0	1	1	0	0	0.735202	0
	0.008	0	0	1	1	0	0	0.735202	0
	0.009	0	0	1	1	0	0	0.735202	0
	0.01	0	0	1	1	0	0	0.735202	0
	0.011	0	0	1	1	0	0	0.735202	0
	0.012	0	0	1	1	0	0	0.735202	0
	0.013	0	0	1	1	0	0	0.735202	0
	0.014	0	0	1	1	0	0	0.735202	0
	0.015	0	0	1	1	0	0	0.735202	0
	0.016	0	0	1	1	0	0	0.735202	0
	0.017	0	0	1	1	0	0	0.735202	0
	0.018	0	0	1	1	0	0	0.735202	0
	0.019	0	0	1	1	0	0	0.735202	0
	0.02	0	0	1	1	0	0	0.735202	0
	0.021	0	0	1	1	0	0	0.735202	0
	0.022	0	0	1	1	0	0	0.735202	0
	0.023	0	0	1	1	0	0	0.735202	0
	0.024	0	0	1	1	0	0	0.735202	0
	0.025	0	0	1	1	0	0	0.735202	0
	0.026	0	0	1	1	0	0	0.735202	0
	0.027	0	0	1	1	0	0	0.735202	0
	0.028	0	0	1	1	0	0	0.735202	0
	0.029	0	0	1	1	0	0	0.735202	0
	0.03	0	0	1	1	0	0	0.735202	0
	0.031	0	0	1	1	0	0	0.735202	0
	0.032	0	0	1	1	0	0	0.735202	0
	0.033	0	0	1	1	0	0	0.735202	0
	0.034	0	0	1	1	0	0	0.735202	0
	0.035	0	0	1	1	0	0	0.735202	0
	0.036	0	0	1	1	0	0	0.735202	0
	0.037	0	0	1	1	0	0	0.735202	0
	0.038	0	0	1	1	0	0	0.735202	0
	0.039	0	0	1	1	0	0	0.735202	0
	0.04	0	0	1	1	0	0	0.735202	0
	0.041	0	0	1	1	0	0	0.735202	0
	0.042	0	0	1	1	0	0	0.735202	0
	0.043	0	0	1	1	0	0	0.735202	0
	0.044	0	0	1	1	0	0	0.735202	0
	0.045	0	0	1	1	0	0	0.735202	0
	0.046	0	0	1	1	0	0	0.735202	0
	0.047	0	0	1	1	0	0	0.735202	0
	0.048	0	0	1	1	0	0	0.735202	0
	0.049	0	0	1	1	0	0	0.735202	0
	0.05	0	0	1	1	0	0	0.735202	0
	0.051	0	0	1	1	0	0	0.735202	0
	0.052	0	0	1	1	0	0	0.735202	0
	0.053	0	0	1	1	0	0	0.735202	0
	0.054	0	0	1	1	0	0	0.735202	0
	0.055	0	0	1	1	0	0	0.735202	0
	0.056	0	0	1	1	0	0	0.735202	0
	0.057	0	0	1	1	0	0	0.735202	0
	0.058	0	0	1	1	0	0	0.735202	0
	0.059	0	0	1	1	0	0	0.735202	0
	0.06	0	0	1	1	0	0	0.735202	0
	0.061	0	0	1	1	0	0	0.735202	0
	0.062	0	0	1	1	0	0	0.735202	0
	0.063	0	0	1	1	0	0	0.735202	0
	0.064	0	0	1	1	0	0	0.735202	0
	0.065	0	0	1	1	0	0	0.735202	0
	0.066	0	0	1	1	0	0	0.735202	0
	0.067	0	0	1	1	0	0	0.735202	0
	0.068	0	0	1	1	0	0	0.735202	0
	0.069	0	0	1	1	0	0	0.735202	0
	0.07	0	0	1	1	0	0	0.735202	0
	0.071	0	0	1	1	0	0	0.735202	0
	0.072	0	0	1	1	0	0	0.735202	0
	0.073	0	0	1	1	0	0	0.735202	0
	0.074	0	0	1	1	0	0	0.735202	0
	0.075	0	0	1	1	0	0	0.735202	0
	0.076	0	0	1	1	0	0	0.735202	0
	0.077	0	0	1	1	0	0	0.735202	0
	0.078	0	0	1	1	0	0	0.735202	0
	0.079	0	0	1	1	0	0	0.735202	0
	0.08	0	0	1	1	0	0	0.735202	0
	0.081	0	0	1	1	0	0	0.735202	0
	0.082	0	0	1	1	0	0	0.735202	0
	0.083	0	0	1	1	0	0	0.735202	0
	0.084	0	0	1	1	0	0	0.735202	0
	0.085	0	0	1	1	0	0	0.735202	0
	0.086	0	0	1	1	0	0	0.735202	0
	0.087	0	0	1	1	0	0	0.735202	0
	0.088	0	0	1	1	0	0	0.735202	0
	0.089	0	0	1	1	0	0	0.735202	0
	0.09	0	0	1	1	0	0	0.735202	0
	0.091	0	0	1	1	0	0	0.735202	0
	0.092	0	0	1	1	0	0	0.735202	0
	0.093	0	0	1	1	0	0	0.735202	0
	0.094	0	0	1	1	0	0	0.735202	0
	0.095	0	0	1	1	0	0	0.735202	0
	0.096	0	0	1	1	0	0	0.735202	0
	0.097	0	0	1	1	0	0	0.735202	0
	0.098	0	0	1	1	0	0	0.735202	0
	0.099	0	0	1	1	0	0	0.735202	0
	0.1	0	0	1	1	0	0	0.735202	0
	0.101	0	0	1	1	0	0	0.735202	0
	0.102	0	0	1	1	0	0	0.735202	0
	0.103	0	0	1	1	0	0	0.735202	0
	0.104	0	0	1	1	0	0	0.735202	0
	0.105	0	0	1	1	0	0	0.735202	0
	0.106	0	0	1	1	0	0	0.735202	0
	0.107	0	0	1	1	0	0	0.735202	0
	0.108	0	0	1	1	0	0	0.735202	0
	0.109	0	0	1	1	0	0	0.735202	0
	0.11	0	0	1	1	0	0	0.735202	0
	0.111	0	0	1	1	0	0	0.735202	0
	0.112	0	0	1	1	0	0	0.735202	0
	0.113	0	0	1	1	0	0	0.735202	0
	0.114	0	0	1	1	0	0	0.735202	0
	0.115	0	0	1	1	0	0	0.735202	0
	0.116	0	0	1	1	0	0	0.735202	0
	0.117	0	0	1	1	0	0	0.735202	0
	0.118	0	0	1	1	0	0	0.735202	0
	0.119	0	0	1	1	0	0	0.735202	0
	0.12	0	0	1	1	0	0	0.735202	0
	0.121	0	0	1	1	0	0	0.735202	0
	0.122	0	0	1	1	0	0	0.735202	0
	0.123	0	0	1	1	0	0	0.735202	0
	0.124	0	0	1	1	0	0	0.735202	0
	0.125	0	0	1	1	0	0	0.735202	0
	0.126	0	0	1	1	0	0	0.735202	0
	0.127	0	0	1	1	0	0	0.735202	0
	0.128	0	0	1	1	0	0	0.735202	0
	0.129	0	0	1	1	0	0	0.735202	0
	0.13	0	0	1	1	0	0	0.735202	0
	0.131	0	0	1	1	0	0	0.735202	0
	0.132	0	0	1	1	0	0	0.735202	0
	0.133	0	0	1	1	0	0	0.735202	0
	0.134	0	0	1	1	0	0	0.735202	0
	0.135	0	0	1	1	0	0	0.735202	0
	0.136	0	0	1	1	0	0	0.735202	0
	0.137	0	0	1	1	0	0	0.735202	0
	0.138	0	0	1	1	0	0	0.735202	0
	0.139	0	0	1	1	0	0	0.735202	0
	0.14	0	0	1	1	0	0	0.735202	0
	0.141	0	0	1	1	0	0	0.735202	0
	0.142	0	0	1	1	0	0	0.735202	0
	0.143	0	0	1	1	0	0	0.735202	0
	0.144	0	0	1	1	0	0	0.735202	0
	0.145	0	0	1	1	0	0	0.735202	0
	0.146	0	0	1	1	0	0	0.735202	0
	0.147	0	0	1	1	0	0	0.735202	0
	0.148	0	0	1	1	0	0	0.735202	0
	0.149	0	0	1	1	0	0	0.735202	0
	0.15	0	0	1	1	0	0	0.735202	0
	0.151	0	0	1	1	0	0	0.735202	0
	0.152	0	0	1	1	0	0	0.735202	0
	0.153	0	0	1	1	0	0	0.735202	0
	0.154	0	0	1	1	0	0	0.735202	0
	0.155	0	0	1	1	0	0	0.735202	0
	0.156	0	0	1	1	0	0	0.735202	0
	0.157	0	0	1	1	0	0	0.735202	0
	0.158	0	0	1	1	0	0	0.735202	0
	0.159	0	0	1	1	0	0	0.735202	0
	0.16	0	0	1	1	0	0	0.735202	0
	0.161	0	0	1	1	0	0	0.735202	0
	0.162	0	0	1	1	0	0	0.735202	0
	0.163	0	0	1	1	0	0	0.735202	0
	0.164	0	0	1	1	0	0	0.735202	0
	0.165	0	0	1	1	0	0	0.735202	0
	0.166	0	0	1	1	0	0	0.735202	0
	0.167	0	0	1	1	0	0	0.735202	0
	0.168	0	0	1	1	0	0	0.735202	0
	0.169	0	0	1	1	0	0	0.735202	0
	0.17	0	0	1	1	0	0	0.735202	0
	0.171	0	0	1	1	0	0	0.735202	0
	0.172	0	0	1	1	0	0	0.735202	0
	0.173	0	0	1	1	0	0	0.735202	0
	0.174	0	0	1	1	0	0	0.735202	0
	0.175	0	0	1	1	0	0	0.735202	0
	0.176	0	0	1	1	0	0	0.735202	0
	0.177	0	0	1	1	0	0	0.735202	0
	0.178	0	0	1	1	0	0	0.735202	0
	0.179	0	0	1	1	0	0	0.735202	0
	0.18	0	0	1	1	0	0	0.735202	0
	0.181	0	0	1	1	0	0	0.735202	0
	0.182	0	0	1	1	0	0	0.735202	0
	0.183	0	0	1	1	0	0	0.735202	0
	0.184	0	0	1	1	0	0	0.735202	0
	0.185	0	0	1	1	0	0	0.735202	0
	0.186	0	0	1	1	0	0	0.735202	0
	0.187	0	0	1	1	0	0	0.735202	0
	0.188	0	0	1	1	0	0	0.735202	0
	0.189	0	0	1	1	0	0	0.735202	0
	0.19	0	0	1	1	0	0	0.735202	0
	0.191	0	0	1	1	0	0	0.735202	0
	0.192	0	0	1	1	0	0	0.735202	0
	0.193	0	0	1	1	0	0	0.735202	0
	0.194	0	0	1	1	0	0	0.735202	0
	0.195	0	0	1	1	0	0	0.735202	0
	0.196	0	0	1	1	0	0	0.735202	0
	0.197	0	0	1	1	0	0	0.735202	0
	0.198	0	0	1	1	0	0	0.735202	0
	0.199	0	0	1	1	0	0	0.735202	0
	0.2	0	0	1	1	0	0	0.735202	0
	0.201	0	0	1	1	0	0	0.735202	0
	0.202	0	0	1	1	0	0	0.735202	0
	0.203	0	0	1	1	0	0	0.735202	0
	0.204	0	0	1	1	0	0	0.735202	0
	0.205	0	0	1	1	0	0	0.735202	0
	0.206	0	0	1	1	0	0	0.735202	0
	0.207	0	0	1	1	0	0	0.735202	0
	0.208	0	0	1	1	0	0	0.735202	0
	0.209	0	0	1	1	0	0	0.735202	0
	0.21	0	0	1	1	0	0	0.735202	0
	0.211	0	0	1	1	0	0	0.735202	0
	0.212	0	0	1	1	0	0	0.735202	0
	0.213	0	0	1	1	0	0	0.735202	0
	0.214	0	0	1	1	0	0	0.735202	0
	0.215	0	0	1	1	0	0	0.735202	0
	0.216	0	0	1	1	0	0	0.735202	0
	0.217	0	0	1	1	0	0	0.735202	0
	0.218	0	0	1	1	0	0	0.735202	0
	0.219	0	0	1	1	0	0	0.735202	0
	0.22	0	0	1	1	0	0	0.735202	0
	0.221	0	0	1	1	0	0	0.735202	0
	0.222	0	0	1	1	0	0	0.735202	0
	0.223	0	0	1	1	0	0	0.735202	0
	0.224	0	0	1	1	0	0	0.735202	0
	0.225	0	0	1	1	0	0	0.735202	0
	0.226	0	0	1	1	0	0	0.735202	0
	0.227	0	0	1	1	0	0	0.735202	0
	0.228	0	0	1	1	0	0	0.735202	0
	0.229	0	0	1	1	0	0	0.735202	0
	0.23	0	0	1	1	0	0	0.735202	0
	0.231	0	0	1	1	0	0	0.735202	0
	0.232	0	0	1	1	0	0	0.735202	0
	0.233	0	0	1	1	0	0	0.735202	0
	0.234	0	0	1	1	0	0	0.735202	0
	0.235	0	0	1	1	0	0	0.735202	0
	0.236	0	0	1	1	0	0	0.735202	0
	0.237	0	0	1	1	0	0	0.735202	0
	0.238	0	0	1	1	0	0	0.735202	0
	0.239	0	0	1	1	0	0	0.735202	0
	0.24	0	0	1	1	0	0	0.735202	0
	0.241	0	0	1	1	0	0	0.735202	0
	0.242	0	0	1	1	0	0	0.735202	0
	0.243	0	0	1	1	0	0	0.735202	0
	0.244	0	0	1	1	0	0	0.735202	0
	0.245	0	0	1	1	0	0	0.735202	0
	0.246	0	0	1	1	0	0	0.735202	0
	0.247	0	0	1	1	0	0	0.735202	0
	0.248	0	0	1	1	0	0	0.735202	0
	0.249	0	0	1	1	0	0	0.735202	0
	0.25	0	0	1	1	0	0	0.735202	0
	0.251	0	0	1	1	0	0	0.735202	0
	0.252	0	0	1	1	0	0	0.735202	0
	0.253	0	0	1	1	0	0	0.735202	0
	0.254	0	0	1	1	0	0	0.735202	0
	0.255	0	0	1	1	0	0	0.735202	0
	0.256	0	0	1	1	0	0	0.735202	0
	0.257	0	0	1	1	0	0	0.735202	0
	0.258	0	0	1	1	0	0	0.735202	0
	0.259	0	0	1	1	0	0	0.735202	0
	0.26	0	0	1	1	0	0	0.735202	0
	0.261	0	0	1	1	0	0	0.735202	0
	0.262	0	0	1	1	0	0	0.735202	0
	0.263	0	0	1	1	0	0	0.735202	0
	0.264	0	0	1	1	0	0	0.735202	0
	0.265	0	0	1	1	0	0	0.735202	0
	0.266	0	0	1	1	0	0	0.735202	0
	0.267	0	0	1	1	0	0	0.735202	0
	0.268	0	0	1	1	0	0	0.735202	0
	0.269	0	0	1	1	0	0	0.735202	0
	0.27	0	0	1	1	0	0	0.735202	0
	0.271	0	0	1	1	0	0	0.735202	0
	0.272	0	0	1	1	0	0	0.735202	0
	0.273	0	0	1	1	0	0	0.735202	0
	0.274	0	0	1	1	0	0	0.735202	0
	0.275	0	0	1	1	0	0	0.735202	0
	0.276	0	0	1	1	0	0	0.735202	0
	0.277	0	0	1	1	0	2.06612e-05	0.735202	0
	0.278	0	0	1	1	0	0	0.735202	0
	0.279	0	0	1	1	0	0	0.735202	0
	0.28	0	0	1	1	0	0	0.735202	0
	0.281	0	0	1	1	0	0	0.735202	0
	0.282	0	0	1	1	0	0	0.735202	0
	0.283	0	0	1	1	0	0	0.735202	0
	0.284	0	0	1	1	0	0	0.735202	0
	0.285	0	0	1	1	0	0	0.735202	0
	0.286	0	0	1	1	0	0	0.735202	0
	0.287	0	0	1	1	0	0	0.735202	0
	0.288	0	0	1	1	0	0	0.735202	0
	0.289	0	0	1	1	0	0	0.735202	0
	0.29	0	0	1	1	0	0	0.735202	0
	0.291	0	0	1	1	0	0	0.735202	0
	0.292	0	0	1	1	0	0	0.735202	0
	0.293	0	0	1	1	0	0	0.735202	0
	0.294	0	0	1	1	0	0	0.735202	0
	0.295	0	0	1	1	0	0	0.735202	0
	0.296	0	0	1	1	0	0	0.735202	0
	0.297	0	0	1	1	0	0	0.735202	0
	0.298	0	0	1	1	0	0	0.735202	0
	0.299	0	0	1	1	0	0	0.735202	0
	0.3	0	0	1	1	0	0	0.735202	0
	0.301	0	0	1	1	0	0	0.735202	0
	0.302	0	0	1	1	0	0	0.735202	0
	0.303	0	0	1	1	0	0	0.735202	0
	0.304	0	0	1	1	0	0	0.735202	0
	0.305	0	0	1	1	0	0	0.735202	0
	0.306	0	0	1	1	0	0	0.735202	0
	0.307	0	0	1	1	0	0	0.735202	0
	0.308	0	0	1	1	0	0	0.735202	0
	0.309	0	0	1	1	0	0	0.735202	0
	0.31	0	0	1	1	0	0	0.735202	0
	0.311	0	0	1	1	0	0	0.735202	0
	0.312	0	0	1	1	0	0	0.735202	0
	0.313	0	0	1	1	0	0	0.735202	0
	0.314	0	0	1	1	0	0	0.735202	0
	0.315	0	0	1	1	0	0	0.735202	0
	0.316	0	0	1	1	0	0	0.735202	0
	0.317	0	0	1	1	0	0	0.735202	0
	0.318	0	0	1	1	0	0	0.735202	0
	0.319	0	0	1	1	0	0	0.735202	0
	0.32	0	0	1	1	0	0	0.735202	0
	0.321	0	0	1	1	0	0	0.735202	0
	0.322	0	0	1	1	0	0	0.735202	0
	0.323	0	0	1	1	0	0	0.735202	0
	0.324	0	0	1	1	0	0	0.735202	0
	0.325	0	0	1	1	0	0	0.735202	0
	0.326	0	0	1	1	0	2.06612e-05	0.735202	0
	0.327	0	0	1	1	0	0	0.735202	0
	0.328	0	0	1	1	0	0	0.735202	0
	0.329	0	0	1	1	0	0	0.735202	0
	0.33	0	0	1	1	0	0	0.735202	0
	0.331	0	0	1	1	0	0	0.735202	0
	0.332	0	0	1	1	0	0	0.735202	0
	0.333	0	0	1	1	0	0	0.735202	0
	0.334	0	0	1	1	0	0	0.735202	0
	0.335	0	0	1	1	0	0	0.735202	0
	0.336	0	0	1	1	0	0	0.735202	0
	0.337	0	0	1	1	0	0	0.735202	0
	0.338	0	0	1	1	0	0	0.735202	0
	0.339	0	0	1	1	0	0	0.735202	0
	0.34	0	0	1	1	0	0	0.735202	0
	0.341	0	0	1	1	0	0	0.735202	0
	0.342	0	0	1	1	0	0	0.735202	0
	0.343	0	0	1	1	0	0	0.735202	0
	0.344	0	0	1	1	0	0	0.735202	0
	0.345	0	0	1	1	0	0	0.735202	0
	0.346	0	0	1	1	0	0	0.735202	0
	0.347	0	0	1	1	0	0	0.735202	0
	0.348	0	0	1	1	0	0	0.735202	0
	0.349	0	0	1	1	0	0	0.735202	0
	0.35	0	0	1	1	0	0	0.735202	0
	0.351	0	0	1	1	0	0	0.735202	0
	0.352	0	0	1	1	0	2.06612e-05	0.735202	0
	0.353	0	0	1	1	0	0	0.735202	0
	0.354	0	0	1	1	0	0	0.735202	0
	0.355	0	0	1	1	0	0	0.735202	0
	0.356	0	0	1	1	0	0	0.735202	0
	0.357	0	0	1	1	0	0	0.735202	0
	0.358	0	0	1	1	0	0	0.735202	0
	0.359	0	0	1	1	0	2.06612e-05	0.735202	0
	0.36	0	0	1	1	0	0	0.735202	0
	0.361	0	0	1	1	0	0	0.735202	0
	0.362	0	0	1	1	0	0	0.735202	0
	0.363	0	0	1	1	0	2.06612e-05	0.735202	0
	0.364	0	0	1	1	0	0	0.735202	0
	0.365	0	0	1	1	0	2.06612e-05	0.735202	0
	0.366	0	0	1	1	0	0	0.735202	0
	0.367	0	0	1	1	0	0	0.735202	0
	0.368	0	0	1	1	0	0	0.735202	0
	0.369	0	0	1	1	0	0	0.735202	0
	0.37	0	0	1	1	0	0	0.735202	0
	0.371	0	0	1	1	0	0	0.735202	0
	0.372	0	0	1	1	0	0	0.735202	0
	0.373	0	0	1	1	0	0	0.735202	0
	0.374	0	0	1	1	0	2.06612e-05	0.735202	0
	0.375	0	0	1	1	0	0	0.735202	0
	0.376	0	0	1	1	0	0	0.735202	0
	0.377	0	0	1	1	0	0	0.735202	0
	0.378	0	0	1	1	0	0	0.735202	0
	0.379	0	0	1	1	0	0	0.735202	0
	0.38	0	0	1	1	0	0	0.735202	0
	0.381	0	0	1	1	0	0	0.735202	0
	0.382	0	0	1	1	0	0	0.735202	0
	0.383	0	0	1	1	0	0	0.735202	0
	0.384	0	0	1	1	0	0	0.735202	0
	0.385	0	0	1	1	0	0	0.735202	0
	0.386	0	0	1	1	0	0	0.735202	0
	0.387	0	0	1	1	0	0	0.735202	0
	0.388	0	0	1	1	0	2.06612e-05	0.735202	0
	0.389	0	0	1	1	0	0	0.735202	0
	0.39	0	0	1	1	0	0	0.735202	0
	0.391	0	0	1	1	0	2.06612e-05	0.735202	0
	0.392	0	0	1	1	0	2.06612e-05	0.735202	0
	0.393	0	0	1	1	0	0	0.735202	0
	0.394	0	0	1	1	0	2.06612e-05	0.735202	0
	0.395	0	0	1	1	0	0	0.735202	0
	0.396	0	0	1	1	0	2.06612e-05	0.735202	0
	0.397	0	0	1	1	0	2.06612e-05	0.735202	0
	0.398	0	0	1	1	0	2.06612e-05	0.735202	0
	0.399	0	0	1	1	0	4.13223e-05	0.735202	0
	0.4	0	0	1	1	0	0	0.735202	0
	0.401	0	0	1	1	0	2.06612e-05	0.735202	0
	0.402	0	0	1	1	0	2.06612e-05	0.735202	0
	0.403	0	0	1	1	2.06612e-05	0	0.735202	0
	0.404	0	0	1	1	2.06612e-05	4.13223e-05	0.735202	0
	0.405	0	0	1	1	0	2.06612e-05	0.7375	0
	0.406	0	0	1	1	0	0	0.7375	0
	0.407	0	0	1	1	0	0	0.7375	0
	0.408	0	0	1	1	0	0	0.7375	0
	0.409	0	0	1	1	0	2.06612e-05	0.7375	0
	0.41	0	0	1	1	0	2.06612e-05	0.7375	0
	0.411	0	0	1	1	0	2.06612e-05	0.7375	0
	0.412	0	0	1	1	0	0	0.7375	0
	0.413	0	0	1	1	0	0	0.7375	0
	0.414	0	0	1	1	0	0	0.7375	0
	0.415	0	0	1	1	0	0	0.7375	0
	0.416	0	0	1	1	0	2.06612e-05	0.7375	0
	0.417	0	0	1	1	0	0	0.7375	0
	0.418	0	0	1	1	0	4.13223e-05	0.7375	0
	0.419	0	0	1	1	0	2.06612e-05	0.7375	0
	0.42	0	0	1	1	0	2.06612e-05	0.7375	0
	0.421	0	0	1	1	0	0	0.7375	0
	0.422	0	0	1	1	0	0	0.7375	0
	0.423	0	0	1	1	0	0	0.7375	0
	0.424	0	2.06612e-05	1	1	0	2.06612e-05	0.7375	0
	0.425	0	0	1	0.997934	0	0	0.7375	0
	0.426	0	0	1	0.997934	0	2.06612e-05	0.7375	0
	0.427	0	0	1	0.997934	0	2.06612e-05	0.7375	0
	0.428	0	0	1	0.997934	0	0	0.7375	0
	0.429	0	0	1	0.997934	0	0	0.7375	0
	0.43	0	0	1	0.997934	0	2.06612e-05	0.7375	0
	0.431	0	0	1	0.997934	0	2.06612e-05	0.7375	0
	0.432	0	0	1	0.997934	0	2.06612e-05	0.7375	0
	0.433	0	0	1	0.997934	0	2.06612e-05	0.7375	0
	0.434	0	0	1	0.997934	0	6.19835e-05	0.7375	0
	0.435	0	0	1	0.997934	0	2.06612e-05	0.7375	0
	0.436	0	0	1	0.997934	0	4.13223e-05	0.7375	0
	0.437	0	0	1	0.997934	0	0	0.7375	0
	0.438	0	0	1	0.997934	0	6.19835e-05	0.7375	0
	0.439	0	0	1	0.997934	0	2.06612e-05	0.7375	0
	0.44	0	0	1	0.997934	0	0	0.7375	0
	0.441	0	0	1	0.997934	0	0	0.7375	0
	0.442	0	0	1	0.997934	0	8.26446e-05	0.7375	0
	0.443	0	0	1	0.997934	0	2.06612e-05	0.7375	0
	0.444	0	2.06612e-05	1	0.997934	0	8.26446e-05	0.7375	0
	0.445	0	0	1	0.995868	0	4.13223e-05	0.7375	0
	0.446	0	0	1	0.995868	0	6.19835e-05	0.7375	0
	0.447	0	0	1	0.995868	0	0	0.7375	0
	0.448	0	0	1	0.995868	0	0	0.7375	0
	0.449	0	0	1	0.995868	0	0	0.7375	0
	0.45	0	0	1	0.995868	0	0	0.7375	0
	0.451	0	0	1	0.995868	0	0	0.7375	0
	0.452	0	0	1	0.995868	0	6.19835e-05	0.7375	0
	0.453	0	0	1	0.995868	0	6.19835e-05	0.7375	0
	0.454	0	0	1	0.995868	0	2.06612e-05	0.7375	0
	0.455	0	0	1	0.995868	0	2.06612e-05	0.7375	0
	0.456	0	0	1	0.995868	0	4.13223e-05	0.7375	0
	0.457	0	0	1	0.995868	0	0	0.7375	0
	0.458	0	0	1	0.995868	0	4.13223e-05	0.7375	0
	0.459	0	0	1	0.995868	0	8.26446e-05	0.7375	0
	0.46	0	0	1	0.995868	0	6.19835e-05	0.7375	0
	0.461	0	0	1	0.995868	0	4.13223e-05	0.7375	0
	0.462	0	0	1	0.995868	0	0	0.7375	0
	0.463	0	0	1	0.995868	0	8.26446e-05	0.7375	0
	0.464	0	0	1	0.995868	0	4.13223e-05	0.7375	0
	0.465	0	0	1	0.995868	0	6.19835e-05	0.7375	0
	0.466	0	0	1	0.995868	0	2.06612e-05	0.7375	0
	0.467	0	0	1	0.995868	0	4.13223e-05	0.7375	0
	0.468	0	0	1	0.995868	0	0.000144628	0.7375	0
	0.469	0	0	1	0.995868	0	0.000103306	0.7375	0
	0.47	0	0	1	0.995868	0	0.000144628	0.7375	0
	0.471	0	0	1	0.995868	2.06612e-05	0.000165289	0.7375	0
	0.472	0	0	1	0.995868	2.06612e-05	0.000123967	0.7375	0
	0.473	0	0	1	0.995868	2.06612e-05	0.000103306	0.7375	0
	0.474	0	0	1	0.995868	4.13223e-05	0.00018595	0.7375	0
	0.475	0	0	1	0.995868	4.13223e-05	8.26446e-05	0.7375	0
	0.476	0	0	1	0.995868	4.13223e-05	0.000144628	0.7375	0
	0.477	0	0	1	0.995868	8.26446e-05	0.000165289	0.7375	0
	0.478	0	0	1	0.995868	0.000123967	0.000268595	0.7375	0
	0.479	0	0	1	0.995868	8.26446e-05	0.000165289	0.7375	0
	0.48	0	0	1	0.995868	0.000144628	0.000165289	0.7375	0
	0.481	0	0	1	0.995868	0.000144628	0.000247934	0.7375	0
	0.482	0	0	1	0.995868	0.000144628	0.000103306	0.7375	0
	0.483	0	0	1	0.995868	0.000330579	0.000247934	0.7375	0
	0.484	0	0	1	0.995868	0.000206612	0.00018595	0.734375	0
	0.485	0	0	1	0.995868	6.19835e-05	0.000144628	0.734375	0
	0.486	0	0	1	0.995868	0.000289256	0.00018595	0.734375	0
	0.487	0	0	1	0.995868	0.000289256	0.000123967	0.734375	0
	0.488	0	0	1	0.995868	0.000268595	0.000309917	0.734375	0
	0.489	0	0	1	0.995868	0.000289256	0.000144628	0.734375	0
	0.49	0	0	1	0.995868	0.000289256	0.000392562	0.73125	0
	0.491	0	0	1	0.995868	0.000454545	0.000413223	0.728125	0
	0.492	0	0	1	0.995868	0.000309917	0.000371901	0.728125	0
	0.493	0	0	1	0.995868	0.000247934	0.000433884	0.728125	0
	0.494	0	0	1	0.995868	0.00035124	0.000661157	0.725	0
	0.495	0	0	1	0.995868	0.00035124	0.000371901	0.725	0
	0.496	0	0	1	0.995868	0.000454545	0.000495868	0.725	0
	0.497	0	0	1	0.995868	0.000847107	0.000516529	0.725	0
	0.498	0	0	1	0.995868	0.000950413	0.000971074	0.727273	0
	0.499	0	0	1	0.995868	0.00117769	0.00107438	0.727273	0
	0.5	0	0	1	0.995868	0.00142562	0.00150826	0.727273	0
	0.501	0	0	1	0.995868	0.00210744	0.00173554	0.727273	0
	0.502	0	0	1	0.995868	0.00198347	0.00233471	0.720126	0
	0.503	0	0	1	0.995868	0.00266529	0.00196281	0.716088	0
	0.504	0	0	1	0.995868	0.00210744	0.00171488	0.709779	0
	0.505	0	0	1	0.995868	0.00219008	0.00144628	0.702532	0
	0.506	0	0	1	0.995868	0.00235537	0.00179752	0.693038	0
	0.507	0	0	1	0.995868	0.00237603	0.00183884	0.695238	0
	0.508	0	0	1	0.995868	0.00264463	0.00177686	0.696486	0
	0.509	0	0	1	0.995868	0.0018595	0.0018595	0.700965	0
	0.51	0	0	1	0.995868	0.00214876	0.00169421	0.705502	0
	0.511	0	0	1	0.995868	0.00239669	0.00136364	0.70684	0
	0.512	0	0	1	0.995868	0.00221074	0.00177686	0.707237	0
	0.513	0	0	1	0.995868	0.00254132	0.0013843	0.704319	0
	0.514	0	0	1	0.995868	0.0021281	0.00181818	0.696667	0
	0.515	0	0	1	0.995868	0.0025	0.0017562	0.693333	0
	0.516	0	0	1	0.995868	0.00235537	0.0017562	0.694631	0
	0.517	0	0	1	0.995868	0.00243802	0.00188017	0.691275	0
	0.518	0	0	1	0.995868	0.00237603	0.00206612	0.695946	0
	0.519	0	0	1	0.995868	0.00233471	0.00152893	0.692568	0
	0.52	0	0	1	0.995868	0.00204545	0.0013843	0.694915	0
	0.521	0	0	1	0.995868	0.00233471	0.00171488	0.691525	0
	0.522	0	0	1	0.995868	0.00198347	0.00165289	0.691525	0
	0.523	0	0	1	0.995868	0.00241736	0.00192149	0.691525	0
	0.524	0	0	1	0.995868	0.00243802	0.00190083	0.692833	0
	0.525	0	0	1	0.995868	0.00204545	0.00159091	0.683849	0
	0.526	0	0	1	0.995868	0.00219008	0.00177686	0.681661	0
	0.527	0	0	1	0.995868	0.00225207	0.0013843	0.682927	0
	0.528	0	0	1	0.995868	0.00216942	0.00194215	0.685315	0
	0.529	0	2.06612e-05	1	0.995868	0.00214876	0.00152893	0.678322	0
	0.53	0	0	1	0.993802	0.00258264	0.00200413	0.678322	0
	0.531	0	0	1	0.993802	0.00204545	0.00140496	0.673684	0
	0.532	0	0	1	0.993802	0.00299587	0.00167355	0.676056	0
	0.533	0	0	1	0.993802	0.00247934	0.0017562	0.678445	0
	0.534	0	0	1	0.993802	0.00225207	0.00188017	0.679715	0
	0.535	0	0	1	0.993802	0.00243802	0.00183884	0.679715	0
	0.536	0	0	1	0.993802	0.00260331	0.00208678	0.676157	0
	0.537	0	0	1	0.993802	0.00252066	0.00210744	0.681004	0
	0.538	0	0	1	0.993802	0.00214876	0.0017562	0.676259	0
	0.539	0	2.06612e-05	1	0.993802	0.00245868	0.0021281	0.672662	0
	0.54	0	0	1	0.991736	0.00256198	0.00190083	0.672727	0
	0.541	0	0	1	0.991736	0.00225207	0.00169421	0.672727	0
	0.542	0	0	1	0.991736	0.00268595	0.00163223	0.669091	0
	0.543	0	0	1	0.991736	0.0025	0.00200413	0.671533	0
	0.544	0	0	1	0.991736	0.00254132	0.00173554	0.678967	0
	0.545	0	0	1	0.991736	0.0025	0.00210744	0.680297	0
	0.546	0	0	1	0.991736	0.00258264	0.00173554	0.680297	0
	0.547	0	0	1	0.991736	0.00237603	0.00206612	0.67658	0
	0.548	0	0	1	0.991736	0.00316116	0.00167355	0.677903	0
	0.549	0	0	1	0.991736	0.00247934	0.00190083	0.664151	0
	0.55	0	0	1	0.991736	0.00241736	0.00146694	0.662879	0
	0.551	0	0	1	0.991736	0.00227273	0.00196281	0.655303	0
	0.552	0	0	1	0.991736	0.00225207	0.00181818	0.657795	0
	0.553	0	0	1	0.991736	0.00231405	0.0017562	0.656489	0
	0.554	0	0	1	0.991736	0.00295455	0.00179752	0.659004	0
	0.555	0	0	1	0.991736	0.00266529	0.00214876	0.664093	0
	0.556	0	0	1	0.991736	0.00239669	0.00196281	0.662791	0
	0.557	0	0	1	0.991736	0.00256198	0.00219008	0.662791	0
	0.558	0	0	1	0.991736	0.00192149	0.00200413	0.655039	0
	0.559	0	0	1	0.991736	0.00225207	0.00179752	0.662745	0
	0.56	0	0	1	0.991736	0.00231405	0.0018595	0.665354	0
	0.561	0	0	1	0.991736	0.00231405	0.00198347	0.652174	0
	0.562	0	0	1	0.991736	0.00254132	0.00179752	0.650794	0
	0.563	0	0	1	0.991736	0.00225207	0.00165289	0.644	0
	0.564	0	0	1	0.991736	0.00247934	0.0018595	0.636	0
	0.565	0	0	1	0.991736	0.00243802	0.00177686	0.624	0
	0.566	0	0	1	0.991736	0.00239669	0.00157025	0.624	0
	0.567	0	2.06612e-05	1	0.991736	0.00169421	0.00157025	0.625	0
	0.568	0	0	1	0.989669	0.00214876	0.00183884	0.623482	0
	0.569	0	0	1	0.989669	0.00196281	0.00214876	0.628571	0
	0.57	0	0	1	0.989669	0.00229339	0.00225207	0.62963	0
	0.571	0	0	1	0.989669	0.00219008	0.0021281	0.628099	0
	0.572	0	0	1	0.989669	0.00188017	0.00196281	0.618257	0
	0.573	0	0	1	0.989669	0.00252066	0.00194215	0.619247	0
	0.574	0	0	1	0.989669	0.00200413	0.00229339	0.617647	0
	0.575	0	0	1	0.989669	0.00206612	0.00194215	0.609244	0
	0.576	0	0	1	0.989669	0.00171488	0.00204545	0.603376	0
	0.577	0	0	1	0.989669	0.0018595	0.00188017	0.608511	0
	0.578	0	0	1	0.989669	0.00241736	0.0018595	0.604255	0
	0.579	0	0	1	0.989669	0.00194215	0.00204545	0.602564	0
	0.58	0	0	1	0.989669	0.00190083	0.00219008	0.602564	0
	0.581	0	0	1	0.989669	0.00206612	0.00169421	0.600858	0
	0.582	0	0	1	0.989669	0.00235537	0.00190083	0.603448	0
	0.583	0	0	1	0.989669	0.00206612	0.00188017	0.601732	0
	0.584	0	0	1	0.989669	0.00241736	0.00161157	0.609649	0
	0.585	0	0	1	0.989669	0.00219008	0.00198347	0.612335	0
	0.586	0	0	1	0.989669	0.00258264	0.00229339	0.613333	0
	0.587	0	0	1	0.989669	0.00188017	0.00179752	0.622727	0
	0.588	0	0	1	0.989669	0.00214876	0.00179752	0.618182	0
	0.589	0	0	1	0.989669	0.00214876	0.00216942	0.607306	0
	0.59	0	0	1	0.989669	0.00221074	0.00171488	0.607306	0
	0.591	0	0	1	0.989669	0.00214876	0.00235537	0.607306	0
	0.592	0	0	1	0.989669	0.0021281	0.00198347	0.605505	0
	0.593	0	0	1	0.989669	0.00194215	0.00179752	0.59447	0
	0.594	0	0	1	0.989669	0.00214876	0.00190083	0.587963	0
	0.595	0	0	1	0.989669	0.00225207	0.00179752	0.588785	0
	0.596	0	0	1	0.989669	0.00256198	0.00190083	0.591549	0
	0.597	0	0	1	0.989669	0.00237603	0.00196281	0.597156	0
	0.598	0	0	1	0.989669	0.00237603	0.00210744	0.6	0
	0.599	0	0	1	0.989669	0.00233471	0.00202479	0.590476	0
	0.6	0	0	1	0.989669	0.00227273	0.00190083	0.590476	0
	0.601	0	0	1	0.989669	0.00237603	0.00190083	0.585714	0
	0.602	0	2.06612e-05	1	0.989669	0.00270661	0.00183884	0.583732	0
	0.603	0	2.06612e-05	1	0.987603	0.00270661	0.00196281	0.589372	0
	0.604	0	0	1	0.985537	0.00216942	0.00206612	0.592233	0
	0.605	0	0	1	0.985537	0.00233471	0.00198347	0.593137	0
	0.606	0	0	1	0.985537	0.00256198	0.00196281	0.593137	0
	0.607	0	0	1	0.985537	0.00270661	0.00221074	0.597015	0
	0.608	0	0	1	0.985537	0.00227273	0.00192149	0.60101	0
	0.609	0	0	1	0.985537	0.00247934	0.00150826	0.598985	0
	0.61	0	0	1	0.985537	0.00262397	0.00204545	0.602041	0
	0.611	0	0	1	0.985537	0.00206612	0.00179752	0.605128	0
	0.612	0	0	1	0.985537	0.00258264	0.00206612	0.611399	0
	0.613	0	0	1	0.985537	0.00206612	0.00177686	0.606218	0
	0.614	0	2.06612e-05	1	0.985537	0.00264463	0.00198347	0.598958	0
	0.615	0	0	1	0.983471	0.00202479	0.00198347	0.602094	0
	0.616	0	0	1	0.983471	0.00221074	0.00202479	0.6	0
	0.617	0	0	1	0.983471	0.00210744	0.00167355	0.597884	0
	0.618	0	0	1	0.983471	0.00235537	0.0018595	0.593583	0
	0.619	0	0	1	0.983471	0.00208678	0.00208678	0.591398	0
	0.62	0	0	1	0.983471	0.00231405	0.00169421	0.578378	0
	0.621	0	0	1	0.983471	0.00245868	0.00177686	0.565217	0
	0.622	0	0	1	0.983471	0.00181818	0.00161157	0.571429	0
	0.623	0	0	1	0.983471	0.0021281	0.00183884	0.565934	0
	0.624	0	0	1	0.983471	0.00214876	0.00204545	0.558011	0
	0.625	0	0	1	0.983471	0.00188017	0.00243802	0.546961	0
	0.626	0	0	1	0.983471	0.00198347	0.00194215	0.544444	0
	0.627	0	2.06612e-05	1	0.983471	0.00237603	0.00181818	0.553672	0
	0.628	0	0	1	0.981405	0.00181818	0.00192149	0.553672	0
	0.629	0	0	1	0.981405	0.00198347	0.00210744	0.548023	0
	0.63	0	0	1	0.981405	0.00177686	0.00179752	0.536723	0
	0.631	0	0	1	0.981405	0.00165289	0.0018595	0.539773	0
	0.632	0	0	1	0.981405	0.00231405	0.00227273	0.522727	0
	0.633	0	0	1	0.981405	0.00183884	0.0021281	0.514286	0
	0.634	0	0	1	0.981405	0.00173554	0.0013843	0.517241	0
	0.635	0	0	1	0.981405	0.00188017	0.00208678	0.529762	0
	0.636	0	0	1	0.981405	0.00190083	0.00206612	0.524096	0
	0.637	0	0	1	0.981405	0.00163223	0.00188017	0.527273	0
	0.638	0	0	1	0.981405	0.00192149	0.00192149	0.518293	0
	0.639	0	0	1	0.981405	0.00165289	0.00192149	0.521472	0
	0.64	0	0	1	0.981405	0.00204545	0.00190083	0.521739	0
	0.641	0	0	1	0.981405	0.00198347	0.0014876	0.51875	0
	0.642	0	0	1	0.981405	0.00198347	0.0018595	0.522013	0
	0.643	0	0	1	0.981405	0.00196281	0.00183884	0.528662	0
	0.644	0	0	1	0.981405	0.00216942	0.00214876	0.529032	0
	0.645	0	2.06612e-05	1	0.981405	0.0021281	0.00190083	0.529412	0
	0.646	0	0	1	0.979339	0.00177686	0.00192149	0.522876	0
	0.647	0	2.06612e-05	1	0.979339	0.00221074	0.0018595	0.513158	0
	0.648	0	0	1	0.977273	0.00194215	0.00196281	0.506579	0
	0.649	0	0	1	0.977273	0.00231405	0.00167355	0.506579	0
	0.65	0	0	1	0.977273	0.00196281	0.0018595	0.493421	0
	0.651	0	0	1	0.977273	0.0022314	0.00167355	0.5	0
	0.652	0	0	1	0.977273	0.00190083	0.00196281	0.506757	0
	0.653	0	0	1	0.977273	0.00208678	0.00214876	0.506849	0
	0.654	0	0	1	0.977273	0.00198347	0.00204545	0.510345	0
	0.655	0	0	1	0.977273	0.00208678	0.00198347	0.517483	0
	0.656	0	0	1	0.977273	0.00204545	0.00194215	0.51773	0
	0.657	0	0	1	0.977273	0.00221074	0.00216942	0.52518	0
	0.658	0	0	1	0.977273	0.00181818	0.00204545	0.52518	0
	0.659	0	2.06612e-05	1	0.977273	0.00237603	0.0018595	0.507246	0
	0.66	0	0	1	0.975207	0.00198347	0.00157025	0.50365	0
	0.661	0	0	1	0.975207	0.00239669	0.00192149	0.49635	0
	0.662	0	0	1	0.975207	0.00188017	0.00210744	0.481752	0
	0.663	0	2.06612e-05	1	0.975207	0.00235537	0.00204545	0.481752	0
	0.664	0	0	1	0.97314	0.00216942	0.00190083	0.463235	0
	0.665	0	0	1	0.97314	0.00200413	0.00183884	0.459259	0
	0.666	0	0	1	0.97314	0.00200413	0.00225207	0.466165	0
	0.667	0	2.06612e-05	1	0.97314	0.00179752	0.0017562	0.465649	0
	0.668	0	2.06612e-05	1	0.97314	0.00241736	0.00198347	0.469231	0
	0.669	0	0	1	0.971074	0.00198347	0.00198347	0.469231	0
	0.67	0	0	1	0.971074	0.00161157	0.00202479	0.461538	0
	0.671	0	0	1	0.971074	0.0022314	0.00190083	0.457364	0
	0.672	0	0	1	0.971074	0.00221074	0.00181818	0.460317	0
	0.673	0	0	1	0.971074	0.00171488	0.00227273	0.452381	0
	0.674	0	0	1	0.971074	0.00200413	0.00169421	0.448	0
	0.675	0	2.06612e-05	1	0.971074	0.00177686	0.00216942	0.44	0
	0.676	0	0	1	0.971074	0.00163223	0.00200413	0.427419	0
	0.677	0	0	1	0.971074	0.00177686	0.00202479	0.42623	0
	0.678	0	0	1	0.971074	0.00216942	0.00163223	0.429752	0
	0.679	0	2.06612e-05	1	0.971074	0.00188017	0.00181818	0.425	0
	0.68	0	0.000103306	1	0.969008	0.00198347	0.00206612	0.428571	0
	0.681	0	0	1	0.969008	0.0017562	0.00177686	0.428571	0
	0.682	0	0	1	0.969008	0.00206612	0.00192149	0.415254	0
	0.683	0	0	1	0.969008	0.00194215	0.00206612	0.40678	0
	0.684	0	2.06612e-05	1	0.969008	0.00227273	0.00194215	0.410256	0
	0.685	0	0	1	0.969008	0.00198347	0.00161157	0.401709	0
	0.686	0	0	1	0.969008	0.00183884	0.0021281	0.40708	0
	0.687	0	0	1	0.969008	0.00194215	0.00179752	0.389381	0
	0.688	0	2.06612e-05	1	0.969008	0.00200413	0.00183884	0.387387	0
	0.689	0	0	1	0.966942	0.00192149	0.00204545	0.378378	0
	0.69	0	2.06612e-05	1	0.966942	0.00194215	0.00177686	0.354545	0
	0.691	0	0	1	0.964876	0.00173554	0.00204545	0.357798	0
	0.692	0	0	1	0.964876	0.00171488	0.00196281	0.348624	0
	0.693	0	0	1	0.964876	0.00179752	0.0018595	0.33945	0
	0.694	0	0	1	0.964876	0.00194215	0.00216942	0.339623	0
	0.695	0	0	1	0.964876	0.0018595	0.00206612	0.330189	0
	0.696	0	0	1	0.964876	0.00233471	0.00192149	0.326923	0
	0.697	0	2.06612e-05	1	0.964876	0.00192149	0.00208678	0.330097	0
	0.698	0	0	1	0.964876	0.00140496	0.00169421	0.336634	0
	0.699	0	2.06612e-05	1	0.964876	0.00169421	0.0017562	0.326733	0
	0.7	0	0	1	0.96281	0.00161157	0.0018595	0.323232	0
	0.701	0	0	1	0.96281	0.00188017	0.0013843	0.316327	0
	0.702	0	2.06612e-05	1	0.96281	0.00204545	0.00157025	0.306122	0
	0.703	0	2.06612e-05	1	0.96281	0.0018595	0.0018595	0.306122	0
	0.704	0	0	1	0.960744	0.00208678	0.00202479	0.3125	0
	0.705	0	0	1	0.960744	0.00190083	0.00157025	0.3125	0
	0.706	0	0	1	0.960744	0.00152893	0.00142562	0.315789	0
	0.707	0	2.06612e-05	1	0.960744	0.00183884	0.00196281	0.319149	0
	0.708	0	0	1	0.958678	0.00192149	0.00152893	0.322581	0
	0.709	0	0	1	0.958678	0.00196281	0.00163223	0.322581	0
	0.71	0	0	1	0.958678	0.00237603	0.00169421	0.311828	0
	0.711	0	2.06612e-05	1	0.958678	0.00177686	0.00179752	0.307692	0
	0.712	0	0	1	0.956612	0.00183884	0.00157025	0.303371	0
	0.713	0	2.06612e-05	1	0.956612	0.00196281	0.00167355	0.313953	0
	0.714	0	2.06612e-05	1	0.954545	0.00204545	0.0017562	0.313953	0
	0.715	0	0	1	0.952479	0.00210744	0.00134298	0.317647	0
	0.716	2.06612e-05	2.06612e-05	1	0.952479	0.00171488	0.00183884	0.309524	0
	0.717	0	0	0.997934	0.952479	0.00177686	0.00181818	0.301205	0
	0.718	0	4.13223e-05	0.997934	0.952479	0.00173554	0.00150826	0.292683	0
	0.719	0	0	0.997934	0.952479	0.00159091	0.0018595	0.292683	0
	0.72	0	0	0.997934	0.952479	0.00157025	0.00159091	0.283951	0
	0.721	2.06612e-05	2.06612e-05	0.997934	0.952479	0.00165289	0.00154959	0.259259	0
	0.722	2.06612e-05	2.06612e-05	0.997934	0.952479	0.00140496	0.00192149	0.2625	0
	0.723	0	0	0.997934	0.950413	0.00181818	0.00181818	0.269231	0
	0.724	0	2.06612e-05	0.997934	0.950413	0.00188017	0.00165289	0.25641	0
	0.725	0	0	0.997934	0.950413	0.00165289	0.00229339	0.25974	0
	0.726	2.06612e-05	0	0.997934	0.950413	0.00169421	0.00177686	0.266667	0
	0.727	6.19835e-05	2.06612e-05	0.997934	0.950413	0.0013843	0.00181818	0.266667	0
	0.728	0	2.06612e-05	0.997934	0.950413	0.00183884	0.0018595	0.28169	0
	0.729	2.06612e-05	2.06612e-05	0.997934	0.948347	0.00130165	0.00194215	0.285714	0
	0.73	2.06612e-05	0	0.997934	0.946281	0.00159091	0.00194215	0.298507	0
	0.731	0	4.13223e-05	0.997934	0.946281	0.00159091	0.0014876	0.268657	0
	0.732	6.19835e-05	0	0.997934	0.942149	0.00171488	0.0014876	0.268657	0
	0.733	6.19835e-05	0	0.997934	0.942149	0.00142562	0.00159091	0.257576	0
	0.734	6.19835e-05	0	0.997934	0.942149	0.00146694	0.0018595	0.261538	0
	0.735	6.19835e-05	2.06612e-05	0.997934	0.942149	0.00144628	0.00163223	0.265625	0
	0.736	4.13223e-05	2.06612e-05	0.997934	0.940083	0.00128099	0.00165289	0.265625	0
	0.737	0	4.13223e-05	0.997934	0.938017	0.00150826	0.00152893	0.269841	0
	0.738	6.19835e-05	2.06612e-05	0.997934	0.93595	0.00128099	0.00188017	0.269841	0
	0.739	0.000103306	2.06612e-05	0.997934	0.93595	0.0013843	0.00123967	0.269841	0
	0.74	4.13223e-05	0	0.997934	0.93595	0.00117769	0.00157025	0.269841	0
	0.741	2.06612e-05	0	0.997934	0.93595	0.000991736	0.0017562	0.274194	0
	0.742	4.13223e-05	0	0.997934	0.93595	0.000909091	0.00194215	0.283333	0
	0.743	4.13223e-05	0	0.997934	0.93595	0.00134298	0.00154959	0.283333	0
	0.744	4.13223e-05	4.13223e-05	0.997934	0.93595	0.00113636	0.00165289	0.285714	0
	0.745	4.13223e-05	8.26446e-05	0.997934	0.933884	0.00121901	0.00152893	0.296296	0
	0.746	4.13223e-05	0	0.997934	0.931818	0.00105372	0.00142562	0.277778	0
	0.747	0.000103306	2.06612e-05	0.997934	0.931818	0.000991736	0.00136364	0.283019	0
	0.748	4.13223e-05	4.13223e-05	0.997934	0.929752	0.00121901	0.00159091	0.283019	0
	0.749	2.06612e-05	2.06612e-05	0.997934	0.927686	0.00088843	0.0013843	0.294118	0
	0.75	0.000103306	4.13223e-05	0.997934	0.92562	0.000805785	0.00165289	0.306122	0
	0.751	6.19835e-05	2.06612e-05	0.997934	0.92562	0.000991736	0.00136364	0.3125	0
	0.752	2.06612e-05	4.13223e-05	0.997934	0.923554	0.000929752	0.00171488	0.319149	0
	0.753	8.26446e-05	6.19835e-05	0.997934	0.923554	0.000826446	0.00152893	0.319149	0
	0.754	4.13223e-05	0	0.997934	0.917355	0.000950413	0.00173554	0.276596	0
	0.755	4.13223e-05	2.06612e-05	0.997934	0.917355	0.00107438	0.0014876	0.276596	0
	0.756	0	2.06612e-05	0.997934	0.915289	0.000826446	0.00159091	0.276596	0
	0.757	2.06612e-05	0	0.997934	0.915289	0.00113636	0.00134298	0.255319	0
	0.758	2.06612e-05	4.13223e-05	0.995868	0.915289	0.000785124	0.00161157	0.26087	0
	0.759	6.19835e-05	4.13223e-05	0.995868	0.915289	0.000702479	0.00142562	0.266667	0
	0.76	4.13223e-05	2.06612e-05	0.995868	0.915289	0.000785124	0.00126033	0.27907	0
	0.761	0	2.06612e-05	0.995868	0.915289	0.000599174	0.00161157	0.27907	0
	0.762	8.26446e-05	6.19835e-05	0.995868	0.913223	0.000764463	0.00152893	0.27907	0
	0.763	2.06612e-05	2.06612e-05	0.995868	0.911157	0.000599174	0.00159091	0.3	0
	0.764	4.13223e-05	2.06612e-05	0.995868	0.911157	0.000764463	0.00152893	0.307692	0
	0.765	0	0	0.995868	0.911157	0.00053719	0.00157025	0.315789	0
	0.766	0	2.06612e-05	0.995868	0.911157	0.000661157	0.00142562	0.289474	0
	0.767	8.26446e-05	6.19835e-05	0.995868	0.909091	0.000702479	0.00123967	0.277778	0
	0.768	4.13223e-05	0	0.995868	0.907025	0.000764463	0.00134298	0.285714	0
	0.769	4.13223e-05	0	0.995868	0.907025	0.000516529	0.00134298	0.30303	0
	0.77	0	2.06612e-05	0.995868	0.907025	0.000867769	0.00123967	0.28125	0
	0.771	2.06612e-05	4.13223e-05	0.995868	0.907025	0.000826446	0.00140496	0.28125	0
	0.772	2.06612e-05	4.13223e-05	0.995868	0.907025	0.000661157	0.00113636	0.266667	0
	0.773	8.26446e-05	2.06612e-05	0.995868	0.907025	0.000764463	0.00146694	0.233333	0
	0.774	8.26446e-05	2.06612e-05	0.995868	0.907025	0.000557851	0.00128099	0.2	0
	0.775	0	0	0.995868	0.907025	0.000702479	0.00132231	0.230769	0
	0.776	0	8.26446e-05	0.995868	0.907025	0.000475207	0.0014876	0.230769	0
	0.777	4.13223e-05	8.26446e-05	0.995868	0.907025	0.000619835	0.00132231	0.230769	0
	0.778	4.13223e-05	2.06612e-05	0.995868	0.902893	0.000681818	0.00115702	0.24	0
	0.779	2.06612e-05	2.06612e-05	0.995868	0.902893	0.00072314	0.00132231	0.24	0
	0.78	0	4.13223e-05	0.995868	0.900826	0.00053719	0.0013843	0.24	0
	0.781	6.19835e-05	6.19835e-05	0.995868	0.900826	0.000557851	0.00103306	0.24	0
	0.782	6.19835e-05	2.06612e-05	0.995868	0.900826	0.000599174	0.00119835	0.24	0
	0.783	0	2.06612e-05	0.995868	0.89876	0.000454545	0.0014876	0.24	0
	0.784	4.13223e-05	8.26446e-05	0.995868	0.896694	0.000454545	0.0011157	0.25	0
	0.785	6.19835e-05	2.06612e-05	0.995868	0.894628	0.000640496	0.00121901	0.25	0
	0.786	4.13223e-05	2.06612e-05	0.995868	0.894628	0.000743802	0.000950413	0.26087	0
	0.787	6.19835e-05	6.19835e-05	0.995868	0.894628	0.000433884	0.00134298	0.26087	0
	0.788	4.13223e-05	6.19835e-05	0.995868	0.894628	0.00053719	0.00113636	0.26087	0
	0.789	2.06612e-05	0	0.995868	0.892562	0.000661157	0.00132231	0.272727	0
	0.79	6.19835e-05	4.13223e-05	0.995868	0.892562	0.000661157	0.000991736	0.272727	0
	0.791	6.19835e-05	2.06612e-05	0.995868	0.890496	0.000578512	0.0011157	0.285714	0
	0.792	8.26446e-05	4.13223e-05	0.995868	0.890496	0.00053719	0.00121901	0.3	0
	0.793	4.13223e-05	0	0.99793	0.88843	0.000640496	0.00109504	0.3	0
	0.794	6.19835e-05	4.13223e-05	0.99793	0.88843	0.000516529	0.0014876	0.333333	0
	0.795	4.13223e-05	2.06612e-05	0.99793	0.886364	0.000454545	0.000805785	0.333333	0
	0.796	6.19835e-05	4.13223e-05	0.99793	0.886364	0.000578512	0.00107438	0.333333	0
	0.797	8.26446e-05	8.26446e-05	0.99793	0.884298	0.000785124	0.000826446	0.333333	0
	0.798	0.000103306	0.000103306	0.99793	0.880165	0.000413223	0.000929752	0.277778	0
	0.799	2.06612e-05	2.06612e-05	0.99793	0.878099	0.000619835	0.00107438	0.277778	0
	0.8	2.06612e-05	4.13223e-05	0.99793	0.878099	0.000475207	0.00105372	0.277778	0
	0.801	6.19835e-05	4.13223e-05	0.99793	0.878099	0.000557851	0.000991736	0.277778	0
	0.802	8.26446e-05	2.06612e-05	0.99793	0.878099	0.000557851	0.000867769	0.277778	0
	0.803	4.13223e-05	0	0.99793	0.878099	0.000392562	0.00117769	0.277778	0
	0.804	4.13223e-05	4.13223e-05	0.99793	0.878099	0.000433884	0.000929752	0.222222	0
	0.805	8.26446e-05	4.13223e-05	0.99793	0.876033	0.000599174	0.00109504	0.222222	0
	0.806	8.26446e-05	2.06612e-05	0.99793	0.876033	0.000433884	0.000909091	0.235294	0
	0.807	6.19835e-05	2.06612e-05	0.99793	0.876033	0.000433884	0.00109504	0.235294	0
	0.808	4.13223e-05	6.19835e-05	0.99793	0.873967	0.000330579	0.0010124	0.235294	0
	0.809	6.19835e-05	4.13223e-05	0.99793	0.873967	0.000371901	0.000971074	0.235294	0
	0.81	6.19835e-05	6.19835e-05	0.99793	0.873967	0.000371901	0.00115702	0.235294	0
	0.811	6.19835e-05	4.13223e-05	0.99793	0.871901	0.000413223	0.00142562	0.235294	0
	0.812	2.06612e-05	0.000144628	0.99793	0.871901	0.000268595	0.000991736	0.235294	0
	0.813	2.06612e-05	2.06612e-05	0.99793	0.869835	0.000247934	0.00105372	0.235294	0
	0.814	4.13223e-05	6.19835e-05	0.99793	0.869835	0.000330579	0.000971074	0.235294	0
	0.815	4.13223e-05	4.13223e-05	0.99793	0.869835	0.000392562	0.000929752	0.25	0
	0.816	0	8.26446e-05	0.99793	0.869835	0.000247934	0.00109504	0.266667	0
	0.817	0	4.13223e-05	0.99793	0.867769	0.000227273	0.000826446	0.266667	0
	0.818	4.13223e-05	2.06612e-05	0.99793	0.865702	0.000268595	0.00123967	0.266667	0
	0.819	0	2.06612e-05	0.99793	0.863636	0.000413223	0.00053719	0.266667	0
	0.82	0	2.06612e-05	0.99793	0.863636	0.000144628	0.000826446	0.214286	0
	0.821	2.06612e-05	4.13223e-05	0.99793	0.863636	0.000309917	0.00109504	0.214286	0
	0.822	0	6.19835e-05	0.99793	0.863636	0.000227273	0.000847107	0.214286	0
	0.823	0	0.000123967	0.99793	0.863636	0.000330579	0.000867769	0.214286	0
	0.824	0	2.06612e-05	0.99793	0.859504	0.000165289	0.000785124	0.214286	0
	0.825	0	2.06612e-05	0.99793	0.859504	0.000268595	0.000950413	0.230769	0
	0.826	0	4.13223e-05	0.99793	0.859504	0.000103306	0.000702479	0.272727	0
	0.827	0	0.000103306	0.99793	0.859504	0.000144628	0.000743802	0.272727	0
	0.828	0	2.06612e-05	0.99793	0.855372	0.00018595	0.000867769	0.272727	0
	0.829	0	0.000144628	0.99793	0.855372	0.000144628	0.000826446	0.3	0
	0.83	4.13223e-05	6.19835e-05	0.99793	0.855372	0.000103306	0.00072314	0.3	0
	0.831	0	8.26446e-05	1	0.85124	2.06612e-05	0.000764463	0.3	0
	0.832	0	0.000123967	1	0.849174	0.000103306	0.00072314	0.3	0
	0.833	0	6.19835e-05	1	0.849174	0.00018595	0.000640496	0.3	0
	0.834	0	8.26446e-05	1	0.849174	0.000144628	0.000929752	0.3	0
	0.835	0	0.000144628	1	0.849174	0.000289256	0.000764463	0.3	0
	0.836	0	4.13223e-05	1	0.847107	0.000165289	0.000640496	0.333333	0
	0.837	0	6.19835e-05	1	0.845041	0.000227273	0.000681818	0.333333	0
	0.838	0	6.19835e-05	1	0.845041	0.000103306	0.00072314	0.285714	0
	0.839	0	8.26446e-05	1	0.840909	0.000165289	0.000413223	0.333333	0
	0.84	0	0.000144628	1	0.840909	0.000144628	0.000826446	0.333333	0
	0.841	0	0.000103306	1	0.840909	0.000103306	0.000867769	0.333333	0
	0.842	0	4.13223e-05	1	0.838843	0.000227273	0.000785124	0.333333	0
	0.843	0	0.000103306	1	0.838843	0.000165289	0.000413223	0.333333	0
	0.844	0	0.000144628	1	0.838843	0.00018595	0.00072314	0.333333	0
	0.845	0	8.26446e-05	1	0.836777	0.000206612	0.000867769	0.333333	0
	0.846	0	6.19835e-05	1	0.836777	0.000165289	0.000640496	0.333333	0
	0.847	0	0.000123967	1	0.834711	0.000144628	0.000578512	0.333333	0
	0.848	0	8.26446e-05	1	0.834711	0.000247934	0.000495868	0.333333	0
	0.849	0	0.000123967	1	0.832645	0.00018595	0.000826446	0.333333	0
	0.85	0	8.26446e-05	1	0.830579	0.000206612	0.000495868	0.4	0
	0.851	0	0.000227273	1	0.828512	0.000144628	0.000702479	0.2	0
	0.852	0	0	1	0.826446	0.000103306	0.000578512	0.2	0
	0.853	0	0.000144628	1	0.826446	0.000165289	0.000661157	0.2	0
	0.854	0	0.000103306	1	0.826446	0.000123967	0.000619835	0.2	0
	0.855	0	0.000103306	1	0.826446	0.00018595	0.000516529	0.2	0
	0.856	0	0.000144628	1	0.82438	0.000103306	0.000619835	0.2	0
	0.857	0	0.000165289	1	0.82438	6.19835e-05	0.000640496	0.2	0
	0.858	0	0.000103306	1	0.820248	0.000144628	0.000599174	0.2	0
	0.859	2.06612e-05	0.000123967	1	0.820248	0.00018595	0.000454545	0.2	0
	0.86	0	0.000144628	0.997925	0.818182	0.000123967	0.000516529	0.2	0
	0.861	2.06612e-05	0.000123967	0.997925	0.816116	0.000165289	0.000640496	0.2	0
	0.862	2.06612e-05	0.000123967	0.995851	0.816116	0.00018595	0.00053719	0.2	0
	0.863	2.06612e-05	0.000123967	0.995851	0.811983	8.26446e-05	0.000495868	0.2	0
	0.864	2.06612e-05	0.000144628	0.995851	0.809917	0.000227273	0.000330579	0.2	0
	0.865	2.06612e-05	0.00018595	0.995851	0.807851	0.00018595	0.000433884	0.2	0
	0.866	0	0.000103306	0.995851	0.805785	0.000144628	0.000599174	0.2	0
	0.867	0	6.19835e-05	0.995851	0.801653	0.000206612	0.000475207	0.2	0
	0.868	2.06612e-05	0.000123967	0.995851	0.801653	0.000144628	0.000681818	0.25	0
	0.869	4.13223e-05	8.26446e-05	0.995851	0.799587	0.000144628	0.000640496	0.25	0
	0.87	4.13223e-05	4.13223e-05	0.995851	0.799587	6.19835e-05	0.000599174	0.25	0
	0.871	2.06612e-05	0.000144628	0.995851	0.799587	0.00018595	0.000392562	0.25	0
	0.872	6.19835e-05	0.000165289	0.995851	0.791322	0.000165289	0.000619835	0.25	0
	0.873	2.06612e-05	0.00035124	0.995851	0.785124	0.00018595	0.000268595	0.25	0
	0.874	0.000144628	0.000165289	0.995851	0.774793	6.19835e-05	0.000371901	0.25	0
	0.875	0.000103306	0.000123967	0.995851	0.772727	0.00018595	0.000433884	0.25	0
	0.876	8.26446e-05	0.000123967	0.995851	0.772727	0.000123967	0.000309917	0.333333	0
	0.877	0.000144628	0.000123967	0.995851	0.772727	8.26446e-05	0.000165289	0.333333	0
	0.878	0.000123967	0.000144628	0.995851	0.770661	0.000103306	0.000475207	0.333333	0
	0.879	8.26446e-05	0.000165289	0.995851	0.768595	0.000165289	0.000371901	0.333333	0
	0.88	6.19835e-05	0.000206612	0.995851	0.764463	0.000103306	0.000289256	0.333333	0
	0.881	0.000103306	0.000103306	0.995851	0.756198	0.000103306	0.00035124	0.333333	0
	0.882	0.00018595	0.000227273	0.995851	0.754132	4.13223e-05	0.000268595	0.333333	0
	0.883	0.000227273	0.000144628	0.993776	0.752066	6.19835e-05	0.000454545	0.333333	0
	0.884	0.000123967	0.000144628	0.993776	0.747934	2.06612e-05	0.000454545	0.333333	0
	0.885	0.000103306	0.000247934	0.993776	0.745868	0.000103306	0.000371901	0.333333	0
	0.886	0.000165289	0.000165289	0.993776	0.741736	4.13223e-05	0.000247934	0.333333	0
	0.887	0.000165289	0.00018595	0.993776	0.741736	6.19835e-05	0.000309917	0.333333	0
	0.888	0.000103306	0.000144628	0.993776	0.741736	4.13223e-05	0.000371901	0.333333	0
	0.889	0.000103306	0.000268595	0.993776	0.739669	6.19835e-05	0.000289256	0.333333	0
	0.89	0.000227273	0.000165289	0.993776	0.737603	6.19835e-05	0.00035124	0.333333	0
	0.891	0.000165289	0.000268595	0.993776	0.733471	2.06612e-05	0.000454545	0.333333	0
	0.892	0.000103306	0.000227273	0.993776	0.729339	2.06612e-05	0.000309917	0.333333	0
	0.893	0.000165289	0.000268595	0.993776	0.72314	2.06612e-05	0.000289256	0.5	0
	0.894	0.00018595	0.00018595	0.993776	0.719008	0	0.000454545	0.5	0
	0.895	0.000103306	0.000227273	0.993776	0.71281	0	0.00035124	0.5	0
	0.896	0.00018595	0.000144628	0.991701	0.710744	2.06612e-05	0.000268595	0.5	0
	0.897	0.000268595	0.000247934	0.991701	0.710744	0	0.00018595	0.5	0
	0.898	0.00018595	0.000289256	0.991701	0.706612	0	0.000454545	0.5	0
	0.899	0.000268595	0.000289256	0.991701	0.704545	2.06612e-05	0.000227273	0.5	0
	0.9	0.000123967	0.000268595	0.991701	0.700413	0	0.000165289	0.5	0
	0.901	0.000289256	0.000227273	0.991701	0.698347	2.06612e-05	0.000289256	0.5	0
	0.902	0.00018595	0.000268595	0.991701	0.696281	2.06612e-05	0.000268595	0.5	0
	0.903	0.000123967	0.000289256	0.991701	0.692149	0	0.000123967	1	0
	0.904	0.000206612	0.000392562	0.991701	0.68595	0	0.000227273	1	0
	0.905	0.00018595	0.000165289	0.991701	0.683884	0	0.000289256	1	0
	0.906	0.000144628	0.000413223	0.991701	0.681818	0	0.00018595	1	0
	0.907	0.000227273	0.00035124	0.991701	0.671488	0	0.000268595	1	0
	0.908	0.000227273	0.000413223	0.993763	0.669421	0	0.000247934	1	0
	0.909	0.000103306	0.000309917	0.995833	0.665289	0	0.000123967	1	0
	0.91	0.00018595	0.000309917	0.995833	0.659091	0	0.000103306	1	0
	0.911	0.000165289	0.000268595	0.995833	0.654959	0	0.000206612	1	0
	0.912	0.000103306	0.000330579	0.995833	0.64876	0	0.00018595	1	0
	0.913	0.000206612	0.00035124	0.995833	0.64876	0	0.00018595	1	0
	0.914	0.000165289	0.000309917	0.99375	0.646694	0	0.000165289	1	0
	0.915	0.000144628	0.00035124	0.99375	0.644628	0	0.000206612	1	0
	0.916	0.000123967	0.00053719	0.99375	0.640496	0	0.000165289	1	0
	0.917	0.000144628	0.00053719	0.99375	0.630165	0	0.000206612	1	0
	0.918	0.000144628	0.00035124	0.99375	0.615702	0	0.000165289	1	0
	0.919	0.000165289	0.000454545	0.989583	0.609504	0	0.000165289	1	0
	0.92	6.19835e-05	0.000433884	0.989583	0.60124	0	0.000165289	1	0
	0.921	0.000144628	0.000413223	0.989583	0.599174	0	0.000103306	1	0
	0.922	0.000144628	0.000433884	0.989583	0.595041	0	4.13223e-05	1	0
	0.923	0.000123967	0.000495868	0.9875	0.586777	0	0.000227273	1	0
	0.924	0.00018595	0.000392562	0.985417	0.582645	0	0.000123967	1	0
	0.925	0.00018595	0.000516529	0.985417	0.57438	0	8.26446e-05	1	0
	0.926	0.000144628	0.00035124	0.983333	0.566116	0	4.13223e-05	1	0
	0.927	0.000144628	0.000599174	0.98125	0.56405	0	8.26446e-05	1	0
	0.928	0.000144628	0.000764463	0.98125	0.553719	0	8.26446e-05	1	0
	0.929	0.000123967	0.000578512	0.98125	0.535124	0	0.000144628	1	0
	0.93	0.00018595	0.000702479	0.98125	0.52686	2.06612e-05	0.000206612	1	0
	0.931	0.00035124	0.00072314	0.979167	0.520661	0	8.26446e-05	0	0
	0.932	0.000371901	0.000702479	0.979167	0.512397	4.13223e-05	0.000165289	0	0
	0.933	0.000413223	0.000826446	0.981211	0.502066	0	6.19835e-05	0	0
	0.934	0.000392562	0.000743802	0.981211	0.483471	4.13223e-05	0.000123967	0	0
	0.935	0.00053719	0.000640496	0.977035	0.464876	4.13223e-05	6.19835e-05	0	0
	0.936	0.00053719	0.000867769	0.976987	0.458678	2.06612e-05	8.26446e-05	0	0
	0.937	0.000702479	0.000991736	0.976987	0.450413	2.06612e-05	8.26446e-05	0	0
	0.938	0.000847107	0.000867769	0.976987	0.43595	4.13223e-05	8.26446e-05	0	0
	0.939	0.000454545	0.000785124	0.976987	0.423554	6.19835e-05	0.000103306	0	0
	0.94	0.000578512	0.000764463	0.976987	0.413223	4.13223e-05	8.26446e-05	0	0
	0.941	0.000826446	0.00072314	0.976987	0.411157	6.19835e-05	2.06612e-05	0	0
	0.942	0.000867769	0.00088843	0.972803	0.402893	0.000165289	6.19835e-05	0	0
	0.943	0.000847107	0.000929752	0.970711	0.400826	4.13223e-05	0	0	0
	0.944	0.000929752	0.00105372	0.970711	0.384298	0.000123967	6.19835e-05	0	0
	0.945	0.00121901	0.0011157	0.966527	0.373967	0.000144628	6.19835e-05	0	0
	0.946	0.00103306	0.00161157	0.966527	0.365702	0.000123967	2.06612e-05	0	0
	0.947	0.00109504	0.00128099	0.964435	0.336777	0.000144628	2.06612e-05	0	0
	0.948	0.00128099	0.00123967	0.962343	0.320248	0.000103306	0	0	0
	0.949	0.0011157	0.00130165	0.953975	0.303719	0.000165289	2.06612e-05	0	0
	0.95	0.00119835	0.00140496	0.953975	0.28719	2.06612e-05	6.19835e-05	0	0
	0.951	0.00121901	0.00123967	0.953975	0.270661	0.000144628	2.06612e-05	0	0
	0.952	0.00146694	0.00161157	0.953975	0.256198	4.13223e-05	2.06612e-05	0	0
	0.953	0.00159091	0.0014876	0.955975	0.241736	8.26446e-05	0	0	0
	0.954	0.00188017	0.0014876	0.955975	0.227273	0.000103306	0	0	0
	0.955	0.00173554	0.00150826	0.953782	0.22314	8.26446e-05	0	0	0
	0.956	0.00142562	0.00206612	0.953782	0.210744	2.06612e-05	4.13223e-05	0	0
	0.957	0.00192149	0.00210744	0.94958	0.200413	4.13223e-05	4.13223e-05	0	0
	0.958	0.00181818	0.00214876	0.945378	0.183884	2.06612e-05	0	0	0
	0.959	0.00179752	0.00183884	0.945378	0.17562	0	0	0	0
	0.96	0.00204545	0.00229339	0.945263	0.154959	4.13223e-05	0	0	0
	0.961	0.00196281	0.00214876	0.943158	0.146694	2.06612e-05	2.06612e-05	0	0
	0.962	0.0021281	0.00256198	0.943158	0.13843	4.13223e-05	6.19835e-05	0	0
	0.963	0.00208678	0.00256198	0.947146	0.132231	0	0	0	0
	0.964	0.00188017	0.00256198	0.947034	0.128099	0	2.06612e-05	0	0
	0.965	0.00210744	0.00278926	0.944915	0.117769	0	2.06612e-05	0	0
	0.966	0.00254132	0.00295455	0.940678	0.11157	0	6.19835e-05	0	0
	0.967	0.00216942	0.00307851	0.942675	0.0971074	0	0	0	0
	0.968	0.0022314	0.00332645	0.944563	0.088843	0	0	0	0
	0.969	0.00221074	0.00342975	0.946581	0.0785124	0	0	0	0
	0.97	0.00214876	0.00394628	0.946352	0.0743802	0	2.06612e-05	0	0
	0.971	0.00181818	0.00411157	0.944206	0.0640496	0	2.06612e-05	0	0
	0.972	0.00190083	0.00466942	0.941935	0.0599174	0	0	0	0
	0.973	0.00221074	0.0042562	0.939785	0.0557851	0	0	0	0
	0.974	0.00159091	0.00485537	0.9375	0.0557851	0	2.06612e-05	0	0
	0.975	0.00190083	0.00464876	0.9375	0.0475207	0	0	0	0
	0.976	0.00177686	0.00586777	0.935345	0.0433884	0	0	0	0
	0.977	0.00219008	0.00609504	0.933045	0.0413223	0	0	0	0
	0.978	0.00216942	0.00652893	0.934641	0.0392562	0	0	0	0
	0.979	0.00260331	0.00698347	0.925764	0.035124	0	0	0	0
	0.98	0.00268595	0.00731405	0.921225	0.0330579	0	0	0	0
	0.981	0.0031405	0.00789256	0.907895	0.0289256	0	0	0	0
	0.982	0.00345041	0.00857438	0.898901	0.0227273	0	2.06612e-05	0	0
	0.983	0.0043595	0.00944215	0.891832	0.0227273	0	0	0	0
	0.984	0.00514463	0.0103926	0.878319	0.0206612	0	0	0	0
	0.985	0.00603306	0.012686	0.868597	0.018595	0	0	0	0
	0.986	0.00694215	0.0133884	0.850446	0.0144628	0	0	0	0
	0.987	0.00931818	0.0147727	0.834452	0.0103306	0	0	0	0
	0.988	0.0103099	0.0172727	0.814318	0.00619835	0	0	0	0
	0.989	0.0121901	0.0202273	0.788288	0.00206612	0	0	0	0
	0.99	0.0150207	0.0221281	0.778781	0.00206612	0	0	0	0
	0.991	0.0167769	0.0252066	0.761905	0	0	0	0	0
	0.992	0.0198347	0.0292149	0.736364	0	0	0	0	0
	0.993	0.0233058	0.0327066	0.70615	0	0	0	0	0
	0.994	0.026219	0.0393802	0.673563	0	0	0	0	0
	0.995	0.0306405	0.047376	0.608796	0	0	0	0	0
	0.996	0.0393182	0.0580165	0.554245	0	0	0	0	0
	0.997	0.053719	0.0714669	0.481928	0	0	0	0	0
	0.998	0.0817769	0.0890909	0.388471	0	0	0	0	0
	0.999	0.147727	0.129194	0.192105	0	0	0	0	0
	1	0.396653	0.192727	0.00833333	0	0	0	0	0


#	yrange	sparsity	# links	zeta	support at cross	fraction FP	support at cross2	fraction FP2
	0	0	0	0.000105636	0.998	0.656405	0.998	0.656405
	0.4	0	0	0.000105636	0.998	0.656405	0.998	0.656405
