#	Frequencies and overlap
#	bins	MYC	shuffle	overlap_MYC	overlap_shuffle	SIGN_MYC	SIGNshuffle	SIGNoverlap_MYC	SIGNoverlap_shuffle
	0	0	0	1	1	0.423409	0.389587	0.735202	0
	0.001	0	0	1	1	0	0	0.735202	0
	0.002	0	0	1	1	0	0	0.735202	0
	0.003	0	0	1	1	0	0	0.735202	0
	0.004	0	0	1	1	0	0	0.735202	0
	0.005	0	0	1	1	0	0	0.735202	0
	0.006	0	0	1	1	0	0	0.735202	0
	0.007	0	0	1	1	0	0	0.735202	0
	0.008	0	0	1	1	0	0	0.735202	0
	0.009	0	0	1	1	0	0	0.735202	0
	0.01	0	0	1	1	0	0	0.735202	0
	0.011	0	0	1	1	0	0	0.735202	0
	0.012	0	0	1	1	0	0	0.735202	0
	0.013	0	0	1	1	0	0	0.735202	0
	0.014	0	0	1	1	0	0	0.735202	0
	0.015	0	0	1	1	0	0	0.735202	0
	0.016	0	0	1	1	0	0	0.735202	0
	0.017	0	0	1	1	0	0	0.735202	0
	0.018	0	0	1	1	0	0	0.735202	0
	0.019	0	0	1	1	0	0	0.735202	0
	0.02	0	0	1	1	0	0	0.735202	0
	0.021	0	0	1	1	0	0	0.735202	0
	0.022	0	0	1	1	0	0	0.735202	0
	0.023	0	0	1	1	0	0	0.735202	0
	0.024	0	0	1	1	0	0	0.735202	0
	0.025	0	0	1	1	0	0	0.735202	0
	0.026	0	0	1	1	0	0	0.735202	0
	0.027	0	0	1	1	0	0	0.735202	0
	0.028	0	0	1	1	0	0	0.735202	0
	0.029	0	0	1	1	0	0	0.735202	0
	0.03	0	0	1	1	0	0	0.735202	0
	0.031	0	0	1	1	0	0	0.735202	0
	0.032	0	0	1	1	0	0	0.735202	0
	0.033	0	0	1	1	0	0	0.735202	0
	0.034	0	0	1	1	0	0	0.735202	0
	0.035	0	0	1	1	0	0	0.735202	0
	0.036	0	0	1	1	0	0	0.735202	0
	0.037	0	0	1	1	0	0	0.735202	0
	0.038	0	0	1	1	0	0	0.735202	0
	0.039	0	0	1	1	0	0	0.735202	0
	0.04	0	0	1	1	0	0	0.735202	0
	0.041	0	0	1	1	0	0	0.735202	0
	0.042	0	0	1	1	0	0	0.735202	0
	0.043	0	0	1	1	0	0	0.735202	0
	0.044	0	0	1	1	0	0	0.735202	0
	0.045	0	0	1	1	0	0	0.735202	0
	0.046	0	0	1	1	0	0	0.735202	0
	0.047	0	0	1	1	0	0	0.735202	0
	0.048	0	0	1	1	0	0	0.735202	0
	0.049	0	0	1	1	0	0	0.735202	0
	0.05	0	0	1	1	0	0	0.735202	0
	0.051	0	0	1	1	0	0	0.735202	0
	0.052	0	0	1	1	0	0	0.735202	0
	0.053	0	0	1	1	0	0	0.735202	0
	0.054	0	0	1	1	0	0	0.735202	0
	0.055	0	0	1	1	0	0	0.735202	0
	0.056	0	0	1	1	0	0	0.735202	0
	0.057	0	0	1	1	0	0	0.735202	0
	0.058	0	0	1	1	0	0	0.735202	0
	0.059	0	0	1	1	0	0	0.735202	0
	0.06	0	0	1	1	0	0	0.735202	0
	0.061	0	0	1	1	0	0	0.735202	0
	0.062	0	0	1	1	0	0	0.735202	0
	0.063	0	0	1	1	0	0	0.735202	0
	0.064	0	0	1	1	0	0	0.735202	0
	0.065	0	0	1	1	0	0	0.735202	0
	0.066	0	0	1	1	0	0	0.735202	0
	0.067	0	0	1	1	0	0	0.735202	0
	0.068	0	0	1	1	0	0	0.735202	0
	0.069	0	0	1	1	0	0	0.735202	0
	0.07	0	0	1	1	0	0	0.735202	0
	0.071	0	0	1	1	0	0	0.735202	0
	0.072	0	0	1	1	0	0	0.735202	0
	0.073	0	0	1	1	0	0	0.735202	0
	0.074	0	0	1	1	0	0	0.735202	0
	0.075	0	0	1	1	0	0	0.735202	0
	0.076	0	0	1	1	0	0	0.735202	0
	0.077	0	0	1	1	0	0	0.735202	0
	0.078	0	0	1	1	0	0	0.735202	0
	0.079	0	0	1	1	0	0	0.735202	0
	0.08	0	0	1	1	0	0	0.735202	0
	0.081	0	0	1	1	0	0	0.735202	0
	0.082	0	0	1	1	0	0	0.735202	0
	0.083	0	0	1	1	0	0	0.735202	0
	0.084	0	0	1	1	0	0	0.735202	0
	0.085	0	0	1	1	0	0	0.735202	0
	0.086	0	0	1	1	0	0	0.735202	0
	0.087	0	0	1	1	0	0	0.735202	0
	0.088	0	0	1	1	0	0	0.735202	0
	0.089	0	0	1	1	0	0	0.735202	0
	0.09	0	0	1	1	0	0	0.735202	0
	0.091	0	0	1	1	0	0	0.735202	0
	0.092	0	0	1	1	0	0	0.735202	0
	0.093	0	0	1	1	0	0	0.735202	0
	0.094	0	0	1	1	0	0	0.735202	0
	0.095	0	0	1	1	0	0	0.735202	0
	0.096	0	0	1	1	0	0	0.735202	0
	0.097	0	0	1	1	0	0	0.735202	0
	0.098	0	0	1	1	0	0	0.735202	0
	0.099	0	0	1	1	0	0	0.735202	0
	0.1	0	0	1	1	0	0	0.735202	0
	0.101	0	0	1	1	0	0	0.735202	0
	0.102	0	0	1	1	0	0	0.735202	0
	0.103	0	0	1	1	0	0	0.735202	0
	0.104	0	0	1	1	0	0	0.735202	0
	0.105	0	0	1	1	0	0	0.735202	0
	0.106	0	0	1	1	0	0	0.735202	0
	0.107	0	0	1	1	0	0	0.735202	0
	0.108	0	0	1	1	0	0	0.735202	0
	0.109	0	0	1	1	0	0	0.735202	0
	0.11	0	0	1	1	0	0	0.735202	0
	0.111	0	0	1	1	0	0	0.735202	0
	0.112	0	0	1	1	0	0	0.735202	0
	0.113	0	0	1	1	0	0	0.735202	0
	0.114	0	0	1	1	0	0	0.735202	0
	0.115	0	0	1	1	0	0	0.735202	0
	0.116	0	0	1	1	0	0	0.735202	0
	0.117	0	0	1	1	0	0	0.735202	0
	0.118	0	0	1	1	0	0	0.735202	0
	0.119	0	0	1	1	0	0	0.735202	0
	0.12	0	0	1	1	0	0	0.735202	0
	0.121	0	0	1	1	0	0	0.735202	0
	0.122	0	0	1	1	0	0	0.735202	0
	0.123	0	0	1	1	0	0	0.735202	0
	0.124	0	0	1	1	0	0	0.735202	0
	0.125	0	0	1	1	0	0	0.735202	0
	0.126	0	0	1	1	0	0	0.735202	0
	0.127	0	0	1	1	0	0	0.735202	0
	0.128	0	0	1	1	0	0	0.735202	0
	0.129	0	0	1	1	0	0	0.735202	0
	0.13	0	0	1	1	0	0	0.735202	0
	0.131	0	0	1	1	0	0	0.735202	0
	0.132	0	0	1	1	0	0	0.735202	0
	0.133	0	0	1	1	0	0	0.735202	0
	0.134	0	0	1	1	0	0	0.735202	0
	0.135	0	0	1	1	0	0	0.735202	0
	0.136	0	0	1	1	0	0	0.735202	0
	0.137	0	0	1	1	0	0	0.735202	0
	0.138	0	0	1	1	0	0	0.735202	0
	0.139	0	0	1	1	0	0	0.735202	0
	0.14	0	0	1	1	0	0	0.735202	0
	0.141	0	0	1	1	0	0	0.735202	0
	0.142	0	0	1	1	0	0	0.735202	0
	0.143	0	0	1	1	0	0	0.735202	0
	0.144	0	0	1	1	0	0	0.735202	0
	0.145	0	0	1	1	0	0	0.735202	0
	0.146	0	0	1	1	0	0	0.735202	0
	0.147	0	0	1	1	0	0	0.735202	0
	0.148	0	0	1	1	0	0	0.735202	0
	0.149	0	0	1	1	0	0	0.735202	0
	0.15	0	0	1	1	0	0	0.735202	0
	0.151	0	0	1	1	0	0	0.735202	0
	0.152	0	0	1	1	0	0	0.735202	0
	0.153	0	0	1	1	0	0	0.735202	0
	0.154	0	0	1	1	0	0	0.735202	0
	0.155	0	0	1	1	0	0	0.735202	0
	0.156	0	0	1	1	0	0	0.735202	0
	0.157	0	0	1	1	0	0	0.735202	0
	0.158	0	0	1	1	0	0	0.735202	0
	0.159	0	0	1	1	0	0	0.735202	0
	0.16	0	0	1	1	0	0	0.735202	0
	0.161	0	0	1	1	0	0	0.735202	0
	0.162	0	0	1	1	0	0	0.735202	0
	0.163	0	0	1	1	0	0	0.735202	0
	0.164	0	0	1	1	0	0	0.735202	0
	0.165	0	0	1	1	0	0	0.735202	0
	0.166	0	0	1	1	0	0	0.735202	0
	0.167	0	0	1	1	0	0	0.735202	0
	0.168	0	0	1	1	0	0	0.735202	0
	0.169	0	0	1	1	0	0	0.735202	0
	0.17	0	0	1	1	0	0	0.735202	0
	0.171	0	0	1	1	0	0	0.735202	0
	0.172	0	0	1	1	0	0	0.735202	0
	0.173	0	0	1	1	0	0	0.735202	0
	0.174	0	0	1	1	0	0	0.735202	0
	0.175	0	0	1	1	0	0	0.735202	0
	0.176	0	0	1	1	0	0	0.735202	0
	0.177	0	0	1	1	0	0	0.735202	0
	0.178	0	0	1	1	0	0	0.735202	0
	0.179	0	0	1	1	0	0	0.735202	0
	0.18	0	0	1	1	0	0	0.735202	0
	0.181	0	0	1	1	0	0	0.735202	0
	0.182	0	0	1	1	0	0	0.735202	0
	0.183	0	0	1	1	0	0	0.735202	0
	0.184	0	0	1	1	0	0	0.735202	0
	0.185	0	0	1	1	0	0	0.735202	0
	0.186	0	0	1	1	0	0	0.735202	0
	0.187	0	0	1	1	0	0	0.735202	0
	0.188	0	0	1	1	0	0	0.735202	0
	0.189	0	0	1	1	0	0	0.735202	0
	0.19	0	0	1	1	0	0	0.735202	0
	0.191	0	0	1	1	0	0	0.735202	0
	0.192	0	0	1	1	0	0	0.735202	0
	0.193	0	0	1	1	0	0	0.735202	0
	0.194	0	0	1	1	0	0	0.735202	0
	0.195	0	0	1	1	0	0	0.735202	0
	0.196	0	0	1	1	0	0	0.735202	0
	0.197	0	0	1	1	0	0	0.735202	0
	0.198	0	0	1	1	0	0	0.735202	0
	0.199	0	0	1	1	0	0	0.735202	0
	0.2	0	0	1	1	0	0	0.735202	0
	0.201	0	0	1	1	0	0	0.735202	0
	0.202	0	0	1	1	0	0	0.735202	0
	0.203	0	0	1	1	0	0	0.735202	0
	0.204	0	0	1	1	0	0	0.735202	0
	0.205	0	0	1	1	0	0	0.735202	0
	0.206	0	0	1	1	0	0	0.735202	0
	0.207	0	0	1	1	0	0	0.735202	0
	0.208	0	0	1	1	0	0	0.735202	0
	0.209	0	0	1	1	0	0	0.735202	0
	0.21	0	0	1	1	0	0	0.735202	0
	0.211	0	0	1	1	0	0	0.735202	0
	0.212	0	0	1	1	0	0	0.735202	0
	0.213	0	0	1	1	0	0	0.735202	0
	0.214	0	0	1	1	0	0	0.735202	0
	0.215	0	0	1	1	0	0	0.735202	0
	0.216	0	0	1	1	0	0	0.735202	0
	0.217	0	0	1	1	0	0	0.735202	0
	0.218	0	0	1	1	0	0	0.735202	0
	0.219	0	0	1	1	0	0	0.735202	0
	0.22	0	0	1	1	0	0	0.735202	0
	0.221	0	0	1	1	0	0	0.735202	0
	0.222	0	0	1	1	0	0	0.735202	0
	0.223	0	0	1	1	0	0	0.735202	0
	0.224	0	0	1	1	0	0	0.735202	0
	0.225	0	0	1	1	0	0	0.735202	0
	0.226	0	0	1	1	0	0	0.735202	0
	0.227	0	0	1	1	0	0	0.735202	0
	0.228	0	0	1	1	0	0	0.735202	0
	0.229	0	0	1	1	0	0	0.735202	0
	0.23	0	0	1	1	0	0	0.735202	0
	0.231	0	0	1	1	0	0	0.735202	0
	0.232	0	0	1	1	0	0	0.735202	0
	0.233	0	0	1	1	0	0	0.735202	0
	0.234	0	0	1	1	0	0	0.735202	0
	0.235	0	0	1	1	0	0	0.735202	0
	0.236	0	0	1	1	0	0	0.735202	0
	0.237	0	0	1	1	0	0	0.735202	0
	0.238	0	0	1	1	0	0	0.735202	0
	0.239	0	0	1	1	0	0	0.735202	0
	0.24	0	0	1	1	0	0	0.735202	0
	0.241	0	0	1	1	0	0	0.735202	0
	0.242	0	0	1	1	0	0	0.735202	0
	0.243	0	0	1	1	0	0	0.735202	0
	0.244	0	0	1	1	0	0	0.735202	0
	0.245	0	0	1	1	0	0	0.735202	0
	0.246	0	0	1	1	0	0	0.735202	0
	0.247	0	0	1	1	0	0	0.735202	0
	0.248	0	0	1	1	0	0	0.735202	0
	0.249	0	0	1	1	0	0	0.735202	0
	0.25	0	0	1	1	0	0	0.735202	0
	0.251	0	0	1	1	0	0	0.735202	0
	0.252	0	0	1	1	0	0	0.735202	0
	0.253	0	0	1	1	0	0	0.735202	0
	0.254	0	0	1	1	0	0	0.735202	0
	0.255	0	0	1	1	0	0	0.735202	0
	0.256	0	0	1	1	0	0	0.735202	0
	0.257	0	0	1	1	0	0	0.735202	0
	0.258	0	0	1	1	0	0	0.735202	0
	0.259	0	0	1	1	0	0	0.735202	0
	0.26	0	0	1	1	0	0	0.735202	0
	0.261	0	0	1	1	0	0	0.735202	0
	0.262	0	0	1	1	0	0	0.735202	0
	0.263	0	0	1	1	0	0	0.735202	0
	0.264	0	0	1	1	0	0	0.735202	0
	0.265	0	0	1	1	0	0	0.735202	0
	0.266	0	0	1	1	0	0	0.735202	0
	0.267	0	0	1	1	0	0	0.735202	0
	0.268	0	0	1	1	0	0	0.735202	0
	0.269	0	0	1	1	0	0	0.735202	0
	0.27	0	0	1	1	0	0	0.735202	0
	0.271	0	0	1	1	0	0	0.735202	0
	0.272	0	0	1	1	0	0	0.735202	0
	0.273	0	0	1	1	0	0	0.735202	0
	0.274	0	0	1	1	0	0	0.735202	0
	0.275	0	0	1	1	0	0	0.735202	0
	0.276	0	0	1	1	0	0	0.735202	0
	0.277	0	0	1	1	0	0	0.735202	0
	0.278	0	0	1	1	0	0	0.735202	0
	0.279	0	0	1	1	0	0	0.735202	0
	0.28	0	0	1	1	0	0	0.735202	0
	0.281	0	0	1	1	0	0	0.735202	0
	0.282	0	0	1	1	0	0	0.735202	0
	0.283	0	0	1	1	0	0	0.735202	0
	0.284	0	0	1	1	0	0	0.735202	0
	0.285	0	0	1	1	0	0	0.735202	0
	0.286	0	0	1	1	0	0	0.735202	0
	0.287	0	0	1	1	0	0	0.735202	0
	0.288	0	0	1	1	0	0	0.735202	0
	0.289	0	0	1	1	0	0	0.735202	0
	0.29	0	0	1	1	0	0	0.735202	0
	0.291	0	0	1	1	0	0	0.735202	0
	0.292	0	0	1	1	0	2.06612e-05	0.735202	0
	0.293	0	0	1	1	0	0	0.735202	0
	0.294	0	0	1	1	0	0	0.735202	0
	0.295	0	0	1	1	0	0	0.735202	0
	0.296	0	0	1	1	0	0	0.735202	0
	0.297	0	0	1	1	0	0	0.735202	0
	0.298	0	0	1	1	0	0	0.735202	0
	0.299	0	0	1	1	0	0	0.735202	0
	0.3	0	0	1	1	0	0	0.735202	0
	0.301	0	0	1	1	0	0	0.735202	0
	0.302	0	0	1	1	0	0	0.735202	0
	0.303	0	0	1	1	0	0	0.735202	0
	0.304	0	0	1	1	0	0	0.735202	0
	0.305	0	0	1	1	0	0	0.735202	0
	0.306	0	0	1	1	0	0	0.735202	0
	0.307	0	0	1	1	0	0	0.735202	0
	0.308	0	0	1	1	0	0	0.735202	0
	0.309	0	0	1	1	0	0	0.735202	0
	0.31	0	0	1	1	0	0	0.735202	0
	0.311	0	0	1	1	0	0	0.735202	0
	0.312	0	0	1	1	0	0	0.735202	0
	0.313	0	0	1	1	0	0	0.735202	0
	0.314	0	0	1	1	0	0	0.735202	0
	0.315	0	0	1	1	0	0	0.735202	0
	0.316	0	0	1	1	0	0	0.735202	0
	0.317	0	0	1	1	0	0	0.735202	0
	0.318	0	0	1	1	0	0	0.735202	0
	0.319	0	0	1	1	0	0	0.735202	0
	0.32	0	0	1	1	0	0	0.735202	0
	0.321	0	0	1	1	0	0	0.735202	0
	0.322	0	0	1	1	0	0	0.735202	0
	0.323	0	0	1	1	0	0	0.735202	0
	0.324	0	0	1	1	0	0	0.735202	0
	0.325	0	0	1	1	0	0	0.735202	0
	0.326	0	0	1	1	0	0	0.735202	0
	0.327	0	0	1	1	0	0	0.735202	0
	0.328	0	0	1	1	0	0	0.735202	0
	0.329	0	0	1	1	0	0	0.735202	0
	0.33	0	0	1	1	0	0	0.735202	0
	0.331	0	0	1	1	0	0	0.735202	0
	0.332	0	0	1	1	0	0	0.735202	0
	0.333	0	0	1	1	0	0	0.735202	0
	0.334	0	0	1	1	0	0	0.735202	0
	0.335	0	0	1	1	0	0	0.735202	0
	0.336	0	0	1	1	0	0	0.735202	0
	0.337	0	0	1	1	0	0	0.735202	0
	0.338	0	0	1	1	0	0	0.735202	0
	0.339	0	0	1	1	0	0	0.735202	0
	0.34	0	0	1	1	0	0	0.735202	0
	0.341	0	0	1	1	0	0	0.735202	0
	0.342	0	0	1	1	0	0	0.735202	0
	0.343	0	0	1	1	0	0	0.735202	0
	0.344	0	0	1	1	0	2.06612e-05	0.735202	0
	0.345	0	0	1	1	0	0	0.735202	0
	0.346	0	0	1	1	0	0	0.735202	0
	0.347	0	0	1	1	0	0	0.735202	0
	0.348	0	0	1	1	0	0	0.735202	0
	0.349	0	0	1	1	0	0	0.735202	0
	0.35	0	0	1	1	0	0	0.735202	0
	0.351	0	0	1	1	0	0	0.735202	0
	0.352	0	0	1	1	0	0	0.735202	0
	0.353	0	0	1	1	0	0	0.735202	0
	0.354	0	0	1	1	0	0	0.735202	0
	0.355	0	0	1	1	0	0	0.735202	0
	0.356	0	0	1	1	0	0	0.735202	0
	0.357	0	0	1	1	0	0	0.735202	0
	0.358	0	0	1	1	0	0	0.735202	0
	0.359	0	0	1	1	0	0	0.735202	0
	0.36	0	0	1	1	0	0	0.735202	0
	0.361	0	0	1	1	0	0	0.735202	0
	0.362	0	0	1	1	0	0	0.735202	0
	0.363	0	0	1	1	0	0	0.735202	0
	0.364	0	0	1	1	0	0	0.735202	0
	0.365	0	0	1	1	0	0	0.735202	0
	0.366	0	0	1	1	0	4.13223e-05	0.735202	0
	0.367	0	0	1	1	0	2.06612e-05	0.735202	0
	0.368	0	0	1	1	0	0	0.735202	0
	0.369	0	0	1	1	0	0	0.735202	0
	0.37	0	0	1	1	0	0	0.735202	0
	0.371	0	0	1	1	0	0	0.735202	0
	0.372	0	0	1	1	0	0	0.735202	0
	0.373	0	0	1	1	0	0	0.735202	0
	0.374	0	0	1	1	0	0	0.735202	0
	0.375	0	0	1	1	0	0	0.735202	0
	0.376	0	0	1	1	0	0	0.735202	0
	0.377	0	0	1	1	0	2.06612e-05	0.735202	0
	0.378	0	0	1	1	0	0	0.735202	0
	0.379	0	0	1	1	0	0	0.735202	0
	0.38	0	0	1	1	0	2.06612e-05	0.735202	0
	0.381	0	0	1	1	0	0	0.735202	0
	0.382	0	0	1	1	0	0	0.735202	0
	0.383	0	0	1	1	0	0	0.735202	0
	0.384	0	0	1	1	0	2.06612e-05	0.735202	0
	0.385	0	0	1	1	0	0	0.735202	0
	0.386	0	0	1	1	0	0	0.735202	0
	0.387	0	0	1	1	0	0	0.735202	0
	0.388	0	0	1	1	0	0	0.735202	0
	0.389	0	0	1	1	0	0	0.735202	0
	0.39	0	0	1	1	0	0	0.735202	0
	0.391	0	0	1	1	0	0	0.735202	0
	0.392	0	0	1	1	0	0	0.735202	0
	0.393	0	0	1	1	0	0	0.735202	0
	0.394	0	0	1	1	0	0	0.735202	0
	0.395	0	0	1	1	0	0	0.735202	0
	0.396	0	0	1	1	0	0	0.735202	0
	0.397	0	0	1	1	0	0	0.735202	0
	0.398	0	0	1	1	0	0	0.735202	0
	0.399	0	0	1	1	0	2.06612e-05	0.735202	0
	0.4	0	0	1	1	0	2.06612e-05	0.735202	0
	0.401	0	0	1	1	0	0	0.735202	0
	0.402	0	0	1	1	0	0	0.735202	0
	0.403	0	0	1	1	0	4.13223e-05	0.735202	0
	0.404	0	0	1	1	0	4.13223e-05	0.735202	0
	0.405	0	0	1	1	0	0	0.735202	0
	0.406	0	0	1	1	0	2.06612e-05	0.735202	0
	0.407	0	0	1	1	0	4.13223e-05	0.735202	0
	0.408	0	0	1	1	0	0	0.735202	0
	0.409	0	0	1	1	0	4.13223e-05	0.735202	0
	0.41	0	0	1	1	0	0	0.735202	0
	0.411	0	0	1	1	2.06612e-05	2.06612e-05	0.735202	0
	0.412	0	0	1	1	0	0	0.735202	0
	0.413	0	0	1	1	0	2.06612e-05	0.735202	0
	0.414	0	0	1	1	0	2.06612e-05	0.735202	0
	0.415	0	0	1	1	0	2.06612e-05	0.735202	0
	0.416	0	0	1	1	2.06612e-05	0	0.735202	0
	0.417	0	0	1	1	0	0	0.7375	0
	0.418	0	0	1	1	0	0	0.7375	0
	0.419	0	0	1	1	0	0	0.7375	0
	0.42	0	0	1	1	0	4.13223e-05	0.7375	0
	0.421	0	0	1	1	0	0	0.7375	0
	0.422	0	0	1	1	0	4.13223e-05	0.7375	0
	0.423	0	0	1	1	0	2.06612e-05	0.7375	0
	0.424	0	0	1	1	0	0	0.7375	0
	0.425	0	0	1	1	0	0	0.7375	0
	0.426	0	0	1	1	0	0	0.7375	0
	0.427	0	0	1	1	0	0	0.7375	0
	0.428	0	0	1	1	0	0	0.7375	0
	0.429	0	0	1	1	0	6.19835e-05	0.7375	0
	0.43	0	0	1	1	0	0	0.7375	0
	0.431	0	0	1	1	0	2.06612e-05	0.7375	0
	0.432	0	0	1	1	0	0	0.7375	0
	0.433	0	0	1	1	0	2.06612e-05	0.7375	0
	0.434	0	0	1	1	0	2.06612e-05	0.7375	0
	0.435	0	0	1	1	0	2.06612e-05	0.7375	0
	0.436	0	0	1	1	0	4.13223e-05	0.7375	0
	0.437	0	0	1	1	0	0	0.7375	0
	0.438	0	0	1	1	0	0	0.7375	0
	0.439	0	0	1	1	0	0	0.7375	0
	0.44	0	0	1	1	0	0	0.7375	0
	0.441	0	0	1	1	0	2.06612e-05	0.7375	0
	0.442	0	0	1	1	0	2.06612e-05	0.7375	0
	0.443	0	0	1	1	0	2.06612e-05	0.7375	0
	0.444	0	0	1	1	0	4.13223e-05	0.7375	0
	0.445	0	0	1	1	0	2.06612e-05	0.7375	0
	0.446	0	0	1	1	0	2.06612e-05	0.7375	0
	0.447	0	0	1	1	0	4.13223e-05	0.7375	0
	0.448	0	0	1	1	0	4.13223e-05	0.7375	0
	0.449	0	0	1	1	0	0.000103306	0.7375	0
	0.45	0	0	1	1	0	2.06612e-05	0.7375	0
	0.451	0	0	1	1	0	6.19835e-05	0.7375	0
	0.452	0	0	1	1	0	2.06612e-05	0.7375	0
	0.453	0	0	1	1	0	2.06612e-05	0.7375	0
	0.454	0	2.06612e-05	1	1	0	2.06612e-05	0.7375	0
	0.455	0	0	1	0.997934	0	2.06612e-05	0.7375	0
	0.456	0	0	1	0.997934	0	6.19835e-05	0.7375	0
	0.457	0	0	1	0.997934	0	6.19835e-05	0.7375	0
	0.458	0	0	1	0.997934	0	0	0.7375	0
	0.459	0	0	1	0.997934	0	0	0.7375	0
	0.46	0	0	1	0.997934	0	2.06612e-05	0.7375	0
	0.461	0	0	1	0.997934	0	4.13223e-05	0.7375	0
	0.462	0	0	1	0.997934	0	0.000103306	0.7375	0
	0.463	0	0	1	0.997934	0	4.13223e-05	0.7375	0
	0.464	0	0	1	0.997934	0	2.06612e-05	0.7375	0
	0.465	0	0	1	0.997934	0	4.13223e-05	0.7375	0
	0.466	0	0	1	0.997934	0	2.06612e-05	0.7375	0
	0.467	0	0	1	0.997934	0	6.19835e-05	0.7375	0
	0.468	0	0	1	0.997934	0	4.13223e-05	0.7375	0
	0.469	0	2.06612e-05	1	0.997934	0	4.13223e-05	0.7375	0
	0.47	0	0	1	0.995868	0	4.13223e-05	0.7375	0
	0.471	0	0	1	0.995868	0	8.26446e-05	0.7375	0
	0.472	0	0	1	0.995868	0	8.26446e-05	0.7375	0
	0.473	0	0	1	0.995868	0	0.00018595	0.7375	0
	0.474	0	0	1	0.995868	2.06612e-05	6.19835e-05	0.7375	0
	0.475	0	0	1	0.995868	0	0.000165289	0.7375	0
	0.476	0	0	1	0.995868	6.19835e-05	8.26446e-05	0.7375	0
	0.477	0	0	1	0.995868	2.06612e-05	0.00018595	0.7375	0
	0.478	0	0	1	0.995868	4.13223e-05	0.000268595	0.7375	0
	0.479	0	0	1	0.995868	8.26446e-05	0.000103306	0.7375	0
	0.48	0	0	1	0.995868	8.26446e-05	0.000165289	0.7375	0
	0.481	0	0	1	0.995868	8.26446e-05	0.000123967	0.7375	0
	0.482	0	0	1	0.995868	8.26446e-05	0.000103306	0.7375	0
	0.483	0	0	1	0.995868	0.000206612	0.000227273	0.7375	0
	0.484	0	0	1	0.995868	0.000227273	0.00018595	0.7375	0
	0.485	0	0	1	0.995868	0.000103306	0.000268595	0.7375	0
	0.486	0	0	1	0.995868	0.000206612	0.000206612	0.734375	0
	0.487	0	0	1	0.995868	0.000247934	0.000103306	0.734375	0
	0.488	0	0	1	0.995868	0.000206612	0.000268595	0.734375	0
	0.489	0	0	1	0.995868	0.000247934	0.000309917	0.734375	0
	0.49	0	0	1	0.995868	0.000413223	0.000206612	0.73125	0
	0.491	0	0	1	0.995868	0.000165289	0.00018595	0.728125	0
	0.492	0	0	1	0.995868	0.000309917	0.000433884	0.728125	0
	0.493	0	0	1	0.995868	0.000516529	0.000495868	0.728125	0
	0.494	0	0	1	0.995868	0.000413223	0.000702479	0.728125	0
	0.495	0	0	1	0.995868	0.000330579	0.000413223	0.728125	0
	0.496	0	0	1	0.995868	0.000413223	0.00035124	0.728125	0
	0.497	0	0	1	0.995868	0.000619835	0.000619835	0.728125	0
	0.498	0	0	1	0.995868	0.000805785	0.000847107	0.730408	0
	0.499	0	0	1	0.995868	0.00132231	0.00105372	0.730408	0
	0.5	0	0	1	0.995868	0.00154959	0.00134298	0.730408	0
	0.501	0	0	1	0.995868	0.00202479	0.00165289	0.727273	0
	0.502	0	0	1	0.995868	0.00208678	0.00204545	0.72327	0
	0.503	0	0	1	0.995868	0.0025	0.00214876	0.719243	0
	0.504	0	0	1	0.995868	0.00208678	0.00161157	0.709779	0
	0.505	0	0	1	0.995868	0.0022314	0.00157025	0.702532	0
	0.506	0	0	1	0.995868	0.00225207	0.00165289	0.696203	0
	0.507	0	0	1	0.995868	0.00231405	0.00204545	0.695238	0
	0.508	0	0	1	0.995868	0.00256198	0.00173554	0.696486	0
	0.509	0	0	1	0.995868	0.0022314	0.00194215	0.700965	0
	0.51	0	0	1	0.995868	0.00210744	0.00161157	0.703226	0
	0.511	0	0	1	0.995868	0.00231405	0.00132231	0.710098	0
	0.512	0	0	1	0.995868	0.00231405	0.00183884	0.708197	0
	0.513	0	0	1	0.995868	0.00237603	0.00134298	0.705298	0
	0.514	0	0	1	0.995868	0.00216942	0.00196281	0.701987	0
	0.515	0	0	1	0.995868	0.00241736	0.00167355	0.697674	0
	0.516	0	0	1	0.995868	0.00247934	0.00194215	0.697987	0
	0.517	0	0	1	0.995868	0.00229339	0.00177686	0.691275	0
	0.518	0	0	1	0.995868	0.0022314	0.00181818	0.693603	0
	0.519	0	0	1	0.995868	0.00260331	0.00161157	0.692568	0
	0.52	0	0	1	0.995868	0.0022314	0.00134298	0.694915	0
	0.521	0	0	1	0.995868	0.0022314	0.00169421	0.694915	0
	0.522	0	0	1	0.995868	0.0018595	0.0013843	0.691525	0
	0.523	0	0	1	0.995868	0.00235537	0.00219008	0.691525	0
	0.524	0	0	1	0.995868	0.00235537	0.00190083	0.693878	0
	0.525	0	0	1	0.995868	0.00233471	0.00183884	0.697595	0
	0.526	0	0	1	0.995868	0.00221074	0.00163223	0.685121	0
	0.527	0	0	1	0.995868	0.00210744	0.00144628	0.684028	0
	0.528	0	0	1	0.995868	0.00198347	0.00167355	0.686411	0
	0.529	0	0	1	0.995868	0.00221074	0.00146694	0.682927	0
	0.53	0	0	1	0.995868	0.00247934	0.00204545	0.682927	0
	0.531	0	0	1	0.995868	0.00204545	0.00157025	0.681818	0
	0.532	0	0	1	0.995868	0.00283058	0.00181818	0.677193	0
	0.533	0	0	1	0.995868	0.00270661	0.00165289	0.681979	0
	0.534	0	0	1	0.995868	0.00241736	0.00161157	0.683274	0
	0.535	0	0	1	0.995868	0.00235537	0.00173554	0.683274	0
	0.536	0	0	1	0.995868	0.00247934	0.00231405	0.679715	0
	0.537	0	0	1	0.995868	0.00254132	0.00214876	0.682143	0
	0.538	0	0	1	0.995868	0.00227273	0.00181818	0.683453	0
	0.539	0	0	1	0.995868	0.00231405	0.00196281	0.679856	0
	0.54	0	0	1	0.995868	0.00258264	0.00183884	0.677536	0
	0.541	0	0	1	0.995868	0.00225207	0.00177686	0.676364	0
	0.542	0	0	1	0.995868	0.0025	0.0017562	0.672727	0
	0.543	0	0	1	0.995868	0.00245868	0.00210744	0.671533	0
	0.544	0	0	1	0.995868	0.00280992	0.0017562	0.671533	0
	0.545	0	0	1	0.995868	0.00227273	0.0018595	0.677778	0
	0.546	0	0	1	0.995868	0.00256198	0.00190083	0.680297	0
	0.547	0	0	1	0.995868	0.00245868	0.00206612	0.67658	0
	0.548	0	0	1	0.995868	0.00280992	0.00169421	0.677903	0
	0.549	0	0	1	0.995868	0.00237603	0.00194215	0.667925	0
	0.55	0	0	1	0.995868	0.00256198	0.00150826	0.664151	0
	0.551	0	0	1	0.995868	0.0022314	0.0018595	0.655303	0
	0.552	0	0	1	0.995868	0.00239669	0.00183884	0.655303	0
	0.553	0	0	1	0.995868	0.00245868	0.00177686	0.656489	0
	0.554	0	0	1	0.995868	0.00268595	0.00194215	0.659004	0
	0.555	0	0	1	0.995868	0.00272727	0.00221074	0.664093	0
	0.556	0	0	1	0.995868	0.00243802	0.00194215	0.662791	0
	0.557	0	0	1	0.995868	0.00241736	0.0021281	0.662791	0
	0.558	0	0	1	0.995868	0.00210744	0.00190083	0.655039	0
	0.559	0	0	1	0.995868	0.00229339	0.00202479	0.660156	0
	0.56	0	0	1	0.995868	0.00210744	0.00190083	0.662745	0
	0.561	0	0	1	0.995868	0.00229339	0.00173554	0.65748	0
	0.562	0	0	1	0.995868	0.00237603	0.00190083	0.65873	0
	0.563	0	0	1	0.995868	0.00225207	0.00167355	0.649402	0
	0.564	0	0	1	0.995868	0.00239669	0.00173554	0.636	0
	0.565	0	0	1	0.995868	0.00229339	0.00171488	0.628	0
	0.566	0	2.06612e-05	1	0.995868	0.00264463	0.00142562	0.624	0
	0.567	0	0	1	0.993802	0.00198347	0.0017562	0.629032	0
	0.568	0	0	1	0.993802	0.00202479	0.00183884	0.620968	0
	0.569	0	0	1	0.993802	0.00177686	0.00208678	0.626016	0
	0.57	0	2.06612e-05	1	0.993802	0.00227273	0.00227273	0.627049	0
	0.571	0	0	1	0.991736	0.00227273	0.00210744	0.628099	0
	0.572	0	0	1	0.991736	0.00192149	0.00200413	0.622407	0
	0.573	0	0	1	0.991736	0.00235537	0.00202479	0.620833	0
	0.574	0	0	1	0.991736	0.00210744	0.00219008	0.621849	0
	0.575	0	0	1	0.991736	0.00227273	0.00183884	0.621849	0
	0.576	0	0	1	0.991736	0.0017562	0.00206612	0.607595	0
	0.577	0	0	1	0.991736	0.00198347	0.00192149	0.608511	0
	0.578	0	0	1	0.991736	0.00233471	0.00173554	0.604255	0
	0.579	0	0	1	0.991736	0.00196281	0.00210744	0.6	0
	0.58	0	0	1	0.991736	0.00190083	0.00202479	0.602564	0
	0.581	0	0	1	0.991736	0.00190083	0.00208678	0.600858	0
	0.582	0	0	1	0.991736	0.00229339	0.00177686	0.603448	0
	0.583	0	0	1	0.991736	0.00219008	0.00177686	0.601732	0
	0.584	0	0	1	0.991736	0.00260331	0.0017562	0.606987	0
	0.585	0	0	1	0.991736	0.0022314	0.00188017	0.609649	0
	0.586	0	0	1	0.991736	0.00274793	0.00216942	0.613333	0
	0.587	0	0	1	0.991736	0.00194215	0.00210744	0.622727	0
	0.588	0	0	1	0.991736	0.00190083	0.00179752	0.618182	0
	0.589	0	0	1	0.991736	0.00239669	0.00216942	0.607306	0
	0.59	0	0	1	0.991736	0.00202479	0.00177686	0.607306	0
	0.591	0	0	1	0.991736	0.00210744	0.00210744	0.607306	0
	0.592	0	0	1	0.991736	0.0022314	0.00204545	0.605505	0
	0.593	0	0	1	0.991736	0.00210744	0.00196281	0.59447	0
	0.594	0	0	1	0.991736	0.00194215	0.00192149	0.587963	0
	0.595	0	2.06612e-05	1	0.991736	0.00219008	0.00177686	0.586047	0
	0.596	0	0	1	0.989669	0.00247934	0.00161157	0.588785	0
	0.597	0	0	1	0.989669	0.00237603	0.00208678	0.597156	0
	0.598	0	0	1	0.989669	0.00258264	0.00200413	0.597156	0
	0.599	0	0	1	0.989669	0.00216942	0.00214876	0.590476	0
	0.6	0	0	1	0.989669	0.00254132	0.00196281	0.590476	0
	0.601	0	0	1	0.989669	0.00237603	0.00208678	0.585714	0
	0.602	0	0	1	0.989669	0.00274793	0.00188017	0.583732	0
	0.603	0	0	1	0.989669	0.00262397	0.00208678	0.586538	0
	0.604	0	0	1	0.989669	0.00204545	0.0018595	0.592233	0
	0.605	0	0	1	0.989669	0.00254132	0.00188017	0.590244	0
	0.606	0	0	1	0.989669	0.00256198	0.00200413	0.590244	0
	0.607	0	0	1	0.989669	0.00256198	0.00198347	0.597015	0
	0.608	0	0	1	0.989669	0.00260331	0.00208678	0.595	0
	0.609	0	0	1	0.989669	0.00243802	0.00169421	0.59	0
	0.61	0	0	1	0.989669	0.00262397	0.00171488	0.598985	0
	0.611	0	0	1	0.989669	0.0021281	0.00198347	0.602041	0
	0.612	0	0	1	0.989669	0.00270661	0.00192149	0.605128	0
	0.613	0	0	1	0.989669	0.0021281	0.0018595	0.603093	0
	0.614	0	0	1	0.989669	0.00237603	0.0022314	0.601036	0
	0.615	0	0	1	0.989669	0.00206612	0.00173554	0.604167	0
	0.616	0	0	1	0.989669	0.0022314	0.00206612	0.598958	0
	0.617	0	0	1	0.989669	0.00227273	0.00144628	0.591623	0
	0.618	0	0	1	0.989669	0.00219008	0.00214876	0.592593	0
	0.619	0	0	1	0.989669	0.00216942	0.00206612	0.588235	0
	0.62	0	0	1	0.989669	0.00227273	0.00173554	0.575269	0
	0.621	0	0	1	0.989669	0.00233471	0.00171488	0.562162	0
	0.622	0	0	1	0.989669	0.00196281	0.00159091	0.568306	0
	0.623	0	0	1	0.989669	0.00227273	0.00200413	0.565934	0
	0.624	0	0	1	0.989669	0.00214876	0.00183884	0.558011	0
	0.625	0	0	1	0.989669	0.00206612	0.0021281	0.552486	0
	0.626	0	0	1	0.989669	0.00190083	0.00225207	0.544444	0
	0.627	0	0	1	0.989669	0.00229339	0.00177686	0.550562	0
	0.628	0	2.06612e-05	1	0.989669	0.0018595	0.00204545	0.550562	0
	0.629	0	2.06612e-05	1	0.987603	0.00190083	0.00194215	0.544944	0
	0.63	0	0	1	0.985537	0.00192149	0.00194215	0.533708	0
	0.631	0	0	1	0.985537	0.00154959	0.00188017	0.536723	0
	0.632	0	0	1	0.985537	0.00227273	0.00225207	0.531073	0
	0.633	0	0	1	0.985537	0.00190083	0.00206612	0.522727	0
	0.634	0	0	1	0.985537	0.00173554	0.0014876	0.52	0
	0.635	0	0	1	0.985537	0.0018595	0.0021281	0.520468	0
	0.636	0	0	1	0.985537	0.00179752	0.0018595	0.52381	0
	0.637	0	0	1	0.985537	0.00177686	0.00227273	0.517857	0
	0.638	0	0	1	0.985537	0.00183884	0.00179752	0.512048	0
	0.639	0	0	1	0.985537	0.00169421	0.00208678	0.515152	0
	0.64	0	2.06612e-05	1	0.985537	0.00202479	0.0018595	0.521739	0
	0.641	0	0	1	0.983471	0.00206612	0.00142562	0.51875	0
	0.642	0	0	1	0.983471	0.00194215	0.00177686	0.522013	0
	0.643	0	0	1	0.983471	0.0018595	0.00183884	0.528662	0
	0.644	0	0	1	0.983471	0.00208678	0.00214876	0.525641	0
	0.645	0	0	1	0.983471	0.00216942	0.00198347	0.532468	0
	0.646	0	0	1	0.983471	0.00192149	0.00192149	0.519481	0
	0.647	0	0	1	0.983471	0.00202479	0.00169421	0.509804	0
	0.648	0	0	1	0.983471	0.00198347	0.00177686	0.506579	0
	0.649	0	0	1	0.983471	0.0021281	0.00179752	0.506579	0
	0.65	0	0	1	0.983471	0.00202479	0.00188017	0.493421	0
	0.651	0	2.06612e-05	1	0.983471	0.00214876	0.0018595	0.496689	0
	0.652	0	0	1	0.981405	0.00194215	0.00192149	0.506757	0
	0.653	0	0	1	0.981405	0.00214876	0.00210744	0.506849	0
	0.654	0	0	1	0.981405	0.00202479	0.0021281	0.510345	0
	0.655	0	0	1	0.981405	0.00196281	0.0017562	0.517483	0
	0.656	0	0	1	0.981405	0.00208678	0.00216942	0.51773	0
	0.657	0	0	1	0.981405	0.00200413	0.00225207	0.521429	0
	0.658	0	0	1	0.981405	0.00200413	0.00208678	0.52518	0
	0.659	0	0	1	0.981405	0.00233471	0.00179752	0.507246	0
	0.66	0	0	1	0.981405	0.00216942	0.0017562	0.5	0
	0.661	0	0	1	0.981405	0.00237603	0.00154959	0.49635	0
	0.662	0	0	1	0.981405	0.00173554	0.00206612	0.489051	0
	0.663	0	0	1	0.981405	0.00231405	0.00192149	0.489051	0
	0.664	0	0	1	0.981405	0.00233471	0.00198347	0.470588	0
	0.665	0	0	1	0.981405	0.00200413	0.00188017	0.466667	0
	0.666	0	0	1	0.981405	0.00200413	0.0022314	0.466165	0
	0.667	0	0	1	0.981405	0.00183884	0.00192149	0.473282	0
	0.668	0	0	1	0.981405	0.00219008	0.00177686	0.476923	0
	0.669	0	0	1	0.981405	0.00208678	0.00219008	0.469231	0
	0.67	0	2.06612e-05	1	0.981405	0.00181818	0.00192149	0.461538	0
	0.671	0	2.06612e-05	1	0.979339	0.0021281	0.00192149	0.457364	0
	0.672	0	0	1	0.977273	0.00227273	0.00192149	0.453125	0
	0.673	0	0	1	0.977273	0.00181818	0.00219008	0.452381	0
	0.674	0	0	1	0.977273	0.00188017	0.00171488	0.448	0
	0.675	0	0	1	0.977273	0.00196281	0.00216942	0.44	0
	0.676	0	0	1	0.977273	0.00161157	0.00216942	0.427419	0
	0.677	0	0	1	0.977273	0.00169421	0.00196281	0.422764	0
	0.678	0	2.06612e-05	1	0.977273	0.00208678	0.00157025	0.429752	0
	0.679	0	0	1	0.975207	0.00194215	0.00188017	0.425	0
	0.68	0	0	1	0.975207	0.00188017	0.00190083	0.428571	0
	0.681	0	0	1	0.975207	0.00194215	0.00192149	0.428571	0
	0.682	0	0	1	0.975207	0.00194215	0.00183884	0.415254	0
	0.683	0	2.06612e-05	1	0.975207	0.00202479	0.00214876	0.40678	0
	0.684	0	0	1	0.975207	0.00229339	0.00204545	0.40678	0
	0.685	0	0	1	0.975207	0.00192149	0.00179752	0.398305	0
	0.686	0	0	1	0.975207	0.00179752	0.0018595	0.403509	0
	0.687	0	0	1	0.975207	0.00177686	0.00167355	0.394737	0
	0.688	0	2.06612e-05	1	0.975207	0.00210744	0.00206612	0.383929	0
	0.689	0	2.06612e-05	1	0.975207	0.00198347	0.00190083	0.375	0
	0.69	0	0	1	0.975207	0.00192149	0.00169421	0.354545	0
	0.691	0	0	1	0.975207	0.0018595	0.00198347	0.357798	0
	0.692	0	0	1	0.975207	0.00169421	0.00204545	0.348624	0
	0.693	0	2.06612e-05	1	0.975207	0.00169421	0.0018595	0.33945	0
	0.694	0	0	1	0.975207	0.00192149	0.0022314	0.336449	0
	0.695	0	0	1	0.975207	0.00214876	0.00194215	0.336449	0
	0.696	0	2.06612e-05	1	0.975207	0.00221074	0.00210744	0.326923	0
	0.697	0	2.06612e-05	1	0.97314	0.00188017	0.00200413	0.330097	0
	0.698	0	2.06612e-05	1	0.971074	0.00163223	0.0018595	0.336634	0
	0.699	0	0	1	0.971074	0.00167355	0.00169421	0.336634	0
	0.7	0	4.13223e-05	1	0.971074	0.00161157	0.00200413	0.323232	0
	0.701	0	0	1	0.966942	0.00188017	0.00140496	0.316327	0
	0.702	0	2.06612e-05	1	0.966942	0.00181818	0.00142562	0.306122	0
	0.703	0	2.06612e-05	1	0.966942	0.00202479	0.00179752	0.306122	0
	0.704	0	4.13223e-05	1	0.966942	0.00202479	0.00196281	0.3125	0
	0.705	0	0	1	0.964876	0.00183884	0.00165289	0.3125	0
	0.706	0	0	1	0.964876	0.00154959	0.00154959	0.315789	0
	0.707	0	0	1	0.964876	0.00190083	0.00196281	0.319149	0
	0.708	0	0	1	0.964876	0.00200413	0.00157025	0.319149	0
	0.709	0	2.06612e-05	1	0.964876	0.00194215	0.00157025	0.322581	0
	0.71	0	0	1	0.964876	0.00227273	0.00152893	0.311828	0
	0.711	0	0	1	0.964876	0.00171488	0.00190083	0.307692	0
	0.712	0	0	1	0.964876	0.0018595	0.00167355	0.296703	0
	0.713	0	0	1	0.964876	0.00204545	0.0017562	0.313953	0
	0.714	0	0	1	0.964876	0.00210744	0.00150826	0.313953	0
	0.715	0	0	1	0.964876	0.00192149	0.00161157	0.317647	0
	0.716	0	0	1	0.964876	0.00183884	0.0017562	0.309524	0
	0.717	0	0	1	0.964876	0.00177686	0.00177686	0.301205	0
	0.718	0	0	1	0.964876	0.00177686	0.00167355	0.292683	0
	0.719	0	0	1	0.964876	0.00159091	0.00196281	0.292683	0
	0.72	0	0	1	0.964876	0.00163223	0.00157025	0.283951	0
	0.721	0	0	1	0.964876	0.00152893	0.00159091	0.259259	0
	0.722	0	0	1	0.964876	0.00150826	0.00183884	0.2625	0
	0.723	0	2.06612e-05	1	0.964876	0.00167355	0.00171488	0.269231	0
	0.724	0	2.06612e-05	1	0.96281	0.00196281	0.00159091	0.25641	0
	0.725	0	2.06612e-05	1	0.960744	0.00161157	0.00206612	0.25974	0
	0.726	0	4.13223e-05	1	0.958678	0.00179752	0.00177686	0.266667	0
	0.727	0	0	1	0.958678	0.00140496	0.0021281	0.266667	0
	0.728	0	0	1	0.958678	0.00192149	0.0018595	0.28169	0
	0.729	0	0	1	0.958678	0.00128099	0.00183884	0.285714	0
	0.73	0	0	1	0.958678	0.00157025	0.00192149	0.298507	0
	0.731	0	2.06612e-05	1	0.958678	0.00161157	0.00142562	0.268657	0
	0.732	0	0	1	0.956612	0.00169421	0.00157025	0.268657	0
	0.733	2.06612e-05	2.06612e-05	1	0.956612	0.00142562	0.00167355	0.257576	0
	0.734	0	0	0.997934	0.954545	0.0013843	0.00183884	0.261538	0
	0.735	0	0	0.997934	0.954545	0.00150826	0.00167355	0.265625	0
	0.736	0	2.06612e-05	0.997934	0.954545	0.00132231	0.00157025	0.265625	0
	0.737	0	2.06612e-05	0.997934	0.952479	0.00157025	0.00154959	0.265625	0
	0.738	2.06612e-05	0	0.997934	0.952479	0.00134298	0.00190083	0.265625	0
	0.739	0	2.06612e-05	0.997934	0.952479	0.00132231	0.00144628	0.265625	0
	0.74	0	2.06612e-05	0.997934	0.952479	0.00113636	0.00144628	0.269841	0
	0.741	0	2.06612e-05	0.997934	0.950413	0.00105372	0.0018595	0.274194	0
	0.742	2.06612e-05	2.06612e-05	0.997934	0.948347	0.000929752	0.0017562	0.283333	0
	0.743	4.13223e-05	2.06612e-05	0.997934	0.946281	0.00128099	0.00154959	0.283333	0
	0.744	0	0	0.997934	0.946281	0.00117769	0.00171488	0.285714	0
	0.745	0	0	0.997934	0.946281	0.00119835	0.00167355	0.296296	0
	0.746	6.19835e-05	0	0.997934	0.946281	0.00105372	0.00140496	0.277778	0
	0.747	2.06612e-05	2.06612e-05	0.997934	0.946281	0.00103306	0.0013843	0.277778	0
	0.748	4.13223e-05	0	0.997934	0.946281	0.00119835	0.00163223	0.283019	0
	0.749	4.13223e-05	2.06612e-05	0.997934	0.946281	0.000950413	0.00123967	0.294118	0
	0.75	2.06612e-05	4.13223e-05	0.997934	0.946281	0.00072314	0.00144628	0.306122	0
	0.751	2.06612e-05	2.06612e-05	0.997934	0.944215	0.00107438	0.00154959	0.3125	0
	0.752	4.13223e-05	0	0.997934	0.942149	0.000909091	0.00167355	0.319149	0
	0.753	8.26446e-05	4.13223e-05	0.997934	0.942149	0.000785124	0.00161157	0.319149	0
	0.754	8.26446e-05	0	0.997934	0.940083	0.000991736	0.00181818	0.276596	0
	0.755	0.000103306	4.13223e-05	0.997934	0.940083	0.00105372	0.00142562	0.276596	0
	0.756	0	0	0.997934	0.93595	0.00072314	0.00154959	0.276596	0
	0.757	4.13223e-05	4.13223e-05	0.997934	0.93595	0.00121901	0.00142562	0.255319	0
	0.758	4.13223e-05	0	0.997934	0.931818	0.000847107	0.00150826	0.26087	0
	0.759	4.13223e-05	2.06612e-05	0.997934	0.931818	0.000640496	0.00152893	0.266667	0
	0.76	2.06612e-05	2.06612e-05	0.997934	0.931818	0.000785124	0.00134298	0.272727	0
	0.761	8.26446e-05	4.13223e-05	0.997934	0.931818	0.000619835	0.00142562	0.272727	0
	0.762	4.13223e-05	2.06612e-05	0.997934	0.931818	0.000743802	0.00161157	0.27907	0
	0.763	4.13223e-05	2.06612e-05	0.997934	0.929752	0.000619835	0.00169421	0.3	0
	0.764	4.13223e-05	4.13223e-05	0.997934	0.929752	0.000785124	0.00146694	0.307692	0
	0.765	8.26446e-05	2.06612e-05	0.997934	0.929752	0.000578512	0.0013843	0.307692	0
	0.766	4.13223e-05	4.13223e-05	0.997934	0.927686	0.000640496	0.00154959	0.289474	0
	0.767	6.19835e-05	0	0.997934	0.92562	0.000702479	0.00132231	0.277778	0
	0.768	0.000103306	2.06612e-05	0.997934	0.92562	0.000743802	0.00136364	0.285714	0
	0.769	4.13223e-05	2.06612e-05	0.995868	0.92562	0.000495868	0.00128099	0.30303	0
	0.77	2.06612e-05	6.19835e-05	0.995868	0.92562	0.00088843	0.00136364	0.28125	0
	0.771	0.000103306	0	0.995868	0.921488	0.000847107	0.00132231	0.28125	0
	0.772	2.06612e-05	6.19835e-05	0.995868	0.921488	0.000661157	0.00109504	0.266667	0
	0.773	0	0	0.995868	0.917355	0.000764463	0.0013843	0.233333	0
	0.774	8.26446e-05	0	0.995868	0.917355	0.000578512	0.00140496	0.2	0
	0.775	6.19835e-05	2.06612e-05	0.995868	0.917355	0.000619835	0.00126033	0.230769	0
	0.776	4.13223e-05	4.13223e-05	0.995868	0.917355	0.000475207	0.00140496	0.230769	0
	0.777	0	4.13223e-05	0.995868	0.915289	0.000681818	0.00142562	0.230769	0
	0.778	0	0	0.995868	0.915289	0.000640496	0.00134298	0.24	0
	0.779	4.13223e-05	2.06612e-05	0.995868	0.915289	0.00072314	0.00117769	0.24	0
	0.78	6.19835e-05	0	0.995868	0.915289	0.00053719	0.00123967	0.24	0
	0.781	4.13223e-05	2.06612e-05	0.995868	0.915289	0.000578512	0.00117769	0.24	0
	0.782	0	6.19835e-05	0.995868	0.915289	0.000619835	0.00121901	0.24	0
	0.783	0	0	0.995868	0.913223	0.000454545	0.00144628	0.24	0
	0.784	6.19835e-05	4.13223e-05	0.995868	0.913223	0.000475207	0.00109504	0.25	0
	0.785	6.19835e-05	2.06612e-05	0.995868	0.911157	0.000599174	0.00136364	0.25	0
	0.786	0	8.26446e-05	0.995868	0.911157	0.000681818	0.000909091	0.26087	0
	0.787	8.26446e-05	6.19835e-05	0.995868	0.909091	0.000516529	0.00128099	0.26087	0
	0.788	2.06612e-05	2.06612e-05	0.995868	0.907025	0.000557851	0.00119835	0.26087	0
	0.789	0	0	0.995868	0.907025	0.000661157	0.00134298	0.272727	0
	0.79	2.06612e-05	4.13223e-05	0.995868	0.907025	0.000619835	0.000991736	0.272727	0
	0.791	4.13223e-05	2.06612e-05	0.995868	0.904959	0.000599174	0.00105372	0.285714	0
	0.792	2.06612e-05	2.06612e-05	0.995868	0.904959	0.000516529	0.00128099	0.3	0
	0.793	4.13223e-05	8.26446e-05	0.995868	0.904959	0.000599174	0.00113636	0.3	0
	0.794	8.26446e-05	2.06612e-05	0.995868	0.902893	0.000578512	0.00144628	0.333333	0
	0.795	2.06612e-05	2.06612e-05	0.995868	0.902893	0.000392562	0.000764463	0.333333	0
	0.796	6.19835e-05	8.26446e-05	0.995868	0.902893	0.000661157	0.00115702	0.333333	0
	0.797	0	6.19835e-05	0.995868	0.900826	0.000743802	0.00088843	0.333333	0
	0.798	4.13223e-05	2.06612e-05	0.995868	0.89876	0.000413223	0.000950413	0.277778	0
	0.799	8.26446e-05	8.26446e-05	0.995868	0.89876	0.000640496	0.000991736	0.277778	0
	0.8	2.06612e-05	2.06612e-05	0.995868	0.89876	0.000454545	0.00105372	0.277778	0
	0.801	2.06612e-05	4.13223e-05	0.995868	0.89876	0.000516529	0.0010124	0.277778	0
	0.802	2.06612e-05	2.06612e-05	0.995868	0.89876	0.000619835	0.000929752	0.277778	0
	0.803	4.13223e-05	4.13223e-05	0.995868	0.89876	0.000413223	0.0011157	0.277778	0
	0.804	6.19835e-05	6.19835e-05	0.995868	0.894628	0.000433884	0.000929752	0.222222	0
	0.805	4.13223e-05	0	0.995868	0.890496	0.000578512	0.00105372	0.222222	0
	0.806	0.000103306	0	0.995868	0.890496	0.000433884	0.000929752	0.235294	0
	0.807	6.19835e-05	4.13223e-05	0.995868	0.890496	0.000392562	0.000971074	0.235294	0
	0.808	8.26446e-05	8.26446e-05	0.995868	0.88843	0.00035124	0.000950413	0.235294	0
	0.809	6.19835e-05	4.13223e-05	0.99793	0.886364	0.000330579	0.00107438	0.235294	0
	0.81	6.19835e-05	2.06612e-05	0.99793	0.882231	0.00035124	0.00113636	0.235294	0
	0.811	0.000103306	4.13223e-05	0.99793	0.880165	0.000495868	0.00142562	0.235294	0
	0.812	0	4.13223e-05	0.99793	0.880165	0.000268595	0.00119835	0.235294	0
	0.813	8.26446e-05	4.13223e-05	0.99793	0.880165	0.000289256	0.00103306	0.235294	0
	0.814	0	4.13223e-05	0.99793	0.880165	0.000268595	0.000929752	0.235294	0
	0.815	2.06612e-05	6.19835e-05	0.99793	0.880165	0.000413223	0.000909091	0.25	0
	0.816	0.000123967	4.13223e-05	0.99793	0.878099	0.000268595	0.00113636	0.266667	0
	0.817	8.26446e-05	4.13223e-05	0.99793	0.878099	0.000206612	0.000909091	0.266667	0
	0.818	4.13223e-05	4.13223e-05	0.99793	0.876033	0.000247934	0.00109504	0.266667	0
	0.819	4.13223e-05	8.26446e-05	0.99793	0.876033	0.000371901	0.000578512	0.266667	0
	0.82	6.19835e-05	4.13223e-05	0.99793	0.876033	0.000227273	0.000867769	0.214286	0
	0.821	0.000103306	4.13223e-05	0.99793	0.876033	0.000247934	0.000991736	0.214286	0
	0.822	4.13223e-05	2.06612e-05	0.99793	0.876033	0.000227273	0.000847107	0.214286	0
	0.823	8.26446e-05	0.000144628	0.99793	0.876033	0.000309917	0.000929752	0.214286	0
	0.824	4.13223e-05	6.19835e-05	0.99793	0.876033	0.000227273	0.000743802	0.214286	0
	0.825	4.13223e-05	0	0.99793	0.876033	0.000289256	0.00109504	0.214286	0
	0.826	4.13223e-05	6.19835e-05	0.99793	0.876033	0.000123967	0.000640496	0.272727	0
	0.827	4.13223e-05	4.13223e-05	0.99793	0.871901	0.000144628	0.000847107	0.272727	0
	0.828	2.06612e-05	6.19835e-05	0.99793	0.871901	0.000165289	0.000805785	0.272727	0
	0.829	0	4.13223e-05	0.99793	0.869835	0.000123967	0.000764463	0.3	0
	0.83	2.06612e-05	6.19835e-05	0.99793	0.865702	0.000144628	0.000764463	0.3	0
	0.831	4.13223e-05	2.06612e-05	0.99793	0.865702	0	0.000805785	0.3	0
	0.832	2.06612e-05	2.06612e-05	0.99793	0.865702	0.000103306	0.000702479	0.3	0
	0.833	0	8.26446e-05	0.99793	0.865702	0.000144628	0.000661157	0.3	0
	0.834	2.06612e-05	8.26446e-05	0.99793	0.863636	0.000206612	0.00088843	0.3	0
	0.835	2.06612e-05	6.19835e-05	0.99793	0.859504	0.000206612	0.000702479	0.3	0
	0.836	0	6.19835e-05	0.99793	0.859504	0.000227273	0.000681818	0.333333	0
	0.837	0	4.13223e-05	0.99793	0.859504	0.000227273	0.000764463	0.333333	0
	0.838	0	4.13223e-05	0.99793	0.859504	0.000103306	0.00072314	0.285714	0
	0.839	0	4.13223e-05	0.99793	0.859504	0.000165289	0.000413223	0.285714	0
	0.84	0	4.13223e-05	0.99793	0.859504	0.000165289	0.000785124	0.285714	0
	0.841	0	6.19835e-05	0.99793	0.859504	0.000103306	0.00088843	0.333333	0
	0.842	0	0	0.99793	0.857438	0.000206612	0.00072314	0.333333	0
	0.843	0	0.000227273	0.99793	0.857438	0.000165289	0.000371901	0.333333	0
	0.844	2.06612e-05	6.19835e-05	0.99793	0.855372	0.000144628	0.000805785	0.333333	0
	0.845	0	0.000144628	0.99793	0.853306	0.000247934	0.000950413	0.333333	0
	0.846	0	4.13223e-05	0.99793	0.847107	0.000165289	0.000619835	0.333333	0
	0.847	0	4.13223e-05	0.99793	0.845041	0.000165289	0.000516529	0.333333	0
	0.848	0	4.13223e-05	0.99793	0.845041	0.000247934	0.000516529	0.333333	0
	0.849	0	0.000103306	0.99793	0.845041	0.000165289	0.000826446	0.333333	0
	0.85	2.06612e-05	4.13223e-05	0.99793	0.845041	0.000206612	0.000475207	0.4	0
	0.851	0	0.000144628	1	0.845041	0.000165289	0.000743802	0.2	0
	0.852	0	4.13223e-05	1	0.845041	0.000103306	0.000619835	0.2	0
	0.853	0	0.000123967	1	0.845041	0.000165289	0.000619835	0.2	0
	0.854	0	0.000103306	1	0.840909	0.000123967	0.000640496	0.2	0
	0.855	0	0.000123967	1	0.840909	0.00018595	0.000516529	0.2	0
	0.856	0	0.000144628	1	0.838843	0.000103306	0.000578512	0.2	0
	0.857	0	8.26446e-05	1	0.834711	6.19835e-05	0.000619835	0.2	0
	0.858	0	6.19835e-05	1	0.834711	0.000123967	0.000619835	0.2	0
	0.859	0	0.000144628	1	0.834711	0.00018595	0.000495868	0.2	0
	0.86	0	0.000103306	1	0.830579	0.000123967	0.000516529	0.2	0
	0.861	0	0.000144628	1	0.830579	0.00018595	0.000557851	0.2	0
	0.862	0	0.000165289	1	0.830579	0.00018595	0.000661157	0.2	0
	0.863	0	2.06612e-05	1	0.830579	8.26446e-05	0.000454545	0.2	0
	0.864	0	0.000165289	1	0.830579	0.00018595	0.000247934	0.2	0
	0.865	0	0.000123967	1	0.830579	0.000227273	0.000413223	0.2	0
	0.866	0	0.000103306	1	0.828512	0.000144628	0.000661157	0.2	0
	0.867	0	0.000123967	1	0.828512	0.000206612	0.000475207	0.2	0
	0.868	0	0.000144628	1	0.828512	0.000103306	0.000661157	0.25	0
	0.869	0	0.000123967	1	0.828512	0.000165289	0.000702479	0.25	0
	0.87	0	0.000165289	1	0.82438	8.26446e-05	0.000599174	0.25	0
	0.871	0	6.19835e-05	1	0.820248	0.00018595	0.000433884	0.25	0
	0.872	2.06612e-05	0.000227273	1	0.820248	0.000165289	0.00053719	0.25	0
	0.873	0	0.000206612	0.997925	0.816116	0.00018595	0.00035124	0.25	0
	0.874	4.13223e-05	8.26446e-05	0.997925	0.811983	6.19835e-05	0.00035124	0.25	0
	0.875	2.06612e-05	0.000123967	0.995851	0.811983	0.000165289	0.000392562	0.25	0
	0.876	2.06612e-05	0.000103306	0.995851	0.807851	0.000123967	0.00035124	0.333333	0
	0.877	0	0.000144628	0.995851	0.807851	0.000103306	0.00018595	0.333333	0
	0.878	0	0.000144628	0.995851	0.807851	0.000103306	0.000454545	0.333333	0
	0.879	4.13223e-05	0.000123967	0.995851	0.803719	0.000123967	0.000371901	0.333333	0
	0.88	0	6.19835e-05	0.995851	0.797521	0.000144628	0.000309917	0.333333	0
	0.881	8.26446e-05	0.00018595	0.995851	0.793388	0.000103306	0.000330579	0.333333	0
	0.882	2.06612e-05	0.000227273	0.995851	0.78719	4.13223e-05	0.000227273	0.333333	0
	0.883	0.00018595	0.000123967	0.995851	0.783058	6.19835e-05	0.000413223	0.333333	0
	0.884	0.000103306	0.000144628	0.995851	0.780992	2.06612e-05	0.00053719	0.333333	0
	0.885	4.13223e-05	0.000123967	0.995851	0.77686	0.000103306	0.000371901	0.333333	0
	0.886	6.19835e-05	0.00018595	0.995851	0.77686	4.13223e-05	0.000247934	0.333333	0
	0.887	0.000103306	0.000123967	0.995851	0.770661	6.19835e-05	0.000268595	0.333333	0
	0.888	8.26446e-05	0.000165289	0.995851	0.770661	4.13223e-05	0.000392562	0.333333	0
	0.889	8.26446e-05	0.000227273	0.995851	0.770661	6.19835e-05	0.000289256	0.333333	0
	0.89	0.000165289	0.000144628	0.995851	0.768595	4.13223e-05	0.00035124	0.333333	0
	0.891	0.000103306	0.000144628	0.995851	0.764463	4.13223e-05	0.000371901	0.333333	0
	0.892	0.000165289	0.000227273	0.995851	0.758264	2.06612e-05	0.000371901	0.333333	0
	0.893	0.000165289	0.000227273	0.995851	0.754132	2.06612e-05	0.000330579	0.5	0
	0.894	0.000206612	0.000206612	0.993776	0.747934	0	0.000454545	0.5	0
	0.895	0.00018595	0.000165289	0.993776	0.745868	0	0.000289256	0.5	0
	0.896	0.000227273	0.000206612	0.993776	0.743802	2.06612e-05	0.000309917	0.5	0
	0.897	0.000123967	0.000247934	0.993776	0.741736	0	0.000227273	0.5	0
	0.898	0.000144628	0.00018595	0.993776	0.739669	0	0.000413223	0.5	0
	0.899	0.000165289	0.000103306	0.993776	0.733471	2.06612e-05	0.000268595	0.5	0
	0.9	0.000123967	0.000309917	0.991701	0.731405	0	0.000165289	0.5	0
	0.901	0.000165289	0.000206612	0.991701	0.727273	2.06612e-05	0.000289256	0.5	0
	0.902	0.000144628	0.000227273	0.991701	0.725207	0	0.000227273	0.5	0
	0.903	0.000165289	0.000454545	0.991701	0.72314	2.06612e-05	0.000144628	0.5	0
	0.904	0.000247934	0.000165289	0.991701	0.714876	0	0.000227273	1	0
	0.905	0.000123967	0.000227273	0.991701	0.714876	0	0.000289256	1	0
	0.906	0.000268595	0.000371901	0.991701	0.71281	0	0.000206612	1	0
	0.907	0.000247934	0.000227273	0.991701	0.704545	0	0.000268595	1	0
	0.908	0.000144628	0.000268595	0.991701	0.698347	0	0.000227273	1	0
	0.909	0.000289256	0.000206612	0.991701	0.694215	0	0.000144628	1	0
	0.91	0.000268595	0.000268595	0.991701	0.692149	0	8.26446e-05	1	0
	0.911	0.000123967	0.000433884	0.991701	0.690083	0	0.000227273	1	0
	0.912	0.00018595	0.000330579	0.991701	0.690083	0	0.000165289	1	0
	0.913	0.00018595	0.000206612	0.991701	0.688017	0	0.00018595	1	0
	0.914	0.000144628	0.000433884	0.991701	0.688017	0	0.00018595	1	0
	0.915	0.000206612	0.000165289	0.991701	0.67562	0	0.00018595	1	0
	0.916	8.26446e-05	0.000516529	0.993763	0.671488	0	0.000165289	1	0
	0.917	0.000268595	0.000289256	0.993763	0.661157	0	0.000206612	1	0
	0.918	0.000206612	0.000309917	0.995833	0.661157	0	0.00018595	1	0
	0.919	0.000268595	0.000392562	0.995833	0.661157	0	0.000123967	1	0
	0.92	0.000103306	0.00035124	0.99375	0.654959	0	0.00018595	1	0
	0.921	0.000268595	0.000619835	0.991667	0.644628	0	8.26446e-05	1	0
	0.922	0.00018595	0.00035124	0.991667	0.636364	0	8.26446e-05	1	0
	0.923	0.00018595	0.000578512	0.991667	0.632231	0	0.000227273	1	0
	0.924	8.26446e-05	0.000392562	0.991667	0.626033	0	0.000123967	1	0
	0.925	0.000123967	0.000475207	0.991667	0.621901	0	8.26446e-05	1	0
	0.926	0.000103306	0.000268595	0.991667	0.613636	0	4.13223e-05	1	0
	0.927	0.000268595	0.00053719	0.989583	0.61157	0	8.26446e-05	1	0
	0.928	0.000123967	0.000557851	0.9875	0.60124	0	8.26446e-05	1	0
	0.929	0.000165289	0.000475207	0.9875	0.595041	0	0.000144628	1	0
	0.93	0.000206612	0.00053719	0.9875	0.584711	2.06612e-05	0.000206612	1	0
	0.931	0.00018595	0.00053719	0.983333	0.582645	0	8.26446e-05	0	0
	0.932	0.00018595	0.000578512	0.98125	0.568182	4.13223e-05	0.000165289	0	0
	0.933	0.000165289	0.000619835	0.98125	0.561983	0	6.19835e-05	0	0
	0.934	0.000103306	0.000557851	0.98125	0.547521	4.13223e-05	0.000123967	0	0
	0.935	0.000247934	0.000599174	0.98125	0.53719	4.13223e-05	6.19835e-05	0	0
	0.936	0.000165289	0.000785124	0.98125	0.52686	2.06612e-05	8.26446e-05	0	0
	0.937	0.000268595	0.000909091	0.98125	0.512397	2.06612e-05	8.26446e-05	0	0
	0.938	0.000392562	0.000702479	0.979167	0.491736	4.13223e-05	8.26446e-05	0	0
	0.939	0.000454545	0.000805785	0.979167	0.479339	6.19835e-05	0.000103306	0	0
	0.94	0.000557851	0.000950413	0.977035	0.469008	4.13223e-05	8.26446e-05	0	0
	0.941	0.000413223	0.000867769	0.979079	0.460744	6.19835e-05	2.06612e-05	0	0
	0.942	0.000805785	0.000867769	0.976987	0.450413	0.000165289	6.19835e-05	0	0
	0.943	0.000785124	0.000785124	0.976987	0.438017	4.13223e-05	0	0	0
	0.944	0.000599174	0.000785124	0.976987	0.423554	0.000123967	6.19835e-05	0	0
	0.945	0.000619835	0.00113636	0.976987	0.417355	0.000144628	6.19835e-05	0	0
	0.946	0.000805785	0.00088843	0.974895	0.409091	0.000123967	2.06612e-05	0	0
	0.947	0.000867769	0.00128099	0.970711	0.396694	0.000144628	2.06612e-05	0	0
	0.948	0.00105372	0.000847107	0.970711	0.386364	0.000103306	0	0	0
	0.949	0.00107438	0.00136364	0.966527	0.373967	0.000165289	2.06612e-05	0	0
	0.95	0.000991736	0.000929752	0.966527	0.36157	2.06612e-05	6.19835e-05	0	0
	0.951	0.00130165	0.00142562	0.964435	0.345041	0.000144628	2.06612e-05	0	0
	0.952	0.0011157	0.00117769	0.960251	0.332645	4.13223e-05	2.06612e-05	0	0
	0.953	0.00113636	0.0013843	0.960251	0.316116	8.26446e-05	0	0	0
	0.954	0.0011157	0.00150826	0.956067	0.299587	0.000103306	0	0	0
	0.955	0.00157025	0.00142562	0.956067	0.274793	8.26446e-05	0	0	0
	0.956	0.00134298	0.00144628	0.953975	0.260331	2.06612e-05	4.13223e-05	0	0
	0.957	0.00208678	0.00177686	0.951883	0.252066	4.13223e-05	4.13223e-05	0	0
	0.958	0.00192149	0.00206612	0.951883	0.233471	2.06612e-05	0	0	0
	0.959	0.00202479	0.00188017	0.953782	0.219008	0	0	0	0
	0.96	0.00171488	0.00194215	0.94958	0.202479	4.13223e-05	0	0	0
	0.961	0.00194215	0.0025	0.947479	0.192149	0	2.06612e-05	0	0
	0.962	0.00219008	0.00221074	0.945378	0.179752	6.19835e-05	6.19835e-05	0	0
	0.963	0.00202479	0.00231405	0.945378	0.165289	0	0	0	0
	0.964	0.00210744	0.00229339	0.945378	0.154959	0	2.06612e-05	0	0
	0.965	0.0018595	0.00225207	0.943158	0.13843	0	2.06612e-05	0	0
	0.966	0.00254132	0.00285124	0.941053	0.134298	0	6.19835e-05	0	0
	0.967	0.0025	0.00309917	0.938819	0.126033	0	0	0	0
	0.968	0.00235537	0.0028719	0.940803	0.115702	0	0	0	0
	0.969	0.00208678	0.00278926	0.942797	0.105372	0	0	0	0
	0.97	0.00254132	0.00373967	0.940678	0.0929752	0	2.06612e-05	0	0
	0.971	0.00229339	0.00373967	0.938429	0.0826446	0	2.06612e-05	0	0
	0.972	0.00239669	0.0043595	0.93617	0.0764463	0	0	0	0
	0.973	0.00202479	0.00419421	0.936034	0.072314	0	0	0	0
	0.974	0.00237603	0.00464876	0.94206	0.0640496	0	2.06612e-05	0	0
	0.975	0.00233471	0.00543388	0.939785	0.0578512	0	0	0	0
	0.976	0.00194215	0.00456612	0.939785	0.053719	0	0	0	0
	0.977	0.00233471	0.00495868	0.935345	0.0495868	0	0	0	0
	0.978	0.00208678	0.00628099	0.931034	0.0475207	0	0	0	0
	0.979	0.00233471	0.00739669	0.926724	0.0413223	0	0	0	0
	0.98	0.00235537	0.00663223	0.919913	0.0371901	0	0	0	0
	0.981	0.00301653	0.00696281	0.915401	0.0371901	0	0	0	0
	0.982	0.00299587	0.00849174	0.906318	0.0309917	0	2.06612e-05	0	0
	0.983	0.00347107	0.00954545	0.899344	0.0289256	0	0	0	0
	0.984	0.00446281	0.00969008	0.890591	0.0227273	0	0	0	0
	0.985	0.00491736	0.0104752	0.876652	0.0206612	0	0	0	0
	0.986	0.00623967	0.013657	0.863135	0.018595	0	0	0	0
	0.987	0.00789256	0.0132645	0.844444	0.0165289	0	0	0	0
	0.988	0.00964876	0.0159917	0.839286	0.00826446	0	0	0	0
	0.989	0.0109091	0.0191116	0.804933	0.00206612	0	0	0	0
	0.99	0.0139876	0.0220661	0.793258	0.00206612	0	0	0	0
	0.991	0.0163223	0.0250207	0.777778	0	0	0	0	0
	0.992	0.0188017	0.0293182	0.748299	0	0	0	0	0
	0.993	0.0228926	0.0327479	0.718182	0	0	0	0	0
	0.994	0.0263017	0.0378306	0.684932	0	0	0	0	0
	0.995	0.0310124	0.0489669	0.629885	0	0	0	0	0
	0.996	0.038719	0.058905	0.568765	0	0	0	0	0
	0.997	0.053657	0.0707851	0.486998	0	0	0	0	0
	0.998	0.0822521	0.0927066	0.392593	0	0	0	0	0
	0.999	0.149504	0.133967	0.203125	0	0	0	0	0
	1	0.409917	0.205393	0.0109589	0	0	0	0	0


#	yrange	sparsity	# links	zeta	support at cross	fraction FP	support at cross2	fraction FP2
	0	0	0	9.59743e-05	0.998	0.673343	0.998	0.673343
	0.45	0	0	9.59743e-05	0.998	0.673343	0.998	0.673343
