#	Frequencies and overlap
#	bins	MYC	shuffle	overlap_MYC	overlap_shuffle	SIGN_MYC	SIGNshuffle	SIGNoverlap_MYC	SIGNoverlap_shuffle
	0	0	0	1	1	0.417562	0.396012	0.7	0
	0.001	0	0	1	1	0	0	0.7	0
	0.002	0	2.06612e-05	1	1	0	0	0.7	0
	0.003	0	0	1	0.997934	0	0	0.7	0
	0.004	0	0	1	0.997934	0	0	0.7	0
	0.005	0	0	1	0.997934	0	0	0.7	0
	0.006	0	0	1	0.997934	0	0	0.7	0
	0.007	0	0	1	0.997934	0	0	0.7	0
	0.008	0	0	1	0.997934	0	0	0.7	0
	0.009	0	0	1	0.997934	0	0	0.7	0
	0.01	0	0	1	0.997934	0	0	0.7	0
	0.011	0	0	1	0.997934	0	0	0.7	0
	0.012	0	0	1	0.997934	0	4.13223e-05	0.7	0
	0.013	0	0	1	0.997934	0	0	0.7	0
	0.014	0	0	1	0.997934	0	2.06612e-05	0.7	0
	0.015	0	0	1	0.997934	0	0	0.7	0
	0.016	0	0	1	0.997934	0	4.13223e-05	0.7	0
	0.017	0	0	1	0.997934	0	4.13223e-05	0.7	0
	0.018	0	2.06612e-05	1	0.997934	0	2.06612e-05	0.7	0
	0.019	0	2.06612e-05	1	0.995868	0	4.13223e-05	0.7	0
	0.02	0	0	1	0.993802	0	2.06612e-05	0.7	0
	0.021	0	0	1	0.993802	0	0	0.7	0
	0.022	0	2.06612e-05	1	0.993802	0	2.06612e-05	0.7	0
	0.023	0	2.06612e-05	1	0.991736	0	0	0.7	0
	0.024	0	0	1	0.989669	0	2.06612e-05	0.7	0
	0.025	0	0	1	0.989669	0	6.19835e-05	0.7	0
	0.026	0	6.19835e-05	1	0.989669	0	0	0.7	0
	0.027	0	0	1	0.983471	0	2.06612e-05	0.7	0
	0.028	0	2.06612e-05	1	0.983471	0	2.06612e-05	0.7	0
	0.029	0	2.06612e-05	1	0.981405	0	2.06612e-05	0.7	0
	0.03	0	6.19835e-05	1	0.979339	0	8.26446e-05	0.7	0
	0.031	0	0.000103306	1	0.977273	0	6.19835e-05	0.7	0
	0.032	0	0	1	0.971074	0	2.06612e-05	0.7	0
	0.033	0	0	1	0.971074	0	6.19835e-05	0.7	0
	0.034	0	0	1	0.971074	0	0	0.7	0
	0.035	0	2.06612e-05	1	0.971074	0	0	0.7	0
	0.036	0	0	1	0.969008	0	8.26446e-05	0.7	0
	0.037	0	2.06612e-05	1	0.969008	2.06612e-05	0	0.7	0
	0.038	0	2.06612e-05	1	0.966942	0	6.19835e-05	0.7	0
	0.039	0	4.13223e-05	1	0.964876	2.06612e-05	6.19835e-05	0.7	0
	0.04	0	0	1	0.96281	2.06612e-05	0	0.7	0
	0.041	0	4.13223e-05	1	0.96281	4.13223e-05	6.19835e-05	0.7	0
	0.042	0	2.06612e-05	1	0.960744	0	4.13223e-05	0.69697	0
	0.043	0	4.13223e-05	1	0.958678	0	6.19835e-05	0.69697	0
	0.044	0	6.19835e-05	1	0.956612	0	0	0.69697	0
	0.045	0	4.13223e-05	1	0.950413	0	2.06612e-05	0.69697	0
	0.046	0	4.13223e-05	1	0.950413	2.06612e-05	6.19835e-05	0.69697	0
	0.047	0	0	1	0.946281	4.13223e-05	2.06612e-05	0.69697	0
	0.048	0	4.13223e-05	1	0.946281	0	6.19835e-05	0.699088	0
	0.049	0	4.13223e-05	1	0.942149	2.06612e-05	2.06612e-05	0.699088	0
	0.05	0	8.26446e-05	1	0.938017	2.06612e-05	2.06612e-05	0.699088	0
	0.051	0	8.26446e-05	1	0.929752	0	2.06612e-05	0.699088	0
	0.052	0	4.13223e-05	1	0.927686	4.13223e-05	0.000103306	0.699088	0
	0.053	0	4.13223e-05	1	0.923554	4.13223e-05	4.13223e-05	0.699088	0
	0.054	0	6.19835e-05	1	0.923554	0.000103306	0.000103306	0.699088	0
	0.055	0	4.13223e-05	1	0.917355	2.06612e-05	2.06612e-05	0.699088	0
	0.056	0	2.06612e-05	1	0.915289	2.06612e-05	6.19835e-05	0.699088	0
	0.057	0	4.13223e-05	1	0.913223	2.06612e-05	6.19835e-05	0.699088	0
	0.058	2.06612e-05	2.06612e-05	1	0.909091	8.26446e-05	8.26446e-05	0.699088	0
	0.059	2.06612e-05	6.19835e-05	0.997934	0.909091	2.06612e-05	0.000103306	0.699088	0
	0.06	2.06612e-05	4.13223e-05	0.997934	0.907025	0.00018595	0	0.699088	0
	0.061	6.19835e-05	4.13223e-05	0.997934	0.907025	0.000103306	6.19835e-05	0.699088	0
	0.062	4.13223e-05	4.13223e-05	0.997934	0.904959	0.000123967	6.19835e-05	0.699088	0
	0.063	4.13223e-05	6.19835e-05	0.997934	0.904959	0.000144628	0.000123967	0.699088	0
	0.064	4.13223e-05	2.06612e-05	0.995868	0.89876	0.000103306	0.000103306	0.699088	0
	0.065	0.000123967	6.19835e-05	0.995868	0.89876	0.000123967	8.26446e-05	0.699088	0
	0.066	0.000144628	0.000103306	0.995868	0.896694	0.000123967	2.06612e-05	0.699088	0
	0.067	0.000165289	0	0.995868	0.890496	0.000123967	8.26446e-05	0.699088	0
	0.068	4.13223e-05	6.19835e-05	0.995868	0.890496	0.000165289	8.26446e-05	0.699088	0
	0.069	6.19835e-05	8.26446e-05	0.995868	0.88843	0.000206612	8.26446e-05	0.699088	0
	0.07	0.000144628	8.26446e-05	0.995868	0.884298	0.000165289	0.000123967	0.699088	0
	0.071	0.000268595	6.19835e-05	0.995868	0.884298	0.00018595	6.19835e-05	0.699088	0
	0.072	0.00018595	2.06612e-05	0.995868	0.884298	0.000165289	0	0.699088	0
	0.073	6.19835e-05	0	0.995868	0.884298	0.000165289	4.13223e-05	0.699088	0
	0.074	0.000123967	8.26446e-05	0.995868	0.884298	0.000165289	0.000123967	0.699088	0
	0.075	0.000144628	0.000123967	0.995868	0.882231	0.000123967	0.00018595	0.699088	0
	0.076	6.19835e-05	4.13223e-05	0.995868	0.878099	0.000123967	0.000103306	0.699088	0
	0.077	0.000103306	6.19835e-05	0.995868	0.878099	4.13223e-05	0.000103306	0.699088	0
	0.078	0.000103306	0.000103306	0.995868	0.878099	0.000103306	0.000144628	0.699088	0
	0.079	0.000144628	8.26446e-05	0.995868	0.876033	0.000103306	0.000123967	0.699088	0
	0.08	0.000268595	8.26446e-05	0.995868	0.873967	8.26446e-05	6.19835e-05	0.699088	0
	0.081	0.000165289	4.13223e-05	0.995868	0.871901	0.000103306	0.000103306	0.699088	0
	0.082	8.26446e-05	8.26446e-05	0.995868	0.869835	0.000165289	6.19835e-05	0.699088	0
	0.083	0.000227273	0.000103306	0.995868	0.869835	6.19835e-05	0.000123967	0.696049	0
	0.084	0.000123967	8.26446e-05	0.995868	0.867769	6.19835e-05	6.19835e-05	0.696049	0
	0.085	0.000206612	8.26446e-05	0.995868	0.865702	8.26446e-05	0.000123967	0.696049	0
	0.086	0.000103306	6.19835e-05	0.995868	0.86157	0.000103306	0.000165289	0.696049	0
	0.087	0.000165289	2.06612e-05	0.995868	0.86157	4.13223e-05	0.000165289	0.696049	0
	0.088	0.000103306	6.19835e-05	0.995868	0.86157	0.00018595	6.19835e-05	0.696049	0
	0.089	8.26446e-05	6.19835e-05	0.995868	0.859504	0.000103306	6.19835e-05	0.696049	0
	0.09	2.06612e-05	4.13223e-05	0.995868	0.857438	0.000123967	2.06612e-05	0.696049	0
	0.091	6.19835e-05	0.000103306	0.995868	0.857438	0.000123967	2.06612e-05	0.698171	0
	0.092	6.19835e-05	8.26446e-05	0.995868	0.855372	8.26446e-05	4.13223e-05	0.698171	0
	0.093	0.000123967	6.19835e-05	0.995868	0.85124	8.26446e-05	0.000123967	0.698171	0
	0.094	0	0.000123967	0.99793	0.849174	0.000103306	6.19835e-05	0.698171	0
	0.095	2.06612e-05	6.19835e-05	0.99793	0.847107	0.000144628	0.000165289	0.698171	0
	0.096	6.19835e-05	0.000103306	0.995859	0.845041	8.26446e-05	0.000144628	0.698171	0
	0.097	6.19835e-05	8.26446e-05	0.995859	0.842975	6.19835e-05	0.000103306	0.698171	0
	0.098	0	0.000206612	0.995859	0.842975	0.000144628	0.000123967	0.698171	0
	0.099	0	0	0.995859	0.840909	0.000123967	0.00018595	0.702454	0
	0.1	2.06612e-05	8.26446e-05	0.995859	0.840909	0.000144628	0.000144628	0.702454	0
	0.101	0	0.000103306	0.995859	0.840909	8.26446e-05	0.000103306	0.702454	0
	0.102	0	4.13223e-05	0.995859	0.834711	0.000123967	0.000144628	0.702454	0
	0.103	2.06612e-05	8.26446e-05	0.995859	0.834711	0.000165289	6.19835e-05	0.702454	0
	0.104	2.06612e-05	0.000103306	0.995859	0.832645	8.26446e-05	0.000123967	0.702454	0
	0.105	2.06612e-05	4.13223e-05	0.995859	0.830579	0.000206612	0.000144628	0.704615	0
	0.106	0	0.000123967	0.995859	0.830579	0.000206612	0.00018595	0.704615	0
	0.107	0	8.26446e-05	0.995859	0.830579	0.000165289	0.000123967	0.704615	0
	0.108	2.06612e-05	6.19835e-05	0.995859	0.830579	0.000144628	0.000165289	0.704615	0
	0.109	2.06612e-05	0.000123967	0.995859	0.828512	0.000165289	0.000103306	0.704615	0
	0.11	4.13223e-05	0.000165289	0.995859	0.82438	0.000165289	6.19835e-05	0.704615	0
	0.111	2.06612e-05	0.000123967	0.995859	0.820248	0.000247934	0.00018595	0.704615	0
	0.112	2.06612e-05	4.13223e-05	0.997925	0.820248	0.000144628	0.000103306	0.704615	0
	0.113	0	4.13223e-05	0.997925	0.820248	0.000103306	0.000227273	0.704615	0
	0.114	4.13223e-05	0.000144628	0.997925	0.818182	0.000165289	0.000123967	0.704615	0
	0.115	0	4.13223e-05	0.997925	0.81405	0.000144628	0.000144628	0.704615	0
	0.116	8.26446e-05	6.19835e-05	0.997925	0.81405	0.000103306	0.000123967	0.704615	0
	0.117	2.06612e-05	4.13223e-05	0.997925	0.811983	0.000247934	0.00018595	0.704615	0
	0.118	0	0.000103306	0.997925	0.811983	0.000123967	0.00018595	0.704615	0
	0.119	8.26446e-05	8.26446e-05	0.997925	0.809917	0.00018595	0.000165289	0.704615	0
	0.12	6.19835e-05	0.000103306	0.997925	0.807851	0.000206612	0.00018595	0.704615	0
	0.121	4.13223e-05	0.000123967	0.997925	0.807851	0.000123967	0.000247934	0.704615	0
	0.122	4.13223e-05	0.000103306	0.997925	0.805785	0.000144628	0.00018595	0.704615	0
	0.123	0.000123967	0.000103306	0.997925	0.801653	4.13223e-05	0.00018595	0.704615	0
	0.124	4.13223e-05	0.000144628	0.997925	0.797521	0.000103306	0.000165289	0.704615	0
	0.125	0	8.26446e-05	0.997925	0.795455	0.000144628	0.000144628	0.704615	0
	0.126	6.19835e-05	0.000227273	0.997925	0.793388	0.000123967	0.000247934	0.704615	0
	0.127	6.19835e-05	0.000227273	0.997925	0.783058	8.26446e-05	0.00018595	0.704615	0
	0.128	2.06612e-05	8.26446e-05	0.997925	0.778926	0.000123967	0.000206612	0.704615	0
	0.129	4.13223e-05	0.000123967	0.997925	0.778926	2.06612e-05	0.000227273	0.704615	0
	0.13	0.000144628	8.26446e-05	0.997925	0.77686	0.000123967	0.000165289	0.704615	0
	0.131	6.19835e-05	0.000247934	0.997925	0.774793	6.19835e-05	0.00018595	0.704615	0
	0.132	0.000123967	0.000144628	0.997925	0.764463	8.26446e-05	0.000165289	0.70679	0
	0.133	0.000123967	0.000144628	0.997925	0.762397	8.26446e-05	0.000123967	0.70679	0
	0.134	4.13223e-05	6.19835e-05	0.997925	0.756198	0.000103306	0.000144628	0.70679	0
	0.135	0.000123967	0.000165289	0.997925	0.754132	8.26446e-05	0.000144628	0.708978	0
	0.136	8.26446e-05	0.000123967	0.997925	0.745868	6.19835e-05	0.000165289	0.708978	0
	0.137	2.06612e-05	0.000165289	0.997925	0.745868	6.19835e-05	0.00018595	0.708978	0
	0.138	2.06612e-05	0.000123967	0.997925	0.741736	8.26446e-05	0.000144628	0.71118	0
	0.139	4.13223e-05	0.000206612	0.997925	0.741736	4.13223e-05	0.000268595	0.71118	0
	0.14	6.19835e-05	4.13223e-05	0.997925	0.735537	2.06612e-05	0.000247934	0.71118	0
	0.141	4.13223e-05	0.000123967	0.997925	0.735537	2.06612e-05	0.000227273	0.71118	0
	0.142	2.06612e-05	4.13223e-05	0.997925	0.733471	2.06612e-05	0.000268595	0.71118	0
	0.143	0.000103306	0.000165289	0.995851	0.733471	4.13223e-05	0.000268595	0.71118	0
	0.144	8.26446e-05	8.26446e-05	0.995851	0.731405	2.06612e-05	0.000227273	0.708075	0
	0.145	6.19835e-05	0.000206612	0.995851	0.727273	2.06612e-05	0.000309917	0.708075	0
	0.146	8.26446e-05	0.00018595	0.993776	0.725207	4.13223e-05	0.000123967	0.71028	0
	0.147	2.06612e-05	0.000103306	0.991701	0.721074	0	0.000289256	0.71028	0
	0.148	4.13223e-05	8.26446e-05	0.991701	0.719008	0	0.000227273	0.71028	0
	0.149	0.000103306	0.000123967	0.991701	0.719008	0	0.000247934	0.71028	0
	0.15	4.13223e-05	0.000123967	0.989627	0.71281	4.13223e-05	0.000144628	0.71028	0
	0.151	2.06612e-05	0.000165289	0.989627	0.71281	0	0.000289256	0.71028	0
	0.152	6.19835e-05	0.000268595	0.989627	0.710744	2.06612e-05	0.000268595	0.71028	0
	0.153	0.000144628	0.000144628	0.989627	0.704545	0	0.000247934	0.71028	0
	0.154	6.19835e-05	0.000247934	0.989627	0.700413	6.19835e-05	0.000247934	0.71028	0
	0.155	0.00018595	0.00018595	0.989627	0.696281	4.13223e-05	0.000165289	0.71028	0
	0.156	0.000144628	0.00018595	0.989627	0.696281	2.06612e-05	0.000289256	0.71028	0
	0.157	0.000123967	0.000144628	0.989627	0.696281	4.13223e-05	0.00018595	0.71028	0
	0.158	0.000206612	8.26446e-05	0.991684	0.692149	6.19835e-05	0.000144628	0.71028	0
	0.159	0.000165289	0.00018595	0.991684	0.692149	2.06612e-05	0.000392562	0.71028	0
	0.16	0.00018595	0.000123967	0.991684	0.690083	2.06612e-05	0.000227273	0.7125	0
	0.161	0.000247934	0.000123967	0.991684	0.688017	0.000123967	0.00018595	0.7125	0
	0.162	0.000165289	0.000206612	0.991684	0.688017	8.26446e-05	0.000247934	0.7125	0
	0.163	0.000206612	8.26446e-05	0.991684	0.683884	4.13223e-05	0.000330579	0.7125	0
	0.164	0.000123967	0.000103306	0.991684	0.681818	0.000103306	0.000227273	0.7125	0
	0.165	0.000227273	0.000103306	0.989605	0.677686	4.13223e-05	0.00035124	0.7125	0
	0.166	0.000123967	0.000165289	0.989605	0.67562	6.19835e-05	0.000227273	0.7125	0
	0.167	0.00018595	0.000144628	0.989605	0.667355	6.19835e-05	0.000392562	0.7125	0
	0.168	0.000268595	4.13223e-05	0.989605	0.665289	6.19835e-05	0.000330579	0.7125	0
	0.169	0.00018595	0.000165289	0.989605	0.665289	0.000144628	0.000289256	0.7125	0
	0.17	0.000330579	8.26446e-05	0.989605	0.663223	0.000123967	0.000433884	0.7125	0
	0.171	0.000330579	0.000144628	0.989605	0.661157	8.26446e-05	0.00035124	0.7125	0
	0.172	0.000247934	0.00018595	0.989605	0.661157	8.26446e-05	0.000392562	0.7125	0
	0.173	0.000268595	0.000123967	0.989605	0.661157	0.000123967	0.000330579	0.7125	0
	0.174	0.000165289	0.000227273	0.989605	0.657025	0.000103306	0.000392562	0.7125	0
	0.175	0.000227273	0.000123967	0.989605	0.650826	0.000165289	0.000309917	0.7125	0
	0.176	0.000330579	4.13223e-05	0.989605	0.650826	0.000144628	0.000413223	0.7125	0
	0.177	0.000268595	0.000144628	0.989605	0.650826	0.000144628	0.000309917	0.7125	0
	0.178	0.000165289	0.000206612	0.989605	0.646694	6.19835e-05	0.000330579	0.7125	0
	0.179	0.000227273	0.000206612	0.989605	0.640496	0.000144628	0.000413223	0.7125	0
	0.18	0.00018595	0.000309917	0.989605	0.632231	0.000206612	0.000289256	0.7125	0
	0.181	0.000144628	0.000165289	0.989605	0.630165	0.000330579	0.000640496	0.7125	0
	0.182	0.000268595	0.000206612	0.989605	0.626033	0.000144628	0.00035124	0.7125	0
	0.183	0.000165289	0.000206612	0.989605	0.623967	0.00018595	0.000289256	0.7125	0
	0.184	0.000165289	0.000330579	0.989605	0.621901	0.000289256	0.000309917	0.7125	0
	0.185	0.000206612	0.000123967	0.989605	0.609504	0.000247934	0.000309917	0.709375	0
	0.186	0.000268595	0.00018595	0.989605	0.609504	0.000103306	0.000557851	0.709375	0
	0.187	0.000206612	0.000227273	0.989605	0.607438	0.000144628	0.000433884	0.709375	0
	0.188	0.000392562	0.000227273	0.989605	0.60124	0.00035124	0.000413223	0.709375	0
	0.189	0.000227273	0.00018595	0.989605	0.597107	0.000227273	0.000454545	0.709375	0
	0.19	0.00018595	0.000123967	0.987526	0.595041	0.000227273	0.00035124	0.709375	0
	0.191	0.000165289	0.000206612	0.987526	0.588843	0.000165289	0.000330579	0.70625	0
	0.192	8.26446e-05	0.000206612	0.987526	0.586777	0.000165289	0.000227273	0.70625	0
	0.193	0.000165289	0.000165289	0.987526	0.586777	0.000289256	0.000433884	0.70625	0
	0.194	0.000123967	0.000247934	0.987526	0.578512	0.000309917	0.000475207	0.70625	0
	0.195	0.000123967	0.00018595	0.987526	0.57438	0.000392562	0.000413223	0.703125	0
	0.196	0.000144628	0.000206612	0.987526	0.570248	0.000247934	0.000681818	0.7	0
	0.197	0.000103306	0.000103306	0.987526	0.568182	0.00035124	0.000475207	0.7	0
	0.198	0.000227273	0.00018595	0.987526	0.566116	0.000247934	0.000392562	0.7	0
	0.199	0.000123967	0.000247934	0.989583	0.56405	0.000165289	0.000392562	0.7	0
	0.2	0.000123967	8.26446e-05	0.9875	0.561983	0.000289256	0.000619835	0.7	0
	0.201	0.000165289	0.000227273	0.9875	0.559917	0.000330579	0.00053719	0.7	0
	0.202	0.000123967	0.000144628	0.9875	0.557851	0.00018595	0.000433884	0.696875	0
	0.203	4.13223e-05	0.000206612	0.9875	0.555785	0.000227273	0.00035124	0.696875	0
	0.204	0.000123967	0.000206612	0.9875	0.555785	0.000268595	0.000268595	0.695925	0
	0.205	0.000144628	0.000392562	0.9875	0.547521	0.000144628	0.000475207	0.69279	0
	0.206	0.000103306	0.000309917	0.9875	0.541322	0.000289256	0.000454545	0.69279	0
	0.207	0.000123967	0.000144628	0.985417	0.541322	0.00035124	0.000599174	0.69279	0
	0.208	8.26446e-05	0.000123967	0.987474	0.539256	0.000165289	0.00053719	0.694969	0
	0.209	0.000103306	0.000289256	0.987474	0.53719	0.000227273	0.000516529	0.694969	0
	0.21	6.19835e-05	0.000103306	0.987474	0.533058	0.000330579	0.000475207	0.694969	0
	0.211	0.000103306	0.00018595	0.987474	0.52686	0.000413223	0.000413223	0.694969	0
	0.212	6.19835e-05	0.000206612	0.98954	0.522727	0.000330579	0.000454545	0.694969	0
	0.213	8.26446e-05	0.00018595	0.98954	0.518595	0.000309917	0.000433884	0.694969	0
	0.214	0.000103306	0.000268595	0.98954	0.518595	0.000433884	0.000640496	0.694969	0
	0.215	0.000123967	0.000247934	0.98954	0.514463	0.000392562	0.000433884	0.694969	0
	0.216	6.19835e-05	0.000165289	0.98954	0.508264	0.000475207	0.000619835	0.694969	0
	0.217	0.000144628	0.00018595	0.987448	0.504132	0.000516529	0.000495868	0.694969	0
	0.218	0.000103306	0.00035124	0.987448	0.504132	0.000454545	0.000309917	0.694969	0
	0.219	0.000103306	0.000289256	0.987448	0.497934	0.00035124	0.000475207	0.694969	0
	0.22	0.000103306	0.00018595	0.987448	0.491736	0.000392562	0.000557851	0.694969	0
	0.221	0.000144628	0.000123967	0.987448	0.485537	0.000557851	0.000475207	0.694969	0
	0.222	0.000123967	0.000247934	0.987448	0.485537	0.000516529	0.000433884	0.694969	0
	0.223	0.00018595	0.00018595	0.989518	0.475207	0.000516529	0.000599174	0.697161	0
	0.224	0.000123967	0.000206612	0.991597	0.475207	0.000578512	0.000681818	0.699367	0
	0.225	0.000144628	0.000165289	0.991597	0.469008	0.000516529	0.000557851	0.701587	0
	0.226	0.000144628	0.000206612	0.991597	0.469008	0.000392562	0.00053719	0.701587	0
	0.227	0.000123967	0.000309917	0.991597	0.469008	0.000619835	0.000578512	0.701587	0
	0.228	8.26446e-05	0.000289256	0.991597	0.469008	0.00053719	0.000557851	0.701587	0
	0.229	0.000165289	0.000268595	0.991597	0.464876	0.000785124	0.000309917	0.701587	0
	0.23	0.000144628	0.000206612	0.991597	0.454545	0.000578512	0.000495868	0.701587	0
	0.231	0.000103306	0.00018595	0.989496	0.448347	0.000702479	0.000640496	0.701587	0
	0.232	0.000227273	0.000309917	0.989496	0.444215	0.000309917	0.000640496	0.701587	0
	0.233	0.000123967	0.000144628	0.989496	0.442149	0.000557851	0.000495868	0.698413	0
	0.234	0.000330579	0.000165289	0.989496	0.438017	0.000661157	0.000433884	0.698413	0
	0.235	0.000247934	0.000165289	0.989496	0.43595	0.000475207	0.000578512	0.698413	0
	0.236	0.000144628	0.000371901	0.989496	0.431818	0.000516529	0.000454545	0.700637	0
	0.237	0.000165289	0.00018595	0.987395	0.431818	0.000640496	0.000578512	0.700637	0
	0.238	0.000268595	0.000330579	0.987395	0.429752	0.00053719	0.000599174	0.700637	0
	0.239	0.00018595	0.00018595	0.987395	0.427686	0.000433884	0.000661157	0.700637	0
	0.24	0.000123967	0.000330579	0.987395	0.427686	0.000557851	0.000475207	0.700637	0
	0.241	0.000268595	0.000289256	0.987395	0.42562	0.000578512	0.000640496	0.702875	0
	0.242	0.00018595	0.000330579	0.987395	0.42562	0.000516529	0.000557851	0.702875	0
	0.243	0.000227273	0.000330579	0.987395	0.421488	0.000413223	0.000454545	0.702875	0
	0.244	0.000206612	0.00035124	0.987395	0.419421	0.000454545	0.000516529	0.702875	0
	0.245	0.000165289	0.000392562	0.987395	0.417355	0.00035124	0.000516529	0.702875	0
	0.246	0.00018595	0.000247934	0.989474	0.411157	0.000392562	0.000516529	0.702875	0
	0.247	0.00018595	0.000371901	0.989474	0.407025	0.000619835	0.000495868	0.702875	0
	0.248	0.000144628	0.000268595	0.989474	0.407025	0.000371901	0.000516529	0.702875	0
	0.249	0.000123967	0.000433884	0.989474	0.39876	0.000413223	0.000661157	0.702875	0
	0.25	0.000206612	0.000289256	0.989474	0.392562	0.000247934	0.00072314	0.702875	0
	0.251	0.000103306	0.00018595	0.989474	0.390496	0.000454545	0.000599174	0.702875	0
	0.252	0.000206612	0.000330579	0.989474	0.38843	0.000330579	0.000785124	0.702875	0
	0.253	0.000227273	0.000165289	0.989474	0.384298	0.000309917	0.000578512	0.705128	0
	0.254	8.26446e-05	0.000227273	0.989474	0.384298	0.000433884	0.000495868	0.701923	0
	0.255	0.000103306	0.000330579	0.989474	0.380165	0.000495868	0.000557851	0.701923	0
	0.256	0.000371901	0.000330579	0.989474	0.376033	0.000433884	0.000805785	0.70418	0
	0.257	0.00018595	0.000227273	0.989474	0.376033	0.000475207	0.00053719	0.70418	0
	0.258	0.00018595	0.000371901	0.989474	0.376033	0.000227273	0.000599174	0.706452	0
	0.259	0.000123967	0.000268595	0.989474	0.367769	0.000371901	0.000661157	0.706452	0
	0.26	0.000227273	0.000392562	0.989474	0.363636	0.000206612	0.000702479	0.708738	0
	0.261	0.00018595	0.000165289	0.987368	0.355372	0.000413223	0.000599174	0.708738	0
	0.262	0.000227273	0.000433884	0.987368	0.355372	0.000330579	0.00053719	0.708738	0
	0.263	0.00018595	0.00035124	0.987368	0.342975	0.00035124	0.000640496	0.711039	0
	0.264	0.000123967	0.000371901	0.987368	0.336777	0.000392562	0.00053719	0.713355	0
	0.265	0.000123967	0.000289256	0.987368	0.336777	0.000392562	0.000495868	0.713355	0
	0.266	0.000103306	0.000413223	0.987368	0.326446	0.000516529	0.000619835	0.713355	0
	0.267	0.000144628	0.00035124	0.987368	0.326446	0.000289256	0.000516529	0.713355	0
	0.268	8.26446e-05	0.000330579	0.987368	0.32438	0.000371901	0.000578512	0.713355	0
	0.269	0.000123967	0.000227273	0.987368	0.322314	0.00035124	0.000661157	0.715686	0
	0.27	0.000289256	0.000392562	0.985263	0.318182	0.000227273	0.000805785	0.715686	0
	0.271	4.13223e-05	0.000413223	0.987342	0.31405	0.00035124	0.000516529	0.715686	0
	0.272	0.000144628	0.000392562	0.987342	0.311983	0.000371901	0.000578512	0.712418	0
	0.273	0.000103306	0.000599174	0.987342	0.299587	0.000371901	0.000557851	0.712418	0
	0.274	0.000247934	0.000433884	0.987342	0.293388	0.000371901	0.000743802	0.712418	0
	0.275	0.000165289	0.000475207	0.987342	0.293388	0.00035124	0.000599174	0.712418	0
	0.276	0.000227273	0.000475207	0.987342	0.291322	0.00018595	0.00072314	0.714754	0
	0.277	4.13223e-05	0.000371901	0.987342	0.285124	0.00035124	0.00053719	0.717105	0
	0.278	0.000144628	0.000330579	0.987342	0.283058	0.00018595	0.000681818	0.717105	0
	0.279	0.000144628	0.000392562	0.987342	0.278926	0.000247934	0.000516529	0.717105	0
	0.28	0.000165289	0.000557851	0.987342	0.278926	0.000413223	0.000764463	0.717105	0
	0.281	4.13223e-05	0.000371901	0.987342	0.27686	0.000165289	0.000578512	0.719472	0
	0.282	0.000103306	0.00035124	0.987342	0.274793	0.000227273	0.000516529	0.719472	0
	0.283	0.00018595	0.000289256	0.989429	0.268595	0.000165289	0.000578512	0.719472	0
	0.284	0.00018595	0.000433884	0.989429	0.264463	0.000247934	0.000785124	0.719472	0
	0.285	0.000103306	0.000413223	0.987315	0.256198	0.000144628	0.00053719	0.724252	0
	0.286	6.19835e-05	0.000371901	0.987315	0.254132	0.000165289	0.000516529	0.724252	0
	0.287	0.000103306	0.00035124	0.987315	0.252066	0.000206612	0.000619835	0.724252	0
	0.288	0.000289256	0.000516529	0.987315	0.25	0.00018595	0.000475207	0.724252	0
	0.289	0.00018595	0.000475207	0.987315	0.245868	0.000206612	0.000640496	0.724252	0
	0.29	0.000206612	0.00035124	0.987315	0.241736	0.000103306	0.000557851	0.724252	0
	0.291	0.000165289	0.000433884	0.987315	0.237603	0.000103306	0.000516529	0.724252	0
	0.292	0.000206612	0.000516529	0.987315	0.237603	0.000247934	0.000681818	0.726667	0
	0.293	0.000123967	0.000454545	0.987315	0.237603	0.000123967	0.000681818	0.726667	0
	0.294	0.000165289	0.00053719	0.987315	0.231405	0.000247934	0.000619835	0.726667	0
	0.295	0.00018595	0.000516529	0.987288	0.229339	0.000227273	0.000640496	0.723333	0
	0.296	0.000268595	0.000309917	0.987288	0.22314	0.000144628	0.000640496	0.725753	0
	0.297	0.00018595	0.000289256	0.987288	0.22314	0.000206612	0.000640496	0.725753	0
	0.298	0.000227273	0.000578512	0.987288	0.22314	0.000227273	0.00053719	0.725753	0
	0.299	6.19835e-05	0.000454545	0.985169	0.216942	0.00018595	0.000867769	0.728188	0
	0.3	0.000268595	0.000392562	0.985169	0.214876	8.26446e-05	0.00053719	0.728188	0
	0.301	0.000206612	0.000330579	0.987261	0.214876	0.000268595	0.000785124	0.728188	0
	0.302	0.000123967	0.000454545	0.987261	0.210744	0.000309917	0.000599174	0.728188	0
	0.303	0.000103306	0.000475207	0.987261	0.210744	0.000165289	0.000640496	0.724832	0
	0.304	0.000144628	0.00053719	0.987261	0.208678	0.000144628	0.000599174	0.727273	0
	0.305	0.000123967	0.000475207	0.987261	0.206612	0.000227273	0.00072314	0.726351	0
	0.306	0.000268595	0.000640496	0.987261	0.202479	0.000206612	0.000681818	0.722973	0
	0.307	0.000123967	0.000495868	0.987261	0.198347	0.000268595	0.000619835	0.722973	0
	0.308	0.00018595	0.000516529	0.987261	0.194215	0.000206612	0.000681818	0.725424	0
	0.309	0.000144628	0.000516529	0.987261	0.194215	0.000206612	0.00072314	0.727891	0
	0.31	0.000206612	0.000619835	0.987261	0.192149	0.000268595	0.000702479	0.727891	0
	0.311	0.000165289	0.000619835	0.987261	0.192149	0.000227273	0.000661157	0.727891	0
	0.312	0.000103306	0.000392562	0.987261	0.183884	0.000227273	0.000557851	0.730375	0
	0.313	0.000144628	0.000454545	0.985138	0.181818	0.000309917	0.000743802	0.730375	0
	0.314	0.000247934	0.000557851	0.983015	0.179752	0.000289256	0.000599174	0.730375	0
	0.315	0.000247934	0.000578512	0.980892	0.177686	0.000289256	0.000805785	0.730375	0
	0.316	0.000227273	0.000516529	0.974522	0.173554	0.000227273	0.000661157	0.730375	0
	0.317	0.000144628	0.000599174	0.974522	0.171488	0.000289256	0.00072314	0.726962	0
	0.318	0.000144628	0.00053719	0.974522	0.165289	0.000227273	0.000826446	0.729452	0
	0.319	0.000144628	0.000661157	0.974522	0.163223	0.000309917	0.00053719	0.729452	0
	0.32	0.000247934	0.000454545	0.974522	0.161157	0.000289256	0.000516529	0.729452	0
	0.321	0.000123967	0.00053719	0.972399	0.159091	0.000289256	0.000516529	0.729452	0
	0.322	0.000206612	0.000413223	0.970276	0.154959	0.000392562	0.000764463	0.731959	0
	0.323	0.000123967	0.000681818	0.968153	0.152893	0.000309917	0.000805785	0.731959	0
	0.324	0.00018595	0.000475207	0.968153	0.152893	0.000392562	0.000619835	0.731959	0
	0.325	0.000165289	0.000557851	0.968153	0.146694	0.000371901	0.000392562	0.731959	0
	0.326	0.000268595	0.000640496	0.968153	0.144628	0.000309917	0.000743802	0.731959	0
	0.327	0.000206612	0.000392562	0.968153	0.140496	0.000309917	0.000867769	0.728522	0
	0.328	0.000165289	0.000495868	0.970213	0.140496	0.000392562	0.000640496	0.728522	0
	0.329	0.000206612	0.00072314	0.970213	0.136364	0.000371901	0.000454545	0.725086	0
	0.33	0.000165289	0.000516529	0.972281	0.130165	0.000289256	0.000805785	0.721649	0
	0.331	0.000165289	0.000454545	0.972281	0.128099	0.000433884	0.00072314	0.721649	0
	0.332	0.000247934	0.000454545	0.972281	0.121901	0.000475207	0.000743802	0.721649	0
	0.333	0.000413223	0.000867769	0.972281	0.121901	0.000475207	0.00088843	0.721649	0
	0.334	0.000268595	0.000495868	0.972281	0.119835	0.000309917	0.00072314	0.718213	0
	0.335	0.000516529	0.000599174	0.972281	0.115702	0.000371901	0.000805785	0.718213	0
	0.336	0.000454545	0.000495868	0.972281	0.115702	0.000433884	0.000847107	0.718213	0
	0.337	0.000330579	0.000557851	0.972281	0.11157	0.000599174	0.000929752	0.718213	0
	0.338	0.000413223	0.000599174	0.974359	0.11157	0.00035124	0.000516529	0.714777	0
	0.339	0.000371901	0.000433884	0.974359	0.109504	0.00035124	0.000764463	0.714777	0
	0.34	0.00053719	0.000599174	0.974359	0.109504	0.000557851	0.000950413	0.717241	0
	0.341	0.00053719	0.000640496	0.972222	0.109504	0.000392562	0.000475207	0.719723	0
	0.342	0.000454545	0.000495868	0.972222	0.107438	0.000495868	0.000764463	0.719723	0
	0.343	0.000371901	0.000681818	0.972222	0.107438	0.000475207	0.000681818	0.719723	0
	0.344	0.000516529	0.000640496	0.970085	0.105372	0.000475207	0.000743802	0.719723	0
	0.345	0.000433884	0.000681818	0.970085	0.105372	0.000578512	0.000867769	0.719723	0
	0.346	0.000433884	0.00072314	0.970085	0.0991736	0.000578512	0.000743802	0.716263	0
	0.347	0.000743802	0.000640496	0.970085	0.0971074	0.000661157	0.000702479	0.716263	0
	0.348	0.000330579	0.000640496	0.970085	0.0971074	0.000578512	0.000785124	0.712803	0
	0.349	0.000578512	0.000661157	0.970085	0.0971074	0.00053719	0.000764463	0.709343	0
	0.35	0.000289256	0.000516529	0.970085	0.0950413	0.00053719	0.000619835	0.705882	0
	0.351	0.000578512	0.000516529	0.970085	0.0867769	0.000681818	0.00088843	0.708333	0
	0.352	0.000475207	0.000557851	0.972163	0.0867769	0.00072314	0.000640496	0.710801	0
	0.353	0.00053719	0.000475207	0.972163	0.0867769	0.000578512	0.000619835	0.707317	0
	0.354	0.000661157	0.000392562	0.970021	0.0805785	0.000661157	0.00088843	0.703833	0
	0.355	0.000392562	0.000661157	0.970021	0.0764463	0.000619835	0.000702479	0.703833	0
	0.356	0.000516529	0.00053719	0.970021	0.0743802	0.000578512	0.000826446	0.703833	0
	0.357	0.000702479	0.000619835	0.970021	0.0743802	0.000805785	0.000578512	0.703833	0
	0.358	0.000475207	0.000702479	0.970021	0.0743802	0.000599174	0.000640496	0.706294	0
	0.359	0.000392562	0.000433884	0.970021	0.0743802	0.000661157	0.000847107	0.706294	0
	0.36	0.000454545	0.000578512	0.970021	0.0743802	0.000640496	0.000909091	0.706294	0
	0.361	0.000454545	0.000661157	0.970021	0.072314	0.000826446	0.00072314	0.706294	0
	0.362	0.000330579	0.00053719	0.970021	0.072314	0.00072314	0.000681818	0.706294	0
	0.363	0.000454545	0.000743802	0.970021	0.072314	0.000702479	0.000909091	0.706294	0
	0.364	0.000557851	0.000702479	0.970021	0.0702479	0.000495868	0.000805785	0.706294	0
	0.365	0.000516529	0.000764463	0.970021	0.0681818	0.000743802	0.000805785	0.706294	0
	0.366	0.00053719	0.000599174	0.970021	0.0681818	0.000702479	0.0010124	0.706294	0
	0.367	0.00053719	0.00072314	0.970021	0.0661157	0.000785124	0.00103306	0.706294	0
	0.368	0.000330579	0.000392562	0.970021	0.0661157	0.000805785	0.000681818	0.706294	0
	0.369	0.000247934	0.000495868	0.970021	0.0661157	0.000743802	0.000847107	0.706294	0
	0.37	0.000495868	0.000950413	0.970021	0.0661157	0.000764463	0.000764463	0.706294	0
	0.371	0.000475207	0.000702479	0.970021	0.0661157	0.000991736	0.000702479	0.706294	0
	0.372	0.000289256	0.000640496	0.970021	0.0661157	0.000991736	0.000578512	0.705263	0
	0.373	0.000371901	0.000578512	0.970021	0.0661157	0.000826446	0.000950413	0.705263	0
	0.374	0.000330579	0.000578512	0.970021	0.0661157	0.000929752	0.000826446	0.705263	0
	0.375	0.000330579	0.000619835	0.965739	0.0640496	0.000661157	0.000702479	0.704225	0
	0.376	0.000371901	0.000578512	0.963597	0.0640496	0.000640496	0.000785124	0.70922	0
	0.377	0.00035124	0.000516529	0.963597	0.0640496	0.000867769	0.00103306	0.70922	0
	0.378	0.00035124	0.00072314	0.963597	0.0640496	0.000578512	0.000867769	0.70922	0
	0.379	0.000309917	0.00053719	0.965665	0.0599174	0.000640496	0.000702479	0.70922	0
	0.38	0.000268595	0.000619835	0.965665	0.0599174	0.000991736	0.00072314	0.70922	0
	0.381	0.000206612	0.000433884	0.967742	0.0599174	0.000619835	0.000681818	0.714286	0
	0.382	0.00035124	0.000433884	0.967742	0.0578512	0.000702479	0.000805785	0.714286	0
	0.383	0.000309917	0.000619835	0.967742	0.0578512	0.000743802	0.00072314	0.714286	0
	0.384	0.000371901	0.000681818	0.967742	0.0578512	0.00072314	0.00072314	0.714286	0
	0.385	0.000433884	0.000599174	0.967742	0.0578512	0.000764463	0.000661157	0.707143	0
	0.386	0.000309917	0.000640496	0.967672	0.0578512	0.000805785	0.000743802	0.703571	0
	0.387	0.000309917	0.00072314	0.967672	0.0578512	0.000557851	0.000743802	0.703571	0
	0.388	0.00018595	0.000599174	0.967672	0.0557851	0.000764463	0.000847107	0.703571	0
	0.389	0.000206612	0.000392562	0.967672	0.0557851	0.000764463	0.000661157	0.702509	0
	0.39	0.000144628	0.000805785	0.969762	0.053719	0.000516529	0.000950413	0.705036	0
	0.391	0.000330579	0.000619835	0.971861	0.053719	0.000557851	0.00088843	0.705036	0
	0.392	0.000309917	0.000681818	0.971861	0.053719	0.000661157	0.000826446	0.701439	0
	0.393	0.000247934	0.000681818	0.973913	0.053719	0.000433884	0.000764463	0.701439	0
	0.394	0.000330579	0.000495868	0.976035	0.053719	0.000764463	0.000867769	0.703971	0
	0.395	0.000206612	0.000681818	0.973856	0.053719	0.000392562	0.000991736	0.703971	0
	0.396	0.000309917	0.00088843	0.975983	0.053719	0.000454545	0.00103306	0.703971	0
	0.397	0.000289256	0.00072314	0.975983	0.053719	0.000619835	0.0010124	0.706522	0
	0.398	0.000165289	0.00035124	0.975983	0.053719	0.000330579	0.000702479	0.709091	0
	0.399	0.000123967	0.000599174	0.975983	0.053719	0.000475207	0.000867769	0.709091	0
	0.4	0.000247934	0.000578512	0.975983	0.053719	0.000413223	0.000826446	0.708029	0
	0.401	0.000227273	0.000640496	0.975983	0.053719	0.00053719	0.000805785	0.708029	0
	0.402	0.000227273	0.000433884	0.975983	0.053719	0.000599174	0.00072314	0.710623	0
	0.403	0.000247934	0.00088843	0.975983	0.053719	0.000578512	0.000847107	0.710623	0
	0.404	0.000268595	0.000640496	0.975983	0.053719	0.00072314	0.000805785	0.713235	0
	0.405	0.000433884	0.00053719	0.975983	0.053719	0.000557851	0.00088843	0.715867	0
	0.406	0.000268595	0.000764463	0.973799	0.053719	0.000681818	0.000929752	0.715867	0
	0.407	0.000309917	0.000475207	0.97593	0.053719	0.00053719	0.000764463	0.712177	0
	0.408	0.000309917	0.000702479	0.97593	0.053719	0.00053719	0.000909091	0.714815	0
	0.409	0.000227273	0.000764463	0.97593	0.053719	0.000392562	0.00088843	0.714815	0
	0.41	0.000371901	0.000578512	0.97593	0.053719	0.00053719	0.000743802	0.711111	0
	0.411	0.000392562	0.000764463	0.97593	0.053719	0.000433884	0.0010124	0.716418	0
	0.412	0.00035124	0.000929752	0.97593	0.053719	0.000495868	0.000909091	0.716418	0
	0.413	0.000206612	0.000743802	0.97593	0.053719	0.000454545	0.000929752	0.716418	0
	0.414	0.000309917	0.00072314	0.97593	0.053719	0.000681818	0.000785124	0.716418	0
	0.415	0.000206612	0.000743802	0.97593	0.053719	0.000516529	0.00088843	0.71161	0
	0.416	0.000227273	0.000661157	0.97593	0.0516529	0.000516529	0.00103306	0.71161	0
	0.417	0.000454545	0.000702479	0.97593	0.0516529	0.000392562	0.000785124	0.714286	0
	0.418	0.00053719	0.000640496	0.97593	0.0516529	0.000371901	0.0011157	0.710526	0
	0.419	0.000330579	0.000371901	0.97593	0.0516529	0.000557851	0.000785124	0.710526	0
	0.42	0.000413223	0.000599174	0.971554	0.0516529	0.000640496	0.000950413	0.703008	0
	0.421	0.000289256	0.000454545	0.971491	0.0516529	0.00053719	0.00088843	0.703008	0
	0.422	0.000227273	0.000681818	0.971491	0.0516529	0.000640496	0.000991736	0.703008	0
	0.423	0.000268595	0.000847107	0.971491	0.0516529	0.000454545	0.0010124	0.701887	0
	0.424	0.000413223	0.000764463	0.973626	0.0516529	0.000599174	0.00128099	0.701887	0
	0.425	0.000371901	0.000743802	0.973626	0.0516529	0.00072314	0.0010124	0.704545	0
	0.426	0.000495868	0.000619835	0.973626	0.0516529	0.000495868	0.00107438	0.700758	0
	0.427	0.000330579	0.000743802	0.975771	0.0475207	0.000640496	0.000785124	0.700758	0
	0.428	0.000309917	0.000847107	0.975771	0.0475207	0.000681818	0.000971074	0.703422	0
	0.429	0.000433884	0.00053719	0.975771	0.0475207	0.000681818	0.00103306	0.706107	0
	0.43	0.000330579	0.000867769	0.975771	0.0475207	0.000929752	0.000929752	0.706107	0
	0.431	0.000330579	0.000578512	0.975771	0.0454545	0.000661157	0.00088843	0.70229	0
	0.432	0.00053719	0.000661157	0.973568	0.0454545	0.00072314	0.000991736	0.70229	0
	0.433	0.000330579	0.000867769	0.973568	0.0454545	0.000929752	0.000847107	0.701149	0
	0.434	0.000371901	0.000805785	0.971366	0.0433884	0.000950413	0.000929752	0.697318	0
	0.435	0.000475207	0.000640496	0.971366	0.0433884	0.000516529	0.000929752	0.693487	0
	0.436	0.000371901	0.000495868	0.971366	0.0433884	0.000743802	0.0011157	0.693487	0
	0.437	0.000371901	0.000681818	0.971366	0.0433884	0.000578512	0.0011157	0.696154	0
	0.438	0.000495868	0.000557851	0.971366	0.0433884	0.000929752	0.0010124	0.698842	0
	0.439	0.000371901	0.000619835	0.971366	0.0433884	0.000599174	0.00117769	0.698842	0
	0.44	0.000392562	0.000619835	0.971366	0.0433884	0.000702479	0.00109504	0.698842	0
	0.441	0.000454545	0.000702479	0.971366	0.0413223	0.00103306	0.000826446	0.70155	0
	0.442	0.000475207	0.000619835	0.971366	0.0413223	0.00072314	0.00103306	0.70428	0
	0.443	0.000227273	0.000681818	0.969163	0.0413223	0.000805785	0.000929752	0.707031	0
	0.444	0.000309917	0.000661157	0.969163	0.0413223	0.000847107	0.000619835	0.707031	0
	0.445	0.000309917	0.000681818	0.969163	0.0413223	0.000681818	0.000909091	0.703125	0
	0.446	0.000330579	0.000516529	0.969163	0.0413223	0.000681818	0.000867769	0.699219	0
	0.447	0.000330579	0.000681818	0.969163	0.0413223	0.000847107	0.000909091	0.699219	0
	0.448	0.00035124	0.000516529	0.969163	0.0413223	0.00115702	0.000971074	0.699219	0
	0.449	0.000330579	0.000640496	0.969163	0.0413223	0.0011157	0.00123967	0.699219	0
	0.45	0.000454545	0.000702479	0.969163	0.0413223	0.000764463	0.0010124	0.699219	0
	0.451	0.000392562	0.000805785	0.969163	0.0413223	0.000847107	0.0010124	0.694118	0
	0.452	0.000247934	0.000681818	0.96696	0.0413223	0.00115702	0.0010124	0.69685	0
	0.453	0.000144628	0.000661157	0.96696	0.0413223	0.00117769	0.00105372	0.69685	0
	0.454	0.000392562	0.000578512	0.969095	0.0413223	0.000785124	0.00105372	0.695652	0
	0.455	0.000144628	0.000599174	0.971239	0.0392562	0.0010124	0.0010124	0.695652	0
	0.456	0.000495868	0.000702479	0.971239	0.0392562	0.000929752	0.00117769	0.6917	0
	0.457	0.000268595	0.000702479	0.971239	0.0392562	0.00126033	0.00103306	0.687747	0
	0.458	0.000268595	0.000619835	0.971239	0.0392562	0.00117769	0.00105372	0.687747	0
	0.459	0.000247934	0.000785124	0.971239	0.0392562	0.000909091	0.000971074	0.690476	0
	0.46	0.000371901	0.000702479	0.971239	0.0371901	0.000909091	0.00134298	0.690476	0
	0.461	0.000371901	0.00072314	0.973392	0.0371901	0.00107438	0.00119835	0.690476	0
	0.462	0.00035124	0.00088843	0.971175	0.0371901	0.00119835	0.000929752	0.686508	0
	0.463	0.000330579	0.000454545	0.971111	0.0371901	0.00105372	0.00119835	0.689243	0
	0.464	0.000247934	0.000805785	0.968889	0.0371901	0.00119835	0.000991736	0.689243	0
	0.465	0.000247934	0.000516529	0.966667	0.0371901	0.000785124	0.00088843	0.689243	0
	0.466	0.000123967	0.000681818	0.96882	0.0371901	0.0010124	0.00109504	0.689243	0
	0.467	0.000247934	0.000867769	0.970982	0.0371901	0.000681818	0.000805785	0.689243	0
	0.468	0.000330579	0.000743802	0.970982	0.0371901	0.00103306	0.000950413	0.689243	0
	0.469	0.000309917	0.000516529	0.970982	0.0371901	0.000681818	0.00113636	0.689243	0
	0.47	0.00018595	0.000764463	0.970982	0.0371901	0.00105372	0.00109504	0.689243	0
	0.471	0.000227273	0.000661157	0.970982	0.0371901	0.00107438	0.00103306	0.692	0
	0.472	0.000330579	0.000971074	0.970982	0.0371901	0.000826446	0.000971074	0.694779	0
	0.473	0.000495868	0.000805785	0.970982	0.0371901	0.00109504	0.00105372	0.694779	0
	0.474	0.000268595	0.000599174	0.96875	0.0371901	0.00115702	0.00107438	0.697581	0
	0.475	0.000247934	0.000661157	0.96875	0.0371901	0.000991736	0.00119835	0.703252	0
	0.476	0.000392562	0.000640496	0.96875	0.0371901	0.00088843	0.00123967	0.706122	0
	0.477	0.000371901	0.000764463	0.966518	0.0371901	0.000929752	0.000971074	0.706122	0
	0.478	0.000392562	0.000805785	0.966518	0.0371901	0.00088843	0.0013843	0.713693	0
	0.479	0.00018595	0.00088843	0.96868	0.0330579	0.000909091	0.00117769	0.716667	0
	0.48	0.000371901	0.000909091	0.966443	0.0330579	0.000929752	0.00177686	0.708333	0
	0.481	0.000309917	0.000681818	0.96861	0.0330579	0.0010124	0.00105372	0.704167	0
	0.482	0.000247934	0.000661157	0.96861	0.0330579	0.000929752	0.00109504	0.704167	0
	0.483	0.000330579	0.000743802	0.96861	0.0330579	0.000867769	0.000785124	0.7	0
	0.484	0.000371901	0.000619835	0.970787	0.0309917	0.00088843	0.00140496	0.698745	0
	0.485	0.00035124	0.000743802	0.968539	0.0309917	0.000826446	0.00126033	0.694561	0
	0.486	0.000475207	0.000681818	0.968539	0.0309917	0.00121901	0.00109504	0.699153	0
	0.487	0.000433884	0.000661157	0.968539	0.0309917	0.0011157	0.00132231	0.697872	0
	0.488	0.00035124	0.000764463	0.968539	0.0309917	0.000971074	0.00123967	0.700855	0
	0.489	0.000454545	0.000640496	0.968539	0.0309917	0.00088843	0.00132231	0.696581	0
	0.49	0.000475207	0.000599174	0.970721	0.0309917	0.000950413	0.00126033	0.695279	0
	0.491	0.000454545	0.000702479	0.970721	0.0309917	0.00142562	0.00136364	0.690987	0
	0.492	0.000454545	0.000640496	0.970721	0.0309917	0.000929752	0.00119835	0.686695	0
	0.493	0.00035124	0.000764463	0.970721	0.0309917	0.00152893	0.00128099	0.686695	0
	0.494	0.000557851	0.000640496	0.970721	0.0309917	0.00163223	0.00121901	0.686695	0
	0.495	0.000371901	0.000578512	0.970721	0.0309917	0.00157025	0.00146694	0.678112	0
	0.496	0.000557851	0.000929752	0.968468	0.0309917	0.00128099	0.00130165	0.686957	0
	0.497	0.00035124	0.000578512	0.968468	0.0309917	0.00134298	0.00154959	0.688596	0
	0.498	0.000413223	0.000702479	0.968468	0.0309917	0.00177686	0.0014876	0.690265	0
	0.499	0.000454545	0.000619835	0.968468	0.0309917	0.00167355	0.00115702	0.685841	0
	0.5	0.000413223	0.000599174	0.966216	0.0289256	0.00179752	0.00121901	0.681416	0
	0.501	0.000392562	0.000743802	0.966216	0.0289256	0.00167355	0.00146694	0.683036	0
	0.502	0.00035124	0.000764463	0.966216	0.0289256	0.00150826	0.00142562	0.681614	0
	0.503	0.000495868	0.000805785	0.966216	0.0289256	0.00167355	0.00136364	0.687783	0
	0.504	0.000454545	0.000557851	0.966216	0.0289256	0.00198347	0.00150826	0.687783	0
	0.505	0.000454545	0.000929752	0.966216	0.0289256	0.00173554	0.00142562	0.678733	0
	0.506	0.000578512	0.000764463	0.963964	0.0289256	0.00188017	0.00163223	0.677273	0
	0.507	0.000371901	0.000681818	0.96614	0.0289256	0.00198347	0.00134298	0.680365	0
	0.508	0.000495868	0.00053719	0.96614	0.0289256	0.00181818	0.00134298	0.686636	0
	0.509	0.00035124	0.000640496	0.96614	0.0289256	0.00183884	0.00117769	0.688372	0
	0.51	0.000330579	0.000950413	0.96614	0.0289256	0.00202479	0.00140496	0.690141	0
	0.511	0.00035124	0.000619835	0.96614	0.0289256	0.00188017	0.00119835	0.685446	0
	0.512	0.000371901	0.000785124	0.96614	0.0289256	0.0017562	0.00152893	0.685446	0
	0.513	0.000392562	0.000640496	0.96614	0.0289256	0.00188017	0.00163223	0.676056	0
	0.514	0.000289256	0.000764463	0.968326	0.0289256	0.00177686	0.00154959	0.677725	0
	0.515	0.000247934	0.000847107	0.968326	0.0268595	0.0013843	0.00103306	0.679426	0
	0.516	0.000330579	0.000805785	0.968326	0.0268595	0.0017562	0.00117769	0.669856	0
	0.517	0.000557851	0.000847107	0.968326	0.0268595	0.00181818	0.00136364	0.668269	0
	0.518	0.00018595	0.000599174	0.970522	0.0268595	0.00227273	0.00140496	0.666667	0
	0.519	0.000413223	0.000619835	0.970522	0.0268595	0.00181818	0.00140496	0.660194	0
	0.52	0.00018595	0.000661157	0.970455	0.0268595	0.00183884	0.00150826	0.653659	0
	0.521	0.000309917	0.000909091	0.972665	0.0268595	0.00165289	0.00115702	0.651961	0
	0.522	0.000227273	0.000702479	0.972665	0.0268595	0.00144628	0.00157025	0.647059	0
	0.523	0.00035124	0.000805785	0.972665	0.0268595	0.00181818	0.00115702	0.648515	0
	0.524	0.00035124	0.000681818	0.972665	0.0268595	0.00181818	0.00105372	0.655	0
	0.525	0.000475207	0.000681818	0.972665	0.0247934	0.0021281	0.00169421	0.655	0
	0.526	0.000123967	0.000681818	0.970387	0.0227273	0.00171488	0.00130165	0.661616	0
	0.527	0.000268595	0.0011157	0.970387	0.0206612	0.00208678	0.00107438	0.656566	0
	0.528	0.000516529	0.000599174	0.970387	0.0206612	0.00163223	0.0014876	0.656566	0
	0.529	0.000330579	0.00088843	0.970387	0.0206612	0.00167355	0.00117769	0.651515	0
	0.53	0.000268595	0.000702479	0.970387	0.0206612	0.00173554	0.00107438	0.654822	0
	0.531	0.000413223	0.000681818	0.970387	0.018595	0.00183884	0.000991736	0.649746	0
	0.532	0.000289256	0.000805785	0.970387	0.018595	0.00165289	0.00150826	0.649746	0
	0.533	0.000392562	0.000867769	0.970387	0.018595	0.00198347	0.0013843	0.649746	0
	0.534	0.000413223	0.000929752	0.970387	0.018595	0.00150826	0.00140496	0.647959	0
	0.535	0.000475207	0.000826446	0.972603	0.0165289	0.00167355	0.00113636	0.654639	0
	0.536	0.000309917	0.00088843	0.972603	0.0165289	0.00179752	0.00142562	0.658031	0
	0.537	0.00018595	0.000557851	0.972603	0.0123967	0.00177686	0.00150826	0.664921	0
	0.538	0.000247934	0.000640496	0.972603	0.0123967	0.0018595	0.00134298	0.657895	0
	0.539	0.000268595	0.000516529	0.974828	0.0123967	0.00190083	0.00140496	0.664894	0
	0.54	0.000144628	0.000619835	0.974828	0.0123967	0.0018595	0.00136364	0.668449	0
	0.541	0.000309917	0.000702479	0.974828	0.0123967	0.00200413	0.00163223	0.663102	0
	0.542	0.000309917	0.000847107	0.977064	0.0103306	0.00190083	0.00128099	0.663102	0
	0.543	0.000227273	0.000681818	0.977064	0.0103306	0.0021281	0.00171488	0.647059	0
	0.544	0.000433884	0.000681818	0.977011	0.0103306	0.00179752	0.000785124	0.647059	0
	0.545	0.000268595	0.000867769	0.972414	0.0103306	0.00169421	0.00134298	0.654054	0
	0.546	0.000309917	0.000640496	0.972414	0.0103306	0.00163223	0.00121901	0.648649	0
	0.547	0.000227273	0.000785124	0.970115	0.0103306	0.00214876	0.00140496	0.655738	0
	0.548	0.00035124	0.000805785	0.970115	0.0103306	0.00196281	0.00126033	0.655738	0
	0.549	0.000309917	0.000619835	0.970115	0.0103306	0.00179752	0.00165289	0.657459	0
	0.55	0.00018595	0.000619835	0.967816	0.00826446	0.00204545	0.00165289	0.655556	0
	0.551	0.000247934	0.00088843	0.967816	0.00826446	0.00165289	0.00165289	0.65	0
	0.552	0.000392562	0.000578512	0.965517	0.00826446	0.00146694	0.00161157	0.631285	0
	0.553	0.000206612	0.000805785	0.965517	0.00826446	0.00167355	0.00119835	0.634831	0
	0.554	0.000144628	0.000495868	0.965517	0.00826446	0.00152893	0.00144628	0.629213	0
	0.555	0.000330579	0.000909091	0.965517	0.00826446	0.00179752	0.0013843	0.617978	0
	0.556	0.000309917	0.000785124	0.967742	0.00826446	0.00177686	0.0013843	0.61236	0
	0.557	0.000289256	0.000805785	0.967742	0.00826446	0.00150826	0.00128099	0.602273	0
	0.558	0.000144628	0.000764463	0.967742	0.00826446	0.00177686	0.00123967	0.596591	0
	0.559	0.00035124	0.000702479	0.967742	0.00826446	0.00169421	0.000991736	0.594286	0
	0.56	0.000309917	0.000702479	0.967742	0.00826446	0.00163223	0.00107438	0.58046	0
	0.561	0.00035124	0.000805785	0.967742	0.00826446	0.00142562	0.0014876	0.574713	0
	0.562	0.00035124	0.000578512	0.967667	0.00826446	0.00171488	0.00136364	0.574713	0
	0.563	0.000309917	0.000578512	0.965358	0.00826446	0.00167355	0.00132231	0.568966	0
	0.564	0.000413223	0.000681818	0.965278	0.00826446	0.00181818	0.00130165	0.568966	0
	0.565	0.000268595	0.000991736	0.960648	0.00826446	0.00142562	0.00128099	0.560694	0
	0.566	0.000227273	0.000847107	0.960648	0.00826446	0.00167355	0.00130165	0.567251	0
	0.567	0.000309917	0.000702479	0.960648	0.00826446	0.00167355	0.0011157	0.573964	0
	0.568	0.00035124	0.000805785	0.960648	0.00826446	0.00163223	0.00119835	0.577381	0
	0.569	0.000227273	0.000950413	0.960648	0.00826446	0.00169421	0.000991736	0.581818	0
	0.57	0.000454545	0.000743802	0.960648	0.00826446	0.00142562	0.00140496	0.579268	0
	0.571	0.000330579	0.000929752	0.958333	0.00826446	0.00167355	0.0014876	0.573171	0
	0.572	0.00035124	0.000909091	0.958333	0.00826446	0.00126033	0.00119835	0.567073	0
	0.573	0.000413223	0.00072314	0.956019	0.00826446	0.0014876	0.00150826	0.567073	0
	0.574	0.000309917	0.00103306	0.958237	0.00826446	0.00157025	0.00142562	0.567073	0
	0.575	0.000495868	0.000495868	0.958237	0.00826446	0.00206612	0.00121901	0.571429	0
	0.576	0.000516529	0.000971074	0.958237	0.00619835	0.00154959	0.00132231	0.582278	0
	0.577	0.000433884	0.00103306	0.953596	0.00619835	0.00157025	0.000971074	0.573248	0
	0.578	0.000433884	0.000681818	0.953596	0.00619835	0.00171488	0.00119835	0.566879	0
	0.579	0.000578512	0.000909091	0.953596	0.00619835	0.00196281	0.00142562	0.564103	0
	0.58	0.00035124	0.000681818	0.955814	0.00619835	0.0017562	0.00130165	0.564935	0
	0.581	0.000495868	0.000847107	0.955814	0.00619835	0.00150826	0.00121901	0.562092	0
	0.582	0.00053719	0.000826446	0.955814	0.00619835	0.00196281	0.00107438	0.555556	0
	0.583	0.000557851	0.000847107	0.955814	0.00619835	0.00179752	0.00123967	0.555556	0
	0.584	0.00035124	0.000971074	0.953488	0.00619835	0.00165289	0.00134298	0.555556	0
	0.585	0.000557851	0.000991736	0.955711	0.00619835	0.00200413	0.00144628	0.553333	0
	0.586	0.000578512	0.00072314	0.955711	0.00619835	0.00198347	0.00130165	0.560811	0
	0.587	0.000433884	0.000805785	0.95338	0.00619835	0.00165289	0.000971074	0.547297	0
	0.588	0.000619835	0.000826446	0.955607	0.00619835	0.00177686	0.00107438	0.544218	0
	0.589	0.000619835	0.000743802	0.955607	0.00619835	0.00204545	0.00126033	0.551724	0
	0.59	0.000557851	0.000764463	0.955607	0.00619835	0.00165289	0.00132231	0.551724	0
	0.591	0.000578512	0.000743802	0.955607	0.00619835	0.00204545	0.00140496	0.544828	0
	0.592	0.000516529	0.000971074	0.955607	0.00413223	0.00192149	0.00144628	0.537931	0
	0.593	0.000640496	0.000619835	0.955607	0.00206612	0.00152893	0.00115702	0.541667	0
	0.594	0.000661157	0.000805785	0.955607	0.00206612	0.0017562	0.00121901	0.545455	0
	0.595	0.000909091	0.000743802	0.953271	0.00206612	0.00235537	0.00115702	0.549296	0
	0.596	0.00053719	0.00088843	0.948598	0.00206612	0.00183884	0.000971074	0.55	0
	0.597	0.000516529	0.000805785	0.948598	0.00206612	0.00192149	0.00117769	0.55	0
	0.598	0.000681818	0.000867769	0.948598	0.00206612	0.00165289	0.00123967	0.546763	0
	0.599	0.000702479	0.00072314	0.948598	0.00206612	0.00200413	0.00121901	0.551471	0
	0.6	0.000702479	0.000805785	0.95082	0.00206612	0.00171488	0.000867769	0.544118	0
	0.601	0.000599174	0.000867769	0.95082	0.00206612	0.00196281	0.000929752	0.548148	0
	0.602	0.000702479	0.000702479	0.946136	0.00206612	0.00219008	0.0013843	0.548148	0
	0.603	0.000847107	0.000681818	0.943794	0.00206612	0.00225207	0.0010124	0.544776	0
	0.604	0.0010124	0.000764463	0.941452	0.00206612	0.00200413	0.000826446	0.545455	0
	0.605	0.00053719	0.0010124	0.941452	0.00206612	0.00210744	0.00121901	0.545455	0
	0.606	0.000619835	0.000743802	0.93911	0.00206612	0.00188017	0.000950413	0.545455	0
	0.607	0.000743802	0.000785124	0.93911	0.00206612	0.0021281	0.00126033	0.545455	0
	0.608	0.000413223	0.00072314	0.936768	0.00206612	0.00163223	0.00142562	0.545455	0
	0.609	0.00072314	0.000785124	0.936768	0.00206612	0.00188017	0.0011157	0.530303	0
	0.61	0.000640496	0.000805785	0.936768	0.00206612	0.00190083	0.00130165	0.526718	0
	0.611	0.00072314	0.000743802	0.936768	0.00206612	0.00194215	0.00126033	0.523077	0
	0.612	0.000557851	0.000971074	0.936768	0.00206612	0.00196281	0.00128099	0.523438	0
	0.613	0.000764463	0.000826446	0.936768	0.00206612	0.00173554	0.00119835	0.515873	0
	0.614	0.000516529	0.000929752	0.936768	0.00206612	0.00146694	0.0011157	0.512	0
	0.615	0.000764463	0.00105372	0.936768	0.00206612	0.00169421	0.0011157	0.504	0
	0.616	0.000702479	0.000991736	0.936768	0.00206612	0.00161157	0.00128099	0.504	0
	0.617	0.000475207	0.000867769	0.943396	0.00206612	0.00183884	0.000991736	0.496	0
	0.618	0.000681818	0.00103306	0.943396	0.00206612	0.00196281	0.0011157	0.5	0
	0.619	0.000516529	0.00088843	0.943396	0.00206612	0.00163223	0.00132231	0.487805	0
	0.62	0.000847107	0.000847107	0.945626	0.00206612	0.00169421	0.00132231	0.487603	0
	0.621	0.000785124	0.000950413	0.940758	0.00206612	0.00142562	0.0011157	0.479339	0
	0.622	0.00053719	0.000847107	0.938389	0.00206612	0.00161157	0.0013843	0.471074	0
	0.623	0.000619835	0.000950413	0.938389	0.00206612	0.00146694	0.000929752	0.475	0
	0.624	0.000516529	0.000950413	0.936019	0.00206612	0.00161157	0.00134298	0.475	0
	0.625	0.000578512	0.00109504	0.936019	0.00206612	0.00159091	0.00117769	0.45	0
	0.626	0.000805785	0.000826446	0.933649	0.00206612	0.00183884	0.00103306	0.457627	0
	0.627	0.000681818	0.000640496	0.933649	0.00206612	0.00167355	0.000867769	0.461538	0
	0.628	0.00053719	0.000847107	0.935867	0.00206612	0.00163223	0.00115702	0.469565	0
	0.629	0.000764463	0.000702479	0.933492	0.00206612	0.00144628	0.00115702	0.469565	0
	0.63	0.000764463	0.000805785	0.935714	0.00206612	0.00146694	0.00109504	0.469565	0
	0.631	0.000867769	0.0010124	0.935714	0.00206612	0.00140496	0.000909091	0.469565	0
	0.632	0.000661157	0.000867769	0.937947	0.00206612	0.00130165	0.00126033	0.464912	0
	0.633	0.00072314	0.00088843	0.940191	0.00206612	0.0014876	0.00134298	0.468468	0
	0.634	0.000929752	0.000743802	0.940191	0.00206612	0.00128099	0.000971074	0.472727	0
	0.635	0.000702479	0.000785124	0.942446	0.00206612	0.00115702	0.00121901	0.472727	0
	0.636	0.00088843	0.0010124	0.93765	0.00206612	0.00154959	0.00126033	0.481481	0
	0.637	0.000640496	0.000785124	0.93765	0.00206612	0.00150826	0.00107438	0.485981	0
	0.638	0.000640496	0.00105372	0.935252	0.00206612	0.00130165	0.00109504	0.481132	0
	0.639	0.000702479	0.000909091	0.930456	0	0.00115702	0.00128099	0.495146	0
	0.64	0.000764463	0.00088843	0.930456	0	0.00128099	0.00105372	0.5	0
	0.641	0.000764463	0.00113636	0.928058	0	0.0017562	0.00140496	0.5	0
	0.642	0.000743802	0.00088843	0.925659	0	0.00136364	0.00121901	0.50495	0
	0.643	0.000805785	0.000867769	0.923261	0	0.00132231	0.00128099	0.50495	0
	0.644	0.00088843	0.000971074	0.927711	0	0.00142562	0.00119835	0.515152	0
	0.645	0.000971074	0.000991736	0.927711	0	0.0013843	0.00130165	0.494949	0
	0.646	0.000599174	0.000971074	0.925301	0	0.00119835	0.000867769	0.494949	0
	0.647	0.000826446	0.00109504	0.922892	0	0.00150826	0.00107438	0.494845	0
	0.648	0.000950413	0.000826446	0.925121	0	0.00123967	0.000971074	0.494737	0
	0.649	0.000702479	0.00107438	0.924939	0	0.00119835	0.000929752	0.484211	0
	0.65	0.000826446	0.000826446	0.924939	0	0.00136364	0.00109504	0.484211	0
	0.651	0.000950413	0.000909091	0.924939	0	0.000929752	0.0013843	0.478723	0
	0.652	0.0011157	0.00103306	0.924939	0	0.0013843	0.00123967	0.483871	0
	0.653	0.000785124	0.000971074	0.924939	0	0.00119835	0.00105372	0.494505	0
	0.654	0.000950413	0.00117769	0.924939	0	0.00109504	0.000909091	0.5	0
	0.655	0.000867769	0.0010124	0.924939	0	0.00134298	0.0011157	0.505618	0
	0.656	0.000785124	0.000991736	0.922518	0	0.00105372	0.00109504	0.517241	0
	0.657	0.000826446	0.0010124	0.917676	0	0.0010124	0.000743802	0.523256	0
	0.658	0.00121901	0.00107438	0.917676	0	0.00109504	0.00105372	0.5	0
	0.659	0.00126033	0.000929752	0.915254	0	0.00140496	0.000805785	0.511905	0
	0.66	0.0011157	0.0011157	0.917476	0	0.00121901	0.00107438	0.518072	0
	0.661	0.000681818	0.00107438	0.917476	0	0.00121901	0.000991736	0.530864	0
	0.662	0.000929752	0.000785124	0.915049	0	0.00088843	0.00117769	0.530864	0
	0.663	0.00146694	0.00115702	0.915049	0	0.00113636	0.000950413	0.530864	0
	0.664	0.00119835	0.00105372	0.915049	0	0.000991736	0.000950413	0.531646	0
	0.665	0.000826446	0.000991736	0.914842	0	0.00123967	0.000950413	0.538462	0
	0.666	0.0011157	0.00107438	0.914842	0	0.00105372	0.00103306	0.532468	0
	0.667	0.00130165	0.000950413	0.912195	0	0.000971074	0.00109504	0.539474	0
	0.668	0.000805785	0.000805785	0.909535	0	0.00121901	0.000929752	0.526316	0
	0.669	0.000971074	0.00105372	0.909535	0	0.000971074	0.000743802	0.547945	0
	0.67	0.000785124	0.00088843	0.909535	0	0.000929752	0.00117769	0.534247	0
	0.671	0.00119835	0.00088843	0.911765	0	0.00105372	0.00117769	0.534247	0
	0.672	0.00121901	0.000929752	0.911765	0	0.00088843	0.000929752	0.534247	0
	0.673	0.00103306	0.0010124	0.911548	0	0.000826446	0.000826446	0.527778	0
	0.674	0.000929752	0.00105372	0.91133	0	0.000909091	0.000950413	0.535211	0
	0.675	0.000950413	0.00088843	0.91133	0	0.000826446	0.000909091	0.542857	0
	0.676	0.000929752	0.0010124	0.91133	0	0.00109504	0.000785124	0.514286	0
	0.677	0.00121901	0.00107438	0.91358	0	0.000578512	0.00115702	0.507246	0
	0.678	0.00107438	0.0011157	0.91358	0	0.000619835	0.000950413	0.507246	0
	0.679	0.00115702	0.00109504	0.91358	0	0.00072314	0.000867769	0.507246	0
	0.68	0.00121901	0.000929752	0.915842	0	0.000578512	0.000909091	0.5	0
	0.681	0.0011157	0.00107438	0.913151	0	0.00134298	0.000785124	0.485294	0
	0.682	0.000991736	0.000867769	0.91067	0	0.000950413	0.00105372	0.485294	0
	0.683	0.00088843	0.00136364	0.91067	0	0.000681818	0.000867769	0.470588	0
	0.684	0.00103306	0.00119835	0.912935	0	0.000847107	0.000785124	0.441176	0
	0.685	0.000826446	0.00103306	0.912935	0	0.000847107	0.000991736	0.411765	0
	0.686	0.00113636	0.00103306	0.910448	0	0.000764463	0.00115702	0.402985	0
	0.687	0.00121901	0.000950413	0.910224	0	0.000929752	0.00072314	0.402985	0
	0.688	0.0011157	0.00126033	0.910224	0	0.000785124	0.000805785	0.38806	0
	0.689	0.000971074	0.000847107	0.910224	0	0.000826446	0.0010124	0.393939	0
	0.69	0.00115702	0.000950413	0.910224	0	0.000847107	0.000847107	0.378788	0
	0.691	0.00105372	0.00119835	0.9125	0	0.00088843	0.000971074	0.380952	0
	0.692	0.000867769	0.00107438	0.91	0	0.000681818	0.000847107	0.365079	0
	0.693	0.0011157	0.00123967	0.912281	0	0.00107438	0.00105372	0.370968	0
	0.694	0.0010124	0.00107438	0.912281	0	0.000991736	0.000867769	0.344262	0
	0.695	0.00103306	0.0011157	0.916877	0	0.00117769	0.00123967	0.327869	0
	0.696	0.00117769	0.000867769	0.916877	0	0.000743802	0.00103306	0.338983	0
	0.697	0.000826446	0.000909091	0.916667	0	0.000971074	0.0010124	0.344828	0
	0.698	0.000991736	0.00117769	0.914141	0	0.000950413	0.00105372	0.339286	0
	0.699	0.000867769	0.0011157	0.916456	0	0.00103306	0.000867769	0.321429	0
	0.7	0.000991736	0.00115702	0.916456	0	0.00088843	0.0011157	0.321429	0
	0.701	0.00088843	0.00115702	0.913924	0	0.00107438	0.000847107	0.321429	0
	0.702	0.00130165	0.00128099	0.916244	0	0.00113636	0.000909091	0.321429	0
	0.703	0.00107438	0.00113636	0.918575	0	0.000991736	0.00072314	0.327273	0
	0.704	0.000619835	0.0010124	0.918575	0	0.00113636	0.000764463	0.339623	0
	0.705	0.00115702	0.00115702	0.920918	0	0.00123967	0.000847107	0.339623	0
	0.706	0.000909091	0.00146694	0.920918	0	0.00105372	0.000991736	0.339623	0
	0.707	0.000599174	0.00132231	0.920918	0	0.000971074	0.000867769	0.326923	0
	0.708	0.0010124	0.00117769	0.920918	0	0.000929752	0.00103306	0.326923	0
	0.709	0.000764463	0.00117769	0.920918	0	0.00126033	0.00072314	0.326923	0
	0.71	0.000867769	0.00113636	0.925641	0	0.00121901	0.000743802	0.288462	0
	0.711	0.000847107	0.00119835	0.928021	0	0.00105372	0.000950413	0.27451	0
	0.712	0.000743802	0.000847107	0.930233	0	0.00107438	0.000619835	0.27451	0
	0.713	0.000454545	0.00126033	0.932642	0	0.00144628	0.000702479	0.27451	0
	0.714	0.000681818	0.00113636	0.935065	0	0.000971074	0.000661157	0.26	0
	0.715	0.0010124	0.00105372	0.932468	0	0.00130165	0.00113636	0.24	0
	0.716	0.000743802	0.00105372	0.932468	0	0.0011157	0.00088843	0.22	0
	0.717	0.000785124	0.00144628	0.932468	0	0.00130165	0.000785124	0.22449	0
	0.718	0.000702479	0.00109504	0.932468	0	0.0013843	0.00134298	0.229167	0
	0.719	0.00053719	0.00115702	0.932468	0	0.00123967	0.000805785	0.229167	0
	0.72	0.000599174	0.0010124	0.934896	0	0.00132231	0.000764463	0.229167	0
	0.721	0.000661157	0.00126033	0.934726	0	0.0011157	0.000867769	0.229167	0
	0.722	0.000475207	0.00115702	0.934726	0	0.00121901	0.00072314	0.234043	0
	0.723	0.000661157	0.00126033	0.932115	0	0.00126033	0.000826446	0.234043	0
	0.724	0.000950413	0.00117769	0.932115	0	0.00130165	0.000867769	0.217391	0
	0.725	0.000743802	0.000909091	0.931937	0	0.00119835	0.000640496	0.217391	0
	0.726	0.000661157	0.000867769	0.931937	0	0.00126033	0.000578512	0.217391	0
	0.727	0.00053719	0.00117769	0.934383	0	0.000971074	0.00105372	0.217391	0
	0.728	0.000557851	0.00121901	0.934037	0	0.0011157	0.000785124	0.222222	0
	0.729	0.000764463	0.00146694	0.936508	0	0.00136364	0.000702479	0.222222	0
	0.73	0.000640496	0.0011157	0.938992	0	0.00107438	0.00088843	0.222222	0
	0.731	0.000495868	0.00109504	0.93634	0	0.00113636	0.000702479	0.2	0
	0.732	0.000619835	0.00144628	0.93634	0	0.00126033	0.000785124	0.2	0
	0.733	0.000847107	0.00126033	0.93634	0	0.00113636	0.00072314	0.204545	0
	0.734	0.000661157	0.00142562	0.93883	0	0.00128099	0.00088843	0.204545	0
	0.735	0.000661157	0.00119835	0.93883	0	0.00123967	0.000681818	0.186047	0
	0.736	0.00072314	0.00123967	0.941333	0	0.00103306	0.000681818	0.186047	0
	0.737	0.000599174	0.00154959	0.941333	0	0.000991736	0.000764463	0.195122	0
	0.738	0.000557851	0.00107438	0.941333	0	0.000847107	0.000681818	0.195122	0
	0.739	0.000495868	0.00142562	0.938667	0	0.000991736	0.000681818	0.195122	0
	0.74	0.000743802	0.00105372	0.938667	0	0.000909091	0.000661157	0.2	0
	0.741	0.000557851	0.000950413	0.938667	0	0.000867769	0.000640496	0.210526	0
	0.742	0.000495868	0.00109504	0.938667	0	0.000743802	0.000599174	0.216216	0
	0.743	0.000516529	0.00128099	0.938667	0	0.000929752	0.000764463	0.216216	0
	0.744	0.00072314	0.00140496	0.935829	0	0.000661157	0.000681818	0.222222	0
	0.745	0.000805785	0.00107438	0.938338	0	0.000909091	0.000578512	0.2	0
	0.746	0.000475207	0.00126033	0.938172	0	0.000847107	0.000578512	0.176471	0
	0.747	0.000702479	0.00103306	0.938172	0	0.000785124	0.000578512	0.176471	0
	0.748	0.000475207	0.0013843	0.943243	0	0.00072314	0.000557851	0.176471	0
	0.749	0.000516529	0.00113636	0.943243	0	0.000640496	0.000764463	0.181818	0
	0.75	0.000433884	0.00132231	0.943243	0	0.00072314	0.000619835	0.1875	0
	0.751	0.000557851	0.00103306	0.943243	0	0.000702479	0.000681818	0.193548	0
	0.752	0.000702479	0.00142562	0.945799	0	0.00053719	0.000743802	0.193548	0
	0.753	0.000433884	0.00121901	0.94837	0	0.000847107	0.000619835	0.2	0
	0.754	0.000557851	0.00121901	0.950954	0	0.000764463	0.000681818	0.172414	0
	0.755	0.000619835	0.00146694	0.950954	0	0.000557851	0.000619835	0.178571	0
	0.756	0.000743802	0.00119835	0.950954	0	0.000681818	0.00072314	0.178571	0
	0.757	0.000413223	0.0013843	0.953552	0	0.000661157	0.000743802	0.185185	0
	0.758	0.000516529	0.00130165	0.95082	0	0.00053719	0.000661157	0.185185	0
	0.759	0.000702479	0.00107438	0.95082	0	0.000495868	0.000599174	0.192308	0
	0.76	0.000619835	0.00121901	0.945355	0	0.000516529	0.000516529	0.16	0
	0.761	0.000702479	0.00123967	0.945355	0	0.000578512	0.000557851	0.16	0
	0.762	0.000640496	0.00109504	0.945355	0	0.000599174	0.000413223	0.166667	0
	0.763	0.000454545	0.000929752	0.947945	0	0.000764463	0.000578512	0.166667	0
	0.764	0.000743802	0.00109504	0.947945	0	0.000557851	0.000557851	0.0909091	0
	0.765	0.000433884	0.00146694	0.947802	0	0.000619835	0.000557851	0.1	0
	0.766	0.000640496	0.00121901	0.947802	0	0.000433884	0.000805785	0.1	0
	0.767	0.000702479	0.00128099	0.947802	0	0.000392562	0.00072314	0.1	0
	0.768	0.000640496	0.00121901	0.947802	0	0.00053719	0.000785124	0.1	0
	0.769	0.000599174	0.00150826	0.945055	0	0.000599174	0.000454545	0.105263	0
	0.77	0.000413223	0.00126033	0.945055	0	0.000557851	0.000599174	0.105263	0
	0.771	0.000516529	0.00161157	0.950276	0	0.000454545	0.000413223	0.111111	0
	0.772	0.000433884	0.0010124	0.950276	0	0.00053719	0.000578512	0.111111	0
	0.773	0.000516529	0.00142562	0.952909	0	0.000454545	0.000764463	0.117647	0
	0.774	0.000619835	0.00128099	0.947368	0	0.000330579	0.000475207	0.125	0
	0.775	0.000681818	0.00117769	0.947368	0	0.00035124	0.000743802	0.125	0
	0.776	0.000454545	0.00115702	0.944598	0	0.000413223	0.000619835	0.133333	0
	0.777	0.00072314	0.00140496	0.944598	0	0.000433884	0.000392562	0.142857	0
	0.778	0.000516529	0.0013843	0.944598	0	0.000413223	0.000454545	0.142857	0
	0.779	0.000702479	0.00136364	0.941828	0	0.000392562	0.000475207	0.142857	0
	0.78	0.000619835	0.00154959	0.941828	0	0.000392562	0.00053719	0.142857	0
	0.781	0.000557851	0.00150826	0.941667	0	0.000599174	0.000454545	0.142857	0
	0.782	0.000495868	0.00132231	0.938889	0	0.00053719	0.000557851	0.142857	0
	0.783	0.000785124	0.00132231	0.941504	0	0.00035124	0.000557851	0.153846	0
	0.784	0.000578512	0.00136364	0.938719	0	0.000516529	0.000557851	0.153846	0
	0.785	0.000743802	0.00121901	0.938719	0	0.000309917	0.000330579	0.153846	0
	0.786	0.000619835	0.00142562	0.938547	0	0.000289256	0.000640496	0.181818	0
	0.787	0.000599174	0.00154959	0.938547	0	0.000309917	0.000578512	0.181818	0
	0.788	0.000557851	0.00136364	0.938547	0	0.000413223	0.00072314	0.181818	0
	0.789	0.000681818	0.0013843	0.938375	0	0.000413223	0.000330579	0.181818	0
	0.79	0.000702479	0.00132231	0.938375	0	0.000268595	0.00053719	0.2	0
	0.791	0.000599174	0.00146694	0.935574	0	0.000371901	0.000309917	0.2	0
	0.792	0.000764463	0.00146694	0.935574	0	0.000309917	0.000413223	0.222222	0
	0.793	0.000826446	0.0013843	0.935574	0	0.000165289	0.000516529	0.222222	0
	0.794	0.000764463	0.00157025	0.935574	0	0.000330579	0.000495868	0.222222	0
	0.795	0.00072314	0.0014876	0.935574	0	0.000268595	0.000247934	0.222222	0
	0.796	0.000847107	0.00169421	0.935574	0	0.000309917	0.000495868	0.222222	0
	0.797	0.000847107	0.00121901	0.938028	0	0.000309917	0.000475207	0.222222	0
	0.798	0.000743802	0.00136364	0.938028	0	0.000247934	0.00035124	0.222222	0
	0.799	0.000867769	0.00126033	0.937853	0	0.00018595	0.000289256	0.222222	0
	0.8	0.000826446	0.00161157	0.937853	0	0.00018595	0.000433884	0.222222	0
	0.801	0.00072314	0.00134298	0.937853	0	0.000227273	0.000309917	0.222222	0
	0.802	0.000950413	0.00152893	0.94051	0	0.000165289	0.000578512	0.222222	0
	0.803	0.000929752	0.00157025	0.937677	0	0.000227273	0.000557851	0.111111	0
	0.804	0.000950413	0.00157025	0.9375	0	0.000123967	0.000413223	0.111111	0
	0.805	0.000909091	0.00171488	0.934659	0	0.000247934	0.000557851	0.111111	0
	0.806	0.000950413	0.00146694	0.934659	0	0.000103306	0.000557851	0.125	0
	0.807	0.000681818	0.00163223	0.934473	0	8.26446e-05	0.000475207	0.125	0
	0.808	0.000805785	0.00134298	0.934286	0	0.000144628	0.000454545	0.125	0
	0.809	0.0010124	0.00177686	0.931429	0	0.000123967	0.000227273	0.142857	0
	0.81	0.000929752	0.00167355	0.925714	0	6.19835e-05	0.000289256	0.142857	0
	0.811	0.0010124	0.0014876	0.922857	0	8.26446e-05	0.000392562	0.142857	0
	0.812	0.00072314	0.00136364	0.92	0	4.13223e-05	0.000578512	0.166667	0
	0.813	0.00088843	0.00169421	0.92	0	6.19835e-05	0.00053719	0.166667	0
	0.814	0.000764463	0.00140496	0.914286	0	8.26446e-05	0.000392562	0.166667	0
	0.815	0.000785124	0.00159091	0.914286	0	0.000123967	0.000371901	0.166667	0
	0.816	0.000950413	0.00132231	0.914286	0	4.13223e-05	0.000495868	0.2	0
	0.817	0.000929752	0.00190083	0.911429	0	2.06612e-05	0.000413223	0.2	0
	0.818	0.000971074	0.00165289	0.911429	0	0	0.000413223	0.2	0
	0.819	0.000805785	0.00152893	0.905714	0	0.000103306	0.000309917	0.2	0
	0.82	0.000991736	0.00154959	0.908309	0	4.13223e-05	0.000392562	0.2	0
	0.821	0.000929752	0.00157025	0.91092	0	2.06612e-05	0.000268595	0.2	0
	0.822	0.00130165	0.00154959	0.91092	0	0	0.00035124	0.2	0
	0.823	0.00103306	0.00161157	0.91092	0	2.06612e-05	0.000392562	0.2	0
	0.824	0.0010124	0.00167355	0.913545	0	4.13223e-05	0.00035124	0.2	0
	0.825	0.000991736	0.0018595	0.913545	0	6.19835e-05	0.000247934	0.2	0
	0.826	0.00146694	0.00117769	0.913545	0	2.06612e-05	0.000330579	0.25	0
	0.827	0.00109504	0.00161157	0.913545	0	0.000103306	0.00035124	0.25	0
	0.828	0.00119835	0.00181818	0.913545	0	2.06612e-05	0.000413223	0.333333	0
	0.829	0.00115702	0.00171488	0.910663	0	0	0.000516529	0.333333	0
	0.83	0.0010124	0.00169421	0.907781	0	0	0.000289256	0.333333	0
	0.831	0.00146694	0.00136364	0.907514	0	2.06612e-05	0.000516529	0.333333	0
	0.832	0.0011157	0.00198347	0.907514	0	2.06612e-05	0.000289256	0.333333	0
	0.833	0.00115702	0.00167355	0.907514	0	4.13223e-05	0.000433884	0.333333	0
	0.834	0.00128099	0.00144628	0.907514	0	6.19835e-05	0.00035124	0.5	0
	0.835	0.00132231	0.00165289	0.912791	0	2.06612e-05	0.000371901	0.5	0
	0.836	0.00142562	0.00146694	0.912791	0	2.06612e-05	0.000289256	0.5	0
	0.837	0.00123967	0.00169421	0.912536	0	4.13223e-05	0.000289256	0.5	0
	0.838	0.000847107	0.00188017	0.915205	0	6.19835e-05	0.000330579	0.5	0
	0.839	0.00126033	0.00177686	0.915205	0	0.000103306	0.000165289	0.5	0
	0.84	0.00107438	0.00157025	0.912281	0	6.19835e-05	0.000309917	0.5	0
	0.841	0.00123967	0.0017562	0.914956	0	6.19835e-05	0.000371901	0.5	0
	0.842	0.000991736	0.0014876	0.909091	0	0.000123967	0.000289256	0.5	0
	0.843	0.00123967	0.00181818	0.911504	0	0	0.000330579	0.5	0
	0.844	0.000847107	0.00179752	0.911243	0	6.19835e-05	0.000330579	0.5	0
	0.845	0.00134298	0.00150826	0.913947	0	0.000103306	0.00035124	0.5	0
	0.846	0.000867769	0.00165289	0.913947	0	4.13223e-05	0.00035124	0.5	0
	0.847	0.00128099	0.00157025	0.916667	0	0.000103306	0.000371901	0.5	0
	0.848	0.00105372	0.00165289	0.916667	0	8.26446e-05	0.000330579	0.5	0
	0.849	0.00117769	0.00167355	0.919403	0	4.13223e-05	0.00018595	0.5	0
	0.85	0.000909091	0.00159091	0.916418	0	0.000123967	0.000206612	0.5	0
	0.851	0.000847107	0.0017562	0.919162	0	4.13223e-05	0.00035124	0.5	0
	0.852	0.000805785	0.0014876	0.916168	0	6.19835e-05	0.000330579	0.5	0
	0.853	0.000826446	0.00179752	0.916168	0	0	0.00035124	0.5	0
	0.854	0.00072314	0.00173554	0.913174	0	0.000123967	0.000268595	0.5	0
	0.855	0.000929752	0.00159091	0.913174	0	4.13223e-05	0.000330579	0.5	0
	0.856	0.000764463	0.00196281	0.915916	0	0	0.00018595	0.5	0
	0.857	0.000991736	0.0018595	0.915916	0	4.13223e-05	0.000330579	0.5	0
	0.858	0.000743802	0.00163223	0.912651	0	6.19835e-05	0.000165289	0.5	0
	0.859	0.000826446	0.00190083	0.906627	0	2.06612e-05	0.000268595	0.5	0
	0.86	0.000929752	0.00169421	0.906627	0	6.19835e-05	0.000206612	0.5	0
	0.861	0.00103306	0.00157025	0.906344	0	6.19835e-05	0.00018595	0.5	0
	0.862	0.000764463	0.00165289	0.909091	0	0	0.000247934	0.5	0
	0.863	0.000991736	0.00177686	0.905775	0	0	0.000227273	0.5	0
	0.864	0.000929752	0.00142562	0.911315	0	0	0.000165289	0.5	0
	0.865	0.000950413	0.00208678	0.91358	0	2.06612e-05	0.000309917	0.5	0
	0.866	0.00103306	0.00192149	0.916149	0	2.06612e-05	0.000227273	0.5	0
	0.867	0.00103306	0.00214876	0.916149	0	0	0.000165289	0.5	0
	0.868	0.000661157	0.00173554	0.91875	0	0	0.000165289	0.5	0
	0.869	0.000971074	0.00183884	0.91875	0	0	0.00018595	0.5	0
	0.87	0.00105372	0.00179752	0.915625	0	0	0.000268595	0.5	0
	0.871	0.00105372	0.00202479	0.915625	0	0	0.000165289	0.5	0
	0.872	0.00130165	0.00188017	0.909375	0	0	0.000103306	0.5	0
	0.873	0.00107438	0.00183884	0.90625	0	0	0.00018595	0.5	0
	0.874	0.0010124	0.00152893	0.903125	0	2.06612e-05	0.000227273	0.5	0
	0.875	0.00126033	0.00202479	0.903125	0	0	0.000165289	1	0
	0.876	0.000971074	0.00179752	0.9	0	0	2.06612e-05	1	0
	0.877	0.00134298	0.00179752	0.89375	0	0	0.000165289	1	0
	0.878	0.00134298	0.00208678	0.896226	0	0	0.000165289	1	0
	0.879	0.00150826	0.00183884	0.896226	0	0	0.000165289	1	0
	0.88	0.00152893	0.0017562	0.889937	0	0	0.00018595	1	0
	0.881	0.00115702	0.00200413	0.892744	0	0	0.000165289	1	0
	0.882	0.00130165	0.00173554	0.886435	0	0	0.000165289	1	0
	0.883	0.0014876	0.00231405	0.886435	0	0	6.19835e-05	1	0
	0.884	0.00165289	0.00204545	0.876972	0	0	0.00018595	1	0
	0.885	0.00167355	0.00206612	0.879747	0	0	0.000123967	1	0
	0.886	0.00206612	0.00206612	0.88254	0	0	0.000123967	1	0
	0.887	0.0017562	0.00198347	0.879365	0	0	0.00018595	1	0
	0.888	0.00169421	0.00204545	0.875796	0	0	0.00018595	1	0
	0.889	0.00173554	0.00157025	0.872204	0	0	0.000123967	1	0
	0.89	0.00188017	0.00159091	0.86901	0	0	0.000206612	1	0
	0.891	0.00214876	0.0017562	0.871795	0	0	0.000144628	1	0
	0.892	0.00219008	0.00192149	0.871795	0	0	0.000227273	1	0
	0.893	0.00171488	0.00196281	0.862179	0	0	0.000123967	1	0
	0.894	0.00221074	0.00190083	0.846154	0	0	0.000103306	1	0
	0.895	0.00247934	0.00219008	0.839744	0	0	0.000103306	1	0
	0.896	0.00202479	0.0017562	0.833333	0	0	0.000144628	1	0
	0.897	0.0022314	0.00204545	0.836013	0	0	0.00018595	1	0
	0.898	0.0022314	0.00229339	0.832797	0	0	0.000206612	1	0
	0.899	0.00225207	0.00227273	0.832258	0	0	0.000103306	1	0
	0.9	0.00239669	0.00210744	0.831715	0	0	0.000144628	1	0
	0.901	0.00214876	0.00219008	0.834416	0	0	8.26446e-05	1	0
	0.902	0.00239669	0.00245868	0.834416	0	0	8.26446e-05	1	0
	0.903	0.00208678	0.0018595	0.837134	0	0	0.000103306	1	0
	0.904	0.00233471	0.00192149	0.830065	0	0	0.000103306	1	0
	0.905	0.0022314	0.0022314	0.832787	0	0	6.19835e-05	1	0
	0.906	0.00214876	0.00208678	0.82623	0	0	6.19835e-05	1	0
	0.907	0.0022314	0.00221074	0.819672	0	0	0.000144628	1	0
	0.908	0.00266529	0.0021281	0.822368	0	0	0.000144628	1	0
	0.909	0.00264463	0.00200413	0.817881	0	0	8.26446e-05	1	0
	0.91	0.00245868	0.00210744	0.820598	0	0	6.19835e-05	1	0
	0.911	0.00278926	0.0022314	0.823333	0	0	0.000123967	1	0
	0.912	0.00245868	0.00190083	0.825503	0	0	0.000144628	1	0
	0.913	0.0028719	0.00225207	0.828283	0	0	2.06612e-05	1	0
	0.914	0.0031405	0.00208678	0.824324	0	0	4.13223e-05	1	0
	0.915	0.00301653	0.00227273	0.829932	0	0	6.19835e-05	1	0
	0.916	0.00256198	0.00198347	0.823129	0	0	8.26446e-05	1	0
	0.917	0.00299587	0.00202479	0.821918	0	0	6.19835e-05	1	0
	0.918	0.0028719	0.00247934	0.82069	0	0	6.19835e-05	1	0
	0.919	0.00268595	0.00219008	0.817241	0	0	8.26446e-05	1	0
	0.92	0.00229339	0.00221074	0.820069	0	0	6.19835e-05	1	0
	0.921	0.00256198	0.00254132	0.816609	0	0	6.19835e-05	1	0
	0.922	0.00311983	0.00239669	0.818815	0	0	0.000103306	1	0
	0.923	0.00241736	0.00188017	0.815331	0	2.06612e-05	2.06612e-05	1	0
	0.924	0.00266529	0.00200413	0.818182	0	2.06612e-05	0.000103306	0	0
	0.925	0.00283058	0.00214876	0.814685	0	0	8.26446e-05	0	0
	0.926	0.00237603	0.00233471	0.814685	0	4.13223e-05	0.000123967	0	0
	0.927	0.00258264	0.00221074	0.826241	0	2.06612e-05	6.19835e-05	0	0
	0.928	0.00235537	0.0025	0.825623	0	2.06612e-05	2.06612e-05	0	0
	0.929	0.00229339	0.00243802	0.828571	0	2.06612e-05	0.000123967	0	0
	0.93	0.0025	0.00256198	0.824373	0	2.06612e-05	4.13223e-05	0	0
	0.931	0.00214876	0.00260331	0.82971	0	2.06612e-05	4.13223e-05	0	0
	0.932	0.00252066	0.00256198	0.835766	0	4.13223e-05	2.06612e-05	0	0
	0.933	0.0021281	0.00225207	0.824176	0	0.000103306	4.13223e-05	0	0
	0.934	0.00243802	0.00254132	0.819853	0	4.13223e-05	2.06612e-05	0	0
	0.935	0.00260331	0.0027686	0.828358	0	2.06612e-05	0.000144628	0	0
	0.936	0.00210744	0.00219008	0.822642	0	0.000103306	2.06612e-05	0	0
	0.937	0.00264463	0.00264463	0.832061	0	0.000103306	2.06612e-05	0	0
	0.938	0.0021281	0.00266529	0.831418	0	0.000123967	8.26446e-05	0	0
	0.939	0.00274793	0.00260331	0.837838	0	0.000103306	2.06612e-05	0	0
	0.94	0.00235537	0.0025	0.837209	0	0.000123967	0	0	0
	0.941	0.00245868	0.00260331	0.837209	0	0.000103306	6.19835e-05	0	0
	0.942	0.0025	0.00225207	0.843137	0	8.26446e-05	4.13223e-05	0	0
	0.943	0.00241736	0.00274793	0.835294	0	8.26446e-05	2.06612e-05	0	0
	0.944	0.00245868	0.00270661	0.835294	0	0.000103306	2.06612e-05	0	0
	0.945	0.00272727	0.00280992	0.838583	0	0.000165289	0	0	0
	0.946	0.00254132	0.00262397	0.833992	0	0.000103306	2.06612e-05	0	0
	0.947	0.00243802	0.00239669	0.832	0	0.000103306	2.06612e-05	0	0
	0.948	0.00237603	0.00243802	0.828	0	2.06612e-05	4.13223e-05	0	0
	0.949	0.00210744	0.00283058	0.823293	0	6.19835e-05	2.06612e-05	0	0
	0.95	0.00291322	0.00272727	0.815261	0	0	2.06612e-05	0	0
	0.951	0.00256198	0.00303719	0.828571	0	6.19835e-05	0	0	0
	0.952	0.00262397	0.00334711	0.823045	0	8.26446e-05	0	0	0
	0.953	0.00247934	0.00291322	0.822314	0	4.13223e-05	0	0	0
	0.954	0.00260331	0.0035124	0.813278	0	0	2.06612e-05	0	0
	0.955	0.0028719	0.00316116	0.804167	0	2.06612e-05	0	0	0
	0.956	0.00270661	0.00338843	0.803347	0	2.06612e-05	0	0	0
	0.957	0.00245868	0.00316116	0.805907	0	2.06612e-05	0	0	0
	0.958	0.00280992	0.00373967	0.792373	0	2.06612e-05	0	0	0
	0.959	0.00336777	0.00357438	0.783898	0	2.06612e-05	0	0	0
	0.96	0.00373967	0.00363636	0.782979	0	0	0	0	0
	0.961	0.00316116	0.00340909	0.774468	0	0	4.13223e-05	0	0
	0.962	0.00336777	0.00328512	0.774468	0	0	6.19835e-05	0	0
	0.963	0.00330579	0.00373967	0.780172	0	0	0	0	0
	0.964	0.0036157	0.00371901	0.779221	0	0	4.13223e-05	0	0
	0.965	0.00347107	0.0039876	0.785088	0	0	0	0	0
	0.966	0.00342975	0.0032438	0.777778	0	0	2.06612e-05	0	0
	0.967	0.00402893	0.00392562	0.776786	0	0	0	0	0
	0.968	0.00415289	0.0046281	0.77027	0	0	2.06612e-05	0	0
	0.969	0.00471074	0.00444215	0.77027	0	0	0	0	0
	0.97	0.0038843	0.00442149	0.763636	0	0	0	0	0
	0.971	0.00413223	0.00423554	0.754545	0	0	2.06612e-05	0	0
	0.972	0.00427686	0.00466942	0.75	0	0	0	0	0
	0.973	0.00419421	0.00392562	0.732719	0	0	0	0	0
	0.974	0.00444215	0.00448347	0.714953	0	0	0	0	0
	0.975	0.00448347	0.00431818	0.706161	0	0	0	0	0
	0.976	0.00429752	0.00487603	0.666667	0	0	0	0	0
	0.977	0.00506198	0.0056405	0.642512	0	0	0	0	0
	0.978	0.00580579	0.005	0.617647	0	0	0	0	0
	0.979	0.00646694	0.00489669	0.593137	0	0	0	0	0
	0.98	0.00698347	0.00599174	0.564356	0	0	0	0	0
	0.981	0.0082438	0.00555785	0.542714	0	0	0	0	0
	0.982	0.00944215	0.00584711	0.536082	0	0	2.06612e-05	0	0
	0.983	0.011343	0.00592975	0.510417	0	0	0	0	0
	0.984	0.0115496	0.0067562	0.492063	0	0	0	0	0
	0.985	0.0129545	0.00650826	0.481283	0	0	0	0	0
	0.986	0.0134917	0.00663223	0.445652	0	0	0	0	0
	0.987	0.0144835	0.00747934	0.395604	0	0	0	0	0
	0.988	0.015124	0.00652893	0.374302	0	0	0	0	0
	0.989	0.0172727	0.00642562	0.342697	0	0	0	0	0
	0.99	0.0159298	0.00667355	0.325714	0	0	0	0	0
	0.991	0.0174174	0.0071281	0.291667	0	0	0	0	0
	0.992	0.0167769	0.00716942	0.254545	0	0	0	0	0
	0.993	0.0190702	0.0064876	0.194969	0	0	0	0	0
	0.994	0.0209091	0.00588843	0.168919	0	0	0	0	0
	0.995	0.0229132	0.00566116	0.136691	0	0	0	0	0
	0.996	0.0236983	0.00516529	0.097561	0	0	0	0	0
	0.997	0.0262603	0.00448347	0.0535714	0	0	0	0	0
	0.998	0.0259091	0.00369835	0.0204082	0	0	0	0	0
	0.999	0.0252273	0.00204545	0	0	0	0	0	0
	1	0.0198967	0.00150826	0	0	0	0	0	0


#	yrange	sparsity	# links	zeta	support at cross	fraction FP	support at cross2	fraction FP2
	0	0	0	0.00522085	0.977	0.362955	0.977	0.362955
	0.03	0	0	0.00522085	0.977	0.362955	0.977	0.362955
