#	Frequencies and overlap
#	bins	MYC	shuffle	overlap_MYC	overlap_shuffle	SIGN_MYC	SIGNshuffle	SIGNoverlap_MYC	SIGNoverlap_shuffle
	0	0	2.06612e-05	1	1	0.428574	0.408512	0.650602	0
	0.001	0	0	1	0.997934	0	0	0.650602	0
	0.002	0	0	1	0.997934	0	0	0.650602	0
	0.003	0	0	1	0.997934	0	0	0.650602	0
	0.004	0	4.13223e-05	1	0.997934	0	2.06612e-05	0.650602	0
	0.005	0	4.13223e-05	1	0.993802	0	6.19835e-05	0.650602	0
	0.006	0	2.06612e-05	1	0.989669	2.06612e-05	2.06612e-05	0.650602	0
	0.007	0	4.13223e-05	1	0.987603	0.000123967	0.00018595	0.650602	0
	0.008	0	2.06612e-05	1	0.983471	0.000123967	8.26446e-05	0.650602	0
	0.009	0	8.26446e-05	1	0.983471	6.19835e-05	0.000103306	0.650602	0
	0.01	4.13223e-05	8.26446e-05	1	0.977273	0.000227273	0.000103306	0.650602	0
	0.011	6.19835e-05	0.000123967	0.995868	0.97314	0.000247934	0.000123967	0.650602	0
	0.012	6.19835e-05	0	0.995868	0.966942	0.000309917	0.000123967	0.650602	0
	0.013	0.000144628	0.000103306	0.995868	0.966942	0.000309917	0.000103306	0.650602	0
	0.014	6.19835e-05	0.000144628	0.995868	0.956612	0.000330579	0.000103306	0.650602	0
	0.015	0.000123967	8.26446e-05	0.995868	0.946281	0.000247934	0.000123967	0.650602	0
	0.016	0.000165289	0.000123967	0.995868	0.942149	0.00018595	0.000144628	0.650602	0
	0.017	0.000268595	8.26446e-05	0.995868	0.931818	0.000165289	0.000165289	0.650602	0
	0.018	0.000206612	0.000144628	0.995868	0.92562	0.00018595	0.000123967	0.652568	0
	0.019	0.000433884	0.000103306	0.995868	0.921488	6.19835e-05	0.00018595	0.652568	0
	0.02	0.000289256	0.000206612	0.995868	0.915289	0.000206612	0.000103306	0.654545	0
	0.021	0.000413223	0.00018595	0.995868	0.904959	0.000144628	0.00018595	0.654545	0
	0.022	0.000206612	0.000123967	0.995868	0.894628	0.000144628	0.000144628	0.654545	0
	0.023	0.000289256	0.00018595	0.995868	0.892562	8.26446e-05	0.000144628	0.654545	0
	0.024	0.000206612	0.00018595	0.995868	0.886364	8.26446e-05	0.00018595	0.654545	0
	0.025	0.000247934	0.000103306	0.995868	0.882231	0.000227273	0.000227273	0.654545	0
	0.026	0.000123967	0.000144628	0.993802	0.878099	0.000165289	0.000144628	0.654545	0
	0.027	0.00035124	0.000144628	0.993802	0.871901	0.000165289	0.000103306	0.654545	0
	0.028	0.000144628	0.000206612	0.995859	0.863636	0.000144628	0.000309917	0.654545	0
	0.029	0.000103306	0.000227273	0.995859	0.855372	0.00018595	0.000247934	0.654545	0
	0.03	0.000123967	0.000206612	0.995859	0.85124	0.000206612	0.000206612	0.654545	0
	0.031	6.19835e-05	0.000165289	0.995859	0.842975	0.000206612	0.00018595	0.654545	0
	0.032	0.00018595	0.000206612	0.995859	0.838843	0.00018595	0.000227273	0.654545	0
	0.033	4.13223e-05	0.000247934	0.995859	0.836777	0.000227273	0.000289256	0.656535	0
	0.034	8.26446e-05	0.000206612	0.995859	0.830579	0.00035124	0.000289256	0.656535	0
	0.035	0.000206612	0.000289256	0.995859	0.822314	0.00035124	0.000289256	0.656535	0
	0.036	0.000144628	0.000206612	0.993789	0.81405	0.000247934	0.000289256	0.658537	0
	0.037	8.26446e-05	0.000268595	0.993789	0.809917	0.000165289	0.000227273	0.658537	0
	0.038	0.000165289	0.000144628	0.993789	0.803719	0.000309917	0.000309917	0.658537	0
	0.039	0.000206612	0.000144628	0.993789	0.799587	0.000289256	0.000289256	0.658537	0
	0.04	8.26446e-05	0.000206612	0.993789	0.797521	0.000309917	0.000206612	0.658537	0
	0.041	0.000144628	0.000309917	0.995851	0.789256	0.000165289	0.000309917	0.658537	0
	0.042	0.000123967	0.000268595	0.993776	0.785124	0.000144628	0.000371901	0.66055	0
	0.043	0.000144628	0.000371901	0.993776	0.77686	0.000309917	0.000227273	0.66055	0
	0.044	8.26446e-05	0.000123967	0.993776	0.764463	0.000330579	0.00035124	0.66055	0
	0.045	0.000289256	0.000289256	0.991701	0.758264	0.000309917	0.000268595	0.66055	0
	0.046	0.000268595	0.000433884	0.989627	0.752066	0.000330579	0.000330579	0.662577	0
	0.047	0.000103306	0.000289256	0.989627	0.743802	0.000206612	0.000371901	0.662577	0
	0.048	0.000247934	0.000247934	0.989627	0.737603	0.000206612	0.00035124	0.662577	0
	0.049	0.00018595	0.000144628	0.987552	0.725207	0.000227273	0.000309917	0.662577	0
	0.05	0.000330579	0.000268595	0.987552	0.719008	0.000268595	0.000413223	0.661538	0
	0.051	0.000268595	0.000309917	0.985477	0.714876	0.000227273	0.00035124	0.66358	0
	0.052	0.000268595	0.000227273	0.985477	0.710744	0.00035124	0.000392562	0.667702	0
	0.053	0.00035124	0.000227273	0.985477	0.706612	0.000289256	0.00035124	0.667702	0
	0.054	0.000247934	0.000268595	0.987526	0.702479	0.00018595	0.000371901	0.667702	0
	0.055	0.000557851	0.00035124	0.987526	0.696281	0.000227273	0.000309917	0.667702	0
	0.056	0.000330579	0.000309917	0.987526	0.68595	0.000309917	0.000371901	0.669782	0
	0.057	0.000268595	0.000371901	0.987526	0.677686	0.000165289	0.000289256	0.669782	0
	0.058	0.000495868	0.00035124	0.987526	0.665289	0.000268595	0.000599174	0.669782	0
	0.059	0.000516529	0.000330579	0.987526	0.659091	0.000123967	0.000371901	0.671875	0
	0.06	0.000516529	0.000392562	0.985447	0.650826	0.000392562	0.000475207	0.671875	0
	0.061	0.000454545	0.000330579	0.985447	0.644628	0.000289256	0.000309917	0.671875	0
	0.062	0.000454545	0.000433884	0.983368	0.63843	0.000392562	0.000392562	0.671875	0
	0.063	0.000413223	0.00035124	0.983368	0.630165	0.000227273	0.000557851	0.671875	0
	0.064	0.00035124	0.000330579	0.983368	0.628099	0.00018595	0.000557851	0.676101	0
	0.065	0.000516529	0.000392562	0.983368	0.619835	0.000516529	0.000433884	0.676101	0
	0.066	0.00053719	0.000330579	0.983368	0.617769	0.000268595	0.000268595	0.676101	0
	0.067	0.00035124	0.000392562	0.983368	0.615702	0.000247934	0.000309917	0.676101	0
	0.068	0.000475207	0.000392562	0.983368	0.61157	0.000330579	0.000330579	0.676101	0
	0.069	0.000475207	0.000330579	0.983368	0.605372	0.000309917	0.000619835	0.676101	0
	0.07	0.000330579	0.000433884	0.981289	0.599174	0.000289256	0.000371901	0.676101	0
	0.071	0.000516529	0.000495868	0.981289	0.590909	0.000227273	0.000475207	0.676101	0
	0.072	0.000640496	0.000413223	0.981289	0.580579	0.000247934	0.000495868	0.676101	0
	0.073	0.000413223	0.000413223	0.97921	0.57438	0.000227273	0.00053719	0.676101	0
	0.074	0.000454545	0.000454545	0.977131	0.568182	0.00018595	0.000599174	0.676101	0
	0.075	0.000309917	0.000247934	0.977083	0.561983	0.000165289	0.000681818	0.676101	0
	0.076	0.000330579	0.000433884	0.977083	0.561983	0.000144628	0.00072314	0.676101	0
	0.077	0.000454545	0.000309917	0.979123	0.549587	0.000289256	0.000495868	0.676101	0
	0.078	0.000289256	0.000309917	0.979123	0.541322	0.000247934	0.00053719	0.676101	0
	0.079	0.000330579	0.000309917	0.979123	0.541322	0.000103306	0.000371901	0.676101	0
	0.08	0.000330579	0.000475207	0.979123	0.535124	2.06612e-05	0.000454545	0.676101	0
	0.081	0.000454545	0.000413223	0.979123	0.520661	0.000123967	0.000413223	0.676101	0
	0.082	0.000516529	0.000475207	0.979123	0.516529	0.000103306	0.000578512	0.676101	0
	0.083	0.000330579	0.000433884	0.977035	0.512397	0.000144628	0.000785124	0.672956	0
	0.084	0.000392562	0.000433884	0.979079	0.504132	0.00018595	0.000785124	0.669811	0
	0.085	0.000578512	0.000371901	0.979079	0.497934	8.26446e-05	0.000433884	0.674051	0
	0.086	0.000475207	0.000392562	0.979079	0.493802	0.000123967	0.00072314	0.674051	0
	0.087	0.000433884	0.000433884	0.981132	0.489669	0.000103306	0.000557851	0.674051	0
	0.088	0.000433884	0.000475207	0.981132	0.485537	0.000330579	0.00035124	0.670886	0
	0.089	0.000433884	0.000309917	0.981132	0.475207	0.00018595	0.000516529	0.673016	0
	0.09	0.000640496	0.000475207	0.979036	0.47314	0.000123967	0.000495868	0.673016	0
	0.091	0.000516529	0.000454545	0.981092	0.46281	4.13223e-05	0.000619835	0.673016	0
	0.092	0.000516529	0.000454545	0.981092	0.456612	0.00018595	0.000454545	0.673016	0
	0.093	0.000413223	0.00035124	0.978992	0.454545	6.19835e-05	0.000909091	0.671975	0
	0.094	0.00035124	0.000433884	0.978992	0.446281	0.000165289	0.000578512	0.671975	0
	0.095	0.000557851	0.000433884	0.978992	0.438017	0.000165289	0.000619835	0.671975	0
	0.096	0.00053719	0.000495868	0.981053	0.427686	0.000123967	0.000557851	0.671975	0
	0.097	0.000599174	0.000578512	0.981053	0.421488	0.000289256	0.000681818	0.671975	0
	0.098	0.000640496	0.000495868	0.981053	0.411157	0.000289256	0.000764463	0.66879	0
	0.099	0.000578512	0.000392562	0.981053	0.409091	0.000268595	0.000702479	0.66242	0
	0.1	0.000557851	0.000454545	0.981053	0.402893	0.000289256	0.00053719	0.66242	0
	0.101	0.00035124	0.000516529	0.981053	0.396694	0.000309917	0.000433884	0.66242	0
	0.102	0.000289256	0.000495868	0.981053	0.386364	0.000330579	0.000557851	0.66242	0
	0.103	0.00053719	0.000413223	0.981053	0.380165	0.000413223	0.000785124	0.66242	0
	0.104	0.000413223	0.000454545	0.981053	0.376033	0.000268595	0.000433884	0.656051	0
	0.105	0.000309917	0.000516529	0.981053	0.371901	0.000454545	0.000619835	0.656051	0
	0.106	0.000433884	0.000619835	0.981053	0.369835	0.000454545	0.000785124	0.656051	0
	0.107	0.00035124	0.000495868	0.978947	0.365702	0.000702479	0.00072314	0.656051	0
	0.108	0.000454545	0.000578512	0.978947	0.36157	0.000413223	0.000599174	0.656051	0
	0.109	0.000475207	0.000578512	0.981013	0.357438	0.000661157	0.000847107	0.658147	0
	0.11	0.000330579	0.000475207	0.981013	0.340909	0.000516529	0.000681818	0.654952	0
	0.111	0.000371901	0.000392562	0.981013	0.338843	0.000619835	0.000599174	0.651757	0
	0.112	0.00035124	0.000619835	0.983087	0.330579	0.000847107	0.000702479	0.651757	0
	0.113	0.000433884	0.000619835	0.985169	0.326446	0.000805785	0.000619835	0.651757	0
	0.114	0.000309917	0.000743802	0.983051	0.318182	0.000619835	0.000557851	0.651757	0
	0.115	0.000433884	0.000557851	0.983051	0.318182	0.000743802	0.000640496	0.651757	0
	0.116	0.000495868	0.000785124	0.983051	0.307851	0.000702479	0.000681818	0.651757	0
	0.117	0.000289256	0.000619835	0.985138	0.305785	0.000826446	0.000702479	0.651757	0
	0.118	0.000413223	0.000516529	0.985138	0.289256	0.000743802	0.000743802	0.648562	0
	0.119	0.000309917	0.000785124	0.985138	0.28719	0.000681818	0.000661157	0.648562	0
	0.12	0.000330579	0.000454545	0.983015	0.274793	0.000909091	0.000764463	0.648562	0
	0.121	0.000227273	0.000640496	0.983015	0.274793	0.00107438	0.000909091	0.648562	0
	0.122	0.00035124	0.000599174	0.983015	0.270661	0.000764463	0.000805785	0.650641	0
	0.123	0.000371901	0.000495868	0.983015	0.266529	0.000640496	0.000681818	0.650641	0
	0.124	0.000165289	0.000702479	0.978769	0.264463	0.000971074	0.000661157	0.650641	0
	0.125	0.000206612	0.000743802	0.980851	0.256198	0.000805785	0.000764463	0.650641	0
	0.126	0.000144628	0.000599174	0.982942	0.252066	0.00109504	0.00103306	0.650641	0
	0.127	0.000206612	0.000640496	0.982942	0.247934	0.000661157	0.000640496	0.647436	0
	0.128	0.000227273	0.000578512	0.98081	0.235537	0.000805785	0.000826446	0.649518	0
	0.129	0.000103306	0.000371901	0.98081	0.231405	0.000805785	0.000681818	0.649518	0
	0.13	0.00018595	0.000826446	0.98081	0.227273	0.000640496	0.000764463	0.653722	0
	0.131	0.000123967	0.000599174	0.982906	0.219008	0.000950413	0.00072314	0.653722	0
	0.132	0.00018595	0.000557851	0.982906	0.214876	0.000681818	0.000867769	0.655844	0
	0.133	0.000206612	0.000599174	0.978632	0.214876	0.000743802	0.000785124	0.655844	0
	0.134	8.26446e-05	0.000578512	0.978632	0.208678	0.000619835	0.000764463	0.655844	0
	0.135	0.000165289	0.000495868	0.978632	0.206612	0.000557851	0.000785124	0.655844	0
	0.136	0.000247934	0.000909091	0.978632	0.204545	0.00072314	0.000702479	0.655844	0
	0.137	0.00018595	0.000743802	0.978632	0.204545	0.000702479	0.000764463	0.655844	0
	0.138	0.000309917	0.000557851	0.980728	0.198347	0.000826446	0.000805785	0.655844	0
	0.139	0.000309917	0.000785124	0.978587	0.198347	0.000826446	0.000805785	0.65798	0
	0.14	0.000206612	0.000681818	0.978587	0.192149	0.000805785	0.000847107	0.65798	0
	0.141	0.000392562	0.000309917	0.978587	0.190083	0.000557851	0.00088843	0.65798	0
	0.142	0.000454545	0.000702479	0.978587	0.188017	0.000826446	0.000971074	0.65798	0
	0.143	0.000309917	0.000640496	0.978587	0.188017	0.000661157	0.000743802	0.662295	0
	0.144	0.00035124	0.000702479	0.978587	0.18595	0.000578512	0.000764463	0.662295	0
	0.145	0.000289256	0.000557851	0.980687	0.183884	0.000557851	0.00103306	0.664474	0
	0.146	0.000516529	0.000640496	0.980687	0.181818	0.000826446	0.000991736	0.664474	0
	0.147	0.000330579	0.000681818	0.980687	0.177686	0.000743802	0.000702479	0.666667	0
	0.148	0.000289256	0.000785124	0.980687	0.173554	0.000661157	0.000826446	0.666667	0
	0.149	0.000661157	0.000702479	0.980687	0.171488	0.000785124	0.00088843	0.666667	0
	0.15	0.000413223	0.000475207	0.982796	0.167355	0.000454545	0.000971074	0.666667	0
	0.151	0.000557851	0.000661157	0.982796	0.165289	0.00072314	0.000991736	0.666667	0
	0.152	0.000392562	0.000640496	0.982796	0.161157	0.00103306	0.000867769	0.663366	0
	0.153	0.000495868	0.000743802	0.982796	0.157025	0.000619835	0.00103306	0.665563	0
	0.154	0.000413223	0.000619835	0.982796	0.157025	0.000805785	0.00088843	0.665563	0
	0.155	0.000516529	0.000867769	0.982796	0.154959	0.000619835	0.00088843	0.665563	0
	0.156	0.000330579	0.000599174	0.982796	0.154959	0.000619835	0.000867769	0.667774	0
	0.157	0.000413223	0.000867769	0.980645	0.150826	0.00053719	0.000764463	0.666667	0
	0.158	0.00053719	0.000640496	0.980645	0.146694	0.000433884	0.000785124	0.666667	0
	0.159	0.000371901	0.000805785	0.980645	0.142562	0.000764463	0.0010124	0.668896	0
	0.16	0.00035124	0.000702479	0.980645	0.136364	0.000454545	0.000909091	0.671141	0
	0.161	0.000413223	0.000495868	0.980645	0.134298	0.000475207	0.000847107	0.673401	0
	0.162	0.000413223	0.00072314	0.980645	0.132231	0.000392562	0.00088843	0.673401	0
	0.163	0.000454545	0.000681818	0.980645	0.130165	0.000227273	0.00103306	0.673401	0
	0.164	0.000289256	0.000929752	0.978495	0.130165	0.000516529	0.0011157	0.673401	0
	0.165	0.000640496	0.000599174	0.976344	0.123967	0.000433884	0.000867769	0.675676	0
	0.166	0.000578512	0.000681818	0.976344	0.123967	0.000433884	0.000805785	0.675676	0
	0.167	0.000206612	0.000475207	0.974194	0.115702	0.000289256	0.00130165	0.677966	0
	0.168	0.000392562	0.000702479	0.974138	0.11157	0.00018595	0.0010124	0.677966	0
	0.169	0.000309917	0.000785124	0.974138	0.11157	0.000309917	0.0010124	0.680272	0
	0.17	0.000309917	0.000640496	0.974138	0.11157	0.000309917	0.000991736	0.676871	0
	0.171	0.000330579	0.000743802	0.974138	0.109504	0.000123967	0.000867769	0.676871	0
	0.172	0.000371901	0.000743802	0.974138	0.105372	0.000247934	0.00105372	0.679181	0
	0.173	0.00035124	0.00072314	0.976242	0.103306	0.000206612	0.000950413	0.681507	0
	0.174	0.000206612	0.000867769	0.976242	0.10124	0.000206612	0.00107438	0.683849	0
	0.175	0.000330579	0.00088843	0.976242	0.0950413	0.000206612	0.00117769	0.683849	0
	0.176	0.000289256	0.000764463	0.976242	0.0929752	0.00018595	0.00121901	0.683849	0
	0.177	0.000330579	0.000661157	0.976242	0.0909091	0.000289256	0.00103306	0.683849	0
	0.178	0.000371901	0.000619835	0.974082	0.088843	0.000268595	0.0011157	0.686207	0
	0.179	0.000309917	0.000950413	0.974082	0.0867769	0.000413223	0.0011157	0.686207	0
	0.18	0.000309917	0.000867769	0.97619	0.0867769	0.000309917	0.000867769	0.688581	0
	0.181	0.000309917	0.000909091	0.974026	0.0847107	0.000268595	0.0010124	0.685121	0
	0.182	0.000392562	0.00088843	0.974026	0.0847107	0.000454545	0.000805785	0.6875	0
	0.183	0.000392562	0.000847107	0.971861	0.0826446	0.000289256	0.00109504	0.6875	0
	0.184	0.000206612	0.000702479	0.969697	0.0785124	0.000392562	0.0011157	0.689895	0
	0.185	0.000330579	0.000826446	0.969697	0.0785124	0.00035124	0.00117769	0.692308	0
	0.186	0.000371901	0.000640496	0.969697	0.072314	0.000309917	0.00113636	0.691228	0
	0.187	0.000309917	0.000661157	0.967532	0.0702479	0.000371901	0.000909091	0.693662	0
	0.188	0.000330579	0.000764463	0.967532	0.0702479	0.000247934	0.00113636	0.696113	0
	0.189	0.000392562	0.000743802	0.969631	0.0702479	0.000247934	0.00109504	0.696113	0
	0.19	0.000309917	0.000971074	0.969631	0.0702479	0.000289256	0.000867769	0.696113	0
	0.191	0.000433884	0.0010124	0.971739	0.0702479	0.000392562	0.000971074	0.696113	0
	0.192	0.000413223	0.000847107	0.971739	0.0681818	0.00018595	0.00126033	0.69258	0
	0.193	0.000433884	0.000702479	0.973856	0.0640496	0.000433884	0.0011157	0.69258	0
	0.194	0.000330579	0.000950413	0.973856	0.0619835	0.000247934	0.0011157	0.69258	0
	0.195	0.000599174	0.00072314	0.973856	0.0599174	0.000289256	0.00117769	0.69258	0
	0.196	0.000433884	0.000826446	0.973799	0.0599174	0.000557851	0.000847107	0.69258	0
	0.197	0.000619835	0.000702479	0.973799	0.0578512	0.000599174	0.000950413	0.69258	0
	0.198	0.00053719	0.000847107	0.97593	0.0557851	0.000454545	0.00115702	0.689046	0
	0.199	0.000495868	0.000805785	0.973742	0.0557851	0.000516529	0.000950413	0.689046	0
	0.2	0.000433884	0.000743802	0.969365	0.0557851	0.000392562	0.00121901	0.681979	0
	0.201	0.000454545	0.000805785	0.969365	0.0557851	0.000599174	0.00117769	0.678445	0
	0.202	0.000557851	0.000764463	0.967177	0.0557851	0.000516529	0.000805785	0.678445	0
	0.203	0.000557851	0.000764463	0.967177	0.0557851	0.000495868	0.00126033	0.678445	0
	0.204	0.000454545	0.000661157	0.967177	0.0557851	0.000640496	0.00123967	0.678445	0
	0.205	0.00053719	0.000929752	0.967177	0.0557851	0.000578512	0.000991736	0.678445	0
	0.206	0.000454545	0.000847107	0.967177	0.0557851	0.000475207	0.000991736	0.678445	0
	0.207	0.000413223	0.000929752	0.967177	0.0557851	0.000309917	0.00103306	0.678445	0
	0.208	0.000702479	0.000743802	0.967177	0.0557851	0.000640496	0.000847107	0.678445	0
	0.209	0.000681818	0.000909091	0.964989	0.0557851	0.000743802	0.00105372	0.678445	0
	0.21	0.000681818	0.000950413	0.964989	0.0557851	0.00072314	0.00128099	0.671378	0
	0.211	0.000413223	0.00088843	0.962801	0.0557851	0.000805785	0.000929752	0.671378	0
	0.212	0.000557851	0.000826446	0.960613	0.0557851	0.000764463	0.000826446	0.667845	0
	0.213	0.000640496	0.000661157	0.960613	0.053719	0.000661157	0.00142562	0.667845	0
	0.214	0.000619835	0.000743802	0.960613	0.053719	0.000557851	0.000867769	0.667845	0
	0.215	0.000702479	0.000929752	0.958425	0.053719	0.00053719	0.000929752	0.670213	0
	0.216	0.000785124	0.00105372	0.958425	0.053719	0.000826446	0.00109504	0.672598	0
	0.217	0.00072314	0.0011157	0.956236	0.053719	0.000702479	0.00107438	0.669039	0
	0.218	0.000599174	0.000950413	0.956236	0.053719	0.000805785	0.00123967	0.667857	0
	0.219	0.000991736	0.000764463	0.956236	0.053719	0.000743802	0.00113636	0.667857	0
	0.22	0.00072314	0.000785124	0.954048	0.053719	0.000826446	0.000909091	0.667857	0
	0.221	0.000495868	0.000743802	0.954048	0.053719	0.000702479	0.00117769	0.667857	0
	0.222	0.000743802	0.000785124	0.954048	0.053719	0.000764463	0.000929752	0.667857	0
	0.223	0.000805785	0.000909091	0.954048	0.053719	0.000971074	0.0010124	0.664286	0
	0.224	0.000599174	0.00113636	0.954048	0.053719	0.00103306	0.00119835	0.664286	0
	0.225	0.000619835	0.000950413	0.95614	0.053719	0.000640496	0.00109504	0.657143	0
	0.226	0.00053719	0.000909091	0.95614	0.053719	0.00072314	0.000909091	0.659498	0
	0.227	0.000516529	0.000847107	0.95614	0.053719	0.00072314	0.00121901	0.655914	0
	0.228	0.00072314	0.000909091	0.958242	0.0516529	0.000867769	0.00109504	0.655914	0
	0.229	0.000516529	0.000805785	0.958242	0.0495868	0.00103306	0.00103306	0.658273	0
	0.23	0.000785124	0.000785124	0.958242	0.0495868	0.000599174	0.00113636	0.66065	0
	0.231	0.000516529	0.000991736	0.958242	0.0475207	0.000702479	0.0011157	0.663043	0
	0.232	0.000578512	0.000805785	0.960352	0.0475207	0.00103306	0.000971074	0.663043	0
	0.233	0.000743802	0.000929752	0.960352	0.0475207	0.000867769	0.0010124	0.663043	0
	0.234	0.000557851	0.000929752	0.95815	0.0475207	0.00113636	0.00123967	0.663043	0
	0.235	0.000516529	0.00103306	0.95815	0.0454545	0.00107438	0.0011157	0.663043	0
	0.236	0.000599174	0.00105372	0.95815	0.0454545	0.00088843	0.00126033	0.663043	0
	0.237	0.000557851	0.000991736	0.95815	0.0454545	0.00109504	0.00113636	0.663043	0
	0.238	0.000516529	0.000909091	0.95815	0.0433884	0.00103306	0.0010124	0.663043	0
	0.239	0.000785124	0.00121901	0.95815	0.0433884	0.000805785	0.000950413	0.665455	0
	0.24	0.000413223	0.000640496	0.962389	0.0433884	0.000661157	0.00103306	0.667883	0
	0.241	0.00053719	0.00107438	0.962389	0.0433884	0.000826446	0.00107438	0.667883	0
	0.242	0.000516529	0.00128099	0.962306	0.0413223	0.000516529	0.00126033	0.664234	0
	0.243	0.000454545	0.000991736	0.962222	0.0413223	0.00072314	0.0010124	0.664234	0
	0.244	0.000495868	0.000991736	0.962222	0.0413223	0.00088843	0.000929752	0.664234	0
	0.245	0.000495868	0.00115702	0.962222	0.0413223	0.00072314	0.000971074	0.660584	0
	0.246	0.000413223	0.000929752	0.962222	0.0413223	0.000929752	0.00109504	0.665441	0
	0.247	0.000495868	0.00109504	0.962222	0.0413223	0.000867769	0.000847107	0.665441	0
	0.248	0.000413223	0.00121901	0.96	0.0413223	0.000867769	0.00117769	0.665441	0
	0.249	0.000599174	0.00107438	0.96	0.0413223	0.000764463	0.00072314	0.665441	0
	0.25	0.000454545	0.00103306	0.96	0.0413223	0.00107438	0.000971074	0.667897	0
	0.251	0.000495868	0.000826446	0.96	0.0413223	0.000640496	0.00103306	0.675373	0
	0.252	0.000454545	0.000971074	0.964286	0.0413223	0.000743802	0.000991736	0.675373	0
	0.253	0.000433884	0.0010124	0.962054	0.0413223	0.000785124	0.0010124	0.675373	0
	0.254	0.000433884	0.00146694	0.964206	0.0392562	0.000826446	0.00109504	0.671642	0
	0.255	0.000495868	0.000950413	0.964206	0.0392562	0.000805785	0.00109504	0.674157	0
	0.256	0.000454545	0.0011157	0.961969	0.0392562	0.000578512	0.00107438	0.670412	0
	0.257	0.000433884	0.000929752	0.964126	0.0371901	0.000578512	0.00119835	0.672932	0
	0.258	0.000516529	0.00117769	0.961883	0.0371901	0.000764463	0.00115702	0.669173	0
	0.259	0.000413223	0.00105372	0.961798	0.0371901	0.000681818	0.00088843	0.671698	0
	0.26	0.000433884	0.000971074	0.959551	0.0330579	0.000909091	0.0010124	0.671698	0
	0.261	0.00035124	0.00130165	0.961712	0.0330579	0.000785124	0.00107438	0.671698	0
	0.262	0.000309917	0.000929752	0.961712	0.0330579	0.00103306	0.0011157	0.667925	0
	0.263	0.000413223	0.0010124	0.961712	0.0330579	0.000681818	0.00113636	0.667925	0
	0.264	0.000475207	0.00107438	0.961712	0.0330579	0.000681818	0.00113636	0.667925	0
	0.265	0.000433884	0.00126033	0.959459	0.0309917	0.000764463	0.00117769	0.664151	0
	0.266	0.000433884	0.000950413	0.959459	0.0289256	0.00053719	0.000950413	0.671756	0
	0.267	0.000495868	0.0013843	0.961625	0.0289256	0.000557851	0.00088843	0.67433	0
	0.268	0.000330579	0.00113636	0.961625	0.0289256	0.00072314	0.00128099	0.67433	0
	0.269	0.000413223	0.00113636	0.961625	0.0289256	0.000599174	0.00126033	0.676923	0
	0.27	0.000640496	0.00115702	0.963801	0.0289256	0.000764463	0.00113636	0.676923	0
	0.271	0.000289256	0.00119835	0.959276	0.0289256	0.000599174	0.00109504	0.676923	0
	0.272	0.000640496	0.00121901	0.959276	0.0289256	0.000578512	0.000826446	0.676923	0
	0.273	0.000475207	0.00115702	0.957014	0.0289256	0.00053719	0.00107438	0.676923	0
	0.274	0.000619835	0.00159091	0.957014	0.0289256	0.000929752	0.000991736	0.682171	0
	0.275	0.000619835	0.00130165	0.957014	0.0289256	0.000661157	0.00115702	0.684825	0
	0.276	0.000433884	0.000785124	0.957014	0.0289256	0.000619835	0.000950413	0.6875	0
	0.277	0.000330579	0.00115702	0.957014	0.0289256	0.000681818	0.000950413	0.6875	0
	0.278	0.000702479	0.00132231	0.961364	0.0289256	0.000826446	0.000950413	0.683594	0
	0.279	0.000661157	0.00109504	0.956818	0.0268595	0.000516529	0.00088843	0.683594	0
	0.28	0.00088843	0.00132231	0.956818	0.0268595	0.000516529	0.00140496	0.682353	0
	0.281	0.000516529	0.00161157	0.958998	0.0268595	0.000578512	0.0010124	0.682353	0
	0.282	0.00035124	0.00121901	0.954442	0.0268595	0.000557851	0.00103306	0.682353	0
	0.283	0.000268595	0.0011157	0.956621	0.0268595	0.000640496	0.00113636	0.685039	0
	0.284	0.000495868	0.00115702	0.956621	0.0268595	0.000578512	0.00105372	0.687747	0
	0.285	0.000516529	0.00136364	0.956621	0.0268595	0.000640496	0.00117769	0.683794	0
	0.286	0.00053719	0.00136364	0.956621	0.0268595	0.000640496	0.00132231	0.683794	0
	0.287	0.000702479	0.00142562	0.956621	0.0268595	0.000309917	0.000826446	0.686508	0
	0.288	0.000516529	0.00128099	0.95881	0.0247934	0.00035124	0.000805785	0.689243	0
	0.289	0.00053719	0.00144628	0.95881	0.0247934	0.000805785	0.000909091	0.689243	0
	0.29	0.000702479	0.0013843	0.95881	0.0247934	0.000371901	0.000847107	0.694779	0
	0.291	0.000516529	0.00128099	0.956522	0.0247934	0.000475207	0.00109504	0.690763	0
	0.292	0.00053719	0.00105372	0.956522	0.0247934	0.000433884	0.000929752	0.690763	0
	0.293	0.000764463	0.0013843	0.956522	0.0247934	0.000475207	0.000805785	0.690763	0
	0.294	0.00053719	0.00140496	0.956522	0.0247934	0.000475207	0.000929752	0.690763	0
	0.295	0.000599174	0.0014876	0.958716	0.0227273	0.000578512	0.00119835	0.693548	0
	0.296	0.000681818	0.00123967	0.958716	0.0227273	0.000392562	0.000847107	0.696356	0
	0.297	0.000578512	0.00113636	0.956422	0.0227273	0.000247934	0.00105372	0.696356	0
	0.298	0.000661157	0.00117769	0.956422	0.0227273	0.000330579	0.00103306	0.692308	0
	0.299	0.000578512	0.00128099	0.956422	0.0227273	0.00035124	0.00103306	0.695122	0
	0.3	0.000619835	0.00109504	0.956422	0.0227273	0.000495868	0.00088843	0.697959	0
	0.301	0.000516529	0.00115702	0.956422	0.0227273	0.000433884	0.00113636	0.70082	0
	0.302	0.000475207	0.00130165	0.954128	0.0227273	0.000475207	0.000909091	0.70082	0
	0.303	0.000599174	0.00130165	0.954128	0.0227273	0.000516529	0.000950413	0.70082	0
	0.304	0.000557851	0.0013843	0.954128	0.0227273	0.000495868	0.00119835	0.70082	0
	0.305	0.00053719	0.00117769	0.954128	0.0227273	0.000433884	0.00119835	0.70082	0
	0.306	0.000681818	0.0013843	0.954128	0.0227273	0.000330579	0.00119835	0.70082	0
	0.307	0.000619835	0.00126033	0.954128	0.0206612	0.000289256	0.00115702	0.70082	0
	0.308	0.000413223	0.00130165	0.954128	0.0206612	0.000433884	0.0010124	0.70082	0
	0.309	0.000557851	0.00119835	0.954023	0.0206612	0.000475207	0.00113636	0.70082	0
	0.31	0.000826446	0.00115702	0.951724	0.0206612	0.000413223	0.00105372	0.70082	0
	0.311	0.000557851	0.00132231	0.953917	0.0206612	0.00035124	0.000702479	0.70082	0
	0.312	0.000743802	0.00123967	0.953917	0.0206612	0.000247934	0.000950413	0.699588	0
	0.313	0.000371901	0.0011157	0.951501	0.0206612	0.000206612	0.000867769	0.699588	0
	0.314	0.000743802	0.00119835	0.951501	0.0206612	0.000330579	0.000950413	0.699588	0
	0.315	0.000578512	0.00150826	0.951501	0.0206612	0.000330579	0.000743802	0.699588	0
	0.316	0.00072314	0.000991736	0.951501	0.0206612	0.000475207	0.000681818	0.702479	0
	0.317	0.000578512	0.00117769	0.951501	0.0206612	0.00035124	0.00119835	0.705394	0
	0.318	0.000516529	0.00123967	0.951501	0.0206612	0.000268595	0.00103306	0.701245	0
	0.319	0.000454545	0.00119835	0.951389	0.0206612	0.000206612	0.00103306	0.697095	0
	0.32	0.000557851	0.00130165	0.953596	0.018595	0.000227273	0.00121901	0.697095	0
	0.321	0.000599174	0.00113636	0.953596	0.018595	0.000413223	0.000991736	0.697095	0
	0.322	0.000640496	0.00146694	0.953596	0.018595	0.000392562	0.000950413	0.702929	0
	0.323	0.000495868	0.00146694	0.948956	0.018595	0.000289256	0.00072314	0.702929	0
	0.324	0.000661157	0.00088843	0.946636	0.018595	0.00053719	0.000929752	0.702929	0
	0.325	0.000475207	0.00134298	0.944316	0.0165289	0.000330579	0.00088843	0.701681	0
	0.326	0.000702479	0.00130165	0.946512	0.0165289	0.000392562	0.000640496	0.701681	0
	0.327	0.000371901	0.00115702	0.944186	0.0165289	0.000309917	0.000929752	0.704641	0
	0.328	0.000309917	0.00117769	0.944186	0.0165289	0.000475207	0.000971074	0.707627	0
	0.329	0.000475207	0.00123967	0.946387	0.0165289	0.000165289	0.000826446	0.710638	0
	0.33	0.000475207	0.00115702	0.946387	0.0165289	0.000247934	0.000826446	0.710638	0
	0.331	0.000454545	0.00109504	0.946387	0.0165289	0.000516529	0.00088843	0.710638	0
	0.332	0.000578512	0.00117769	0.946387	0.0165289	0.000433884	0.000826446	0.710638	0
	0.333	0.000557851	0.00107438	0.948598	0.0165289	0.000123967	0.000867769	0.709402	0
	0.334	0.000495868	0.000909091	0.948598	0.0165289	0.000247934	0.000867769	0.709402	0
	0.335	0.000516529	0.00134298	0.946262	0.0165289	0.000413223	0.000743802	0.709402	0
	0.336	0.000413223	0.00136364	0.946262	0.0165289	0.00035124	0.000785124	0.709402	0
	0.337	0.000619835	0.00146694	0.948478	0.0165289	0.00035124	0.000847107	0.709402	0
	0.338	0.00053719	0.0011157	0.950704	0.0165289	0.00053719	0.000867769	0.705128	0
	0.339	0.000619835	0.00115702	0.950704	0.0165289	0.000516529	0.000950413	0.705128	0
	0.34	0.000619835	0.000909091	0.950704	0.0165289	0.000392562	0.000950413	0.705128	0
	0.341	0.00053719	0.00117769	0.950704	0.0165289	0.000516529	0.000950413	0.708155	0
	0.342	0.000599174	0.00103306	0.950588	0.0144628	0.000206612	0.000847107	0.703863	0
	0.343	0.000661157	0.00130165	0.948235	0.0144628	0.00035124	0.000475207	0.699571	0
	0.344	0.000557851	0.00134298	0.943529	0.0144628	0.00053719	0.000971074	0.699571	0
	0.345	0.000661157	0.0011157	0.938824	0.0144628	0.000413223	0.000826446	0.690987	0
	0.346	0.00035124	0.00121901	0.938824	0.0144628	0.000578512	0.000826446	0.693966	0
	0.347	0.000557851	0.00142562	0.938824	0.0123967	0.000578512	0.000805785	0.693966	0
	0.348	0.000743802	0.0010124	0.941038	0.0123967	0.000495868	0.000991736	0.693966	0
	0.349	0.000516529	0.00113636	0.943262	0.0103306	0.000392562	0.000847107	0.693966	0
	0.35	0.000599174	0.0014876	0.940898	0.0103306	0.000599174	0.000764463	0.692641	0
	0.351	0.000516529	0.00119835	0.942993	0.0103306	0.00072314	0.000991736	0.692641	0
	0.352	0.000681818	0.000950413	0.940618	0.0103306	0.000433884	0.000805785	0.688312	0
	0.353	0.000433884	0.00130165	0.940618	0.0103306	0.000516529	0.00088843	0.683983	0
	0.354	0.000764463	0.0011157	0.940618	0.0103306	0.00053719	0.000640496	0.683983	0
	0.355	0.000743802	0.00107438	0.942857	0.0103306	0.000392562	0.000681818	0.686957	0
	0.356	0.00035124	0.000971074	0.940476	0.00826446	0.000454545	0.000929752	0.682609	0
	0.357	0.000702479	0.00128099	0.940476	0.00826446	0.000454545	0.000909091	0.682609	0
	0.358	0.000681818	0.00134298	0.940476	0.00826446	0.000495868	0.00072314	0.682609	0
	0.359	0.000971074	0.00128099	0.935714	0.00826446	0.000578512	0.00088843	0.678261	0
	0.36	0.00072314	0.00134298	0.935714	0.00619835	0.000743802	0.00088843	0.673913	0
	0.361	0.000805785	0.00121901	0.930952	0.00619835	0.000578512	0.000867769	0.669565	0
	0.362	0.000661157	0.00109504	0.930952	0.00619835	0.000681818	0.00103306	0.669565	0
	0.363	0.000640496	0.00123967	0.930952	0.00619835	0.000805785	0.000950413	0.668122	0
	0.364	0.000929752	0.000991736	0.930952	0.00619835	0.000619835	0.000743802	0.663755	0
	0.365	0.000805785	0.00109504	0.930952	0.00619835	0.000764463	0.00121901	0.659389	0
	0.366	0.000867769	0.00117769	0.930952	0.00413223	0.00053719	0.000950413	0.659389	0
	0.367	0.000475207	0.00142562	0.930952	0.00413223	0.000929752	0.000785124	0.659389	0
	0.368	0.00119835	0.00128099	0.928401	0.00413223	0.000950413	0.0010124	0.659389	0
	0.369	0.000847107	0.0011157	0.926014	0.00413223	0.000785124	0.0011157	0.659389	0
	0.37	0.000826446	0.00126033	0.923628	0.00413223	0.000805785	0.000764463	0.659389	0
	0.371	0.000785124	0.00121901	0.925837	0.00413223	0.000991736	0.00088843	0.655022	0
	0.372	0.000619835	0.00123967	0.925837	0.00413223	0.000785124	0.00103306	0.655022	0
	0.373	0.000909091	0.00121901	0.925659	0.00413223	0.000785124	0.000950413	0.655022	0
	0.374	0.000661157	0.00140496	0.923261	0.00206612	0.0011157	0.00088843	0.655022	0
	0.375	0.000743802	0.00119835	0.923261	0.00206612	0.000661157	0.000661157	0.655022	0
	0.376	0.000991736	0.0013843	0.923261	0.00206612	0.000826446	0.00072314	0.655022	0
	0.377	0.000971074	0.00121901	0.925481	0.00206612	0.000805785	0.000743802	0.655022	0
	0.378	0.000805785	0.00103306	0.925481	0.00206612	0.000764463	0.000867769	0.660793	0
	0.379	0.000909091	0.00119835	0.923077	0.00206612	0.00115702	0.000619835	0.660793	0
	0.38	0.00113636	0.000950413	0.923077	0.00206612	0.00126033	0.000971074	0.660793	0
	0.381	0.000991736	0.00128099	0.923077	0.00206612	0.000909091	0.00088843	0.660793	0
	0.382	0.00088843	0.00130165	0.920673	0.00206612	0.000950413	0.000950413	0.660793	0
	0.383	0.0010124	0.00140496	0.922892	0.00206612	0.00115702	0.000805785	0.663717	0
	0.384	0.0010124	0.0014876	0.922892	0.00206612	0.00119835	0.000826446	0.666667	0
	0.385	0.000847107	0.00134298	0.925121	0.00206612	0.00123967	0.000971074	0.662222	0
	0.386	0.000991736	0.00134298	0.925121	0.00206612	0.00117769	0.00103306	0.657778	0
	0.387	0.000867769	0.0011157	0.925121	0.00206612	0.00109504	0.000847107	0.657778	0
	0.388	0.000826446	0.0013843	0.925121	0.00206612	0.00113636	0.000743802	0.660714	0
	0.389	0.00109504	0.00134298	0.927361	0.00206612	0.00105372	0.000681818	0.662162	0
	0.39	0.000785124	0.00123967	0.924939	0.00206612	0.00103306	0.000743802	0.665158	0
	0.391	0.000681818	0.00132231	0.922518	0.00206612	0.000950413	0.000826446	0.665158	0
	0.392	0.000743802	0.0011157	0.920097	0.00206612	0.000929752	0.00072314	0.660633	0
	0.393	0.000785124	0.00130165	0.92233	0.00206612	0.000785124	0.000785124	0.660633	0
	0.394	0.000991736	0.000909091	0.924574	0.00206612	0.000867769	0.000805785	0.660633	0
	0.395	0.00088843	0.00121901	0.924574	0.00206612	0.00115702	0.000764463	0.660633	0
	0.396	0.000909091	0.00126033	0.924574	0.00206612	0.00088843	0.000785124	0.660633	0
	0.397	0.000764463	0.00117769	0.924574	0.00206612	0.000929752	0.000805785	0.660633	0
	0.398	0.000847107	0.00119835	0.922141	0.00206612	0.000991736	0.000929752	0.659091	0
	0.399	0.00103306	0.000847107	0.922141	0.00206612	0.000702479	0.000805785	0.659091	0
	0.4	0.000681818	0.000971074	0.922141	0.00206612	0.00119835	0.000681818	0.659091	0
	0.401	0.000971074	0.000950413	0.917275	0.00206612	0.000785124	0.000826446	0.654545	0
	0.402	0.000805785	0.00123967	0.914842	0.00206612	0.00103306	0.000785124	0.654545	0
	0.403	0.000640496	0.0011157	0.914634	0.00206612	0.000785124	0.000805785	0.654545	0
	0.404	0.00105372	0.000950413	0.916667	0.00206612	0.000743802	0.000847107	0.65	0
	0.405	0.000785124	0.00132231	0.914005	0.00206612	0.000681818	0.000743802	0.65	0
	0.406	0.00088843	0.00117769	0.913793	0.00206612	0.000971074	0.00072314	0.65	0
	0.407	0.000826446	0.00109504	0.913793	0.00206612	0.000826446	0.000764463	0.652968	0
	0.408	0.000991736	0.00126033	0.913793	0.00206612	0.00088843	0.000433884	0.648402	0
	0.409	0.000785124	0.00121901	0.913793	0.00206612	0.000929752	0.0010124	0.648402	0
	0.41	0.000867769	0.00126033	0.908867	0.00206612	0.000516529	0.000847107	0.646789	0
	0.411	0.000681818	0.00119835	0.911111	0.00206612	0.00053719	0.00103306	0.645161	0
	0.412	0.000909091	0.00117769	0.911111	0.00206612	0.000743802	0.000805785	0.645161	0
	0.413	0.000578512	0.00113636	0.911111	0.00206612	0.000619835	0.00088843	0.645161	0
	0.414	0.000847107	0.000826446	0.913366	0.00206612	0.000785124	0.000640496	0.648148	0
	0.415	0.000847107	0.00126033	0.910891	0.00206612	0.000702479	0.000909091	0.654206	0
	0.416	0.000785124	0.00115702	0.913151	0.00206612	0.00053719	0.000805785	0.652582	0
	0.417	0.000640496	0.0010124	0.913151	0.00206612	0.000578512	0.000847107	0.652582	0
	0.418	0.000847107	0.00109504	0.913151	0.00206612	0.000681818	0.000805785	0.65566	0
	0.419	0.000929752	0.00130165	0.913151	0.00206612	0.000785124	0.000764463	0.65566	0
	0.42	0.00117769	0.00121901	0.915423	0.00206612	0.00072314	0.00072314	0.657143	0
	0.421	0.000991736	0.00115702	0.915423	0.00206612	0.000764463	0.000785124	0.657143	0
	0.422	0.000681818	0.00117769	0.917706	0.00206612	0.000516529	0.000785124	0.663462	0
	0.423	0.000619835	0.0011157	0.915212	0.00206612	0.00053719	0.000764463	0.663462	0
	0.424	0.00072314	0.00150826	0.915212	0.00206612	0.000991736	0.000764463	0.661836	0
	0.425	0.00119835	0.00119835	0.915	0.00206612	0.000578512	0.000991736	0.665049	0
	0.426	0.000599174	0.00128099	0.919598	0.00206612	0.000743802	0.000702479	0.665049	0
	0.427	0.000805785	0.00126033	0.919598	0.00206612	0.000640496	0.000909091	0.653659	0
	0.428	0.000847107	0.00115702	0.919395	0.00206612	0.000599174	0.000826446	0.651961	0
	0.429	0.000929752	0.000991736	0.919395	0.00206612	0.000640496	0.000702479	0.661692	0
	0.43	0.000805785	0.00119835	0.916877	0.00206612	0.000619835	0.000971074	0.665	0
	0.431	0.000971074	0.000971074	0.914358	0.00206612	0.000681818	0.00072314	0.665	0
	0.432	0.000867769	0.00105372	0.914358	0.00206612	0.000681818	0.00072314	0.66	0
	0.433	0.000971074	0.00140496	0.916667	0.00206612	0.000909091	0.000681818	0.655	0
	0.434	0.000785124	0.00134298	0.914141	0.00206612	0.000619835	0.000847107	0.658291	0
	0.435	0.000785124	0.00126033	0.914141	0.00206612	0.000805785	0.000619835	0.661616	0
	0.436	0.000785124	0.000950413	0.916456	0.00206612	0.000826446	0.000805785	0.656566	0
	0.437	0.0011157	0.00142562	0.916456	0.00206612	0.00072314	0.000929752	0.663265	0
	0.438	0.0010124	0.000743802	0.918782	0.00206612	0.000805785	0.000785124	0.663265	0
	0.439	0.000785124	0.00107438	0.92112	0.00206612	0.00088843	0.000950413	0.65641	0
	0.44	0.000867769	0.000909091	0.918575	0.00206612	0.000785124	0.000805785	0.651282	0
	0.441	0.00107438	0.000909091	0.920918	0.00206612	0.000578512	0.000826446	0.651282	0
	0.442	0.000867769	0.0010124	0.923274	0.00206612	0.000702479	0.000764463	0.654639	0
	0.443	0.000950413	0.0010124	0.928021	0.00206612	0.000764463	0.000743802	0.654639	0
	0.444	0.000929752	0.0010124	0.928021	0.00206612	0.000785124	0.00105372	0.658031	0
	0.445	0.000991736	0.000785124	0.92545	0.00206612	0.000785124	0.000867769	0.658031	0
	0.446	0.00107438	0.000929752	0.925258	0.00206612	0.000991736	0.000847107	0.65625	0
	0.447	0.0011157	0.000991736	0.925258	0.00206612	0.000805785	0.000929752	0.65625	0
	0.448	0.00107438	0.00105372	0.925065	0.00206612	0.000826446	0.000909091	0.659686	0
	0.449	0.000929752	0.00088843	0.925065	0.00206612	0.0010124	0.000826446	0.659686	0
	0.45	0.000516529	0.000950413	0.922481	0.00206612	0.000929752	0.00088843	0.659686	0
	0.451	0.000805785	0.000805785	0.919897	0.00206612	0.000743802	0.000743802	0.659686	0
	0.452	0.00072314	0.00107438	0.919897	0.00206612	0.00119835	0.00088843	0.659686	0
	0.453	0.000640496	0.00130165	0.917313	0.00206612	0.000909091	0.000785124	0.659686	0
	0.454	0.000991736	0.00121901	0.917313	0.00206612	0.00088843	0.000867769	0.659686	0
	0.455	0.000764463	0.000950413	0.919689	0.00206612	0.000867769	0.000971074	0.659686	0
	0.456	0.000929752	0.00103306	0.917098	0.00206612	0.00103306	0.000702479	0.659686	0
	0.457	0.000991736	0.00088843	0.917098	0.00206612	0.00105372	0.000702479	0.65445	0
	0.458	0.00088843	0.00103306	0.914286	0.00206612	0.00123967	0.000971074	0.65445	0
	0.459	0.000867769	0.000950413	0.911458	0.00206612	0.000743802	0.000909091	0.65445	0
	0.46	0.000826446	0.00123967	0.911458	0.00206612	0.000950413	0.000847107	0.657895	0
	0.461	0.00088843	0.000929752	0.911458	0.00206612	0.0011157	0.000909091	0.657895	0
	0.462	0.00088843	0.000929752	0.908854	0	0.00105372	0.000867769	0.652632	0
	0.463	0.000785124	0.000909091	0.908854	0	0.00088843	0.000991736	0.656085	0
	0.464	0.000681818	0.00119835	0.911227	0	0.00107438	0.00088843	0.656085	0
	0.465	0.000764463	0.00119835	0.911227	0	0.00121901	0.000826446	0.650794	0
	0.466	0.00107438	0.000971074	0.913613	0	0.00121901	0.000764463	0.650794	0
	0.467	0.000805785	0.00123967	0.913386	0	0.00105372	0.000764463	0.650794	0
	0.468	0.000991736	0.00088843	0.913386	0	0.00113636	0.000826446	0.650794	0
	0.469	0.000743802	0.00119835	0.913386	0	0.00107438	0.000640496	0.647059	0
	0.47	0.000971074	0.000971074	0.910761	0	0.00115702	0.000929752	0.648649	0
	0.471	0.000785124	0.0010124	0.910526	0	0.00105372	0.000991736	0.652174	0
	0.472	0.000950413	0.000805785	0.910526	0	0.00119835	0.00103306	0.652174	0
	0.473	0.00105372	0.00119835	0.910526	0	0.00113636	0.00088843	0.652174	0
	0.474	0.000867769	0.00105372	0.907895	0	0.00119835	0.000867769	0.646739	0
	0.475	0.00088843	0.00117769	0.907652	0	0.00115702	0.000681818	0.646739	0
	0.476	0.000805785	0.000909091	0.907652	0	0.00103306	0.000909091	0.63587	0
	0.477	0.0010124	0.00113636	0.905013	0	0.00128099	0.000826446	0.639344	0
	0.478	0.000681818	0.000929752	0.905013	0	0.00117769	0.000805785	0.642857	0
	0.479	0.000661157	0.000640496	0.905013	0	0.000929752	0.00117769	0.642857	0
	0.48	0.000702479	0.00109504	0.909814	0	0.00119835	0.000805785	0.646409	0
	0.481	0.000805785	0.000991736	0.907162	0	0.00144628	0.000805785	0.640884	0
	0.482	0.000929752	0.00107438	0.907162	0	0.0011157	0.000847107	0.648045	0
	0.483	0.00088843	0.00119835	0.909574	0	0.00105372	0.000971074	0.648045	0
	0.484	0.000950413	0.00113636	0.906915	0	0.00113636	0.000702479	0.642458	0
	0.485	0.000929752	0.000950413	0.906915	0	0.00115702	0.000743802	0.642458	0
	0.486	0.000909091	0.000909091	0.911765	0	0.00105372	0.000929752	0.640449	0
	0.487	0.0010124	0.00105372	0.914209	0	0.00142562	0.000826446	0.647727	0
	0.488	0.000681818	0.000867769	0.914209	0	0.0014876	0.000929752	0.636364	0
	0.489	0.000991736	0.000929752	0.916667	0	0.00126033	0.000991736	0.64	0
	0.49	0.000929752	0.000826446	0.916667	0	0.00121901	0.000764463	0.628571	0
	0.491	0.00117769	0.000950413	0.919137	0	0.00136364	0.000661157	0.628571	0
	0.492	0.000681818	0.000971074	0.916442	0	0.00130165	0.000950413	0.628571	0
	0.493	0.0010124	0.000785124	0.916442	0	0.00126033	0.00105372	0.628571	0
	0.494	0.000929752	0.0011157	0.918919	0	0.00146694	0.00105372	0.632184	0
	0.495	0.00072314	0.000557851	0.921196	0	0.00130165	0.000826446	0.635838	0
	0.496	0.000785124	0.000950413	0.921196	0	0.00128099	0.000661157	0.622093	0
	0.497	0.000950413	0.000867769	0.923706	0	0.00183884	0.000929752	0.616279	0
	0.498	0.000785124	0.000764463	0.92623	0	0.00126033	0.000950413	0.619883	0
	0.499	0.000557851	0.000991736	0.923497	0	0.00107438	0.00105372	0.627219	0
	0.5	0.0010124	0.00103306	0.923497	0	0.0014876	0.000991736	0.627219	0
	0.501	0.000661157	0.00113636	0.923497	0	0.0014876	0.00107438	0.630952	0
	0.502	0.000847107	0.00103306	0.923497	0	0.00142562	0.000909091	0.622754	0
	0.503	0.00115702	0.00103306	0.923497	0	0.0013843	0.000743802	0.620482	0
	0.504	0.000826446	0.00107438	0.923497	0	0.00142562	0.000950413	0.614458	0
	0.505	0.000661157	0.00109504	0.920765	0	0.00163223	0.000764463	0.606061	0
	0.506	0.000785124	0.000867769	0.923288	0	0.00119835	0.0010124	0.614907	0
	0.507	0.000599174	0.00115702	0.923288	0	0.00115702	0.000991736	0.610063	0
	0.508	0.000971074	0.000950413	0.920548	0	0.00134298	0.000826446	0.607595	0
	0.509	0.000702479	0.000991736	0.923077	0	0.00128099	0.000867769	0.607595	0
	0.51	0.000826446	0.00140496	0.923077	0	0.00128099	0.000764463	0.615385	0
	0.511	0.000681818	0.00105372	0.92562	0	0.00117769	0.000743802	0.623377	0
	0.512	0.000640496	0.000826446	0.928177	0	0.00128099	0.00072314	0.631579	0
	0.513	0.000702479	0.000909091	0.928177	0	0.00132231	0.000909091	0.633333	0
	0.514	0.000578512	0.0011157	0.928177	0	0.00136364	0.000743802	0.641892	0
	0.515	0.000578512	0.000681818	0.925414	0	0.0013843	0.00088843	0.650685	0
	0.516	0.000619835	0.000950413	0.922652	0	0.0014876	0.000867769	0.659722	0
	0.517	0.000640496	0.00072314	0.922652	0	0.00126033	0.000991736	0.664336	0
	0.518	0.000702479	0.000764463	0.927778	0	0.00136364	0.000867769	0.661972	0
	0.519	0.000764463	0.00088843	0.930362	0	0.0013843	0.000950413	0.65493	0
	0.52	0.000619835	0.00136364	0.930362	0	0.00134298	0.000991736	0.65493	0
	0.521	0.00053719	0.000867769	0.932961	0	0.00167355	0.000785124	0.65493	0
	0.522	0.000847107	0.000971074	0.932961	0	0.00121901	0.000909091	0.659574	0
	0.523	0.000475207	0.00117769	0.932961	0	0.00113636	0.000847107	0.652482	0
	0.524	0.00053719	0.000971074	0.930168	0	0.00150826	0.00072314	0.64539	0
	0.525	0.000475207	0.000991736	0.927374	0	0.00121901	0.00088843	0.638298	0
	0.526	0.000640496	0.0011157	0.927374	0	0.00134298	0.000971074	0.635714	0
	0.527	0.000413223	0.000950413	0.927374	0	0.00115702	0.000867769	0.635714	0
	0.528	0.000475207	0.000785124	0.927374	0	0.00150826	0.000909091	0.644928	0
	0.529	0.000475207	0.000785124	0.927374	0	0.00142562	0.00088843	0.642336	0
	0.53	0.00072314	0.000826446	0.932584	0	0.00136364	0.000847107	0.647059	0
	0.531	0.00053719	0.00088843	0.929775	0	0.00126033	0.000847107	0.647059	0
	0.532	0.00053719	0.000991736	0.929775	0	0.00165289	0.000785124	0.647059	0
	0.533	0.000619835	0.000950413	0.935028	0	0.0013843	0.000971074	0.639706	0
	0.534	0.000516529	0.00119835	0.935028	0	0.00136364	0.000785124	0.617647	0
	0.535	0.000433884	0.00103306	0.940341	0	0.00146694	0.000991736	0.622222	0
	0.536	0.000495868	0.00103306	0.940341	0	0.00140496	0.000661157	0.622222	0
	0.537	0.000392562	0.000785124	0.940341	0	0.0014876	0.0011157	0.626866	0
	0.538	0.000475207	0.00103306	0.94302	0	0.00126033	0.00088843	0.619403	0
	0.539	0.000475207	0.000619835	0.945714	0	0.00126033	0.000847107	0.62406	0
	0.54	0.000578512	0.000661157	0.945714	0	0.00134298	0.000991736	0.616541	0
	0.541	0.000371901	0.000847107	0.948424	0	0.0013843	0.000826446	0.621212	0
	0.542	0.000640496	0.000971074	0.948424	0	0.0013843	0.000847107	0.59542	0
	0.543	0.000392562	0.000867769	0.948424	0	0.00132231	0.00072314	0.592308	0
	0.544	0.000599174	0.00117769	0.948424	0	0.00121901	0.00053719	0.596899	0
	0.545	0.000413223	0.00109504	0.945559	0	0.00121901	0.000826446	0.596899	0
	0.546	0.000433884	0.000826446	0.948276	0	0.00121901	0.000867769	0.596899	0
	0.547	0.000433884	0.000847107	0.948276	0	0.00126033	0.00113636	0.59375	0
	0.548	0.000433884	0.00115702	0.948276	0	0.00123967	0.000826446	0.590551	0
	0.549	0.000330579	0.00105372	0.948276	0	0.00142562	0.000578512	0.595238	0
	0.55	0.000413223	0.00126033	0.948276	0	0.00132231	0.000950413	0.579365	0
	0.551	0.00035124	0.0010124	0.948276	0	0.00126033	0.000743802	0.571429	0
	0.552	0.000516529	0.000847107	0.948276	0	0.00113636	0.000640496	0.576	0
	0.553	0.000578512	0.000847107	0.953757	0	0.00130165	0.000909091	0.576	0
	0.554	0.00035124	0.000847107	0.950867	0	0.00163223	0.000681818	0.576	0
	0.555	0.000330579	0.000909091	0.953623	0	0.00146694	0.000991736	0.580645	0
	0.556	0.000454545	0.000929752	0.950725	0	0.0010124	0.000847107	0.590164	0
	0.557	0.000495868	0.000950413	0.950725	0	0.000950413	0.000929752	0.581967	0
	0.558	0.000268595	0.0011157	0.953488	0	0.00140496	0.00103306	0.581967	0
	0.559	0.000309917	0.00088843	0.953488	0	0.00146694	0.000826446	0.583333	0
	0.56	0.000433884	0.000847107	0.953488	0	0.00119835	0.000743802	0.59322	0
	0.561	0.000433884	0.000971074	0.953488	0	0.00144628	0.000785124	0.59322	0
	0.562	0.000268595	0.00115702	0.956268	0	0.00121901	0.000971074	0.59322	0
	0.563	0.000371901	0.000764463	0.959064	0	0.00132231	0.00088843	0.576271	0
	0.564	0.000330579	0.000909091	0.959064	0	0.00109504	0.000867769	0.581197	0
	0.565	0.000413223	0.000702479	0.961877	0	0.00121901	0.000681818	0.581197	0
	0.566	0.000227273	0.000909091	0.961877	0	0.00109504	0.000764463	0.577586	0
	0.567	0.00035124	0.000743802	0.961877	0	0.00115702	0.000847107	0.568966	0
	0.568	0.000495868	0.00072314	0.961877	0	0.00126033	0.000826446	0.565217	0
	0.569	0.000268595	0.000805785	0.961877	0	0.00130165	0.000785124	0.575221	0
	0.57	0.000206612	0.000971074	0.961877	0	0.00119835	0.0010124	0.59633	0
	0.571	0.000206612	0.000909091	0.961877	0	0.0011157	0.000826446	0.587156	0
	0.572	0.000268595	0.000929752	0.961877	0	0.00134298	0.000475207	0.577982	0
	0.573	0.000309917	0.0010124	0.961877	0	0.00132231	0.00053719	0.583333	0
	0.574	0.000289256	0.000826446	0.958944	0	0.0011157	0.000681818	0.583333	0
	0.575	0.000247934	0.00088843	0.964602	0	0.00134298	0.000619835	0.579439	0
	0.576	0.00035124	0.00088843	0.961538	0	0.00128099	0.00072314	0.570093	0
	0.577	0.000309917	0.00105372	0.961538	0	0.00130165	0.000413223	0.570093	0
	0.578	0.000227273	0.0010124	0.961538	0	0.00126033	0.000640496	0.566038	0
	0.579	0.000227273	0.000991736	0.961538	0	0.00142562	0.000764463	0.566038	0
	0.58	0.000289256	0.000867769	0.964392	0	0.00171488	0.000764463	0.576923	0
	0.581	0.00035124	0.00088843	0.961424	0	0.00117769	0.000495868	0.576923	0
	0.582	0.000371901	0.000929752	0.961424	0	0.00119835	0.000847107	0.582524	0
	0.583	0.000330579	0.000847107	0.958457	0	0.00119835	0.000991736	0.578431	0
	0.584	0.000289256	0.00109504	0.958457	0	0.00105372	0.000599174	0.558824	0
	0.585	0.000268595	0.000971074	0.958457	0	0.00130165	0.000764463	0.558824	0
	0.586	0.000206612	0.000929752	0.96131	0	0.00123967	0.00072314	0.54902	0
	0.587	0.000123967	0.00088843	0.96131	0	0.0011157	0.000578512	0.554455	0
	0.588	0.000247934	0.000785124	0.958333	0	0.00130165	0.00072314	0.544554	0
	0.589	0.000165289	0.000785124	0.955357	0	0.00103306	0.00053719	0.54	0
	0.59	0.000330579	0.000619835	0.955357	0	0.00132231	0.000743802	0.53	0
	0.591	0.000371901	0.00088843	0.949405	0	0.00128099	0.000599174	0.53	0
	0.592	0.000268595	0.000826446	0.949254	0	0.00159091	0.000661157	0.535354	0
	0.593	0.000206612	0.000743802	0.949254	0	0.00154959	0.000743802	0.540816	0
	0.594	0.000433884	0.000971074	0.946269	0	0.00136364	0.000847107	0.546392	0
	0.595	0.000413223	0.000929752	0.946269	0	0.00107438	0.000805785	0.546392	0
	0.596	0.000516529	0.000805785	0.946269	0	0.0011157	0.000743802	0.541667	0
	0.597	0.000330579	0.00117769	0.943284	0	0.0010124	0.000743802	0.547368	0
	0.598	0.000268595	0.000640496	0.946108	0	0.00113636	0.000805785	0.536842	0
	0.599	0.000413223	0.000929752	0.946108	0	0.00123967	0.000785124	0.526316	0
	0.6	0.00035124	0.000867769	0.946108	0	0.00130165	0.000826446	0.526316	0
	0.601	0.000557851	0.000826446	0.946108	0	0.00142562	0.000805785	0.526882	0
	0.602	0.000433884	0.000785124	0.946108	0	0.000950413	0.000743802	0.538462	0
	0.603	0.00053719	0.000929752	0.948949	0	0.000909091	0.00053719	0.527473	0
	0.604	0.000578512	0.000805785	0.948949	0	0.00126033	0.000640496	0.527473	0
	0.605	0.000309917	0.000743802	0.948949	0	0.00132231	0.000702479	0.516484	0
	0.606	0.000309917	0.000826446	0.951807	0	0.00103306	0.000599174	0.52809	0
	0.607	0.000578512	0.00088843	0.951807	0	0.00119835	0.000599174	0.54023	0
	0.608	0.000557851	0.000785124	0.951807	0	0.000971074	0.000950413	0.54023	0
	0.609	0.000847107	0.00103306	0.951807	0	0.0011157	0.000557851	0.54023	0
	0.61	0.000557851	0.000929752	0.951807	0	0.0011157	0.000599174	0.528736	0
	0.611	0.000764463	0.00103306	0.951807	0	0.00128099	0.000661157	0.541176	0
	0.612	0.000702479	0.000991736	0.951807	0	0.000826446	0.000764463	0.541176	0
	0.613	0.000909091	0.000909091	0.951807	0	0.00123967	0.000805785	0.547619	0
	0.614	0.000681818	0.000929752	0.951807	0	0.000929752	0.000475207	0.554217	0
	0.615	0.000702479	0.000805785	0.948795	0	0.000743802	0.000909091	0.554217	0
	0.616	0.000619835	0.000805785	0.94864	0	0.000991736	0.000661157	0.555556	0
	0.617	0.000681818	0.00109504	0.94864	0	0.000661157	0.00053719	0.555556	0
	0.618	0.000619835	0.000847107	0.94864	0	0.00107438	0.00053719	0.555556	0
	0.619	0.000702479	0.000950413	0.94864	0	0.00115702	0.000640496	0.555556	0
	0.62	0.000578512	0.000929752	0.94864	0	0.0011157	0.00072314	0.54321	0
	0.621	0.000557851	0.00113636	0.94864	0	0.0010124	0.000578512	0.556962	0
	0.622	0.000743802	0.00113636	0.945619	0	0.000929752	0.000640496	0.556962	0
	0.623	0.000640496	0.000971074	0.942598	0	0.000971074	0.000743802	0.564103	0
	0.624	0.000599174	0.00088843	0.942598	0	0.00088843	0.000619835	0.564103	0
	0.625	0.000433884	0.000950413	0.939577	0	0.000909091	0.000619835	0.571429	0
	0.626	0.000557851	0.000950413	0.936556	0	0.000991736	0.000764463	0.578947	0
	0.627	0.000516529	0.000785124	0.936556	0	0.000847107	0.000805785	0.578947	0
	0.628	0.000578512	0.00105372	0.936556	0	0.000929752	0.000599174	0.586667	0
	0.629	0.00053719	0.0010124	0.936556	0	0.000826446	0.000599174	0.594595	0
	0.63	0.000433884	0.000764463	0.936556	0	0.000805785	0.00072314	0.594595	0
	0.631	0.000599174	0.000681818	0.936556	0	0.000785124	0.000619835	0.594595	0
	0.632	0.000640496	0.0011157	0.936556	0	0.000867769	0.000661157	0.594595	0
	0.633	0.000475207	0.00119835	0.936556	0	0.000702479	0.000805785	0.60274	0
	0.634	0.000557851	0.000702479	0.936364	0	0.000764463	0.000495868	0.589041	0
	0.635	0.000599174	0.000991736	0.936364	0	0.000805785	0.000681818	0.589041	0
	0.636	0.000454545	0.000640496	0.936364	0	0.000867769	0.000764463	0.589041	0
	0.637	0.000392562	0.000991736	0.936364	0	0.000640496	0.000681818	0.583333	0
	0.638	0.000413223	0.000950413	0.936364	0	0.000847107	0.000743802	0.583333	0
	0.639	0.000475207	0.000702479	0.933333	0	0.00072314	0.00072314	0.6	0
	0.64	0.000475207	0.00072314	0.930303	0	0.000702479	0.000495868	0.608696	0
	0.641	0.000433884	0.00072314	0.930303	0	0.000578512	0.000454545	0.617647	0
	0.642	0.000495868	0.00103306	0.927273	0	0.000764463	0.000619835	0.617647	0
	0.643	0.000640496	0.000867769	0.924242	0	0.00072314	0.000578512	0.617647	0
	0.644	0.000578512	0.000909091	0.924242	0	0.000681818	0.000599174	0.61194	0
	0.645	0.000516529	0.00134298	0.927052	0	0.000578512	0.000475207	0.621212	0
	0.646	0.000392562	0.000909091	0.926829	0	0.00053719	0.000371901	0.630769	0
	0.647	0.000475207	0.000991736	0.929664	0	0.000475207	0.000516529	0.615385	0
	0.648	0.000475207	0.00088843	0.929664	0	0.000599174	0.000702479	0.609375	0
	0.649	0.000392562	0.00088843	0.926606	0	0.000557851	0.000392562	0.629032	0
	0.65	0.000413223	0.000950413	0.926606	0	0.000640496	0.000578512	0.639344	0
	0.651	0.000516529	0.000971074	0.926606	0	0.000413223	0.000413223	0.639344	0
	0.652	0.000433884	0.000847107	0.926606	0	0.000619835	0.000743802	0.639344	0
	0.653	0.000599174	0.000826446	0.926606	0	0.000619835	0.000619835	0.65	0
	0.654	0.000578512	0.00107438	0.929448	0	0.000578512	0.000619835	0.633333	0
	0.655	0.00053719	0.000971074	0.929448	0	0.000413223	0.000619835	0.610169	0
	0.656	0.000661157	0.00119835	0.929448	0	0.000371901	0.000661157	0.610169	0
	0.657	0.000640496	0.00113636	0.92638	0	0.000371901	0.000392562	0.576271	0
	0.658	0.000681818	0.000743802	0.929231	0	0.000392562	0.000392562	0.568966	0
	0.659	0.000454545	0.00088843	0.932099	0	0.000309917	0.000619835	0.589286	0
	0.66	0.000764463	0.000826446	0.929012	0	0.000392562	0.000661157	0.589286	0
	0.661	0.000495868	0.00115702	0.925926	0	0.000413223	0.000516529	0.589286	0
	0.662	0.000619835	0.00113636	0.92284	0	0.000557851	0.000557851	0.571429	0
	0.663	0.000743802	0.000681818	0.916667	0	0.000392562	0.000764463	0.535714	0
	0.664	0.000702479	0.00088843	0.92236	0	0.000619835	0.000743802	0.535714	0
	0.665	0.000619835	0.000971074	0.92236	0	0.000454545	0.000661157	0.545455	0
	0.666	0.000578512	0.00103306	0.925234	0	0.000413223	0.00072314	0.566038	0
	0.667	0.000433884	0.000805785	0.925234	0	0.000475207	0.000516529	0.566038	0
	0.668	0.000578512	0.00107438	0.922118	0	0.000392562	0.000516529	0.54717	0
	0.669	0.000413223	0.000826446	0.919003	0	0.000557851	0.000392562	0.528302	0
	0.67	0.000578512	0.00088843	0.919003	0	0.000599174	0.000433884	0.519231	0
	0.671	0.000702479	0.000867769	0.924528	0	0.000557851	0.000227273	0.529412	0
	0.672	0.000516529	0.00115702	0.924528	0	0.000578512	0.000516529	0.529412	0
	0.673	0.000557851	0.0010124	0.921384	0	0.000599174	0.000433884	0.490196	0
	0.674	0.000681818	0.000867769	0.918239	0	0.000619835	0.000681818	0.44898	0
	0.675	0.000743802	0.000950413	0.918239	0	0.000557851	0.000413223	0.428571	0
	0.676	0.000599174	0.000950413	0.921136	0	0.00072314	0.000392562	0.428571	0
	0.677	0.000764463	0.0010124	0.921136	0	0.000991736	0.000516529	0.446809	0
	0.678	0.000516529	0.000847107	0.921136	0	0.000495868	0.000433884	0.425532	0
	0.679	0.00072314	0.000847107	0.921136	0	0.000599174	0.000268595	0.425532	0
	0.68	0.000640496	0.0010124	0.921136	0	0.00072314	0.000454545	0.425532	0
	0.681	0.00072314	0.00109504	0.917981	0	0.000971074	0.000516529	0.413043	0
	0.682	0.000847107	0.000702479	0.917981	0	0.000702479	0.000433884	0.413043	0
	0.683	0.000516529	0.00117769	0.914826	0	0.000867769	0.000764463	0.413043	0
	0.684	0.00053719	0.0011157	0.914826	0	0.000929752	0.000578512	0.391304	0
	0.685	0.000805785	0.000991736	0.914557	0	0.000867769	0.000557851	0.369565	0
	0.686	0.000516529	0.00130165	0.914557	0	0.0010124	0.000578512	0.369565	0
	0.687	0.000826446	0.000805785	0.914557	0	0.000743802	0.000743802	0.347826	0
	0.688	0.000805785	0.000950413	0.914557	0	0.000950413	0.000433884	0.304348	0
	0.689	0.000454545	0.000909091	0.914557	0	0.000867769	0.000640496	0.282609	0
	0.69	0.000661157	0.00115702	0.914557	0	0.000929752	0.000661157	0.282609	0
	0.691	0.00088843	0.000867769	0.911392	0	0.0010124	0.000619835	0.282609	0
	0.692	0.000702479	0.000826446	0.908228	0	0.00113636	0.000578512	0.282609	0
	0.693	0.000640496	0.000909091	0.907937	0	0.00117769	0.000454545	0.288889	0
	0.694	0.000785124	0.000847107	0.907937	0	0.0010124	0.000516529	0.288889	0
	0.695	0.000805785	0.00072314	0.907643	0	0.000909091	0.000330579	0.288889	0
	0.696	0.000909091	0.00088843	0.907348	0	0.00119835	0.000268595	0.288889	0
	0.697	0.000702479	0.000991736	0.910256	0	0.00103306	0.000495868	0.288889	0
	0.698	0.000661157	0.000991736	0.913183	0	0.00115702	0.00072314	0.288889	0
	0.699	0.00072314	0.000909091	0.913183	0	0.00103306	0.000557851	0.288889	0
	0.7	0.000764463	0.000826446	0.913183	0	0.00119835	0.000268595	0.288889	0
	0.701	0.000764463	0.000764463	0.909968	0	0.00088843	0.000475207	0.288889	0
	0.702	0.000847107	0.000764463	0.909968	0	0.00117769	0.000247934	0.288889	0
	0.703	0.000847107	0.00088843	0.909968	0	0.000909091	0.000433884	0.27907	0
	0.704	0.000991736	0.000867769	0.909968	0	0.00103306	0.000578512	0.255814	0
	0.705	0.000826446	0.000867769	0.909968	0	0.00117769	0.000413223	0.255814	0
	0.706	0.000991736	0.00088843	0.909677	0	0.00121901	0.000330579	0.232558	0
	0.707	0.00103306	0.000847107	0.912621	0	0.0014876	0.00035124	0.232558	0
	0.708	0.000909091	0.000929752	0.906149	0	0.00117769	0.000392562	0.232558	0
	0.709	0.000847107	0.000847107	0.909091	0	0.00142562	0.000495868	0.214286	0
	0.71	0.000971074	0.000867769	0.908795	0	0.00103306	0.000516529	0.219512	0
	0.711	0.000785124	0.000929752	0.908497	0	0.00119835	0.000640496	0.219512	0
	0.712	0.000847107	0.00109504	0.908497	0	0.000991736	0.000330579	0.219512	0
	0.713	0.000702479	0.000826446	0.905229	0	0.000867769	0.000247934	0.219512	0
	0.714	0.000640496	0.00115702	0.901961	0	0.00130165	0.000371901	0.225	0
	0.715	0.000991736	0.000929752	0.901961	0	0.00105372	0.000495868	0.225	0
	0.716	0.000867769	0.000929752	0.904918	0	0.00113636	0.00035124	0.225	0
	0.717	0.000909091	0.000971074	0.904918	0	0.000971074	0.000557851	0.225	0
	0.718	0.00088843	0.000805785	0.904918	0	0.00103306	0.000371901	0.230769	0
	0.719	0.000743802	0.00113636	0.907895	0	0.00107438	0.000392562	0.230769	0
	0.72	0.000826446	0.00107438	0.907895	0	0.0011157	0.000495868	0.230769	0
	0.721	0.000785124	0.0010124	0.904605	0	0.000909091	0.000371901	0.216216	0
	0.722	0.000826446	0.000847107	0.904605	0	0.00088843	0.000309917	0.216216	0
	0.723	0.000971074	0.00088843	0.904605	0	0.000619835	0.000330579	0.222222	0
	0.724	0.000909091	0.000847107	0.901316	0	0.000991736	0.000289256	0.222222	0
	0.725	0.0010124	0.00088843	0.901316	0	0.000971074	0.000516529	0.228571	0
	0.726	0.000805785	0.00109504	0.894737	0	0.00072314	0.000495868	0.235294	0
	0.727	0.00105372	0.00088843	0.894737	0	0.00103306	0.000454545	0.205882	0
	0.728	0.0010124	0.00103306	0.89769	0	0.0010124	0.00053719	0.205882	0
	0.729	0.000826446	0.0010124	0.894389	0	0.000557851	0.00018595	0.205882	0
	0.73	0.000991736	0.00103306	0.891089	0	0.000516529	0.000433884	0.205882	0
	0.731	0.0011157	0.000971074	0.891089	0	0.000971074	0.00035124	0.205882	0
	0.732	0.000991736	0.00088843	0.89404	0	0.000640496	0.000268595	0.212121	0
	0.733	0.00107438	0.00105372	0.89701	0	0.000826446	0.00053719	0.212121	0
	0.734	0.00107438	0.00088843	0.893688	0	0.000702479	0.000495868	0.21875	0
	0.735	0.000929752	0.00088843	0.896667	0	0.000516529	0.000392562	0.225806	0
	0.736	0.000929752	0.000826446	0.893333	0	0.000743802	0.000413223	0.225806	0
	0.737	0.00107438	0.000991736	0.886667	0	0.000619835	0.00035124	0.233333	0
	0.738	0.000950413	0.000950413	0.883333	0	0.000599174	0.00035124	0.172414	0
	0.739	0.000909091	0.000929752	0.88	0	0.000392562	0.000330579	0.178571	0
	0.74	0.000909091	0.000971074	0.879599	0	0.000516529	0.000371901	0.192308	0
	0.741	0.000909091	0.00088843	0.87291	0	0.000495868	0.000268595	0.2	0
	0.742	0.000826446	0.00105372	0.87291	0	0.000433884	0.00035124	0.208333	0
	0.743	0.000971074	0.000991736	0.87291	0	0.000433884	0.000330579	0.208333	0
	0.744	0.000702479	0.00103306	0.87291	0	0.000268595	0.000392562	0.208333	0
	0.745	0.0010124	0.00117769	0.875839	0	0.000371901	0.000371901	0.208333	0
	0.746	0.00088843	0.000847107	0.884746	0	0.000371901	0.00035124	0.217391	0
	0.747	0.00126033	0.00103306	0.884746	0	0.000661157	0.00035124	0.217391	0
	0.748	0.00130165	0.000826446	0.887755	0	0.000454545	0.000475207	0.217391	0
	0.749	0.000826446	0.000867769	0.887755	0	0.000289256	0.00035124	0.25	0
	0.75	0.00115702	0.00088843	0.887372	0	0.000330579	0.000371901	0.25	0
	0.751	0.00109504	0.00113636	0.880546	0	0.00053719	0.000206612	0.25	0
	0.752	0.000950413	0.000640496	0.880546	0	0.000413223	0.00053719	0.263158	0
	0.753	0.00134298	0.00113636	0.883562	0	0.000413223	0.000330579	0.263158	0
	0.754	0.00105372	0.00107438	0.883562	0	0.000392562	0.000413223	0.235294	0
	0.755	0.000971074	0.000826446	0.886598	0	0.000516529	0.000454545	0.235294	0
	0.756	0.000867769	0.00109504	0.892734	0	0.000309917	0.000433884	0.1875	0
	0.757	0.00088843	0.000785124	0.889273	0	0.00035124	0.000330579	0.1875	0
	0.758	0.000971074	0.00109504	0.885813	0	0.000227273	0.00035124	0.2	0
	0.759	0.00109504	0.00113636	0.891986	0	0.000371901	0.000433884	0.2	0
	0.76	0.00119835	0.000867769	0.891986	0	0.000495868	0.000227273	0.133333	0
	0.761	0.000991736	0.000991736	0.895105	0	0.000247934	0.00018595	0.153846	0
	0.762	0.00113636	0.00117769	0.895105	0	0.000268595	0.000227273	0.153846	0
	0.763	0.00117769	0.000764463	0.895105	0	0.000289256	0.00035124	0.166667	0
	0.764	0.00142562	0.00109504	0.895105	0	0.000309917	0.000330579	0.166667	0
	0.765	0.00105372	0.00115702	0.891228	0	0.000413223	0.000392562	0.166667	0
	0.766	0.00140496	0.000826446	0.887719	0	0.000433884	0.000247934	0.181818	0
	0.767	0.00103306	0.000764463	0.880702	0	0.000516529	0.000392562	0.181818	0
	0.768	0.00126033	0.000867769	0.877193	0	0.000227273	0.000371901	0.181818	0
	0.769	0.00134298	0.000764463	0.870175	0	0.000268595	0.000309917	0.181818	0
	0.77	0.00121901	0.00088843	0.870175	0	0.000289256	0.000289256	0.181818	0
	0.771	0.00165289	0.00105372	0.869718	0	0.000289256	0.000268595	0.181818	0
	0.772	0.0011157	0.000826446	0.872792	0	0.000371901	0.000392562	0.2	0
	0.773	0.00115702	0.00103306	0.869258	0	0.00035124	0.00035124	0.2	0
	0.774	0.00161157	0.000929752	0.862191	0	0.00035124	0.00018595	0.2	0
	0.775	0.00121901	0.00113636	0.862191	0	0.000289256	0.000227273	0.2	0
	0.776	0.00113636	0.000929752	0.868327	0	0.000289256	0.000289256	0.2	0
	0.777	0.00113636	0.00088843	0.868327	0	0.000309917	0.000227273	0.222222	0
	0.778	0.00117769	0.000702479	0.868327	0	0.00035124	0.000289256	0.222222	0
	0.779	0.00130165	0.000805785	0.871429	0	0.000309917	0.000165289	0.222222	0
	0.78	0.000867769	0.000826446	0.874552	0	0.000247934	0.000392562	0.222222	0
	0.781	0.00123967	0.00107438	0.874101	0	0.000289256	0.000206612	0.222222	0
	0.782	0.000991736	0.00121901	0.877256	0	0.000392562	0.000247934	0.222222	0
	0.783	0.00130165	0.00128099	0.880435	0	0.000227273	0.000247934	0.222222	0
	0.784	0.000764463	0.000909091	0.876812	0	0.000227273	0.000309917	0.222222	0
	0.785	0.00103306	0.00103306	0.876812	0	0.000227273	0.000330579	0.222222	0
	0.786	0.000909091	0.000929752	0.876812	0	0.000206612	0.000268595	0.25	0
	0.787	0.00107438	0.00103306	0.873188	0	0.000289256	0.000123967	0.25	0
	0.788	0.000991736	0.000867769	0.869565	0	0.000123967	0.000247934	0.25	0
	0.789	0.000991736	0.0010124	0.865942	0	0.000227273	0.000206612	0.285714	0
	0.79	0.000971074	0.000867769	0.865942	0	0.000206612	0.000371901	0.285714	0
	0.791	0.000826446	0.000847107	0.869091	0	6.19835e-05	0.000454545	0.285714	0
	0.792	0.0010124	0.000867769	0.869091	0	0.000144628	0.00018595	0.285714	0
	0.793	0.00132231	0.000991736	0.868613	0	0.000103306	0.000309917	0.285714	0
	0.794	0.0010124	0.000991736	0.864964	0	6.19835e-05	0.000144628	0.285714	0
	0.795	0.000929752	0.000929752	0.871324	0	0.000227273	0.000247934	0.285714	0
	0.796	0.000847107	0.00123967	0.874539	0	0.000144628	0.000206612	0.285714	0
	0.797	0.00115702	0.000909091	0.874539	0	0.000165289	0.000144628	0.285714	0
	0.798	0.00117769	0.000702479	0.87037	0	0.000227273	0.000268595	0.285714	0
	0.799	0.00132231	0.0010124	0.873606	0	0.000123967	0.000309917	0.285714	0
	0.8	0.00119835	0.000950413	0.876866	0	0.000123967	0.000206612	0.285714	0
	0.801	0.00105372	0.00103306	0.883459	0	6.19835e-05	0.000268595	0.333333	0
	0.802	0.00115702	0.000805785	0.879699	0	0.000103306	0.000268595	0.166667	0
	0.803	0.000991736	0.0011157	0.879245	0	4.13223e-05	0.000433884	0.166667	0
	0.804	0.00107438	0.00107438	0.879245	0	8.26446e-05	0.000247934	0.166667	0
	0.805	0.00103306	0.000929752	0.879245	0	8.26446e-05	0.000371901	0.166667	0
	0.806	0.0011157	0.000971074	0.879245	0	2.06612e-05	0.000227273	0.166667	0
	0.807	0.00130165	0.00105372	0.882576	0	6.19835e-05	0.000247934	0.166667	0
	0.808	0.000909091	0.000929752	0.885932	0	6.19835e-05	0.000144628	0.166667	0
	0.809	0.000847107	0.000805785	0.889313	0	6.19835e-05	0.000247934	0.166667	0
	0.81	0.000764463	0.000805785	0.885496	0	4.13223e-05	0.000206612	0.2	0
	0.811	0.00130165	0.000826446	0.881679	0	8.26446e-05	0.000123967	0.2	0
	0.812	0.00130165	0.00105372	0.885057	0	0	0.000330579	0.2	0
	0.813	0.00117769	0.00088843	0.888462	0	0.000103306	0.000247934	0.2	0
	0.814	0.00130165	0.00105372	0.895349	0	0	0.000206612	0.2	0
	0.815	0.0010124	0.000867769	0.895349	0	2.06612e-05	0.000123967	0.2	0
	0.816	0.000867769	0.000929752	0.898833	0	2.06612e-05	0.00035124	0.2	0
	0.817	0.00088843	0.0010124	0.898833	0	0	0.000123967	0.2	0
	0.818	0.0010124	0.000764463	0.898833	0	0	0.000103306	0.2	0
	0.819	0.00109504	0.0011157	0.898833	0	2.06612e-05	0.000247934	0.2	0
	0.82	0.000743802	0.0010124	0.891051	0	4.13223e-05	0.000123967	0.2	0
	0.821	0.00115702	0.000847107	0.891051	0	2.06612e-05	0.00018595	0.25	0
	0.822	0.000599174	0.00117769	0.894531	0	0	0.00018595	0.25	0
	0.823	0.000929752	0.00103306	0.894531	0	0.000103306	0.000123967	0.25	0
	0.824	0.000785124	0.000867769	0.894118	0	4.13223e-05	0.000103306	0.333333	0
	0.825	0.000785124	0.00121901	0.894118	0	2.06612e-05	0.000227273	0.5	0
	0.826	0.000743802	0.00126033	0.897638	0	2.06612e-05	0.00018595	0.5	0
	0.827	0.00103306	0.00107438	0.893701	0	2.06612e-05	0.00018595	0.5	0
	0.828	0.000764463	0.000950413	0.889764	0	2.06612e-05	0.000289256	0.5	0
	0.829	0.000929752	0.000991736	0.893281	0	2.06612e-05	0.00018595	0.5	0
	0.83	0.000971074	0.000847107	0.889328	0	0	0.000268595	0.5	0
	0.831	0.000991736	0.00103306	0.892857	0	0	0.000123967	0.5	0
	0.832	0.000764463	0.000991736	0.892857	0	0.000103306	0.000144628	0.5	0
	0.833	0.000805785	0.000909091	0.896414	0	2.06612e-05	0.000206612	0.5	0
	0.834	0.000764463	0.00117769	0.9	0	4.13223e-05	0.000123967	0.5	0
	0.835	0.000826446	0.000971074	0.899598	0	2.06612e-05	0.000206612	0.5	0
	0.836	0.00072314	0.000867769	0.910569	0	4.13223e-05	0.000206612	0.5	0
	0.837	0.000640496	0.000991736	0.910569	0	8.26446e-05	0.000123967	0.5	0
	0.838	0.000578512	0.00113636	0.914286	0	0.000103306	0.000206612	0.5	0
	0.839	0.00072314	0.0010124	0.914286	0	8.26446e-05	0.000206612	0.5	0
	0.84	0.000764463	0.00105372	0.917695	0	4.13223e-05	0.00018595	0.5	0
	0.841	0.000764463	0.00109504	0.917695	0	6.19835e-05	0.000144628	0.5	0
	0.842	0.000702479	0.00103306	0.917695	0	0	0.000165289	0.5	0
	0.843	0.000495868	0.00109504	0.91358	0	6.19835e-05	0.000123967	0.5	0
	0.844	0.000640496	0.00107438	0.91358	0	8.26446e-05	0.00018595	0.5	0
	0.845	0.000971074	0.00117769	0.91358	0	0.000123967	0.000144628	0.5	0
	0.846	0.000785124	0.00088843	0.917012	0	6.19835e-05	0.000165289	0.5	0
	0.847	0.000826446	0.000929752	0.912863	0	0.000103306	0.000123967	0.5	0
	0.848	0.000805785	0.000909091	0.908714	0	6.19835e-05	0.000165289	0.5	0
	0.849	0.000681818	0.0010124	0.908714	0	6.19835e-05	0.000103306	0.5	0
	0.85	0.000557851	0.00107438	0.9125	0	4.13223e-05	0.000123967	0.5	0
	0.851	0.000785124	0.00105372	0.903766	0	6.19835e-05	0.000144628	0.5	0
	0.852	0.000971074	0.00115702	0.907563	0	0	0.000123967	0.5	0
	0.853	0.000929752	0.000826446	0.903361	0	8.26446e-05	8.26446e-05	0.5	0
	0.854	0.000971074	0.00115702	0.89916	0	0.000103306	0.000103306	0.5	0
	0.855	0.00072314	0.000929752	0.90678	0	0	0.000165289	0.5	0
	0.856	0.000785124	0.000971074	0.90678	0	8.26446e-05	0.000206612	0.5	0
	0.857	0.000991736	0.00088843	0.906383	0	6.19835e-05	0.000103306	0.5	0
	0.858	0.000929752	0.00140496	0.906383	0	0	8.26446e-05	0.5	0
	0.859	0.000867769	0.00132231	0.906383	0	6.19835e-05	8.26446e-05	0.5	0
	0.86	0.000950413	0.0011157	0.906383	0	0	0.000103306	0.5	0
	0.861	0.000929752	0.00126033	0.910256	0	2.06612e-05	0.000144628	0.5	0
	0.862	0.000991736	0.0010124	0.909871	0	0	0.000123967	0.5	0
	0.863	0.000847107	0.00113636	0.905579	0	0	0.000103306	0.5	0
	0.864	0.000805785	0.00123967	0.901288	0	0	0.00018595	0.5	0
	0.865	0.000764463	0.00105372	0.901288	0	2.06612e-05	0.000144628	0.5	0
	0.866	0.000929752	0.000909091	0.896996	0	2.06612e-05	6.19835e-05	0.5	0
	0.867	0.000971074	0.000847107	0.888412	0	0	8.26446e-05	0.5	0
	0.868	0.00088843	0.00113636	0.892241	0	0	0.000103306	0.5	0
	0.869	0.00115702	0.0010124	0.892241	0	0	0.00018595	0.5	0
	0.87	0.000991736	0.00140496	0.892241	0	0	0.000123967	0.5	0
	0.871	0.000826446	0.00123967	0.891775	0	0	8.26446e-05	0.5	0
	0.872	0.000971074	0.00126033	0.887446	0	0	8.26446e-05	0.5	0
	0.873	0.000826446	0.00113636	0.886957	0	2.06612e-05	4.13223e-05	0.5	0
	0.874	0.000991736	0.00144628	0.886957	0	0	8.26446e-05	1	0
	0.875	0.000929752	0.0010124	0.890351	0	0	2.06612e-05	1	0
	0.876	0.00117769	0.00130165	0.885965	0	0	8.26446e-05	1	0
	0.877	0.000929752	0.00117769	0.881579	0	0	8.26446e-05	1	0
	0.878	0.0010124	0.0011157	0.877193	0	0	2.06612e-05	1	0
	0.879	0.00088843	0.0013843	0.877193	0	0	8.26446e-05	1	0
	0.88	0.00117769	0.0011157	0.872807	0	0	0.000103306	1	0
	0.881	0.00109504	0.00144628	0.872247	0	0	0.000165289	1	0
	0.882	0.0011157	0.00132231	0.863436	0	0	8.26446e-05	1	0
	0.883	0.000826446	0.00107438	0.867257	0	0	6.19835e-05	1	0
	0.884	0.00121901	0.0010124	0.871111	0	0	6.19835e-05	1	0
	0.885	0.00123967	0.00134298	0.874439	0	0	0.000103306	1	0
	0.886	0.00119835	0.00132231	0.874439	0	0	0.000144628	1	0
	0.887	0.00123967	0.00150826	0.869955	0	0	4.13223e-05	1	0
	0.888	0.00109504	0.00121901	0.865471	0	0	0.000103306	1	0
	0.889	0.00117769	0.00121901	0.856502	0	0	0.000103306	1	0
	0.89	0.00154959	0.00105372	0.847534	0	0	0.000103306	1	0
	0.891	0.00154959	0.0014876	0.847534	0	0	8.26446e-05	1	0
	0.892	0.00134298	0.00121901	0.843049	0	0	0.000144628	1	0
	0.893	0.00128099	0.00157025	0.838565	0	0	8.26446e-05	1	0
	0.894	0.00123967	0.00109504	0.842342	0	0	8.26446e-05	1	0
	0.895	0.00179752	0.00146694	0.842342	0	0	8.26446e-05	1	0
	0.896	0.00150826	0.00157025	0.846154	0	0	8.26446e-05	1	0
	0.897	0.0014876	0.00136364	0.85	0	0	0.000144628	1	0
	0.898	0.00136364	0.00146694	0.853881	0	0	8.26446e-05	1	0
	0.899	0.00163223	0.00157025	0.853881	0	0	0	1	0
	0.9	0.00177686	0.00123967	0.853881	0	0	4.13223e-05	1	0
	0.901	0.00146694	0.00134298	0.861751	0	0	0.000123967	1	0
	0.902	0.00188017	0.00117769	0.861751	0	0	0	1	0
	0.903	0.00142562	0.00150826	0.861111	0	0	8.26446e-05	1	0
	0.904	0.00146694	0.0014876	0.856481	0	0	0.000103306	1	0
	0.905	0.00165289	0.00157025	0.851852	0	2.06612e-05	2.06612e-05	1	0
	0.906	0.00161157	0.0013843	0.851852	0	0	6.19835e-05	0	0
	0.907	0.0014876	0.00123967	0.855814	0	4.13223e-05	2.06612e-05	0	0
	0.908	0.00161157	0.00121901	0.85514	0	2.06612e-05	4.13223e-05	0	0
	0.909	0.00194215	0.00150826	0.850467	0	0	6.19835e-05	0	0
	0.91	0.00136364	0.00107438	0.841121	0	2.06612e-05	4.13223e-05	0	0
	0.911	0.00173554	0.00159091	0.84507	0	2.06612e-05	4.13223e-05	0	0
	0.912	0.00163223	0.00119835	0.84434	0	2.06612e-05	4.13223e-05	0	0
	0.913	0.00150826	0.0017562	0.843602	0	2.06612e-05	2.06612e-05	0	0
	0.914	0.00134298	0.00144628	0.847619	0	4.13223e-05	0	0	0
	0.915	0.00123967	0.00132231	0.847619	0	4.13223e-05	6.19835e-05	0	0
	0.916	0.0017562	0.00179752	0.84689	0	4.13223e-05	2.06612e-05	0	0
	0.917	0.00130165	0.00181818	0.850242	0	6.19835e-05	6.19835e-05	0	0
	0.918	0.00146694	0.0017562	0.854369	0	2.06612e-05	8.26446e-05	0	0
	0.919	0.00130165	0.00144628	0.849515	0	6.19835e-05	4.13223e-05	0	0
	0.92	0.00132231	0.00150826	0.84466	0	2.06612e-05	6.19835e-05	0	0
	0.921	0.00144628	0.00109504	0.839806	0	4.13223e-05	2.06612e-05	0	0
	0.922	0.00123967	0.00173554	0.843902	0	8.26446e-05	6.19835e-05	0	0
	0.923	0.00130165	0.00163223	0.848039	0	0.000103306	6.19835e-05	0	0
	0.924	0.00128099	0.00134298	0.856436	0	0.000144628	0	0	0
	0.925	0.0013843	0.00194215	0.851485	0	0.000123967	2.06612e-05	0	0
	0.926	0.00117769	0.00171488	0.85	0	6.19835e-05	6.19835e-05	0	0
	0.927	0.00123967	0.00165289	0.835	0	6.19835e-05	2.06612e-05	0	0
	0.928	0.00140496	0.00146694	0.839196	0	0.000144628	6.19835e-05	0	0
	0.929	0.00128099	0.00204545	0.843434	0	0.000103306	0	0	0
	0.93	0.00113636	0.00169421	0.843434	0	0.000103306	4.13223e-05	0	0
	0.931	0.00140496	0.00167355	0.832487	0	0.000103306	6.19835e-05	0	0
	0.932	0.00115702	0.00154959	0.845361	0	4.13223e-05	0	0	0
	0.933	0.00136364	0.00179752	0.840206	0	4.13223e-05	0	0	0
	0.934	0.00123967	0.0022314	0.839378	0	0.000103306	0	0	0
	0.935	0.00130165	0.0013843	0.842932	0	2.06612e-05	4.13223e-05	0	0
	0.936	0.00171488	0.00181818	0.846561	0	2.06612e-05	0	0	0
	0.937	0.0014876	0.00190083	0.829787	0	6.19835e-05	6.19835e-05	0	0
	0.938	0.00179752	0.00154959	0.824468	0	6.19835e-05	4.13223e-05	0	0
	0.939	0.00179752	0.00192149	0.797872	0	8.26446e-05	2.06612e-05	0	0
	0.94	0.00177686	0.00190083	0.781915	0	2.06612e-05	0	0	0
	0.941	0.00235537	0.00181818	0.780749	0	4.13223e-05	0	0	0
	0.942	0.00206612	0.00208678	0.759358	0	2.06612e-05	0	0	0
	0.943	0.00231405	0.00206612	0.751351	0	0	2.06612e-05	0	0
	0.944	0.00243802	0.00198347	0.73913	0	0	4.13223e-05	0	0
	0.945	0.00320248	0.00198347	0.728261	0	0	2.06612e-05	0	0
	0.946	0.00307851	0.00190083	0.711957	0	0	0	0	0
	0.947	0.00309917	0.00233471	0.704918	0	0	0	0	0
	0.948	0.00330579	0.00204545	0.703297	0	2.06612e-05	0	0	0
	0.949	0.00357438	0.00200413	0.692308	0	0	2.06612e-05	0	0
	0.95	0.00407025	0.00204545	0.672222	0	0	0	0	0
	0.951	0.00392562	0.00190083	0.644444	0	0	0	0	0
	0.952	0.00452479	0.00214876	0.633333	0	0	0	0	0
	0.953	0.00446281	0.00196281	0.625698	0	0	2.06612e-05	0	0
	0.954	0.0052686	0.00270661	0.625698	0	0	0	0	0
	0.955	0.005	0.00188017	0.617978	0	0	0	0	0
	0.956	0.00489669	0.00237603	0.601124	0	0	0	0	0
	0.957	0.00524793	0.00216942	0.589888	0	0	2.06612e-05	0	0
	0.958	0.0057438	0.00229339	0.581921	0	0	0	0	0
	0.959	0.0057438	0.00233471	0.582857	0	0	0	0	0
	0.96	0.00580579	0.0022314	0.545977	0	0	2.06612e-05	0	0
	0.961	0.0071281	0.00266529	0.537572	0	0	2.06612e-05	0	0
	0.962	0.00557851	0.00219008	0.532164	0	0	4.13223e-05	0	0
	0.963	0.00621901	0.00278926	0.532934	0	0	2.06612e-05	0	0
	0.964	0.00617769	0.00254132	0.518072	0	0	2.06612e-05	0	0
	0.965	0.00541322	0.00235537	0.521212	0	0	0	0	0
	0.966	0.00609504	0.00254132	0.521472	0	0	2.06612e-05	0	0
	0.967	0.0053719	0.00278926	0.521739	0	0	0	0	0
	0.968	0.0060124	0.0027686	0.51875	0	0	0	0	0
	0.969	0.0056405	0.00260331	0.503145	0	0	0	0	0
	0.97	0.00607438	0.00231405	0.50641	0	0	0	0	0
	0.971	0.00561983	0.00245868	0.506579	0	0	2.06612e-05	0	0
	0.972	0.00576446	0.00206612	0.506849	0	0	0	0	0
	0.973	0.00541322	0.00247934	0.5	0	0	0	0	0
	0.974	0.00528926	0.00252066	0.492647	0	0	0	0	0
	0.975	0.00508264	0.00225207	0.480916	0	0	0	0	0
	0.976	0.00506198	0.00202479	0.465116	0	0	0	0	0
	0.977	0.00559917	0.00188017	0.428571	0	0	0	0	0
	0.978	0.0053719	0.00245868	0.416	0	0	0	0	0
	0.979	0.00568182	0.00196281	0.406504	0	0	0	0	0
	0.98	0.00572314	0.00200413	0.389831	0	0	0	0	0
	0.981	0.00681818	0.0018595	0.382609	0	0	0	0	0
	0.982	0.0075	0.00171488	0.376147	0	0	2.06612e-05	0	0
	0.983	0.00727273	0.00227273	0.346154	0	0	0	0	0
	0.984	0.00758264	0.0022314	0.323232	0	0	0	0	0
	0.985	0.00801653	0.00188017	0.28866	0	0	0	0	0
	0.986	0.00791322	0.00190083	0.239583	0	0	0	0	0
	0.987	0.00956612	0.00204545	0.231579	0	0	0	0	0
	0.988	0.00907025	0.00146694	0.21978	0	0	0	0	0
	0.989	0.00894628	0.00183884	0.218391	0	0	0	0	0
	0.99	0.00942149	0.00157025	0.190476	0	0	0	0	0
	0.991	0.00911157	0.00126033	0.15	0	0	0	0	0
	0.992	0.00892562	0.00132231	0.146667	0	0	0	0	0
	0.993	0.00909091	0.00109504	0.114286	0	0	0	0	0
	0.994	0.00900826	0.000847107	0.0769231	0	0	0	0	0
	0.995	0.00840909	0.000847107	0.0163934	0	0	0	0	0
	0.996	0.00878099	0.000764463	0.0188679	0	0	0	0	0
	0.997	0.00921488	0.000454545	0.0222222	0	0	0	0	0
	0.998	0.00880165	0.000433884	0	0	0	0	0	0
	0.999	0.00667355	0.00035124	0	0	0	0	0	0
	1	0.00400826	0.000371901	0	0	0	0	0	0


#	yrange	sparsity	# links	zeta	support at cross	fraction FP	support at cross2	fraction FP2
	0	0	0	0.015393	0.942	0.321849	0.942	0.321849
	0.01	0	0	0.015393	0.942	0.321849	0.942	0.321849
