#	Frequencies and overlap
#	bins	MYC	shuffle	overlap_MYC	overlap_shuffle	SIGN_MYC	SIGNshuffle	SIGNoverlap_MYC	SIGNoverlap_shuffle
	0	0	0	1	1	0.423017	0.389545	0.740625	0
	0.001	0	0	1	1	0	0	0.740625	0
	0.002	0	0	1	1	0	0	0.740625	0
	0.003	0	0	1	1	0	0	0.740625	0
	0.004	0	0	1	1	0	0	0.740625	0
	0.005	0	0	1	1	0	0	0.740625	0
	0.006	0	0	1	1	0	0	0.740625	0
	0.007	0	0	1	1	0	0	0.740625	0
	0.008	0	0	1	1	0	0	0.740625	0
	0.009	0	0	1	1	0	0	0.740625	0
	0.01	0	0	1	1	0	0	0.740625	0
	0.011	0	0	1	1	0	0	0.740625	0
	0.012	0	0	1	1	0	0	0.740625	0
	0.013	0	0	1	1	0	0	0.740625	0
	0.014	0	0	1	1	0	0	0.740625	0
	0.015	0	0	1	1	0	0	0.740625	0
	0.016	0	0	1	1	0	0	0.740625	0
	0.017	0	0	1	1	0	0	0.740625	0
	0.018	0	0	1	1	0	0	0.740625	0
	0.019	0	0	1	1	0	0	0.740625	0
	0.02	0	0	1	1	0	0	0.740625	0
	0.021	0	0	1	1	0	0	0.740625	0
	0.022	0	0	1	1	0	0	0.740625	0
	0.023	0	0	1	1	0	0	0.740625	0
	0.024	0	0	1	1	0	0	0.740625	0
	0.025	0	0	1	1	0	0	0.740625	0
	0.026	0	0	1	1	0	0	0.740625	0
	0.027	0	0	1	1	0	0	0.740625	0
	0.028	0	0	1	1	0	0	0.740625	0
	0.029	0	0	1	1	0	0	0.740625	0
	0.03	0	0	1	1	0	0	0.740625	0
	0.031	0	0	1	1	0	0	0.740625	0
	0.032	0	0	1	1	0	0	0.740625	0
	0.033	0	0	1	1	0	0	0.740625	0
	0.034	0	0	1	1	0	0	0.740625	0
	0.035	0	0	1	1	0	0	0.740625	0
	0.036	0	0	1	1	0	0	0.740625	0
	0.037	0	0	1	1	0	0	0.740625	0
	0.038	0	0	1	1	0	0	0.740625	0
	0.039	0	0	1	1	0	0	0.740625	0
	0.04	0	0	1	1	0	0	0.740625	0
	0.041	0	0	1	1	0	0	0.740625	0
	0.042	0	0	1	1	0	0	0.740625	0
	0.043	0	0	1	1	0	0	0.740625	0
	0.044	0	0	1	1	0	0	0.740625	0
	0.045	0	0	1	1	0	0	0.740625	0
	0.046	0	0	1	1	0	0	0.740625	0
	0.047	0	0	1	1	0	0	0.740625	0
	0.048	0	0	1	1	0	0	0.740625	0
	0.049	0	0	1	1	0	0	0.740625	0
	0.05	0	0	1	1	0	0	0.740625	0
	0.051	0	0	1	1	0	0	0.740625	0
	0.052	0	0	1	1	0	0	0.740625	0
	0.053	0	0	1	1	0	0	0.740625	0
	0.054	0	0	1	1	0	0	0.740625	0
	0.055	0	0	1	1	0	0	0.740625	0
	0.056	0	0	1	1	0	0	0.740625	0
	0.057	0	0	1	1	0	0	0.740625	0
	0.058	0	0	1	1	0	0	0.740625	0
	0.059	0	0	1	1	0	0	0.740625	0
	0.06	0	0	1	1	0	0	0.740625	0
	0.061	0	0	1	1	0	0	0.740625	0
	0.062	0	0	1	1	0	0	0.740625	0
	0.063	0	0	1	1	0	0	0.740625	0
	0.064	0	0	1	1	0	0	0.740625	0
	0.065	0	0	1	1	0	0	0.740625	0
	0.066	0	0	1	1	0	0	0.740625	0
	0.067	0	0	1	1	0	0	0.740625	0
	0.068	0	0	1	1	0	0	0.740625	0
	0.069	0	0	1	1	0	0	0.740625	0
	0.07	0	0	1	1	0	0	0.740625	0
	0.071	0	0	1	1	0	0	0.740625	0
	0.072	0	0	1	1	0	0	0.740625	0
	0.073	0	0	1	1	0	0	0.740625	0
	0.074	0	0	1	1	0	0	0.740625	0
	0.075	0	0	1	1	0	0	0.740625	0
	0.076	0	0	1	1	0	0	0.740625	0
	0.077	0	0	1	1	0	0	0.740625	0
	0.078	0	0	1	1	0	0	0.740625	0
	0.079	0	0	1	1	0	0	0.740625	0
	0.08	0	0	1	1	0	0	0.740625	0
	0.081	0	0	1	1	0	0	0.740625	0
	0.082	0	0	1	1	0	0	0.740625	0
	0.083	0	0	1	1	0	0	0.740625	0
	0.084	0	0	1	1	0	0	0.740625	0
	0.085	0	0	1	1	0	0	0.740625	0
	0.086	0	0	1	1	0	0	0.740625	0
	0.087	0	0	1	1	0	0	0.740625	0
	0.088	0	0	1	1	0	0	0.740625	0
	0.089	0	0	1	1	0	0	0.740625	0
	0.09	0	0	1	1	0	0	0.740625	0
	0.091	0	0	1	1	0	0	0.740625	0
	0.092	0	0	1	1	0	0	0.740625	0
	0.093	0	0	1	1	0	0	0.740625	0
	0.094	0	0	1	1	0	0	0.740625	0
	0.095	0	0	1	1	0	0	0.740625	0
	0.096	0	0	1	1	0	0	0.740625	0
	0.097	0	0	1	1	0	0	0.740625	0
	0.098	0	0	1	1	0	0	0.740625	0
	0.099	0	0	1	1	0	0	0.740625	0
	0.1	0	0	1	1	0	0	0.740625	0
	0.101	0	0	1	1	0	0	0.740625	0
	0.102	0	0	1	1	0	0	0.740625	0
	0.103	0	0	1	1	0	0	0.740625	0
	0.104	0	0	1	1	0	0	0.740625	0
	0.105	0	0	1	1	0	0	0.740625	0
	0.106	0	0	1	1	0	0	0.740625	0
	0.107	0	0	1	1	0	0	0.740625	0
	0.108	0	0	1	1	0	0	0.740625	0
	0.109	0	0	1	1	0	0	0.740625	0
	0.11	0	0	1	1	0	0	0.740625	0
	0.111	0	0	1	1	0	0	0.740625	0
	0.112	0	0	1	1	0	0	0.740625	0
	0.113	0	0	1	1	0	0	0.740625	0
	0.114	0	0	1	1	0	0	0.740625	0
	0.115	0	0	1	1	0	0	0.740625	0
	0.116	0	0	1	1	0	0	0.740625	0
	0.117	0	0	1	1	0	0	0.740625	0
	0.118	0	0	1	1	0	0	0.740625	0
	0.119	0	0	1	1	0	0	0.740625	0
	0.12	0	0	1	1	0	0	0.740625	0
	0.121	0	0	1	1	0	0	0.740625	0
	0.122	0	0	1	1	0	0	0.740625	0
	0.123	0	0	1	1	0	0	0.740625	0
	0.124	0	0	1	1	0	0	0.740625	0
	0.125	0	0	1	1	0	0	0.740625	0
	0.126	0	0	1	1	0	0	0.740625	0
	0.127	0	0	1	1	0	0	0.740625	0
	0.128	0	0	1	1	0	0	0.740625	0
	0.129	0	0	1	1	0	0	0.740625	0
	0.13	0	0	1	1	0	0	0.740625	0
	0.131	0	0	1	1	0	0	0.740625	0
	0.132	0	0	1	1	0	0	0.740625	0
	0.133	0	0	1	1	0	0	0.740625	0
	0.134	0	0	1	1	0	0	0.740625	0
	0.135	0	0	1	1	0	0	0.740625	0
	0.136	0	0	1	1	0	0	0.740625	0
	0.137	0	0	1	1	0	0	0.740625	0
	0.138	0	0	1	1	0	0	0.740625	0
	0.139	0	0	1	1	0	0	0.740625	0
	0.14	0	0	1	1	0	0	0.740625	0
	0.141	0	0	1	1	0	0	0.740625	0
	0.142	0	0	1	1	0	0	0.740625	0
	0.143	0	0	1	1	0	0	0.740625	0
	0.144	0	0	1	1	0	0	0.740625	0
	0.145	0	0	1	1	0	0	0.740625	0
	0.146	0	0	1	1	0	0	0.740625	0
	0.147	0	0	1	1	0	0	0.740625	0
	0.148	0	0	1	1	0	0	0.740625	0
	0.149	0	0	1	1	0	0	0.740625	0
	0.15	0	0	1	1	0	0	0.740625	0
	0.151	0	0	1	1	0	0	0.740625	0
	0.152	0	0	1	1	0	0	0.740625	0
	0.153	0	0	1	1	0	0	0.740625	0
	0.154	0	0	1	1	0	0	0.740625	0
	0.155	0	0	1	1	0	0	0.740625	0
	0.156	0	0	1	1	0	0	0.740625	0
	0.157	0	0	1	1	0	0	0.740625	0
	0.158	0	0	1	1	0	0	0.740625	0
	0.159	0	0	1	1	0	0	0.740625	0
	0.16	0	0	1	1	0	0	0.740625	0
	0.161	0	0	1	1	0	0	0.740625	0
	0.162	0	0	1	1	0	0	0.740625	0
	0.163	0	0	1	1	0	0	0.740625	0
	0.164	0	0	1	1	0	0	0.740625	0
	0.165	0	0	1	1	0	0	0.740625	0
	0.166	0	0	1	1	0	0	0.740625	0
	0.167	0	0	1	1	0	0	0.740625	0
	0.168	0	0	1	1	0	0	0.740625	0
	0.169	0	0	1	1	0	0	0.740625	0
	0.17	0	0	1	1	0	0	0.740625	0
	0.171	0	0	1	1	0	0	0.740625	0
	0.172	0	0	1	1	0	0	0.740625	0
	0.173	0	0	1	1	0	0	0.740625	0
	0.174	0	0	1	1	0	0	0.740625	0
	0.175	0	0	1	1	0	0	0.740625	0
	0.176	0	0	1	1	0	0	0.740625	0
	0.177	0	0	1	1	0	0	0.740625	0
	0.178	0	0	1	1	0	0	0.740625	0
	0.179	0	0	1	1	0	0	0.740625	0
	0.18	0	0	1	1	0	0	0.740625	0
	0.181	0	0	1	1	0	0	0.740625	0
	0.182	0	0	1	1	0	0	0.740625	0
	0.183	0	0	1	1	0	0	0.740625	0
	0.184	0	0	1	1	0	0	0.740625	0
	0.185	0	0	1	1	0	0	0.740625	0
	0.186	0	0	1	1	0	0	0.740625	0
	0.187	0	0	1	1	0	0	0.740625	0
	0.188	0	0	1	1	0	0	0.740625	0
	0.189	0	0	1	1	0	0	0.740625	0
	0.19	0	0	1	1	0	0	0.740625	0
	0.191	0	0	1	1	0	0	0.740625	0
	0.192	0	0	1	1	0	0	0.740625	0
	0.193	0	0	1	1	0	0	0.740625	0
	0.194	0	0	1	1	0	0	0.740625	0
	0.195	0	0	1	1	0	0	0.740625	0
	0.196	0	0	1	1	0	0	0.740625	0
	0.197	0	0	1	1	0	0	0.740625	0
	0.198	0	0	1	1	0	0	0.740625	0
	0.199	0	0	1	1	0	0	0.740625	0
	0.2	0	0	1	1	0	0	0.740625	0
	0.201	0	0	1	1	0	0	0.740625	0
	0.202	0	0	1	1	0	0	0.740625	0
	0.203	0	0	1	1	0	0	0.740625	0
	0.204	0	0	1	1	0	0	0.740625	0
	0.205	0	0	1	1	0	0	0.740625	0
	0.206	0	0	1	1	0	0	0.740625	0
	0.207	0	0	1	1	0	0	0.740625	0
	0.208	0	0	1	1	0	0	0.740625	0
	0.209	0	0	1	1	0	0	0.740625	0
	0.21	0	0	1	1	0	0	0.740625	0
	0.211	0	0	1	1	0	0	0.740625	0
	0.212	0	0	1	1	0	0	0.740625	0
	0.213	0	0	1	1	0	0	0.740625	0
	0.214	0	0	1	1	0	0	0.740625	0
	0.215	0	0	1	1	0	0	0.740625	0
	0.216	0	0	1	1	0	0	0.740625	0
	0.217	0	0	1	1	0	0	0.740625	0
	0.218	0	0	1	1	0	0	0.740625	0
	0.219	0	0	1	1	0	0	0.740625	0
	0.22	0	0	1	1	0	0	0.740625	0
	0.221	0	0	1	1	0	0	0.740625	0
	0.222	0	0	1	1	0	0	0.740625	0
	0.223	0	0	1	1	0	0	0.740625	0
	0.224	0	0	1	1	0	0	0.740625	0
	0.225	0	0	1	1	0	0	0.740625	0
	0.226	0	0	1	1	0	0	0.740625	0
	0.227	0	0	1	1	0	0	0.740625	0
	0.228	0	0	1	1	0	0	0.740625	0
	0.229	0	0	1	1	0	0	0.740625	0
	0.23	0	0	1	1	0	0	0.740625	0
	0.231	0	0	1	1	0	0	0.740625	0
	0.232	0	0	1	1	0	0	0.740625	0
	0.233	0	0	1	1	0	0	0.740625	0
	0.234	0	0	1	1	0	0	0.740625	0
	0.235	0	0	1	1	0	0	0.740625	0
	0.236	0	0	1	1	0	0	0.740625	0
	0.237	0	0	1	1	0	2.06612e-05	0.740625	0
	0.238	0	0	1	1	0	0	0.740625	0
	0.239	0	0	1	1	0	0	0.740625	0
	0.24	0	0	1	1	0	0	0.740625	0
	0.241	0	0	1	1	0	0	0.740625	0
	0.242	0	0	1	1	0	0	0.740625	0
	0.243	0	0	1	1	0	0	0.740625	0
	0.244	0	0	1	1	0	0	0.740625	0
	0.245	0	0	1	1	0	0	0.740625	0
	0.246	0	0	1	1	0	0	0.740625	0
	0.247	0	0	1	1	0	0	0.740625	0
	0.248	0	0	1	1	0	0	0.740625	0
	0.249	0	0	1	1	0	0	0.740625	0
	0.25	0	0	1	1	0	0	0.740625	0
	0.251	0	0	1	1	0	0	0.740625	0
	0.252	0	0	1	1	0	0	0.740625	0
	0.253	0	0	1	1	0	0	0.740625	0
	0.254	0	0	1	1	0	0	0.740625	0
	0.255	0	0	1	1	0	0	0.740625	0
	0.256	0	0	1	1	0	0	0.740625	0
	0.257	0	0	1	1	0	0	0.740625	0
	0.258	0	0	1	1	0	0	0.740625	0
	0.259	0	0	1	1	0	0	0.740625	0
	0.26	0	0	1	1	0	2.06612e-05	0.740625	0
	0.261	0	0	1	1	0	0	0.740625	0
	0.262	0	0	1	1	0	0	0.740625	0
	0.263	0	0	1	1	0	0	0.740625	0
	0.264	0	0	1	1	0	2.06612e-05	0.740625	0
	0.265	0	0	1	1	0	0	0.740625	0
	0.266	0	0	1	1	0	0	0.740625	0
	0.267	0	0	1	1	0	0	0.740625	0
	0.268	0	0	1	1	0	2.06612e-05	0.740625	0
	0.269	0	0	1	1	0	2.06612e-05	0.740625	0
	0.27	0	0	1	1	0	0	0.740625	0
	0.271	0	0	1	1	0	0	0.740625	0
	0.272	0	0	1	1	0	0	0.740625	0
	0.273	0	2.06612e-05	1	1	0	0	0.740625	0
	0.274	0	2.06612e-05	1	0.997934	0	0	0.740625	0
	0.275	0	0	1	0.995868	0	0	0.740625	0
	0.276	0	0	1	0.995868	0	0	0.740625	0
	0.277	0	0	1	0.995868	0	2.06612e-05	0.740625	0
	0.278	0	0	1	0.995868	0	2.06612e-05	0.740625	0
	0.279	0	0	1	0.995868	0	0	0.740625	0
	0.28	0	0	1	0.995868	0	0	0.740625	0
	0.281	0	0	1	0.995868	0	0	0.740625	0
	0.282	0	0	1	0.995868	0	0	0.740625	0
	0.283	0	0	1	0.995868	0	0	0.740625	0
	0.284	0	0	1	0.995868	0	0	0.740625	0
	0.285	0	0	1	0.995868	0	0	0.740625	0
	0.286	0	0	1	0.995868	0	0	0.740625	0
	0.287	0	0	1	0.995868	0	0	0.740625	0
	0.288	0	0	1	0.995868	0	0	0.740625	0
	0.289	0	0	1	0.995868	0	0	0.740625	0
	0.29	0	0	1	0.995868	0	0	0.740625	0
	0.291	0	0	1	0.995868	0	0	0.740625	0
	0.292	0	0	1	0.995868	0	0	0.740625	0
	0.293	0	0	1	0.995868	0	0	0.740625	0
	0.294	0	0	1	0.995868	0	0	0.740625	0
	0.295	0	0	1	0.995868	0	2.06612e-05	0.740625	0
	0.296	0	0	1	0.995868	0	0	0.740625	0
	0.297	0	0	1	0.995868	0	2.06612e-05	0.740625	0
	0.298	0	0	1	0.995868	0	0	0.740625	0
	0.299	0	0	1	0.995868	0	0	0.740625	0
	0.3	0	0	1	0.995868	0	0	0.740625	0
	0.301	0	0	1	0.995868	0	2.06612e-05	0.740625	0
	0.302	0	0	1	0.995868	0	0	0.740625	0
	0.303	0	0	1	0.995868	0	0	0.740625	0
	0.304	0	0	1	0.995868	0	2.06612e-05	0.740625	0
	0.305	0	0	1	0.995868	0	0	0.740625	0
	0.306	0	0	1	0.995868	0	0	0.740625	0
	0.307	0	0	1	0.995868	0	2.06612e-05	0.740625	0
	0.308	0	0	1	0.995868	0	0	0.740625	0
	0.309	0	0	1	0.995868	0	2.06612e-05	0.740625	0
	0.31	0	0	1	0.995868	0	0	0.740625	0
	0.311	0	0	1	0.995868	0	0	0.740625	0
	0.312	0	0	1	0.995868	0	2.06612e-05	0.740625	0
	0.313	0	0	1	0.995868	0	2.06612e-05	0.740625	0
	0.314	0	0	1	0.995868	0	0	0.740625	0
	0.315	0	0	1	0.995868	0	0	0.740625	0
	0.316	0	0	1	0.995868	0	2.06612e-05	0.740625	0
	0.317	0	0	1	0.995868	0	0	0.740625	0
	0.318	0	0	1	0.995868	0	0	0.740625	0
	0.319	0	0	1	0.995868	0	0	0.740625	0
	0.32	0	0	1	0.995868	0	0	0.740625	0
	0.321	0	0	1	0.995868	0	2.06612e-05	0.740625	0
	0.322	0	0	1	0.995868	0	0	0.740625	0
	0.323	0	0	1	0.995868	0	0	0.740625	0
	0.324	0	0	1	0.995868	0	0	0.740625	0
	0.325	0	0	1	0.995868	0	2.06612e-05	0.740625	0
	0.326	0	0	1	0.995868	0	0	0.740625	0
	0.327	0	0	1	0.995868	0	0	0.740625	0
	0.328	0	0	1	0.995868	0	0	0.740625	0
	0.329	0	0	1	0.995868	0	4.13223e-05	0.740625	0
	0.33	0	0	1	0.995868	0	0	0.740625	0
	0.331	0	0	1	0.995868	0	4.13223e-05	0.740625	0
	0.332	0	0	1	0.995868	0	0	0.740625	0
	0.333	0	0	1	0.995868	0	0	0.740625	0
	0.334	0	0	1	0.995868	0	2.06612e-05	0.740625	0
	0.335	0	0	1	0.995868	0	0	0.740625	0
	0.336	0	0	1	0.995868	0	0	0.740625	0
	0.337	0	0	1	0.995868	0	2.06612e-05	0.740625	0
	0.338	0	0	1	0.995868	0	4.13223e-05	0.740625	0
	0.339	0	0	1	0.995868	0	0	0.740625	0
	0.34	0	0	1	0.995868	0	4.13223e-05	0.740625	0
	0.341	0	0	1	0.995868	0	2.06612e-05	0.740625	0
	0.342	0	0	1	0.995868	0	0	0.740625	0
	0.343	0	0	1	0.995868	0	0	0.740625	0
	0.344	0	0	1	0.995868	0	0	0.740625	0
	0.345	0	0	1	0.995868	0	0	0.740625	0
	0.346	0	2.06612e-05	1	0.995868	0	0	0.740625	0
	0.347	0	0	1	0.993802	0	2.06612e-05	0.740625	0
	0.348	0	0	1	0.993802	0	6.19835e-05	0.740625	0
	0.349	0	0	1	0.993802	0	0	0.740625	0
	0.35	0	0	1	0.993802	0	2.06612e-05	0.740625	0
	0.351	0	0	1	0.993802	0	2.06612e-05	0.740625	0
	0.352	0	0	1	0.993802	0	0	0.740625	0
	0.353	0	0	1	0.993802	0	0	0.740625	0
	0.354	0	0	1	0.993802	0	0	0.740625	0
	0.355	0	0	1	0.993802	0	0	0.740625	0
	0.356	0	0	1	0.993802	0	2.06612e-05	0.740625	0
	0.357	0	0	1	0.993802	0	2.06612e-05	0.740625	0
	0.358	0	0	1	0.993802	0	0	0.740625	0
	0.359	0	0	1	0.993802	0	2.06612e-05	0.740625	0
	0.36	0	0	1	0.993802	0	0	0.740625	0
	0.361	0	0	1	0.993802	0	0	0.740625	0
	0.362	0	0	1	0.993802	0	2.06612e-05	0.740625	0
	0.363	0	0	1	0.993802	0	2.06612e-05	0.740625	0
	0.364	0	0	1	0.993802	0	0	0.740625	0
	0.365	0	0	1	0.993802	0	0	0.740625	0
	0.366	0	0	1	0.993802	0	0	0.740625	0
	0.367	0	0	1	0.993802	0	2.06612e-05	0.740625	0
	0.368	0	0	1	0.993802	0	0	0.740625	0
	0.369	0	0	1	0.993802	0	2.06612e-05	0.740625	0
	0.37	0	0	1	0.993802	0	2.06612e-05	0.740625	0
	0.371	0	0	1	0.993802	0	4.13223e-05	0.740625	0
	0.372	0	0	1	0.993802	0	0	0.740625	0
	0.373	0	2.06612e-05	1	0.993802	0	2.06612e-05	0.740625	0
	0.374	0	0	1	0.991736	0	2.06612e-05	0.740625	0
	0.375	0	0	1	0.991736	0	0	0.740625	0
	0.376	0	0	1	0.991736	0	0	0.740625	0
	0.377	0	0	1	0.991736	0	2.06612e-05	0.740625	0
	0.378	0	0	1	0.991736	0	4.13223e-05	0.740625	0
	0.379	0	0	1	0.991736	0	0	0.740625	0
	0.38	0	0	1	0.991736	0	2.06612e-05	0.740625	0
	0.381	0	0	1	0.991736	0	2.06612e-05	0.740625	0
	0.382	0	0	1	0.991736	0	0	0.740625	0
	0.383	0	0	1	0.991736	0	0	0.740625	0
	0.384	0	2.06612e-05	1	0.991736	0	6.19835e-05	0.740625	0
	0.385	0	0	1	0.989669	0	4.13223e-05	0.740625	0
	0.386	0	0	1	0.989669	0	4.13223e-05	0.740625	0
	0.387	0	0	1	0.989669	0	4.13223e-05	0.740625	0
	0.388	0	0	1	0.989669	0	8.26446e-05	0.740625	0
	0.389	0	0	1	0.989669	0	6.19835e-05	0.740625	0
	0.39	0	0	1	0.989669	0	0	0.740625	0
	0.391	0	0	1	0.989669	0	0	0.740625	0
	0.392	0	0	1	0.989669	0	4.13223e-05	0.740625	0
	0.393	0	0	1	0.989669	0	0	0.740625	0
	0.394	0	0	1	0.989669	0	4.13223e-05	0.740625	0
	0.395	0	0	1	0.989669	0	4.13223e-05	0.740625	0
	0.396	0	0	1	0.989669	0	0	0.740625	0
	0.397	0	0	1	0.989669	0	0	0.740625	0
	0.398	0	0	1	0.989669	0	2.06612e-05	0.740625	0
	0.399	0	0	1	0.989669	0	6.19835e-05	0.740625	0
	0.4	0	0	1	0.989669	0	2.06612e-05	0.740625	0
	0.401	0	0	1	0.989669	0	4.13223e-05	0.740625	0
	0.402	0	0	1	0.989669	0	2.06612e-05	0.740625	0
	0.403	0	0	1	0.989669	0	4.13223e-05	0.740625	0
	0.404	0	2.06612e-05	1	0.989669	0	0	0.740625	0
	0.405	0	0	1	0.987603	0	0	0.740625	0
	0.406	0	0	1	0.987603	0	0.000103306	0.740625	0
	0.407	0	0	1	0.987603	0	8.26446e-05	0.740625	0
	0.408	0	0	1	0.987603	0	6.19835e-05	0.740625	0
	0.409	0	0	1	0.987603	0	2.06612e-05	0.740625	0
	0.41	0	0	1	0.987603	0	2.06612e-05	0.740625	0
	0.411	0	0	1	0.987603	0	4.13223e-05	0.740625	0
	0.412	0	0	1	0.987603	0	2.06612e-05	0.740625	0
	0.413	0	0	1	0.987603	0	4.13223e-05	0.740625	0
	0.414	0	0	1	0.987603	0	0	0.740625	0
	0.415	0	0	1	0.987603	0	8.26446e-05	0.740625	0
	0.416	0	0	1	0.987603	0	2.06612e-05	0.740625	0
	0.417	0	0	1	0.987603	0	2.06612e-05	0.740625	0
	0.418	0	0	1	0.987603	0	4.13223e-05	0.740625	0
	0.419	0	0	1	0.987603	0	2.06612e-05	0.740625	0
	0.42	0	0	1	0.987603	0	8.26446e-05	0.740625	0
	0.421	0	0	1	0.987603	0	0.000103306	0.740625	0
	0.422	0	0	1	0.987603	0	6.19835e-05	0.740625	0
	0.423	0	0	1	0.987603	0	4.13223e-05	0.740625	0
	0.424	0	0	1	0.987603	0	0.000103306	0.740625	0
	0.425	0	0	1	0.987603	0	4.13223e-05	0.740625	0
	0.426	0	0	1	0.987603	0	4.13223e-05	0.740625	0
	0.427	0	0	1	0.987603	0	2.06612e-05	0.740625	0
	0.428	0	0	1	0.987603	0	4.13223e-05	0.740625	0
	0.429	0	0	1	0.987603	0	6.19835e-05	0.740625	0
	0.43	0	0	1	0.987603	0	0.000103306	0.740625	0
	0.431	0	0	1	0.987603	0	4.13223e-05	0.740625	0
	0.432	0	0	1	0.987603	0	6.19835e-05	0.740625	0
	0.433	0	2.06612e-05	1	0.987603	0	6.19835e-05	0.740625	0
	0.434	0	0	1	0.985537	0	8.26446e-05	0.740625	0
	0.435	0	0	1	0.985537	0	2.06612e-05	0.740625	0
	0.436	0	0	1	0.985537	0	2.06612e-05	0.740625	0
	0.437	0	0	1	0.985537	0	6.19835e-05	0.740625	0
	0.438	0	0	1	0.985537	0	0.000103306	0.740625	0
	0.439	0	0	1	0.985537	0	6.19835e-05	0.740625	0
	0.44	0	0	1	0.985537	0	6.19835e-05	0.740625	0
	0.441	0	0	1	0.985537	0	8.26446e-05	0.740625	0
	0.442	0	0	1	0.985537	0	0.000103306	0.740625	0
	0.443	0	0	1	0.985537	2.06612e-05	0.000123967	0.740625	0
	0.444	0	0	1	0.985537	0	6.19835e-05	0.7375	0
	0.445	0	2.06612e-05	1	0.985537	0	6.19835e-05	0.7375	0
	0.446	0	0	1	0.983471	0	0.00018595	0.7375	0
	0.447	0	0	1	0.983471	2.06612e-05	6.19835e-05	0.7375	0
	0.448	0	2.06612e-05	1	0.983471	2.06612e-05	4.13223e-05	0.7375	0
	0.449	0	0	1	0.981405	4.13223e-05	0.00018595	0.734375	0
	0.45	0	0	1	0.981405	4.13223e-05	8.26446e-05	0.734375	0
	0.451	0	0	1	0.981405	6.19835e-05	0.00018595	0.734375	0
	0.452	0	0	1	0.981405	6.19835e-05	8.26446e-05	0.734375	0
	0.453	0	0	1	0.981405	8.26446e-05	0.00018595	0.734375	0
	0.454	0	0	1	0.981405	0.000165289	8.26446e-05	0.73125	0
	0.455	0	0	1	0.981405	6.19835e-05	0.000103306	0.73125	0
	0.456	0	0	1	0.981405	0.000165289	0.000227273	0.73125	0
	0.457	0	0	1	0.981405	6.19835e-05	8.26446e-05	0.73125	0
	0.458	0	0	1	0.981405	4.13223e-05	0.000144628	0.73125	0
	0.459	0	2.06612e-05	1	0.981405	0.000123967	0.000144628	0.73125	0
	0.46	0	0	1	0.979339	0.00018595	0.000123967	0.73125	0
	0.461	0	0	1	0.979339	0.000123967	0.000123967	0.73125	0
	0.462	0	0	1	0.979339	0.000227273	0.000103306	0.73125	0
	0.463	0	0	1	0.979339	0.00018595	0.00018595	0.73125	0
	0.464	0	2.06612e-05	1	0.979339	0.000206612	0.000206612	0.728125	0
	0.465	0	0	1	0.977273	0.000227273	0.000227273	0.728125	0
	0.466	0	0	1	0.977273	0.000371901	0.000165289	0.728125	0
	0.467	0	0	1	0.977273	0.000227273	0.000165289	0.728125	0
	0.468	0	0	1	0.977273	0.000227273	0.000165289	0.728125	0
	0.469	0	0	1	0.977273	0.000289256	0.000227273	0.728125	0
	0.47	0	0	1	0.977273	8.26446e-05	0.000289256	0.728125	0
	0.471	0	0	1	0.977273	0.000268595	0.000206612	0.728125	0
	0.472	0	0	1	0.977273	0.00035124	0.000206612	0.728125	0
	0.473	0	2.06612e-05	1	0.977273	0.00035124	0.000309917	0.728125	0
	0.474	0	2.06612e-05	1	0.975207	0.000289256	0.000165289	0.728125	0
	0.475	0	0	1	0.97314	0.000309917	0.000206612	0.728125	0
	0.476	0	0	1	0.97314	0.000330579	0.000247934	0.728125	0
	0.477	0	0	1	0.97314	0.000309917	0.000227273	0.725	0
	0.478	0	0	1	0.97314	0.000371901	0.000247934	0.725	0
	0.479	0	0	1	0.97314	0.000371901	0.000268595	0.725	0
	0.48	0	0	1	0.97314	0.000268595	0.000371901	0.725	0
	0.481	0	0	1	0.97314	0.000433884	0.00035124	0.725	0
	0.482	0	0	1	0.97314	0.000433884	0.000392562	0.725	0
	0.483	0	2.06612e-05	1	0.97314	0.000681818	0.000475207	0.721875	0
	0.484	0	0	1	0.971074	0.000268595	0.00053719	0.71875	0
	0.485	0	0	1	0.971074	0.000309917	0.000433884	0.71875	0
	0.486	0	0	1	0.971074	0.000289256	0.000475207	0.71875	0
	0.487	0	0	1	0.971074	0.000454545	0.000599174	0.71875	0
	0.488	0	2.06612e-05	1	0.971074	0.000413223	0.000516529	0.721003	0
	0.489	0	0	1	0.971074	0.000578512	0.000454545	0.721003	0
	0.49	0	0	1	0.971074	0.000495868	0.000516529	0.721003	0
	0.491	0	0	1	0.971074	0.000578512	0.000516529	0.721003	0
	0.492	0	0	1	0.971074	0.000971074	0.000909091	0.721003	0
	0.493	0	0	1	0.971074	0.000909091	0.00072314	0.721003	0
	0.494	0	0	1	0.971074	0.000702479	0.0010124	0.720126	0
	0.495	0	2.06612e-05	1	0.971074	0.000661157	0.000971074	0.721519	0
	0.496	0	0	1	0.969008	0.00105372	0.00088843	0.72381	0
	0.497	0	0	1	0.969008	0.00103306	0.00113636	0.72381	0
	0.498	0	0	1	0.969008	0.00136364	0.00103306	0.72381	0
	0.499	0	0	1	0.969008	0.00107438	0.00128099	0.72381	0
	0.5	0	0	1	0.969008	0.00194215	0.00179752	0.72381	0
	0.501	0	0	1	0.969008	0.00231405	0.00181818	0.719745	0
	0.502	0	0	1	0.969008	0.00237603	0.00159091	0.722045	0
	0.503	0	0	1	0.969008	0.00235537	0.00192149	0.709265	0
	0.504	0	0	1	0.969008	0.00252066	0.0017562	0.696486	0
	0.505	0	0	1	0.969008	0.0021281	0.00190083	0.694534	0
	0.506	0	0	1	0.969008	0.00258264	0.00181818	0.693548	0
	0.507	0	0	1	0.969008	0.00239669	0.00163223	0.698052	0
	0.508	0	0	1	0.969008	0.00194215	0.0017562	0.696078	0
	0.509	0	2.06612e-05	1	0.969008	0.0021281	0.0017562	0.695082	0
	0.51	0	0	1	0.966942	0.00264463	0.00167355	0.694079	0
	0.511	0	0	1	0.966942	0.00227273	0.00161157	0.698675	0
	0.512	0	0	1	0.966942	0.00235537	0.00181818	0.701342	0
	0.513	0	0	1	0.966942	0.00231405	0.0014876	0.693603	0
	0.514	0	0	1	0.966942	0.00225207	0.00134298	0.690236	0
	0.515	0	0	1	0.966942	0.00266529	0.00181818	0.689189	0
	0.516	0	4.13223e-05	1	0.966942	0.00229339	0.00177686	0.679054	0
	0.517	0	0	1	0.966942	0.00216942	0.00200413	0.675676	0
	0.518	0	0	1	0.966942	0.00237603	0.00150826	0.677966	0
	0.519	0	4.13223e-05	1	0.966942	0.0022314	0.00161157	0.674576	0
	0.52	0	0	1	0.966942	0.00210744	0.00142562	0.676871	0
	0.521	0	0	1	0.966942	0.00231405	0.00204545	0.679181	0
	0.522	0	0	1	0.966942	0.00190083	0.00173554	0.681507	0
	0.523	0	2.06612e-05	1	0.966942	0.0021281	0.00194215	0.681507	0
	0.524	0	2.06612e-05	1	0.964876	0.00229339	0.00165289	0.685121	0
	0.525	0	0	1	0.964876	0.00204545	0.00169421	0.682927	0
	0.526	0	0	1	0.964876	0.00237603	0.00161157	0.680702	0
	0.527	0	0	1	0.964876	0.00204545	0.00159091	0.679577	0
	0.528	0	0	1	0.964876	0.00237603	0.00161157	0.681979	0
	0.529	0	0	1	0.964876	0.00245868	0.00146694	0.674912	0
	0.53	0	2.06612e-05	1	0.964876	0.00293388	0.00241736	0.674912	0
	0.531	0	2.06612e-05	1	0.96281	0.00196281	0.00171488	0.673759	0
	0.532	0	0	1	0.960744	0.00307851	0.00144628	0.673759	0
	0.533	0	0	1	0.960744	0.00229339	0.0018595	0.675	0
	0.534	0	0	1	0.960744	0.00237603	0.00192149	0.68231	0
	0.535	0	0	1	0.960744	0.0025	0.0018595	0.6787	0
	0.536	0	0	1	0.960744	0.00239669	0.00161157	0.677536	0
	0.537	0	0	1	0.960744	0.0021281	0.00188017	0.684982	0
	0.538	0	2.06612e-05	1	0.960744	0.0021281	0.00154959	0.6875	0
	0.539	0	0	1	0.958678	0.00260331	0.0017562	0.682657	0
	0.54	0	0	1	0.958678	0.00266529	0.00173554	0.682836	0
	0.541	0	2.06612e-05	1	0.958678	0.00202479	0.00188017	0.682836	0
	0.542	0	0	1	0.958678	0.00237603	0.00210744	0.681648	0
	0.543	0	0	1	0.958678	0.00247934	0.00243802	0.681648	0
	0.544	0	2.06612e-05	1	0.958678	0.00272727	0.00163223	0.680451	0
	0.545	0	0	1	0.956612	0.00225207	0.00159091	0.680608	0
	0.546	0	0	1	0.956612	0.00289256	0.00208678	0.679389	0
	0.547	0	0	1	0.956612	0.0025	0.00198347	0.67433	0
	0.548	0	0	1	0.956612	0.00235537	0.00204545	0.669231	0
	0.549	0	2.06612e-05	1	0.956612	0.00237603	0.00161157	0.664093	0
	0.55	0	0	1	0.954545	0.00231405	0.00177686	0.660232	0
	0.551	0	0	1	0.954545	0.0021281	0.00202479	0.661479	0
	0.552	0	0	1	0.954545	0.00270661	0.00173554	0.666667	0
	0.553	0	0	1	0.954545	0.00214876	0.00200413	0.666667	0
	0.554	0	0	1	0.954545	0.00252066	0.00221074	0.669291	0
	0.555	0	2.06612e-05	1	0.954545	0.00247934	0.00196281	0.667984	0
	0.556	0	0	1	0.954545	0.00252066	0.00167355	0.669323	0
	0.557	0	0	1	0.954545	0.00202479	0.00188017	0.664	0
	0.558	0	0	1	0.954545	0.00214876	0.00188017	0.66	0
	0.559	0	2.06612e-05	1	0.954545	0.00235537	0.00192149	0.652	0
	0.56	0	0	1	0.952479	0.0018595	0.00183884	0.653226	0
	0.561	0	0	1	0.952479	0.00233471	0.00214876	0.65587	0
	0.562	0	2.06612e-05	1	0.952479	0.00235537	0.00210744	0.651822	0
	0.563	0	0	1	0.950413	0.00200413	0.00167355	0.634146	0
	0.564	0	0	1	0.950413	0.00225207	0.0018595	0.630081	0
	0.565	0	0	1	0.950413	0.00198347	0.00181818	0.62449	0
	0.566	0	2.06612e-05	1	0.950413	0.00233471	0.00154959	0.627049	0
	0.567	0	0	1	0.948347	0.00206612	0.00181818	0.630705	0
	0.568	0	0	1	0.948347	0.00190083	0.00173554	0.635983	0
	0.569	0	0	1	0.948347	0.00194215	0.00190083	0.638655	0
	0.57	0	2.06612e-05	1	0.948347	0.0021281	0.00231405	0.637131	0
	0.571	0	0	1	0.948347	0.00198347	0.00233471	0.634043	0
	0.572	0	2.06612e-05	1	0.948347	0.00192149	0.00194215	0.623932	0
	0.573	0	6.19835e-05	1	0.946281	0.00247934	0.00196281	0.619658	0
	0.574	0	0	1	0.946281	0.0018595	0.00200413	0.625	0
	0.575	0	8.26446e-05	1	0.946281	0.00202479	0.00188017	0.625	0
	0.576	0	0	1	0.942149	0.00150826	0.00163223	0.619048	0
	0.577	0	0	1	0.942149	0.00177686	0.00214876	0.621739	0
	0.578	0	0	1	0.942149	0.00225207	0.00142562	0.617391	0
	0.579	0	0	1	0.942149	0.0017562	0.00206612	0.608696	0
	0.58	0	0	1	0.942149	0.00229339	0.00214876	0.608696	0
	0.581	0	2.06612e-05	1	0.942149	0.00198347	0.0018595	0.606987	0
	0.582	0	2.06612e-05	1	0.940083	0.00231405	0.00167355	0.605263	0
	0.583	0	0	1	0.938017	0.00221074	0.00171488	0.610619	0
	0.584	0	0	1	0.938017	0.0025	0.00208678	0.609865	0
	0.585	2.06612e-05	0	1	0.938017	0.00233471	0.0021281	0.606335	0
	0.586	2.06612e-05	2.06612e-05	0.997934	0.938017	0.00239669	0.00190083	0.611872	0
	0.587	0	2.06612e-05	0.997934	0.938017	0.00194215	0.00210744	0.615741	0
	0.588	2.06612e-05	6.19835e-05	0.997934	0.93595	0.00192149	0.00171488	0.618605	0
	0.589	0	0	0.997934	0.931818	0.00206612	0.00194215	0.613953	0
	0.59	0	2.06612e-05	0.997934	0.931818	0.00225207	0.00188017	0.609302	0
	0.591	0	2.06612e-05	0.997934	0.929752	0.00202479	0.00179752	0.604651	0
	0.592	0	0	0.997934	0.927686	0.00196281	0.00192149	0.608491	0
	0.593	0	2.06612e-05	0.997934	0.927686	0.00216942	0.00171488	0.597156	0
	0.594	0	2.06612e-05	0.997934	0.927686	0.00221074	0.0021281	0.587678	0
	0.595	4.13223e-05	0	0.997934	0.927686	0.00237603	0.00188017	0.593301	0
	0.596	0	2.06612e-05	0.997934	0.927686	0.00219008	0.00161157	0.601942	0
	0.597	0	0	0.997934	0.927686	0.00245868	0.00173554	0.6	0
	0.598	2.06612e-05	4.13223e-05	0.997934	0.927686	0.00245868	0.00204545	0.6	0
	0.599	6.19835e-05	2.06612e-05	0.997934	0.92562	0.00214876	0.0017562	0.590244	0
	0.6	2.06612e-05	2.06612e-05	0.997934	0.92562	0.00235537	0.00219008	0.593137	0
	0.601	2.06612e-05	6.19835e-05	0.997934	0.92562	0.00260331	0.00227273	0.591133	0
	0.602	6.19835e-05	0	0.997934	0.92562	0.00225207	0.00204545	0.589109	0
	0.603	6.19835e-05	2.06612e-05	0.997934	0.92562	0.00239669	0.00196281	0.595	0
	0.604	8.26446e-05	8.26446e-05	0.997934	0.92562	0.00243802	0.00181818	0.595	0
	0.605	6.19835e-05	4.13223e-05	0.997934	0.917355	0.00239669	0.00192149	0.592965	0
	0.606	0	0	0.997934	0.915289	0.00241736	0.00210744	0.592965	0
	0.607	2.06612e-05	0	0.997934	0.915289	0.00210744	0.0017562	0.604167	0
	0.608	2.06612e-05	0	0.997934	0.915289	0.00252066	0.00198347	0.60733	0
	0.609	4.13223e-05	0	0.997934	0.915289	0.00229339	0.00165289	0.6	0
	0.61	4.13223e-05	2.06612e-05	0.997934	0.915289	0.00241736	0.00202479	0.603175	0
	0.611	8.26446e-05	2.06612e-05	0.997934	0.913223	0.00210744	0.00157025	0.606383	0
	0.612	2.06612e-05	2.06612e-05	0.997934	0.913223	0.00252066	0.00183884	0.609626	0
	0.613	6.19835e-05	2.06612e-05	0.997934	0.913223	0.00235537	0.00177686	0.59893	0
	0.614	2.06612e-05	2.06612e-05	0.997934	0.913223	0.00241736	0.0017562	0.593583	0
	0.615	4.13223e-05	4.13223e-05	0.997934	0.913223	0.00190083	0.00190083	0.593583	0
	0.616	4.13223e-05	0	0.997934	0.911157	0.00198347	0.00190083	0.586022	0
	0.617	2.06612e-05	0	0.997934	0.911157	0.00229339	0.00183884	0.578378	0
	0.618	2.06612e-05	4.13223e-05	0.997934	0.911157	0.00227273	0.00219008	0.581522	0
	0.619	4.13223e-05	2.06612e-05	0.997934	0.911157	0.0021281	0.00167355	0.57377	0
	0.62	0	4.13223e-05	0.997934	0.909091	0.0022314	0.00194215	0.563536	0
	0.621	2.06612e-05	4.13223e-05	0.997934	0.909091	0.00233471	0.00194215	0.558659	0
	0.622	4.13223e-05	6.19835e-05	0.997934	0.904959	0.00204545	0.00225207	0.561798	0
	0.623	2.06612e-05	0	0.997934	0.900826	0.00196281	0.00154959	0.553672	0
	0.624	2.06612e-05	0	0.997934	0.900826	0.00216942	0.00221074	0.536723	0
	0.625	4.13223e-05	0	0.997934	0.900826	0.00210744	0.00227273	0.534091	0
	0.626	4.13223e-05	0	0.997934	0.900826	0.00183884	0.00190083	0.537143	0
	0.627	6.19835e-05	4.13223e-05	0.997934	0.900826	0.00214876	0.00154959	0.54023	0
	0.628	4.13223e-05	4.13223e-05	0.997934	0.900826	0.00198347	0.00179752	0.537572	0
	0.629	6.19835e-05	4.13223e-05	0.997934	0.89876	0.00204545	0.00169421	0.54386	0
	0.63	8.26446e-05	2.06612e-05	0.997934	0.894628	0.00165289	0.00200413	0.541176	0
	0.631	2.06612e-05	4.13223e-05	0.997934	0.894628	0.00163223	0.00192149	0.529412	0
	0.632	6.19835e-05	0	0.997934	0.894628	0.00219008	0.00190083	0.523529	0
	0.633	6.19835e-05	2.06612e-05	0.997934	0.894628	0.00206612	0.00163223	0.529762	0
	0.634	4.13223e-05	0	0.997934	0.894628	0.00161157	0.00202479	0.527273	0
	0.635	6.19835e-05	4.13223e-05	0.997934	0.894628	0.00192149	0.00202479	0.533742	0
	0.636	6.19835e-05	8.26446e-05	0.997934	0.892562	0.00194215	0.00188017	0.530864	0
	0.637	2.06612e-05	0	0.997934	0.88843	0.00173554	0.00200413	0.52795	0
	0.638	0	0	0.997934	0.88843	0.00183884	0.00190083	0.52795	0
	0.639	4.13223e-05	4.13223e-05	0.997934	0.88843	0.00196281	0.00204545	0.52795	0
	0.64	2.06612e-05	6.19835e-05	0.997934	0.884298	0.00206612	0.00154959	0.528302	0
	0.641	2.06612e-05	0	0.997934	0.882231	0.00221074	0.00167355	0.522293	0
	0.642	4.13223e-05	0	0.997934	0.882231	0.00208678	0.00192149	0.529032	0
	0.643	2.06612e-05	2.06612e-05	0.997934	0.882231	0.00188017	0.00169421	0.529032	0
	0.644	0	0	0.997934	0.882231	0.00190083	0.00214876	0.519481	0
	0.645	0	2.06612e-05	0.997934	0.882231	0.00194215	0.00192149	0.51634	0
	0.646	4.13223e-05	0	0.997934	0.882231	0.00206612	0.00169421	0.519737	0
	0.647	0	4.13223e-05	0.997934	0.882231	0.00216942	0.00200413	0.503311	0
	0.648	4.13223e-05	2.06612e-05	0.997934	0.882231	0.00181818	0.0021281	0.496689	0
	0.649	0	4.13223e-05	0.997934	0.882231	0.0022314	0.00159091	0.496689	0
	0.65	2.06612e-05	2.06612e-05	0.997934	0.882231	0.0021281	0.00181818	0.496644	0
	0.651	2.06612e-05	0	0.997934	0.880165	0.00221074	0.00192149	0.5	0
	0.652	0	0	0.995868	0.880165	0.00190083	0.00206612	0.5	0
	0.653	0	2.06612e-05	0.995868	0.880165	0.00167355	0.00206612	0.514085	0
	0.654	0	0	0.995868	0.878099	0.00206612	0.00177686	0.51773	0
	0.655	0	0	0.995868	0.878099	0.00190083	0.0018595	0.510638	0
	0.656	0	0	0.995868	0.878099	0.00188017	0.00183884	0.514493	0
	0.657	4.13223e-05	2.06612e-05	0.995868	0.878099	0.00202479	0.00192149	0.514706	0
	0.658	2.06612e-05	2.06612e-05	0.995868	0.878099	0.00202479	0.00190083	0.507353	0
	0.659	0	0	0.995868	0.878099	0.00229339	0.00200413	0.492647	0
	0.66	0	4.13223e-05	0.995868	0.878099	0.00204545	0.00202479	0.485294	0
	0.661	0	2.06612e-05	0.995868	0.876033	0.00231405	0.0017562	0.474074	0
	0.662	0	4.13223e-05	0.995868	0.876033	0.00163223	0.0017562	0.474074	0
	0.663	2.06612e-05	4.13223e-05	0.995868	0.873967	0.00235537	0.00202479	0.466667	0
	0.664	0	6.19835e-05	0.99793	0.873967	0.00198347	0.00192149	0.455224	0
	0.665	4.13223e-05	6.19835e-05	0.99793	0.873967	0.00210744	0.00165289	0.443609	0
	0.666	4.13223e-05	2.06612e-05	0.99793	0.873967	0.00208678	0.0018595	0.453846	0
	0.667	0	0	0.99793	0.873967	0.00161157	0.00219008	0.460938	0
	0.668	2.06612e-05	0	0.99793	0.873967	0.00210744	0.00171488	0.456693	0
	0.669	0	4.13223e-05	0.99793	0.873967	0.00169421	0.00200413	0.460317	0
	0.67	4.13223e-05	6.19835e-05	0.99793	0.873967	0.00159091	0.0018595	0.452381	0
	0.671	0	2.06612e-05	0.99793	0.873967	0.00216942	0.00200413	0.448	0
	0.672	4.13223e-05	2.06612e-05	0.99793	0.871901	0.00208678	0.00154959	0.451613	0
	0.673	2.06612e-05	0	0.99793	0.871901	0.00165289	0.00198347	0.447154	0
	0.674	2.06612e-05	2.06612e-05	0.99793	0.871901	0.00214876	0.00192149	0.442623	0
	0.675	4.13223e-05	6.19835e-05	0.99793	0.871901	0.00171488	0.0022314	0.434426	0
	0.676	6.19835e-05	4.13223e-05	0.99793	0.871901	0.00179752	0.0021281	0.429752	0
	0.677	4.13223e-05	2.06612e-05	0.99793	0.869835	0.00188017	0.00173554	0.425	0
	0.678	4.13223e-05	2.06612e-05	0.99793	0.867769	0.00169421	0.00177686	0.428571	0
	0.679	2.06612e-05	2.06612e-05	0.99793	0.865702	0.00179752	0.00183884	0.431034	0
	0.68	8.26446e-05	2.06612e-05	0.99793	0.865702	0.00202479	0.00181818	0.431034	0
	0.681	2.06612e-05	2.06612e-05	0.99793	0.865702	0.00202479	0.00194215	0.434783	0
	0.682	4.13223e-05	8.26446e-05	0.99793	0.865702	0.00219008	0.00221074	0.421053	0
	0.683	2.06612e-05	4.13223e-05	0.99793	0.865702	0.00188017	0.00181818	0.423423	0
	0.684	0.000103306	0.000103306	0.99793	0.865702	0.00198347	0.00198347	0.423423	0
	0.685	8.26446e-05	4.13223e-05	0.99793	0.859504	0.00198347	0.00190083	0.423423	0
	0.686	4.13223e-05	0	0.99793	0.859504	0.00188017	0.0017562	0.412844	0
	0.687	4.13223e-05	4.13223e-05	0.99793	0.859504	0.00200413	0.00177686	0.40367	0
	0.688	8.26446e-05	2.06612e-05	0.99793	0.859504	0.00183884	0.00181818	0.401869	0
	0.689	8.26446e-05	2.06612e-05	0.99793	0.859504	0.0018595	0.00198347	0.392523	0
	0.69	6.19835e-05	4.13223e-05	0.99793	0.857438	0.00188017	0.00177686	0.367925	0
	0.691	6.19835e-05	0	0.99793	0.857438	0.00163223	0.00183884	0.367925	0
	0.692	0	8.26446e-05	0.99793	0.857438	0.00188017	0.00171488	0.361905	0
	0.693	6.19835e-05	0	0.99793	0.853306	0.00173554	0.00196281	0.355769	0
	0.694	6.19835e-05	2.06612e-05	0.99793	0.853306	0.00183884	0.00188017	0.339806	0
	0.695	0	2.06612e-05	0.99793	0.853306	0.00210744	0.00225207	0.330097	0
	0.696	4.13223e-05	0	0.99793	0.853306	0.00206612	0.00179752	0.323529	0
	0.697	8.26446e-05	2.06612e-05	0.99793	0.853306	0.00165289	0.00169421	0.326733	0
	0.698	6.19835e-05	2.06612e-05	0.99793	0.853306	0.00169421	0.00157025	0.33	0
	0.699	6.19835e-05	4.13223e-05	0.99793	0.853306	0.00196281	0.00179752	0.333333	0
	0.7	2.06612e-05	6.19835e-05	0.99793	0.853306	0.00192149	0.00152893	0.319588	0
	0.701	4.13223e-05	6.19835e-05	0.99793	0.85124	0.0017562	0.00140496	0.3125	0
	0.702	4.13223e-05	4.13223e-05	0.99793	0.85124	0.00219008	0.00140496	0.3125	0
	0.703	0	8.26446e-05	0.99793	0.85124	0.00206612	0.00169421	0.315789	0
	0.704	4.13223e-05	0	0.99793	0.85124	0.00157025	0.00161157	0.319149	0
	0.705	2.06612e-05	6.19835e-05	0.99793	0.85124	0.00190083	0.00159091	0.319149	0
	0.706	0	2.06612e-05	0.99793	0.85124	0.0013843	0.00190083	0.326087	0
	0.707	0	0	0.99793	0.85124	0.0017562	0.0018595	0.32967	0
	0.708	2.06612e-05	8.26446e-05	0.99793	0.85124	0.0017562	0.00154959	0.32967	0
	0.709	8.26446e-05	6.19835e-05	0.99793	0.85124	0.00206612	0.00146694	0.318681	0
	0.71	0	2.06612e-05	0.99793	0.847107	0.00200413	0.00177686	0.325843	0
	0.711	4.13223e-05	4.13223e-05	0.99793	0.847107	0.00190083	0.0017562	0.318182	0
	0.712	0	6.19835e-05	0.99793	0.847107	0.00169421	0.00157025	0.306818	0
	0.713	2.06612e-05	2.06612e-05	0.99793	0.847107	0.00179752	0.00181818	0.313953	0
	0.714	2.06612e-05	2.06612e-05	0.99793	0.847107	0.00179752	0.00159091	0.313953	0
	0.715	6.19835e-05	6.19835e-05	0.99793	0.847107	0.0017562	0.00142562	0.317647	0
	0.716	0	2.06612e-05	0.99793	0.847107	0.0017562	0.00171488	0.309524	0
	0.717	0	6.19835e-05	0.99793	0.847107	0.00167355	0.00165289	0.301205	0
	0.718	2.06612e-05	2.06612e-05	0.99793	0.842975	0.00157025	0.00183884	0.292683	0
	0.719	2.06612e-05	8.26446e-05	0.99793	0.840909	0.00152893	0.0021281	0.292683	0
	0.72	2.06612e-05	2.06612e-05	0.99793	0.840909	0.00154959	0.00163223	0.275	0
	0.721	0	0.000144628	0.99793	0.840909	0.00152893	0.00146694	0.269231	0
	0.722	0	0.000144628	0.99793	0.836777	0.00117769	0.00161157	0.272727	0
	0.723	0	2.06612e-05	0.99793	0.836777	0.00181818	0.00159091	0.276316	0
	0.724	0	0.000123967	0.99793	0.836777	0.00159091	0.00192149	0.266667	0
	0.725	0	4.13223e-05	0.99793	0.834711	0.00171488	0.00208678	0.27027	0
	0.726	0	6.19835e-05	0.99793	0.834711	0.00157025	0.00163223	0.273973	0
	0.727	2.06612e-05	0.000103306	0.99793	0.830579	0.00144628	0.00154959	0.285714	0
	0.728	0	6.19835e-05	0.99793	0.828512	0.00161157	0.00152893	0.298507	0
	0.729	0	4.13223e-05	0.99793	0.828512	0.00130165	0.00167355	0.298507	0
	0.73	2.06612e-05	2.06612e-05	0.99793	0.828512	0.00169421	0.0017562	0.287879	0
	0.731	0	0.000123967	1	0.828512	0.0014876	0.00167355	0.276923	0
	0.732	0	6.19835e-05	1	0.828512	0.00165289	0.00181818	0.28125	0
	0.733	0	6.19835e-05	1	0.828512	0.0013843	0.00132231	0.269841	0
	0.734	0	6.19835e-05	1	0.828512	0.00128099	0.00154959	0.269841	0
	0.735	0	2.06612e-05	1	0.826446	0.00134298	0.00190083	0.274194	0
	0.736	0	6.19835e-05	1	0.826446	0.00123967	0.00188017	0.274194	0
	0.737	0	6.19835e-05	1	0.82438	0.00142562	0.00130165	0.278689	0
	0.738	0	0.000103306	1	0.82438	0.00119835	0.00159091	0.283333	0
	0.739	0	0.000103306	1	0.822314	0.00146694	0.00183884	0.283333	0
	0.74	0	2.06612e-05	1	0.820248	0.0010124	0.0017562	0.283333	0
	0.741	0	0.000103306	1	0.820248	0.000971074	0.0017562	0.288136	0
	0.742	0	6.19835e-05	1	0.820248	0.000867769	0.00157025	0.293103	0
	0.743	0	2.06612e-05	1	0.820248	0.00146694	0.00144628	0.293103	0
	0.744	0	0.000123967	1	0.820248	0.0010124	0.00152893	0.296296	0
	0.745	0	8.26446e-05	1	0.818182	0.00107438	0.0017562	0.307692	0
	0.746	0	4.13223e-05	1	0.81405	0.000971074	0.00150826	0.288462	0
	0.747	0	0.000123967	1	0.81405	0.00103306	0.000991736	0.288462	0
	0.748	0	0.000144628	1	0.811983	0.00119835	0.00171488	0.294118	0
	0.749	0	6.19835e-05	1	0.809917	0.00088843	0.00169421	0.306122	0
	0.75	0	4.13223e-05	1	0.807851	0.000847107	0.00130165	0.291667	0
	0.751	0	6.19835e-05	1	0.807851	0.0010124	0.00136364	0.297872	0
	0.752	0	8.26446e-05	1	0.805785	0.00088843	0.00152893	0.304348	0
	0.753	0	0.000123967	1	0.805785	0.000805785	0.00119835	0.304348	0
	0.754	2.06612e-05	0.000103306	1	0.801653	0.00088843	0.00159091	0.26087	0
	0.755	0	0.000103306	0.997925	0.801653	0.000950413	0.00146694	0.26087	0
	0.756	6.19835e-05	0.000165289	0.997925	0.801653	0.000867769	0.00150826	0.26087	0
	0.757	0	8.26446e-05	0.997925	0.799587	0.00119835	0.00142562	0.26087	0
	0.758	2.06612e-05	6.19835e-05	0.997925	0.799587	0.00072314	0.0013843	0.272727	0
	0.759	0	6.19835e-05	0.997925	0.797521	0.000681818	0.00130165	0.27907	0
	0.76	6.19835e-05	0.000123967	0.997925	0.795455	0.000826446	0.00154959	0.292683	0
	0.761	0	0.000165289	0.997925	0.793388	0.000557851	0.00165289	0.292683	0
	0.762	2.06612e-05	6.19835e-05	0.997925	0.793388	0.000826446	0.00136364	0.292683	0
	0.763	4.13223e-05	0.000103306	0.997925	0.793388	0.000640496	0.00157025	0.282051	0
	0.764	6.19835e-05	0.000103306	0.997925	0.793388	0.000702479	0.00134298	0.282051	0
	0.765	8.26446e-05	6.19835e-05	0.997925	0.793388	0.000578512	0.00134298	0.27027	0
	0.766	0	4.13223e-05	0.997925	0.791322	0.000681818	0.00119835	0.243243	0
	0.767	6.19835e-05	8.26446e-05	0.997925	0.789256	0.000557851	0.00144628	0.257143	0
	0.768	4.13223e-05	0.000165289	0.997925	0.789256	0.000743802	0.00132231	0.264706	0
	0.769	4.13223e-05	6.19835e-05	0.997925	0.78719	0.000661157	0.00134298	0.272727	0
	0.77	0	4.13223e-05	0.997925	0.78719	0.000909091	0.00117769	0.3	0
	0.771	6.19835e-05	0.000206612	0.997925	0.785124	0.000785124	0.00126033	0.3	0
	0.772	0.000123967	8.26446e-05	0.997925	0.785124	0.000785124	0.00123967	0.275862	0
	0.773	4.13223e-05	0.000103306	0.997925	0.783058	0.000764463	0.00136364	0.206897	0
	0.774	4.13223e-05	8.26446e-05	0.997925	0.783058	0.00053719	0.00128099	0.214286	0
	0.775	8.26446e-05	8.26446e-05	0.997925	0.783058	0.000619835	0.00140496	0.230769	0
	0.776	8.26446e-05	0.000123967	0.997925	0.780992	0.000454545	0.00121901	0.230769	0
	0.777	0	8.26446e-05	0.997925	0.778926	0.000661157	0.00121901	0.230769	0
	0.778	6.19835e-05	8.26446e-05	0.997925	0.77686	0.000557851	0.0010124	0.24	0
	0.779	8.26446e-05	0.00018595	0.997925	0.774793	0.000764463	0.00128099	0.24	0
	0.78	0.000123967	0.000123967	0.997925	0.772727	0.000557851	0.00136364	0.24	0
	0.781	0.000144628	0.000144628	0.997925	0.770661	0.000495868	0.00109504	0.24	0
	0.782	0.000123967	0.000144628	0.995851	0.768595	0.000599174	0.00134298	0.24	0
	0.783	4.13223e-05	8.26446e-05	0.995851	0.768595	0.000516529	0.00119835	0.24	0
	0.784	4.13223e-05	0.000144628	0.995851	0.768595	0.000599174	0.00107438	0.25	0
	0.785	6.19835e-05	0.000103306	0.995851	0.766529	0.00053719	0.00123967	0.25	0
	0.786	8.26446e-05	8.26446e-05	0.995851	0.766529	0.000619835	0.00109504	0.26087	0
	0.787	2.06612e-05	0.000123967	0.995851	0.762397	0.000454545	0.00126033	0.272727	0
	0.788	6.19835e-05	8.26446e-05	0.995851	0.762397	0.000578512	0.000971074	0.272727	0
	0.789	0	0.000123967	0.995851	0.758264	0.000702479	0.00121901	0.272727	0
	0.79	6.19835e-05	0.000165289	0.995851	0.756198	0.000619835	0.00103306	0.272727	0
	0.791	8.26446e-05	2.06612e-05	0.995851	0.747934	0.000516529	0.000950413	0.285714	0
	0.792	0.000123967	0.000289256	0.993776	0.745868	0.000640496	0.000991736	0.3	0
	0.793	8.26446e-05	2.06612e-05	0.993776	0.741736	0.000661157	0.00115702	0.3	0
	0.794	8.26446e-05	0.000165289	0.993776	0.741736	0.000578512	0.00126033	0.277778	0
	0.795	4.13223e-05	0.000103306	0.993776	0.735537	0.000413223	0.000950413	0.277778	0
	0.796	4.13223e-05	0.000123967	0.993776	0.729339	0.000516529	0.00088843	0.277778	0
	0.797	2.06612e-05	8.26446e-05	0.993776	0.729339	0.000743802	0.000702479	0.277778	0
	0.798	6.19835e-05	0.000165289	0.993776	0.727273	0.000413223	0.000847107	0.277778	0
	0.799	8.26446e-05	0.000165289	0.993776	0.727273	0.000557851	0.00115702	0.277778	0
	0.8	8.26446e-05	0.000123967	0.993776	0.725207	0.000557851	0.00121901	0.277778	0
	0.801	8.26446e-05	0.000123967	0.993776	0.725207	0.000495868	0.000991736	0.277778	0
	0.802	0.000103306	0.000206612	0.993776	0.725207	0.000619835	0.000971074	0.277778	0
	0.803	8.26446e-05	6.19835e-05	0.993776	0.725207	0.000371901	0.00126033	0.277778	0
	0.804	6.19835e-05	6.19835e-05	0.993776	0.725207	0.000475207	0.000867769	0.222222	0
	0.805	4.13223e-05	0.000165289	0.993776	0.721074	0.000516529	0.00126033	0.235294	0
	0.806	0.000103306	0.00018595	0.993776	0.719008	0.000475207	0.00107438	0.235294	0
	0.807	0.000165289	0.000227273	0.991701	0.716942	0.000330579	0.000847107	0.235294	0
	0.808	0.000165289	0.00018595	0.991701	0.714876	0.000330579	0.000785124	0.235294	0
	0.809	0.000103306	0.000144628	0.993763	0.708678	0.000330579	0.00123967	0.235294	0
	0.81	0.000144628	0.000103306	0.993763	0.704545	0.00035124	0.000826446	0.25	0
	0.811	0.000103306	0.00018595	0.993763	0.700413	0.000475207	0.00121901	0.25	0
	0.812	6.19835e-05	0.000144628	0.993763	0.696281	0.000268595	0.000909091	0.25	0
	0.813	0.000227273	0.000165289	0.993763	0.692149	0.000247934	0.000929752	0.25	0
	0.814	0.000123967	0.000206612	0.993763	0.692149	0.000309917	0.00107438	0.25	0
	0.815	0.00018595	0.00018595	0.993763	0.68595	0.000433884	0.00088843	0.285714	0
	0.816	0.000103306	2.06612e-05	0.993763	0.681818	0.000227273	0.000971074	0.214286	0
	0.817	0.00018595	0.00018595	0.993763	0.679752	0.000330579	0.000805785	0.214286	0
	0.818	6.19835e-05	0.000165289	0.993763	0.679752	0.000206612	0.000909091	0.214286	0
	0.819	6.19835e-05	8.26446e-05	0.993763	0.679752	0.000392562	0.000702479	0.214286	0
	0.82	0.000165289	0.000247934	0.993763	0.677686	0.000247934	0.000847107	0.214286	0
	0.821	0.000206612	0.000165289	0.993763	0.67562	8.26446e-05	0.0010124	0.214286	0
	0.822	0	0.000268595	0.993763	0.67562	8.26446e-05	0.000867769	0.214286	0
	0.823	8.26446e-05	0.00018595	0.993763	0.673554	0.000268595	0.000764463	0.214286	0
	0.824	8.26446e-05	0.000268595	0.993763	0.671488	0.000206612	0.000681818	0.230769	0
	0.825	0.000144628	0.00018595	0.993763	0.667355	0.000268595	0.000950413	0.25	0
	0.826	0.000165289	0.000206612	0.993763	0.665289	0.000144628	0.000454545	0.272727	0
	0.827	0.00018595	0.000247934	0.993763	0.663223	0.000123967	0.00088843	0.272727	0
	0.828	0.000206612	0.000144628	0.993763	0.661157	0.000144628	0.0010124	0.272727	0
	0.829	0.000144628	0.000227273	0.993763	0.659091	0.000144628	0.00072314	0.3	0
	0.83	0.000123967	0.000289256	0.995833	0.659091	8.26446e-05	0.000805785	0.3	0
	0.831	8.26446e-05	0.000247934	0.995833	0.657025	8.26446e-05	0.000702479	0.3	0
	0.832	6.19835e-05	0.000268595	0.995833	0.646694	0.00018595	0.000640496	0.3	0
	0.833	0.000123967	0.000309917	0.995833	0.642562	8.26446e-05	0.000785124	0.3	0
	0.834	4.13223e-05	0.000165289	0.995833	0.63843	0.000206612	0.000971074	0.3	0
	0.835	6.19835e-05	0.000144628	0.995833	0.636364	0.000206612	0.000557851	0.3	0
	0.836	4.13223e-05	0.000165289	0.995833	0.634298	0.000165289	0.000661157	0.333333	0
	0.837	2.06612e-05	0.000247934	0.995833	0.634298	0.000144628	0.000557851	0.428571	0
	0.838	8.26446e-05	8.26446e-05	0.995833	0.634298	0.000103306	0.000661157	0.333333	0
	0.839	0.000123967	0.000268595	0.995833	0.634298	0.000103306	0.000681818	0.333333	0
	0.84	0.000123967	0.000165289	0.995833	0.630165	0.00018595	0.000805785	0.333333	0
	0.841	0.000144628	0.000289256	0.995833	0.630165	0.00018595	0.000619835	0.333333	0
	0.842	0.000123967	0.000165289	0.995833	0.630165	0.000206612	0.000847107	0.333333	0
	0.843	8.26446e-05	0.000247934	0.995833	0.630165	0.000123967	0.000413223	0.333333	0
	0.844	6.19835e-05	0.00018595	0.995833	0.628099	0.00018595	0.00072314	0.333333	0
	0.845	8.26446e-05	0.000123967	0.995833	0.628099	0.000227273	0.000785124	0.333333	0
	0.846	0.000123967	0.000227273	0.995833	0.626033	0.000103306	0.000516529	0.333333	0
	0.847	2.06612e-05	0.000206612	0.99375	0.623967	0.000144628	0.00053719	0.333333	0
	0.848	0.000103306	0.000309917	0.99375	0.619835	0.000206612	0.00053719	0.333333	0
	0.849	6.19835e-05	0.000330579	0.991667	0.61157	0.000165289	0.00088843	0.4	0
	0.85	2.06612e-05	0.000247934	0.991667	0.603306	0.000247934	0.000578512	0.2	0
	0.851	0	0.00018595	0.991667	0.599174	0.000123967	0.000619835	0.2	0
	0.852	6.19835e-05	0.000144628	0.991667	0.599174	0.000165289	0.000433884	0.2	0
	0.853	8.26446e-05	0.000227273	0.991667	0.599174	0.000123967	0.000516529	0.2	0
	0.854	4.13223e-05	0.000309917	0.991667	0.595041	0.000103306	0.000661157	0.2	0
	0.855	6.19835e-05	0.000330579	0.991667	0.592975	0.000123967	0.000619835	0.2	0
	0.856	6.19835e-05	0.000330579	0.993737	0.586777	0.000206612	0.000557851	0.2	0
	0.857	6.19835e-05	0.00035124	0.993737	0.584711	0.000103306	0.000516529	0.2	0
	0.858	2.06612e-05	0.000392562	0.993737	0.580579	0.000123967	0.000640496	0.2	0
	0.859	4.13223e-05	0.000206612	0.993737	0.57438	0.000165289	0.000433884	0.2	0
	0.86	4.13223e-05	0.00035124	0.991649	0.572314	8.26446e-05	0.000557851	0.2	0
	0.861	8.26446e-05	0.00035124	0.991649	0.568182	0.00018595	0.000681818	0.2	0
	0.862	4.13223e-05	0.000165289	0.991649	0.559917	0.000227273	0.000557851	0.2	0
	0.863	2.06612e-05	0.000330579	0.991649	0.559917	0.000103306	0.000454545	0.2	0
	0.864	0.000123967	0.000227273	0.991649	0.559917	0.000206612	0.000309917	0.2	0
	0.865	0.000123967	0.000268595	0.991649	0.553719	0.000289256	0.000475207	0.2	0
	0.866	4.13223e-05	0.00035124	0.989562	0.551653	0.000227273	0.000413223	0.25	0
	0.867	0.000103306	0.000392562	0.987474	0.541322	6.19835e-05	0.000702479	0.25	0
	0.868	0.000123967	0.000413223	0.985386	0.539256	8.26446e-05	0.000661157	0.25	0
	0.869	0.000144628	0.000454545	0.985356	0.533058	0.000123967	0.000475207	0.25	0
	0.87	0.000123967	0.000619835	0.983264	0.530992	0.000165289	0.000495868	0.25	0
	0.871	0.000144628	0.000433884	0.983264	0.520661	0.000144628	0.000495868	0.25	0
	0.872	0.000123967	0.000475207	0.983264	0.514463	0.00018595	0.000454545	0.25	0
	0.873	0.00018595	0.000454545	0.983264	0.504132	0.000103306	0.000309917	0.25	0
	0.874	0.000289256	0.000433884	0.983264	0.5	8.26446e-05	0.000330579	0.25	0
	0.875	0.000309917	0.000475207	0.981172	0.491736	0.000165289	0.000309917	0.25	0
	0.876	0.000268595	0.000392562	0.981172	0.483471	0.000144628	0.000330579	0.333333	0
	0.877	0.000247934	0.000392562	0.981172	0.477273	0.000123967	0.000309917	0.333333	0
	0.878	0.000309917	0.000413223	0.981172	0.47314	0.00018595	0.000433884	0.333333	0
	0.879	0.000289256	0.000475207	0.979079	0.46281	0.000123967	0.000392562	0.333333	0
	0.88	0.000247934	0.000640496	0.979079	0.456612	2.06612e-05	0.000330579	0.333333	0
	0.881	0.000640496	0.000433884	0.979079	0.452479	2.06612e-05	0.000330579	0.333333	0
	0.882	0.000371901	0.00053719	0.979079	0.448347	6.19835e-05	0.000268595	0.333333	0
	0.883	0.000433884	0.000330579	0.979079	0.442149	6.19835e-05	0.000454545	0.333333	0
	0.884	0.000371901	0.00053719	0.979079	0.440083	4.13223e-05	0.000268595	0.333333	0
	0.885	0.000495868	0.000495868	0.976987	0.433884	8.26446e-05	0.000309917	0.333333	0
	0.886	0.000309917	0.000495868	0.976987	0.431818	4.13223e-05	0.000268595	0.333333	0
	0.887	0.000599174	0.000578512	0.976987	0.417355	8.26446e-05	0.00035124	0.333333	0
	0.888	0.000764463	0.000661157	0.976987	0.413223	4.13223e-05	0.000392562	0.333333	0
	0.889	0.00053719	0.000475207	0.976987	0.400826	6.19835e-05	0.000268595	0.333333	0
	0.89	0.000495868	0.000475207	0.976987	0.394628	2.06612e-05	0.00035124	0.333333	0
	0.891	0.000640496	0.000495868	0.976987	0.38843	4.13223e-05	0.000516529	0.333333	0
	0.892	0.000805785	0.000702479	0.974895	0.382231	0	0.000247934	0.5	0
	0.893	0.000847107	0.00053719	0.974895	0.367769	0	0.000247934	0.5	0
	0.894	0.00072314	0.000578512	0.972803	0.36157	0	0.000371901	0.5	0
	0.895	0.000557851	0.000661157	0.968619	0.355372	2.06612e-05	0.000330579	0.5	0
	0.896	0.000681818	0.000578512	0.968619	0.349174	0	0.000268595	0.5	0
	0.897	0.00053719	0.00072314	0.968619	0.334711	2.06612e-05	0.000247934	0.5	0
	0.898	0.00072314	0.000495868	0.968619	0.322314	0	0.000330579	0.5	0
	0.899	0.000743802	0.000681818	0.966527	0.316116	2.06612e-05	0.00018595	0.5	0
	0.9	0.000392562	0.000805785	0.966527	0.311983	2.06612e-05	0.000227273	0.5	0
	0.901	0.000516529	0.000785124	0.966527	0.299587	0	0.000309917	1	0
	0.902	0.000867769	0.000516529	0.968553	0.28719	0	0.000165289	1	0
	0.903	0.000578512	0.000805785	0.968553	0.283058	0	0.00018595	1	0
	0.904	0.000599174	0.000847107	0.968553	0.27686	0	0.000247934	1	0
	0.905	0.000743802	0.000764463	0.966387	0.274793	0	0.000289256	1	0
	0.906	0.00053719	0.000640496	0.966387	0.264463	0	0.000309917	1	0
	0.907	0.00072314	0.00072314	0.966387	0.262397	0	0.000206612	1	0
	0.908	0.000578512	0.00088843	0.966387	0.247934	0	0.000206612	1	0
	0.909	0.00072314	0.00109504	0.962185	0.235537	0	8.26446e-05	1	0
	0.91	0.000619835	0.000785124	0.962185	0.231405	0	0.000123967	1	0
	0.911	0.000847107	0.000867769	0.962185	0.229339	0	0.000206612	1	0
	0.912	0.000785124	0.000950413	0.962185	0.225207	0	0.000123967	1	0
	0.913	0.000764463	0.00103306	0.964211	0.216942	0	0.000227273	1	0
	0.914	0.000805785	0.00103306	0.966245	0.208678	0	0.000227273	1	0
	0.915	0.000867769	0.000805785	0.966245	0.204545	0	0.000103306	1	0
	0.916	0.000826446	0.000805785	0.966245	0.194215	0	0.000165289	1	0
	0.917	0.00109504	0.00128099	0.966245	0.18595	0	0.000165289	1	0
	0.918	0.000950413	0.000764463	0.966245	0.177686	0	0.000206612	1	0
	0.919	0.000867769	0.00128099	0.962025	0.17562	0	0.000165289	1	0
	0.92	0.00123967	0.00109504	0.959916	0.171488	0	0.000103306	1	0
	0.921	0.00103306	0.000764463	0.957806	0.165289	0	8.26446e-05	1	0
	0.922	0.0011157	0.00144628	0.959831	0.154959	0	0.000103306	1	0
	0.923	0.00117769	0.00107438	0.959746	0.150826	0	0.000144628	1	0
	0.924	0.00105372	0.00134298	0.955508	0.144628	0	0.000123967	1	0
	0.925	0.00117769	0.00107438	0.95339	0.142562	0	8.26446e-05	1	0
	0.926	0.000929752	0.00136364	0.959488	0.134298	0	6.19835e-05	1	0
	0.927	0.00105372	0.00163223	0.957356	0.128099	0	8.26446e-05	1	0
	0.928	0.00119835	0.00121901	0.955224	0.117769	0	8.26446e-05	1	0
	0.929	0.000805785	0.00161157	0.955224	0.117769	0	0.000206612	1	0
	0.93	0.000764463	0.00115702	0.955224	0.115702	2.06612e-05	0.00018595	1	0
	0.931	0.00119835	0.00154959	0.955128	0.115702	0	6.19835e-05	0	0
	0.932	0.00132231	0.00154959	0.955128	0.109504	4.13223e-05	0.000123967	0	0
	0.933	0.000950413	0.00146694	0.955128	0.107438	0	8.26446e-05	0	0
	0.934	0.00105372	0.00183884	0.952991	0.10124	4.13223e-05	0.000165289	0	0
	0.935	0.00123967	0.00154959	0.952991	0.0991736	6.19835e-05	4.13223e-05	0	0
	0.936	0.000929752	0.00142562	0.955032	0.0929752	0	6.19835e-05	0	0
	0.937	0.00144628	0.00181818	0.957082	0.088843	2.06612e-05	0.000103306	0	0
	0.938	0.00121901	0.00144628	0.957082	0.0826446	4.13223e-05	4.13223e-05	0	0
	0.939	0.00113636	0.00194215	0.961207	0.0764463	6.19835e-05	0.000123967	0	0
	0.94	0.00146694	0.00204545	0.961207	0.0743802	4.13223e-05	6.19835e-05	0	0
	0.941	0.00136364	0.00190083	0.959052	0.0743802	8.26446e-05	6.19835e-05	0	0
	0.942	0.00088843	0.00200413	0.956897	0.0743802	0.000144628	2.06612e-05	0	0
	0.943	0.0010124	0.00200413	0.956897	0.0681818	6.19835e-05	2.06612e-05	0	0
	0.944	0.00115702	0.00204545	0.956897	0.0619835	0.000144628	6.19835e-05	0	0
	0.945	0.00115702	0.00235537	0.956897	0.0599174	0.000123967	4.13223e-05	0	0
	0.946	0.000826446	0.00233471	0.961039	0.0599174	0.000144628	2.06612e-05	0	0
	0.947	0.00123967	0.00214876	0.963124	0.0578512	0.000103306	2.06612e-05	0	0
	0.948	0.000971074	0.00241736	0.962963	0.0578512	0.000103306	0	0	0
	0.949	0.00088843	0.0025	0.958606	0.0516529	0.000165289	2.06612e-05	0	0
	0.95	0.000909091	0.00254132	0.956427	0.0495868	6.19835e-05	6.19835e-05	0	0
	0.951	0.000971074	0.00266529	0.95207	0.0475207	0.000103306	2.06612e-05	0	0
	0.952	0.000971074	0.00258264	0.956236	0.0475207	6.19835e-05	2.06612e-05	0	0
	0.953	0.00072314	0.00235537	0.954048	0.0454545	8.26446e-05	0	0	0
	0.954	0.000805785	0.00278926	0.953947	0.0454545	8.26446e-05	2.06612e-05	0	0
	0.955	0.00088843	0.00342975	0.953947	0.0454545	8.26446e-05	0	0	0
	0.956	0.000929752	0.00291322	0.956044	0.0454545	2.06612e-05	2.06612e-05	0	0
	0.957	0.00117769	0.00367769	0.953744	0.0433884	4.13223e-05	4.13223e-05	0	0
	0.958	0.00103306	0.0032438	0.955752	0.0371901	2.06612e-05	0	0	0
	0.959	0.00121901	0.00376033	0.95354	0.035124	0	0	0	0
	0.96	0.00144628	0.00407025	0.953437	0.0330579	4.13223e-05	0	0	0
	0.961	0.0013843	0.00407025	0.95122	0.0330579	2.06612e-05	2.06612e-05	0	0
	0.962	0.00144628	0.00390496	0.955457	0.0289256	4.13223e-05	6.19835e-05	0	0
	0.963	0.00167355	0.00421488	0.955357	0.0289256	0	0	0	0
	0.964	0.00152893	0.00454545	0.948661	0.0268595	0	2.06612e-05	0	0
	0.965	0.00142562	0.00431818	0.946429	0.0206612	0	2.06612e-05	0	0
	0.966	0.00171488	0.00487603	0.933036	0.0206612	0	6.19835e-05	0	0
	0.967	0.00167355	0.00450413	0.926339	0.0206612	0	0	0	0
	0.968	0.0022314	0.00471074	0.923937	0.018595	0	0	0	0
	0.969	0.00243802	0.00551653	0.914989	0.0165289	0	0	0	0
	0.97	0.00295455	0.00580579	0.914414	0.0144628	0	2.06612e-05	0	0
	0.971	0.00293388	0.00597107	0.905405	0.0144628	0	2.06612e-05	0	0
	0.972	0.00342975	0.00696281	0.900901	0.0144628	0	0	0	0
	0.973	0.0039876	0.00700413	0.898649	0.0123967	0	2.06612e-05	0	0
	0.974	0.00438017	0.00700413	0.887387	0.0123967	0	0	0	0
	0.975	0.00524793	0.00793388	0.878104	0.00826446	0	0	0	0
	0.976	0.00566116	0.00803719	0.869074	0.00619835	0	0	0	0
	0.977	0.00592975	0.00907025	0.851016	0.00619835	0	0	0	0
	0.978	0.00659091	0.00958678	0.843537	0.00413223	0	0	0	0
	0.979	0.00725207	0.0107025	0.829932	0.00413223	0	0	0	0
	0.98	0.00783058	0.0109711	0.828375	0.00413223	0	0	0	0
	0.981	0.00834711	0.0128306	0.819222	0.00206612	0	0	0	0
	0.982	0.00878099	0.0126033	0.818391	0	0	2.06612e-05	0	0
	0.983	0.0102479	0.0130372	0.81106	0	0	0	0	0
	0.984	0.0111157	0.014876	0.790323	0	0	0	0	0
	0.985	0.0115083	0.0163843	0.788372	0	0	0	0	0
	0.986	0.0109711	0.0164463	0.769767	0	0	0	0	0
	0.987	0.0118182	0.018905	0.755869	0	0	0	0	0
	0.988	0.0128099	0.0198347	0.749409	0	0	0	0	0
	0.989	0.013781	0.0231818	0.738095	0	0	0	0	0
	0.99	0.014938	0.0258058	0.700957	0	0	0	0	0
	0.991	0.0168802	0.0276446	0.676399	0	0	0	0	0
	0.992	0.0183264	0.0286157	0.65099	0	0	0	0	0
	0.993	0.0229339	0.0329545	0.61461	0	0	0	0	0
	0.994	0.0272521	0.0360537	0.589744	0	0	0	0	0
	0.995	0.0357851	0.0416529	0.560526	0	0	0	0	0
	0.996	0.0434917	0.047686	0.510753	0	0	0	0	0
	0.997	0.0541116	0.0567769	0.435616	0	0	0	0	0
	0.998	0.0751033	0.0693388	0.280453	0	0	0	0	0
	0.999	0.135496	0.0944215	0.113433	0	0	0	0	0
	1	0.29874	0.116178	0	0	0	0	0	0


#	yrange	sparsity	# links	zeta	support at cross	fraction FP	support at cross2	fraction FP2
	0	0	0	0.000209645	0.997	0.597595	0.997	0.597595
	0.3	0	0	0.000209645	0.997	0.597595	0.997	0.597595
