#	Frequencies and overlap
#	bins	MYC	shuffle	overlap_MYC	overlap_shuffle	SIGN_MYC	SIGNshuffle	SIGNoverlap_MYC	SIGNoverlap_shuffle
	0	0.10624	0.144649	1	1	0.59314	0.63781	0.0494624	0
	0.001	0.0825826	0.144091	0.636364	0.0433884	0.0405785	0.0721281	0.0494624	0
	0.002	0.0620868	0.110165	0.57971	0.0227273	0.032438	0.0597107	0.0507726	0
	0.003	0.0446281	0.0864256	0.563169	0.0144628	0.0246901	0.0443388	0.0543735	0
	0.004	0.038657	0.0670868	0.548458	0.00619835	0.0215496	0.0340496	0.0585242	0
	0.005	0.0350826	0.0557025	0.549654	0	0.0174793	0.0245661	0.0637119	0
	0.006	0.0282231	0.0454339	0.563725	0	0.0144421	0.0186777	0.0684524	0
	0.007	0.0257851	0.0369835	0.569948	0	0.0124793	0.0162603	0.0732484	0
	0.008	0.022686	0.0313636	0.559459	0	0.0104132	0.0119215	0.0782313	0
	0.009	0.0198347	0.0272314	0.581662	0	0.00890496	0.010186	0.0836364	0
	0.01	0.0178099	0.0213636	0.579412	0	0.00832645	0.00783058	0.0871212	0
	0.011	0.0159504	0.0193388	0.586103	0	0.00690083	0.00694215	0.0916335	0
	0.012	0.0132231	0.018843	0.58805	0	0.00632231	0.00557851	0.0995671	0
	0.013	0.0129132	0.0151446	0.601286	0	0.00646694	0.00541322	0.105023	0
	0.014	0.0117975	0.0134298	0.620805	0	0.0057438	0.00421488	0.106977	0
	0.015	0.0114463	0.0111364	0.62543	0	0.00477273	0.00353306	0.112745	0
	0.016	0.0105992	0.0106818	0.633452	0	0.00479339	0.00301653	0.116751	0
	0.017	0.0101033	0.0092562	0.619565	0	0.00471074	0.00285124	0.119792	0
	0.018	0.0093595	0.00894628	0.636364	0	0.00415289	0.00266529	0.127072	0
	0.019	0.00745868	0.00747934	0.644269	0	0.00380165	0.00229339	0.127778	0
	0.02	0.00741736	0.00623967	0.654618	0	0.00326446	0.00188017	0.130682	0
	0.021	0.0071281	0.00679752	0.657143	0	0.00357438	0.00171488	0.132948	0
	0.022	0.00673554	0.00580579	0.661088	0	0.00320248	0.00167355	0.136905	0
	0.023	0.00681818	0.00524793	0.669528	0	0.00332645	0.00144628	0.140244	0
	0.024	0.0064876	0.00415289	0.675325	0	0.00326446	0.0013843	0.14375	0
	0.025	0.00615702	0.00469008	0.684211	0	0.00347107	0.00107438	0.149351	0
	0.026	0.00609504	0.00446281	0.681416	0	0.0036157	0.0010124	0.155405	0
	0.027	0.00592975	0.00320248	0.68018	0	0.00305785	0.0011157	0.160839	0
	0.028	0.00481405	0.00289256	0.699531	0	0.00320248	0.00107438	0.161972	0
	0.029	0.00495868	0.00353306	0.721951	0	0.00347107	0.000743802	0.169118	0
	0.03	0.00489669	0.00318182	0.717822	0	0.00328512	0.000971074	0.171642	0
	0.031	0.00514463	0.00328512	0.701493	0	0.00260331	0.000847107	0.178295	0
	0.032	0.00514463	0.00278926	0.676768	0	0.00291322	0.000867769	0.181102	0
	0.033	0.00413223	0.00233471	0.663265	0	0.00363636	0.000640496	0.18254	0
	0.034	0.00371901	0.00241736	0.651282	0	0.00316116	0.000392562	0.188525	0
	0.035	0.00411157	0.0022314	0.64433	0	0.00243802	0.00053719	0.190083	0
	0.036	0.00392562	0.00206612	0.632124	0	0.00256198	0.000578512	0.196581	0
	0.037	0.0039876	0.00196281	0.642105	0	0.00231405	0.000495868	0.20354	0
	0.038	0.00378099	0.00206612	0.625668	0	0.0021281	0.000475207	0.211009	0
	0.039	0.00382231	0.00179752	0.63587	0	0.00219008	0.000227273	0.214953	0
	0.04	0.00347107	0.0017562	0.633333	0	0.00204545	0.00035124	0.221154	0
	0.041	0.0038843	0.00188017	0.632768	0	0.00194215	0.000371901	0.227723	0
	0.042	0.00417355	0.00161157	0.626437	0	0.00152893	0.000268595	0.232323	0
	0.043	0.0043595	0.00134298	0.618497	0	0.00163223	0.000247934	0.237113	0
	0.044	0.00456612	0.00123967	0.609467	0	0.00161157	0.00018595	0.247312	0
	0.045	0.0042562	0.00123967	0.60119	0	0.00157025	0.000268595	0.25	0
	0.046	0.00454545	0.00132231	0.606061	0	0.00134298	0.000268595	0.261364	0
	0.047	0.00460744	0.0011157	0.625	0	0.00134298	0.000227273	0.267442	0
	0.048	0.00429752	0.00107438	0.61875	0	0.00126033	0.000103306	0.280488	0
	0.049	0.00456612	0.00088843	0.616352	0	0.00123967	0.000103306	0.275	0
	0.05	0.00421488	0.00121901	0.591195	0	0.00123967	0.000144628	0.289474	0
	0.051	0.00402893	0.000991736	0.596154	0	0.00132231	0.000206612	0.293333	0
	0.052	0.0043595	0.00103306	0.6	0	0.0011157	0.000268595	0.283784	0
	0.053	0.00376033	0.000702479	0.6	0	0.0013843	0.000103306	0.283784	0
	0.054	0.00407025	0.000909091	0.607843	0	0.00132231	0.000103306	0.291667	0
	0.055	0.00392562	0.00103306	0.598684	0	0.00107438	0.000206612	0.291667	0
	0.056	0.00365702	0.000599174	0.598684	0	0.00144628	0.000165289	0.291667	0
	0.057	0.00342975	0.000764463	0.582781	0	0.00126033	0.000123967	0.3	0
	0.058	0.0028719	0.000599174	0.587838	0	0.00132231	0.000123967	0.318182	0
	0.059	0.00353306	0.000764463	0.587838	0	0.00121901	0.000144628	0.323077	0
	0.06	0.00347107	0.000702479	0.604167	0	0.000950413	0.000103306	0.3125	0
	0.061	0.00316116	0.000433884	0.608392	0	0.0010124	0.000123967	0.3125	0
	0.062	0.00299587	0.000640496	0.618705	0	0.00152893	2.06612e-05	0.31746	0
	0.063	0.00332645	0.000640496	0.618705	0	0.000826446	8.26446e-05	0.327869	0
	0.064	0.00260331	0.000619835	0.623188	0	0.000971074	8.26446e-05	0.333333	0
	0.065	0.00254132	0.000681818	0.625	0	0.000764463	0.000165289	0.333333	0
	0.066	0.00245868	0.000433884	0.610294	0	0.00088843	4.13223e-05	0.338983	0
	0.067	0.00235537	0.000661157	0.607407	0	0.00103306	0.000103306	0.338983	0
	0.068	0.00227273	0.000599174	0.618321	0	0.000867769	2.06612e-05	0.357143	0
	0.069	0.00233471	0.000578512	0.632812	0	0.000867769	4.13223e-05	0.363636	0
	0.07	0.00258264	0.000330579	0.645161	0	0.000847107	0	0.363636	0
	0.071	0.00200413	0.000433884	0.642276	0	0.00103306	4.13223e-05	0.384615	0
	0.072	0.00204545	0.000392562	0.617886	0	0.0010124	0.000165289	0.384615	0
	0.073	0.00181818	0.00035124	0.622951	0	0.000702479	6.19835e-05	0.384615	0
	0.074	0.00177686	0.00035124	0.628099	0	0.000743802	4.13223e-05	0.365385	0
	0.075	0.00214876	0.000371901	0.633333	0	0.000971074	4.13223e-05	0.365385	0
	0.076	0.0013843	0.000392562	0.637931	0	0.000702479	4.13223e-05	0.372549	0
	0.077	0.00165289	0.000206612	0.654867	0	0.000578512	2.06612e-05	0.38	0
	0.078	0.00134298	0.000227273	0.672727	0	0.000619835	6.19835e-05	0.387755	0
	0.079	0.00152893	0.000392562	0.672727	0	0.000681818	6.19835e-05	0.387755	0
	0.08	0.00150826	0.00018595	0.678899	0	0.000433884	4.13223e-05	0.382979	0
	0.081	0.00159091	0.000206612	0.685185	0	0.000433884	4.13223e-05	0.361702	0
	0.082	0.00169421	0.000268595	0.663551	0	0.000433884	2.06612e-05	0.361702	0
	0.083	0.00177686	0.000227273	0.650943	0	0.00072314	0	0.361702	0
	0.084	0.00157025	0.000206612	0.657143	0	0.000454545	4.13223e-05	0.369565	0
	0.085	0.00134298	0.000268595	0.669903	0	0.000392562	4.13223e-05	0.369565	0
	0.086	0.00136364	0.000392562	0.676471	0	0.000516529	2.06612e-05	0.369565	0
	0.087	0.00115702	0.000227273	0.673267	0	0.00035124	0	0.369565	0
	0.088	0.0014876	0.000309917	0.67	0	0.000454545	4.13223e-05	0.355556	0
	0.089	0.00123967	0.000123967	0.666667	0	0.000475207	0	0.363636	0
	0.09	0.00115702	0.000206612	0.663265	0	0.000516529	4.13223e-05	0.363636	0
	0.091	0.00152893	0.000247934	0.666667	0	0.000619835	8.26446e-05	0.380952	0
	0.092	0.00115702	0.000227273	0.666667	0	0.000578512	6.19835e-05	0.390244	0
	0.093	0.00136364	0.000227273	0.673684	0	0.000619835	4.13223e-05	0.421053	0
	0.094	0.00126033	0.000144628	0.673684	0	0.000661157	0	0.421053	0
	0.095	0.00113636	0.000247934	0.677419	0	0.000495868	2.06612e-05	0.394737	0
	0.096	0.00115702	4.13223e-05	0.684783	0	0.000516529	2.06612e-05	0.378378	0
	0.097	0.0013843	0.000144628	0.67033	0	0.000516529	0	0.378378	0
	0.098	0.00150826	0.000103306	0.67033	0	0.000661157	4.13223e-05	0.388889	0
	0.099	0.0013843	0.000227273	0.701149	0	0.000557851	2.06612e-05	0.411765	0
	0.1	0.00130165	0.000206612	0.701149	0	0.000516529	0	0.411765	0
	0.101	0.00154959	0.000103306	0.701149	0	0.000516529	2.06612e-05	0.382353	0
	0.102	0.00126033	0.00018595	0.701149	0	0.000557851	2.06612e-05	0.382353	0
	0.103	0.0013843	0.000144628	0.701149	0	0.000619835	0	0.382353	0
	0.104	0.00121901	0.000144628	0.701149	0	0.000392562	4.13223e-05	0.382353	0
	0.105	0.00140496	0.000206612	0.701149	0	0.000764463	0	0.382353	0
	0.106	0.00140496	0.000144628	0.701149	0	0.000619835	2.06612e-05	0.363636	0
	0.107	0.00132231	0.000123967	0.701149	0	0.000681818	2.06612e-05	0.363636	0
	0.108	0.00115702	0.000103306	0.709302	0	0.000702479	4.13223e-05	0.333333	0
	0.109	0.00105372	0.00018595	0.717647	0	0.000640496	2.06612e-05	0.34375	0
	0.11	0.00113636	0.000103306	0.714286	0	0.000681818	0	0.34375	0
	0.111	0.000991736	8.26446e-05	0.714286	0	0.000702479	2.06612e-05	0.34375	0
	0.112	0.0011157	8.26446e-05	0.710843	0	0.000619835	0	0.34375	0
	0.113	0.000909091	0.000123967	0.710843	0	0.000640496	4.13223e-05	0.34375	0
	0.114	0.0010124	8.26446e-05	0.719512	0	0.000785124	8.26446e-05	0.34375	0
	0.115	0.0010124	0.000123967	0.719512	0	0.000557851	2.06612e-05	0.3125	0
	0.116	0.000785124	8.26446e-05	0.695122	0	0.000805785	2.06612e-05	0.28125	0
	0.117	0.000702479	0.000103306	0.7125	0	0.000847107	0	0.290323	0
	0.118	0.000681818	0	0.7125	0	0.000805785	0	0.290323	0
	0.119	0.000805785	8.26446e-05	0.721519	0	0.000826446	2.06612e-05	0.3	0
	0.12	0.000785124	0.000165289	0.714286	0	0.00053719	2.06612e-05	0.3	0
	0.121	0.000847107	0.000123967	0.723684	0	0.000599174	0	0.310345	0
	0.122	0.000785124	0.000123967	0.710526	0	0.000681818	2.06612e-05	0.321429	0
	0.123	0.000847107	6.19835e-05	0.72	0	0.000516529	4.13223e-05	0.321429	0
	0.124	0.000867769	0.000103306	0.706667	0	0.000578512	0	0.333333	0
	0.125	0.000578512	2.06612e-05	0.716216	0	0.000661157	6.19835e-05	0.333333	0
	0.126	0.000454545	0.00018595	0.716216	0	0.000805785	2.06612e-05	0.333333	0
	0.127	0.000495868	8.26446e-05	0.726027	0	0.000743802	0	0.307692	0
	0.128	0.000454545	0.000165289	0.726027	0	0.000599174	2.06612e-05	0.307692	0
	0.129	0.000371901	0.000103306	0.726027	0	0.00053719	0	0.307692	0
	0.13	0.000619835	4.13223e-05	0.726027	0	0.000475207	2.06612e-05	0.307692	0
	0.131	0.000599174	0.000103306	0.726027	0	0.000599174	2.06612e-05	0.307692	0
	0.132	0.000557851	6.19835e-05	0.726027	0	0.000516529	0	0.333333	0
	0.133	0.000392562	8.26446e-05	0.746479	0	0.000640496	0	0.333333	0
	0.134	0.000495868	4.13223e-05	0.746479	0	0.000578512	0	0.291667	0
	0.135	0.000516529	0.000123967	0.746479	0	0.000599174	2.06612e-05	0.304348	0
	0.136	0.000743802	0.000123967	0.757143	0	0.000454545	4.13223e-05	0.304348	0
	0.137	0.000599174	8.26446e-05	0.768116	0	0.000557851	2.06612e-05	0.304348	0
	0.138	0.000681818	8.26446e-05	0.73913	0	0.000640496	0	0.304348	0
	0.139	0.000578512	4.13223e-05	0.735294	0	0.000578512	2.06612e-05	0.304348	0
	0.14	0.000702479	4.13223e-05	0.731343	0	0.000413223	0	0.304348	0
	0.141	0.000578512	6.19835e-05	0.727273	0	0.000433884	0	0.304348	0
	0.142	0.000557851	8.26446e-05	0.738462	0	0.000433884	0	0.318182	0
	0.143	0.000413223	4.13223e-05	0.761905	0	0.000392562	0	0.318182	0
	0.144	0.000557851	2.06612e-05	0.761905	0	0.000516529	0	0.318182	0
	0.145	0.00053719	6.19835e-05	0.746032	0	0.00035124	0	0.318182	0
	0.146	0.000392562	8.26446e-05	0.730159	0	0.000578512	0	0.318182	0
	0.147	0.00072314	2.06612e-05	0.741935	0	0.000619835	0	0.272727	0
	0.148	0.000475207	6.19835e-05	0.737705	0	0.000371901	0	0.285714	0
	0.149	0.000578512	6.19835e-05	0.737705	0	0.000330579	0	0.263158	0
	0.15	0.000475207	4.13223e-05	0.737705	0	0.000454545	0	0.277778	0
	0.151	0.000578512	4.13223e-05	0.737705	0	0.000309917	0	0.277778	0
	0.152	0.000557851	4.13223e-05	0.721311	0	0.000475207	0	0.277778	0
	0.153	0.00053719	2.06612e-05	0.704918	0	0.000475207	0	0.294118	0
	0.154	0.000681818	2.06612e-05	0.704918	0	0.000289256	0	0.3125	0
	0.155	0.000681818	4.13223e-05	0.704918	0	0.000495868	2.06612e-05	0.3125	0
	0.156	0.000640496	4.13223e-05	0.704918	0	0.000392562	0	0.3125	0
	0.157	0.000661157	2.06612e-05	0.704918	0	0.000392562	0	0.3125	0
	0.158	0.000661157	4.13223e-05	0.688525	0	0.000371901	0	0.3125	0
	0.159	0.000557851	4.13223e-05	0.688525	0	0.000289256	0	0.3125	0
	0.16	0.00053719	4.13223e-05	0.688525	0	0.000309917	0	0.3125	0
	0.161	0.000495868	4.13223e-05	0.688525	0	0.000247934	0	0.3125	0
	0.162	0.000599174	2.06612e-05	0.688525	0	0.00035124	2.06612e-05	0.3125	0
	0.163	0.000764463	2.06612e-05	0.688525	0	0.00018595	0	0.357143	0
	0.164	0.000619835	2.06612e-05	0.688525	0	0.000144628	0	0.357143	0
	0.165	0.000661157	0	0.688525	0	0.000206612	0	0.357143	0
	0.166	0.000557851	6.19835e-05	0.7	0	0.000309917	0	0.357143	0
	0.167	0.000578512	4.13223e-05	0.7	0	0.000309917	0	0.357143	0
	0.168	0.000847107	4.13223e-05	0.683333	0	0.00018595	2.06612e-05	0.384615	0
	0.169	0.000640496	0.000103306	0.706897	0	0.000206612	0	0.384615	0
	0.17	0.000826446	4.13223e-05	0.689655	0	0.00018595	0	0.384615	0
	0.171	0.000578512	8.26446e-05	0.684211	0	0.000227273	2.06612e-05	0.384615	0
	0.172	0.000743802	0	0.684211	0	0.000227273	0	0.384615	0
	0.173	0.000371901	4.13223e-05	0.666667	0	0.000206612	0	0.384615	0
	0.174	0.000826446	2.06612e-05	0.678571	0	0.000144628	0	0.384615	0
	0.175	0.000599174	6.19835e-05	0.678571	0	0.000206612	0	0.384615	0
	0.176	0.000454545	2.06612e-05	0.690909	0	0.00035124	0	0.384615	0
	0.177	0.000640496	0	0.690909	0	0.000330579	0	0.416667	0
	0.178	0.000702479	0	0.690909	0	0.000123967	0	0.454545	0
	0.179	0.000599174	0	0.690909	0	0.000103306	0	0.454545	0
	0.18	0.000371901	4.13223e-05	0.716981	0	0.000268595	2.06612e-05	0.454545	0
	0.181	0.000599174	4.13223e-05	0.698113	0	0.000227273	0	0.454545	0
	0.182	0.000640496	2.06612e-05	0.660377	0	0.000165289	0	0.5	0
	0.183	0.000578512	2.06612e-05	0.660377	0	0.000103306	0	0.5	0
	0.184	0.00103306	0	0.660377	0	0.00018595	2.06612e-05	0.5	0
	0.185	0.000640496	2.06612e-05	0.660377	0	0.000268595	0	0.5	0
	0.186	0.000516529	8.26446e-05	0.660377	0	0.000103306	0	0.444444	0
	0.187	0.00053719	6.19835e-05	0.641509	0	0.000165289	0	0.444444	0
	0.188	0.000764463	4.13223e-05	0.641509	0	0.000206612	0	0.444444	0
	0.189	0.000826446	8.26446e-05	0.641509	0	8.26446e-05	0	0.5	0
	0.19	0.00053719	2.06612e-05	0.622642	0	0.000123967	0	0.5	0
	0.191	0.000847107	6.19835e-05	0.622642	0	0.000123967	0	0.5	0
	0.192	0.00053719	6.19835e-05	0.603774	0	2.06612e-05	0	0.5	0
	0.193	0.000743802	2.06612e-05	0.603774	0	0.000165289	0	0.5	0
	0.194	0.000661157	6.19835e-05	0.603774	0	6.19835e-05	0	0.5	0
	0.195	0.000413223	4.13223e-05	0.584906	0	6.19835e-05	0	0.571429	0
	0.196	0.000599174	2.06612e-05	0.566038	0	8.26446e-05	0	0.571429	0
	0.197	0.000495868	0	0.566038	0	0.000103306	0	0.571429	0
	0.198	0.000681818	0	0.566038	0	0	0	0.571429	0
	0.199	0.000495868	4.13223e-05	0.576923	0	6.19835e-05	0	0.571429	0
	0.2	0.000619835	2.06612e-05	0.588235	0	2.06612e-05	0	0.571429	0
	0.201	0.000578512	0	0.588235	0	8.26446e-05	0	0.571429	0
	0.202	0.000495868	0	0.58	0	0	0	0.666667	0
	0.203	0.000578512	0	0.58	0	8.26446e-05	0	0.666667	0
	0.204	0.000495868	2.06612e-05	0.58	0	6.19835e-05	0	0.8	0
	0.205	0.000661157	4.13223e-05	0.58	0	4.13223e-05	0	0.8	0
	0.206	0.000578512	0	0.58	0	4.13223e-05	0	0.8	0
	0.207	0.00053719	0	0.591837	0	2.06612e-05	0	0.8	0
	0.208	0.000619835	4.13223e-05	0.571429	0	4.13223e-05	0	0.8	0
	0.209	0.000475207	4.13223e-05	0.571429	0	6.19835e-05	0	0.8	0
	0.21	0.000475207	6.19835e-05	0.583333	0	0.000103306	0	0.8	0
	0.211	0.000640496	2.06612e-05	0.5625	0	4.13223e-05	0	0.8	0
	0.212	0.000475207	2.06612e-05	0.553191	0	4.13223e-05	0	0.8	0
	0.213	0.000702479	4.13223e-05	0.531915	0	0.000123967	0	0.8	0
	0.214	0.000578512	0	0.555556	0	4.13223e-05	2.06612e-05	0.8	0
	0.215	0.000599174	0	0.533333	0	2.06612e-05	0	0.8	0
	0.216	0.00072314	4.13223e-05	0.533333	0	6.19835e-05	2.06612e-05	0.8	0
	0.217	0.000578512	2.06612e-05	0.511111	0	0	0	0.8	0
	0.218	0.000702479	4.13223e-05	0.522727	0	6.19835e-05	0	0.8	0
	0.219	0.000578512	4.13223e-05	0.534884	0	4.13223e-05	0	0.8	0
	0.22	0.000433884	6.19835e-05	0.534884	0	4.13223e-05	0	0.8	0
	0.221	0.000702479	2.06612e-05	0.547619	0	0.000103306	0	0.8	0
	0.222	0.000640496	0	0.547619	0	0.000103306	0	0.8	0
	0.223	0.000516529	0	0.52381	0	8.26446e-05	0	0.8	0
	0.224	0.000702479	0	0.52381	0	4.13223e-05	2.06612e-05	0.6	0
	0.225	0.000867769	0	0.52381	0	0.000123967	0	0.6	0
	0.226	0.000867769	0	0.52381	0	6.19835e-05	0	0.6	0
	0.227	0.000413223	0	0.52381	0	8.26446e-05	0	0.6	0
	0.228	0.000557851	4.13223e-05	0.52381	0	8.26446e-05	0	0.6	0
	0.229	0.00072314	0	0.52381	0	4.13223e-05	0	0.6	0
	0.23	0.000557851	0	0.536585	0	2.06612e-05	0	0.6	0
	0.231	0.000516529	0	0.512195	0	2.06612e-05	0	0.6	0
	0.232	0.000516529	2.06612e-05	0.512195	0	2.06612e-05	0	0.6	0
	0.233	0.000557851	2.06612e-05	0.512195	0	0	0	0.6	0
	0.234	0.00088843	0	0.439024	0	4.13223e-05	0	0.6	0
	0.235	0.00088843	0	0.439024	0	2.06612e-05	0	0.6	0
	0.236	0.000764463	0	0.439024	0	0	0	0.6	0
	0.237	0.0010124	0	0.439024	0	2.06612e-05	0	0.6	0
	0.238	0.000640496	0	0.4	0	0	0	0.6	0
	0.239	0.000578512	2.06612e-05	0.410256	0	0	0	0.6	0
	0.24	0.000764463	2.06612e-05	0.410256	0	8.26446e-05	2.06612e-05	0.6	0
	0.241	0.000805785	0	0.410256	0	0	0	0.6	0
	0.242	0.000785124	0	0.410256	0	4.13223e-05	0	0.6	0
	0.243	0.000764463	0	0.410256	0	2.06612e-05	0	0.6	0
	0.244	0.000702479	4.13223e-05	0.384615	0	6.19835e-05	0	0.6	0
	0.245	0.000702479	0	0.384615	0	6.19835e-05	0	0.6	0
	0.246	0.000661157	2.06612e-05	0.384615	0	4.13223e-05	0	0.6	0
	0.247	0.00072314	4.13223e-05	0.384615	0	4.13223e-05	0	0.6	0
	0.248	0.000640496	0	0.358974	0	4.13223e-05	0	0.6	0
	0.249	0.000702479	2.06612e-05	0.368421	0	0	0	0.6	0
	0.25	0.000640496	0	0.378378	0	0.000103306	0	0.6	0
	0.251	0.000702479	0	0.378378	0	0.000123967	0	0.6	0
	0.252	0.000578512	2.06612e-05	0.388889	0	4.13223e-05	0	0.75	0
	0.253	0.000702479	0	0.4	0	6.19835e-05	0	0.75	0
	0.254	0.000950413	0	0.4	0	6.19835e-05	0	0.75	0
	0.255	0.000640496	0	0.411765	0	2.06612e-05	0	0.75	0
	0.256	0.000764463	0	0.411765	0	2.06612e-05	0	0.75	0
	0.257	0.000578512	0	0.424242	0	8.26446e-05	0	0.75	0
	0.258	0.000619835	0	0.424242	0	0	0	0.75	0
	0.259	0.000867769	2.06612e-05	0.424242	0	0	0	0.75	0
	0.26	0.000640496	2.06612e-05	0.451613	0	2.06612e-05	0	0.75	0
	0.261	0.000578512	4.13223e-05	0.451613	0	6.19835e-05	0	0.75	0
	0.262	0.000413223	0	0.451613	0	6.19835e-05	0	0.75	0
	0.263	0.000640496	0	0.451613	0	8.26446e-05	0	0.75	0
	0.264	0.00072314	0	0.451613	0	8.26446e-05	0	0.75	0
	0.265	0.000640496	0	0.451613	0	8.26446e-05	0	0.75	0
	0.266	0.000640496	0	0.451613	0	2.06612e-05	0	0.75	0
	0.267	0.00035124	2.06612e-05	0.466667	0	6.19835e-05	0	0.75	0
	0.268	0.000495868	0	0.433333	0	0.000103306	0	0.75	0
	0.269	0.000433884	0	0.433333	0	2.06612e-05	0	0.75	0
	0.27	0.000289256	0	0.433333	0	4.13223e-05	0	0.75	0
	0.271	0.000413223	0	0.448276	0	0.000103306	0	0.75	0
	0.272	0.000475207	0	0.448276	0	0	0	0.75	0
	0.273	0.000578512	0	0.464286	0	0.000103306	0	0.75	0
	0.274	0.000557851	0	0.481481	0	4.13223e-05	0	0.75	0
	0.275	0.000433884	0	0.5	0	6.19835e-05	0	0.75	0
	0.276	0.000392562	0	0.5	0	4.13223e-05	0	0.75	0
	0.277	0.00035124	0	0.52	0	0	0	0.75	0
	0.278	0.000289256	0	0.52	0	4.13223e-05	0	0.75	0
	0.279	0.000330579	0	0.52	0	2.06612e-05	0	0.75	0
	0.28	0.000309917	0	0.52	0	2.06612e-05	0	0.75	0
	0.281	0.000309917	0	0.52	0	4.13223e-05	0	0.75	0
	0.282	0.000392562	2.06612e-05	0.52	0	2.06612e-05	0	0.75	0
	0.283	0.000413223	0	0.52	0	2.06612e-05	0	0.75	0
	0.284	0.00035124	0	0.52	0	2.06612e-05	0	0.75	0
	0.285	0.000206612	2.06612e-05	0.52	0	4.13223e-05	0	0.75	0
	0.286	0.000268595	0	0.52	0	0	0	0.75	0
	0.287	0.000247934	0	0.52	0	0	0	0.75	0
	0.288	0.00035124	0	0.541667	0	0	0	0.75	0
	0.289	0.00035124	0	0.565217	0	0	2.06612e-05	0.75	0
	0.29	0.000165289	0	0.521739	0	0	0	0.75	0
	0.291	0.000247934	0	0.521739	0	0	0	0.75	0
	0.292	0.00018595	4.13223e-05	0.521739	0	0	2.06612e-05	0.75	0
	0.293	0.000103306	2.06612e-05	0.545455	0	0	0	0.75	0
	0.294	0.000103306	0	0.545455	0	2.06612e-05	0	0.75	0
	0.295	0.000165289	0	0.571429	0	0	0	1	0
	0.296	0.000103306	4.13223e-05	0.571429	0	0	0	1	0
	0.297	0.000165289	2.06612e-05	0.571429	0	0	0	1	0
	0.298	8.26446e-05	2.06612e-05	0.571429	0	0	0	1	0
	0.299	0.000227273	2.06612e-05	0.52381	0	0	0	1	0
	0.3	0.000123967	0	0.55	0	0	0	1	0
	0.301	0.000227273	2.06612e-05	0.55	0	0	0	1	0
	0.302	0.000123967	0	0.55	0	0	0	1	0
	0.303	0.000165289	0	0.578947	0	0	0	1	0
	0.304	0.00018595	0	0.578947	0	0	0	1	0
	0.305	0.000247934	0	0.611111	0	0	0	1	0
	0.306	0.000123967	2.06612e-05	0.611111	0	0	0	1	0
	0.307	0.00018595	0	0.611111	0	0	0	1	0
	0.308	6.19835e-05	2.06612e-05	0.647059	0	0	0	1	0
	0.309	6.19835e-05	0	0.647059	0	0	0	1	0
	0.31	0.000123967	0	0.647059	0	0	0	1	0
	0.311	0.000123967	2.06612e-05	0.588235	0	0	0	1	0
	0.312	0.000144628	0	0.625	0	0	0	1	0
	0.313	0.000123967	0	0.625	0	0	0	1	0
	0.314	0.000103306	2.06612e-05	0.5625	0	0	0	1	0
	0.315	0.00018595	0	0.5625	0	0	0	1	0
	0.316	2.06612e-05	0	0.5625	0	0	0	1	0
	0.317	0.000165289	2.06612e-05	0.5625	0	0	0	1	0
	0.318	0.00018595	0	0.5625	0	0	0	1	0
	0.319	0.000123967	0	0.5625	0	0	0	1	0
	0.32	0.000247934	2.06612e-05	0.5625	0	0	0	1	0
	0.321	0.000123967	0	0.6	0	0	0	1	0
	0.322	0.000123967	0	0.6	0	0	0	1	0
	0.323	0.000227273	0	0.6	0	0	0	1	0
	0.324	6.19835e-05	0	0.6	0	0	0	1	0
	0.325	0.000227273	2.06612e-05	0.6	0	0	0	1	0
	0.326	0.000144628	2.06612e-05	0.6	0	0	0	1	0
	0.327	0.000165289	0	0.6	0	0	0	1	0
	0.328	0.000144628	0	0.6	0	0	0	1	0
	0.329	0.000144628	0	0.6	0	0	0	1	0
	0.33	6.19835e-05	0	0.642857	0	0	0	1	0
	0.331	0.000144628	2.06612e-05	0.642857	0	0	0	1	0
	0.332	0.00018595	0	0.642857	0	0	0	1	0
	0.333	0.000165289	0	0.642857	0	0	0	1	0
	0.334	0.000247934	0	0.642857	0	0	0	1	0
	0.335	0.000144628	0	0.642857	0	0	0	1	0
	0.336	0.000144628	2.06612e-05	0.642857	0	0	0	1	0
	0.337	6.19835e-05	2.06612e-05	0.642857	0	0	0	1	0
	0.338	0.000227273	0	0.642857	0	0	0	1	0
	0.339	0.000206612	0	0.571429	0	0	0	1	0
	0.34	0.000103306	0	0.571429	0	0	0	1	0
	0.341	6.19835e-05	2.06612e-05	0.571429	0	0	0	1	0
	0.342	0.000247934	0	0.571429	0	0	0	1	0
	0.343	0.000123967	0	0.571429	0	0	0	1	0
	0.344	0.000247934	0	0.571429	0	0	0	1	0
	0.345	0.000247934	2.06612e-05	0.571429	0	0	0	1	0
	0.346	0.00018595	2.06612e-05	0.571429	0	0	0	1	0
	0.347	0.00018595	0	0.571429	0	0	0	1	0
	0.348	0.000123967	0	0.571429	0	0	0	1	0
	0.349	0.000227273	0	0.571429	0	0	0	1	0
	0.35	0.000206612	0	0.571429	0	0	0	1	0
	0.351	0.000165289	0	0.571429	0	0	0	1	0
	0.352	0.000123967	2.06612e-05	0.571429	0	0	0	1	0
	0.353	0.000165289	0	0.571429	0	0	0	1	0
	0.354	0.000103306	2.06612e-05	0.571429	0	0	0	1	0
	0.355	0.000144628	2.06612e-05	0.571429	0	0	0	1	0
	0.356	0.000206612	0	0.615385	0	0	0	1	0
	0.357	0.000123967	2.06612e-05	0.615385	0	0	0	1	0
	0.358	0.000144628	0	0.615385	0	0	0	1	0
	0.359	0.00018595	0	0.615385	0	0	0	1	0
	0.36	8.26446e-05	0	0.615385	0	2.06612e-05	0	1	0
	0.361	0.000206612	0	0.666667	0	0	0	0.666667	0
	0.362	0.000165289	0	0.666667	0	0	0	0.666667	0
	0.363	0.000165289	2.06612e-05	0.666667	0	0	0	0.666667	0
	0.364	0.000247934	0	0.666667	0	0	0	0.666667	0
	0.365	0.000103306	2.06612e-05	0.666667	0	0	0	0.666667	0
	0.366	0.000123967	0	0.666667	0	2.06612e-05	0	0.666667	0
	0.367	6.19835e-05	0	0.666667	0	0	0	0.666667	0
	0.368	0.000103306	0	0.666667	0	2.06612e-05	0	0.666667	0
	0.369	0.000103306	0	0.666667	0	0	0	0.666667	0
	0.37	0.000123967	0	0.666667	0	0	0	0.666667	0
	0.371	0.000206612	2.06612e-05	0.666667	0	4.13223e-05	0	0.666667	0
	0.372	0.000144628	0	0.666667	0	8.26446e-05	0	0.666667	0
	0.373	0.000123967	0	0.666667	0	2.06612e-05	0	0.666667	0
	0.374	6.19835e-05	0	0.666667	0	0	0	0.666667	0
	0.375	0.000103306	0	0.666667	0	2.06612e-05	0	0.666667	0
	0.376	8.26446e-05	0	0.727273	0	6.19835e-05	0	0.666667	0
	0.377	6.19835e-05	0	0.727273	0	2.06612e-05	0	0.666667	0
	0.378	8.26446e-05	0	0.727273	0	4.13223e-05	0	0.666667	0
	0.379	2.06612e-05	0	0.727273	0	8.26446e-05	0	0.666667	0
	0.38	4.13223e-05	2.06612e-05	0.727273	0	0.000103306	0	0.666667	0
	0.381	8.26446e-05	0	0.727273	0	2.06612e-05	0	0.666667	0
	0.382	2.06612e-05	0	0.727273	0	6.19835e-05	0	0.666667	0
	0.383	2.06612e-05	0	0.727273	0	2.06612e-05	0	0.666667	0
	0.384	2.06612e-05	0	0.727273	0	4.13223e-05	0	0.666667	0
	0.385	0.000103306	2.06612e-05	0.727273	0	4.13223e-05	0	0.666667	0
	0.386	4.13223e-05	0	0.727273	0	4.13223e-05	0	0.666667	0
	0.387	6.19835e-05	0	0.727273	0	6.19835e-05	0	0.666667	0
	0.388	0.000123967	0	0.727273	0	0.000123967	0	0.666667	0
	0.389	4.13223e-05	0	0.8	0	4.13223e-05	0	0.666667	0
	0.39	8.26446e-05	0	0.8	0	6.19835e-05	0	0.666667	0
	0.391	2.06612e-05	0	0.888889	0	4.13223e-05	0	0.666667	0
	0.392	4.13223e-05	0	0.888889	0	0.000123967	0	0.666667	0
	0.393	4.13223e-05	0	0.888889	0	8.26446e-05	0	0.666667	0
	0.394	0	0	0.888889	0	2.06612e-05	0	0.666667	0
	0.395	4.13223e-05	0	0.888889	0	6.19835e-05	0	0.333333	0
	0.396	6.19835e-05	0	0.888889	0	8.26446e-05	0	0.333333	0
	0.397	4.13223e-05	0	0.777778	0	0.000103306	0	0.333333	0
	0.398	2.06612e-05	0	0.777778	0	2.06612e-05	0	0.333333	0
	0.399	0	0	0.777778	0	2.06612e-05	0	0.333333	0
	0.4	2.06612e-05	0	0.777778	0	6.19835e-05	0	0.333333	0
	0.401	6.19835e-05	0	0.777778	0	4.13223e-05	0	0.333333	0
	0.402	4.13223e-05	0	0.777778	0	2.06612e-05	0	0.333333	0
	0.403	0	0	0.777778	0	2.06612e-05	0	0.333333	0
	0.404	6.19835e-05	0	0.777778	0	2.06612e-05	0	0.333333	0
	0.405	0	0	0.777778	0	4.13223e-05	0	0.333333	0
	0.406	0	2.06612e-05	0.777778	0	4.13223e-05	0	0.333333	0
	0.407	0	0	0.777778	0	8.26446e-05	0	0.333333	0
	0.408	0	0	0.777778	0	0	0	0.333333	0
	0.409	2.06612e-05	0	0.777778	0	2.06612e-05	0	0.333333	0
	0.41	0	2.06612e-05	0.777778	0	0.000103306	0	0.333333	0
	0.411	0	0	0.777778	0	0	0	0.333333	0
	0.412	2.06612e-05	0	0.777778	0	2.06612e-05	0	0.333333	0
	0.413	0	0	0.777778	0	2.06612e-05	0	0.333333	0
	0.414	4.13223e-05	0	0.777778	0	6.19835e-05	0	0.333333	0
	0.415	4.13223e-05	0	0.777778	0	0.000123967	0	0.333333	0
	0.416	2.06612e-05	0	0.777778	0	2.06612e-05	0	0.333333	0
	0.417	2.06612e-05	0	0.875	0	2.06612e-05	0	0.333333	0
	0.418	0	0	0.875	0	0	0	0.333333	0
	0.419	6.19835e-05	0	0.875	0	0	0	0.333333	0
	0.42	4.13223e-05	0	0.875	0	8.26446e-05	0	0.333333	0
	0.421	0	0	0.875	0	6.19835e-05	0	0.333333	0
	0.422	6.19835e-05	0	0.875	0	4.13223e-05	0	0.333333	0
	0.423	0	0	0.875	0	4.13223e-05	0	0.5	0
	0.424	2.06612e-05	0	0.875	0	8.26446e-05	0	0.5	0
	0.425	4.13223e-05	0	0.875	0	0.000103306	0	0.5	0
	0.426	2.06612e-05	0	0.875	0	6.19835e-05	0	0.5	0
	0.427	6.19835e-05	0	0.875	0	8.26446e-05	0	0.5	0
	0.428	4.13223e-05	0	0.875	0	6.19835e-05	0	0.5	0
	0.429	8.26446e-05	0	0.875	0	0.000103306	0	0	0
	0.43	2.06612e-05	0	0.875	0	8.26446e-05	0	0	0
	0.431	4.13223e-05	0	0.875	0	4.13223e-05	0	0	0
	0.432	4.13223e-05	0	0.875	0	4.13223e-05	0	0	0
	0.433	6.19835e-05	0	0.875	0	4.13223e-05	0	0	0
	0.434	2.06612e-05	0	0.875	0	6.19835e-05	0	0	0
	0.435	6.19835e-05	0	0.875	0	0	0	0	0
	0.436	0.000103306	0	0.875	0	8.26446e-05	0	0	0
	0.437	6.19835e-05	0	0.875	0	6.19835e-05	0	0	0
	0.438	6.19835e-05	0	0.875	0	6.19835e-05	0	0	0
	0.439	6.19835e-05	0	0.875	0	2.06612e-05	0	0	0
	0.44	6.19835e-05	0	0.875	0	0.000103306	0	0	0
	0.441	6.19835e-05	0	0.875	0	6.19835e-05	0	0	0
	0.442	0.000103306	0	0.875	0	8.26446e-05	0	0	0
	0.443	2.06612e-05	0	0.875	0	6.19835e-05	0	0	0
	0.444	0	0	0.875	0	8.26446e-05	0	0	0
	0.445	0	0	0.875	0	8.26446e-05	0	0	0
	0.446	2.06612e-05	0	0.875	0	0.000103306	0	0	0
	0.447	4.13223e-05	0	0.875	0	8.26446e-05	0	0	0
	0.448	4.13223e-05	0	0.875	0	4.13223e-05	0	0	0
	0.449	2.06612e-05	0	0.875	0	6.19835e-05	0	0	0
	0.45	2.06612e-05	0	0.875	0	6.19835e-05	0	0	0
	0.451	4.13223e-05	0	0.875	0	0.000103306	0	0	0
	0.452	0	0	0.875	0	8.26446e-05	0	0	0
	0.453	4.13223e-05	0	0.875	0	8.26446e-05	0	0	0
	0.454	4.13223e-05	0	0.875	0	6.19835e-05	0	0	0
	0.455	0	0	0.875	0	0.000103306	0	0	0
	0.456	2.06612e-05	0	0.875	0	6.19835e-05	0	0	0
	0.457	6.19835e-05	0	0.875	0	0.000123967	0	0	0
	0.458	0	0	0.875	0	8.26446e-05	0	0	0
	0.459	2.06612e-05	0	0.875	0	8.26446e-05	0	0	0
	0.46	0	0	0.875	0	0	0	0	0
	0.461	6.19835e-05	0	0.875	0	2.06612e-05	0	0	0
	0.462	2.06612e-05	0	0.875	0	4.13223e-05	0	0	0
	0.463	2.06612e-05	0	0.875	0	2.06612e-05	0	0	0
	0.464	2.06612e-05	0	0.875	0	6.19835e-05	0	0	0
	0.465	0	0	0.875	0	0.000144628	0	0	0
	0.466	0	2.06612e-05	0.875	0	6.19835e-05	0	0	0
	0.467	0	0	0.875	0	4.13223e-05	0	0	0
	0.468	2.06612e-05	0	0.875	0	6.19835e-05	0	0	0
	0.469	0	0	0.875	0	6.19835e-05	0	0	0
	0.47	2.06612e-05	2.06612e-05	0.875	0	4.13223e-05	0	0	0
	0.471	0	0	0.875	0	0.000103306	0	0	0
	0.472	0	0	0.875	0	4.13223e-05	0	0	0
	0.473	0	0	0.875	0	4.13223e-05	0	0	0
	0.474	0	0	0.875	0	2.06612e-05	0	0	0
	0.475	0	0	0.875	0	4.13223e-05	0	0	0
	0.476	0	0	0.875	0	2.06612e-05	0	0	0
	0.477	0	0	0.875	0	0	0	0	0
	0.478	0	0	0.875	0	0	0	0	0
	0.479	0	0	0.875	0	2.06612e-05	0	0	0
	0.48	0	0	0.875	0	2.06612e-05	0	0	0
	0.481	0	0	0.875	0	2.06612e-05	0	0	0
	0.482	2.06612e-05	0	0.875	0	2.06612e-05	0	0	0
	0.483	0	0	1	0	2.06612e-05	0	0	0
	0.484	0	0	1	0	2.06612e-05	0	0	0
	0.485	0	0	1	0	2.06612e-05	0	0	0
	0.486	0	0	1	0	0	0	0	0
	0.487	0	0	1	0	0	0	0	0
	0.488	0	0	1	0	2.06612e-05	0	0	0
	0.489	0	0	1	0	0	0	0	0
	0.49	0	0	1	0	0	0	0	0
	0.491	0	0	1	0	0	0	0	0
	0.492	0	0	1	0	0	0	0	0
	0.493	0	0	1	0	0	0	0	0
	0.494	0	0	1	0	2.06612e-05	0	0	0
	0.495	0	0	1	0	0	0	0	0
	0.496	0	0	1	0	0	0	0	0
	0.497	0	0	1	0	0	0	0	0
	0.498	0	0	1	0	0	0	0	0
	0.499	0	0	1	0	0	0	0	0
	0.5	0	0	1	0	0	0	0	0
	0.501	0	0	1	0	0	0	0	0
	0.502	0	0	1	0	2.06612e-05	0	0	0
	0.503	2.06612e-05	0	1	0	0	0	0	0
	0.504	0	0	0.857143	0	0	0	0	0
	0.505	0	0	0.857143	0	0	0	0	0
	0.506	0	0	0.857143	0	0	0	0	0
	0.507	0	0	0.857143	0	0	0	0	0
	0.508	0	0	0.857143	0	0	0	0	0
	0.509	0	0	0.857143	0	0	0	0	0
	0.51	0	0	0.857143	0	0	0	0	0
	0.511	0	0	0.857143	0	0	0	0	0
	0.512	8.26446e-05	0	0.857143	0	0	0	0	0
	0.513	0	0	0.857143	0	0	0	0	0
	0.514	0	0	0.857143	0	0	0	0	0
	0.515	0	0	0.857143	0	0	0	0	0
	0.516	4.13223e-05	0	0.857143	0	0	0	0	0
	0.517	0	0	0.857143	0	0	0	0	0
	0.518	2.06612e-05	0	0.857143	0	0	0	0	0
	0.519	2.06612e-05	0	0.857143	0	0	0	0	0
	0.52	2.06612e-05	0	0.857143	0	0	0	0	0
	0.521	2.06612e-05	0	0.857143	0	0	0	0	0
	0.522	2.06612e-05	0	0.857143	0	0	0	0	0
	0.523	0	0	0.857143	0	0	0	0	0
	0.524	2.06612e-05	0	0.857143	0	0	0	0	0
	0.525	0	0	0.857143	0	0	0	0	0
	0.526	4.13223e-05	0	0.857143	0	0	0	0	0
	0.527	0	0	0.857143	0	0	0	0	0
	0.528	2.06612e-05	0	0.857143	0	0	0	0	0
	0.529	4.13223e-05	0	0.857143	0	0	0	0	0
	0.53	2.06612e-05	0	0.857143	0	0	0	0	0
	0.531	6.19835e-05	0	0.857143	0	0	0	0	0
	0.532	2.06612e-05	0	0.857143	0	0	0	0	0
	0.533	6.19835e-05	0	0.857143	0	0	0	0	0
	0.534	2.06612e-05	0	0.857143	0	0	0	0	0
	0.535	4.13223e-05	0	0.857143	0	0	0	0	0
	0.536	6.19835e-05	0	0.857143	0	0	0	0	0
	0.537	4.13223e-05	0	0.857143	0	0	0	0	0
	0.538	4.13223e-05	0	0.857143	0	0	0	0	0
	0.539	8.26446e-05	0	0.857143	0	0	0	0	0
	0.54	2.06612e-05	0	0.857143	0	0	0	0	0
	0.541	6.19835e-05	0	0.857143	0	0	0	0	0
	0.542	2.06612e-05	0	0.857143	0	0	0	0	0
	0.543	6.19835e-05	0	0.857143	0	0	0	0	0
	0.544	4.13223e-05	0	0.857143	0	0	0	0	0
	0.545	2.06612e-05	0	0.857143	0	0	0	0	0
	0.546	4.13223e-05	0	0.857143	0	0	0	0	0
	0.547	6.19835e-05	0	0.857143	0	0	0	0	0
	0.548	4.13223e-05	0	0.857143	0	0	0	0	0
	0.549	6.19835e-05	0	0.857143	0	0	0	0	0
	0.55	6.19835e-05	0	0.857143	0	0	0	0	0
	0.551	6.19835e-05	0	0.857143	0	0	0	0	0
	0.552	4.13223e-05	0	0.857143	0	0	0	0	0
	0.553	2.06612e-05	0	0.857143	0	0	0	0	0
	0.554	2.06612e-05	0	0.857143	0	0	0	0	0
	0.555	6.19835e-05	0	0.857143	0	0	0	0	0
	0.556	0	0	0.857143	0	0	0	0	0
	0.557	2.06612e-05	0	0.857143	0	0	0	0	0
	0.558	0	0	0.857143	0	0	0	0	0
	0.559	0.000103306	0	0.857143	0	0	0	0	0
	0.56	2.06612e-05	0	0.857143	0	0	0	0	0
	0.561	6.19835e-05	0	0.857143	0	0	0	0	0
	0.562	8.26446e-05	0	0.857143	0	0	0	0	0
	0.563	0	0	0.857143	0	0	0	0	0
	0.564	6.19835e-05	0	0.857143	0	0	0	0	0
	0.565	2.06612e-05	0	0.857143	0	0	0	0	0
	0.566	2.06612e-05	0	0.857143	0	0	0	0	0
	0.567	2.06612e-05	0	0.857143	0	0	0	0	0
	0.568	0	0	0.857143	0	0	0	0	0
	0.569	4.13223e-05	0	0.857143	0	0	0	0	0
	0.57	2.06612e-05	0	0.714286	0	0	0	0	0
	0.571	0	0	0.571429	0	0	0	0	0
	0.572	6.19835e-05	0	0.571429	0	0	0	0	0
	0.573	4.13223e-05	0	0.571429	0	0	0	0	0
	0.574	2.06612e-05	0	0.571429	0	0	0	0	0
	0.575	2.06612e-05	0	0.571429	0	0	0	0	0
	0.576	0	0	0.571429	0	0	0	0	0
	0.577	0	0	0.571429	0	0	0	0	0
	0.578	4.13223e-05	0	0.571429	0	0	0	0	0
	0.579	0	0	0.666667	0	0	0	0	0
	0.58	0	0	0.666667	0	0	0	0	0
	0.581	0	0	0.666667	0	0	0	0	0
	0.582	2.06612e-05	0	0.666667	0	0	0	0	0
	0.583	4.13223e-05	0	0.5	0	0	0	0	0
	0.584	2.06612e-05	0	0.5	0	0	0	0	0
	0.585	2.06612e-05	0	0.5	0	0	0	0	0
	0.586	0	0	0.5	0	0	0	0	0
	0.587	4.13223e-05	0	0.5	0	0	0	0	0
	0.588	8.26446e-05	0	0.5	0	0	0	0	0
	0.589	4.13223e-05	0	0.5	0	0	0	0	0
	0.59	4.13223e-05	0	0.5	0	0	0	0	0
	0.591	2.06612e-05	0	0.5	0	0	0	0	0
	0.592	0.000123967	0	0.5	0	0	0	0	0
	0.593	4.13223e-05	0	0.5	0	0	0	0	0
	0.594	0.000123967	0	0.5	0	0	0	0	0
	0.595	4.13223e-05	0	0.5	0	0	0	0	0
	0.596	8.26446e-05	0	0.5	0	0	0	0	0
	0.597	6.19835e-05	0	0.5	0	0	0	0	0
	0.598	0.000103306	0	0.5	0	0	0	0	0
	0.599	6.19835e-05	0	0.5	0	0	0	0	0
	0.6	0.00018595	0	0.5	0	0	0	0	0
	0.601	6.19835e-05	0	0.5	0	0	0	0	0
	0.602	0.000123967	0	0.5	0	0	0	0	0
	0.603	8.26446e-05	0	0.5	0	0	0	0	0
	0.604	4.13223e-05	0	0.5	0	0	0	0	0
	0.605	0.000103306	0	0.5	0	0	0	0	0
	0.606	0.00018595	0	0.5	0	0	0	0	0
	0.607	0.000144628	0	0.5	0	0	0	0	0
	0.608	0.000206612	0	0.5	0	0	0	0	0
	0.609	0.000123967	0	0.5	0	0	0	0	0
	0.61	0.000103306	0	0.5	0	0	0	0	0
	0.611	0.000165289	0	0.5	0	0	0	0	0
	0.612	0.000123967	0	0.5	0	0	0	0	0
	0.613	0.00018595	0	0.5	0	0	0	0	0
	0.614	0.000123967	0	0.5	0	0	0	0	0
	0.615	0.000247934	0	0.5	0	0	0	0	0
	0.616	6.19835e-05	0	0.5	0	0	0	0	0
	0.617	0.000144628	0	0.5	0	0	0	0	0
	0.618	0.000206612	0	0.5	0	0	0	0	0
	0.619	0.000227273	0	0.5	0	0	0	0	0
	0.62	0.000144628	0	0.5	0	0	0	0	0
	0.621	0.000103306	0	0.5	0	0	0	0	0
	0.622	0.000165289	0	0.5	0	0	0	0	0
	0.623	0.000103306	0	0.333333	0	0	0	0	0
	0.624	0.000103306	0	0.333333	0	0	0	0	0
	0.625	0.000123967	0	0.333333	0	0	0	0	0
	0.626	0.00018595	0	0.333333	0	0	0	0	0
	0.627	8.26446e-05	0	0.333333	0	0	0	0	0
	0.628	0.000103306	0	0.333333	0	0	0	0	0
	0.629	0.000309917	0	0.333333	0	0	0	0	0
	0.63	4.13223e-05	0	0.166667	0	0	0	0	0
	0.631	2.06612e-05	0	0.166667	0	0	0	0	0
	0.632	2.06612e-05	0	0.166667	0	0	0	0	0
	0.633	6.19835e-05	0	0.166667	0	0	0	0	0
	0.634	2.06612e-05	0	0.166667	0	0	0	0	0
	0.635	6.19835e-05	0	0.166667	0	0	0	0	0
	0.636	6.19835e-05	0	0.166667	0	0	0	0	0
	0.637	0.000144628	0	0.166667	0	0	0	0	0
	0.638	4.13223e-05	0	0.166667	0	0	0	0	0
	0.639	6.19835e-05	0	0.166667	0	0	0	0	0
	0.64	4.13223e-05	0	0.166667	0	0	0	0	0
	0.641	8.26446e-05	0	0.166667	0	0	0	0	0
	0.642	0.000103306	0	0.166667	0	0	0	0	0
	0.643	8.26446e-05	0	0.166667	0	0	0	0	0
	0.644	4.13223e-05	0	0.166667	0	0	0	0	0
	0.645	8.26446e-05	0	0.166667	0	0	0	0	0
	0.646	6.19835e-05	0	0.166667	0	0	0	0	0
	0.647	4.13223e-05	0	0.166667	0	0	0	0	0
	0.648	0.000144628	0	0.2	0	0	0	0	0
	0.649	4.13223e-05	0	0.2	0	0	0	0	0
	0.65	6.19835e-05	0	0.2	0	0	0	0	0
	0.651	8.26446e-05	0	0.2	0	0	0	0	0
	0.652	0.000103306	0	0.2	0	0	0	0	0
	0.653	0.000144628	0	0.2	0	0	0	0	0
	0.654	0.000144628	0	0.2	0	0	0	0	0
	0.655	2.06612e-05	0	0.2	0	0	0	0	0
	0.656	0.000103306	0	0.2	0	0	0	0	0
	0.657	8.26446e-05	0	0.2	0	0	0	0	0
	0.658	0.000165289	0	0.2	0	0	0	0	0
	0.659	6.19835e-05	0	0.25	0	0	0	0	0
	0.66	8.26446e-05	0	0.25	0	0	0	0	0
	0.661	6.19835e-05	0	0.25	0	0	0	0	0
	0.662	0.00018595	0	0.25	0	0	0	0	0
	0.663	6.19835e-05	0	0.25	0	0	0	0	0
	0.664	0.000144628	0	0.25	0	0	0	0	0
	0.665	4.13223e-05	0	0.25	0	0	0	0	0
	0.666	6.19835e-05	0	0.333333	0	0	0	0	0
	0.667	0.000123967	0	0.333333	0	0	0	0	0
	0.668	8.26446e-05	0	0.333333	0	0	0	0	0
	0.669	0.000165289	0	0.333333	0	0	0	0	0
	0.67	0.000103306	0	0.333333	0	0	0	0	0
	0.671	0.000103306	0	0.333333	0	0	0	0	0
	0.672	0.000103306	0	0.333333	0	0	0	0	0
	0.673	8.26446e-05	0	0.333333	0	0	0	0	0
	0.674	8.26446e-05	0	0.333333	0	0	0	0	0
	0.675	4.13223e-05	0	0.333333	0	0	0	0	0
	0.676	0.000144628	0	0.333333	0	0	0	0	0
	0.677	8.26446e-05	0	0	0	0	0	0	0
	0.678	0.00018595	0	0	0	0	0	0	0
	0.679	0.000123967	0	0	0	0	0	0	0
	0.68	2.06612e-05	0	0	0	0	0	0	0
	0.681	0.000165289	0	0	0	0	0	0	0
	0.682	0.000103306	0	0	0	0	0	0	0
	0.683	4.13223e-05	0	0	0	0	0	0	0
	0.684	0.000103306	0	0	0	0	0	0	0
	0.685	6.19835e-05	0	0	0	0	0	0	0
	0.686	2.06612e-05	0	0	0	0	0	0	0
	0.687	8.26446e-05	0	0	0	0	0	0	0
	0.688	4.13223e-05	0	0	0	0	0	0	0
	0.689	2.06612e-05	0	0	0	0	0	0	0
	0.69	6.19835e-05	0	0	0	0	0	0	0
	0.691	8.26446e-05	0	0	0	0	0	0	0
	0.692	0	0	0	0	0	0	0	0
	0.693	6.19835e-05	0	0	0	0	0	0	0
	0.694	4.13223e-05	0	0	0	0	0	0	0
	0.695	4.13223e-05	0	0	0	0	0	0	0
	0.696	2.06612e-05	0	0	0	0	0	0	0
	0.697	4.13223e-05	0	0	0	0	0	0	0
	0.698	6.19835e-05	0	0	0	0	0	0	0
	0.699	8.26446e-05	0	0	0	0	0	0	0
	0.7	4.13223e-05	0	0	0	0	0	0	0
	0.701	0	0	0	0	0	0	0	0
	0.702	6.19835e-05	0	0	0	0	0	0	0
	0.703	8.26446e-05	0	0	0	0	0	0	0
	0.704	4.13223e-05	0	0	0	0	0	0	0
	0.705	2.06612e-05	0	0	0	0	0	0	0
	0.706	2.06612e-05	0	0	0	0	0	0	0
	0.707	6.19835e-05	0	0	0	0	0	0	0
	0.708	0.000103306	0	0	0	0	0	0	0
	0.709	4.13223e-05	0	0	0	0	0	0	0
	0.71	4.13223e-05	0	0	0	0	0	0	0
	0.711	4.13223e-05	0	0	0	0	0	0	0
	0.712	6.19835e-05	0	0	0	0	0	0	0
	0.713	6.19835e-05	0	0	0	0	0	0	0
	0.714	0.000103306	0	0	0	0	0	0	0
	0.715	8.26446e-05	0	0	0	0	0	0	0
	0.716	2.06612e-05	0	0	0	0	0	0	0
	0.717	6.19835e-05	0	0	0	0	0	0	0
	0.718	4.13223e-05	0	0	0	0	0	0	0
	0.719	6.19835e-05	0	0	0	0	0	0	0
	0.72	4.13223e-05	0	0	0	0	0	0	0
	0.721	2.06612e-05	0	0	0	0	0	0	0
	0.722	4.13223e-05	0	0	0	0	0	0	0
	0.723	0.000103306	0	0	0	0	0	0	0
	0.724	4.13223e-05	0	0	0	0	0	0	0
	0.725	4.13223e-05	0	0	0	0	0	0	0
	0.726	0	0	0	0	0	0	0	0
	0.727	2.06612e-05	0	0	0	0	0	0	0
	0.728	0	0	0	0	0	0	0	0
	0.729	4.13223e-05	0	0	0	0	0	0	0
	0.73	0	0	0	0	0	0	0	0
	0.731	4.13223e-05	0	0	0	0	0	0	0
	0.732	0	0	0	0	0	0	0	0
	0.733	2.06612e-05	0	0	0	0	0	0	0
	0.734	0	0	0	0	0	0	0	0
	0.735	2.06612e-05	0	0	0	0	0	0	0
	0.736	4.13223e-05	0	0	0	0	0	0	0
	0.737	0	0	0	0	0	0	0	0
	0.738	0	0	0	0	0	0	0	0
	0.739	0	0	0	0	0	0	0	0
	0.74	2.06612e-05	0	0	0	0	0	0	0
	0.741	2.06612e-05	0	0	0	0	0	0	0
	0.742	0	0	0	0	0	0	0	0
	0.743	0	0	0	0	0	0	0	0
	0.744	0	0	0	0	0	0	0	0
	0.745	0	0	0	0	0	0	0	0
	0.746	0	0	0	0	0	0	0	0
	0.747	0	0	0	0	0	0	0	0
	0.748	0	0	0	0	0	0	0	0
	0.749	0	0	0	0	0	0	0	0
	0.75	0	0	0	0	0	0	0	0
	0.751	0	0	0	0	0	0	0	0
	0.752	0	0	0	0	0	0	0	0
	0.753	0	0	0	0	0	0	0	0
	0.754	0	0	0	0	0	0	0	0
	0.755	0	0	0	0	0	0	0	0
	0.756	0	0	0	0	0	0	0	0
	0.757	0	0	0	0	0	0	0	0
	0.758	0	0	0	0	0	0	0	0
	0.759	0	0	0	0	0	0	0	0
	0.76	0	0	0	0	0	0	0	0
	0.761	0	0	0	0	0	0	0	0
	0.762	0	0	0	0	0	0	0	0
	0.763	0	0	0	0	0	0	0	0
	0.764	0	0	0	0	0	0	0	0
	0.765	0	0	0	0	0	0	0	0
	0.766	0	0	0	0	0	0	0	0
	0.767	0	0	0	0	0	0	0	0
	0.768	0	0	0	0	0	0	0	0
	0.769	0	0	0	0	0	0	0	0
	0.77	0	0	0	0	0	0	0	0
	0.771	0	0	0	0	0	0	0	0
	0.772	0	0	0	0	0	0	0	0
	0.773	0	0	0	0	0	0	0	0
	0.774	0	0	0	0	0	0	0	0
	0.775	0	0	0	0	0	0	0	0
	0.776	0	0	0	0	0	0	0	0
	0.777	0	0	0	0	0	0	0	0
	0.778	0	0	0	0	0	0	0	0
	0.779	0	0	0	0	0	0	0	0
	0.78	0	0	0	0	0	0	0	0
	0.781	0	0	0	0	0	0	0	0
	0.782	0	0	0	0	0	0	0	0
	0.783	0	0	0	0	0	0	0	0
	0.784	0	0	0	0	0	0	0	0
	0.785	0	0	0	0	0	0	0	0
	0.786	0	0	0	0	0	0	0	0
	0.787	0	0	0	0	0	0	0	0
	0.788	0	0	0	0	0	0	0	0
	0.789	0	0	0	0	0	0	0	0
	0.79	0	0	0	0	0	0	0	0
	0.791	0	0	0	0	0	0	0	0
	0.792	0	0	0	0	0	0	0	0
	0.793	0	0	0	0	0	0	0	0
	0.794	0	0	0	0	0	0	0	0
	0.795	0	0	0	0	0	0	0	0
	0.796	0	0	0	0	0	0	0	0
	0.797	0	0	0	0	0	0	0	0
	0.798	0	0	0	0	0	0	0	0
	0.799	0	0	0	0	0	0	0	0
	0.8	0	0	0	0	0	0	0	0
	0.801	0	0	0	0	0	0	0	0
	0.802	0	0	0	0	0	0	0	0
	0.803	0	0	0	0	0	0	0	0
	0.804	0	0	0	0	0	0	0	0
	0.805	0	0	0	0	0	0	0	0
	0.806	0	0	0	0	0	0	0	0
	0.807	0	0	0	0	0	0	0	0
	0.808	0	0	0	0	0	0	0	0
	0.809	0	0	0	0	0	0	0	0
	0.81	0	0	0	0	0	0	0	0
	0.811	0	0	0	0	0	0	0	0
	0.812	0	0	0	0	0	0	0	0
	0.813	0	0	0	0	0	0	0	0
	0.814	0	0	0	0	0	0	0	0
	0.815	0	0	0	0	0	0	0	0
	0.816	0	0	0	0	0	0	0	0
	0.817	0	0	0	0	0	0	0	0
	0.818	0	0	0	0	0	0	0	0
	0.819	0	0	0	0	0	0	0	0
	0.82	0	0	0	0	0	0	0	0
	0.821	0	0	0	0	0	0	0	0
	0.822	0	0	0	0	0	0	0	0
	0.823	0	0	0	0	0	0	0	0
	0.824	0	0	0	0	0	0	0	0
	0.825	0	0	0	0	0	0	0	0
	0.826	0	0	0	0	0	0	0	0
	0.827	0	0	0	0	0	0	0	0
	0.828	0	0	0	0	0	0	0	0
	0.829	0	0	0	0	0	0	0	0
	0.83	0	0	0	0	0	0	0	0
	0.831	0	0	0	0	0	0	0	0
	0.832	0	0	0	0	0	0	0	0
	0.833	0	0	0	0	0	0	0	0
	0.834	0	0	0	0	0	0	0	0
	0.835	0	0	0	0	0	0	0	0
	0.836	0	0	0	0	0	0	0	0
	0.837	0	0	0	0	0	0	0	0
	0.838	0	0	0	0	0	0	0	0
	0.839	0	0	0	0	0	0	0	0
	0.84	0	0	0	0	0	0	0	0
	0.841	0	0	0	0	0	0	0	0
	0.842	0	0	0	0	0	0	0	0
	0.843	0	0	0	0	0	0	0	0
	0.844	0	0	0	0	0	0	0	0
	0.845	0	0	0	0	0	0	0	0
	0.846	0	0	0	0	0	0	0	0
	0.847	0	0	0	0	0	0	0	0
	0.848	0	0	0	0	0	0	0	0
	0.849	0	0	0	0	0	0	0	0
	0.85	0	0	0	0	0	0	0	0
	0.851	0	0	0	0	0	0	0	0
	0.852	0	0	0	0	0	0	0	0
	0.853	0	0	0	0	0	0	0	0
	0.854	0	0	0	0	0	0	0	0
	0.855	0	0	0	0	0	0	0	0
	0.856	0	0	0	0	0	0	0	0
	0.857	0	0	0	0	0	0	0	0
	0.858	0	0	0	0	0	0	0	0
	0.859	0	0	0	0	0	0	0	0
	0.86	0	0	0	0	0	0	0	0
	0.861	0	0	0	0	0	0	0	0
	0.862	0	0	0	0	0	0	0	0
	0.863	0	0	0	0	0	0	0	0
	0.864	0	0	0	0	0	0	0	0
	0.865	0	0	0	0	0	0	0	0
	0.866	0	0	0	0	0	0	0	0
	0.867	0	0	0	0	0	0	0	0
	0.868	0	0	0	0	0	0	0	0
	0.869	0	0	0	0	0	0	0	0
	0.87	0	0	0	0	0	0	0	0
	0.871	0	0	0	0	0	0	0	0
	0.872	0	0	0	0	0	0	0	0
	0.873	0	0	0	0	0	0	0	0
	0.874	0	0	0	0	0	0	0	0
	0.875	0	0	0	0	0	0	0	0
	0.876	0	0	0	0	0	0	0	0
	0.877	0	0	0	0	0	0	0	0
	0.878	0	0	0	0	0	0	0	0
	0.879	0	0	0	0	0	0	0	0
	0.88	0	0	0	0	0	0	0	0
	0.881	0	0	0	0	0	0	0	0
	0.882	0	0	0	0	0	0	0	0
	0.883	0	0	0	0	0	0	0	0
	0.884	0	0	0	0	0	0	0	0
	0.885	0	0	0	0	0	0	0	0
	0.886	0	0	0	0	0	0	0	0
	0.887	0	0	0	0	0	0	0	0
	0.888	0	0	0	0	0	0	0	0
	0.889	0	0	0	0	0	0	0	0
	0.89	0	0	0	0	0	0	0	0
	0.891	0	0	0	0	0	0	0	0
	0.892	0	0	0	0	0	0	0	0
	0.893	0	0	0	0	0	0	0	0
	0.894	0	0	0	0	0	0	0	0
	0.895	0	0	0	0	0	0	0	0
	0.896	0	0	0	0	0	0	0	0
	0.897	0	0	0	0	0	0	0	0
	0.898	0	0	0	0	0	0	0	0
	0.899	0	0	0	0	0	0	0	0
	0.9	0	0	0	0	0	0	0	0
	0.901	0	0	0	0	0	0	0	0
	0.902	0	0	0	0	0	0	0	0
	0.903	0	0	0	0	0	0	0	0
	0.904	0	0	0	0	0	0	0	0
	0.905	0	0	0	0	0	0	0	0
	0.906	0	0	0	0	0	0	0	0
	0.907	0	0	0	0	0	0	0	0
	0.908	0	0	0	0	0	0	0	0
	0.909	0	0	0	0	0	0	0	0
	0.91	0	0	0	0	0	0	0	0
	0.911	0	0	0	0	0	0	0	0
	0.912	0	0	0	0	0	0	0	0
	0.913	0	0	0	0	0	0	0	0
	0.914	0	0	0	0	0	0	0	0
	0.915	0	0	0	0	0	0	0	0
	0.916	0	0	0	0	0	0	0	0
	0.917	0	0	0	0	0	0	0	0
	0.918	0	0	0	0	0	0	0	0
	0.919	0	0	0	0	0	0	0	0
	0.92	0	0	0	0	0	0	0	0
	0.921	0	0	0	0	0	0	0	0
	0.922	0	0	0	0	0	0	0	0
	0.923	0	0	0	0	0	0	0	0
	0.924	0	0	0	0	0	0	0	0
	0.925	0	0	0	0	0	0	0	0
	0.926	0	0	0	0	0	0	0	0
	0.927	0	0	0	0	0	0	0	0
	0.928	0	0	0	0	0	0	0	0
	0.929	0	0	0	0	0	0	0	0
	0.93	0	0	0	0	0	0	0	0
	0.931	0	0	0	0	0	0	0	0
	0.932	0	0	0	0	0	0	0	0
	0.933	0	0	0	0	0	0	0	0
	0.934	0	0	0	0	0	0	0	0
	0.935	0	0	0	0	0	0	0	0
	0.936	0	0	0	0	0	0	0	0
	0.937	0	0	0	0	0	0	0	0
	0.938	0	0	0	0	0	0	0	0
	0.939	0	0	0	0	0	0	0	0
	0.94	0	0	0	0	0	0	0	0
	0.941	0	0	0	0	0	0	0	0
	0.942	0	0	0	0	0	0	0	0
	0.943	0	0	0	0	0	0	0	0
	0.944	0	0	0	0	0	0	0	0
	0.945	0	0	0	0	0	0	0	0
	0.946	0	0	0	0	0	0	0	0
	0.947	0	0	0	0	0	0	0	0
	0.948	0	0	0	0	0	0	0	0
	0.949	0	0	0	0	0	0	0	0
	0.95	0	0	0	0	0	0	0	0
	0.951	0	0	0	0	0	0	0	0
	0.952	0	0	0	0	0	0	0	0
	0.953	0	0	0	0	0	0	0	0
	0.954	0	0	0	0	0	0	0	0
	0.955	0	0	0	0	0	0	0	0
	0.956	0	0	0	0	0	0	0	0
	0.957	0	0	0	0	0	0	0	0
	0.958	0	0	0	0	0	0	0	0
	0.959	0	0	0	0	0	0	0	0
	0.96	0	0	0	0	0	0	0	0
	0.961	0	0	0	0	0	0	0	0
	0.962	0	0	0	0	0	0	0	0
	0.963	0	0	0	0	0	0	0	0
	0.964	0	0	0	0	0	0	0	0
	0.965	0	0	0	0	0	0	0	0
	0.966	0	0	0	0	0	0	0	0
	0.967	0	0	0	0	0	0	0	0
	0.968	0	0	0	0	0	0	0	0
	0.969	0	0	0	0	0	0	0	0
	0.97	0	0	0	0	0	0	0	0
	0.971	0	0	0	0	0	0	0	0
	0.972	0	0	0	0	0	0	0	0
	0.973	0	0	0	0	0	0	0	0
	0.974	0	0	0	0	0	0	0	0
	0.975	0	0	0	0	0	0	0	0
	0.976	0	0	0	0	0	0	0	0
	0.977	0	0	0	0	0	0	0	0
	0.978	0	0	0	0	0	0	0	0
	0.979	0	0	0	0	0	0	0	0
	0.98	0	0	0	0	0	0	0	0
	0.981	0	0	0	0	0	0	0	0
	0.982	0	0	0	0	0	0	0	0
	0.983	0	0	0	0	0	0	0	0
	0.984	0	0	0	0	0	0	0	0
	0.985	0	0	0	0	0	0	0	0
	0.986	0	0	0	0	0	0	0	0
	0.987	0	0	0	0	0	0	0	0
	0.988	0	0	0	0	0	0	0	0
	0.989	0	0	0	0	0	0	0	0
	0.99	0	0	0	0	0	0	0	0
	0.991	0	0	0	0	0	0	0	0
	0.992	0	0	0	0	0	0	0	0
	0.993	0	0	0	0	0	0	0	0
	0.994	0	0	0	0	0	0	0	0
	0.995	0	0	0	0	0	0	0	0
	0.996	0	0	0	0	0	0	0	0
	0.997	0	0	0	0	0	0	0	0
	0.998	0	0	0	0	0	0	0	0
	0.999	0	0	0	0	0	0	0	0
	1	0	0	0	0	0	0	0	0


#	yrange	sparsity	# links	zeta	support at cross	fraction FP	support at cross2	fraction FP2
	0	0	0	3.84804	0.466	0.00284495	0.466	0.00284495
	0.15	0	0	3.84804	0.466	0.00284495	0.466	0.00284495
