#	Frequencies and overlap
#	bins	MYC	shuffle	overlap_MYC	overlap_shuffle	SIGN_MYC	SIGNshuffle	SIGNoverlap_MYC	SIGNoverlap_shuffle
	0	0.0143388	0.0164669	1	1	0.518554	0.53814	0.178313	0
	0.001	0.0199587	0.0233471	0.89876	0.547521	0.0101033	0.0110537	0.178313	0
	0.002	0.0211157	0.0263636	0.865702	0.318182	0.0123347	0.017314	0.178313	0
	0.003	0.0189256	0.0266736	0.828157	0.188017	0.0132231	0.0180372	0.179612	0
	0.004	0.0182231	0.027562	0.794606	0.132231	0.0120661	0.0165909	0.182716	0
	0.005	0.0196694	0.0269835	0.7875	0.0847107	0.012624	0.0163843	0.186869	0
	0.006	0.018657	0.0242355	0.787368	0.0661157	0.0109711	0.0157231	0.191214	0
	0.007	0.0179339	0.0238017	0.79015	0.0475207	0.00880165	0.0153512	0.195251	0
	0.008	0.017376	0.0222727	0.787879	0.0454545	0.00780992	0.0142149	0.2	0
	0.009	0.0141942	0.0216529	0.778993	0.035124	0.00644628	0.0128306	0.207865	0
	0.01	0.0135744	0.0206818	0.760965	0.0330579	0.00652893	0.0120041	0.216374	0
	0.011	0.0129339	0.0197107	0.766147	0.0309917	0.00644628	0.0108678	0.22561	0
	0.012	0.0116529	0.0190702	0.761798	0.0309917	0.00592975	0.0104132	0.231975	0
	0.013	0.0104132	0.0166529	0.768349	0.0268595	0.00543388	0.0089876	0.237179	0
	0.014	0.00907025	0.0171281	0.760465	0.0247934	0.00559917	0.00869835	0.241042	0
	0.015	0.00869835	0.0151446	0.771971	0.018595	0.00613636	0.00847107	0.245033	0
	0.016	0.00762397	0.0148554	0.767943	0.0144628	0.00530992	0.00929752	0.25256	0
	0.017	0.00778926	0.0143595	0.775061	0.0144628	0.00547521	0.00797521	0.256944	0
	0.018	0.0078719	0.0132851	0.785	0.0144628	0.00512397	0.00743802	0.261484	0
	0.019	0.00834711	0.0140083	0.779188	0.0103306	0.00475207	0.00719008	0.264286	0
	0.02	0.00704545	0.012624	0.785166	0.0103306	0.00479339	0.00719008	0.264493	0
	0.021	0.00735537	0.0123347	0.792208	0.0103306	0.00415289	0.00630165	0.269373	0
	0.022	0.00754132	0.0135124	0.793194	0.0103306	0.00409091	0.0060124	0.272388	0
	0.023	0.00644628	0.0110331	0.798408	0.00826446	0.00382231	0.00584711	0.277567	0
	0.024	0.00706612	0.0109917	0.799465	0.00826446	0.00384298	0.00566116	0.287402	0
	0.025	0.00646694	0.0109091	0.798387	0.00413223	0.0036157	0.00551653	0.293173	0
	0.026	0.00710744	0.0103099	0.799458	0	0.00336777	0.00522727	0.29918	0
	0.027	0.0063843	0.00948347	0.798365	0	0.00349174	0.0053719	0.301653	0
	0.028	0.00549587	0.00956612	0.796143	0	0.00326446	0.0047314	0.304167	0
	0.029	0.00568182	0.0100207	0.802228	0	0.00363636	0.00415289	0.310638	0
	0.03	0.00636364	0.00995868	0.790503	0	0.0031405	0.00421488	0.314655	0
	0.031	0.00592975	0.00818182	0.780282	0	0.00334711	0.00394628	0.323009	0
	0.032	0.00518595	0.00836777	0.776836	0	0.00305785	0.00402893	0.327354	0
	0.033	0.00568182	0.00840909	0.7851	0	0.0027686	0.00336777	0.328829	0
	0.034	0.00464876	0.00758264	0.787791	0	0.00243802	0.00334711	0.333333	0
	0.035	0.0052686	0.00716942	0.791789	0	0.00241736	0.00365702	0.339535	0
	0.036	0.00483471	0.00739669	0.782991	0	0.00233471	0.0035124	0.342723	0
	0.037	0.00475207	0.00708678	0.772861	0	0.00221074	0.00285124	0.349282	0
	0.038	0.00433884	0.00702479	0.765579	0	0.00210744	0.00316116	0.352657	0
	0.039	0.00444215	0.0067562	0.769461	0	0.00227273	0.00295455	0.363184	0
	0.04	0.00400826	0.00669421	0.779817	0	0.0021281	0.00291322	0.370558	0
	0.041	0.00448347	0.0061157	0.776074	0	0.00196281	0.00262397	0.376289	0
	0.042	0.00475207	0.00694215	0.77709	0	0.0018595	0.00289256	0.382199	0
	0.043	0.00514463	0.00669421	0.791798	0	0.00243802	0.0025	0.382199	0
	0.044	0.00396694	0.00644628	0.801282	0	0.00188017	0.00280992	0.388298	0
	0.045	0.00477273	0.00599174	0.803859	0	0.00163223	0.00229339	0.392473	0
	0.046	0.00464876	0.00547521	0.801948	0	0.00188017	0.00256198	0.394595	0
	0.047	0.00421488	0.0057438	0.8125	0	0.0018595	0.00235537	0.396739	0
	0.048	0.00413223	0.00514463	0.8125	0	0.00173554	0.00229339	0.396739	0
	0.049	0.00429752	0.00557851	0.817881	0	0.00177686	0.00216942	0.401099	0
	0.05	0.00452479	0.00506198	0.813953	0	0.0017562	0.00262397	0.405556	0
	0.051	0.00371901	0.00533058	0.81	0	0.00208678	0.00239669	0.412429	0
	0.052	0.00384298	0.00483471	0.809365	0	0.00161157	0.0017562	0.417143	0
	0.053	0.00371901	0.00479339	0.802676	0	0.00163223	0.00192149	0.421965	0
	0.054	0.00332645	0.00469008	0.801347	0	0.00173554	0.00194215	0.426901	0
	0.055	0.0031405	0.00440083	0.801347	0	0.00157025	0.00183884	0.429412	0
	0.056	0.00334711	0.00471074	0.804054	0	0.00204545	0.00233471	0.429412	0
	0.057	0.00353306	0.00454545	0.797297	0	0.00119835	0.00190083	0.437126	0
	0.058	0.00328512	0.00438017	0.79932	0	0.00154959	0.00159091	0.439759	0
	0.059	0.00301653	0.00433884	0.797945	0	0.00154959	0.0014876	0.442424	0
	0.06	0.00266529	0.00380165	0.802768	0	0.0014876	0.00173554	0.450617	0
	0.061	0.00289256	0.00371901	0.800699	0	0.00152893	0.00194215	0.450617	0
	0.062	0.00241736	0.00438017	0.803509	0	0.00146694	0.0018595	0.459119	0
	0.063	0.00214876	0.00378099	0.80212	0	0.00115702	0.00198347	0.458599	0
	0.064	0.00239669	0.00336777	0.797872	0	0.00105372	0.00128099	0.461538	0
	0.065	0.00256198	0.00345041	0.8	0	0.00121901	0.00136364	0.461538	0
	0.066	0.0021281	0.00369835	0.807971	0	0.00132231	0.00154959	0.455128	0
	0.067	0.00214876	0.00332645	0.810219	0	0.00126033	0.00154959	0.464052	0
	0.068	0.00225207	0.00359504	0.811111	0	0.00103306	0.00136364	0.467105	0
	0.069	0.00227273	0.00342975	0.814126	0	0.00130165	0.00103306	0.473333	0
	0.07	0.00214876	0.00345041	0.813433	0	0.00088843	0.00128099	0.486301	0
	0.071	0.00245868	0.00353306	0.800752	0	0.00113636	0.00132231	0.489655	0
	0.072	0.00252066	0.00320248	0.803774	0	0.00103306	0.00121901	0.486111	0
	0.073	0.00235537	0.00272727	0.808429	0	0.0010124	0.000950413	0.486111	0
	0.074	0.00243802	0.00345041	0.804598	0	0.000805785	0.00130165	0.486111	0
	0.075	0.00227273	0.00320248	0.800766	0	0.00128099	0.00113636	0.486111	0
	0.076	0.00256198	0.00373967	0.810078	0	0.00173554	0.00130165	0.48951	0
	0.077	0.00241736	0.00328512	0.816406	0	0.00121901	0.0010124	0.496454	0
	0.078	0.00243802	0.0027686	0.816406	0	0.00126033	0.00113636	0.5	0
	0.079	0.00192149	0.00309917	0.822134	0	0.00128099	0.0010124	0.503597	0
	0.08	0.0021281	0.00252066	0.821429	0	0.00128099	0.00126033	0.503597	0
	0.081	0.00247934	0.00293388	0.81746	0	0.00115702	0.0010124	0.507246	0
	0.082	0.00243802	0.00272727	0.81746	0	0.0011157	0.00107438	0.518519	0
	0.083	0.00206612	0.00260331	0.82	0	0.000867769	0.000661157	0.518519	0
	0.084	0.00256198	0.00252066	0.816	0	0.00109504	0.000867769	0.518519	0
	0.085	0.00231405	0.00256198	0.822581	0	0.00105372	0.0010124	0.522388	0
	0.086	0.00247934	0.00202479	0.822581	0	0.000826446	0.000909091	0.526316	0
	0.087	0.00239669	0.00270661	0.825911	0	0.0011157	0.000950413	0.522727	0
	0.088	0.00262397	0.00219008	0.821862	0	0.000847107	0.0011157	0.522727	0
	0.089	0.00227273	0.00204545	0.834711	0	0.000661157	0.000950413	0.515152	0
	0.09	0.00200413	0.00272727	0.834711	0	0.00088843	0.0010124	0.515152	0
	0.091	0.00245868	0.00227273	0.834711	0	0.000805785	0.000764463	0.515152	0
	0.092	0.00194215	0.00204545	0.826446	0	0.000785124	0.000971074	0.527132	0
	0.093	0.00200413	0.00235537	0.829167	0	0.000681818	0.000847107	0.535433	0
	0.094	0.00210744	0.0025	0.816667	0	0.000702479	0.000785124	0.535433	0
	0.095	0.00198347	0.00208678	0.816667	0	0.000413223	0.000661157	0.539683	0
	0.096	0.00188017	0.0022314	0.820084	0	0.000475207	0.000805785	0.539683	0
	0.097	0.0017562	0.00219008	0.820084	0	0.000475207	0.000826446	0.539683	0
	0.098	0.00173554	0.00202479	0.820084	0	0.000640496	0.00053719	0.548387	0
	0.099	0.00179752	0.00210744	0.830508	0	0.000330579	0.000743802	0.548387	0
	0.1	0.00169421	0.00177686	0.829787	0	0.000475207	0.000847107	0.548387	0
	0.101	0.00177686	0.00194215	0.824786	0	0.000392562	0.000640496	0.557377	0
	0.102	0.00159091	0.00173554	0.823276	0	0.000433884	0.000599174	0.557377	0
	0.103	0.00173554	0.00183884	0.818966	0	0.00035124	0.000433884	0.561983	0
	0.104	0.00140496	0.00188017	0.826087	0	0.000268595	0.000702479	0.561983	0
	0.105	0.00117769	0.00179752	0.833333	0	0.000475207	0.000826446	0.561983	0
	0.106	0.00142562	0.00150826	0.836283	0	0.000330579	0.000475207	0.571429	0
	0.107	0.00130165	0.00208678	0.836283	0	0.000475207	0.000516529	0.57265	0
	0.108	0.00123967	0.00173554	0.831858	0	0.000495868	0.000516529	0.57265	0
	0.109	0.00130165	0.00208678	0.831858	0	0.000392562	0.000578512	0.57265	0
	0.11	0.00126033	0.00154959	0.823009	0	0.00053719	0.000743802	0.568966	0
	0.111	0.00154959	0.00142562	0.830357	0	0.000433884	0.000578512	0.573913	0
	0.112	0.00119835	0.00171488	0.840909	0	0.000495868	0.000371901	0.584071	0
	0.113	0.00126033	0.00190083	0.834862	0	0.00053719	0.00088843	0.584071	0
	0.114	0.00142562	0.00165289	0.83871	0	0.000433884	0.000557851	0.584071	0
	0.115	0.00123967	0.00146694	0.83871	0	0.000640496	0.000557851	0.575221	0
	0.116	0.0010124	0.00183884	0.837963	0	0.000681818	0.000661157	0.580357	0
	0.117	0.00123967	0.0014876	0.845794	0	0.000640496	0.000454545	0.5625	0
	0.118	0.00134298	0.00165289	0.849765	0	0.000475207	0.000516529	0.5625	0
	0.119	0.00119835	0.0013843	0.849765	0	0.000743802	0.000599174	0.5625	0
	0.12	0.00105372	0.00146694	0.85782	0	0.000681818	0.00053719	0.5625	0
	0.121	0.00128099	0.0011157	0.85782	0	0.000599174	0.000619835	0.544643	0
	0.122	0.00113636	0.00144628	0.861905	0	0.000661157	0.00072314	0.535714	0
	0.123	0.00134298	0.00119835	0.874396	0	0.000578512	0.000433884	0.540541	0
	0.124	0.00165289	0.0018595	0.869565	0	0.000619835	0.000392562	0.540541	0
	0.125	0.00121901	0.00123967	0.864734	0	0.000785124	0.000475207	0.545455	0
	0.126	0.00121901	0.00142562	0.855072	0	0.000867769	0.000516529	0.550459	0
	0.127	0.00123967	0.00107438	0.850242	0	0.000950413	0.000392562	0.550459	0
	0.128	0.00119835	0.00113636	0.858537	0	0.000743802	0.000454545	0.550459	0
	0.129	0.00126033	0.00146694	0.853659	0	0.000640496	0.000516529	0.550459	0
	0.13	0.00123967	0.00134298	0.84878	0	0.000743802	0.00035124	0.541284	0
	0.131	0.00130165	0.0011157	0.852941	0	0.000991736	0.000516529	0.541284	0
	0.132	0.000950413	0.00144628	0.852941	0	0.000619835	0.000413223	0.541284	0
	0.133	0.000867769	0.00140496	0.852941	0	0.00117769	0.000309917	0.541284	0
	0.134	0.00119835	0.00117769	0.852941	0	0.00072314	0.000454545	0.546296	0
	0.135	0.000867769	0.00136364	0.848039	0	0.000805785	0.000495868	0.546296	0
	0.136	0.000971074	0.00107438	0.848039	0	0.000826446	0.00053719	0.551402	0
	0.137	0.00105372	0.00121901	0.843137	0	0.00088843	0.000268595	0.551402	0
	0.138	0.00103306	0.00115702	0.843137	0	0.00088843	0.000433884	0.542056	0
	0.139	0.000867769	0.00134298	0.838235	0	0.000867769	0.000330579	0.54717	0
	0.14	0.00109504	0.00109504	0.838235	0	0.00103306	0.000247934	0.552381	0
	0.141	0.000950413	0.000785124	0.842365	0	0.00088843	0.000433884	0.552381	0
	0.142	0.000991736	0.0011157	0.842365	0	0.000971074	0.000227273	0.552381	0
	0.143	0.000991736	0.00128099	0.842365	0	0.000950413	0.00035124	0.548077	0
	0.144	0.000929752	0.0010124	0.846535	0	0.00107438	0.000268595	0.553398	0
	0.145	0.00088843	0.00123967	0.846535	0	0.000847107	0.000495868	0.558824	0
	0.146	0.000909091	0.00107438	0.845771	0	0.000847107	0.000413223	0.54902	0
	0.147	0.00121901	0.00113636	0.85	0	0.000991736	0.000495868	0.56	0
	0.148	0.00119835	0.00105372	0.862245	0	0.000991736	0.000371901	0.55	0
	0.149	0.00088843	0.000867769	0.852041	0	0.000950413	0.00035124	0.55	0
	0.15	0.00107438	0.000847107	0.852041	0	0.000764463	0.000330579	0.55	0
	0.151	0.000909091	0.00088843	0.851282	0	0.000826446	0.000268595	0.55	0
	0.152	0.000785124	0.00119835	0.85567	0	0.00088843	0.000227273	0.545455	0
	0.153	0.000929752	0.000991736	0.85567	0	0.000867769	0.000330579	0.545455	0
	0.154	0.00072314	0.000991736	0.860104	0	0.000867769	0.000309917	0.55102	0
	0.155	0.000991736	0.00109504	0.860104	0	0.00113636	0.000268595	0.556701	0
	0.156	0.000991736	0.000743802	0.864583	0	0.00088843	0.000392562	0.546392	0
	0.157	0.000971074	0.00105372	0.873684	0	0.000764463	0.00035124	0.552083	0
	0.158	0.0011157	0.0011157	0.878307	0	0.000971074	0.000433884	0.557895	0
	0.159	0.000991736	0.000847107	0.87766	0	0.00107438	0.000289256	0.56383	0
	0.16	0.00105372	0.000702479	0.87766	0	0.000847107	0.000309917	0.56383	0
	0.161	0.000847107	0.00088843	0.87234	0	0.000991736	0.000206612	0.55914	0
	0.162	0.000826446	0.00117769	0.87234	0	0.00115702	0.000206612	0.55914	0
	0.163	0.0010124	0.000950413	0.867021	0	0.000929752	0.000247934	0.565217	0
	0.164	0.000909091	0.00103306	0.867021	0	0.000785124	0.000309917	0.565217	0
	0.165	0.00109504	0.000805785	0.867021	0	0.000971074	0.000144628	0.554348	0
	0.166	0.000557851	0.000826446	0.871658	0	0.00109504	0.00018595	0.554348	0
	0.167	0.000826446	0.000826446	0.871658	0	0.00088843	0.000227273	0.554348	0
	0.168	0.000826446	0.0010124	0.86631	0	0.000826446	0.000165289	0.56044	0
	0.169	0.000867769	0.000826446	0.860963	0	0.000805785	0.000309917	0.56044	0
	0.17	0.000971074	0.00072314	0.865591	0	0.000681818	0.000433884	0.56044	0
	0.171	0.000785124	0.000991736	0.875	0	0.000847107	0.000227273	0.56044	0
	0.172	0.000702479	0.00053719	0.874317	0	0.000805785	0.000289256	0.56044	0
	0.173	0.000681818	0.000805785	0.874317	0	0.000785124	0.000247934	0.566667	0
	0.174	0.000826446	0.0011157	0.868852	0	0.000847107	0.000247934	0.579545	0
	0.175	0.000764463	0.000743802	0.863388	0	0.000475207	0.000123967	0.586207	0
	0.176	0.000702479	0.000764463	0.863388	0	0.000661157	0.000413223	0.574713	0
	0.177	0.000599174	0.000805785	0.863388	0	0.000599174	0.000268595	0.581395	0
	0.178	0.000867769	0.000681818	0.857923	0	0.000619835	0.00018595	0.581395	0
	0.179	0.000619835	0.000619835	0.857923	0	0.000578512	0.00018595	0.588235	0
	0.18	0.000681818	0.000743802	0.857923	0	0.000557851	0.00018595	0.60241	0
	0.181	0.00053719	0.000557851	0.862637	0	0.000661157	0.000289256	0.60241	0
	0.182	0.000661157	0.000599174	0.862637	0	0.000495868	0.000165289	0.597561	0
	0.183	0.000805785	0.000764463	0.862637	0	0.000557851	0.000165289	0.597561	0
	0.184	0.000681818	0.000785124	0.872222	0	0.000495868	0.000206612	0.597561	0
	0.185	0.000619835	0.000805785	0.861111	0	0.000640496	0.000206612	0.597561	0
	0.186	0.00103306	0.000557851	0.861111	0	0.00053719	0.000206612	0.6125	0
	0.187	0.000661157	0.000557851	0.860335	0	0.000495868	0.000247934	0.6125	0
	0.188	0.00053719	0.000640496	0.859551	0	0.000309917	0.000103306	0.620253	0
	0.189	0.000743802	0.000619835	0.869318	0	0.000454545	6.19835e-05	0.620253	0
	0.19	0.000826446	0.000640496	0.868571	0	0.000433884	0.000227273	0.628205	0
	0.191	0.000661157	0.000743802	0.878613	0	0.000309917	0.000206612	0.623377	0
	0.192	0.000743802	0.000454545	0.872832	0	0.000433884	0.00018595	0.61039	0
	0.193	0.000661157	0.000557851	0.872832	0	0.000289256	0.000123967	0.61039	0
	0.194	0.00088843	0.000599174	0.872832	0	0.00018595	0.000227273	0.61039	0
	0.195	0.00072314	0.00053719	0.867052	0	0.000475207	0.00018595	0.61039	0
	0.196	0.000847107	0.000516529	0.867052	0	0.000268595	0.000144628	0.597403	0
	0.197	0.000495868	0.000681818	0.866279	0	0.000413223	8.26446e-05	0.597403	0
	0.198	0.00072314	0.000640496	0.866279	0	0.000392562	0.000165289	0.605263	0
	0.199	0.00072314	0.000599174	0.865497	0	0.000557851	8.26446e-05	0.605263	0
	0.2	0.000702479	0.000433884	0.859649	0	0.000371901	0.000103306	0.605263	0
	0.201	0.00053719	0.000578512	0.847953	0	0.000413223	0.000165289	0.613333	0
	0.202	0.000661157	0.000619835	0.847953	0	0.00035124	0.000227273	0.613333	0
	0.203	0.000764463	0.000516529	0.847953	0	0.00035124	0.000206612	0.613333	0
	0.204	0.00072314	0.000475207	0.842105	0	0.000309917	0.000247934	0.621622	0
	0.205	0.000785124	0.000661157	0.836257	0	0.000309917	0.000123967	0.630137	0
	0.206	0.000971074	0.00072314	0.836257	0	0.000495868	6.19835e-05	0.60274	0
	0.207	0.000847107	0.00035124	0.830409	0	0.000371901	0.000123967	0.60274	0
	0.208	0.000578512	0.000619835	0.830409	0	0.00035124	0.000206612	0.60274	0
	0.209	0.000950413	0.000495868	0.835294	0	0.000433884	0.000144628	0.583333	0
	0.21	0.000805785	0.000557851	0.835294	0	0.000392562	0.000206612	0.583333	0
	0.211	0.000557851	0.000495868	0.840237	0	0.000619835	0.00018595	0.583333	0
	0.212	0.000826446	0.000578512	0.840237	0	0.000640496	0.000165289	0.583333	0
	0.213	0.00105372	0.000578512	0.83432	0	0.000413223	0.000206612	0.569444	0
	0.214	0.000909091	0.000454545	0.828402	0	0.000413223	0.00018595	0.577465	0
	0.215	0.000950413	0.000433884	0.833333	0	0.000268595	0.000123967	0.577465	0
	0.216	0.000909091	0.000557851	0.832335	0	0.000413223	0.00018595	0.577465	0
	0.217	0.000764463	0.000392562	0.837349	0	0.000475207	0.000123967	0.585714	0
	0.218	0.000743802	0.000516529	0.837349	0	0.000392562	8.26446e-05	0.585714	0
	0.219	0.00107438	0.000495868	0.825301	0	0.000681818	2.06612e-05	0.585714	0
	0.22	0.00117769	0.000557851	0.819277	0	0.000454545	8.26446e-05	0.57971	0
	0.221	0.000929752	0.000371901	0.818182	0	0.000681818	0.000144628	0.57971	0
	0.222	0.000681818	0.000413223	0.823171	0	0.000516529	0.000103306	0.57971	0
	0.223	0.00088843	0.000702479	0.823171	0	0.000599174	0.000247934	0.57971	0
	0.224	0.0010124	0.000454545	0.823171	0	0.000516529	0.000144628	0.57971	0
	0.225	0.00088843	0.000557851	0.823171	0	0.000454545	0.000165289	0.57971	0
	0.226	0.00088843	0.00053719	0.828221	0	0.000578512	0.00018595	0.57971	0
	0.227	0.000929752	0.000454545	0.822086	0	0.000557851	0.000103306	0.588235	0
	0.228	0.000785124	0.000433884	0.822086	0	0.000702479	0.00018595	0.588235	0
	0.229	0.000909091	0.000495868	0.820988	0	0.000557851	0.000103306	0.597015	0
	0.23	0.00109504	0.000371901	0.814815	0	0.000578512	0.000123967	0.597015	0
	0.231	0.00103306	0.000227273	0.819876	0	0.000516529	8.26446e-05	0.597015	0
	0.232	0.000971074	0.00035124	0.819876	0	0.000805785	0.000103306	0.597015	0
	0.233	0.00115702	0.00053719	0.819876	0	0.000619835	0.000144628	0.597015	0
	0.234	0.000805785	0.000495868	0.819876	0	0.000557851	0.000123967	0.597015	0
	0.235	0.00109504	0.000454545	0.819876	0	0.000619835	0.000123967	0.58209	0
	0.236	0.00088843	0.000599174	0.8125	0	0.000681818	2.06612e-05	0.567164	0
	0.237	0.00103306	0.000268595	0.81761	0	0.00072314	0.000268595	0.567164	0
	0.238	0.000847107	0.000330579	0.81761	0	0.000495868	8.26446e-05	0.575758	0
	0.239	0.000971074	0.000413223	0.822785	0	0.000413223	0.000103306	0.575758	0
	0.24	0.000867769	0.000578512	0.810127	0	0.000578512	6.19835e-05	0.575758	0
	0.241	0.000805785	0.00035124	0.815287	0	0.000289256	0.000123967	0.575758	0
	0.242	0.00117769	0.000330579	0.808917	0	0.000475207	0.000123967	0.575758	0
	0.243	0.000743802	0.000495868	0.789809	0	0.000413223	6.19835e-05	0.584615	0
	0.244	0.00088843	0.000433884	0.789809	0	0.000475207	4.13223e-05	0.584615	0
	0.245	0.000909091	0.000413223	0.789809	0	0.000330579	0.000165289	0.584615	0
	0.246	0.000847107	0.000392562	0.794872	0	0.000433884	6.19835e-05	0.59375	0
	0.247	0.000909091	0.000454545	0.794872	0	0.00053719	6.19835e-05	0.59375	0
	0.248	0.00105372	0.000371901	0.794872	0	0.00035124	0.000103306	0.59375	0
	0.249	0.000950413	0.000475207	0.794872	0	0.00053719	2.06612e-05	0.603175	0
	0.25	0.000826446	0.000433884	0.788462	0	0.000330579	6.19835e-05	0.603175	0
	0.251	0.000950413	0.000495868	0.787097	0	0.000289256	0.000144628	0.612903	0
	0.252	0.000909091	0.000371901	0.787097	0	0.00035124	6.19835e-05	0.612903	0
	0.253	0.000991736	0.000392562	0.780645	0	0.000268595	0.000103306	0.633333	0
	0.254	0.0010124	0.000371901	0.774194	0	0.000433884	6.19835e-05	0.633333	0
	0.255	0.00121901	0.000309917	0.767742	0	0.000289256	2.06612e-05	0.616667	0
	0.256	0.000785124	0.000309917	0.772727	0	0.000289256	0.000123967	0.616667	0
	0.257	0.000640496	0.000392562	0.772727	0	0.000413223	6.19835e-05	0.616667	0
	0.258	0.000929752	0.000247934	0.75974	0	0.00018595	2.06612e-05	0.627119	0
	0.259	0.000929752	0.000227273	0.764706	0	0.00035124	8.26446e-05	0.627119	0
	0.26	0.000929752	0.000289256	0.763158	0	0.000289256	2.06612e-05	0.637931	0
	0.261	0.00115702	0.000330579	0.763158	0	0.000371901	0.000247934	0.649123	0
	0.262	0.00053719	0.000330579	0.766667	0	0.000206612	6.19835e-05	0.649123	0
	0.263	0.000991736	0.000330579	0.766667	0	0.00035124	0.000144628	0.649123	0
	0.264	0.000826446	0.000454545	0.777027	0	0.000227273	2.06612e-05	0.649123	0
	0.265	0.0010124	0.000330579	0.777027	0	0.00018595	0.000144628	0.672727	0
	0.266	0.00088843	0.000330579	0.77027	0	0.000495868	0.000123967	0.672727	0
	0.267	0.000909091	0.00035124	0.77027	0	0.000206612	2.06612e-05	0.654545	0
	0.268	0.000826446	0.000206612	0.77551	0	0.000289256	4.13223e-05	0.654545	0
	0.269	0.00105372	0.000247934	0.768707	0	0.000371901	8.26446e-05	0.654545	0
	0.27	0.00119835	0.000289256	0.773973	0	0.000206612	8.26446e-05	0.654545	0
	0.271	0.000971074	0.000454545	0.772414	0	0.00035124	4.13223e-05	0.654545	0
	0.272	0.000867769	0.000309917	0.777778	0	0.000289256	4.13223e-05	0.636364	0
	0.273	0.000950413	0.000247934	0.770833	0	0.000268595	0.000103306	0.618182	0
	0.274	0.00117769	0.000330579	0.769231	0	0.000454545	0.000123967	0.618182	0
	0.275	0.00088843	0.00018595	0.762238	0	0.000475207	8.26446e-05	0.611111	0
	0.276	0.0010124	0.000413223	0.762238	0	0.000309917	2.06612e-05	0.622642	0
	0.277	0.0011157	0.000123967	0.762238	0	0.000309917	0.000123967	0.622642	0
	0.278	0.00117769	0.000289256	0.762238	0	0.000330579	6.19835e-05	0.622642	0
	0.279	0.000805785	0.00035124	0.755245	0	0.000433884	0.000103306	0.622642	0
	0.28	0.000991736	0.000309917	0.748252	0	0.000330579	0	0.634615	0
	0.281	0.0010124	0.000165289	0.753521	0	0.000371901	4.13223e-05	0.634615	0
	0.282	0.000599174	0.000206612	0.746479	0	0.000516529	4.13223e-05	0.615385	0
	0.283	0.0010124	0.00018595	0.746479	0	0.000619835	0.000103306	0.615385	0
	0.284	0.0011157	0.000309917	0.746479	0	0.00035124	4.13223e-05	0.64	0
	0.285	0.000929752	0.00035124	0.746479	0	0.00035124	6.19835e-05	0.64	0
	0.286	0.000950413	0.00018595	0.739437	0	0.000516529	0.000103306	0.64	0
	0.287	0.000681818	0.000268595	0.744681	0	0.000371901	2.06612e-05	0.6	0
	0.288	0.000991736	0.000289256	0.75	0	0.000433884	0	0.58	0
	0.289	0.000991736	0.000206612	0.75	0	0.000433884	4.13223e-05	0.56	0
	0.29	0.00088843	0.000309917	0.75	0	0.000371901	0.000103306	0.56	0
	0.291	0.000991736	0.000268595	0.75	0	0.000268595	8.26446e-05	0.56	0
	0.292	0.00088843	0.000289256	0.75	0	0.000413223	4.13223e-05	0.56	0
	0.293	0.00107438	0.000289256	0.742857	0	0.000516529	0.000103306	0.56	0
	0.294	0.000950413	0.00018595	0.748201	0	0.000475207	0.000103306	0.54	0
	0.295	0.000929752	0.000289256	0.748201	0	0.000371901	2.06612e-05	0.54	0
	0.296	0.000971074	0.000268595	0.746377	0	0.000516529	2.06612e-05	0.55102	0
	0.297	0.00115702	0.00018595	0.746377	0	0.00053719	0	0.55102	0
	0.298	0.0011157	0.00035124	0.746377	0	0.00035124	6.19835e-05	0.520833	0
	0.299	0.000929752	0.000227273	0.751825	0	0.000867769	4.13223e-05	0.520833	0
	0.3	0.0010124	0.000247934	0.757353	0	0.00053719	4.13223e-05	0.5	0
	0.301	0.00121901	0.00035124	0.762963	0	0.000495868	0.000103306	0.479167	0
	0.302	0.00103306	0.000289256	0.766917	0	0.000681818	2.06612e-05	0.479167	0
	0.303	0.000971074	0.000371901	0.772727	0	0.000371901	6.19835e-05	0.489362	0
	0.304	0.00088843	0.000309917	0.772727	0	0.00053719	8.26446e-05	0.489362	0
	0.305	0.000826446	0.00018595	0.772727	0	0.000619835	0.000103306	0.489362	0
	0.306	0.000847107	0.000247934	0.772727	0	0.000599174	2.06612e-05	0.468085	0
	0.307	0.00103306	0.000206612	0.772727	0	0.000516529	2.06612e-05	0.434783	0
	0.308	0.000702479	0.000268595	0.778626	0	0.000661157	0.000123967	0.434783	0
	0.309	0.000867769	0.000227273	0.770992	0	0.000743802	6.19835e-05	0.434783	0
	0.31	0.00109504	0.000268595	0.769231	0	0.000619835	2.06612e-05	0.434783	0
	0.311	0.000929752	0.000227273	0.761538	0	0.000640496	2.06612e-05	0.434783	0
	0.312	0.00072314	0.000144628	0.753846	0	0.000847107	0	0.413043	0
	0.313	0.000764463	0.000309917	0.75969	0	0.000743802	0	0.413043	0
	0.314	0.000619835	0.000247934	0.751938	0	0.000599174	0.000103306	0.413043	0
	0.315	0.000681818	0.00035124	0.751938	0	0.000557851	2.06612e-05	0.4	0
	0.316	0.000847107	0.000123967	0.757812	0	0.000805785	0	0.4	0
	0.317	0.000764463	0.000206612	0.757812	0	0.000867769	6.19835e-05	0.4	0
	0.318	0.000557851	0.000144628	0.757812	0	0.000661157	2.06612e-05	0.377778	0
	0.319	0.000785124	0.000330579	0.76378	0	0.000764463	8.26446e-05	0.355556	0
	0.32	0.000867769	0.000330579	0.761905	0	0.00103306	0.000103306	0.355556	0
	0.321	0.000640496	0.000165289	0.761905	0	0.000599174	8.26446e-05	0.355556	0
	0.322	0.000619835	0.000392562	0.768	0	0.000785124	8.26446e-05	0.355556	0
	0.323	0.000950413	0.00018595	0.768	0	0.000950413	4.13223e-05	0.355556	0
	0.324	0.000475207	0.00018595	0.768	0	0.000661157	8.26446e-05	0.333333	0
	0.325	0.000495868	0.000123967	0.768	0	0.000702479	2.06612e-05	0.340909	0
	0.326	0.000764463	0.000289256	0.768	0	0.000847107	2.06612e-05	0.318182	0
	0.327	0.000599174	0.000206612	0.768	0	0.000702479	8.26446e-05	0.318182	0
	0.328	0.000764463	0.000206612	0.774194	0	0.000661157	6.19835e-05	0.325581	0
	0.329	0.000826446	0.000144628	0.780488	0	0.000867769	2.06612e-05	0.325581	0
	0.33	0.000743802	0.00018595	0.786885	0	0.000764463	4.13223e-05	0.325581	0
	0.331	0.000557851	6.19835e-05	0.778689	0	0.000785124	0	0.325581	0
	0.332	0.000578512	0.000227273	0.791667	0	0.00072314	8.26446e-05	0.325581	0
	0.333	0.00053719	0.000144628	0.791667	0	0.000743802	2.06612e-05	0.325581	0
	0.334	0.000702479	0.000206612	0.798319	0	0.000640496	6.19835e-05	0.325581	0
	0.335	0.000640496	0.000144628	0.811966	0	0.000702479	4.13223e-05	0.325581	0
	0.336	0.000702479	0.00018595	0.811966	0	0.000619835	6.19835e-05	0.325581	0
	0.337	0.000557851	8.26446e-05	0.801724	0	0.000578512	2.06612e-05	0.325581	0
	0.338	0.000785124	0.000144628	0.801724	0	0.000826446	4.13223e-05	0.325581	0
	0.339	0.000557851	0.000268595	0.793103	0	0.000743802	4.13223e-05	0.333333	0
	0.34	0.000557851	0.000144628	0.793103	0	0.000785124	0	0.341463	0
	0.341	0.000495868	0.000123967	0.807018	0	0.000805785	6.19835e-05	0.341463	0
	0.342	0.000578512	8.26446e-05	0.798246	0	0.000785124	4.13223e-05	0.341463	0
	0.343	0.000516529	0.000227273	0.80531	0	0.000743802	4.13223e-05	0.341463	0
	0.344	0.000785124	0.000165289	0.8125	0	0.000599174	6.19835e-05	0.341463	0
	0.345	0.000433884	0.000144628	0.801802	0	0.000681818	2.06612e-05	0.341463	0
	0.346	0.000578512	0.00018595	0.801802	0	0.000743802	6.19835e-05	0.35	0
	0.347	0.00053719	0.00018595	0.801802	0	0.00088843	2.06612e-05	0.35	0
	0.348	0.000495868	0.000123967	0.816514	0	0.000785124	2.06612e-05	0.358974	0
	0.349	0.00053719	8.26446e-05	0.824074	0	0.00072314	0	0.378378	0
	0.35	0.000433884	0.00018595	0.824074	0	0.00072314	4.13223e-05	0.378378	0
	0.351	0.000516529	0.000268595	0.814815	0	0.000619835	4.13223e-05	0.371429	0
	0.352	0.000433884	0.000144628	0.805556	0	0.000661157	6.19835e-05	0.393939	0
	0.353	0.000495868	0.00018595	0.787037	0	0.00053719	4.13223e-05	0.393939	0
	0.354	0.000743802	0.000103306	0.794393	0	0.000619835	4.13223e-05	0.393939	0
	0.355	0.00053719	0.000165289	0.794393	0	0.000619835	0	0.393939	0
	0.356	0.000454545	0.000123967	0.794393	0	0.000599174	4.13223e-05	0.393939	0
	0.357	0.000599174	0.000144628	0.794393	0	0.000516529	0	0.393939	0
	0.358	0.000475207	0.000144628	0.775701	0	0.00053719	4.13223e-05	0.393939	0
	0.359	0.000619835	0.000227273	0.766355	0	0.000516529	0	0.393939	0
	0.36	0.000495868	8.26446e-05	0.773585	0	0.000309917	2.06612e-05	0.419355	0
	0.361	0.00035124	0.000144628	0.773585	0	0.00035124	0	0.419355	0
	0.362	0.000475207	0.000123967	0.773585	0	0.000619835	4.13223e-05	0.419355	0
	0.363	0.000681818	0.000103306	0.773585	0	0.000330579	4.13223e-05	0.387097	0
	0.364	0.000289256	0.000227273	0.764151	0	0.000413223	6.19835e-05	0.387097	0
	0.365	0.000557851	0.000144628	0.764151	0	0.000516529	2.06612e-05	0.4	0
	0.366	0.000392562	0.000206612	0.764151	0	0.000454545	4.13223e-05	0.366667	0
	0.367	0.000475207	0.000165289	0.764151	0	0.000413223	2.06612e-05	0.37931	0
	0.368	0.000392562	0.00018595	0.764151	0	0.000557851	8.26446e-05	0.392857	0
	0.369	0.000557851	8.26446e-05	0.764151	0	0.00035124	6.19835e-05	0.392857	0
	0.37	0.000661157	0.000144628	0.764151	0	0.000227273	4.13223e-05	0.392857	0
	0.371	0.000557851	0.00018595	0.754717	0	0.000206612	2.06612e-05	0.392857	0
	0.372	0.000475207	0.000144628	0.761905	0	0.000247934	0	0.392857	0
	0.373	0.000475207	0.000103306	0.761905	0	0.000371901	2.06612e-05	0.407407	0
	0.374	0.000640496	0.000268595	0.769231	0	0.000392562	6.19835e-05	0.407407	0
	0.375	0.00035124	0.000165289	0.769231	0	0.00018595	2.06612e-05	0.423077	0
	0.376	0.000516529	0.000123967	0.769231	0	0.000309917	2.06612e-05	0.423077	0
	0.377	0.000867769	0.000165289	0.769231	0	0.000206612	0	0.423077	0
	0.378	0.000826446	0.000247934	0.776699	0	0.000165289	0	0.423077	0
	0.379	0.000867769	0.000103306	0.772277	0	0.000289256	2.06612e-05	0.423077	0
	0.38	0.000475207	0.000144628	0.78	0	0.000227273	0	0.458333	0
	0.381	0.00088843	0.000165289	0.787879	0	0.00018595	0	0.5	0
	0.382	0.000743802	0.000165289	0.777778	0	0.000123967	0	0.5	0
	0.383	0.000661157	8.26446e-05	0.77551	0	0.00018595	0	0.5	0
	0.384	0.000661157	0.000144628	0.77551	0	0.000247934	2.06612e-05	0.55	0
	0.385	0.000847107	0.000144628	0.77551	0	0.000103306	4.13223e-05	0.578947	0
	0.386	0.000578512	0.000103306	0.765306	0	0.000206612	0	0.578947	0
	0.387	0.000702479	0.000103306	0.765306	0	0.000206612	0	0.578947	0
	0.388	0.000661157	0.000123967	0.765306	0	0.000123967	0	0.611111	0
	0.389	0.000681818	0.000144628	0.765306	0	8.26446e-05	0	0.611111	0
	0.39	0.00053719	0.000165289	0.773196	0	0.000247934	0	0.611111	0
	0.391	0.000640496	0.000165289	0.773196	0	0.000289256	4.13223e-05	0.647059	0
	0.392	0.000805785	0.000103306	0.773196	0	0.000103306	4.13223e-05	0.647059	0
	0.393	0.000909091	0.000123967	0.773196	0	0.000206612	0	0.647059	0
	0.394	0.000702479	0.000165289	0.773196	0	0.000206612	4.13223e-05	0.6875	0
	0.395	0.000681818	0.000206612	0.773196	0	0.00018595	0	0.733333	0
	0.396	0.000971074	8.26446e-05	0.773196	0	0.000144628	2.06612e-05	0.666667	0
	0.397	0.00053719	6.19835e-05	0.762887	0	0.000165289	2.06612e-05	0.666667	0
	0.398	0.000661157	8.26446e-05	0.762887	0	6.19835e-05	2.06612e-05	0.666667	0
	0.399	0.000557851	6.19835e-05	0.762887	0	0.000165289	2.06612e-05	0.666667	0
	0.4	0.000640496	0.000165289	0.752577	0	0.000144628	4.13223e-05	0.666667	0
	0.401	0.000743802	0.000144628	0.752577	0	4.13223e-05	0	0.666667	0
	0.402	0.000640496	0.000123967	0.742268	0	0.000144628	0	0.666667	0
	0.403	0.000805785	8.26446e-05	0.742268	0	0.000206612	4.13223e-05	0.666667	0
	0.404	0.000702479	0.000123967	0.75	0	0.000103306	4.13223e-05	0.6	0
	0.405	0.000681818	8.26446e-05	0.75	0	0.000144628	0	0.6	0
	0.406	0.000702479	0.000123967	0.75	0	0.000165289	2.06612e-05	0.6	0
	0.407	0.00072314	0.000103306	0.75	0	0.000103306	0	0.6	0
	0.408	0.000661157	8.26446e-05	0.75	0	0.000247934	2.06612e-05	0.6	0
	0.409	0.000516529	8.26446e-05	0.75	0	0.000123967	0	0.642857	0
	0.41	0.000516529	0.000103306	0.75	0	6.19835e-05	0	0.642857	0
	0.411	0.000392562	0.000123967	0.75	0	0.000309917	4.13223e-05	0.642857	0
	0.412	0.000475207	8.26446e-05	0.75	0	0.000165289	2.06612e-05	0.642857	0
	0.413	0.00053719	0	0.75	0	0.000103306	0	0.642857	0
	0.414	0.000557851	0.000103306	0.75	0	4.13223e-05	0	0.642857	0
	0.415	0.000578512	8.26446e-05	0.75	0	0.000123967	0	0.642857	0
	0.416	0.000619835	0.000144628	0.739583	0	8.26446e-05	2.06612e-05	0.642857	0
	0.417	0.000578512	8.26446e-05	0.729167	0	0.000165289	0	0.642857	0
	0.418	0.000495868	8.26446e-05	0.729167	0	4.13223e-05	0	0.642857	0
	0.419	0.000681818	6.19835e-05	0.726316	0	6.19835e-05	4.13223e-05	0.642857	0
	0.42	0.000557851	4.13223e-05	0.741935	0	0.000144628	2.06612e-05	0.642857	0
	0.421	0.000764463	2.06612e-05	0.741935	0	0.000103306	0	0.642857	0
	0.422	0.000578512	0	0.73913	0	0.000123967	2.06612e-05	0.642857	0
	0.423	0.000557851	0.000103306	0.728261	0	0.000123967	0	0.692308	0
	0.424	0.000475207	0.000165289	0.728261	0	0.000123967	2.06612e-05	0.692308	0
	0.425	0.000433884	2.06612e-05	0.733333	0	0.000144628	4.13223e-05	0.692308	0
	0.426	0.000454545	4.13223e-05	0.75	0	0.000144628	2.06612e-05	0.692308	0
	0.427	0.000557851	6.19835e-05	0.75	0	0.00018595	2.06612e-05	0.692308	0
	0.428	0.00053719	0.000123967	0.715909	0	8.26446e-05	0	0.75	0
	0.429	0.000454545	6.19835e-05	0.724138	0	0.000165289	0	0.666667	0
	0.43	0.000640496	0.000144628	0.732558	0	0.000206612	0	0.666667	0
	0.431	0.000578512	6.19835e-05	0.732558	0	6.19835e-05	0	0.666667	0
	0.432	0.000578512	0.000103306	0.732558	0	8.26446e-05	6.19835e-05	0.666667	0
	0.433	0.000495868	6.19835e-05	0.732558	0	6.19835e-05	0	0.666667	0
	0.434	0.000454545	6.19835e-05	0.741176	0	0.00018595	0	0.666667	0
	0.435	0.000557851	8.26446e-05	0.741176	0	8.26446e-05	2.06612e-05	0.666667	0
	0.436	0.000516529	2.06612e-05	0.741176	0	0.000165289	2.06612e-05	0.666667	0
	0.437	0.000413223	8.26446e-05	0.741176	0	0.000165289	2.06612e-05	0.666667	0
	0.438	0.00035124	8.26446e-05	0.729412	0	0.00018595	2.06612e-05	0.666667	0
	0.439	0.000475207	4.13223e-05	0.729412	0	0.000165289	0	0.666667	0
	0.44	0.00053719	8.26446e-05	0.729412	0	8.26446e-05	2.06612e-05	0.666667	0
	0.441	0.000557851	4.13223e-05	0.729412	0	0.000165289	2.06612e-05	0.666667	0
	0.442	0.00035124	4.13223e-05	0.729412	0	0.000103306	2.06612e-05	0.666667	0
	0.443	0.000330579	0.000103306	0.705882	0	0.000103306	0	0.666667	0
	0.444	0.000495868	4.13223e-05	0.694118	0	6.19835e-05	2.06612e-05	0.666667	0
	0.445	0.000619835	8.26446e-05	0.694118	0	0.000144628	2.06612e-05	0.666667	0
	0.446	0.000475207	4.13223e-05	0.702381	0	0.000206612	2.06612e-05	0.666667	0
	0.447	0.000619835	6.19835e-05	0.698795	0	0.000144628	2.06612e-05	0.666667	0
	0.448	0.000495868	4.13223e-05	0.707317	0	4.13223e-05	0	0.666667	0
	0.449	0.000578512	8.26446e-05	0.716049	0	8.26446e-05	0	0.666667	0
	0.45	0.000557851	0.000103306	0.716049	0	8.26446e-05	2.06612e-05	0.666667	0
	0.451	0.000743802	0.000103306	0.716049	0	0.000103306	2.06612e-05	0.666667	0
	0.452	0.000578512	8.26446e-05	0.725	0	6.19835e-05	0	0.666667	0
	0.453	0.000495868	6.19835e-05	0.734177	0	4.13223e-05	2.06612e-05	0.666667	0
	0.454	0.000454545	6.19835e-05	0.734177	0	2.06612e-05	0	0.666667	0
	0.455	0.000640496	6.19835e-05	0.734177	0	6.19835e-05	0	0.666667	0
	0.456	0.000557851	4.13223e-05	0.74359	0	8.26446e-05	0	0.666667	0
	0.457	0.000454545	8.26446e-05	0.74359	0	0.000144628	0	0.727273	0
	0.458	0.000557851	8.26446e-05	0.74359	0	2.06612e-05	4.13223e-05	0.727273	0
	0.459	0.000578512	6.19835e-05	0.74359	0	8.26446e-05	0	0.727273	0
	0.46	0.000661157	2.06612e-05	0.74359	0	8.26446e-05	0	0.727273	0
	0.461	0.000764463	2.06612e-05	0.74359	0	2.06612e-05	0	0.727273	0
	0.462	0.00053719	8.26446e-05	0.74359	0	0.000103306	0	0.727273	0
	0.463	0.000702479	0.000144628	0.74359	0	4.13223e-05	2.06612e-05	0.727273	0
	0.464	0.000661157	8.26446e-05	0.74359	0	4.13223e-05	0	0.727273	0
	0.465	0.000661157	4.13223e-05	0.74359	0	6.19835e-05	0	0.727273	0
	0.466	0.000619835	8.26446e-05	0.753247	0	0.000103306	0	0.727273	0
	0.467	0.000681818	0.000103306	0.727273	0	0	0	0.727273	0
	0.468	0.000640496	6.19835e-05	0.727273	0	6.19835e-05	2.06612e-05	0.727273	0
	0.469	0.000764463	0.000123967	0.723684	0	6.19835e-05	4.13223e-05	0.727273	0
	0.47	0.000785124	8.26446e-05	0.723684	0	0	0	0.636364	0
	0.471	0.000599174	8.26446e-05	0.723684	0	0.000103306	0	0.636364	0
	0.472	0.000619835	0	0.723684	0	0.000165289	0	0.636364	0
	0.473	0.000826446	0	0.723684	0	0.000144628	2.06612e-05	0.7	0
	0.474	0.000578512	8.26446e-05	0.723684	0	0.00018595	0	0.7	0
	0.475	0.000640496	0.000103306	0.723684	0	6.19835e-05	0	0.7	0
	0.476	0.000495868	4.13223e-05	0.723684	0	2.06612e-05	2.06612e-05	0.7	0
	0.477	0.000475207	6.19835e-05	0.723684	0	2.06612e-05	2.06612e-05	0.7	0
	0.478	0.000743802	8.26446e-05	0.723684	0	0.000103306	0	0.7	0
	0.479	0.000495868	8.26446e-05	0.710526	0	6.19835e-05	0	0.7	0
	0.48	0.000495868	8.26446e-05	0.697368	0	4.13223e-05	0	0.7	0
	0.481	0.000454545	4.13223e-05	0.697368	0	2.06612e-05	0	0.7	0
	0.482	0.000578512	6.19835e-05	0.706667	0	8.26446e-05	2.06612e-05	0.7	0
	0.483	0.000557851	4.13223e-05	0.706667	0	0.000144628	0	0.777778	0
	0.484	0.000702479	6.19835e-05	0.706667	0	0.000103306	0	0.777778	0
	0.485	0.000475207	4.13223e-05	0.716216	0	6.19835e-05	0	0.777778	0
	0.486	0.000433884	0	0.736111	0	2.06612e-05	0	0.777778	0
	0.487	0.000495868	0.000103306	0.736111	0	4.13223e-05	0	0.777778	0
	0.488	0.000475207	2.06612e-05	0.736111	0	2.06612e-05	0	0.777778	0
	0.489	0.000392562	8.26446e-05	0.736111	0	6.19835e-05	2.06612e-05	0.777778	0
	0.49	0.000413223	6.19835e-05	0.736111	0	4.13223e-05	0	0.777778	0
	0.491	0.000454545	2.06612e-05	0.732394	0	6.19835e-05	0	0.777778	0
	0.492	0.000413223	4.13223e-05	0.732394	0	6.19835e-05	0	0.777778	0
	0.493	0.000371901	8.26446e-05	0.732394	0	2.06612e-05	0	0.777778	0
	0.494	0.000433884	2.06612e-05	0.732394	0	0.000103306	0	0.777778	0
	0.495	0.000309917	2.06612e-05	0.73913	0	8.26446e-05	2.06612e-05	0.666667	0
	0.496	0.00035124	0	0.73913	0	8.26446e-05	0	0.666667	0
	0.497	0.000433884	6.19835e-05	0.73913	0	0.000144628	2.06612e-05	0.666667	0
	0.498	0.000330579	4.13223e-05	0.73913	0	6.19835e-05	0	0.666667	0
	0.499	0.000309917	2.06612e-05	0.73913	0	2.06612e-05	0	0.666667	0
	0.5	0.000330579	2.06612e-05	0.75	0	4.13223e-05	2.06612e-05	0.666667	0
	0.501	0.000371901	8.26446e-05	0.75	0	4.13223e-05	4.13223e-05	0.666667	0
	0.502	0.000578512	6.19835e-05	0.75	0	0.000103306	0	0.666667	0
	0.503	0.000413223	0.000103306	0.746269	0	4.13223e-05	0	0.666667	0
	0.504	0.000392562	6.19835e-05	0.746269	0	0.000144628	0	0.666667	0
	0.505	0.000392562	0.000103306	0.746269	0	4.13223e-05	0	0.666667	0
	0.506	0.000289256	0.000103306	0.757576	0	0.000103306	0	0.666667	0
	0.507	0.000330579	0.000103306	0.742424	0	4.13223e-05	0	0.666667	0
	0.508	0.000371901	4.13223e-05	0.742424	0	8.26446e-05	0	0.666667	0
	0.509	0.000475207	0	0.742424	0	8.26446e-05	0	0.666667	0
	0.51	0.000247934	8.26446e-05	0.742424	0	0.000103306	0	0.666667	0
	0.511	0.000413223	4.13223e-05	0.742424	0	6.19835e-05	0	0.666667	0
	0.512	0.000268595	6.19835e-05	0.742424	0	8.26446e-05	0	0.75	0
	0.513	0.00035124	0.000103306	0.742424	0	8.26446e-05	2.06612e-05	0.75	0
	0.514	0.000454545	4.13223e-05	0.742424	0	8.26446e-05	2.06612e-05	0.75	0
	0.515	0.000371901	4.13223e-05	0.727273	0	6.19835e-05	0	0.75	0
	0.516	0.000289256	6.19835e-05	0.712121	0	6.19835e-05	0	0.75	0
	0.517	0.000454545	2.06612e-05	0.723077	0	8.26446e-05	0	0.75	0
	0.518	0.000268595	0.000123967	0.734375	0	0.000165289	0	0.75	0
	0.519	0.000433884	2.06612e-05	0.734375	0	4.13223e-05	0	0.625	0
	0.52	0.000330579	0.000123967	0.71875	0	0.000103306	2.06612e-05	0.625	0
	0.521	0.000289256	6.19835e-05	0.71875	0	0.000144628	0	0.625	0
	0.522	0.000247934	4.13223e-05	0.71875	0	0.000103306	0	0.625	0
	0.523	0.000392562	8.26446e-05	0.730159	0	0.000123967	0	0.5	0
	0.524	0.000268595	6.19835e-05	0.730159	0	0.000103306	2.06612e-05	0.5	0
	0.525	0.000227273	6.19835e-05	0.730159	0	8.26446e-05	6.19835e-05	0.5	0
	0.526	0.000330579	6.19835e-05	0.730159	0	4.13223e-05	0	0.5	0
	0.527	0.000433884	6.19835e-05	0.730159	0	6.19835e-05	0	0.5	0
	0.528	0.000247934	8.26446e-05	0.725806	0	8.26446e-05	0	0.5	0
	0.529	0.000413223	2.06612e-05	0.721311	0	0.000144628	0	0.5	0
	0.53	0.000309917	2.06612e-05	0.745763	0	6.19835e-05	0	0.5	0
	0.531	0.000454545	4.13223e-05	0.745763	0	0.000123967	2.06612e-05	0.5	0
	0.532	0.000309917	4.13223e-05	0.745763	0	8.26446e-05	0	0.5	0
	0.533	0.000268595	4.13223e-05	0.745763	0	0.000144628	0	0.5	0
	0.534	0.000268595	4.13223e-05	0.745763	0	0.000123967	0	0.5	0
	0.535	0.000268595	6.19835e-05	0.745763	0	4.13223e-05	0	0.5	0
	0.536	0.00035124	0	0.745763	0	8.26446e-05	0	0.5	0
	0.537	0.000309917	4.13223e-05	0.758621	0	2.06612e-05	0	0.5	0
	0.538	0.000268595	4.13223e-05	0.758621	0	0.000123967	0	0.5	0
	0.539	0.000289256	8.26446e-05	0.77193	0	0.000103306	0	0.5	0
	0.54	0.000247934	4.13223e-05	0.77193	0	0.000144628	0	0.5	0
	0.541	0.000413223	4.13223e-05	0.77193	0	0.000103306	0	0.5	0
	0.542	0.000413223	6.19835e-05	0.77193	0	6.19835e-05	2.06612e-05	0.5	0
	0.543	0.000392562	2.06612e-05	0.77193	0	6.19835e-05	0	0.5	0
	0.544	0.000330579	6.19835e-05	0.785714	0	8.26446e-05	0	0.5	0
	0.545	0.000371901	6.19835e-05	0.785714	0	8.26446e-05	0	0.5	0
	0.546	0.00035124	6.19835e-05	0.785714	0	0.000165289	0	0.571429	0
	0.547	0.00035124	0	0.785714	0	0.000123967	2.06612e-05	0.571429	0
	0.548	0.000206612	4.13223e-05	0.781818	0	2.06612e-05	0	0.571429	0
	0.549	0.000268595	4.13223e-05	0.781818	0	0.00018595	0	0.571429	0
	0.55	0.000433884	4.13223e-05	0.763636	0	0.000123967	0	0.428571	0
	0.551	0.000392562	0	0.763636	0	4.13223e-05	0	0.428571	0
	0.552	0.000289256	0.000103306	0.763636	0	0.000123967	0	0.428571	0
	0.553	0.000330579	4.13223e-05	0.745455	0	4.13223e-05	0	0.428571	0
	0.554	0.00035124	6.19835e-05	0.745455	0	0.000144628	0	0.428571	0
	0.555	0.000289256	6.19835e-05	0.759259	0	0.000165289	2.06612e-05	0.428571	0
	0.556	0.000309917	0	0.759259	0	0.000165289	0	0.428571	0
	0.557	0.000268595	2.06612e-05	0.759259	0	0.000123967	0	0.428571	0
	0.558	0.000330579	0	0.759259	0	0.000144628	0	0.428571	0
	0.559	0.000392562	0	0.773585	0	0.000206612	2.06612e-05	0.428571	0
	0.56	0.000454545	4.13223e-05	0.773585	0	0.00018595	0	0.428571	0
	0.561	0.000289256	2.06612e-05	0.754717	0	0.000103306	0	0.428571	0
	0.562	0.000619835	8.26446e-05	0.754717	0	0.00018595	0	0.428571	0
	0.563	0.000371901	2.06612e-05	0.769231	0	0	0	0.428571	0
	0.564	0.000516529	6.19835e-05	0.769231	0	2.06612e-05	0	0.428571	0
	0.565	0.000454545	2.06612e-05	0.769231	0	0.000103306	0	0.428571	0
	0.566	0.000206612	2.06612e-05	0.769231	0	4.13223e-05	0	0.5	0
	0.567	0.000371901	2.06612e-05	0.769231	0	6.19835e-05	0	0.5	0
	0.568	0.000206612	6.19835e-05	0.769231	0	0.000103306	0	0.5	0
	0.569	0.000289256	0	0.769231	0	8.26446e-05	0	0.5	0
	0.57	0.000330579	0	0.769231	0	8.26446e-05	2.06612e-05	0.5	0
	0.571	0.000371901	0	0.769231	0	0.000123967	0	0.5	0
	0.572	0.000371901	4.13223e-05	0.784314	0	2.06612e-05	0	0.5	0
	0.573	0.000206612	4.13223e-05	0.784314	0	0.000206612	0	0.5	0
	0.574	0.000330579	0	0.764706	0	0.000103306	2.06612e-05	0.5	0
	0.575	0.000433884	6.19835e-05	0.764706	0	0.000123967	2.06612e-05	0.5	0
	0.576	0.000268595	4.13223e-05	0.764706	0	6.19835e-05	2.06612e-05	0.5	0
	0.577	0.000227273	2.06612e-05	0.764706	0	8.26446e-05	0	0.5	0
	0.578	0.000330579	0	0.764706	0	8.26446e-05	0	0.5	0
	0.579	0.000330579	4.13223e-05	0.764706	0	8.26446e-05	0	0.5	0
	0.58	0.000371901	4.13223e-05	0.764706	0	8.26446e-05	0	0.5	0
	0.581	0.000371901	2.06612e-05	0.745098	0	8.26446e-05	0	0.5	0
	0.582	0.000413223	2.06612e-05	0.745098	0	8.26446e-05	0	0.5	0
	0.583	0.000289256	8.26446e-05	0.745098	0	2.06612e-05	2.06612e-05	0.5	0
	0.584	0.000330579	4.13223e-05	0.745098	0	0	0	0.6	0
	0.585	0.000123967	6.19835e-05	0.72549	0	8.26446e-05	0	0.6	0
	0.586	0.00035124	2.06612e-05	0.72549	0	8.26446e-05	0	0.6	0
	0.587	0.000289256	0	0.72549	0	8.26446e-05	0	0.6	0
	0.588	0.000268595	2.06612e-05	0.72549	0	0.000123967	0	0.6	0
	0.589	0.000247934	0	0.72549	0	8.26446e-05	0	0.2	0
	0.59	0.000268595	4.13223e-05	0.705882	0	0	0	0.2	0
	0.591	0.000392562	0	0.705882	0	2.06612e-05	2.06612e-05	0.2	0
	0.592	0.000330579	6.19835e-05	0.705882	0	8.26446e-05	0	0.2	0
	0.593	0.000227273	6.19835e-05	0.72	0	0.00018595	0	0.2	0
	0.594	0.000371901	2.06612e-05	0.734694	0	8.26446e-05	0	0.2	0
	0.595	0.00035124	4.13223e-05	0.734694	0	6.19835e-05	0	0.2	0
	0.596	0.000330579	0	0.734694	0	4.13223e-05	0	0.25	0
	0.597	0.000309917	2.06612e-05	0.734694	0	6.19835e-05	0	0.25	0
	0.598	0.000433884	6.19835e-05	0.673469	0	4.13223e-05	0	0.25	0
	0.599	0.000289256	6.19835e-05	0.6875	0	0.000103306	0	0.25	0
	0.6	0.000495868	2.06612e-05	0.6875	0	0.000103306	0	0.25	0
	0.601	0.000433884	6.19835e-05	0.666667	0	0.000103306	0	0.25	0
	0.602	0.000371901	6.19835e-05	0.666667	0	8.26446e-05	0	0.25	0
	0.603	0.000413223	2.06612e-05	0.666667	0	0.000144628	0	0.25	0
	0.604	0.000227273	0	0.680851	0	0.000165289	0	0.25	0
	0.605	0.000289256	2.06612e-05	0.711111	0	8.26446e-05	0	0.25	0
	0.606	0.000206612	2.06612e-05	0.688889	0	0.000103306	0	0.25	0
	0.607	0.000433884	2.06612e-05	0.666667	0	0.000123967	0	0.25	0
	0.608	0.000330579	0	0.666667	0	0.000103306	2.06612e-05	0.25	0
	0.609	0.000371901	2.06612e-05	0.666667	0	4.13223e-05	0	0.25	0
	0.61	0.00035124	0	0.666667	0	0.000165289	2.06612e-05	0.25	0
	0.611	0.000247934	4.13223e-05	0.666667	0	6.19835e-05	0	0.25	0
	0.612	0.000475207	2.06612e-05	0.666667	0	4.13223e-05	0	0.25	0
	0.613	0.000392562	0	0.681818	0	6.19835e-05	0	0.25	0
	0.614	0.000475207	0	0.681818	0	4.13223e-05	0	0.25	0
	0.615	0.000475207	4.13223e-05	0.681818	0	4.13223e-05	0	0.25	0
	0.616	0.000309917	4.13223e-05	0.681818	0	0.000123967	0	0.25	0
	0.617	0.000371901	8.26446e-05	0.681818	0	0.000103306	0	0.25	0
	0.618	0.000371901	0	0.681818	0	6.19835e-05	0	0.25	0
	0.619	0.000371901	8.26446e-05	0.681818	0	6.19835e-05	0	0.25	0
	0.62	0.000289256	0	0.697674	0	0.000123967	0	0.25	0
	0.621	0.000413223	2.06612e-05	0.697674	0	0.000144628	0	0.25	0
	0.622	0.000433884	4.13223e-05	0.697674	0	0.000144628	0	0.25	0
	0.623	0.00035124	2.06612e-05	0.697674	0	0.000103306	0	0.25	0
	0.624	0.000330579	2.06612e-05	0.674419	0	0.000103306	0	0.25	0
	0.625	0.000309917	6.19835e-05	0.674419	0	4.13223e-05	0	0.333333	0
	0.626	0.00035124	6.19835e-05	0.674419	0	6.19835e-05	0	0.333333	0
	0.627	0.000557851	0.000103306	0.674419	0	0.000103306	0	0.333333	0
	0.628	0.000268595	0	0.674419	0	0.000103306	2.06612e-05	0.333333	0
	0.629	0.000371901	6.19835e-05	0.627907	0	0.000103306	0	0.333333	0
	0.63	0.000392562	0	0.627907	0	8.26446e-05	0	0.333333	0
	0.631	0.000227273	2.06612e-05	0.627907	0	0.00018595	0	0.333333	0
	0.632	0.000371901	0	0.627907	0	2.06612e-05	0	0.333333	0
	0.633	0.000495868	4.13223e-05	0.642857	0	0.000144628	0	0.333333	0
	0.634	0.000557851	6.19835e-05	0.642857	0	6.19835e-05	0	0.333333	0
	0.635	0.000557851	2.06612e-05	0.642857	0	0.000144628	0	0.333333	0
	0.636	0.000268595	2.06612e-05	0.634146	0	4.13223e-05	0	0.333333	0
	0.637	0.000475207	4.13223e-05	0.634146	0	4.13223e-05	0	0.333333	0
	0.638	0.000702479	2.06612e-05	0.65	0	0.000103306	0	0.333333	0
	0.639	0.000392562	2.06612e-05	0.65	0	2.06612e-05	0	0.333333	0
	0.64	0.000433884	2.06612e-05	0.65	0	6.19835e-05	0	0.333333	0
	0.641	0.000433884	0	0.625	0	8.26446e-05	0	0.333333	0
	0.642	0.00053719	2.06612e-05	0.6	0	0.000123967	0	0.333333	0
	0.643	0.000475207	2.06612e-05	0.6	0	4.13223e-05	0	0.333333	0
	0.644	0.000702479	2.06612e-05	0.6	0	2.06612e-05	0	0.333333	0
	0.645	0.000619835	2.06612e-05	0.615385	0	8.26446e-05	0	0.333333	0
	0.646	0.000495868	4.13223e-05	0.615385	0	8.26446e-05	0	0.333333	0
	0.647	0.000495868	2.06612e-05	0.615385	0	4.13223e-05	2.06612e-05	0.333333	0
	0.648	0.000454545	4.13223e-05	0.589744	0	2.06612e-05	0	0.333333	0
	0.649	0.000413223	0	0.589744	0	2.06612e-05	0	0.333333	0
	0.65	0.000495868	0	0.589744	0	6.19835e-05	0	0.333333	0
	0.651	0.000640496	6.19835e-05	0.564103	0	6.19835e-05	0	0	0
	0.652	0.00053719	2.06612e-05	0.564103	0	4.13223e-05	0	0	0
	0.653	0.000392562	2.06612e-05	0.564103	0	2.06612e-05	0	0	0
	0.654	0.00053719	6.19835e-05	0.564103	0	2.06612e-05	0	0	0
	0.655	0.00053719	0	0.564103	0	2.06612e-05	0	0	0
	0.656	0.000640496	2.06612e-05	0.578947	0	4.13223e-05	0	0	0
	0.657	0.000578512	6.19835e-05	0.578947	0	2.06612e-05	0	0	0
	0.658	0.000557851	0	0.578947	0	0	0	0	0
	0.659	0.00035124	8.26446e-05	0.578947	0	4.13223e-05	0	0	0
	0.66	0.000371901	0	0.578947	0	0	0	0	0
	0.661	0.000495868	0	0.578947	0	0	0	0	0
	0.662	0.000454545	4.13223e-05	0.578947	0	0	0	0	0
	0.663	0.000309917	4.13223e-05	0.578947	0	0	0	0	0
	0.664	0.000371901	4.13223e-05	0.578947	0	4.13223e-05	0	0	0
	0.665	0.00035124	2.06612e-05	0.594595	0	4.13223e-05	2.06612e-05	0	0
	0.666	0.000495868	0.000123967	0.594595	0	0	0	0	0
	0.667	0.000495868	2.06612e-05	0.594595	0	0	2.06612e-05	0	0
	0.668	0.000433884	2.06612e-05	0.594595	0	0	0	0	0
	0.669	0.00053719	0	0.594595	0	0	0	0	0
	0.67	0.000289256	0	0.594595	0	2.06612e-05	0	0	0
	0.671	0.000392562	2.06612e-05	0.611111	0	4.13223e-05	0	0	0
	0.672	0.000475207	2.06612e-05	0.628571	0	2.06612e-05	0	0	0
	0.673	0.000433884	2.06612e-05	0.628571	0	6.19835e-05	0	0	0
	0.674	0.000413223	0	0.6	0	4.13223e-05	0	0	0
	0.675	0.00035124	2.06612e-05	0.6	0	6.19835e-05	0	0	0
	0.676	0.000413223	2.06612e-05	0.6	0	4.13223e-05	0	0	0
	0.677	0.000330579	2.06612e-05	0.617647	0	8.26446e-05	0	0	0
	0.678	0.000475207	0	0.588235	0	6.19835e-05	0	0	0
	0.679	0.000516529	2.06612e-05	0.625	0	4.13223e-05	0	0	0
	0.68	0.00035124	0	0.625	0	4.13223e-05	0	0	0
	0.681	0.000475207	2.06612e-05	0.625	0	8.26446e-05	0	0	0
	0.682	0.000330579	2.06612e-05	0.625	0	2.06612e-05	0	0	0
	0.683	0.00035124	2.06612e-05	0.59375	0	4.13223e-05	0	0	0
	0.684	0.000227273	0	0.59375	0	4.13223e-05	0	0	0
	0.685	0.000371901	0	0.59375	0	2.06612e-05	0	0	0
	0.686	0.000309917	0	0.59375	0	6.19835e-05	0	0	0
	0.687	0.000392562	0	0.59375	0	0.000123967	0	0	0
	0.688	0.000227273	4.13223e-05	0.59375	0	4.13223e-05	0	0	0
	0.689	0.000413223	0	0.59375	0	6.19835e-05	0	0	0
	0.69	0.000454545	0	0.5625	0	0.000103306	0	0	0
	0.691	0.000227273	0	0.6	0	0.000103306	0	0	0
	0.692	0.000247934	2.06612e-05	0.62069	0	8.26446e-05	0	0	0
	0.693	0.00018595	6.19835e-05	0.62069	0	4.13223e-05	0	0	0
	0.694	0.000289256	4.13223e-05	0.642857	0	0	0	0	0
	0.695	0.000309917	4.13223e-05	0.642857	0	0.000123967	0	0	0
	0.696	0.000247934	6.19835e-05	0.666667	0	4.13223e-05	0	0	0
	0.697	0.000289256	4.13223e-05	0.666667	0	0	0	0	0
	0.698	0.000144628	0	0.666667	0	6.19835e-05	0	0	0
	0.699	0.000371901	0	0.666667	0	0.000103306	0	0	0
	0.7	0.000165289	2.06612e-05	0.666667	0	6.19835e-05	0	0	0
	0.701	0.000227273	0	0.666667	0	0	0	0	0
	0.702	0.000289256	6.19835e-05	0.692308	0	2.06612e-05	0	0	0
	0.703	0.000206612	0	0.692308	0	2.06612e-05	0	0	0
	0.704	0.000413223	0	0.692308	0	4.13223e-05	0	0	0
	0.705	0.000227273	0	0.692308	0	0	0	0	0
	0.706	0.000227273	2.06612e-05	0.692308	0	4.13223e-05	0	0	0
	0.707	8.26446e-05	4.13223e-05	0.72	0	2.06612e-05	0	0	0
	0.708	0.000247934	2.06612e-05	0.72	0	0	0	0	0
	0.709	0.000309917	2.06612e-05	0.72	0	4.13223e-05	0	0	0
	0.71	0.000103306	2.06612e-05	0.75	0	4.13223e-05	0	0	0
	0.711	0.000309917	0	0.75	0	2.06612e-05	0	0	0
	0.712	0.000123967	0	0.75	0	0	0	0	0
	0.713	0.000247934	4.13223e-05	0.75	0	0	0	0	0
	0.714	0.000309917	0	0.708333	0	0	0	0	0
	0.715	0.000206612	4.13223e-05	0.666667	0	0	0	0	0
	0.716	0.000309917	4.13223e-05	0.666667	0	0	0	0	0
	0.717	0.00018595	0	0.727273	0	0	0	0	0
	0.718	0.00018595	2.06612e-05	0.727273	0	0	0	0	0
	0.719	0.000309917	0	0.727273	0	0	0	0	0
	0.72	0.000309917	2.06612e-05	0.727273	0	0	0	0	0
	0.721	0.000247934	2.06612e-05	0.727273	0	2.06612e-05	0	0	0
	0.722	0.00018595	2.06612e-05	0.681818	0	0	0	0	0
	0.723	0.00018595	2.06612e-05	0.681818	0	0	0	0	0
	0.724	0.000206612	2.06612e-05	0.681818	0	2.06612e-05	0	0	0
	0.725	0.000144628	2.06612e-05	0.681818	0	0	0	0	0
	0.726	0.000268595	0	0.681818	0	0	0	0	0
	0.727	0.00018595	0	0.681818	0	0	0	0	0
	0.728	0.000289256	4.13223e-05	0.681818	0	0	0	0	0
	0.729	0.00018595	0	0.681818	0	0	0	0	0
	0.73	0.000123967	0	0.681818	0	0	0	0	0
	0.731	0.000206612	0	0.681818	0	0	0	0	0
	0.732	8.26446e-05	0	0.681818	0	0	0	0	0
	0.733	0.000227273	0	0.681818	0	0	0	0	0
	0.734	0.000165289	0	0.681818	0	0	0	0	0
	0.735	0.000144628	0	0.681818	0	0	0	0	0
	0.736	0.000247934	4.13223e-05	0.681818	0	0	0	0	0
	0.737	0.000144628	2.06612e-05	0.681818	0	0	0	0	0
	0.738	0.000144628	2.06612e-05	0.681818	0	0	0	0	0
	0.739	0.000144628	2.06612e-05	0.681818	0	0	0	0	0
	0.74	0.00018595	0	0.714286	0	0	0	0	0
	0.741	0.000165289	6.19835e-05	0.75	0	0	0	0	0
	0.742	0.000247934	2.06612e-05	0.6	0	0	0	0	0
	0.743	0.00018595	2.06612e-05	0.6	0	0	0	0	0
	0.744	0.000103306	2.06612e-05	0.6	0	0	0	0	0
	0.745	0.000206612	2.06612e-05	0.6	0	0	0	0	0
	0.746	0.00018595	2.06612e-05	0.55	0	0	0	0	0
	0.747	0.000289256	2.06612e-05	0.55	0	0	0	0	0
	0.748	0.000227273	4.13223e-05	0.55	0	0	0	0	0
	0.749	0.000165289	4.13223e-05	0.55	0	0	0	0	0
	0.75	0.000206612	0	0.55	0	0	0	0	0
	0.751	0.000371901	2.06612e-05	0.578947	0	0	0	0	0
	0.752	0.000309917	2.06612e-05	0.578947	0	0	0	0	0
	0.753	0.000247934	2.06612e-05	0.578947	0	0	0	0	0
	0.754	0.000165289	6.19835e-05	0.611111	0	0	0	0	0
	0.755	0.000227273	0	0.611111	0	0	0	0	0
	0.756	0.000144628	2.06612e-05	0.611111	0	0	0	0	0
	0.757	0.000247934	2.06612e-05	0.611111	0	0	0	0	0
	0.758	0.000330579	0	0.611111	0	0	0	0	0
	0.759	0.000475207	0	0.611111	0	0	0	0	0
	0.76	0.000330579	0	0.555556	0	0	0	0	0
	0.761	0.000392562	0	0.555556	0	0	0	0	0
	0.762	0.000289256	6.19835e-05	0.555556	0	0	0	0	0
	0.763	0.000330579	6.19835e-05	0.555556	0	0	0	0	0
	0.764	0.00018595	4.13223e-05	0.555556	0	0	0	0	0
	0.765	0.00035124	0	0.5	0	0	0	0	0
	0.766	0.000392562	2.06612e-05	0.5	0	0	0	0	0
	0.767	0.000227273	2.06612e-05	0.5	0	0	0	0	0
	0.768	0.000144628	0	0.5	0	0	0	0	0
	0.769	0.000371901	0	0.5	0	0	0	0	0
	0.77	0.000247934	0	0.5	0	0	0	0	0
	0.771	0.000330579	0	0.5	0	0	0	0	0
	0.772	0.000206612	0	0.5	0	0	0	0	0
	0.773	0.00035124	0	0.5	0	0	0	0	0
	0.774	0.000371901	0	0.5	0	0	0	0	0
	0.775	0.000413223	0	0.5	0	0	0	0	0
	0.776	0.000123967	0	0.444444	0	0	0	0	0
	0.777	0.000227273	4.13223e-05	0.444444	0	0	0	0	0
	0.778	0.000206612	4.13223e-05	0.470588	0	0	0	0	0
	0.779	0.00018595	0	0.470588	0	0	0	0	0
	0.78	0.000247934	2.06612e-05	0.470588	0	0	0	0	0
	0.781	0.000371901	2.06612e-05	0.470588	0	0	0	0	0
	0.782	0.000227273	2.06612e-05	0.470588	0	0	0	0	0
	0.783	0.000289256	0	0.470588	0	0	0	0	0
	0.784	0.00035124	0	0.470588	0	0	0	0	0
	0.785	0.000268595	0	0.470588	0	0	0	0	0
	0.786	0.00035124	0	0.5	0	0	0	0	0
	0.787	0.000289256	4.13223e-05	0.5	0	0	0	0	0
	0.788	0.000392562	2.06612e-05	0.5	0	0	0	0	0
	0.789	0.000268595	2.06612e-05	0.5	0	0	0	0	0
	0.79	0.000330579	0	0.5	0	0	0	0	0
	0.791	0.000247934	0	0.533333	0	0	0	0	0
	0.792	0.000330579	0	0.533333	0	0	0	0	0
	0.793	0.000392562	0	0.533333	0	0	0	0	0
	0.794	0.000289256	0	0.533333	0	0	0	0	0
	0.795	0.000206612	0	0.533333	0	0	0	0	0
	0.796	0.000309917	0	0.533333	0	0	0	0	0
	0.797	0.000247934	2.06612e-05	0.533333	0	0	0	0	0
	0.798	0.000206612	0	0.533333	0	0	0	0	0
	0.799	0.00018595	0	0.533333	0	0	0	0	0
	0.8	0.000433884	0	0.571429	0	0	0	0	0
	0.801	0.000227273	0	0.666667	0	0	0	0	0
	0.802	0.000165289	0	0.666667	0	0	0	0	0
	0.803	0.000268595	2.06612e-05	0.666667	0	0	0	0	0
	0.804	0.00018595	2.06612e-05	0.666667	0	0	0	0	0
	0.805	8.26446e-05	0	0.666667	0	0	0	0	0
	0.806	8.26446e-05	0	0.666667	0	0	0	0	0
	0.807	0.000165289	2.06612e-05	0.666667	0	0	0	0	0
	0.808	0.000206612	0	0.666667	0	0	0	0	0
	0.809	6.19835e-05	0	0.666667	0	0	0	0	0
	0.81	0.000227273	0	0.666667	0	0	0	0	0
	0.811	0.000165289	0	0.666667	0	0	0	0	0
	0.812	8.26446e-05	0	0.666667	0	0	0	0	0
	0.813	0.000123967	0	0.666667	0	0	0	0	0
	0.814	0.000103306	0	0.666667	0	0	0	0	0
	0.815	8.26446e-05	0	0.666667	0	0	0	0	0
	0.816	4.13223e-05	0	0.666667	0	0	0	0	0
	0.817	8.26446e-05	2.06612e-05	0.666667	0	0	0	0	0
	0.818	0.000123967	2.06612e-05	0.666667	0	0	0	0	0
	0.819	0.000123967	0	0.583333	0	0	0	0	0
	0.82	4.13223e-05	0	0.583333	0	0	0	0	0
	0.821	6.19835e-05	0	0.583333	0	0	0	0	0
	0.822	0	0	0.636364	0	0	0	0	0
	0.823	6.19835e-05	0	0.636364	0	0	0	0	0
	0.824	0.000123967	0	0.636364	0	0	0	0	0
	0.825	2.06612e-05	2.06612e-05	0.636364	0	0	0	0	0
	0.826	0	2.06612e-05	0.636364	0	0	0	0	0
	0.827	6.19835e-05	0	0.636364	0	0	0	0	0
	0.828	4.13223e-05	0	0.7	0	0	0	0	0
	0.829	0	0	0.7	0	0	0	0	0
	0.83	4.13223e-05	0	0.7	0	0	0	0	0
	0.831	0	0	0.7	0	0	0	0	0
	0.832	4.13223e-05	0	0.7	0	0	0	0	0
	0.833	0	2.06612e-05	0.7	0	0	0	0	0
	0.834	8.26446e-05	0	0.7	0	0	0	0	0
	0.835	8.26446e-05	0	0.7	0	0	0	0	0
	0.836	4.13223e-05	0	0.875	0	0	0	0	0
	0.837	2.06612e-05	0	0.875	0	0	0	0	0
	0.838	0	0	0.875	0	0	0	0	0
	0.839	0.000123967	0	0.875	0	0	0	0	0
	0.84	0.000103306	0	0.875	0	0	0	0	0
	0.841	6.19835e-05	0	0.875	0	0	0	0	0
	0.842	0	0	0.875	0	0	0	0	0
	0.843	0.000103306	0	0.875	0	0	0	0	0
	0.844	4.13223e-05	0	0.875	0	0	0	0	0
	0.845	0.000144628	0	0.875	0	0	0	0	0
	0.846	0.000103306	0	0.875	0	0	0	0	0
	0.847	8.26446e-05	2.06612e-05	0.875	0	0	0	0	0
	0.848	0.000144628	0	0.75	0	0	0	0	0
	0.849	4.13223e-05	0	0.75	0	0	0	0	0
	0.85	6.19835e-05	0	0.75	0	0	0	0	0
	0.851	6.19835e-05	0	0.75	0	0	0	0	0
	0.852	0	0	0.75	0	0	0	0	0
	0.853	8.26446e-05	0	0.75	0	0	0	0	0
	0.854	0.000123967	0	0.75	0	0	0	0	0
	0.855	0	0	0.75	0	0	0	0	0
	0.856	0.000123967	2.06612e-05	0.75	0	0	0	0	0
	0.857	8.26446e-05	0	0.75	0	0	0	0	0
	0.858	6.19835e-05	0	0.75	0	0	0	0	0
	0.859	2.06612e-05	0	0.75	0	0	0	0	0
	0.86	8.26446e-05	0	0.75	0	0	0	0	0
	0.861	4.13223e-05	0	0.75	0	0	0	0	0
	0.862	0.000103306	0	0.75	0	0	0	0	0
	0.863	6.19835e-05	0	0.75	0	0	0	0	0
	0.864	4.13223e-05	0	0.625	0	0	0	0	0
	0.865	6.19835e-05	0	0.625	0	0	0	0	0
	0.866	0.000144628	0	0.625	0	0	0	0	0
	0.867	0.000103306	0	0.625	0	0	0	0	0
	0.868	2.06612e-05	0	0.625	0	0	0	0	0
	0.869	8.26446e-05	0	0.625	0	0	0	0	0
	0.87	6.19835e-05	0	0.625	0	0	0	0	0
	0.871	0.000103306	0	0.625	0	0	0	0	0
	0.872	0.000144628	0	0.714286	0	0	0	0	0
	0.873	8.26446e-05	0	0.714286	0	0	0	0	0
	0.874	2.06612e-05	0	0.571429	0	0	0	0	0
	0.875	0.000103306	0	0.571429	0	0	0	0	0
	0.876	0.000123967	0	0.571429	0	0	0	0	0
	0.877	0.000247934	0	0.571429	0	0	0	0	0
	0.878	0.000123967	0	0.571429	0	0	0	0	0
	0.879	0.000144628	0	0.571429	0	0	0	0	0
	0.88	0.000247934	0	0.571429	0	0	0	0	0
	0.881	0.000165289	0	0.428571	0	0	0	0	0
	0.882	0.000247934	0	0.428571	0	0	0	0	0
	0.883	0.000103306	0	0.428571	0	0	0	0	0
	0.884	0.000206612	0	0.428571	0	0	0	0	0
	0.885	0.000268595	0	0.428571	0	0	0	0	0
	0.886	0.000330579	0	0.428571	0	0	0	0	0
	0.887	0.000268595	0	0.285714	0	0	0	0	0
	0.888	8.26446e-05	0	0.285714	0	0	0	0	0
	0.889	0.000289256	0	0.285714	0	0	0	0	0
	0.89	0.000247934	0	0.285714	0	0	0	0	0
	0.891	0.000247934	0	0.285714	0	0	0	0	0
	0.892	0.00018595	0	0.285714	0	0	0	0	0
	0.893	0.000206612	0	0.285714	0	0	0	0	0
	0.894	0.000247934	0	0.285714	0	0	0	0	0
	0.895	0.000371901	2.06612e-05	0.285714	0	0	0	0	0
	0.896	0.00018595	0	0.142857	0	0	0	0	0
	0.897	0.000289256	0	0.142857	0	0	0	0	0
	0.898	0.000371901	0	0.142857	0	0	0	0	0
	0.899	0.000247934	0	0.142857	0	0	0	0	0
	0.9	0.00018595	0	0.142857	0	0	0	0	0
	0.901	0.00018595	0	0.142857	0	0	0	0	0
	0.902	0.000165289	0	0.142857	0	0	0	0	0
	0.903	0.000289256	0	0.142857	0	0	0	0	0
	0.904	0.000247934	0	0.166667	0	0	0	0	0
	0.905	0.000413223	2.06612e-05	0.166667	0	0	0	0	0
	0.906	0.000268595	0	0.2	0	0	0	0	0
	0.907	0.00018595	0	0.2	0	0	0	0	0
	0.908	0.00035124	0	0.2	0	0	0	0	0
	0.909	0.000227273	0	0.2	0	0	0	0	0
	0.91	0.000165289	0	0.2	0	0	0	0	0
	0.911	0.000165289	0	0.2	0	0	0	0	0
	0.912	0.000289256	0	0.2	0	0	0	0	0
	0.913	0.000165289	0	0.2	0	0	0	0	0
	0.914	0.000123967	2.06612e-05	0.2	0	0	0	0	0
	0.915	0.000165289	0	0.2	0	0	0	0	0
	0.916	0.000247934	0	0.2	0	0	0	0	0
	0.917	0.00035124	0	0.2	0	0	0	0	0
	0.918	0.000268595	0	0.2	0	0	0	0	0
	0.919	0.000206612	0	0.2	0	0	0	0	0
	0.92	0.000227273	0	0.2	0	0	0	0	0
	0.921	0.000103306	0	0.2	0	0	0	0	0
	0.922	0.00018595	0	0.2	0	0	0	0	0
	0.923	8.26446e-05	0	0.2	0	0	0	0	0
	0.924	0.000123967	0	0.2	0	0	0	0	0
	0.925	0.000123967	0	0.333333	0	0	0	0	0
	0.926	0.000103306	0	0.333333	0	0	0	0	0
	0.927	8.26446e-05	0	0.333333	0	0	0	0	0
	0.928	4.13223e-05	0	0.333333	0	0	0	0	0
	0.929	4.13223e-05	0	0.333333	0	0	0	0	0
	0.93	4.13223e-05	0	0.333333	0	0	0	0	0
	0.931	2.06612e-05	0	0.333333	0	0	0	0	0
	0.932	4.13223e-05	0	0.333333	0	0	0	0	0
	0.933	2.06612e-05	0	0.5	0	0	0	0	0
	0.934	0	0	1	0	0	0	0	0
	0.935	0	0	1	0	0	0	0	0
	0.936	0	0	1	0	0	0	0	0
	0.937	0	2.06612e-05	1	0	0	0	0	0
	0.938	0	0	1	0	0	0	0	0
	0.939	0	0	1	0	0	0	0	0
	0.94	0	0	1	0	0	0	0	0
	0.941	0	0	1	0	0	0	0	0
	0.942	0	0	1	0	0	0	0	0
	0.943	0	0	1	0	0	0	0	0
	0.944	0	0	1	0	0	0	0	0
	0.945	0	0	1	0	0	0	0	0
	0.946	0	0	1	0	0	0	0	0
	0.947	0	0	1	0	0	0	0	0
	0.948	0	0	1	0	0	0	0	0
	0.949	0	0	1	0	0	0	0	0
	0.95	0	0	1	0	0	0	0	0
	0.951	0	0	1	0	0	0	0	0
	0.952	0	0	1	0	0	0	0	0
	0.953	0	0	1	0	0	0	0	0
	0.954	0	0	1	0	0	0	0	0
	0.955	0	0	1	0	0	0	0	0
	0.956	0	0	1	0	0	0	0	0
	0.957	0	0	1	0	0	0	0	0
	0.958	0	0	1	0	0	0	0	0
	0.959	0	0	1	0	0	0	0	0
	0.96	4.13223e-05	0	1	0	0	0	0	0
	0.961	0	0	0	0	0	0	0	0
	0.962	0	0	0	0	0	0	0	0
	0.963	2.06612e-05	0	0	0	0	0	0	0
	0.964	0	0	0	0	0	0	0	0
	0.965	2.06612e-05	0	0	0	0	0	0	0
	0.966	2.06612e-05	0	0	0	0	0	0	0
	0.967	8.26446e-05	0	0	0	0	0	0	0
	0.968	4.13223e-05	0	0	0	0	0	0	0
	0.969	0.000123967	0	0	0	0	0	0	0
	0.97	4.13223e-05	0	0	0	0	0	0	0
	0.971	0.000103306	0	0	0	0	0	0	0
	0.972	0.00018595	0	0	0	0	0	0	0
	0.973	0.000227273	0	0	0	0	0	0	0
	0.974	0.00018595	0	0	0	0	0	0	0
	0.975	0.000206612	0	0	0	0	0	0	0
	0.976	0.00018595	0	0	0	0	0	0	0
	0.977	8.26446e-05	0	0	0	0	0	0	0
	0.978	0.000103306	0	0	0	0	0	0	0
	0.979	6.19835e-05	0	0	0	0	0	0	0
	0.98	8.26446e-05	0	0	0	0	0	0	0
	0.981	8.26446e-05	0	0	0	0	0	0	0
	0.982	6.19835e-05	0	0	0	0	0	0	0
	0.983	2.06612e-05	0	0	0	0	0	0	0
	0.984	4.13223e-05	0	0	0	0	0	0	0
	0.985	0	0	0	0	0	0	0	0
	0.986	0	0	0	0	0	0	0	0
	0.987	2.06612e-05	0	0	0	0	0	0	0
	0.988	0	0	0	0	0	0	0	0
	0.989	0	0	0	0	0	0	0	0
	0.99	2.06612e-05	0	0	0	0	0	0	0
	0.991	0	0	0	0	0	0	0	0
	0.992	0	0	0	0	0	0	0	0
	0.993	0	0	0	0	0	0	0	0
	0.994	0	0	0	0	0	0	0	0
	0.995	0	0	0	0	0	0	0	0
	0.996	0	0	0	0	0	0	0	0
	0.997	0	0	0	0	0	0	0	0
	0.998	0	0	0	0	0	0	0	0
	0.999	0	0	0	0	0	0	0	0
	1	0	0	0	0	0	0	0	0


#	yrange	sparsity	# links	zeta	support at cross	fraction FP	support at cross2	fraction FP2
	0	0	0	0.684349	0.937	0.01	0.937	0.01
	0.03	0	0	0.684349	0.937	0.01	0.937	0.01
