#	Frequencies and overlap
#	bins	MYC	shuffle	overlap_MYC	overlap_shuffle	SIGN_MYC	SIGNshuffle	SIGNoverlap_MYC	SIGNoverlap_shuffle
	0	0	4.13223e-05	1	1	0.440248	0.423988	0.576471	0
	0.001	0	4.13223e-05	1	0.995868	0	2.06612e-05	0.576471	0
	0.002	0	6.19835e-05	1	0.991736	2.06612e-05	8.26446e-05	0.576471	0
	0.003	2.06612e-05	4.13223e-05	1	0.987603	0.000103306	8.26446e-05	0.576471	0
	0.004	6.19835e-05	0.000144628	0.997934	0.983471	0.000289256	0.000123967	0.576471	0
	0.005	0.00035124	0.000165289	0.995868	0.975207	0.000309917	0.000330579	0.576471	0
	0.006	0.00018595	0.000206612	0.995868	0.964876	0.000330579	0.000330579	0.576471	0
	0.007	0.000454545	0.000227273	0.995868	0.946281	0.000330579	0.000227273	0.576471	0
	0.008	0.000454545	0.000289256	0.995868	0.931818	0.000516529	0.00035124	0.576471	0
	0.009	0.000247934	0.000289256	0.993802	0.913223	0.000227273	0.000309917	0.576471	0
	0.01	0.000413223	0.000247934	0.993802	0.900826	0.000268595	0.000475207	0.576471	0
	0.011	0.000433884	0.000413223	0.993802	0.892562	0.000309917	0.00053719	0.578171	0
	0.012	0.000433884	0.000392562	0.993802	0.865702	0.00035124	0.000475207	0.578171	0
	0.013	0.000392562	0.00053719	0.993802	0.842975	0.00035124	0.000413223	0.579882	0
	0.014	0.000578512	0.000330579	0.989669	0.820248	0.000433884	0.00035124	0.579882	0
	0.015	0.000371901	0.000516529	0.989669	0.807851	0.000392562	0.000309917	0.579882	0
	0.016	0.00035124	0.00072314	0.987603	0.795455	0.000433884	0.000371901	0.581602	0
	0.017	0.00035124	0.000454545	0.987603	0.77686	0.000578512	0.000516529	0.581602	0
	0.018	0.000330579	0.000454545	0.987603	0.766529	0.00053719	0.000371901	0.581602	0
	0.019	0.000227273	0.000371901	0.989648	0.758264	0.000661157	0.000516529	0.583333	0
	0.02	0.000392562	0.000413223	0.989648	0.747934	0.000702479	0.000599174	0.583333	0
	0.021	0.000599174	0.00053719	0.991701	0.731405	0.000743802	0.00072314	0.583333	0
	0.022	0.000640496	0.000516529	0.989627	0.714876	0.00053719	0.000516529	0.583333	0
	0.023	0.000661157	0.000599174	0.987552	0.700413	0.0010124	0.000599174	0.583333	0
	0.024	0.000619835	0.000247934	0.987552	0.688017	0.00072314	0.000702479	0.583333	0
	0.025	0.000764463	0.000475207	0.983402	0.679752	0.000785124	0.000413223	0.585075	0
	0.026	0.000661157	0.000599174	0.979253	0.669421	0.000826446	0.000599174	0.588589	0
	0.027	0.00088843	0.000516529	0.979253	0.659091	0.000826446	0.000557851	0.592145	0
	0.028	0.000640496	0.000475207	0.979253	0.652893	0.000909091	0.000702479	0.589666	0
	0.029	0.000929752	0.000578512	0.979253	0.642562	0.00072314	0.000619835	0.589666	0
	0.03	0.000743802	0.00072314	0.977178	0.626033	0.000743802	0.000495868	0.589666	0
	0.031	0.000743802	0.000516529	0.977131	0.613636	0.000702479	0.000764463	0.589666	0
	0.032	0.000764463	0.000599174	0.977131	0.60124	0.000599174	0.000495868	0.591463	0
	0.033	0.000702479	0.000599174	0.975052	0.586777	0.00053719	0.000847107	0.591463	0
	0.034	0.000950413	0.000599174	0.972973	0.578512	0.000475207	0.000640496	0.593272	0
	0.035	0.000991736	0.000702479	0.972973	0.570248	0.000516529	0.000950413	0.595092	0
	0.036	0.00107438	0.000785124	0.970894	0.555785	0.000599174	0.000847107	0.596923	0
	0.037	0.00088843	0.000557851	0.968815	0.530992	0.000661157	0.000681818	0.598765	0
	0.038	0.00115702	0.000847107	0.968815	0.520661	0.000640496	0.000805785	0.602484	0
	0.039	0.0010124	0.000764463	0.970772	0.510331	0.000495868	0.00072314	0.602484	0
	0.04	0.00121901	0.000867769	0.970772	0.497934	0.000557851	0.000847107	0.602484	0
	0.041	0.00121901	0.000681818	0.966597	0.487603	0.00053719	0.000867769	0.602484	0
	0.042	0.000805785	0.00053719	0.966597	0.471074	0.000392562	0.000909091	0.604361	0
	0.043	0.00115702	0.00072314	0.966597	0.466942	0.000433884	0.000764463	0.604361	0
	0.044	0.00119835	0.000743802	0.966597	0.454545	0.000413223	0.000909091	0.60625	0
	0.045	0.00103306	0.000909091	0.968619	0.450413	0.000475207	0.00107438	0.60625	0
	0.046	0.00126033	0.000867769	0.966527	0.438017	0.000578512	0.000805785	0.60815	0
	0.047	0.000971074	0.000495868	0.966457	0.427686	0.000599174	0.000785124	0.60815	0
	0.048	0.000929752	0.000681818	0.966457	0.423554	0.000640496	0.000950413	0.60815	0
	0.049	0.00121901	0.000785124	0.968487	0.415289	0.000764463	0.00109504	0.60815	0
	0.05	0.000929752	0.000702479	0.970526	0.402893	0.00107438	0.000764463	0.60815	0
	0.051	0.000991736	0.00088843	0.970526	0.390496	0.000661157	0.000826446	0.610063	0
	0.052	0.0010124	0.000950413	0.970526	0.373967	0.000743802	0.000971074	0.611987	0
	0.053	0.000950413	0.000847107	0.970526	0.365702	0.000681818	0.000991736	0.608833	0
	0.054	0.000867769	0.00117769	0.970464	0.353306	0.00072314	0.000991736	0.608833	0
	0.055	0.0010124	0.000764463	0.970464	0.336777	0.00088843	0.0010124	0.608833	0
	0.056	0.00072314	0.000661157	0.972516	0.32438	0.000867769	0.0010124	0.608833	0
	0.057	0.000785124	0.000702479	0.972516	0.31405	0.000516529	0.00109504	0.608833	0
	0.058	0.000950413	0.00072314	0.974576	0.309917	0.000495868	0.00088843	0.610759	0
	0.059	0.000743802	0.0013843	0.974576	0.297521	0.000578512	0.00109504	0.610759	0
	0.06	0.000495868	0.000950413	0.974576	0.289256	0.000681818	0.0011157	0.612698	0
	0.061	0.000681818	0.000867769	0.974576	0.272727	0.000681818	0.0011157	0.612698	0
	0.062	0.000599174	0.000950413	0.976645	0.264463	0.000702479	0.00103306	0.612698	0
	0.063	0.00053719	0.000929752	0.976596	0.264463	0.000764463	0.000950413	0.612698	0
	0.064	0.00053719	0.000826446	0.97234	0.262397	0.000702479	0.00115702	0.612698	0
	0.065	0.000516529	0.00072314	0.972281	0.256198	0.000826446	0.00117769	0.611465	0
	0.066	0.000516529	0.000950413	0.970149	0.252066	0.000681818	0.00107438	0.611465	0
	0.067	0.000433884	0.000991736	0.972222	0.25	0.000785124	0.00103306	0.613419	0
	0.068	0.000392562	0.00088843	0.972163	0.243802	0.000826446	0.00103306	0.614148	0
	0.069	0.000371901	0.000743802	0.972163	0.235537	0.000681818	0.00107438	0.614148	0
	0.07	0.000454545	0.000991736	0.972163	0.229339	0.000599174	0.00136364	0.616129	0
	0.071	0.000413223	0.000847107	0.970021	0.22314	0.00072314	0.00109504	0.612903	0
	0.072	0.000475207	0.00126033	0.970021	0.216942	0.000950413	0.000909091	0.612903	0
	0.073	0.000371901	0.000599174	0.970021	0.208678	0.000619835	0.00117769	0.614887	0
	0.074	0.000454545	0.00128099	0.970021	0.204545	0.00072314	0.00113636	0.614887	0
	0.075	0.000495868	0.00115702	0.972103	0.198347	0.000991736	0.00128099	0.613636	0
	0.076	0.000495868	0.000971074	0.972103	0.188017	0.00053719	0.00109504	0.613636	0
	0.077	0.000640496	0.00115702	0.974194	0.188017	0.000619835	0.00113636	0.613636	0
	0.078	0.00053719	0.00107438	0.976293	0.179752	0.000867769	0.00109504	0.613636	0
	0.079	0.000413223	0.00109504	0.976293	0.177686	0.000599174	0.00088843	0.613636	0
	0.08	0.000392562	0.000805785	0.974138	0.17562	0.000619835	0.00126033	0.613636	0
	0.081	0.000413223	0.00109504	0.974138	0.173554	0.000475207	0.00132231	0.613636	0
	0.082	0.000578512	0.000826446	0.974138	0.169421	0.000578512	0.00103306	0.613636	0
	0.083	0.000619835	0.0010124	0.974138	0.161157	0.00053719	0.00109504	0.613636	0
	0.084	0.000578512	0.00119835	0.974138	0.161157	0.000661157	0.00132231	0.615635	0
	0.085	0.000599174	0.000909091	0.974138	0.150826	0.000661157	0.00115702	0.612378	0
	0.086	0.000495868	0.0011157	0.974138	0.146694	0.000661157	0.000971074	0.612378	0
	0.087	0.000495868	0.000702479	0.976242	0.136364	0.000785124	0.00126033	0.609121	0
	0.088	0.000661157	0.00144628	0.978355	0.134298	0.000785124	0.00103306	0.611111	0
	0.089	0.000640496	0.00117769	0.978355	0.126033	0.000681818	0.00113636	0.611111	0
	0.09	0.000495868	0.00134298	0.978355	0.121901	0.000764463	0.00121901	0.613115	0
	0.091	0.000619835	0.00119835	0.978355	0.11157	0.000640496	0.00105372	0.617162	0
	0.092	0.000578512	0.00107438	0.980477	0.11157	0.000702479	0.00128099	0.617162	0
	0.093	0.000392562	0.0017562	0.976139	0.109504	0.00103306	0.0011157	0.617162	0
	0.094	0.00053719	0.00121901	0.976139	0.0991736	0.000867769	0.00146694	0.613861	0
	0.095	0.000475207	0.00117769	0.976139	0.0950413	0.00053719	0.00140496	0.61794	0
	0.096	0.000433884	0.00126033	0.978261	0.0929752	0.000950413	0.00117769	0.61794	0
	0.097	0.000433884	0.00132231	0.978261	0.0929752	0.00109504	0.00109504	0.61794	0
	0.098	0.000557851	0.00107438	0.976087	0.0929752	0.00105372	0.00117769	0.613333	0
	0.099	0.00053719	0.00072314	0.976087	0.0929752	0.000805785	0.00134298	0.613333	0
	0.1	0.000413223	0.0014876	0.978214	0.088843	0.000826446	0.00103306	0.61745	0
	0.101	0.000578512	0.00123967	0.978214	0.0847107	0.000929752	0.00121901	0.610738	0
	0.102	0.000454545	0.00134298	0.976035	0.0847107	0.000867769	0.00132231	0.610738	0
	0.103	0.00053719	0.00119835	0.971678	0.0826446	0.0010124	0.00128099	0.610738	0
	0.104	0.000413223	0.00121901	0.971678	0.0826446	0.00109504	0.00134298	0.609428	0
	0.105	0.00035124	0.0011157	0.971678	0.0826446	0.00107438	0.00115702	0.609428	0
	0.106	0.000454545	0.00140496	0.96732	0.0826446	0.000950413	0.00105372	0.609428	0
	0.107	0.00053719	0.00146694	0.96732	0.0743802	0.000971074	0.000971074	0.609428	0
	0.108	0.000392562	0.00113636	0.965142	0.0743802	0.000909091	0.00119835	0.611486	0
	0.109	0.000640496	0.00117769	0.965142	0.0743802	0.00072314	0.00140496	0.613559	0
	0.11	0.000599174	0.00121901	0.965066	0.0743802	0.000991736	0.00154959	0.617747	0
	0.111	0.00053719	0.00126033	0.969298	0.0702479	0.000929752	0.00142562	0.617747	0
	0.112	0.000764463	0.00152893	0.967105	0.0661157	0.0010124	0.0010124	0.619863	0
	0.113	0.000640496	0.00113636	0.967033	0.0640496	0.0011157	0.00107438	0.621993	0
	0.114	0.000640496	0.00109504	0.962637	0.0640496	0.000805785	0.00117769	0.621993	0
	0.115	0.000681818	0.00157025	0.962637	0.0619835	0.00105372	0.00128099	0.621993	0
	0.116	0.000640496	0.00103306	0.962637	0.0578512	0.00107438	0.00132231	0.624138	0
	0.117	0.000681818	0.00115702	0.962637	0.0557851	0.000929752	0.000971074	0.628472	0
	0.118	0.000867769	0.00134298	0.96044	0.053719	0.000929752	0.0011157	0.625	0
	0.119	0.000619835	0.00136364	0.96044	0.0516529	0.000950413	0.00132231	0.625	0
	0.12	0.000578512	0.00109504	0.96044	0.0516529	0.00109504	0.00115702	0.625	0
	0.121	0.000805785	0.00128099	0.96044	0.0516529	0.000661157	0.00144628	0.625	0
	0.122	0.00113636	0.00126033	0.96044	0.0516529	0.00072314	0.00136364	0.625874	0
	0.123	0.000785124	0.00128099	0.96044	0.0516529	0.000950413	0.00144628	0.625874	0
	0.124	0.000826446	0.00132231	0.96044	0.0475207	0.000702479	0.00115702	0.62807	0
	0.125	0.000702479	0.00152893	0.960352	0.0475207	0.000764463	0.00144628	0.62807	0
	0.126	0.000805785	0.00140496	0.95815	0.0454545	0.00105372	0.00121901	0.621053	0
	0.127	0.000971074	0.00136364	0.955947	0.0454545	0.00109504	0.00140496	0.625442	0
	0.128	0.000909091	0.00130165	0.955947	0.0433884	0.000826446	0.00126033	0.625442	0
	0.129	0.000909091	0.00136364	0.955947	0.0433884	0.000661157	0.00126033	0.625442	0
	0.13	0.000826446	0.00167355	0.953744	0.0413223	0.000619835	0.0010124	0.62766	0
	0.131	0.000867769	0.00121901	0.953744	0.0413223	0.000929752	0.000950413	0.62766	0
	0.132	0.00105372	0.00150826	0.953744	0.0392562	0.00072314	0.00152893	0.62766	0
	0.133	0.000743802	0.00126033	0.953744	0.0392562	0.000578512	0.0013843	0.629893	0
	0.134	0.000640496	0.0013843	0.953744	0.0392562	0.000433884	0.00126033	0.634409	0
	0.135	0.000950413	0.00103306	0.951542	0.0392562	0.000640496	0.00130165	0.636691	0
	0.136	0.00109504	0.00144628	0.951435	0.0392562	0.000516529	0.00119835	0.635379	0
	0.137	0.000950413	0.00142562	0.951435	0.0392562	0.000743802	0.00103306	0.635379	0
	0.138	0.000640496	0.000971074	0.95354	0.0392562	0.000743802	0.00136364	0.635379	0
	0.139	0.000805785	0.00142562	0.95354	0.0392562	0.000454545	0.00134298	0.635379	0
	0.14	0.0011157	0.0013843	0.951327	0.0392562	0.000661157	0.00150826	0.635379	0
	0.141	0.000805785	0.00113636	0.953437	0.0392562	0.000661157	0.00105372	0.630435	0
	0.142	0.000805785	0.00123967	0.953437	0.0392562	0.000661157	0.000950413	0.626812	0
	0.143	0.000764463	0.00128099	0.953437	0.0392562	0.000578512	0.0013843	0.626812	0
	0.144	0.00088843	0.00142562	0.953437	0.0392562	0.000702479	0.00113636	0.629091	0
	0.145	0.000702479	0.0014876	0.95122	0.0392562	0.000599174	0.00154959	0.629091	0
	0.146	0.000599174	0.00152893	0.949002	0.0392562	0.000516529	0.00132231	0.629091	0
	0.147	0.000847107	0.0013843	0.949002	0.0392562	0.00053719	0.00121901	0.629091	0
	0.148	0.000661157	0.00109504	0.944568	0.0392562	0.000640496	0.00140496	0.631387	0
	0.149	0.000847107	0.0017562	0.946667	0.0392562	0.000619835	0.00136364	0.6337	0
	0.15	0.000743802	0.00140496	0.944321	0.0392562	0.00053719	0.00123967	0.6337	0
	0.151	0.000702479	0.0011157	0.946429	0.0392562	0.000681818	0.00136364	0.638376	0
	0.152	0.000557851	0.00150826	0.941964	0.0392562	0.000640496	0.00126033	0.638376	0
	0.153	0.000640496	0.00126033	0.941834	0.0392562	0.000619835	0.000991736	0.640741	0
	0.154	0.000764463	0.00126033	0.939597	0.0392562	0.000578512	0.00128099	0.637037	0
	0.155	0.000929752	0.00142562	0.941704	0.0392562	0.000516529	0.00146694	0.639405	0
	0.156	0.00072314	0.00113636	0.941573	0.0392562	0.000661157	0.00128099	0.63806	0
	0.157	0.000661157	0.00134298	0.943694	0.0392562	0.000475207	0.00126033	0.63806	0
	0.158	0.00088843	0.0013843	0.941441	0.0371901	0.000578512	0.00128099	0.63806	0
	0.159	0.000785124	0.00126033	0.941441	0.0371901	0.000681818	0.00136364	0.634328	0
	0.16	0.000764463	0.0014876	0.939189	0.035124	0.000681818	0.00142562	0.634328	0
	0.161	0.000785124	0.00132231	0.932432	0.035124	0.000640496	0.00140496	0.639098	0
	0.162	0.000971074	0.00130165	0.936652	0.035124	0.000578512	0.00140496	0.639098	0
	0.163	0.0010124	0.00144628	0.934389	0.0330579	0.000702479	0.00128099	0.639098	0
	0.164	0.000805785	0.00115702	0.934389	0.0330579	0.000599174	0.00159091	0.646388	0
	0.165	0.000702479	0.00128099	0.936508	0.0330579	0.000785124	0.0014876	0.642586	0
	0.166	0.000867769	0.00154959	0.936508	0.0309917	0.000764463	0.00136364	0.645038	0
	0.167	0.00088843	0.00163223	0.93424	0.0309917	0.000764463	0.00130165	0.641221	0
	0.168	0.00115702	0.00121901	0.93424	0.0309917	0.000743802	0.00136364	0.646154	0
	0.169	0.000929752	0.00154959	0.93424	0.0309917	0.000702479	0.00157025	0.648649	0
	0.17	0.00109504	0.00159091	0.93424	0.0309917	0.000743802	0.00142562	0.651163	0
	0.171	0.00115702	0.00154959	0.931973	0.0309917	0.000661157	0.0013843	0.651163	0
	0.172	0.000929752	0.00121901	0.934091	0.0309917	0.000392562	0.00113636	0.651163	0
	0.173	0.00113636	0.0013843	0.931818	0.0309917	0.000847107	0.00119835	0.651163	0
	0.174	0.00088843	0.0018595	0.933941	0.0289256	0.000764463	0.00123967	0.647287	0
	0.175	0.00113636	0.00132231	0.93379	0.0289256	0.000950413	0.00134298	0.647287	0
	0.176	0.00132231	0.00126033	0.93379	0.0289256	0.00088843	0.00130165	0.647287	0
	0.177	0.00105372	0.00121901	0.93578	0.0289256	0.000640496	0.00126033	0.647287	0
	0.178	0.000991736	0.00140496	0.935632	0.0289256	0.000764463	0.00146694	0.647287	0
	0.179	0.00134298	0.000971074	0.935632	0.0289256	0.000847107	0.00113636	0.647287	0
	0.18	0.000929752	0.00140496	0.937788	0.0289256	0.00072314	0.00173554	0.649805	0
	0.181	0.000847107	0.00126033	0.937788	0.0289256	0.000557851	0.00126033	0.652344	0
	0.182	0.00117769	0.00167355	0.935484	0.0289256	0.000702479	0.00144628	0.652344	0
	0.183	0.00109504	0.00117769	0.935484	0.0268595	0.000599174	0.00121901	0.652344	0
	0.184	0.00117769	0.00157025	0.935484	0.0268595	0.000640496	0.0013843	0.652344	0
	0.185	0.000971074	0.00136364	0.935484	0.0268595	0.000640496	0.00179752	0.644531	0
	0.186	0.00130165	0.00150826	0.935484	0.0268595	0.000867769	0.00146694	0.644531	0
	0.187	0.00121901	0.00154959	0.935484	0.0268595	0.000805785	0.00159091	0.644531	0
	0.188	0.00117769	0.00152893	0.937644	0.0268595	0.00105372	0.00132231	0.647059	0
	0.189	0.000971074	0.00126033	0.935335	0.0268595	0.000640496	0.000929752	0.652174	0
	0.19	0.00113636	0.00194215	0.933025	0.0268595	0.000578512	0.00121901	0.648221	0
	0.191	0.0010124	0.00117769	0.933025	0.0247934	0.000743802	0.00105372	0.648221	0
	0.192	0.00123967	0.0013843	0.933025	0.0247934	0.000640496	0.00119835	0.648221	0
	0.193	0.000929752	0.00154959	0.933025	0.0227273	0.000619835	0.00161157	0.648221	0
	0.194	0.00142562	0.000991736	0.93287	0.0227273	0.000578512	0.00121901	0.648221	0
	0.195	0.000702479	0.00132231	0.93287	0.0227273	0.000681818	0.00123967	0.650794	0
	0.196	0.00103306	0.00134298	0.93287	0.0227273	0.000867769	0.00121901	0.650794	0
	0.197	0.00126033	0.00130165	0.93287	0.0227273	0.000661157	0.00142562	0.646825	0
	0.198	0.00107438	0.00119835	0.930556	0.0227273	0.00072314	0.00130165	0.646825	0
	0.199	0.000826446	0.00126033	0.932558	0.0227273	0.000599174	0.00128099	0.649402	0
	0.2	0.000929752	0.00126033	0.932558	0.0227273	0.000743802	0.00121901	0.649402	0
	0.201	0.00107438	0.00115702	0.932558	0.0227273	0.000619835	0.000950413	0.641434	0
	0.202	0.000909091	0.00146694	0.934732	0.0227273	0.000661157	0.0011157	0.644	0
	0.203	0.000743802	0.00132231	0.934732	0.0227273	0.000785124	0.00134298	0.644	0
	0.204	0.000847107	0.00130165	0.934732	0.0227273	0.000640496	0.000971074	0.646586	0
	0.205	0.000826446	0.0013843	0.932401	0.0227273	0.000516529	0.00113636	0.646586	0
	0.206	0.000640496	0.00126033	0.932401	0.0227273	0.000743802	0.00121901	0.647773	0
	0.207	0.000867769	0.00132231	0.932401	0.0227273	0.000475207	0.000991736	0.647773	0
	0.208	0.000764463	0.00144628	0.932401	0.0227273	0.000640496	0.00126033	0.650407	0
	0.209	0.000764463	0.00136364	0.936768	0.0227273	0.000661157	0.00119835	0.653061	0
	0.21	0.000805785	0.00159091	0.936768	0.0227273	0.000661157	0.0013843	0.654321	0
	0.211	0.00072314	0.00130165	0.938824	0.0227273	0.000599174	0.00119835	0.654321	0
	0.212	0.000578512	0.00117769	0.938824	0.0227273	0.000640496	0.00165289	0.654321	0
	0.213	0.000826446	0.00132231	0.936471	0.0227273	0.000619835	0.00144628	0.659751	0
	0.214	0.000599174	0.00115702	0.938679	0.0227273	0.000764463	0.00113636	0.659751	0
	0.215	0.00072314	0.00130165	0.940898	0.0227273	0.000702479	0.00140496	0.659751	0
	0.216	0.000826446	0.00169421	0.940758	0.0206612	0.000557851	0.00117769	0.659751	0
	0.217	0.000743802	0.00132231	0.942993	0.0206612	0.000413223	0.00121901	0.659751	0
	0.218	0.000454545	0.00146694	0.942993	0.0206612	0.000516529	0.00107438	0.659751	0
	0.219	0.000640496	0.00146694	0.938242	0.0206612	0.000516529	0.0010124	0.665272	0
	0.22	0.000578512	0.00134298	0.938242	0.018595	0.000475207	0.0013843	0.663866	0
	0.221	0.000661157	0.00161157	0.938242	0.018595	0.00053719	0.00140496	0.659664	0
	0.222	0.00053719	0.0014876	0.940334	0.018595	0.000454545	0.0011157	0.655462	0
	0.223	0.000557851	0.0013843	0.942584	0.0165289	0.00053719	0.00136364	0.658228	0
	0.224	0.000661157	0.00128099	0.940191	0.0165289	0.000495868	0.00117769	0.658228	0
	0.225	0.000743802	0.00142562	0.937799	0.0165289	0.000433884	0.00134298	0.658228	0
	0.226	0.000371901	0.00152893	0.940048	0.0165289	0.000433884	0.00146694	0.65678	0
	0.227	0.000599174	0.00146694	0.940048	0.0123967	0.000557851	0.00113636	0.659574	0
	0.228	0.000495868	0.00126033	0.9375	0.0123967	0.00053719	0.00121901	0.659574	0
	0.229	0.00053719	0.00150826	0.935096	0.0103306	0.000392562	0.00115702	0.659574	0
	0.23	0.000495868	0.00161157	0.939614	0.0103306	0.000413223	0.0011157	0.659574	0
	0.231	0.000578512	0.00123967	0.937198	0.0103306	0.000557851	0.00144628	0.659574	0
	0.232	0.00053719	0.00152893	0.937198	0.0103306	0.000392562	0.00146694	0.655319	0
	0.233	0.000619835	0.00115702	0.937046	0.0103306	0.000578512	0.00132231	0.655319	0
	0.234	0.000495868	0.00132231	0.937046	0.0103306	0.000475207	0.00140496	0.655319	0
	0.235	0.000599174	0.00165289	0.936893	0.0103306	0.00053719	0.00119835	0.651064	0
	0.236	0.000557851	0.00152893	0.93674	0.00826446	0.00053719	0.00105372	0.653846	0
	0.237	0.000599174	0.00132231	0.93674	0.00826446	0.000495868	0.00126033	0.653846	0
	0.238	0.000826446	0.00134298	0.939024	0.00826446	0.00072314	0.00115702	0.653846	0
	0.239	0.000909091	0.00115702	0.936585	0.00826446	0.000661157	0.000929752	0.653846	0
	0.24	0.000557851	0.00152893	0.936585	0.00826446	0.000599174	0.00115702	0.653846	0
	0.241	0.000640496	0.0018595	0.936585	0.00826446	0.000454545	0.00113636	0.656652	0
	0.242	0.00053719	0.00130165	0.936585	0.00826446	0.000599174	0.00142562	0.652361	0
	0.243	0.000764463	0.00140496	0.938875	0.00826446	0.000433884	0.00119835	0.658009	0
	0.244	0.000785124	0.00163223	0.938875	0.00826446	0.000557851	0.00134298	0.65368	0
	0.245	0.000702479	0.00198347	0.93643	0.00619835	0.00053719	0.00107438	0.65368	0
	0.246	0.000785124	0.00123967	0.933985	0.00619835	0.00088843	0.0013843	0.656522	0
	0.247	0.000475207	0.00136364	0.933985	0.00619835	0.000599174	0.00103306	0.656522	0
	0.248	0.000661157	0.00130165	0.936275	0.00413223	0.00053719	0.00144628	0.656522	0
	0.249	0.000661157	0.00146694	0.933824	0.00413223	0.000557851	0.000867769	0.659389	0
	0.25	0.000950413	0.00173554	0.933824	0.00413223	0.000640496	0.00130165	0.659389	0
	0.251	0.000971074	0.00161157	0.933661	0.00413223	0.000640496	0.00123967	0.655022	0
	0.252	0.000991736	0.00163223	0.928747	0.00413223	0.000578512	0.000971074	0.655022	0
	0.253	0.000805785	0.0014876	0.931034	0.00413223	0.000640496	0.0011157	0.650655	0
	0.254	0.00109504	0.00119835	0.935644	0.00413223	0.00072314	0.00107438	0.653509	0
	0.255	0.000971074	0.00128099	0.925743	0.00413223	0.00072314	0.000991736	0.653509	0
	0.256	0.000929752	0.00183884	0.920792	0.00413223	0.000681818	0.00113636	0.653509	0
	0.257	0.00105372	0.00161157	0.920792	0.00413223	0.000702479	0.000847107	0.653509	0
	0.258	0.0010124	0.00173554	0.920596	0.00413223	0.000702479	0.00128099	0.653509	0
	0.259	0.00121901	0.00142562	0.918114	0.00413223	0.000764463	0.000867769	0.653509	0
	0.26	0.000764463	0.00142562	0.918114	0.00413223	0.000743802	0.00115702	0.656388	0
	0.261	0.000847107	0.00173554	0.918114	0.00413223	0.00072314	0.000991736	0.656388	0
	0.262	0.00109504	0.00171488	0.918114	0.00413223	0.000640496	0.000950413	0.651982	0
	0.263	0.00126033	0.00188017	0.918114	0.00413223	0.00072314	0.000971074	0.651982	0
	0.264	0.00107438	0.00192149	0.918114	0.00413223	0.000847107	0.00088843	0.647577	0
	0.265	0.000867769	0.00159091	0.920398	0.00413223	0.000392562	0.000867769	0.653333	0
	0.266	0.000743802	0.00167355	0.91791	0.00413223	0.000785124	0.000929752	0.653333	0
	0.267	0.000950413	0.00181818	0.91791	0.00413223	0.000764463	0.00117769	0.65625	0
	0.268	0.000826446	0.00159091	0.91791	0.00206612	0.000619835	0.0011157	0.659193	0
	0.269	0.00113636	0.00179752	0.91791	0.00206612	0.000661157	0.000867769	0.662162	0
	0.27	0.00088843	0.00150826	0.915423	0.00206612	0.000557851	0.000929752	0.657658	0
	0.271	0.000785124	0.00130165	0.917706	0.00206612	0.00072314	0.000847107	0.657658	0
	0.272	0.000971074	0.0017562	0.912718	0.00206612	0.00072314	0.0010124	0.653153	0
	0.273	0.000971074	0.00165289	0.910224	0.00206612	0.000743802	0.00109504	0.648649	0
	0.274	0.00121901	0.00161157	0.910224	0.00206612	0.00088843	0.000847107	0.648649	0
	0.275	0.0011157	0.0018595	0.910224	0.00206612	0.000764463	0.0010124	0.651584	0
	0.276	0.00103306	0.00136364	0.910224	0.00206612	0.00053719	0.00119835	0.647059	0
	0.277	0.000991736	0.00157025	0.907731	0.00206612	0.000826446	0.00109504	0.647059	0
	0.278	0.0013843	0.00159091	0.9075	0.00206612	0.000681818	0.00072314	0.647059	0
	0.279	0.000971074	0.00150826	0.904762	0.00206612	0.00088843	0.000950413	0.647059	0
	0.28	0.0010124	0.00159091	0.902256	0.00206612	0.00072314	0.000909091	0.642534	0
	0.281	0.00103306	0.00167355	0.899749	0.00206612	0.000805785	0.000991736	0.642534	0
	0.282	0.00117769	0.00157025	0.899749	0.00206612	0.00072314	0.000991736	0.642534	0
	0.283	0.0010124	0.00169421	0.899749	0.00206612	0.000661157	0.0010124	0.645455	0
	0.284	0.00103306	0.00159091	0.897243	0.00206612	0.000909091	0.00088843	0.645455	0
	0.285	0.00105372	0.00163223	0.899497	0.00206612	0.000909091	0.000867769	0.640909	0
	0.286	0.00126033	0.00126033	0.899497	0.00206612	0.000661157	0.00109504	0.640909	0
	0.287	0.000826446	0.00167355	0.896985	0.00206612	0.000599174	0.000826446	0.640909	0
	0.288	0.00117769	0.00161157	0.894472	0.00206612	0.000826446	0.000847107	0.640909	0
	0.289	0.0011157	0.00146694	0.889447	0.00206612	0.00072314	0.000971074	0.646789	0
	0.29	0.0010124	0.00183884	0.886935	0.00206612	0.000909091	0.000971074	0.645161	0
	0.291	0.00132231	0.00179752	0.884422	0.00206612	0.000785124	0.00109504	0.645161	0
	0.292	0.0013843	0.00167355	0.88665	0.00206612	0.000681818	0.00088843	0.645161	0
	0.293	0.00140496	0.00169421	0.886364	0.00206612	0.000929752	0.000826446	0.654206	0
	0.294	0.00134298	0.00152893	0.886076	0.00206612	0.000971074	0.000764463	0.654206	0
	0.295	0.00121901	0.00157025	0.888325	0.00206612	0.000805785	0.000702479	0.657277	0
	0.296	0.00159091	0.00154959	0.885787	0.00206612	0.000826446	0.000805785	0.657277	0
	0.297	0.00132231	0.00159091	0.885787	0.00206612	0.000867769	0.00105372	0.660377	0
	0.298	0.00134298	0.00167355	0.888041	0.00206612	0.000805785	0.000950413	0.65566	0
	0.299	0.00105372	0.00179752	0.890306	0.00206612	0.000681818	0.000847107	0.654028	0
	0.3	0.00136364	0.00171488	0.890306	0.00206612	0.000826446	0.000826446	0.654028	0
	0.301	0.00121901	0.00157025	0.890306	0.00206612	0.000785124	0.0010124	0.657143	0
	0.302	0.00161157	0.00161157	0.890306	0.00206612	0.000743802	0.000785124	0.660287	0
	0.303	0.00134298	0.00152893	0.890026	0.00206612	0.000867769	0.000764463	0.663462	0
	0.304	0.00130165	0.00181818	0.892308	0.00206612	0.000743802	0.000619835	0.663462	0
	0.305	0.00136364	0.0017562	0.892308	0.00206612	0.000578512	0.000971074	0.663462	0
	0.306	0.00132231	0.00123967	0.896907	0.00206612	0.000619835	0.000661157	0.663462	0
	0.307	0.00126033	0.00146694	0.901554	0.00206612	0.000578512	0.000681818	0.666667	0
	0.308	0.00128099	0.00171488	0.901554	0.00206612	0.000764463	0.000950413	0.666667	0
	0.309	0.00130165	0.00167355	0.901554	0.00206612	0.000661157	0.00072314	0.661836	0
	0.31	0.00115702	0.00171488	0.903896	0.00206612	0.000619835	0.000826446	0.661836	0
	0.311	0.00126033	0.00167355	0.901299	0.00206612	0.000619835	0.000785124	0.652174	0
	0.312	0.00130165	0.00128099	0.903646	0.00206612	0.000743802	0.000929752	0.65534	0
	0.313	0.00117769	0.00154959	0.903646	0.00206612	0.00088843	0.000619835	0.65534	0
	0.314	0.000950413	0.00152893	0.905759	0.00206612	0.00053719	0.000764463	0.653659	0
	0.315	0.00159091	0.00167355	0.905759	0.00206612	0.000661157	0.000929752	0.653659	0
	0.316	0.00134298	0.00159091	0.903141	0.00206612	0.000785124	0.000599174	0.653659	0
	0.317	0.000991736	0.00171488	0.903141	0.00206612	0.000640496	0.000929752	0.656863	0
	0.318	0.00109504	0.00163223	0.903141	0.00206612	0.000640496	0.000847107	0.647059	0
	0.319	0.00123967	0.00161157	0.907895	0.00206612	0.000702479	0.000950413	0.650246	0
	0.32	0.00121901	0.00165289	0.907895	0.00206612	0.000516529	0.00072314	0.653465	0
	0.321	0.00134298	0.00152893	0.9	0.00206612	0.000764463	0.000681818	0.653465	0
	0.322	0.0011157	0.00150826	0.9	0.00206612	0.000475207	0.000805785	0.643564	0
	0.323	0.000785124	0.0017562	0.9	0.00206612	0.000557851	0.00088843	0.638614	0
	0.324	0.000867769	0.00146694	0.902375	0.00206612	0.000702479	0.000826446	0.638614	0
	0.325	0.0011157	0.00150826	0.902375	0.00206612	0.000516529	0.000743802	0.638614	0
	0.326	0.000929752	0.00167355	0.904762	0.00206612	0.000702479	0.000785124	0.641791	0
	0.327	0.00121901	0.0014876	0.904762	0.00206612	0.000557851	0.000909091	0.641791	0
	0.328	0.00109504	0.00154959	0.912	0.00206612	0.000702479	0.000867769	0.641791	0
	0.329	0.000929752	0.00142562	0.914439	0.00206612	0.000619835	0.000475207	0.645	0
	0.33	0.00121901	0.00140496	0.91689	0.00206612	0.000516529	0.000702479	0.648241	0
	0.331	0.00072314	0.00142562	0.91689	0.00206612	0.000557851	0.000847107	0.648241	0
	0.332	0.000991736	0.00146694	0.91689	0.00206612	0.000371901	0.000702479	0.651515	0
	0.333	0.000847107	0.00194215	0.914209	0.00206612	0.000578512	0.00072314	0.651515	0
	0.334	0.000743802	0.00163223	0.911528	0.00206612	0.00072314	0.000619835	0.651515	0
	0.335	0.0010124	0.00171488	0.911528	0.00206612	0.000454545	0.000826446	0.646465	0
	0.336	0.000847107	0.00134298	0.913978	0.00206612	0.000702479	0.000785124	0.646465	0
	0.337	0.000640496	0.00113636	0.913978	0.00206612	0.000764463	0.000805785	0.649746	0
	0.338	0.000681818	0.00165289	0.91129	0.00206612	0.000619835	0.000702479	0.649746	0
	0.339	0.000578512	0.00123967	0.91129	0.00206612	0.000764463	0.000971074	0.649746	0
	0.34	0.000743802	0.00130165	0.911051	0	0.00103306	0.000785124	0.653061	0
	0.341	0.000681818	0.00165289	0.911051	0	0.000826446	0.000826446	0.651282	0
	0.342	0.00072314	0.0017562	0.913514	0	0.000826446	0.000826446	0.651282	0
	0.343	0.000516529	0.00146694	0.913279	0	0.000867769	0.000619835	0.649485	0
	0.344	0.000578512	0.00163223	0.913279	0	0.000578512	0.000743802	0.65285	0
	0.345	0.000661157	0.00140496	0.915531	0	0.000702479	0.000971074	0.65625	0
	0.346	0.000495868	0.00150826	0.918033	0	0.000826446	0.000557851	0.65625	0
	0.347	0.000475207	0.00140496	0.918033	0	0.000619835	0.000516529	0.65625	0
	0.348	0.000578512	0.00109504	0.920548	0	0.000805785	0.000702479	0.65625	0
	0.349	0.000454545	0.00136364	0.917808	0	0.000847107	0.000805785	0.65625	0
	0.35	0.000516529	0.00146694	0.922865	0	0.000764463	0.000702479	0.651042	0
	0.351	0.00053719	0.00117769	0.922652	0	0.000991736	0.000743802	0.65445	0
	0.352	0.000661157	0.00157025	0.91989	0	0.000991736	0.00088843	0.652632	0
	0.353	0.000371901	0.00130165	0.925	0	0.000785124	0.000805785	0.656085	0
	0.354	0.000557851	0.00152893	0.924791	0	0.000640496	0.00053719	0.656085	0
	0.355	0.000661157	0.00132231	0.924791	0	0.000743802	0.000599174	0.650794	0
	0.356	0.000702479	0.00146694	0.924791	0	0.000826446	0.000950413	0.654255	0
	0.357	0.000619835	0.00157025	0.922006	0	0.000599174	0.000764463	0.648936	0
	0.358	0.000599174	0.0014876	0.927171	0	0.000764463	0.000681818	0.647059	0
	0.359	0.000599174	0.00123967	0.926966	0	0.000826446	0.000764463	0.647059	0
	0.36	0.000516529	0.00152893	0.926966	0	0.000661157	0.000516529	0.647059	0
	0.361	0.00072314	0.00134298	0.926966	0	0.000971074	0.000599174	0.647059	0
	0.362	0.000640496	0.000991736	0.926966	0	0.000867769	0.000681818	0.641711	0
	0.363	0.000413223	0.00140496	0.9375	0	0.000743802	0.00072314	0.641711	0
	0.364	0.000661157	0.000950413	0.940171	0	0.000805785	0.000578512	0.645161	0
	0.365	0.000640496	0.00142562	0.937322	0	0.00088843	0.000743802	0.645161	0
	0.366	0.000702479	0.00136364	0.937322	0	0.000764463	0.000578512	0.639785	0
	0.367	0.00053719	0.00105372	0.934473	0	0.00053719	0.000413223	0.634409	0
	0.368	0.000743802	0.0013843	0.934473	0	0.000516529	0.000661157	0.637838	0
	0.369	0.000661157	0.00123967	0.937143	0	0.000702479	0.000599174	0.637838	0
	0.37	0.000640496	0.00128099	0.939828	0	0.000702479	0.000681818	0.644809	0
	0.371	0.00072314	0.00165289	0.939828	0	0.000516529	0.000599174	0.644809	0
	0.372	0.00053719	0.00107438	0.936963	0	0.000702479	0.000516529	0.644809	0
	0.373	0.000495868	0.00117769	0.936963	0	0.000785124	0.000495868	0.644809	0
	0.374	0.000495868	0.00115702	0.936963	0	0.000640496	0.000702479	0.639344	0
	0.375	0.000681818	0.00117769	0.936963	0	0.000702479	0.000743802	0.639344	0
	0.376	0.000661157	0.000950413	0.936963	0	0.000702479	0.000867769	0.639344	0
	0.377	0.000640496	0.000991736	0.936963	0	0.000764463	0.000516529	0.639344	0
	0.378	0.000475207	0.0014876	0.942363	0	0.000847107	0.000619835	0.639344	0
	0.379	0.000599174	0.00134298	0.939481	0	0.00072314	0.000640496	0.642857	0
	0.38	0.000433884	0.00126033	0.939481	0	0.000619835	0.000929752	0.642857	0
	0.381	0.000619835	0.00119835	0.939481	0	0.000557851	0.000702479	0.642857	0
	0.382	0.000681818	0.00134298	0.939481	0	0.000578512	0.000619835	0.642857	0
	0.383	0.000392562	0.00161157	0.939481	0	0.00088843	0.000702479	0.642857	0
	0.384	0.000516529	0.00115702	0.936599	0	0.000640496	0.000619835	0.642857	0
	0.385	0.000578512	0.00134298	0.936599	0	0.000847107	0.000661157	0.646409	0
	0.386	0.000640496	0.00134298	0.936599	0	0.000619835	0.000599174	0.646409	0
	0.387	0.000743802	0.00115702	0.936599	0	0.000991736	0.000681818	0.646409	0
	0.388	0.000640496	0.0014876	0.933718	0	0.000702479	0.000495868	0.65	0
	0.389	0.00072314	0.00113636	0.933718	0	0.000743802	0.000578512	0.653631	0
	0.39	0.000847107	0.00109504	0.933718	0	0.00053719	0.00053719	0.657303	0
	0.391	0.000413223	0.00119835	0.930836	0	0.000619835	0.000743802	0.657303	0
	0.392	0.000578512	0.00105372	0.930836	0	0.000661157	0.000640496	0.661017	0
	0.393	0.000681818	0.0010124	0.930836	0	0.000640496	0.000516529	0.661017	0
	0.394	0.000516529	0.00109504	0.930836	0	0.000991736	0.000557851	0.661017	0
	0.395	0.000599174	0.00103306	0.930836	0	0.000661157	0.000681818	0.668571	0
	0.396	0.000578512	0.00163223	0.930836	0	0.000743802	0.000557851	0.672414	0
	0.397	0.000764463	0.00107438	0.933526	0	0.000516529	0.00053719	0.666667	0
	0.398	0.000619835	0.00105372	0.933526	0	0.000599174	0.000640496	0.67052	0
	0.399	0.000640496	0.0010124	0.933526	0	0.000743802	0.000681818	0.668605	0
	0.4	0.000578512	0.00121901	0.933526	0	0.000681818	0.000805785	0.668605	0
	0.401	0.000578512	0.00142562	0.938953	0	0.000640496	0.00053719	0.672515	0
	0.402	0.000433884	0.00119835	0.938953	0	0.000681818	0.00053719	0.672515	0
	0.403	0.000433884	0.00154959	0.944444	0	0.000743802	0.00072314	0.676471	0
	0.404	0.000702479	0.00117769	0.947214	0	0.000681818	0.000619835	0.676471	0
	0.405	0.000495868	0.000950413	0.947059	0	0.000661157	0.000371901	0.670588	0
	0.406	0.000640496	0.00103306	0.944118	0	0.000557851	0.000640496	0.670588	0
	0.407	0.000475207	0.00121901	0.944118	0	0.000516529	0.000454545	0.674556	0
	0.408	0.000557851	0.000929752	0.944118	0	0.000557851	0.000681818	0.674556	0
	0.409	0.000557851	0.00109504	0.946903	0	0.000495868	0.000681818	0.674556	0
	0.41	0.000247934	0.00105372	0.946903	0	0.000309917	0.000702479	0.674556	0
	0.411	0.000433884	0.00128099	0.949704	0	0.000619835	0.000599174	0.674556	0
	0.412	0.00035124	0.00105372	0.949704	0	0.000454545	0.000516529	0.674556	0
	0.413	0.000516529	0.00088843	0.949704	0	0.000516529	0.00035124	0.668639	0
	0.414	0.000495868	0.000971074	0.949704	0	0.000578512	0.000557851	0.672619	0
	0.415	0.000433884	0.00115702	0.952522	0	0.000495868	0.000805785	0.676647	0
	0.416	0.000392562	0.000867769	0.949555	0	0.000516529	0.000495868	0.676647	0
	0.417	0.000495868	0.00103306	0.949555	0	0.000371901	0.000578512	0.676647	0
	0.418	0.00053719	0.0011157	0.949555	0	0.00035124	0.000475207	0.676647	0
	0.419	0.00035124	0.000764463	0.94362	0	0.000495868	0.000557851	0.668675	0
	0.42	0.000289256	0.00117769	0.940653	0	0.000371901	0.000495868	0.672727	0
	0.421	0.000702479	0.00113636	0.940653	0	0.000433884	0.000702479	0.670732	0
	0.422	0.000495868	0.00132231	0.940653	0	0.000454545	0.000495868	0.670732	0
	0.423	0.000475207	0.000909091	0.940653	0	0.000330579	0.000578512	0.67284	0
	0.424	0.000454545	0.000971074	0.940653	0	0.000247934	0.000764463	0.666667	0
	0.425	0.000330579	0.000909091	0.940653	0	0.000247934	0.000599174	0.666667	0
	0.426	0.000454545	0.00088843	0.937685	0	0.000495868	0.000557851	0.666667	0
	0.427	0.000578512	0.0011157	0.940476	0	0.000309917	0.00072314	0.679245	0
	0.428	0.000495868	0.00109504	0.940476	0	0.000371901	0.000392562	0.679245	0
	0.429	0.000330579	0.00121901	0.9375	0	0.000475207	0.000475207	0.679245	0
	0.43	0.000268595	0.00113636	0.9375	0	0.00035124	0.00053719	0.683544	0
	0.431	0.000392562	0.000991736	0.9375	0	0.000413223	0.00035124	0.683544	0
	0.432	0.000392562	0.00088843	0.9375	0	0.000330579	0.000516529	0.683544	0
	0.433	0.000392562	0.000950413	0.931548	0	0.000268595	0.00053719	0.677215	0
	0.434	0.000309917	0.00115702	0.937126	0	0.000371901	0.000764463	0.677215	0
	0.435	0.000289256	0.0011157	0.934132	0	0.000413223	0.000557851	0.677215	0
	0.436	0.00053719	0.00103306	0.939759	0	0.000371901	0.000330579	0.681529	0
	0.437	0.000330579	0.000805785	0.936747	0	0.000454545	0.000309917	0.681529	0
	0.438	0.000392562	0.00105372	0.936747	0	0.000392562	0.000599174	0.681529	0
	0.439	0.000392562	0.000867769	0.939577	0	0.000475207	0.00053719	0.681529	0
	0.44	0.000454545	0.00115702	0.939577	0	0.000599174	0.000619835	0.685897	0
	0.441	0.000392562	0.00109504	0.939577	0	0.000454545	0.000433884	0.694805	0
	0.442	0.000330579	0.000929752	0.942424	0	0.000454545	0.000681818	0.699346	0
	0.443	0.000516529	0.000909091	0.942424	0	0.000475207	0.000640496	0.699346	0
	0.444	0.000309917	0.000991736	0.942424	0	0.00053719	0.000578512	0.697368	0
	0.445	0.000578512	0.000950413	0.942424	0	0.000578512	0.000599174	0.697368	0
	0.446	0.000454545	0.000929752	0.942424	0	0.000516529	0.000619835	0.697368	0
	0.447	0.000475207	0.00088843	0.945289	0	0.000578512	0.000743802	0.690789	0
	0.448	0.000578512	0.00088843	0.945289	0	0.000433884	0.00072314	0.690789	0
	0.449	0.000599174	0.00088843	0.948171	0	0.00053719	0.000619835	0.690789	0
	0.45	0.00072314	0.00088843	0.948171	0	0.000847107	0.000619835	0.695364	0
	0.451	0.000578512	0.000909091	0.953988	0	0.000867769	0.000661157	0.695364	0
	0.452	0.000475207	0.000950413	0.95092	0	0.000743802	0.000495868	0.688742	0
	0.453	0.000495868	0.00088843	0.95092	0	0.000640496	0.000557851	0.693333	0
	0.454	0.00053719	0.000971074	0.947853	0	0.000557851	0.000681818	0.697987	0
	0.455	0.000454545	0.000847107	0.947853	0	0.000661157	0.000495868	0.691275	0
	0.456	0.000475207	0.000909091	0.947853	0	0.00103306	0.000619835	0.691275	0
	0.457	0.000702479	0.000847107	0.947853	0	0.000619835	0.000619835	0.689189	0
	0.458	0.000516529	0.00107438	0.941718	0	0.000619835	0.000640496	0.689189	0
	0.459	0.000516529	0.000950413	0.941718	0	0.000805785	0.000578512	0.689189	0
	0.46	0.000495868	0.000805785	0.941718	0	0.000826446	0.00072314	0.689189	0
	0.461	0.000599174	0.00105372	0.944615	0	0.00072314	0.000557851	0.682432	0
	0.462	0.000557851	0.000826446	0.944444	0	0.000847107	0.000578512	0.682432	0
	0.463	0.000743802	0.0011157	0.944444	0	0.000743802	0.00053719	0.682432	0
	0.464	0.000640496	0.000950413	0.941358	0	0.000743802	0.000681818	0.682432	0
	0.465	0.000578512	0.000764463	0.938272	0	0.0010124	0.000599174	0.682432	0
	0.466	0.000702479	0.00072314	0.938272	0	0.000785124	0.000661157	0.675676	0
	0.467	0.000619835	0.000847107	0.935185	0	0.000619835	0.000702479	0.668919	0
	0.468	0.000578512	0.00088843	0.935185	0	0.000991736	0.00072314	0.673469	0
	0.469	0.000764463	0.000971074	0.935185	0	0.000785124	0.000619835	0.666667	0
	0.47	0.000640496	0.000495868	0.932099	0	0.000991736	0.000640496	0.653061	0
	0.471	0.000619835	0.000805785	0.932099	0	0.000743802	0.000495868	0.653061	0
	0.472	0.00072314	0.000991736	0.929012	0	0.00115702	0.000640496	0.646259	0
	0.473	0.000516529	0.0010124	0.929012	0	0.000950413	0.00088843	0.646259	0
	0.474	0.00053719	0.00117769	0.929012	0	0.000950413	0.000454545	0.650685	0
	0.475	0.000475207	0.00072314	0.925926	0	0.000805785	0.00072314	0.650685	0
	0.476	0.000495868	0.000826446	0.925926	0	0.00088843	0.000557851	0.648276	0
	0.477	0.000475207	0.000702479	0.925926	0	0.000785124	0.000681818	0.641379	0
	0.478	0.000475207	0.000640496	0.925926	0	0.0010124	0.000475207	0.641379	0
	0.479	0.000640496	0.000702479	0.92284	0	0.000950413	0.000702479	0.65035	0
	0.48	0.000475207	0.000702479	0.919753	0	0.00109504	0.000557851	0.65493	0
	0.481	0.000454545	0.000743802	0.919753	0	0.000950413	0.000619835	0.647887	0
	0.482	0.00072314	0.000950413	0.919753	0	0.000785124	0.00105372	0.647887	0
	0.483	0.000516529	0.000805785	0.919505	0	0.000909091	0.000599174	0.64539	0
	0.484	0.000578512	0.000785124	0.919505	0	0.00107438	0.000743802	0.65	0
	0.485	0.000702479	0.000743802	0.919505	0	0.000909091	0.000599174	0.640288	0
	0.486	0.000557851	0.000619835	0.919505	0	0.00103306	0.000661157	0.633094	0
	0.487	0.00035124	0.000743802	0.925234	0	0.00105372	0.000619835	0.635036	0
	0.488	0.000392562	0.000909091	0.925234	0	0.000929752	0.000413223	0.635036	0
	0.489	0.000495868	0.000805785	0.925234	0	0.000971074	0.00053719	0.644444	0
	0.49	0.000640496	0.000805785	0.925234	0	0.000929752	0.000578512	0.62963	0
	0.491	0.000578512	0.000599174	0.928125	0	0.00113636	0.000578512	0.634328	0
	0.492	0.000681818	0.0011157	0.928125	0	0.00115702	0.000743802	0.634328	0
	0.493	0.000619835	0.000971074	0.928125	0	0.00113636	0.000661157	0.619403	0
	0.494	0.000661157	0.00072314	0.928125	0	0.00109504	0.000681818	0.613636	0
	0.495	0.000475207	0.000702479	0.928125	0	0.000909091	0.000640496	0.613636	0
	0.496	0.00053719	0.000764463	0.931034	0	0.00144628	0.000475207	0.613636	0
	0.497	0.000599174	0.000743802	0.9279	0	0.00130165	0.000578512	0.618321	0
	0.498	0.000640496	0.00115702	0.930818	0	0.00115702	0.000516529	0.623077	0
	0.499	0.000702479	0.000847107	0.927673	0	0.00128099	0.000495868	0.623077	0
	0.5	0.000661157	0.000991736	0.927445	0	0.00130165	0.000681818	0.632812	0
	0.501	0.000495868	0.00105372	0.927445	0	0.0013843	0.000826446	0.637795	0
	0.502	0.000702479	0.00130165	0.927445	0	0.0010124	0.000702479	0.637795	0
	0.503	0.000454545	0.000929752	0.93038	0	0.000991736	0.000599174	0.637795	0
	0.504	0.000599174	0.000971074	0.927215	0	0.000950413	0.00053719	0.642857	0
	0.505	0.000619835	0.000764463	0.924051	0	0.00115702	0.000805785	0.648	0
	0.506	0.000661157	0.000764463	0.926984	0	0.00146694	0.000475207	0.663934	0
	0.507	0.000599174	0.000950413	0.926984	0	0.00109504	0.000578512	0.669421	0
	0.508	0.000516529	0.0010124	0.92381	0	0.00142562	0.000681818	0.661157	0
	0.509	0.000702479	0.00072314	0.92381	0	0.00142562	0.000475207	0.65	0
	0.51	0.000495868	0.000805785	0.92381	0	0.00126033	0.000454545	0.647059	0
	0.511	0.000495868	0.000764463	0.920635	0	0.00107438	0.000599174	0.647059	0
	0.512	0.000702479	0.000640496	0.91746	0	0.00113636	0.000599174	0.638655	0
	0.513	0.00053719	0.000971074	0.91746	0	0.00113636	0.00053719	0.638655	0
	0.514	0.000805785	0.000950413	0.91746	0	0.00157025	0.000578512	0.635593	0
	0.515	0.000847107	0.000743802	0.920382	0	0.00152893	0.000681818	0.627119	0
	0.516	0.000557851	0.000743802	0.926282	0	0.00113636	0.000702479	0.627119	0
	0.517	0.000557851	0.000929752	0.926282	0	0.00132231	0.000516529	0.632479	0
	0.518	0.00072314	0.000929752	0.926282	0	0.00134298	0.000764463	0.637931	0
	0.519	0.00053719	0.000743802	0.923077	0	0.0011157	0.000619835	0.637931	0
	0.52	0.000599174	0.000805785	0.923077	0	0.000909091	0.000640496	0.62931	0
	0.521	0.000578512	0.000847107	0.92283	0	0.00165289	0.000433884	0.62931	0
	0.522	0.000495868	0.000661157	0.92283	0	0.00117769	0.000454545	0.62069	0
	0.523	0.00053719	0.000826446	0.92283	0	0.00136364	0.00053719	0.631579	0
	0.524	0.000640496	0.000847107	0.92283	0	0.00134298	0.000702479	0.631579	0
	0.525	0.000392562	0.000909091	0.92283	0	0.00117769	0.000578512	0.642857	0
	0.526	0.000392562	0.000743802	0.919614	0	0.00105372	0.000805785	0.642857	0
	0.527	0.0010124	0.000971074	0.919614	0	0.000929752	0.000557851	0.648649	0
	0.528	0.000681818	0.000950413	0.919614	0	0.00119835	0.000619835	0.648649	0
	0.529	0.00072314	0.000847107	0.919614	0	0.000867769	0.000413223	0.645455	0
	0.53	0.000557851	0.00072314	0.922581	0	0.00144628	0.000578512	0.636364	0
	0.531	0.00072314	0.000702479	0.919355	0	0.000867769	0.000599174	0.642202	0
	0.532	0.000640496	0.000909091	0.92233	0	0.00107438	0.000743802	0.642202	0
	0.533	0.000578512	0.000971074	0.925325	0	0.000950413	0.000640496	0.633028	0
	0.534	0.000661157	0.000805785	0.922078	0	0.00121901	0.00053719	0.633028	0
	0.535	0.000495868	0.000805785	0.918831	0	0.00115702	0.00053719	0.633028	0
	0.536	0.000867769	0.00053719	0.915584	0	0.00109504	0.000454545	0.62963	0
	0.537	0.00072314	0.000867769	0.912052	0	0.000950413	0.000661157	0.62963	0
	0.538	0.00072314	0.000991736	0.912052	0	0.00105372	0.000619835	0.62037	0
	0.539	0.00053719	0.000516529	0.912052	0	0.00130165	0.000619835	0.607477	0
	0.54	0.000681818	0.000909091	0.912052	0	0.000764463	0.000661157	0.598131	0
	0.541	0.000578512	0.000702479	0.908795	0	0.000826446	0.000599174	0.598131	0
	0.542	0.000867769	0.000640496	0.911765	0	0.0011157	0.000495868	0.598131	0
	0.543	0.00053719	0.000826446	0.911765	0	0.00088843	0.00053719	0.596154	0
	0.544	0.000640496	0.000785124	0.911765	0	0.000805785	0.000557851	0.592233	0
	0.545	0.000413223	0.000826446	0.911765	0	0.00115702	0.000516529	0.598039	0
	0.546	0.000516529	0.00053719	0.911475	0	0.0010124	0.000557851	0.588235	0
	0.547	0.000578512	0.000702479	0.904918	0	0.000950413	0.000516529	0.594059	0
	0.548	0.000681818	0.00072314	0.904918	0	0.000950413	0.000557851	0.6	0
	0.549	0.000661157	0.000599174	0.904918	0	0.000867769	0.000578512	0.606061	0
	0.55	0.000681818	0.000661157	0.904918	0	0.000929752	0.000557851	0.606061	0
	0.551	0.000764463	0.00088843	0.904918	0	0.00103306	0.000392562	0.59596	0
	0.552	0.000516529	0.000950413	0.904918	0	0.000971074	0.000413223	0.602041	0
	0.553	0.000619835	0.000805785	0.904918	0	0.000867769	0.000557851	0.591837	0
	0.554	0.00072314	0.000661157	0.910891	0	0.00088843	0.00053719	0.597938	0
	0.555	0.000640496	0.000681818	0.907591	0	0.000785124	0.000433884	0.610526	0
	0.556	0.000640496	0.000950413	0.90429	0	0.000991736	0.000495868	0.617021	0
	0.557	0.000599174	0.00072314	0.907285	0	0.000826446	0.000371901	0.623656	0
	0.558	0.000826446	0.000909091	0.910299	0	0.000764463	0.000475207	0.612903	0
	0.559	0.000516529	0.000475207	0.906977	0	0.00072314	0.000392562	0.626374	0
	0.56	0.00072314	0.000909091	0.91	0	0.00072314	0.000702479	0.593407	0
	0.561	0.000826446	0.000826446	0.913043	0	0.000764463	0.000392562	0.582418	0
	0.562	0.000702479	0.000826446	0.909699	0	0.00072314	0.000681818	0.582418	0
	0.563	0.000743802	0.000805785	0.912752	0	0.000702479	0.00053719	0.588889	0
	0.564	0.000826446	0.000805785	0.912752	0	0.000950413	0.000454545	0.595506	0
	0.565	0.000785124	0.000764463	0.912752	0	0.000805785	0.00053719	0.595506	0
	0.566	0.000702479	0.000413223	0.912752	0	0.0010124	0.000413223	0.595506	0
	0.567	0.000867769	0.000743802	0.912458	0	0.00105372	0.000516529	0.595506	0
	0.568	0.00088843	0.000599174	0.909091	0	0.0010124	0.000433884	0.595506	0
	0.569	0.000599174	0.00072314	0.905724	0	0.000764463	0.000247934	0.590909	0
	0.57	0.000702479	0.000702479	0.905724	0	0.000950413	0.000371901	0.597701	0
	0.571	0.000929752	0.000578512	0.905724	0	0.000847107	0.000433884	0.604651	0
	0.572	0.000929752	0.000971074	0.905724	0	0.00088843	0.000433884	0.6	0
	0.573	0.000950413	0.000599174	0.905724	0	0.000950413	0.000495868	0.576471	0
	0.574	0.000599174	0.000847107	0.902357	0	0.000991736	0.000619835	0.576471	0
	0.575	0.000764463	0.000826446	0.902357	0	0.00117769	0.000371901	0.576471	0
	0.576	0.000578512	0.000681818	0.902357	0	0.000950413	0.00072314	0.576471	0
	0.577	0.000661157	0.000743802	0.905405	0	0.000971074	0.00035124	0.576471	0
	0.578	0.000909091	0.000578512	0.905405	0	0.000950413	0.000454545	0.583333	0
	0.579	0.000764463	0.00072314	0.911565	0	0.000743802	0.000392562	0.590361	0
	0.58	0.000743802	0.000681818	0.911565	0	0.000991736	0.000413223	0.578313	0
	0.581	0.000826446	0.000702479	0.908163	0	0.000909091	0.000516529	0.585366	0
	0.582	0.000702479	0.000805785	0.904762	0	0.000826446	0.000599174	0.573171	0
	0.583	0.000826446	0.000764463	0.904762	0	0.00117769	0.000392562	0.560976	0
	0.584	0.00072314	0.000764463	0.904762	0	0.00109504	0.000413223	0.567901	0
	0.585	0.000929752	0.000702479	0.904762	0	0.000805785	0.00035124	0.5625	0
	0.586	0.000909091	0.000702479	0.904762	0	0.00140496	0.000433884	0.5625	0
	0.587	0.000867769	0.0010124	0.90785	0	0.00113636	0.000413223	0.5625	0
	0.588	0.0010124	0.00103306	0.90785	0	0.00117769	0.000454545	0.5625	0
	0.589	0.000847107	0.000661157	0.901024	0	0.000991736	0.00053719	0.5625	0
	0.59	0.000805785	0.00088843	0.897611	0	0.00132231	0.000392562	0.576923	0
	0.591	0.000847107	0.000495868	0.900685	0	0.00088843	0.000578512	0.571429	0
	0.592	0.00088843	0.000495868	0.890411	0	0.000805785	0.000392562	0.565789	0
	0.593	0.00053719	0.000599174	0.886986	0	0.00109504	0.000495868	0.565789	0
	0.594	0.000909091	0.000764463	0.880137	0	0.000929752	0.000578512	0.573333	0
	0.595	0.000661157	0.000640496	0.883162	0	0.00109504	0.000413223	0.573333	0
	0.596	0.000826446	0.000516529	0.883162	0	0.00117769	0.00053719	0.573333	0
	0.597	0.000929752	0.00053719	0.886207	0	0.000619835	0.000454545	0.573333	0
	0.598	0.000557851	0.000805785	0.886207	0	0.00113636	0.000289256	0.573333	0
	0.599	0.000599174	0.000619835	0.882759	0	0.0010124	0.00053719	0.56	0
	0.6	0.000743802	0.000681818	0.882759	0	0.0011157	0.000371901	0.56	0
	0.601	0.000805785	0.000661157	0.875862	0	0.000805785	0.00053719	0.567568	0
	0.602	0.000516529	0.000619835	0.878893	0	0.000805785	0.000578512	0.575342	0
	0.603	0.000847107	0.00072314	0.878893	0	0.000929752	0.000392562	0.575342	0
	0.604	0.000764463	0.000681818	0.878893	0	0.00117769	0.000578512	0.569444	0
	0.605	0.000847107	0.000743802	0.878472	0	0.000681818	0.000516529	0.555556	0
	0.606	0.000681818	0.000557851	0.878472	0	0.000950413	0.000495868	0.56338	0
	0.607	0.000867769	0.000516529	0.878472	0	0.0011157	0.000371901	0.56338	0
	0.608	0.000785124	0.000847107	0.875	0	0.000785124	0.000599174	0.571429	0
	0.609	0.000578512	0.000661157	0.874564	0	0.000847107	0.000454545	0.565217	0
	0.61	0.00072314	0.000661157	0.874564	0	0.000661157	0.000247934	0.573529	0
	0.611	0.000495868	0.000785124	0.874564	0	0.000599174	0.000309917	0.558824	0
	0.612	0.000743802	0.00088843	0.880702	0	0.000764463	0.000495868	0.558824	0
	0.613	0.000702479	0.000516529	0.880702	0	0.000847107	0.000516529	0.558824	0
	0.614	0.000785124	0.000578512	0.880702	0	0.000805785	0.000475207	0.558824	0
	0.615	0.000785124	0.000805785	0.886926	0	0.000619835	0.000433884	0.544118	0
	0.616	0.0010124	0.000702479	0.896429	0	0.000847107	0.00035124	0.560606	0
	0.617	0.00103306	0.000681818	0.899642	0	0.000661157	0.000371901	0.545455	0
	0.618	0.000950413	0.000557851	0.899642	0	0.000681818	0.000206612	0.545455	0
	0.619	0.000950413	0.000516529	0.899281	0	0.00072314	0.00053719	0.553846	0
	0.62	0.0010124	0.000619835	0.895683	0	0.000826446	0.000413223	0.5625	0
	0.621	0.000743802	0.00072314	0.888489	0	0.000640496	0.000475207	0.5625	0
	0.622	0.000785124	0.000599174	0.891697	0	0.000599174	0.00035124	0.580645	0
	0.623	0.000867769	0.000702479	0.891697	0	0.000702479	0.000454545	0.580645	0
	0.624	0.00128099	0.000619835	0.891697	0	0.000516529	0.000289256	0.564516	0
	0.625	0.000909091	0.000599174	0.891697	0	0.000640496	0.00035124	0.564516	0
	0.626	0.0010124	0.000785124	0.891697	0	0.000640496	0.000392562	0.57377	0
	0.627	0.000950413	0.000743802	0.884477	0	0.000661157	0.000454545	0.583333	0
	0.628	0.000950413	0.000619835	0.887681	0	0.00072314	0.00053719	0.59322	0
	0.629	0.00088843	0.000640496	0.887681	0	0.000413223	0.000371901	0.59322	0
	0.63	0.000909091	0.000433884	0.887681	0	0.000495868	0.000227273	0.59322	0
	0.631	0.000950413	0.000681818	0.890909	0	0.000495868	0.00035124	0.576271	0
	0.632	0.000805785	0.000681818	0.890909	0	0.000681818	0.000516529	0.576271	0
	0.633	0.000867769	0.000743802	0.890909	0	0.000681818	0.000454545	0.576271	0
	0.634	0.000929752	0.000619835	0.894161	0	0.000578512	0.000413223	0.559322	0
	0.635	0.00088843	0.000599174	0.894161	0	0.000495868	0.000371901	0.559322	0
	0.636	0.000929752	0.000516529	0.890511	0	0.000413223	0.000268595	0.568966	0
	0.637	0.000805785	0.000578512	0.890511	0	0.000557851	0.000557851	0.578947	0
	0.638	0.000847107	0.000495868	0.890511	0	0.000619835	0.000206612	0.589286	0
	0.639	0.00109504	0.000867769	0.893773	0	0.000681818	0.000309917	0.6	0
	0.64	0.000847107	0.000661157	0.893773	0	0.000599174	0.000454545	0.611111	0
	0.641	0.0011157	0.000516529	0.893773	0	0.000433884	0.000330579	0.592593	0
	0.642	0.00088843	0.000495868	0.886447	0	0.000578512	0.000392562	0.574074	0
	0.643	0.000950413	0.000599174	0.886029	0	0.000578512	0.000371901	0.566038	0
	0.644	0.000681818	0.000495868	0.886029	0	0.000454545	0.000599174	0.557692	0
	0.645	0.000805785	0.000578512	0.886029	0	0.000599174	0.000599174	0.568627	0
	0.646	0.000805785	0.00072314	0.885609	0	0.000578512	0.000268595	0.54902	0
	0.647	0.000847107	0.000661157	0.881919	0	0.000516529	0.000309917	0.52	0
	0.648	0.000681818	0.000619835	0.881919	0	0.000681818	0.00035124	0.530612	0
	0.649	0.000702479	0.000495868	0.888476	0	0.000475207	0.000371901	0.510204	0
	0.65	0.000971074	0.000681818	0.891791	0	0.000495868	0.000413223	0.510204	0
	0.651	0.000867769	0.000495868	0.891791	0	0.000433884	0.000309917	0.520833	0
	0.652	0.000661157	0.000619835	0.891791	0	0.000371901	0.000330579	0.531915	0
	0.653	0.000640496	0.00072314	0.891791	0	0.000764463	0.00035124	0.531915	0
	0.654	0.000826446	0.00072314	0.895131	0	0.000475207	0.000433884	0.543478	0
	0.655	0.000743802	0.000681818	0.895131	0	0.000475207	0.000330579	0.543478	0
	0.656	0.0010124	0.000661157	0.891386	0	0.000433884	0.000371901	0.543478	0
	0.657	0.000702479	0.000785124	0.883895	0	0.000702479	0.000330579	0.555556	0
	0.658	0.000619835	0.000578512	0.887218	0	0.000433884	0.000433884	0.555556	0
	0.659	0.000764463	0.000619835	0.887218	0	0.000681818	0.000392562	0.545455	0
	0.66	0.000640496	0.000681818	0.887218	0	0.000702479	0.000371901	0.545455	0
	0.661	0.000929752	0.00053719	0.890152	0	0.000516529	0.000247934	0.522727	0
	0.662	0.000516529	0.000619835	0.890152	0	0.000578512	0.000227273	0.522727	0
	0.663	0.000785124	0.000929752	0.890152	0	0.000454545	0.000206612	0.5	0
	0.664	0.000764463	0.000578512	0.893536	0	0.000640496	0.000392562	0.5	0
	0.665	0.000599174	0.000578512	0.889734	0	0.000599174	0.000289256	0.511628	0
	0.666	0.000805785	0.000661157	0.889734	0	0.00072314	0.00035124	0.488372	0
	0.667	0.00072314	0.000516529	0.889734	0	0.000929752	0.000289256	0.465116	0
	0.668	0.000702479	0.000475207	0.89313	0	0.000640496	0.000268595	0.44186	0
	0.669	0.000702479	0.000785124	0.89313	0	0.000640496	0.000289256	0.44186	0
	0.67	0.000805785	0.00053719	0.89313	0	0.000557851	0.000433884	0.418605	0
	0.671	0.000826446	0.000475207	0.896552	0	0.000785124	0.000206612	0.418605	0
	0.672	0.000702479	0.000764463	0.888889	0	0.000681818	0.000330579	0.418605	0
	0.673	0.000640496	0.000764463	0.892308	0	0.000557851	0.000330579	0.418605	0
	0.674	0.000475207	0.000681818	0.895753	0	0.000764463	0.000309917	0.418605	0
	0.675	0.000640496	0.00053719	0.895753	0	0.000702479	0.000309917	0.395349	0
	0.676	0.000640496	0.00072314	0.90625	0	0.00088843	0.000413223	0.395349	0
	0.677	0.000743802	0.000764463	0.909804	0	0.000640496	0.000309917	0.404762	0
	0.678	0.000640496	0.000743802	0.909804	0	0.000764463	0.000330579	0.357143	0
	0.679	0.000619835	0.000578512	0.909804	0	0.000847107	0.000247934	0.357143	0
	0.68	0.000640496	0.00053719	0.905882	0	0.000971074	0.000309917	0.357143	0
	0.681	0.000681818	0.000619835	0.905882	0	0.000681818	0.000475207	0.341463	0
	0.682	0.000619835	0.000805785	0.909449	0	0.000764463	0.000454545	0.317073	0
	0.683	0.000764463	0.00072314	0.909449	0	0.000991736	0.000227273	0.325	0
	0.684	0.00088843	0.000599174	0.909449	0	0.000764463	0.000371901	0.3	0
	0.685	0.000681818	0.00053719	0.913043	0	0.000929752	0.000247934	0.3	0
	0.686	0.000971074	0.000619835	0.909091	0	0.000909091	0.000247934	0.307692	0
	0.687	0.000702479	0.000619835	0.912698	0	0.000867769	0.000289256	0.324324	0
	0.688	0.000785124	0.000826446	0.90873	0	0.000785124	0.000289256	0.324324	0
	0.689	0.000743802	0.000681818	0.904762	0	0.000599174	0.000165289	0.324324	0
	0.69	0.00072314	0.00072314	0.904762	0	0.00072314	0.00035124	0.324324	0
	0.691	0.00072314	0.000743802	0.908367	0	0.000681818	0.000309917	0.324324	0
	0.692	0.000743802	0.000557851	0.912	0	0.000764463	0.00035124	0.324324	0
	0.693	0.000557851	0.000702479	0.915663	0	0.000681818	0.00035124	0.305556	0
	0.694	0.000433884	0.000475207	0.915663	0	0.000764463	0.000433884	0.305556	0
	0.695	0.000640496	0.000702479	0.915663	0	0.000991736	0.000227273	0.277778	0
	0.696	0.000764463	0.00072314	0.915663	0	0.000929752	0.00053719	0.277778	0
	0.697	0.000619835	0.000764463	0.915663	0	0.000681818	0.000247934	0.285714	0
	0.698	0.000578512	0.000826446	0.919355	0	0.00072314	6.19835e-05	0.257143	0
	0.699	0.000392562	0.000516529	0.919355	0	0.000867769	0.000227273	0.264706	0
	0.7	0.000785124	0.000929752	0.919355	0	0.00088843	0.000330579	0.264706	0
	0.701	0.000599174	0.000599174	0.923077	0	0.000909091	0.000309917	0.235294	0
	0.702	0.000557851	0.000557851	0.923077	0	0.000640496	0.000227273	0.242424	0
	0.703	0.000516529	0.000599174	0.922764	0	0.000847107	0.00018595	0.242424	0
	0.704	0.000557851	0.000557851	0.918699	0	0.00103306	0.000309917	0.242424	0
	0.705	0.000681818	0.000743802	0.914634	0	0.000971074	0.000392562	0.242424	0
	0.706	0.000599174	0.000867769	0.914634	0	0.000826446	0.000227273	0.25	0
	0.707	0.000578512	0.000805785	0.914634	0	0.000599174	0.000371901	0.25	0
	0.708	0.000640496	0.00072314	0.914634	0	0.000640496	0.000289256	0.25	0
	0.709	0.000640496	0.00072314	0.910569	0	0.000764463	0.00035124	0.25	0
	0.71	0.000495868	0.000661157	0.910204	0	0.000516529	0.000227273	0.25	0
	0.711	0.000619835	0.000702479	0.906122	0	0.000599174	0.000247934	0.25	0
	0.712	0.000681818	0.000805785	0.909836	0	0.000826446	0.000371901	0.21875	0
	0.713	0.000661157	0.000867769	0.909836	0	0.00072314	0.000268595	0.21875	0
	0.714	0.000557851	0.000764463	0.91358	0	0.000702479	0.000289256	0.21875	0
	0.715	0.000516529	0.000619835	0.917355	0	0.00088843	0.000289256	0.21875	0
	0.716	0.000433884	0.000371901	0.921162	0	0.000764463	0.000289256	0.225806	0
	0.717	0.00053719	0.000433884	0.917012	0	0.000578512	0.000227273	0.233333	0
	0.718	0.000495868	0.000661157	0.917012	0	0.000619835	0.000309917	0.233333	0
	0.719	0.000619835	0.00053719	0.912863	0	0.000681818	0.000227273	0.233333	0
	0.72	0.000681818	0.000847107	0.916667	0	0.000640496	0.000227273	0.241379	0
	0.721	0.000557851	0.000681818	0.916667	0	0.000619835	0.000227273	0.25	0
	0.722	0.000475207	0.000640496	0.9125	0	0.000681818	0.000227273	0.25	0
	0.723	0.000681818	0.000847107	0.908333	0	0.000785124	0.000103306	0.214286	0
	0.724	0.000247934	0.000805785	0.908333	0	0.000557851	0.000227273	0.214286	0
	0.725	0.000557851	0.000681818	0.908333	0	0.000599174	0.000247934	0.222222	0
	0.726	0.000640496	0.000702479	0.912134	0	0.000661157	0.000289256	0.222222	0
	0.727	0.000371901	0.000661157	0.912134	0	0.000764463	0.00018595	0.222222	0
	0.728	0.000516529	0.000557851	0.915966	0	0.000392562	0.000289256	0.25	0
	0.729	0.000475207	0.000826446	0.919831	0	0.000433884	0.000247934	0.25	0
	0.73	0.000599174	0.000702479	0.919831	0	0.000702479	0.000268595	0.26087	0
	0.731	0.00053719	0.000599174	0.923729	0	0.000475207	0.000247934	0.272727	0
	0.732	0.000599174	0.000640496	0.923729	0	0.000495868	0.000144628	0.227273	0
	0.733	0.000392562	0.000578512	0.923729	0	0.000371901	0.000309917	0.181818	0
	0.734	0.000433884	0.000764463	0.923729	0	0.000578512	0.000144628	0.181818	0
	0.735	0.000640496	0.000640496	0.92766	0	0.000454545	0.000247934	0.2	0
	0.736	0.000599174	0.000640496	0.92766	0	0.000392562	0.000247934	0.210526	0
	0.737	0.00053719	0.000516529	0.92766	0	0.000392562	0.000123967	0.210526	0
	0.738	0.000475207	0.000599174	0.92766	0	0.000371901	0.00035124	0.210526	0
	0.739	0.000578512	0.000764463	0.931624	0	0.00053719	0.000227273	0.222222	0
	0.74	0.000516529	0.000619835	0.931624	0	0.000268595	0.000268595	0.222222	0
	0.741	0.000392562	0.000909091	0.92735	0	0.000413223	0.000289256	0.222222	0
	0.742	0.000557851	0.000785124	0.92735	0	0.000433884	0.000247934	0.222222	0
	0.743	0.000413223	0.000785124	0.92735	0	0.00053719	0.000206612	0.235294	0
	0.744	0.000371901	0.000826446	0.92735	0	0.000454545	0.000247934	0.235294	0
	0.745	0.000681818	0.000557851	0.92735	0	0.000309917	0.00018595	0.235294	0
	0.746	0.000516529	0.00072314	0.93133	0	0.000330579	0.000144628	0.235294	0
	0.747	0.000371901	0.000805785	0.93133	0	0.000206612	0.000206612	0.235294	0
	0.748	0.000578512	0.000495868	0.927039	0	0.000475207	0.000309917	0.25	0
	0.749	0.000661157	0.000785124	0.926724	0	0.000309917	0.00018595	0.266667	0
	0.75	0.000392562	0.000557851	0.926724	0	0.000309917	0.00018595	0.285714	0
	0.751	0.000578512	0.00072314	0.922414	0	0.000268595	0.000123967	0.333333	0
	0.752	0.000495868	0.000785124	0.926407	0	0.000454545	0.000309917	0.272727	0
	0.753	0.000413223	0.000764463	0.926407	0	0.000247934	0.000247934	0.181818	0
	0.754	0.000475207	0.000681818	0.926407	0	0.000309917	0.00018595	0.181818	0
	0.755	0.000475207	0.000454545	0.930435	0	0.000268595	0.000144628	0.181818	0
	0.756	0.000371901	0.000867769	0.926087	0	0.000206612	0.00018595	0.181818	0
	0.757	0.000289256	0.000599174	0.926087	0	0.00035124	0.000144628	0.181818	0
	0.758	0.000413223	0.000702479	0.926087	0	0.000392562	0.000144628	0.181818	0
	0.759	0.000289256	0.000702479	0.921739	0	0.000289256	0.000165289	0.181818	0
	0.76	0.000289256	0.000847107	0.917391	0	0.00035124	0.000268595	0.181818	0
	0.761	0.000578512	0.000661157	0.917391	0	0.000144628	0.000144628	0.181818	0
	0.762	0.000392562	0.000495868	0.912664	0	0.000330579	0.00018595	0.181818	0
	0.763	0.000454545	0.00072314	0.912664	0	0.000268595	0.000206612	0.181818	0
	0.764	0.000330579	0.000805785	0.912664	0	6.19835e-05	0.000165289	0.181818	0
	0.765	0.000454545	0.000681818	0.912664	0	0.000413223	0.000165289	0.2	0
	0.766	0.000371901	0.000909091	0.912281	0	0.000247934	0.000103306	0.2	0
	0.767	0.000661157	0.000516529	0.907895	0	0.000309917	0.000227273	0.2	0
	0.768	0.000619835	0.00088843	0.907489	0	0.000206612	0.00018595	0.2	0
	0.769	0.000516529	0.000785124	0.90708	0	0.000144628	0.00018595	0.2	0
	0.77	0.00053719	0.00053719	0.911111	0	0.000289256	0.000144628	0.2	0
	0.771	0.000454545	0.00088843	0.911111	0	0.000144628	0.000103306	0.222222	0
	0.772	0.000454545	0.000578512	0.911111	0	0.000247934	0.000289256	0.222222	0
	0.773	0.000247934	0.000743802	0.897778	0	0.000206612	0.00018595	0.25	0
	0.774	0.000557851	0.000640496	0.893333	0	0.000247934	0.000123967	0.25	0
	0.775	0.000495868	0.000619835	0.884444	0	0.000268595	0.000309917	0.25	0
	0.776	0.00053719	0.000971074	0.884444	0	8.26446e-05	0.00018595	0.25	0
	0.777	0.000681818	0.000516529	0.884444	0	0.000330579	0.00018595	0.25	0
	0.778	0.000640496	0.000847107	0.892377	0	0.00035124	8.26446e-05	0.25	0
	0.779	0.000743802	0.000805785	0.892377	0	0.000289256	0.000144628	0.333333	0
	0.78	0.000557851	0.000785124	0.892377	0	0.000103306	0.000227273	0.333333	0
	0.781	0.000805785	0.00072314	0.887892	0	0.000123967	0.000103306	0.333333	0
	0.782	0.000681818	0.000640496	0.883408	0	0.000123967	0.000206612	0.333333	0
	0.783	0.000805785	0.000599174	0.887387	0	0.000103306	0.000268595	0.333333	0
	0.784	0.00072314	0.000971074	0.882883	0	0.000123967	0.000206612	0.333333	0
	0.785	0.000805785	0.000785124	0.882353	0	0.000144628	0.000289256	0.333333	0
	0.786	0.000950413	0.000743802	0.882353	0	0.00018595	0.000227273	0.333333	0
	0.787	0.000847107	0.00072314	0.886364	0	0.000103306	4.13223e-05	0.333333	0
	0.788	0.000909091	0.000702479	0.886364	0	0.000123967	0.000247934	0.333333	0
	0.789	0.000867769	0.000640496	0.886364	0	6.19835e-05	0.00018595	0.333333	0
	0.79	0.000909091	0.00072314	0.881818	0	0.000103306	0.000247934	0.333333	0
	0.791	0.000971074	0.000950413	0.881818	0	6.19835e-05	0.000227273	0.333333	0
	0.792	0.00115702	0.000847107	0.881818	0	6.19835e-05	0.000123967	0.333333	0
	0.793	0.00105372	0.000909091	0.881818	0	0.000144628	8.26446e-05	0.333333	0
	0.794	0.000950413	0.000847107	0.881279	0	2.06612e-05	0.000206612	0.333333	0
	0.795	0.00113636	0.000950413	0.876712	0	4.13223e-05	0.000206612	0.333333	0
	0.796	0.00113636	0.000805785	0.876712	0	0.000144628	0.000165289	0.333333	0
	0.797	0.00117769	0.00072314	0.876712	0	6.19835e-05	0.000289256	0.333333	0
	0.798	0.000847107	0.000681818	0.872146	0	0.000103306	6.19835e-05	0.333333	0
	0.799	0.00103306	0.000826446	0.876147	0	4.13223e-05	0.000123967	0.5	0
	0.8	0.00128099	0.000950413	0.876147	0	6.19835e-05	0.000247934	0.5	0
	0.801	0.00105372	0.000847107	0.876147	0	4.13223e-05	0.000144628	0.5	0
	0.802	0.00134298	0.00088843	0.87156	0	4.13223e-05	0.000144628	0.25	0
	0.803	0.00115702	0.000785124	0.87156	0	6.19835e-05	0.000247934	0.25	0
	0.804	0.0013843	0.0010124	0.866972	0	4.13223e-05	6.19835e-05	0.25	0
	0.805	0.0011157	0.000826446	0.866972	0	2.06612e-05	0.000103306	0.25	0
	0.806	0.00126033	0.000826446	0.866972	0	2.06612e-05	0.000144628	0.25	0
	0.807	0.00123967	0.00072314	0.866972	0	0	0.000123967	0.25	0
	0.808	0.00105372	0.0010124	0.866972	0	4.13223e-05	8.26446e-05	0.25	0
	0.809	0.00109504	0.000578512	0.866972	0	0	0.000144628	0.25	0
	0.81	0.00117769	0.000702479	0.866359	0	2.06612e-05	0.000123967	0.25	0
	0.811	0.00128099	0.000929752	0.861751	0	0	0.00018595	0.25	0
	0.812	0.00107438	0.000681818	0.861751	0	2.06612e-05	8.26446e-05	0.25	0
	0.813	0.00144628	0.000785124	0.861111	0	0	4.13223e-05	0.25	0
	0.814	0.00115702	0.000805785	0.861111	0	0	0.000103306	0.25	0
	0.815	0.00115702	0.000764463	0.869159	0	2.06612e-05	6.19835e-05	0.25	0
	0.816	0.00107438	0.000867769	0.869159	0	2.06612e-05	6.19835e-05	0.333333	0
	0.817	0.00072314	0.000950413	0.859813	0	0	0.000123967	0.333333	0
	0.818	0.00109504	0.000971074	0.859813	0	2.06612e-05	0.000123967	0.333333	0
	0.819	0.00109504	0.000826446	0.859813	0	2.06612e-05	0.000227273	0.333333	0
	0.82	0.000785124	0.000991736	0.859813	0	2.06612e-05	0.000123967	0.333333	0
	0.821	0.000805785	0.000847107	0.859813	0	4.13223e-05	0.000144628	0.5	0
	0.822	0.000640496	0.000785124	0.859813	0	6.19835e-05	0.000144628	0.5	0
	0.823	0.000661157	0.000702479	0.859813	0	2.06612e-05	8.26446e-05	0.5	0
	0.824	0.000909091	0.000764463	0.867925	0	0	0.000144628	0.5	0
	0.825	0.00088843	0.000909091	0.867925	0	2.06612e-05	8.26446e-05	0.5	0
	0.826	0.000909091	0.000909091	0.87619	0	0	0.000103306	0.5	0
	0.827	0.000743802	0.000909091	0.875598	0	2.06612e-05	8.26446e-05	0.5	0
	0.828	0.000578512	0.000681818	0.879808	0	6.19835e-05	4.13223e-05	0.5	0
	0.829	0.000661157	0.000681818	0.884058	0	2.06612e-05	0.000123967	0.5	0
	0.83	0.000516529	0.000805785	0.879227	0	6.19835e-05	4.13223e-05	0.5	0
	0.831	0.000764463	0.000847107	0.883495	0	4.13223e-05	8.26446e-05	0.5	0
	0.832	0.000578512	0.00103306	0.887805	0	4.13223e-05	4.13223e-05	0.5	0
	0.833	0.000681818	0.000867769	0.887805	0	2.06612e-05	0.000123967	0.5	0
	0.834	0.000929752	0.000743802	0.887255	0	8.26446e-05	8.26446e-05	0.5	0
	0.835	0.000661157	0.000847107	0.891626	0	4.13223e-05	8.26446e-05	0.5	0
	0.836	0.000578512	0.000764463	0.8867	0	0.000103306	4.13223e-05	0.5	0
	0.837	0.000826446	0.000743802	0.8867	0	2.06612e-05	4.13223e-05	0.5	0
	0.838	0.000785124	0.00105372	0.885572	0	6.19835e-05	0.000144628	0.5	0
	0.839	0.000557851	0.00072314	0.894472	0	4.13223e-05	0.000123967	0.5	0
	0.84	0.000702479	0.0010124	0.89899	0	0.000103306	0.000103306	0.5	0
	0.841	0.000909091	0.000805785	0.893939	0	8.26446e-05	6.19835e-05	0.5	0
	0.842	0.000640496	0.000867769	0.903061	0	2.06612e-05	8.26446e-05	0.5	0
	0.843	0.000495868	0.000929752	0.903061	0	8.26446e-05	8.26446e-05	0.5	0
	0.844	0.000661157	0.000929752	0.903061	0	0.000144628	0.000103306	0.5	0
	0.845	0.000826446	0.000847107	0.907692	0	4.13223e-05	0.000103306	0.5	0
	0.846	0.000764463	0.000826446	0.907692	0	4.13223e-05	0.000103306	0.5	0
	0.847	0.000516529	0.000971074	0.907692	0	6.19835e-05	0.000103306	0.5	0
	0.848	0.000764463	0.000847107	0.907692	0	8.26446e-05	4.13223e-05	0.5	0
	0.849	0.000640496	0.000909091	0.912371	0	6.19835e-05	6.19835e-05	0.5	0
	0.85	0.000433884	0.000743802	0.912371	0	2.06612e-05	8.26446e-05	0.5	0
	0.851	0.000867769	0.000950413	0.912371	0	6.19835e-05	0.00018595	0.5	0
	0.852	0.00072314	0.00128099	0.911917	0	0.000103306	6.19835e-05	0.5	0
	0.853	0.000867769	0.000826446	0.911917	0	4.13223e-05	2.06612e-05	0	0
	0.854	0.00072314	0.00117769	0.911917	0	4.13223e-05	6.19835e-05	0	0
	0.855	0.000929752	0.000619835	0.911917	0	4.13223e-05	0.000123967	0	0
	0.856	0.000619835	0.000743802	0.906736	0	4.13223e-05	6.19835e-05	0	0
	0.857	0.000785124	0.000909091	0.906736	0	2.06612e-05	8.26446e-05	0	0
	0.858	0.000681818	0.00088843	0.91623	0	4.13223e-05	6.19835e-05	0	0
	0.859	0.000867769	0.000929752	0.910995	0	6.19835e-05	6.19835e-05	0	0
	0.86	0.00072314	0.000971074	0.910526	0	0	0	0	0
	0.861	0.000578512	0.000805785	0.905263	0	0	0.000123967	0	0
	0.862	0.000413223	0.000909091	0.910053	0	2.06612e-05	0.000103306	0	0
	0.863	0.000681818	0.00088843	0.904762	0	2.06612e-05	2.06612e-05	0	0
	0.864	0.000413223	0.00088843	0.904762	0	2.06612e-05	4.13223e-05	0	0
	0.865	0.000681818	0.00072314	0.904255	0	4.13223e-05	4.13223e-05	0	0
	0.866	0.000516529	0.000991736	0.893617	0	4.13223e-05	0.000103306	0	0
	0.867	0.000495868	0.000950413	0.888298	0	8.26446e-05	4.13223e-05	0	0
	0.868	0.000599174	0.000971074	0.882979	0	6.19835e-05	0.000103306	0	0
	0.869	0.000785124	0.000743802	0.87766	0	4.13223e-05	8.26446e-05	0	0
	0.87	0.000661157	0.000867769	0.87766	0	6.19835e-05	4.13223e-05	0	0
	0.871	0.000475207	0.000929752	0.87766	0	0.000103306	4.13223e-05	0	0
	0.872	0.000557851	0.000991736	0.882353	0	0.000144628	4.13223e-05	0	0
	0.873	0.000681818	0.000909091	0.877005	0	8.26446e-05	0.00018595	0	0
	0.874	0.000599174	0.00103306	0.877005	0	6.19835e-05	0	0	0
	0.875	0.000847107	0.000971074	0.877005	0	4.13223e-05	8.26446e-05	0	0
	0.876	0.000599174	0.000826446	0.877005	0	6.19835e-05	2.06612e-05	0	0
	0.877	0.000847107	0.000909091	0.871658	0	4.13223e-05	8.26446e-05	0	0
	0.878	0.000805785	0.00113636	0.876344	0	6.19835e-05	2.06612e-05	0	0
	0.879	0.000929752	0.00103306	0.881081	0	4.13223e-05	6.19835e-05	0	0
	0.88	0.00072314	0.0010124	0.875	0	0.000123967	6.19835e-05	0	0
	0.881	0.000805785	0.000847107	0.863388	0	0.000103306	8.26446e-05	0	0
	0.882	0.000847107	0.00115702	0.852459	0	2.06612e-05	8.26446e-05	0	0
	0.883	0.000950413	0.00105372	0.846995	0	4.13223e-05	0.000123967	0	0
	0.884	0.00119835	0.0011157	0.851648	0	8.26446e-05	0	0	0
	0.885	0.0011157	0.000826446	0.840659	0	6.19835e-05	0	0	0
	0.886	0.00117769	0.000929752	0.834254	0	4.13223e-05	6.19835e-05	0	0
	0.887	0.00146694	0.00107438	0.838889	0	4.13223e-05	8.26446e-05	0	0
	0.888	0.000867769	0.000991736	0.833333	0	0.000103306	4.13223e-05	0	0
	0.889	0.0010124	0.00105372	0.827778	0	2.06612e-05	0	0	0
	0.89	0.0010124	0.000991736	0.832402	0	4.13223e-05	2.06612e-05	0	0
	0.891	0.0013843	0.00113636	0.826816	0	4.13223e-05	2.06612e-05	0	0
	0.892	0.00157025	0.000867769	0.815642	0	6.19835e-05	8.26446e-05	0	0
	0.893	0.00121901	0.0010124	0.810056	0	2.06612e-05	8.26446e-05	0	0
	0.894	0.00159091	0.00132231	0.804469	0	0	2.06612e-05	0	0
	0.895	0.0018595	0.000991736	0.803371	0	2.06612e-05	4.13223e-05	0	0
	0.896	0.00130165	0.00123967	0.797753	0	0	2.06612e-05	0	0
	0.897	0.00117769	0.000826446	0.792135	0	8.26446e-05	2.06612e-05	0	0
	0.898	0.0017562	0.00130165	0.786517	0	4.13223e-05	4.13223e-05	0	0
	0.899	0.00167355	0.00123967	0.775281	0	0	4.13223e-05	0	0
	0.9	0.00229339	0.00107438	0.764045	0	2.06612e-05	8.26446e-05	0	0
	0.901	0.00198347	0.00121901	0.735955	0	0	6.19835e-05	0	0
	0.902	0.0018595	0.00119835	0.724719	0	0	4.13223e-05	0	0
	0.903	0.00219008	0.00105372	0.719101	0	0	2.06612e-05	0	0
	0.904	0.00167355	0.00142562	0.711864	0	2.06612e-05	2.06612e-05	0	0
	0.905	0.00235537	0.0010124	0.706215	0	2.06612e-05	2.06612e-05	0	0
	0.906	0.00235537	0.00128099	0.710227	0	0	8.26446e-05	0	0
	0.907	0.00239669	0.00103306	0.697143	0	0	2.06612e-05	0	0
	0.908	0.00252066	0.00128099	0.697143	0	0	4.13223e-05	0	0
	0.909	0.0021281	0.00072314	0.689655	0	0	2.06612e-05	0	0
	0.91	0.00260331	0.00113636	0.678161	0	0	2.06612e-05	0	0
	0.911	0.0028719	0.00107438	0.682081	0	0	0	0	0
	0.912	0.00289256	0.00115702	0.674419	0	0	8.26446e-05	0	0
	0.913	0.00297521	0.00113636	0.666667	0	0	2.06612e-05	0	0
	0.914	0.00316116	0.00130165	0.658824	0	0	4.13223e-05	0	0
	0.915	0.00349174	0.00121901	0.658824	0	0	0.000123967	0	0
	0.916	0.00295455	0.00128099	0.662722	0	0	2.06612e-05	0	0
	0.917	0.00295455	0.00113636	0.662722	0	0	0	0	0
	0.918	0.00326446	0.000640496	0.664671	0	0	2.06612e-05	0	0
	0.919	0.00345041	0.00117769	0.656627	0	0	0	0	0
	0.92	0.00338843	0.0011157	0.644578	0	0	0	0	0
	0.921	0.00330579	0.00117769	0.642424	0	0	0	0	0
	0.922	0.00334711	0.00119835	0.636364	0	0	0	0	0
	0.923	0.00326446	0.00140496	0.640244	0	0	0	0	0
	0.924	0.00347107	0.00115702	0.639752	0	0	0	0	0
	0.925	0.0031405	0.00134298	0.639752	0	0	2.06612e-05	0	0
	0.926	0.00338843	0.00126033	0.6375	0	0	4.13223e-05	0	0
	0.927	0.00305785	0.00128099	0.63522	0	0	2.06612e-05	0	0
	0.928	0.00330579	0.00136364	0.632911	0	0	4.13223e-05	0	0
	0.929	0.00342975	0.00128099	0.624204	0	0	2.06612e-05	0	0
	0.93	0.00326446	0.00128099	0.621795	0	0	0	0	0
	0.931	0.00289256	0.0013843	0.612903	0	0	0	0	0
	0.932	0.00345041	0.00119835	0.606452	0	0	2.06612e-05	0	0
	0.933	0.00305785	0.00161157	0.590909	0	0	4.13223e-05	0	0
	0.934	0.00295455	0.00134298	0.602649	0	0	0	0	0
	0.935	0.00330579	0.00142562	0.604027	0	0	0	0	0
	0.936	0.00326446	0.00159091	0.597315	0	0	0	0	0
	0.937	0.0028719	0.00140496	0.606897	0	0	4.13223e-05	0	0
	0.938	0.00289256	0.0010124	0.593103	0	0	0	0	0
	0.939	0.00266529	0.00119835	0.605634	0	0	2.06612e-05	0	0
	0.94	0.00270661	0.00128099	0.614286	0	0	4.13223e-05	0	0
	0.941	0.00316116	0.00130165	0.615942	0	0	2.06612e-05	0	0
	0.942	0.00245868	0.00119835	0.620438	0	0	2.06612e-05	0	0
	0.943	0.00289256	0.00167355	0.617647	0	0	0	0	0
	0.944	0.00297521	0.00113636	0.601504	0	0	2.06612e-05	0	0
	0.945	0.00272727	0.00136364	0.606061	0	0	0	0	0
	0.946	0.00231405	0.00132231	0.6	0	0	0	0	0
	0.947	0.0022314	0.00103306	0.606299	0	0	0	0	0
	0.948	0.00299587	0.00121901	0.617886	0	0	0	0	0
	0.949	0.00237603	0.00123967	0.603306	0	0	0	0	0
	0.95	0.00208678	0.000847107	0.598291	0	0	0	0	0
	0.951	0.00289256	0.00119835	0.594828	0	0	0	0	0
	0.952	0.00283058	0.000971074	0.591304	0	0	0	0	0
	0.953	0.00247934	0.0010124	0.556522	0	0	0	0	0
	0.954	0.00278926	0.00107438	0.53913	0	0	0	0	0
	0.955	0.00260331	0.00107438	0.522124	0	0	0	0	0
	0.956	0.00283058	0.00105372	0.526786	0	0	2.06612e-05	0	0
	0.957	0.00260331	0.000847107	0.531532	0	0	0	0	0
	0.958	0.00272727	0.00117769	0.53211	0	0	2.06612e-05	0	0
	0.959	0.00254132	0.00119835	0.537037	0	0	2.06612e-05	0	0
	0.96	0.0031405	0.0011157	0.53271	0	0	2.06612e-05	0	0
	0.961	0.00334711	0.000867769	0.519608	0	0	4.13223e-05	0	0
	0.962	0.00353306	0.00113636	0.52	0	0	2.06612e-05	0	0
	0.963	0.00369835	0.000971074	0.515464	0	0	0	0	0
	0.964	0.00438017	0.000971074	0.510638	0	0	0	0	0
	0.965	0.00413223	0.000950413	0.489362	0	0	0	0	0
	0.966	0.00371901	0.00109504	0.468085	0	0	0	0	0
	0.967	0.00396694	0.000785124	0.414894	0	0	0	0	0
	0.968	0.00394628	0.00117769	0.402174	0	0	0	0	0
	0.969	0.00456612	0.000847107	0.402174	0	0	0	0	0
	0.97	0.00444215	0.000950413	0.406593	0	0	2.06612e-05	0	0
	0.971	0.0042562	0.000950413	0.397727	0	0	0	0	0
	0.972	0.00454545	0.00117769	0.367816	0	0	0	0	0
	0.973	0.00431818	0.000743802	0.360465	0	0	0	0	0
	0.974	0.00407025	0.000971074	0.333333	0	0	0	0	0
	0.975	0.00431818	0.000599174	0.329268	0	0	0	0	0
	0.976	0.00421488	0.00107438	0.325	0	0	0	0	0
	0.977	0.00530992	0.000929752	0.328947	0	0	0	0	0
	0.978	0.00487603	0.000929752	0.319444	0	0	0	0	0
	0.979	0.00493802	0.000640496	0.295775	0	0	2.06612e-05	0	0
	0.98	0.00454545	0.000764463	0.308824	0	0	0	0	0
	0.981	0.0046281	0.000681818	0.276923	0	0	0	0	0
	0.982	0.00429752	0.000764463	0.25	0	0	0	0	0
	0.983	0.00357438	0.000702479	0.245902	0	0	0	0	0
	0.984	0.00394628	0.000495868	0.237288	0	0	0	0	0
	0.985	0.00514463	0.000495868	0.25	0	0	0	0	0
	0.986	0.00433884	0.00035124	0.245283	0	0	0	0	0
	0.987	0.00371901	0.000413223	0.196078	0	0	0	0	0
	0.988	0.00390496	0.00035124	0.191489	0	0	0	0	0
	0.989	0.00407025	0.000413223	0.204545	0	0	0	0	0
	0.99	0.00407025	0.000495868	0.102564	0	0	0	0	0
	0.991	0.00394628	0.000330579	0.0526316	0	0	0	0	0
	0.992	0.00481405	0.00018595	0.0540541	0	0	0	0	0
	0.993	0.00495868	0.000268595	0.0285714	0	0	0	0	0
	0.994	0.00479339	0.000165289	0.0322581	0	0	0	0	0
	0.995	0.00545455	0.000247934	0.0384615	0	0	0	0	0
	0.996	0.00417355	0.000227273	0	0	0	0	0	0
	0.997	0.00390496	0.000165289	0	0	0	0	0	0
	0.998	0.00264463	0.00018595	0	0	0	0	0	0
	0.999	0.00192149	0.000144628	0	0	0	0	0	0
	1	0.00115702	0.000144628	0	0	0	0	0	0


#	yrange	sparsity	# links	zeta	support at cross	fraction FP	support at cross2	fraction FP2
	0	0	0	0.0306394	0.889	0.313899	0.889	0.313899
	0.006	0	0	0.0306394	0.889	0.313899	0.889	0.313899
