#	Frequencies and overlap
#	bins	MYC	shuffle	overlap_MYC	overlap_shuffle	SIGN_MYC	SIGNshuffle	SIGNoverlap_MYC	SIGNoverlap_shuffle
	0	0	0	1	1	0.423079	0.389669	0.740625	0
	0.001	0	0	1	1	0	0	0.740625	0
	0.002	0	0	1	1	0	0	0.740625	0
	0.003	0	0	1	1	0	0	0.740625	0
	0.004	0	0	1	1	0	0	0.740625	0
	0.005	0	0	1	1	0	0	0.740625	0
	0.006	0	0	1	1	0	0	0.740625	0
	0.007	0	0	1	1	0	0	0.740625	0
	0.008	0	0	1	1	0	0	0.740625	0
	0.009	0	0	1	1	0	0	0.740625	0
	0.01	0	0	1	1	0	0	0.740625	0
	0.011	0	0	1	1	0	0	0.740625	0
	0.012	0	0	1	1	0	0	0.740625	0
	0.013	0	0	1	1	0	0	0.740625	0
	0.014	0	0	1	1	0	0	0.740625	0
	0.015	0	0	1	1	0	0	0.740625	0
	0.016	0	0	1	1	0	0	0.740625	0
	0.017	0	0	1	1	0	0	0.740625	0
	0.018	0	0	1	1	0	0	0.740625	0
	0.019	0	0	1	1	0	0	0.740625	0
	0.02	0	0	1	1	0	0	0.740625	0
	0.021	0	0	1	1	0	0	0.740625	0
	0.022	0	0	1	1	0	0	0.740625	0
	0.023	0	0	1	1	0	0	0.740625	0
	0.024	0	0	1	1	0	0	0.740625	0
	0.025	0	0	1	1	0	0	0.740625	0
	0.026	0	0	1	1	0	0	0.740625	0
	0.027	0	0	1	1	0	0	0.740625	0
	0.028	0	0	1	1	0	0	0.740625	0
	0.029	0	0	1	1	0	0	0.740625	0
	0.03	0	0	1	1	0	0	0.740625	0
	0.031	0	0	1	1	0	0	0.740625	0
	0.032	0	0	1	1	0	0	0.740625	0
	0.033	0	0	1	1	0	0	0.740625	0
	0.034	0	0	1	1	0	0	0.740625	0
	0.035	0	0	1	1	0	0	0.740625	0
	0.036	0	0	1	1	0	0	0.740625	0
	0.037	0	0	1	1	0	0	0.740625	0
	0.038	0	0	1	1	0	0	0.740625	0
	0.039	0	0	1	1	0	0	0.740625	0
	0.04	0	0	1	1	0	0	0.740625	0
	0.041	0	0	1	1	0	0	0.740625	0
	0.042	0	0	1	1	0	0	0.740625	0
	0.043	0	0	1	1	0	0	0.740625	0
	0.044	0	0	1	1	0	0	0.740625	0
	0.045	0	0	1	1	0	0	0.740625	0
	0.046	0	0	1	1	0	0	0.740625	0
	0.047	0	0	1	1	0	0	0.740625	0
	0.048	0	0	1	1	0	0	0.740625	0
	0.049	0	0	1	1	0	0	0.740625	0
	0.05	0	0	1	1	0	0	0.740625	0
	0.051	0	0	1	1	0	0	0.740625	0
	0.052	0	0	1	1	0	0	0.740625	0
	0.053	0	0	1	1	0	0	0.740625	0
	0.054	0	0	1	1	0	0	0.740625	0
	0.055	0	0	1	1	0	0	0.740625	0
	0.056	0	0	1	1	0	0	0.740625	0
	0.057	0	0	1	1	0	0	0.740625	0
	0.058	0	0	1	1	0	0	0.740625	0
	0.059	0	0	1	1	0	0	0.740625	0
	0.06	0	0	1	1	0	0	0.740625	0
	0.061	0	0	1	1	0	0	0.740625	0
	0.062	0	0	1	1	0	0	0.740625	0
	0.063	0	0	1	1	0	0	0.740625	0
	0.064	0	0	1	1	0	0	0.740625	0
	0.065	0	0	1	1	0	0	0.740625	0
	0.066	0	0	1	1	0	0	0.740625	0
	0.067	0	0	1	1	0	0	0.740625	0
	0.068	0	0	1	1	0	0	0.740625	0
	0.069	0	0	1	1	0	0	0.740625	0
	0.07	0	0	1	1	0	0	0.740625	0
	0.071	0	0	1	1	0	0	0.740625	0
	0.072	0	0	1	1	0	0	0.740625	0
	0.073	0	0	1	1	0	0	0.740625	0
	0.074	0	0	1	1	0	0	0.740625	0
	0.075	0	0	1	1	0	0	0.740625	0
	0.076	0	0	1	1	0	0	0.740625	0
	0.077	0	0	1	1	0	0	0.740625	0
	0.078	0	0	1	1	0	0	0.740625	0
	0.079	0	0	1	1	0	0	0.740625	0
	0.08	0	0	1	1	0	0	0.740625	0
	0.081	0	0	1	1	0	0	0.740625	0
	0.082	0	0	1	1	0	0	0.740625	0
	0.083	0	0	1	1	0	0	0.740625	0
	0.084	0	0	1	1	0	0	0.740625	0
	0.085	0	0	1	1	0	0	0.740625	0
	0.086	0	0	1	1	0	0	0.740625	0
	0.087	0	0	1	1	0	0	0.740625	0
	0.088	0	0	1	1	0	0	0.740625	0
	0.089	0	0	1	1	0	0	0.740625	0
	0.09	0	0	1	1	0	0	0.740625	0
	0.091	0	0	1	1	0	0	0.740625	0
	0.092	0	0	1	1	0	0	0.740625	0
	0.093	0	0	1	1	0	0	0.740625	0
	0.094	0	0	1	1	0	0	0.740625	0
	0.095	0	0	1	1	0	0	0.740625	0
	0.096	0	0	1	1	0	0	0.740625	0
	0.097	0	0	1	1	0	0	0.740625	0
	0.098	0	0	1	1	0	0	0.740625	0
	0.099	0	0	1	1	0	0	0.740625	0
	0.1	0	0	1	1	0	0	0.740625	0
	0.101	0	0	1	1	0	0	0.740625	0
	0.102	0	0	1	1	0	0	0.740625	0
	0.103	0	0	1	1	0	0	0.740625	0
	0.104	0	0	1	1	0	0	0.740625	0
	0.105	0	0	1	1	0	0	0.740625	0
	0.106	0	0	1	1	0	0	0.740625	0
	0.107	0	0	1	1	0	0	0.740625	0
	0.108	0	0	1	1	0	0	0.740625	0
	0.109	0	0	1	1	0	0	0.740625	0
	0.11	0	0	1	1	0	0	0.740625	0
	0.111	0	0	1	1	0	0	0.740625	0
	0.112	0	0	1	1	0	0	0.740625	0
	0.113	0	0	1	1	0	0	0.740625	0
	0.114	0	0	1	1	0	0	0.740625	0
	0.115	0	0	1	1	0	2.06612e-05	0.740625	0
	0.116	0	0	1	1	0	0	0.740625	0
	0.117	0	0	1	1	0	0	0.740625	0
	0.118	0	0	1	1	0	0	0.740625	0
	0.119	0	0	1	1	0	0	0.740625	0
	0.12	0	0	1	1	0	0	0.740625	0
	0.121	0	0	1	1	0	0	0.740625	0
	0.122	0	0	1	1	0	2.06612e-05	0.740625	0
	0.123	0	0	1	1	0	0	0.740625	0
	0.124	0	0	1	1	0	0	0.740625	0
	0.125	0	0	1	1	0	0	0.740625	0
	0.126	0	0	1	1	0	0	0.740625	0
	0.127	0	0	1	1	0	0	0.740625	0
	0.128	0	0	1	1	0	0	0.740625	0
	0.129	0	0	1	1	0	0	0.740625	0
	0.13	0	0	1	1	0	0	0.740625	0
	0.131	0	0	1	1	0	0	0.740625	0
	0.132	0	0	1	1	0	0	0.740625	0
	0.133	0	0	1	1	0	0	0.740625	0
	0.134	0	0	1	1	0	0	0.740625	0
	0.135	0	0	1	1	0	0	0.740625	0
	0.136	0	0	1	1	0	0	0.740625	0
	0.137	0	0	1	1	0	0	0.740625	0
	0.138	0	0	1	1	0	0	0.740625	0
	0.139	0	0	1	1	0	0	0.740625	0
	0.14	0	0	1	1	0	0	0.740625	0
	0.141	0	0	1	1	0	0	0.740625	0
	0.142	0	0	1	1	0	2.06612e-05	0.740625	0
	0.143	0	0	1	1	0	0	0.740625	0
	0.144	0	0	1	1	0	0	0.740625	0
	0.145	0	0	1	1	0	2.06612e-05	0.740625	0
	0.146	0	0	1	1	0	0	0.740625	0
	0.147	0	0	1	1	0	0	0.740625	0
	0.148	0	0	1	1	0	0	0.740625	0
	0.149	0	0	1	1	0	0	0.740625	0
	0.15	0	0	1	1	0	0	0.740625	0
	0.151	0	0	1	1	0	0	0.740625	0
	0.152	0	0	1	1	0	0	0.740625	0
	0.153	0	0	1	1	0	0	0.740625	0
	0.154	0	0	1	1	0	0	0.740625	0
	0.155	0	0	1	1	0	0	0.740625	0
	0.156	0	0	1	1	0	0	0.740625	0
	0.157	0	0	1	1	0	0	0.740625	0
	0.158	0	0	1	1	0	0	0.740625	0
	0.159	0	0	1	1	0	0	0.740625	0
	0.16	0	0	1	1	0	0	0.740625	0
	0.161	0	0	1	1	0	0	0.740625	0
	0.162	0	0	1	1	0	0	0.740625	0
	0.163	0	0	1	1	0	0	0.740625	0
	0.164	0	0	1	1	0	0	0.740625	0
	0.165	0	0	1	1	0	0	0.740625	0
	0.166	0	0	1	1	0	0	0.740625	0
	0.167	0	0	1	1	0	0	0.740625	0
	0.168	0	0	1	1	0	0	0.740625	0
	0.169	0	0	1	1	0	0	0.740625	0
	0.17	0	0	1	1	0	0	0.740625	0
	0.171	0	0	1	1	0	0	0.740625	0
	0.172	0	0	1	1	0	0	0.740625	0
	0.173	0	0	1	1	0	0	0.740625	0
	0.174	0	0	1	1	0	2.06612e-05	0.740625	0
	0.175	0	0	1	1	0	0	0.740625	0
	0.176	0	0	1	1	0	0	0.740625	0
	0.177	0	0	1	1	0	0	0.740625	0
	0.178	0	0	1	1	0	0	0.740625	0
	0.179	0	0	1	1	0	0	0.740625	0
	0.18	0	0	1	1	0	0	0.740625	0
	0.181	0	0	1	1	0	0	0.740625	0
	0.182	0	2.06612e-05	1	1	0	0	0.740625	0
	0.183	0	2.06612e-05	1	0.997934	0	0	0.740625	0
	0.184	0	0	1	0.995868	0	0	0.740625	0
	0.185	0	0	1	0.995868	0	0	0.740625	0
	0.186	0	0	1	0.995868	0	0	0.740625	0
	0.187	0	0	1	0.995868	0	0	0.740625	0
	0.188	0	0	1	0.995868	0	0	0.740625	0
	0.189	0	0	1	0.995868	0	0	0.740625	0
	0.19	0	0	1	0.995868	0	0	0.740625	0
	0.191	0	0	1	0.995868	0	0	0.740625	0
	0.192	0	0	1	0.995868	0	0	0.740625	0
	0.193	0	0	1	0.995868	0	0	0.740625	0
	0.194	0	0	1	0.995868	0	0	0.740625	0
	0.195	0	0	1	0.995868	0	0	0.740625	0
	0.196	0	0	1	0.995868	0	0	0.740625	0
	0.197	0	0	1	0.995868	0	0	0.740625	0
	0.198	0	0	1	0.995868	0	0	0.740625	0
	0.199	0	0	1	0.995868	0	0	0.740625	0
	0.2	0	0	1	0.995868	0	2.06612e-05	0.740625	0
	0.201	0	0	1	0.995868	0	0	0.740625	0
	0.202	0	0	1	0.995868	0	0	0.740625	0
	0.203	0	0	1	0.995868	0	0	0.740625	0
	0.204	0	0	1	0.995868	0	2.06612e-05	0.740625	0
	0.205	0	0	1	0.995868	0	0	0.740625	0
	0.206	0	0	1	0.995868	0	0	0.740625	0
	0.207	0	0	1	0.995868	0	2.06612e-05	0.740625	0
	0.208	0	0	1	0.995868	0	0	0.740625	0
	0.209	0	0	1	0.995868	0	0	0.740625	0
	0.21	0	0	1	0.995868	0	0	0.740625	0
	0.211	0	0	1	0.995868	0	0	0.740625	0
	0.212	0	0	1	0.995868	0	0	0.740625	0
	0.213	0	0	1	0.995868	0	0	0.740625	0
	0.214	0	0	1	0.995868	0	2.06612e-05	0.740625	0
	0.215	0	0	1	0.995868	0	0	0.740625	0
	0.216	0	0	1	0.995868	0	0	0.740625	0
	0.217	0	0	1	0.995868	0	0	0.740625	0
	0.218	0	0	1	0.995868	0	0	0.740625	0
	0.219	0	2.06612e-05	1	0.995868	0	0	0.740625	0
	0.22	0	0	1	0.993802	0	0	0.740625	0
	0.221	0	0	1	0.993802	0	0	0.740625	0
	0.222	0	0	1	0.993802	0	0	0.740625	0
	0.223	0	0	1	0.993802	0	0	0.740625	0
	0.224	0	0	1	0.993802	0	0	0.740625	0
	0.225	0	0	1	0.993802	0	0	0.740625	0
	0.226	0	0	1	0.993802	0	0	0.740625	0
	0.227	0	2.06612e-05	1	0.993802	0	0	0.740625	0
	0.228	0	0	1	0.991736	0	2.06612e-05	0.740625	0
	0.229	0	0	1	0.991736	0	0	0.740625	0
	0.23	0	0	1	0.991736	0	0	0.740625	0
	0.231	0	0	1	0.991736	0	0	0.740625	0
	0.232	0	0	1	0.991736	0	0	0.740625	0
	0.233	0	0	1	0.991736	0	2.06612e-05	0.740625	0
	0.234	0	0	1	0.991736	0	0	0.740625	0
	0.235	0	0	1	0.991736	0	2.06612e-05	0.740625	0
	0.236	0	0	1	0.991736	0	2.06612e-05	0.740625	0
	0.237	0	0	1	0.991736	0	0	0.740625	0
	0.238	0	0	1	0.991736	0	0	0.740625	0
	0.239	0	0	1	0.991736	0	4.13223e-05	0.740625	0
	0.24	0	0	1	0.991736	0	2.06612e-05	0.740625	0
	0.241	0	0	1	0.991736	0	0	0.740625	0
	0.242	0	0	1	0.991736	0	0	0.740625	0
	0.243	0	0	1	0.991736	0	0	0.740625	0
	0.244	0	0	1	0.991736	0	0	0.740625	0
	0.245	0	2.06612e-05	1	0.991736	0	2.06612e-05	0.740625	0
	0.246	0	0	1	0.989669	0	2.06612e-05	0.740625	0
	0.247	0	0	1	0.989669	0	0	0.740625	0
	0.248	0	0	1	0.989669	0	2.06612e-05	0.740625	0
	0.249	0	0	1	0.989669	0	0	0.740625	0
	0.25	0	0	1	0.989669	0	0	0.740625	0
	0.251	0	0	1	0.989669	0	0	0.740625	0
	0.252	0	0	1	0.989669	0	0	0.740625	0
	0.253	0	0	1	0.989669	0	2.06612e-05	0.740625	0
	0.254	0	0	1	0.989669	0	0	0.740625	0
	0.255	0	0	1	0.989669	0	2.06612e-05	0.740625	0
	0.256	0	0	1	0.989669	0	2.06612e-05	0.740625	0
	0.257	0	0	1	0.989669	0	2.06612e-05	0.740625	0
	0.258	0	0	1	0.989669	0	2.06612e-05	0.740625	0
	0.259	0	0	1	0.989669	0	0	0.740625	0
	0.26	0	0	1	0.989669	0	0	0.740625	0
	0.261	0	0	1	0.989669	0	0	0.740625	0
	0.262	0	0	1	0.989669	0	0	0.740625	0
	0.263	0	0	1	0.989669	0	0	0.740625	0
	0.264	0	0	1	0.989669	0	0	0.740625	0
	0.265	0	0	1	0.989669	0	2.06612e-05	0.740625	0
	0.266	0	0	1	0.989669	0	0	0.740625	0
	0.267	0	2.06612e-05	1	0.989669	0	0	0.740625	0
	0.268	0	0	1	0.987603	0	0	0.740625	0
	0.269	0	0	1	0.987603	0	0	0.740625	0
	0.27	0	0	1	0.987603	0	0	0.740625	0
	0.271	0	0	1	0.987603	0	2.06612e-05	0.740625	0
	0.272	0	0	1	0.987603	0	0	0.740625	0
	0.273	0	0	1	0.987603	0	0	0.740625	0
	0.274	0	0	1	0.987603	0	2.06612e-05	0.740625	0
	0.275	0	0	1	0.987603	0	0	0.740625	0
	0.276	0	0	1	0.987603	0	2.06612e-05	0.740625	0
	0.277	0	0	1	0.987603	0	0	0.740625	0
	0.278	0	0	1	0.987603	0	2.06612e-05	0.740625	0
	0.279	0	0	1	0.987603	0	2.06612e-05	0.740625	0
	0.28	0	0	1	0.987603	0	0	0.740625	0
	0.281	0	0	1	0.987603	0	0	0.740625	0
	0.282	0	0	1	0.987603	0	2.06612e-05	0.740625	0
	0.283	0	0	1	0.987603	0	0	0.740625	0
	0.284	0	0	1	0.987603	0	2.06612e-05	0.740625	0
	0.285	0	0	1	0.987603	0	0	0.740625	0
	0.286	0	2.06612e-05	1	0.987603	0	0	0.740625	0
	0.287	0	0	1	0.985537	0	0	0.740625	0
	0.288	0	0	1	0.985537	0	0	0.740625	0
	0.289	0	0	1	0.985537	0	2.06612e-05	0.740625	0
	0.29	0	0	1	0.985537	0	4.13223e-05	0.740625	0
	0.291	0	0	1	0.985537	0	2.06612e-05	0.740625	0
	0.292	0	0	1	0.985537	0	0	0.740625	0
	0.293	0	0	1	0.985537	0	2.06612e-05	0.740625	0
	0.294	0	0	1	0.985537	0	4.13223e-05	0.740625	0
	0.295	0	0	1	0.985537	0	0	0.740625	0
	0.296	0	0	1	0.985537	0	0	0.740625	0
	0.297	0	0	1	0.985537	0	2.06612e-05	0.740625	0
	0.298	0	0	1	0.985537	0	0	0.740625	0
	0.299	0	0	1	0.985537	0	0	0.740625	0
	0.3	0	0	1	0.985537	0	0	0.740625	0
	0.301	0	0	1	0.985537	0	0	0.740625	0
	0.302	0	0	1	0.985537	0	2.06612e-05	0.740625	0
	0.303	0	0	1	0.985537	0	0	0.740625	0
	0.304	0	0	1	0.985537	0	4.13223e-05	0.740625	0
	0.305	0	0	1	0.985537	0	0	0.740625	0
	0.306	0	0	1	0.985537	0	0	0.740625	0
	0.307	0	0	1	0.985537	0	0	0.740625	0
	0.308	0	0	1	0.985537	0	0	0.740625	0
	0.309	0	2.06612e-05	1	0.985537	0	2.06612e-05	0.740625	0
	0.31	0	0	1	0.983471	0	0	0.740625	0
	0.311	0	0	1	0.983471	0	0	0.740625	0
	0.312	0	0	1	0.983471	0	2.06612e-05	0.740625	0
	0.313	0	0	1	0.983471	0	2.06612e-05	0.740625	0
	0.314	0	0	1	0.983471	0	2.06612e-05	0.740625	0
	0.315	0	0	1	0.983471	0	4.13223e-05	0.740625	0
	0.316	0	0	1	0.983471	0	6.19835e-05	0.740625	0
	0.317	0	0	1	0.983471	0	4.13223e-05	0.740625	0
	0.318	0	0	1	0.983471	0	0	0.740625	0
	0.319	0	0	1	0.983471	0	4.13223e-05	0.740625	0
	0.32	0	0	1	0.983471	0	2.06612e-05	0.740625	0
	0.321	0	0	1	0.983471	0	2.06612e-05	0.740625	0
	0.322	0	0	1	0.983471	0	0	0.740625	0
	0.323	0	0	1	0.983471	0	4.13223e-05	0.740625	0
	0.324	0	0	1	0.983471	0	0	0.740625	0
	0.325	0	0	1	0.983471	0	0	0.740625	0
	0.326	0	0	1	0.983471	0	4.13223e-05	0.740625	0
	0.327	0	2.06612e-05	1	0.983471	0	0	0.740625	0
	0.328	0	0	1	0.981405	0	0	0.740625	0
	0.329	0	0	1	0.981405	0	4.13223e-05	0.740625	0
	0.33	0	0	1	0.981405	0	4.13223e-05	0.740625	0
	0.331	0	0	1	0.981405	0	2.06612e-05	0.740625	0
	0.332	0	0	1	0.981405	0	0	0.740625	0
	0.333	0	0	1	0.981405	0	4.13223e-05	0.740625	0
	0.334	0	0	1	0.981405	0	0	0.740625	0
	0.335	0	0	1	0.981405	0	0	0.740625	0
	0.336	0	0	1	0.981405	0	6.19835e-05	0.740625	0
	0.337	0	0	1	0.981405	0	2.06612e-05	0.740625	0
	0.338	0	0	1	0.981405	0	0	0.740625	0
	0.339	0	0	1	0.981405	0	4.13223e-05	0.740625	0
	0.34	0	0	1	0.981405	0	0	0.740625	0
	0.341	0	2.06612e-05	1	0.981405	0	4.13223e-05	0.740625	0
	0.342	0	0	1	0.979339	0	6.19835e-05	0.740625	0
	0.343	0	0	1	0.979339	0	0.000103306	0.740625	0
	0.344	0	0	1	0.979339	0	0	0.740625	0
	0.345	0	0	1	0.979339	0	8.26446e-05	0.740625	0
	0.346	0	0	1	0.979339	0	4.13223e-05	0.740625	0
	0.347	0	2.06612e-05	1	0.979339	0	6.19835e-05	0.740625	0
	0.348	0	0	1	0.977273	0	0	0.740625	0
	0.349	0	2.06612e-05	1	0.977273	0	0	0.740625	0
	0.35	0	4.13223e-05	1	0.975207	0	4.13223e-05	0.740625	0
	0.351	0	0	1	0.971074	0	0	0.740625	0
	0.352	0	2.06612e-05	1	0.971074	0	8.26446e-05	0.740625	0
	0.353	0	0	1	0.969008	0	0.000103306	0.740625	0
	0.354	0	0	1	0.969008	0	8.26446e-05	0.740625	0
	0.355	0	0	1	0.969008	0	4.13223e-05	0.740625	0
	0.356	0	0	1	0.969008	0	2.06612e-05	0.740625	0
	0.357	0	0	1	0.969008	0	0	0.740625	0
	0.358	0	0	1	0.969008	0	4.13223e-05	0.740625	0
	0.359	0	0	1	0.969008	0	4.13223e-05	0.740625	0
	0.36	0	0	1	0.969008	0	2.06612e-05	0.740625	0
	0.361	0	0	1	0.969008	0	2.06612e-05	0.740625	0
	0.362	0	0	1	0.969008	0	0.000103306	0.740625	0
	0.363	0	0	1	0.969008	0	2.06612e-05	0.740625	0
	0.364	0	0	1	0.969008	0	4.13223e-05	0.740625	0
	0.365	0	0	1	0.969008	0	6.19835e-05	0.740625	0
	0.366	0	0	1	0.969008	0	8.26446e-05	0.740625	0
	0.367	0	0	1	0.969008	0	6.19835e-05	0.740625	0
	0.368	0	0	1	0.969008	0	6.19835e-05	0.740625	0
	0.369	0	0	1	0.969008	0	2.06612e-05	0.740625	0
	0.37	0	0	1	0.969008	0	2.06612e-05	0.740625	0
	0.371	0	2.06612e-05	1	0.969008	0	4.13223e-05	0.740625	0
	0.372	0	0	1	0.969008	0	2.06612e-05	0.740625	0
	0.373	0	0	1	0.969008	0	2.06612e-05	0.740625	0
	0.374	0	0	1	0.969008	0	6.19835e-05	0.740625	0
	0.375	0	0	1	0.969008	0	4.13223e-05	0.740625	0
	0.376	0	0	1	0.969008	0	6.19835e-05	0.740625	0
	0.377	0	2.06612e-05	1	0.969008	0	4.13223e-05	0.740625	0
	0.378	0	0	1	0.969008	0	8.26446e-05	0.740625	0
	0.379	0	0	1	0.969008	4.13223e-05	4.13223e-05	0.740625	0
	0.38	0	0	1	0.969008	0	2.06612e-05	0.734375	0
	0.381	0	2.06612e-05	1	0.969008	2.06612e-05	2.06612e-05	0.734375	0
	0.382	0	0	1	0.966942	0	8.26446e-05	0.734375	0
	0.383	0	0	1	0.966942	0	4.13223e-05	0.734375	0
	0.384	0	0	1	0.966942	0	6.19835e-05	0.734375	0
	0.385	0	0	1	0.966942	4.13223e-05	0	0.734375	0
	0.386	0	0	1	0.966942	2.06612e-05	2.06612e-05	0.734375	0
	0.387	0	0	1	0.966942	4.13223e-05	6.19835e-05	0.734375	0
	0.388	0	2.06612e-05	1	0.966942	0	6.19835e-05	0.734375	0
	0.389	0	0	1	0.964876	4.13223e-05	4.13223e-05	0.734375	0
	0.39	0	0	1	0.964876	2.06612e-05	6.19835e-05	0.734375	0
	0.391	0	0	1	0.964876	2.06612e-05	6.19835e-05	0.734375	0
	0.392	0	0	1	0.964876	0	4.13223e-05	0.734375	0
	0.393	0	0	1	0.964876	0	8.26446e-05	0.734375	0
	0.394	0	4.13223e-05	1	0.964876	2.06612e-05	8.26446e-05	0.734375	0
	0.395	0	0	1	0.96281	2.06612e-05	6.19835e-05	0.734375	0
	0.396	0	0	1	0.96281	6.19835e-05	0.000123967	0.734375	0
	0.397	0	0	1	0.96281	6.19835e-05	0	0.734375	0
	0.398	0	0	1	0.96281	2.06612e-05	0.000103306	0.734375	0
	0.399	0	0	1	0.96281	4.13223e-05	6.19835e-05	0.734375	0
	0.4	0	0	1	0.96281	8.26446e-05	6.19835e-05	0.734375	0
	0.401	0	2.06612e-05	1	0.96281	6.19835e-05	0.000103306	0.734375	0
	0.402	0	2.06612e-05	1	0.960744	0.000103306	2.06612e-05	0.734375	0
	0.403	0	0	1	0.958678	8.26446e-05	4.13223e-05	0.734375	0
	0.404	0	0	1	0.958678	4.13223e-05	8.26446e-05	0.734375	0
	0.405	0	0	1	0.958678	6.19835e-05	6.19835e-05	0.734375	0
	0.406	0	2.06612e-05	1	0.958678	6.19835e-05	4.13223e-05	0.734375	0
	0.407	0	0	1	0.956612	0.000123967	6.19835e-05	0.734375	0
	0.408	0	0	1	0.956612	4.13223e-05	4.13223e-05	0.734375	0
	0.409	0	2.06612e-05	1	0.956612	0.000123967	8.26446e-05	0.734375	0
	0.41	0	0	1	0.956612	6.19835e-05	4.13223e-05	0.734375	0
	0.411	0	0	1	0.956612	6.19835e-05	0.000103306	0.734375	0
	0.412	0	0	1	0.956612	0.000103306	0.000103306	0.734375	0
	0.413	0	0	1	0.956612	8.26446e-05	0.000165289	0.734375	0
	0.414	0	0	1	0.956612	4.13223e-05	0.000123967	0.734375	0
	0.415	0	2.06612e-05	1	0.956612	4.13223e-05	6.19835e-05	0.734375	0
	0.416	0	0	1	0.956612	6.19835e-05	4.13223e-05	0.734375	0
	0.417	0	4.13223e-05	1	0.956612	6.19835e-05	0.000103306	0.734375	0
	0.418	0	4.13223e-05	1	0.952479	8.26446e-05	8.26446e-05	0.734375	0
	0.419	0	0	1	0.952479	0.000144628	8.26446e-05	0.734375	0
	0.42	0	2.06612e-05	1	0.952479	6.19835e-05	8.26446e-05	0.734375	0
	0.421	0	0	1	0.950413	0.000123967	0.000103306	0.734375	0
	0.422	0	0	1	0.950413	0.000123967	0.000103306	0.734375	0
	0.423	0	0	1	0.950413	0.000144628	0.000103306	0.73125	0
	0.424	0	2.06612e-05	1	0.950413	8.26446e-05	0.000103306	0.73125	0
	0.425	0	0	1	0.950413	0.000123967	0.000144628	0.73125	0
	0.426	0	2.06612e-05	1	0.950413	0.000144628	6.19835e-05	0.73125	0
	0.427	0	0	1	0.950413	0.000144628	0.000165289	0.73125	0
	0.428	0	4.13223e-05	1	0.950413	0.000144628	0.000123967	0.728125	0
	0.429	0	2.06612e-05	1	0.948347	8.26446e-05	0.000103306	0.728125	0
	0.43	0	2.06612e-05	1	0.946281	0.000165289	0.000227273	0.728125	0
	0.431	0	0	1	0.944215	0.000247934	0.000227273	0.728125	0
	0.432	0	0	1	0.944215	0.000103306	0.000123967	0.728125	0
	0.433	0	0	1	0.944215	0.000227273	0.000206612	0.728125	0
	0.434	0	0	1	0.944215	0.000268595	0.000123967	0.728125	0
	0.435	0	0	1	0.944215	0.000206612	0.000206612	0.728125	0
	0.436	0	0	1	0.944215	0.000247934	0.00018595	0.728125	0
	0.437	0	0	1	0.944215	0.00018595	2.06612e-05	0.728125	0
	0.438	0	0	1	0.944215	0.000309917	0.000103306	0.728125	0
	0.439	0	0	1	0.944215	0.000330579	0.000123967	0.728125	0
	0.44	0	2.06612e-05	1	0.944215	0.000289256	0.000103306	0.728125	0
	0.441	0	2.06612e-05	1	0.942149	0.000289256	0.00018595	0.728125	0
	0.442	0	0	1	0.942149	0.00035124	0.000123967	0.728125	0
	0.443	0	0	1	0.942149	0.000268595	0.000165289	0.728125	0
	0.444	0	2.06612e-05	1	0.942149	0.000227273	0.000227273	0.728125	0
	0.445	0	0	1	0.942149	0.000268595	0.000165289	0.728125	0
	0.446	0	4.13223e-05	1	0.942149	0.000165289	0.000165289	0.728125	0
	0.447	0	0	1	0.940083	0.000413223	0.00018595	0.728125	0
	0.448	0	0	1	0.940083	0.000227273	0.000247934	0.728125	0
	0.449	0	0	1	0.940083	0.000289256	0.000206612	0.728125	0
	0.45	0	8.26446e-05	1	0.940083	0.000289256	0.000247934	0.728125	0
	0.451	0	2.06612e-05	1	0.93595	0.000309917	0.000144628	0.728125	0
	0.452	0	0	1	0.933884	0.000289256	0.000330579	0.728125	0
	0.453	0	8.26446e-05	1	0.933884	0.000392562	0.00018595	0.728125	0
	0.454	0	0	1	0.929752	0.000413223	0.000123967	0.728125	0
	0.455	0	0	1	0.929752	0.000330579	0.000268595	0.728125	0
	0.456	0	2.06612e-05	1	0.929752	0.000433884	0.000206612	0.727273	0
	0.457	0	0	1	0.927686	0.000289256	0.000371901	0.727273	0
	0.458	0	4.13223e-05	1	0.927686	0.000289256	0.000289256	0.727273	0
	0.459	0	0	1	0.92562	0.00035124	0.000227273	0.72956	0
	0.46	0	0	1	0.92562	0.000206612	0.000371901	0.72956	0
	0.461	0	0	1	0.92562	0.000433884	0.000268595	0.72956	0
	0.462	0	2.06612e-05	1	0.92562	0.00018595	0.000289256	0.726415	0
	0.463	0	0	1	0.92562	0.000227273	0.00035124	0.726415	0
	0.464	0	4.13223e-05	1	0.92562	0.000247934	0.000433884	0.728707	0
	0.465	0	0	1	0.923554	0.00018595	0.000371901	0.728707	0
	0.466	0	2.06612e-05	1	0.923554	0.000247934	0.000392562	0.728707	0
	0.467	0	0	1	0.921488	0.000289256	0.000330579	0.728707	0
	0.468	0	0	1	0.921488	0.000206612	0.000247934	0.728707	0
	0.469	0	2.06612e-05	1	0.921488	0.00018595	0.000330579	0.728707	0
	0.47	0	0	1	0.921488	0.000144628	0.000330579	0.725552	0
	0.471	0	4.13223e-05	1	0.921488	0.000247934	0.000289256	0.725552	0
	0.472	0	0	1	0.919421	0.00035124	0.000433884	0.727848	0
	0.473	0	4.13223e-05	1	0.919421	0.000247934	0.000309917	0.724684	0
	0.474	0	0	1	0.919421	0.000206612	0.000413223	0.726984	0
	0.475	0	4.13223e-05	1	0.919421	0.00018595	0.000392562	0.726984	0
	0.476	0	0	1	0.917355	0.000371901	0.000516529	0.726984	0
	0.477	0	2.06612e-05	1	0.917355	0.00018595	0.00053719	0.726984	0
	0.478	0	2.06612e-05	1	0.917355	0.000206612	0.00072314	0.726984	0
	0.479	0	2.06612e-05	1	0.917355	0.000309917	0.00053719	0.726984	0
	0.48	0	4.13223e-05	1	0.915289	0.000227273	0.000578512	0.729299	0
	0.481	0	0	1	0.915289	0.000454545	0.00053719	0.731629	0
	0.482	0	2.06612e-05	1	0.915289	0.000371901	0.000619835	0.731629	0
	0.483	0	2.06612e-05	1	0.913223	0.000309917	0.000743802	0.733974	0
	0.484	0	0	1	0.911157	0.000413223	0.000557851	0.733974	0
	0.485	0	0	1	0.911157	0.000826446	0.000392562	0.733974	0
	0.486	0	6.19835e-05	1	0.911157	0.000392562	0.000743802	0.730769	0
	0.487	2.06612e-05	0	1	0.911157	0.000640496	0.000578512	0.730769	0
	0.488	0	6.19835e-05	0.997934	0.911157	0.000681818	0.00072314	0.727564	0
	0.489	0	0	0.997934	0.907025	0.00053719	0.000743802	0.727564	0
	0.49	2.06612e-05	4.13223e-05	0.997934	0.907025	0.000516529	0.000785124	0.727564	0
	0.491	0	4.13223e-05	0.997934	0.904959	0.00072314	0.00103306	0.732258	0
	0.492	2.06612e-05	0	0.997934	0.900826	0.000619835	0.000950413	0.732258	0
	0.493	2.06612e-05	2.06612e-05	0.997934	0.900826	0.000661157	0.00128099	0.729032	0
	0.494	2.06612e-05	2.06612e-05	0.997934	0.900826	0.000743802	0.00113636	0.725806	0
	0.495	2.06612e-05	4.13223e-05	0.997934	0.900826	0.000640496	0.00109504	0.725806	0
	0.496	0	0	0.997934	0.900826	0.000991736	0.00128099	0.725806	0
	0.497	4.13223e-05	4.13223e-05	0.997934	0.900826	0.00128099	0.00132231	0.722581	0
	0.498	0	2.06612e-05	0.997934	0.900826	0.0010124	0.00117769	0.719355	0
	0.499	0	2.06612e-05	0.997934	0.900826	0.00163223	0.00171488	0.719355	0
	0.5	4.13223e-05	2.06612e-05	0.997934	0.89876	0.00210744	0.00165289	0.712903	0
	0.501	4.13223e-05	0	0.997934	0.896694	0.00204545	0.00181818	0.714286	0
	0.502	0	0	0.997934	0.896694	0.00225207	0.00206612	0.715686	0
	0.503	2.06612e-05	0	0.997934	0.896694	0.00241736	0.00177686	0.701639	0
	0.504	0	2.06612e-05	0.997934	0.896694	0.00208678	0.00152893	0.700658	0
	0.505	4.13223e-05	0	0.997934	0.894628	0.00229339	0.00169421	0.693069	0
	0.506	4.13223e-05	0	0.997934	0.894628	0.00237603	0.00204545	0.692053	0
	0.507	6.19835e-05	0	0.997934	0.894628	0.00216942	0.00181818	0.694352	0
	0.508	4.13223e-05	4.13223e-05	0.997934	0.894628	0.00206612	0.00157025	0.695652	0
	0.509	0	4.13223e-05	0.997934	0.894628	0.00219008	0.0013843	0.697987	0
	0.51	6.19835e-05	2.06612e-05	0.997934	0.892562	0.00262397	0.0017562	0.69697	0
	0.511	4.13223e-05	2.06612e-05	0.997934	0.890496	0.00216942	0.00165289	0.70068	0
	0.512	2.06612e-05	0	0.997934	0.890496	0.00237603	0.00157025	0.69863	0
	0.513	2.06612e-05	4.13223e-05	0.997934	0.890496	0.00247934	0.00167355	0.688356	0
	0.514	8.26446e-05	0	0.997934	0.88843	0.00229339	0.00157025	0.688356	0
	0.515	6.19835e-05	2.06612e-05	0.997934	0.88843	0.00258264	0.00214876	0.682759	0
	0.516	0	0	0.997934	0.88843	0.00198347	0.00165289	0.67931	0
	0.517	4.13223e-05	2.06612e-05	0.997934	0.88843	0.00231405	0.00165289	0.672414	0
	0.518	4.13223e-05	2.06612e-05	0.997934	0.886364	0.00235537	0.00157025	0.67474	0
	0.519	4.13223e-05	2.06612e-05	0.997934	0.886364	0.00198347	0.00142562	0.67474	0
	0.52	2.06612e-05	8.26446e-05	0.997934	0.884298	0.00210744	0.00159091	0.677083	0
	0.521	2.06612e-05	2.06612e-05	0.997934	0.882231	0.00190083	0.00190083	0.677083	0
	0.522	4.13223e-05	4.13223e-05	0.997934	0.882231	0.00252066	0.00179752	0.677083	0
	0.523	4.13223e-05	2.06612e-05	0.997934	0.882231	0.00245868	0.00173554	0.680702	0
	0.524	8.26446e-05	2.06612e-05	0.997934	0.880165	0.00229339	0.00169421	0.677305	0
	0.525	2.06612e-05	4.13223e-05	0.997934	0.880165	0.00233471	0.00128099	0.669039	0
	0.526	4.13223e-05	4.13223e-05	0.997934	0.880165	0.00188017	0.00188017	0.670251	0
	0.527	4.13223e-05	2.06612e-05	0.997934	0.880165	0.00221074	0.00206612	0.666667	0
	0.528	4.13223e-05	0	0.997934	0.880165	0.00233471	0.00200413	0.669065	0
	0.529	6.19835e-05	2.06612e-05	0.997934	0.880165	0.0022314	0.00194215	0.67148	0
	0.53	0	2.06612e-05	0.997934	0.880165	0.00266529	0.00161157	0.67148	0
	0.531	6.19835e-05	2.06612e-05	0.997934	0.878099	0.00235537	0.00177686	0.672727	0
	0.532	0	6.19835e-05	0.997934	0.878099	0.00229339	0.00192149	0.675182	0
	0.533	4.13223e-05	2.06612e-05	0.997934	0.873967	0.00225207	0.00150826	0.673993	0
	0.534	4.13223e-05	2.06612e-05	0.997934	0.873967	0.00227273	0.00190083	0.678967	0
	0.535	0	4.13223e-05	0.997934	0.873967	0.00233471	0.00183884	0.677778	0
	0.536	8.26446e-05	0	0.997934	0.869835	0.00210744	0.00183884	0.685393	0
	0.537	4.13223e-05	2.06612e-05	0.997934	0.869835	0.00219008	0.00179752	0.68797	0
	0.538	4.13223e-05	6.19835e-05	0.997934	0.869835	0.00221074	0.00192149	0.684211	0
	0.539	4.13223e-05	0	0.997934	0.869835	0.00268595	0.00216942	0.675472	0
	0.54	2.06612e-05	0	0.997934	0.869835	0.00264463	0.0022314	0.676806	0
	0.541	2.06612e-05	0	0.997934	0.869835	0.00252066	0.00190083	0.675573	0
	0.542	2.06612e-05	0	0.997934	0.869835	0.00264463	0.00183884	0.67433	0
	0.543	0	0	0.997934	0.869835	0.00237603	0.00216942	0.67433	0
	0.544	4.13223e-05	2.06612e-05	0.997934	0.869835	0.00227273	0.0021281	0.670498	0
	0.545	4.13223e-05	6.19835e-05	0.997934	0.869835	0.00291322	0.00190083	0.664093	0
	0.546	4.13223e-05	0	0.997934	0.867769	0.00270661	0.00179752	0.669261	0
	0.547	0	2.06612e-05	0.997934	0.867769	0.00243802	0.00173554	0.664062	0
	0.548	0	0	0.997934	0.865702	0.00231405	0.00152893	0.658824	0
	0.549	4.13223e-05	6.19835e-05	0.997934	0.865702	0.00280992	0.0018595	0.660079	0
	0.55	6.19835e-05	0	0.997934	0.86157	0.00181818	0.00171488	0.652174	0
	0.551	4.13223e-05	2.06612e-05	0.997934	0.86157	0.00221074	0.0017562	0.652174	0
	0.552	0	8.26446e-05	0.997934	0.86157	0.00258264	0.00200413	0.652174	0
	0.553	2.06612e-05	2.06612e-05	0.997934	0.857438	0.00256198	0.00208678	0.650794	0
	0.554	0	6.19835e-05	0.997934	0.857438	0.00254132	0.00221074	0.653386	0
	0.555	0	2.06612e-05	0.997934	0.857438	0.00233471	0.00196281	0.649402	0
	0.556	0	2.06612e-05	0.997934	0.857438	0.00254132	0.00169421	0.650602	0
	0.557	0	4.13223e-05	0.997934	0.855372	0.00210744	0.00194215	0.646586	0
	0.558	0	0	0.997934	0.855372	0.00208678	0.00169421	0.634538	0
	0.559	2.06612e-05	0	0.997934	0.855372	0.00237603	0.0017562	0.639676	0
	0.56	0	2.06612e-05	0.997934	0.855372	0.00214876	0.00188017	0.643443	0
	0.561	2.06612e-05	4.13223e-05	0.997934	0.855372	0.00221074	0.00194215	0.641975	0
	0.562	0	0	0.995868	0.855372	0.00247934	0.00163223	0.625514	0
	0.563	4.13223e-05	0	0.995868	0.855372	0.00231405	0.00204545	0.622407	0
	0.564	0	0	0.995868	0.855372	0.00210744	0.00146694	0.623431	0
	0.565	0	2.06612e-05	0.995868	0.855372	0.00233471	0.00169421	0.621849	0
	0.566	0	4.13223e-05	0.995868	0.855372	0.00204545	0.00144628	0.620253	0
	0.567	0	0	0.995868	0.855372	0.00194215	0.00194215	0.622881	0
	0.568	0	0	0.995868	0.855372	0.00200413	0.00219008	0.625532	0
	0.569	0	2.06612e-05	0.995868	0.855372	0.00200413	0.00188017	0.628205	0
	0.57	0	2.06612e-05	0.995868	0.855372	0.00198347	0.00206612	0.626609	0
	0.571	2.06612e-05	4.13223e-05	0.995868	0.855372	0.00167355	0.00202479	0.625	0
	0.572	0	6.19835e-05	0.99793	0.853306	0.00268595	0.00198347	0.619048	0
	0.573	0	4.13223e-05	0.99793	0.85124	0.00190083	0.00169421	0.617391	0
	0.574	0	0	0.99793	0.847107	0.00183884	0.00206612	0.622807	0
	0.575	0	0	0.99793	0.847107	0.00183884	0.00179752	0.618421	0
	0.576	2.06612e-05	2.06612e-05	0.99793	0.847107	0.00194215	0.00169421	0.61674	0
	0.577	2.06612e-05	6.19835e-05	0.99793	0.847107	0.00183884	0.00206612	0.619469	0
	0.578	2.06612e-05	2.06612e-05	0.99793	0.847107	0.00231405	0.00208678	0.615044	0
	0.579	0	2.06612e-05	0.99793	0.847107	0.0021281	0.00194215	0.597345	0
	0.58	2.06612e-05	0	0.99793	0.847107	0.00225207	0.00179752	0.595556	0
	0.581	4.13223e-05	4.13223e-05	0.99793	0.847107	0.00208678	0.00179752	0.598214	0
	0.582	0	4.13223e-05	0.99793	0.847107	0.00219008	0.0018595	0.596413	0
	0.583	0	2.06612e-05	0.99793	0.845041	0.00227273	0.0017562	0.594595	0
	0.584	0	2.06612e-05	0.99793	0.845041	0.0022314	0.0018595	0.605505	0
	0.585	2.06612e-05	6.19835e-05	0.99793	0.845041	0.00231405	0.00142562	0.599078	0
	0.586	0	0	0.99793	0.845041	0.00204545	0.00198347	0.600939	0
	0.587	2.06612e-05	0	0.99793	0.845041	0.00200413	0.00202479	0.606635	0
	0.588	2.06612e-05	6.19835e-05	0.99793	0.845041	0.00192149	0.00210744	0.601896	0
	0.589	4.13223e-05	2.06612e-05	0.99793	0.842975	0.00208678	0.0017562	0.601896	0
	0.59	2.06612e-05	6.19835e-05	0.99793	0.840909	0.0022314	0.00171488	0.604762	0
	0.591	0	0	0.99793	0.838843	0.00208678	0.00163223	0.605769	0
	0.592	2.06612e-05	4.13223e-05	0.99793	0.838843	0.00227273	0.00229339	0.61165	0
	0.593	4.13223e-05	4.13223e-05	0.99793	0.838843	0.00245868	0.00161157	0.604878	0
	0.594	8.26446e-05	6.19835e-05	0.99793	0.838843	0.00210744	0.00194215	0.605911	0
	0.595	4.13223e-05	4.13223e-05	0.99793	0.834711	0.00204545	0.0018595	0.608911	0
	0.596	8.26446e-05	6.19835e-05	0.99793	0.834711	0.00221074	0.00150826	0.615	0
	0.597	8.26446e-05	6.19835e-05	0.99793	0.834711	0.00274793	0.00181818	0.613065	0
	0.598	0	0.000123967	0.99793	0.834711	0.00219008	0.00208678	0.613065	0
	0.599	0.000144628	4.13223e-05	0.99793	0.834711	0.00196281	0.00200413	0.611111	0
	0.6	4.13223e-05	0	0.99793	0.834711	0.0018595	0.00190083	0.606061	0
	0.601	0	6.19835e-05	0.99793	0.834711	0.00241736	0.00192149	0.593909	0
	0.602	2.06612e-05	0	0.99793	0.834711	0.00258264	0.00183884	0.591837	0
	0.603	4.13223e-05	0.000103306	0.99793	0.834711	0.00221074	0.00181818	0.601036	0
	0.604	6.19835e-05	4.13223e-05	0.99793	0.834711	0.00210744	0.00177686	0.598958	0
	0.605	4.13223e-05	2.06612e-05	0.99793	0.834711	0.00196281	0.00196281	0.598958	0
	0.606	0.000103306	2.06612e-05	0.99793	0.834711	0.00239669	0.00163223	0.602094	0
	0.607	6.19835e-05	6.19835e-05	0.99793	0.834711	0.0022314	0.00144628	0.604278	0
	0.608	8.26446e-05	0.000103306	0.99793	0.834711	0.00237603	0.00202479	0.602151	0
	0.609	8.26446e-05	8.26446e-05	0.99793	0.834711	0.00239669	0.00200413	0.6	0
	0.61	2.06612e-05	8.26446e-05	0.99793	0.832645	0.0022314	0.00157025	0.6	0
	0.611	8.26446e-05	2.06612e-05	0.99793	0.830579	0.00202479	0.0017562	0.603261	0
	0.612	0	6.19835e-05	0.99793	0.830579	0.00229339	0.00181818	0.601093	0
	0.613	6.19835e-05	4.13223e-05	0.99793	0.830579	0.00204545	0.00196281	0.595628	0
	0.614	4.13223e-05	2.06612e-05	0.99793	0.830579	0.00243802	0.00183884	0.593407	0
	0.615	0	4.13223e-05	0.99793	0.830579	0.00196281	0.00192149	0.593407	0
	0.616	6.19835e-05	0	0.99793	0.828512	0.00179752	0.00198347	0.593407	0
	0.617	2.06612e-05	4.13223e-05	0.99793	0.828512	0.00219008	0.00181818	0.592179	0
	0.618	4.13223e-05	6.19835e-05	0.99793	0.828512	0.00231405	0.00210744	0.58427	0
	0.619	2.06612e-05	0	0.99793	0.828512	0.00194215	0.00183884	0.582857	0
	0.62	0	6.19835e-05	0.99793	0.828512	0.00214876	0.00154959	0.58046	0
	0.621	4.13223e-05	2.06612e-05	0.99793	0.828512	0.0022314	0.00198347	0.572254	0
	0.622	4.13223e-05	0.000123967	0.99793	0.826446	0.00169421	0.00204545	0.563953	0
	0.623	2.06612e-05	8.26446e-05	0.99793	0.826446	0.00179752	0.00204545	0.55814	0
	0.624	0	4.13223e-05	0.99793	0.822314	0.00196281	0.00196281	0.552326	0
	0.625	4.13223e-05	8.26446e-05	0.99793	0.820248	0.00231405	0.00165289	0.546512	0
	0.626	0	6.19835e-05	0.99793	0.816116	0.00179752	0.00173554	0.552941	0
	0.627	6.19835e-05	6.19835e-05	0.99793	0.816116	0.0021281	0.00173554	0.550296	0
	0.628	4.13223e-05	0.000103306	0.99793	0.816116	0.00188017	0.00179752	0.550296	0
	0.629	2.06612e-05	0	0.99793	0.81405	0.0014876	0.00167355	0.556886	0
	0.63	0	2.06612e-05	0.99793	0.81405	0.00161157	0.0018595	0.548193	0
	0.631	0	8.26446e-05	0.99793	0.81405	0.00167355	0.00188017	0.536145	0
	0.632	4.13223e-05	6.19835e-05	0.99793	0.81405	0.00219008	0.00183884	0.527273	0
	0.633	2.06612e-05	4.13223e-05	0.99793	0.811983	0.00165289	0.00171488	0.530864	0
	0.634	2.06612e-05	8.26446e-05	0.99793	0.811983	0.00177686	0.00179752	0.534161	0
	0.635	0	0	0.99793	0.809917	0.00177686	0.0022314	0.51875	0
	0.636	0	8.26446e-05	0.99793	0.809917	0.0018595	0.00192149	0.515723	0
	0.637	0	6.19835e-05	0.99793	0.809917	0.00202479	0.0017562	0.509434	0
	0.638	0	4.13223e-05	0.99793	0.809917	0.00206612	0.00159091	0.509434	0
	0.639	0	4.13223e-05	0.99793	0.807851	0.00216942	0.00188017	0.496855	0
	0.64	4.13223e-05	6.19835e-05	0.99793	0.807851	0.00202479	0.00179752	0.50641	0
	0.641	2.06612e-05	0.000103306	0.99793	0.807851	0.00225207	0.00202479	0.509804	0
	0.642	0	4.13223e-05	0.995859	0.807851	0.00198347	0.00204545	0.513158	0
	0.643	2.06612e-05	0.000103306	0.995859	0.807851	0.00167355	0.00173554	0.52	0
	0.644	2.06612e-05	6.19835e-05	0.995859	0.805785	0.00179752	0.00202479	0.516779	0
	0.645	0	0.000144628	0.997925	0.805785	0.00194215	0.00200413	0.506757	0
	0.646	4.13223e-05	6.19835e-05	0.997925	0.805785	0.00196281	0.00161157	0.493243	0
	0.647	0	0.000123967	0.997925	0.805785	0.00196281	0.00167355	0.496552	0
	0.648	0	0.000103306	0.997925	0.801653	0.00183884	0.00177686	0.5	0
	0.649	2.06612e-05	6.19835e-05	0.997925	0.799587	0.00208678	0.00177686	0.503497	0
	0.65	2.06612e-05	0	0.997925	0.797521	0.00194215	0.00192149	0.5	0
	0.651	0	2.06612e-05	0.997925	0.797521	0.00216942	0.00198347	0.5	0
	0.652	0	8.26446e-05	0.997925	0.797521	0.00183884	0.0017562	0.496403	0
	0.653	2.06612e-05	0.000144628	0.997925	0.797521	0.00214876	0.00181818	0.507353	0
	0.654	2.06612e-05	0.000103306	0.997925	0.793388	0.00196281	0.00183884	0.503704	0
	0.655	4.13223e-05	0.000123967	0.997925	0.791322	0.00214876	0.00219008	0.503704	0
	0.656	2.06612e-05	6.19835e-05	0.997925	0.791322	0.00142562	0.00198347	0.503704	0
	0.657	2.06612e-05	0.000103306	0.997925	0.791322	0.00225207	0.00179752	0.511278	0
	0.658	6.19835e-05	0.000206612	0.997925	0.789256	0.00208678	0.00188017	0.503759	0
	0.659	2.06612e-05	4.13223e-05	0.997925	0.783058	0.00216942	0.00171488	0.496241	0
	0.66	0	4.13223e-05	0.997925	0.783058	0.00188017	0.0018595	0.481203	0
	0.661	0	8.26446e-05	0.997925	0.783058	0.00229339	0.00200413	0.473684	0
	0.662	2.06612e-05	0.000103306	0.997925	0.783058	0.00179752	0.00192149	0.458647	0
	0.663	4.13223e-05	0.000123967	0.997925	0.783058	0.00216942	0.00194215	0.454545	0
	0.664	2.06612e-05	4.13223e-05	0.997925	0.783058	0.00198347	0.00169421	0.450382	0
	0.665	0	0.000103306	0.997925	0.783058	0.00206612	0.0018595	0.453125	0
	0.666	6.19835e-05	2.06612e-05	0.997925	0.778926	0.00192149	0.00167355	0.460317	0
	0.667	6.19835e-05	0.000103306	0.997925	0.778926	0.00167355	0.00188017	0.467742	0
	0.668	6.19835e-05	0.000103306	0.997925	0.77686	0.00221074	0.00177686	0.47541	0
	0.669	4.13223e-05	0.000103306	0.997925	0.77686	0.00188017	0.00194215	0.47541	0
	0.67	2.06612e-05	0.000123967	0.997925	0.772727	0.00231405	0.0017562	0.471074	0
	0.671	8.26446e-05	6.19835e-05	0.997925	0.772727	0.00177686	0.00190083	0.46281	0
	0.672	6.19835e-05	8.26446e-05	0.997925	0.772727	0.00190083	0.00183884	0.458333	0
	0.673	2.06612e-05	4.13223e-05	0.997925	0.772727	0.00177686	0.00181818	0.453782	0
	0.674	8.26446e-05	0.000103306	0.997925	0.772727	0.00173554	0.00167355	0.445378	0
	0.675	6.19835e-05	8.26446e-05	0.997925	0.770661	0.00177686	0.00208678	0.449153	0
	0.676	0.000103306	0	0.997925	0.770661	0.00179752	0.0022314	0.440678	0
	0.677	6.19835e-05	4.13223e-05	0.997925	0.770661	0.00214876	0.00152893	0.435897	0
	0.678	2.06612e-05	6.19835e-05	0.997925	0.770661	0.00188017	0.00154959	0.439655	0
	0.679	8.26446e-05	6.19835e-05	0.997925	0.768595	0.00204545	0.00190083	0.438596	0
	0.68	6.19835e-05	8.26446e-05	0.997925	0.768595	0.00204545	0.0018595	0.424779	0
	0.681	2.06612e-05	8.26446e-05	0.997925	0.766529	0.00204545	0.00206612	0.428571	0
	0.682	4.13223e-05	6.19835e-05	0.997925	0.766529	0.00260331	0.0022314	0.410714	0
	0.683	2.06612e-05	6.19835e-05	0.997925	0.762397	0.00179752	0.00165289	0.414414	0
	0.684	6.19835e-05	6.19835e-05	0.997925	0.760331	0.00181818	0.00183884	0.418182	0
	0.685	4.13223e-05	6.19835e-05	0.997925	0.760331	0.00179752	0.00144628	0.422018	0
	0.686	6.19835e-05	4.13223e-05	0.997925	0.760331	0.00177686	0.0021281	0.416667	0
	0.687	6.19835e-05	6.19835e-05	0.997925	0.760331	0.00173554	0.00171488	0.401869	0
	0.688	2.06612e-05	0.000103306	0.995851	0.758264	0.00179752	0.00161157	0.386792	0
	0.689	6.19835e-05	0.00018595	0.995851	0.756198	0.00169421	0.00190083	0.386792	0
	0.69	2.06612e-05	0.00018595	0.995851	0.752066	0.00188017	0.00169421	0.358491	0
	0.691	6.19835e-05	0.000123967	0.995851	0.745868	0.0017562	0.00194215	0.365385	0
	0.692	0	8.26446e-05	0.995851	0.745868	0.00163223	0.00136364	0.349515	0
	0.693	6.19835e-05	0.000165289	0.995851	0.741736	0.00157025	0.00202479	0.343137	0
	0.694	4.13223e-05	0.000103306	0.995851	0.737603	0.00154959	0.00177686	0.333333	0
	0.695	2.06612e-05	0.000123967	0.995851	0.733471	0.00194215	0.00190083	0.333333	0
	0.696	2.06612e-05	0.000165289	0.995851	0.729339	0.00171488	0.00173554	0.33	0
	0.697	4.13223e-05	0.000144628	0.995851	0.729339	0.00169421	0.00165289	0.336735	0
	0.698	4.13223e-05	0.000103306	0.995851	0.727273	0.00171488	0.00159091	0.333333	0
	0.699	0.000103306	2.06612e-05	0.995851	0.72314	0.00163223	0.0013843	0.336842	0
	0.7	0	0.000144628	0.993776	0.721074	0.00165289	0.00173554	0.329787	0
	0.701	6.19835e-05	0.000103306	0.993776	0.719008	0.00161157	0.00150826	0.319149	0
	0.702	4.13223e-05	8.26446e-05	0.993776	0.714876	0.00194215	0.00146694	0.322581	0
	0.703	4.13223e-05	0.000123967	0.993776	0.714876	0.00171488	0.00167355	0.326087	0
	0.704	0	6.19835e-05	0.995842	0.71281	0.00159091	0.00163223	0.326087	0
	0.705	6.19835e-05	6.19835e-05	0.995842	0.71281	0.00165289	0.00173554	0.32967	0
	0.706	2.06612e-05	8.26446e-05	0.995842	0.71281	0.00144628	0.00188017	0.333333	0
	0.707	4.13223e-05	0.000165289	0.995842	0.710744	0.00167355	0.00200413	0.337079	0
	0.708	4.13223e-05	0.00018595	0.995842	0.708678	0.00152893	0.00150826	0.325843	0
	0.709	6.19835e-05	2.06612e-05	0.995842	0.708678	0.00188017	0.00128099	0.329545	0
	0.71	2.06612e-05	8.26446e-05	0.995842	0.706612	0.0018595	0.00142562	0.333333	0
	0.711	8.26446e-05	0.000103306	0.995842	0.706612	0.0017562	0.00177686	0.325581	0
	0.712	6.19835e-05	0.000144628	0.995842	0.704545	0.00173554	0.00161157	0.313953	0
	0.713	0.000144628	6.19835e-05	0.995842	0.704545	0.0017562	0.00154959	0.317647	0
	0.714	4.13223e-05	0.000103306	0.995842	0.702479	0.00171488	0.00142562	0.325301	0
	0.715	4.13223e-05	0.000123967	0.995842	0.700413	0.00146694	0.00146694	0.329268	0
	0.716	0.000144628	8.26446e-05	0.995842	0.696281	0.00165289	0.00181818	0.308642	0
	0.717	0.000144628	0.000165289	0.993763	0.696281	0.0014876	0.00157025	0.3125	0
	0.718	0.000123967	0.000144628	0.993763	0.694215	0.0014876	0.00190083	0.303797	0
	0.719	0.000123967	0.000227273	0.993763	0.690083	0.00157025	0.0018595	0.285714	0
	0.72	0.000103306	4.13223e-05	0.993763	0.688017	0.00159091	0.00154959	0.309859	0
	0.721	8.26446e-05	0.00018595	0.993763	0.688017	0.00140496	0.00146694	0.295775	0
	0.722	0.000103306	2.06612e-05	0.993763	0.681818	0.00128099	0.00177686	0.3	0
	0.723	6.19835e-05	0.000268595	0.993763	0.681818	0.00167355	0.00169421	0.304348	0
	0.724	8.26446e-05	0.000165289	0.993763	0.677686	0.00154959	0.00200413	0.279412	0
	0.725	0.000144628	0.000103306	0.993763	0.677686	0.00177686	0.00154959	0.279412	0
	0.726	0.000144628	0.000123967	0.993763	0.673554	0.00128099	0.00161157	0.283582	0
	0.727	0.000103306	0.000103306	0.993763	0.669421	0.00154959	0.00192149	0.283582	0
	0.728	0.000103306	0.000206612	0.993763	0.669421	0.00146694	0.0013843	0.276923	0
	0.729	0.000103306	0.00018595	0.993763	0.667355	0.00134298	0.00183884	0.28125	0
	0.73	0.000144628	8.26446e-05	0.993763	0.665289	0.00159091	0.00140496	0.290323	0
	0.731	0.000123967	8.26446e-05	0.993763	0.661157	0.00123967	0.00146694	0.290323	0
	0.732	6.19835e-05	0.000103306	0.993763	0.659091	0.0014876	0.00150826	0.295082	0
	0.733	0.000144628	0.000103306	0.993763	0.659091	0.00150826	0.0017562	0.283333	0
	0.734	0.000123967	0.000123967	0.993763	0.659091	0.0011157	0.00163223	0.283333	0
	0.735	0.00018595	0.000123967	0.993763	0.659091	0.00132231	0.00181818	0.283333	0
	0.736	0.00018595	0.000103306	0.993763	0.659091	0.00128099	0.00136364	0.283333	0
	0.737	0.000144628	0.000144628	0.993763	0.659091	0.00123967	0.00136364	0.283333	0
	0.738	0.000103306	0.000123967	0.993763	0.654959	0.00119835	0.00163223	0.283333	0
	0.739	0.000227273	0.00018595	0.993763	0.654959	0.0014876	0.0017562	0.283333	0
	0.74	6.19835e-05	0.000123967	0.993763	0.652893	0.000929752	0.00150826	0.266667	0
	0.741	0.000103306	0.000206612	0.993763	0.652893	0.00103306	0.00165289	0.275862	0
	0.742	6.19835e-05	0.000103306	0.993763	0.652893	0.0010124	0.00177686	0.241379	0
	0.743	6.19835e-05	0.000330579	0.993763	0.652893	0.00121901	0.00132231	0.25	0
	0.744	0.000123967	0.000268595	0.993763	0.64876	0.00105372	0.00134298	0.259259	0
	0.745	0.000123967	0.00018595	0.993763	0.646694	0.00121901	0.00121901	0.269231	0
	0.746	4.13223e-05	0.000123967	0.993763	0.644628	0.00103306	0.00130165	0.25	0
	0.747	0.000103306	0.000165289	0.993763	0.642562	0.00117769	0.00119835	0.25	0
	0.748	0.000103306	8.26446e-05	0.993763	0.642562	0.00103306	0.00146694	0.254902	0
	0.749	8.26446e-05	4.13223e-05	0.993763	0.642562	0.000847107	0.00146694	0.265306	0
	0.75	0.000123967	0.000103306	0.993763	0.642562	0.000785124	0.00142562	0.276596	0
	0.751	2.06612e-05	0.00018595	0.993763	0.640496	0.000971074	0.0013843	0.282609	0
	0.752	8.26446e-05	0.00018595	0.993763	0.640496	0.00107438	0.00128099	0.288889	0
	0.753	0.000144628	0.000206612	0.993763	0.634298	0.00072314	0.00109504	0.288889	0
	0.754	6.19835e-05	0.000165289	0.993763	0.628099	0.000805785	0.00163223	0.266667	0
	0.755	8.26446e-05	0.000227273	0.993763	0.628099	0.000971074	0.00130165	0.272727	0
	0.756	0.000103306	0.00018595	0.993763	0.626033	0.000929752	0.0013843	0.272727	0
	0.757	4.13223e-05	0.000227273	0.995833	0.621901	0.0011157	0.00130165	0.272727	0
	0.758	4.13223e-05	0.000206612	0.995833	0.619835	0.000743802	0.00136364	0.27907	0
	0.759	8.26446e-05	0.000247934	0.995833	0.617769	0.000557851	0.00169421	0.285714	0
	0.76	0.000103306	0.000206612	0.995833	0.615702	0.000867769	0.00140496	0.3	0
	0.761	0.000103306	0.000227273	0.995833	0.615702	0.000743802	0.0014876	0.3	0
	0.762	4.13223e-05	0.000227273	0.995833	0.615702	0.000640496	0.00136364	0.282051	0
	0.763	4.13223e-05	0.000165289	0.995833	0.609504	0.000640496	0.00159091	0.289474	0
	0.764	4.13223e-05	0.000247934	0.995833	0.607438	0.000599174	0.00119835	0.263158	0
	0.765	4.13223e-05	0.000165289	0.995833	0.603306	0.000743802	0.00140496	0.277778	0
	0.766	4.13223e-05	0.000165289	0.995833	0.60124	0.00072314	0.00117769	0.25	0
	0.767	4.13223e-05	0.000227273	0.995833	0.599174	0.000743802	0.00132231	0.264706	0
	0.768	2.06612e-05	0.00018595	0.99375	0.595041	0.000867769	0.0013843	0.28125	0
	0.769	2.06612e-05	0.00018595	0.99375	0.592975	0.000578512	0.00134298	0.290323	0
	0.77	4.13223e-05	0.000165289	0.99375	0.590909	0.00088843	0.00103306	0.3	0
	0.771	6.19835e-05	2.06612e-05	0.99375	0.584711	0.000681818	0.00136364	0.3	0
	0.772	6.19835e-05	0.000371901	0.99375	0.584711	0.000847107	0.00123967	0.241379	0
	0.773	4.13223e-05	0.000247934	0.99375	0.580579	0.000702479	0.00115702	0.214286	0
	0.774	2.06612e-05	0.000206612	0.99375	0.578512	0.000599174	0.00117769	0.214286	0
	0.775	4.13223e-05	0.000247934	0.99375	0.57438	0.000578512	0.0010124	0.230769	0
	0.776	0	0.00035124	0.99375	0.570248	0.000413223	0.00103306	0.230769	0
	0.777	4.13223e-05	0.000227273	0.99375	0.566116	0.000495868	0.000950413	0.230769	0
	0.778	2.06612e-05	0.000227273	0.995825	0.561983	0.000619835	0.000991736	0.24	0
	0.779	6.19835e-05	0.00035124	0.995825	0.559917	0.000578512	0.00134298	0.24	0
	0.78	8.26446e-05	0.000289256	0.995825	0.557851	0.000599174	0.00121901	0.24	0
	0.781	4.13223e-05	0.000289256	0.995825	0.553719	0.000661157	0.000950413	0.24	0
	0.782	2.06612e-05	0.000289256	0.995825	0.549587	0.000619835	0.00113636	0.24	0
	0.783	4.13223e-05	0.000103306	0.995825	0.549587	0.000413223	0.00132231	0.26087	0
	0.784	8.26446e-05	0.000289256	0.997908	0.545455	0.000599174	0.00128099	0.26087	0
	0.785	4.13223e-05	0.00018595	0.997908	0.543388	0.000557851	0.00142562	0.272727	0
	0.786	0.000123967	0.000268595	0.997908	0.539256	0.00072314	0.0010124	0.272727	0
	0.787	4.13223e-05	0.000330579	0.997908	0.535124	0.000557851	0.000971074	0.272727	0
	0.788	6.19835e-05	0.00018595	0.997908	0.52686	0.000454545	0.00107438	0.227273	0
	0.789	0.000165289	0.00018595	0.995816	0.522727	0.000599174	0.00107438	0.227273	0
	0.79	2.06612e-05	0.000247934	0.991632	0.520661	0.00072314	0.0010124	0.227273	0
	0.791	8.26446e-05	0.000165289	0.991632	0.516529	0.000578512	0.000867769	0.238095	0
	0.792	0.000123967	0.000268595	0.991632	0.512397	0.000619835	0.00103306	0.25	0
	0.793	2.06612e-05	0.000330579	0.991632	0.510331	0.000578512	0.00115702	0.25	0
	0.794	4.13223e-05	0.00018595	0.991632	0.508264	0.000475207	0.00103306	0.277778	0
	0.795	6.19835e-05	0.000289256	0.991632	0.508264	0.000433884	0.000640496	0.277778	0
	0.796	4.13223e-05	0.000165289	0.991632	0.504132	0.000619835	0.000929752	0.277778	0
	0.797	8.26446e-05	0.000330579	0.991632	0.5	0.000681818	0.000805785	0.277778	0
	0.798	8.26446e-05	0.00035124	0.991632	0.497934	0.000433884	0.00113636	0.277778	0
	0.799	0.000206612	0.000247934	0.991632	0.493802	0.000681818	0.00113636	0.277778	0
	0.8	0.000206612	0.000309917	0.991632	0.487603	0.000661157	0.00119835	0.277778	0
	0.801	0.000103306	0.000206612	0.991632	0.483471	0.000309917	0.00119835	0.294118	0
	0.802	0.000206612	0.000330579	0.98954	0.483471	0.000619835	0.00103306	0.294118	0
	0.803	0.000165289	0.000247934	0.987448	0.477273	0.00035124	0.00117769	0.294118	0
	0.804	0.000123967	0.000330579	0.985356	0.475207	0.000475207	0.000805785	0.235294	0
	0.805	0.000165289	0.000413223	0.985356	0.47314	0.000475207	0.000929752	0.235294	0
	0.806	0.000144628	0.000268595	0.985356	0.46281	0.000330579	0.000847107	0.235294	0
	0.807	0.000165289	0.000309917	0.985356	0.458678	0.000392562	0.000867769	0.25	0
	0.808	0.000165289	0.000454545	0.985356	0.452479	0.000247934	0.000826446	0.25	0
	0.809	0.000371901	0.000578512	0.985356	0.444215	0.000413223	0.00119835	0.25	0
	0.81	0.00018595	0.000371901	0.985356	0.427686	0.000330579	0.000619835	0.266667	0
	0.811	0.000206612	0.000227273	0.985356	0.427686	0.000330579	0.00103306	0.266667	0
	0.812	0.000371901	0.000268595	0.985356	0.423554	0.000309917	0.000764463	0.2	0
	0.813	0.000289256	0.000330579	0.983264	0.419421	0.000268595	0.000909091	0.2	0
	0.814	0.000268595	0.00018595	0.983264	0.413223	0.000268595	0.00109504	0.2	0
	0.815	0.000227273	0.000495868	0.983264	0.409091	0.00035124	0.000702479	0.214286	0
	0.816	0.000268595	0.000433884	0.981172	0.407025	0.000247934	0.000867769	0.214286	0
	0.817	0.00018595	0.000309917	0.981172	0.39876	0.000206612	0.00088843	0.214286	0
	0.818	0.000475207	0.000371901	0.981172	0.394628	0.000289256	0.00088843	0.214286	0
	0.819	0.000309917	0.000247934	0.981172	0.392562	0.000227273	0.000950413	0.214286	0
	0.82	0.000392562	0.000371901	0.981172	0.392562	0.000123967	0.000764463	0.214286	0
	0.821	0.000268595	0.000330579	0.981172	0.386364	0.000123967	0.000867769	0.214286	0
	0.822	0.000475207	0.000330579	0.979079	0.382231	0.00018595	0.000578512	0.214286	0
	0.823	0.000413223	0.000516529	0.979079	0.376033	0.000247934	0.000764463	0.230769	0
	0.824	0.000454545	0.000454545	0.979079	0.369835	0.000206612	0.000785124	0.230769	0
	0.825	0.000330579	0.000454545	0.981132	0.36157	0.000227273	0.000743802	0.25	0
	0.826	0.000289256	0.000433884	0.981132	0.353306	0.000123967	0.000702479	0.272727	0
	0.827	0.000743802	0.000309917	0.981132	0.35124	0.000247934	0.000847107	0.272727	0
	0.828	0.000495868	0.00053719	0.981132	0.35124	0.00018595	0.000785124	0.272727	0
	0.829	0.000454545	0.000433884	0.981132	0.349174	4.13223e-05	0.000867769	0.3	0
	0.83	0.000413223	0.000413223	0.981132	0.349174	8.26446e-05	0.00088843	0.333333	0
	0.831	0.000599174	0.000516529	0.981132	0.342975	4.13223e-05	0.000785124	0.333333	0
	0.832	0.000392562	0.000433884	0.981132	0.332645	0.000144628	0.000619835	0.333333	0
	0.833	0.000475207	0.000392562	0.981132	0.328512	0.000123967	0.000619835	0.333333	0
	0.834	0.000578512	0.000475207	0.979036	0.322314	0.000123967	0.000847107	0.333333	0
	0.835	0.000309917	0.000227273	0.976939	0.309917	0.000165289	0.000475207	0.333333	0
	0.836	0.000454545	0.000413223	0.974843	0.307851	0.000123967	0.00072314	0.375	0
	0.837	0.000475207	0.000392562	0.974843	0.301653	8.26446e-05	0.000619835	0.333333	0
	0.838	0.000516529	0.000371901	0.972746	0.297521	8.26446e-05	0.000640496	0.333333	0
	0.839	0.000330579	0.000578512	0.972746	0.293388	0.000227273	0.000599174	0.333333	0
	0.84	0.00053719	0.000640496	0.97065	0.289256	0.000206612	0.000599174	0.333333	0
	0.841	0.000413223	0.000495868	0.97065	0.285124	0.000227273	0.000681818	0.333333	0
	0.842	0.000371901	0.000454545	0.97065	0.27686	0.000103306	0.000702479	0.4	0
	0.843	0.000309917	0.000578512	0.968553	0.272727	0.00018595	0.00053719	0.4	0
	0.844	0.000681818	0.000454545	0.968553	0.268595	0.000144628	0.000619835	0.4	0
	0.845	0.000330579	0.000578512	0.968553	0.264463	0.000123967	0.000743802	0.4	0
	0.846	0.000413223	0.000475207	0.968553	0.262397	0.000123967	0.000557851	0.4	0
	0.847	0.000413223	0.000516529	0.968553	0.258264	0.000206612	0.000619835	0.4	0
	0.848	0.000330579	0.000330579	0.968553	0.256198	0.000227273	0.000371901	0.2	0
	0.849	0.000309917	0.000475207	0.970588	0.254132	0.000144628	0.000805785	0.2	0
	0.85	0.000495868	0.000743802	0.968487	0.245868	0.00018595	0.000454545	0.2	0
	0.851	0.000371901	0.000433884	0.968487	0.241736	0.000206612	0.000516529	0.2	0
	0.852	0.000599174	0.000681818	0.970526	0.239669	0.000165289	0.000495868	0.2	0
	0.853	0.000475207	0.000392562	0.970526	0.235537	6.19835e-05	0.000661157	0.2	0
	0.854	0.000599174	0.000702479	0.970526	0.231405	0.000103306	0.000433884	0.2	0
	0.855	0.000413223	0.000619835	0.970464	0.225207	0.000206612	0.000702479	0.2	0
	0.856	0.00035124	0.000578512	0.968354	0.214876	0.000165289	0.000557851	0.2	0
	0.857	0.000454545	0.000681818	0.968354	0.208678	8.26446e-05	0.000702479	0.2	0
	0.858	0.000495868	0.000599174	0.968354	0.208678	0.00018595	0.00053719	0.2	0
	0.859	0.000557851	0.00053719	0.968354	0.204545	0.000103306	0.000433884	0.2	0
	0.86	0.000392562	0.000847107	0.966245	0.198347	0.000144628	0.000599174	0.2	0
	0.861	0.00053719	0.000557851	0.966245	0.190083	0.000206612	0.000475207	0.2	0
	0.862	0.000867769	0.000413223	0.966245	0.188017	8.26446e-05	0.000454545	0.2	0
	0.863	0.00053719	0.000578512	0.968288	0.183884	0.000227273	0.000454545	0.2	0
	0.864	0.00072314	0.000557851	0.968288	0.181818	0.000227273	0.000371901	0.2	0
	0.865	0.000495868	0.000702479	0.972399	0.177686	0.000289256	0.000454545	0.25	0
	0.866	0.000702479	0.000764463	0.972399	0.177686	0.000123967	0.000413223	0.25	0
	0.867	0.000475207	0.000557851	0.972399	0.17562	6.19835e-05	0.000516529	0.25	0
	0.868	0.000743802	0.000826446	0.974468	0.173554	0.000144628	0.000681818	0.25	0
	0.869	0.000847107	0.000826446	0.970213	0.165289	0.000227273	0.000392562	0.25	0
	0.87	0.000805785	0.00053719	0.970213	0.163223	0.000144628	0.000578512	0.25	0
	0.871	0.000867769	0.000681818	0.970213	0.159091	0.000123967	0.000413223	0.25	0
	0.872	0.000661157	0.000702479	0.970213	0.157025	0.000144628	0.000392562	0.25	0
	0.873	0.000640496	0.000764463	0.970149	0.154959	8.26446e-05	0.000392562	0.25	0
	0.874	0.000640496	0.00113636	0.970149	0.150826	0.000103306	0.000289256	0.25	0
	0.875	0.000557851	0.000743802	0.970149	0.140496	0.000206612	0.000268595	0.25	0
	0.876	0.00053719	0.000785124	0.970149	0.13843	0.000165289	0.000392562	0.333333	0
	0.877	0.00053719	0.000805785	0.970149	0.13843	6.19835e-05	0.000392562	0.333333	0
	0.878	0.000619835	0.000950413	0.970085	0.132231	8.26446e-05	0.000289256	0.333333	0
	0.879	0.000599174	0.000971074	0.965812	0.128099	6.19835e-05	0.00035124	0.333333	0
	0.88	0.000764463	0.000805785	0.965812	0.126033	0	0.000330579	0.333333	0
	0.881	0.00053719	0.000743802	0.963675	0.123967	4.13223e-05	0.000289256	0.333333	0
	0.882	0.000599174	0.000909091	0.963675	0.123967	6.19835e-05	0.000247934	0.333333	0
	0.883	0.00053719	0.00105372	0.963675	0.121901	6.19835e-05	0.000413223	0.333333	0
	0.884	0.000681818	0.000785124	0.963675	0.119835	6.19835e-05	0.000309917	0.333333	0
	0.885	0.000971074	0.000991736	0.961538	0.117769	6.19835e-05	0.000330579	0.333333	0
	0.886	0.000578512	0.00126033	0.961538	0.113636	6.19835e-05	0.000289256	0.333333	0
	0.887	0.000640496	0.00128099	0.961538	0.11157	4.13223e-05	0.000330579	0.333333	0
	0.888	0.00053719	0.0011157	0.961538	0.103306	6.19835e-05	0.000227273	0.333333	0
	0.889	0.000681818	0.00088843	0.961538	0.10124	2.06612e-05	0.000413223	0.333333	0
	0.89	0.000764463	0.000867769	0.959402	0.0971074	4.13223e-05	0.00035124	0.333333	0
	0.891	0.000495868	0.0010124	0.961373	0.0909091	0	0.000392562	0.5	0
	0.892	0.000599174	0.0010124	0.961373	0.0909091	0	0.000247934	0.5	0
	0.893	0.000661157	0.00107438	0.965517	0.0909091	2.06612e-05	0.000289256	0.5	0
	0.894	0.000578512	0.000909091	0.965517	0.088843	0	0.000433884	0.5	0
	0.895	0.000805785	0.00115702	0.967603	0.088843	0	0.000227273	0.5	0
	0.896	0.00107438	0.000991736	0.965443	0.088843	4.13223e-05	0.000227273	0.5	0
	0.897	0.000599174	0.00105372	0.965443	0.088843	0	0.000206612	0.5	0
	0.898	0.000640496	0.00107438	0.963283	0.0826446	0	0.000330579	0.5	0
	0.899	0.000805785	0.00109504	0.965368	0.0764463	0	0.000227273	0.5	0
	0.9	0.000785124	0.00113636	0.965368	0.0743802	2.06612e-05	0.000227273	0.5	0
	0.901	0.000971074	0.0014876	0.967462	0.0702479	0	0.000268595	1	0
	0.902	0.00088843	0.000826446	0.967462	0.0661157	0	0.000268595	1	0
	0.903	0.00072314	0.00126033	0.967462	0.0661157	0	0.000206612	1	0
	0.904	0.000619835	0.00113636	0.965293	0.0619835	0	0.000268595	1	0
	0.905	0.000847107	0.00146694	0.967391	0.0599174	0	0.000165289	1	0
	0.906	0.00088843	0.000991736	0.967391	0.0578512	0	0.000227273	1	0
	0.907	0.000661157	0.00113636	0.969499	0.0578512	0	0.000144628	1	0
	0.908	0.000578512	0.00132231	0.96732	0.0578512	0	0.00018595	1	0
	0.909	0.000619835	0.00113636	0.96732	0.0578512	0	0.000103306	1	0
	0.91	0.000681818	0.00136364	0.96732	0.0578512	0	8.26446e-05	1	0
	0.911	0.000495868	0.00128099	0.96732	0.0557851	0	0.000247934	1	0
	0.912	0.000702479	0.00140496	0.96732	0.053719	0	0.000165289	1	0
	0.913	0.000764463	0.00140496	0.96732	0.0516529	0	0.000227273	1	0
	0.914	0.00053719	0.00150826	0.967249	0.0516529	0	0.000144628	1	0
	0.915	0.000681818	0.00194215	0.965066	0.0495868	0	0.000103306	1	0
	0.916	0.000392562	0.00142562	0.969298	0.0495868	0	0.00018595	1	0
	0.917	0.000599174	0.00204545	0.969298	0.0495868	0	0.000165289	1	0
	0.918	0.000578512	0.00161157	0.967105	0.0475207	0	0.000206612	1	0
	0.919	0.000599174	0.00128099	0.967105	0.0454545	0	0.000144628	1	0
	0.92	0.000681818	0.00171488	0.967105	0.0433884	0	6.19835e-05	1	0
	0.921	0.000661157	0.00173554	0.971366	0.0433884	0	6.19835e-05	1	0
	0.922	0.000495868	0.00200413	0.96696	0.0413223	0	0.000144628	1	0
	0.923	0.000578512	0.00159091	0.96696	0.0392562	0	0.000165289	1	0
	0.924	0.000433884	0.00171488	0.96696	0.0392562	0	0.000103306	1	0
	0.925	0.000454545	0.00181818	0.973392	0.0392562	0	0.000123967	1	0
	0.926	0.000557851	0.00196281	0.973333	0.0392562	0	0.000144628	1	0
	0.927	0.000805785	0.00190083	0.973333	0.0392562	0	8.26446e-05	1	0
	0.928	0.000764463	0.00161157	0.971111	0.0392562	0	4.13223e-05	1	0
	0.929	0.000950413	0.00188017	0.968889	0.035124	0	0.00018595	1	0
	0.93	0.000619835	0.00200413	0.971047	0.035124	2.06612e-05	0.000123967	1	0
	0.931	0.000805785	0.00214876	0.971047	0.035124	0	0.000123967	0	0
	0.932	0.000702479	0.0022314	0.971047	0.035124	4.13223e-05	6.19835e-05	0	0
	0.933	0.000971074	0.00214876	0.971047	0.035124	2.06612e-05	8.26446e-05	0	0
	0.934	0.000950413	0.00241736	0.966592	0.0330579	4.13223e-05	0.000123967	0	0
	0.935	0.000991736	0.00245868	0.966592	0.0289256	4.13223e-05	4.13223e-05	0	0
	0.936	0.00088843	0.00237603	0.96875	0.0268595	0	8.26446e-05	0	0
	0.937	0.000743802	0.00289256	0.96875	0.0247934	2.06612e-05	8.26446e-05	0	0
	0.938	0.00105372	0.0028719	0.964286	0.0227273	4.13223e-05	6.19835e-05	0	0
	0.939	0.000929752	0.00241736	0.961969	0.0227273	8.26446e-05	0.000103306	0	0
	0.94	0.0010124	0.00280992	0.957494	0.0227273	2.06612e-05	6.19835e-05	0	0
	0.941	0.000971074	0.00243802	0.957399	0.0227273	8.26446e-05	4.13223e-05	0	0
	0.942	0.000991736	0.00307851	0.955157	0.0206612	0.000144628	2.06612e-05	0	0
	0.943	0.000826446	0.0028719	0.955157	0.0206612	6.19835e-05	2.06612e-05	0	0
	0.944	0.000929752	0.00247934	0.955157	0.0206612	0.000165289	6.19835e-05	0	0
	0.945	0.000909091	0.00291322	0.950673	0.018595	0.00018595	4.13223e-05	0	0
	0.946	0.000929752	0.00332645	0.952809	0.018595	6.19835e-05	2.06612e-05	0	0
	0.947	0.00126033	0.00342975	0.948315	0.018595	0.000123967	4.13223e-05	0	0
	0.948	0.00130165	0.00316116	0.937079	0.0165289	0.000103306	0	0	0
	0.949	0.00103306	0.00293388	0.936937	0.0165289	0.000144628	2.06612e-05	0	0
	0.95	0.00150826	0.00340909	0.932432	0.0165289	6.19835e-05	6.19835e-05	0	0
	0.951	0.00159091	0.00283058	0.927928	0.0165289	0.000103306	2.06612e-05	0	0
	0.952	0.00169421	0.00419421	0.918919	0.0165289	6.19835e-05	2.06612e-05	0	0
	0.953	0.00179752	0.00378099	0.914221	0.0144628	8.26446e-05	0	0	0
	0.954	0.00231405	0.00421488	0.911964	0.0123967	8.26446e-05	0	0	0
	0.955	0.00272727	0.00446281	0.907449	0.0123967	8.26446e-05	0	0	0
	0.956	0.00260331	0.00466942	0.909502	0.0123967	2.06612e-05	2.06612e-05	0	0
	0.957	0.00309917	0.00411157	0.909091	0.0123967	4.13223e-05	4.13223e-05	0	0
	0.958	0.00297521	0.00442149	0.904328	0.0103306	2.06612e-05	0	0	0
	0.959	0.00318182	0.00464876	0.90389	0.00826446	0	0	0	0
	0.96	0.00355372	0.00506198	0.899314	0.00619835	4.13223e-05	0	0	0
	0.961	0.00365702	0.00547521	0.897025	0.00619835	2.06612e-05	2.06612e-05	0	0
	0.962	0.00396694	0.00553719	0.896789	0.00619835	4.13223e-05	6.19835e-05	0	0
	0.963	0.00384298	0.00539256	0.885321	0.00413223	0	0	0	0
	0.964	0.00394628	0.00595041	0.873853	0.00413223	0	2.06612e-05	0	0
	0.965	0.00456612	0.00584711	0.866667	0.00413223	0	4.13223e-05	0	0
	0.966	0.00479339	0.00688017	0.85977	0.00413223	0	4.13223e-05	0	0
	0.967	0.00524793	0.00704545	0.845977	0.00206612	0	0	0	0
	0.968	0.00539256	0.00729339	0.845622	0.00206612	0	0	0	0
	0.969	0.0047314	0.00820248	0.841014	0	0	0	0	0
	0.97	0.00595041	0.0077686	0.833718	0	0	2.06612e-05	0	0
	0.971	0.00576446	0.00768595	0.82448	0	0	2.06612e-05	0	0
	0.972	0.00630165	0.00783058	0.826389	0	0	0	0	0
	0.973	0.00696281	0.00907025	0.821346	0	0	2.06612e-05	0	0
	0.974	0.00634298	0.00886364	0.812065	0	0	0	0	0
	0.975	0.00710744	0.00938017	0.815421	0	0	0	0	0
	0.976	0.0075	0.0107025	0.807963	0	0	0	0	0
	0.977	0.00725207	0.0105785	0.805687	0	0	0	0	0
	0.978	0.00698347	0.0117562	0.795238	0	0	0	0	0
	0.979	0.00768595	0.0120868	0.789855	0	0	0	0	0
	0.98	0.00770661	0.0124793	0.787805	0	0	0	0	0
	0.981	0.00721074	0.0126446	0.781863	0	0	0	0	0
	0.982	0.00894628	0.0130992	0.782716	0	0	2.06612e-05	0	0
	0.983	0.0081405	0.0146694	0.776119	0	0	0	0	0
	0.984	0.00818182	0.0154752	0.772727	0	0	0	0	0
	0.985	0.00946281	0.0170248	0.752551	0	0	0	0	0
	0.986	0.0102686	0.0181612	0.730077	0	0	0	0	0
	0.987	0.0117149	0.0195248	0.718346	0	0	0	0	0
	0.988	0.0130785	0.018905	0.7	0	0	0	0	0
	0.989	0.0144008	0.0208884	0.682796	0	0	0	0	0
	0.99	0.0165083	0.0224793	0.652174	0	0	0	0	0
	0.991	0.0194835	0.0225	0.633333	0	0	0	0	0
	0.992	0.0232645	0.0261983	0.620112	0	0	0	0	0
	0.993	0.0261983	0.0275207	0.581461	0	0	0	0	0
	0.994	0.0304132	0.0317149	0.549858	0	0	0	0	0
	0.995	0.0345661	0.0339669	0.518841	0	0	0	0	0
	0.996	0.0377893	0.0383264	0.468468	0	0	0	0	0
	0.997	0.0478926	0.046405	0.358255	0	0	0	0	0
	0.998	0.0717149	0.0559091	0.218241	0	0	0	0	0
	0.999	0.125083	0.0714256	0.0662021	0	0	0	0	0
	1	0.231343	0.072624	0	0	0	0	0	0


#	yrange	sparsity	# links	zeta	support at cross	fraction FP	support at cross2	fraction FP2
	0	0	0	0.000354733	0.996	0.554063	0.996	0.554063
	0.25	0	0	0.000354733	0.996	0.554063	0.996	0.554063
