#	Frequencies and overlap
#	bins	MYC	shuffle	overlap_MYC	overlap_shuffle	SIGN_MYC	SIGNshuffle	SIGNoverlap_MYC	SIGNoverlap_shuffle
	0	0	0	1	1	0.420661	0.398781	0.686747	0
	0.001	0	2.06612e-05	1	1	0	0	0.686747	0
	0.002	0	0	1	0.997934	0	0	0.686747	0
	0.003	0	0	1	0.997934	0	0	0.686747	0
	0.004	0	0	1	0.997934	0	0	0.686747	0
	0.005	0	0	1	0.997934	0	0	0.686747	0
	0.006	0	0	1	0.997934	0	0	0.686747	0
	0.007	0	0	1	0.997934	0	0	0.686747	0
	0.008	0	0	1	0.997934	0	2.06612e-05	0.686747	0
	0.009	0	0	1	0.997934	0	4.13223e-05	0.686747	0
	0.01	0	0	1	0.997934	0	2.06612e-05	0.686747	0
	0.011	0	0	1	0.997934	0	2.06612e-05	0.686747	0
	0.012	0	2.06612e-05	1	0.997934	0	6.19835e-05	0.686747	0
	0.013	0	0	1	0.995868	0	6.19835e-05	0.686747	0
	0.014	0	2.06612e-05	1	0.995868	0	4.13223e-05	0.686747	0
	0.015	0	4.13223e-05	1	0.993802	0	4.13223e-05	0.686747	0
	0.016	0	2.06612e-05	1	0.989669	0	4.13223e-05	0.686747	0
	0.017	0	0	1	0.987603	0	6.19835e-05	0.686747	0
	0.018	0	4.13223e-05	1	0.987603	0	4.13223e-05	0.686747	0
	0.019	0	6.19835e-05	1	0.983471	0	8.26446e-05	0.686747	0
	0.02	0	4.13223e-05	1	0.979339	0	6.19835e-05	0.686747	0
	0.021	0	2.06612e-05	1	0.977273	0	4.13223e-05	0.686747	0
	0.022	0	0	1	0.977273	2.06612e-05	8.26446e-05	0.686747	0
	0.023	0	6.19835e-05	1	0.977273	2.06612e-05	6.19835e-05	0.683735	0
	0.024	0	6.19835e-05	1	0.97314	2.06612e-05	6.19835e-05	0.683735	0
	0.025	0	6.19835e-05	1	0.966942	6.19835e-05	4.13223e-05	0.683735	0
	0.026	0	4.13223e-05	1	0.960744	0.000103306	0	0.683735	0
	0.027	0	2.06612e-05	1	0.956612	4.13223e-05	6.19835e-05	0.683735	0
	0.028	0	4.13223e-05	1	0.956612	8.26446e-05	8.26446e-05	0.683735	0
	0.029	0	4.13223e-05	1	0.952479	2.06612e-05	6.19835e-05	0.683735	0
	0.03	0	2.06612e-05	1	0.950413	0.000165289	4.13223e-05	0.683735	0
	0.031	0	6.19835e-05	1	0.948347	0.000144628	4.13223e-05	0.683735	0
	0.032	0	0	1	0.944215	0.000247934	0.000103306	0.683735	0
	0.033	0	4.13223e-05	1	0.944215	0.00018595	2.06612e-05	0.683735	0
	0.034	0	4.13223e-05	1	0.940083	0.000103306	6.19835e-05	0.685801	0
	0.035	0	0.000103306	1	0.938017	0.000144628	0.000103306	0.685801	0
	0.036	4.13223e-05	6.19835e-05	1	0.931818	0.000165289	0.000103306	0.685801	0
	0.037	8.26446e-05	2.06612e-05	0.995868	0.931818	0.000123967	8.26446e-05	0.685801	0
	0.038	0.000103306	0.000103306	0.995868	0.929752	0.00018595	6.19835e-05	0.685801	0
	0.039	6.19835e-05	8.26446e-05	0.995868	0.92562	0.000123967	2.06612e-05	0.685801	0
	0.04	0.000103306	4.13223e-05	0.995868	0.919421	0.000227273	6.19835e-05	0.685801	0
	0.041	0.000144628	0.000123967	0.995868	0.915289	0.000103306	8.26446e-05	0.685801	0
	0.042	6.19835e-05	2.06612e-05	0.995868	0.909091	0.000103306	4.13223e-05	0.685801	0
	0.043	0.000206612	0.000103306	0.995868	0.907025	0.000165289	8.26446e-05	0.685801	0
	0.044	0.000247934	4.13223e-05	0.995868	0.904959	0.000103306	0.000103306	0.685801	0
	0.045	0.000227273	8.26446e-05	0.995868	0.904959	0.000165289	6.19835e-05	0.685801	0
	0.046	0.000247934	6.19835e-05	0.995868	0.89876	0.00018595	6.19835e-05	0.685801	0
	0.047	0.00018595	6.19835e-05	0.995868	0.896694	0.000103306	0.000123967	0.685801	0
	0.048	0.000123967	6.19835e-05	0.995868	0.896694	6.19835e-05	0.000144628	0.685801	0
	0.049	0.000309917	6.19835e-05	0.995868	0.896694	0.000103306	0.000123967	0.685801	0
	0.05	0.000227273	0.000123967	0.995868	0.896694	0.000206612	0.000103306	0.685801	0
	0.051	0.000227273	0.000103306	0.995868	0.892562	0.00018595	4.13223e-05	0.687879	0
	0.052	0.000247934	8.26446e-05	0.995868	0.890496	6.19835e-05	6.19835e-05	0.687879	0
	0.053	0.000165289	4.13223e-05	0.995868	0.884298	0.000144628	0.000144628	0.687879	0
	0.054	0.000247934	6.19835e-05	0.995868	0.884298	6.19835e-05	0.000103306	0.687879	0
	0.055	0.000103306	0.000206612	0.995868	0.880165	6.19835e-05	0.000123967	0.687879	0
	0.056	0.000123967	4.13223e-05	0.995868	0.871901	4.13223e-05	0.000144628	0.687879	0
	0.057	0.000247934	6.19835e-05	0.995868	0.871901	2.06612e-05	0.000123967	0.687879	0
	0.058	8.26446e-05	0.000123967	0.995868	0.867769	6.19835e-05	8.26446e-05	0.687879	0
	0.059	0.000103306	0.000103306	0.995868	0.867769	6.19835e-05	0.00018595	0.687879	0
	0.06	8.26446e-05	8.26446e-05	0.995868	0.867769	8.26446e-05	0.00018595	0.687879	0
	0.061	2.06612e-05	6.19835e-05	0.995868	0.863636	8.26446e-05	0.000123967	0.687879	0
	0.062	4.13223e-05	6.19835e-05	0.995868	0.86157	6.19835e-05	0.000227273	0.687879	0
	0.063	2.06612e-05	8.26446e-05	0.993802	0.86157	0.000123967	0.000289256	0.687879	0
	0.064	2.06612e-05	0.000144628	0.993802	0.859504	0.000165289	8.26446e-05	0.687879	0
	0.065	2.06612e-05	0.000123967	0.993802	0.853306	0.000165289	8.26446e-05	0.687879	0
	0.066	0	8.26446e-05	0.993802	0.85124	0.000103306	0.000206612	0.68997	0
	0.067	0	8.26446e-05	0.993802	0.849174	8.26446e-05	0.000103306	0.68997	0
	0.068	6.19835e-05	0.000165289	0.993802	0.847107	0.000144628	0.000144628	0.68997	0
	0.069	4.13223e-05	4.13223e-05	0.995859	0.847107	0.000103306	0.000165289	0.68997	0
	0.07	4.13223e-05	0.000123967	0.997925	0.847107	0.000103306	0.000144628	0.68997	0
	0.071	0	0.00018595	0.997925	0.845041	0.000247934	0.00018595	0.692073	0
	0.072	6.19835e-05	8.26446e-05	0.997925	0.838843	0.000165289	0.000227273	0.692073	0
	0.073	6.19835e-05	0.000144628	0.997925	0.836777	0.000309917	0.000144628	0.692073	0
	0.074	2.06612e-05	8.26446e-05	0.997925	0.832645	0.000268595	0.000103306	0.692073	0
	0.075	6.19835e-05	0.000103306	0.997925	0.828512	0.000144628	8.26446e-05	0.692073	0
	0.076	2.06612e-05	0.000123967	0.997925	0.826446	0.000103306	0.000227273	0.692073	0
	0.077	6.19835e-05	0.000123967	0.997925	0.82438	0.00018595	8.26446e-05	0.692073	0
	0.078	0	0.000144628	0.997925	0.82438	0.000247934	0.000165289	0.692073	0
	0.079	4.13223e-05	0.000103306	0.997925	0.816116	0.000165289	0.000123967	0.692073	0
	0.08	8.26446e-05	6.19835e-05	0.997925	0.811983	0.000247934	8.26446e-05	0.69419	0
	0.081	8.26446e-05	0.000165289	0.997925	0.809917	0.000123967	0.000247934	0.69419	0
	0.082	0.000103306	8.26446e-05	0.997925	0.807851	0.000165289	0.000123967	0.69419	0
	0.083	0.000103306	0.000103306	0.997925	0.805785	0.000247934	0.000206612	0.69419	0
	0.084	0.000123967	0.00018595	0.997925	0.803719	0.000247934	0.000144628	0.69419	0
	0.085	4.13223e-05	0.000103306	0.997925	0.797521	0.000123967	0.000227273	0.69419	0
	0.086	0	0.000247934	0.997925	0.793388	2.06612e-05	0.000123967	0.69419	0
	0.087	8.26446e-05	8.26446e-05	0.997925	0.789256	0.000144628	0.000247934	0.69419	0
	0.088	0.000123967	0.000165289	0.997925	0.78719	0.000103306	0.000206612	0.69419	0
	0.089	0.000103306	0.000123967	0.997925	0.785124	0.00018595	0.000165289	0.69419	0
	0.09	8.26446e-05	0.000144628	0.997925	0.783058	0.000103306	0.000144628	0.69419	0
	0.091	8.26446e-05	0.000247934	0.997925	0.780992	6.19835e-05	0.000227273	0.69419	0
	0.092	8.26446e-05	0.000227273	0.997925	0.772727	6.19835e-05	0.000165289	0.69419	0
	0.093	8.26446e-05	0.000123967	0.997925	0.766529	0.000227273	0.00018595	0.69419	0
	0.094	6.19835e-05	0.000227273	0.997925	0.766529	0.000330579	0.00035124	0.696319	0
	0.095	0.000144628	0.000227273	0.997925	0.758264	0.000103306	0.00018595	0.696319	0
	0.096	6.19835e-05	8.26446e-05	0.995851	0.756198	0.000144628	0.000165289	0.696319	0
	0.097	0	0.00018595	0.995851	0.752066	0.000123967	0.000227273	0.696319	0
	0.098	4.13223e-05	0.000165289	0.995851	0.747934	0.000103306	0.00035124	0.696319	0
	0.099	6.19835e-05	0.000206612	0.995851	0.745868	8.26446e-05	0.000330579	0.696319	0
	0.1	8.26446e-05	0.000227273	0.995851	0.741736	8.26446e-05	0.000165289	0.696319	0
	0.101	2.06612e-05	0.000165289	0.995851	0.737603	0	0.000165289	0.696319	0
	0.102	8.26446e-05	0.000165289	0.995851	0.735537	0.000268595	0.000227273	0.696319	0
	0.103	0	0.000144628	0.995842	0.735537	8.26446e-05	0.000289256	0.698462	0
	0.104	4.13223e-05	0.000123967	0.995842	0.735537	6.19835e-05	0.000144628	0.698462	0
	0.105	4.13223e-05	8.26446e-05	0.993763	0.729339	2.06612e-05	0.00018595	0.700617	0
	0.106	6.19835e-05	0.000268595	0.993763	0.727273	4.13223e-05	0.000123967	0.702786	0
	0.107	2.06612e-05	0.000206612	0.993763	0.72314	0	0.000371901	0.69969	0
	0.108	4.13223e-05	6.19835e-05	0.993763	0.721074	6.19835e-05	0.000206612	0.69969	0
	0.109	6.19835e-05	0.000103306	0.993763	0.719008	0	0.000206612	0.69969	0
	0.11	0.000123967	0.000227273	0.991684	0.719008	2.06612e-05	0.000206612	0.69969	0
	0.111	0.000103306	0.000165289	0.991684	0.71281	4.13223e-05	0.000371901	0.69969	0
	0.112	0.00018595	0.000206612	0.991684	0.710744	6.19835e-05	0.000247934	0.69969	0
	0.113	0.00018595	0.000227273	0.991684	0.706612	2.06612e-05	0.000309917	0.69969	0
	0.114	2.06612e-05	0.00018595	0.991684	0.698347	2.06612e-05	0.000309917	0.69969	0
	0.115	0.00018595	0.000289256	0.991684	0.696281	2.06612e-05	0.00035124	0.69969	0
	0.116	0.000144628	0.00018595	0.991684	0.688017	0	0.000309917	0.69969	0
	0.117	0.000165289	0.00018595	0.991684	0.683884	0.000103306	0.000247934	0.69969	0
	0.118	0.000206612	0.000165289	0.991684	0.679752	4.13223e-05	0.000309917	0.69969	0
	0.119	0.000165289	0.000206612	0.989605	0.67562	2.06612e-05	0.00018595	0.701863	0
	0.12	0.000289256	0.000227273	0.989605	0.673554	0.000206612	0.000227273	0.701863	0
	0.121	0.00018595	0.000227273	0.989605	0.671488	2.06612e-05	0.000289256	0.701863	0
	0.122	0.000392562	0.000206612	0.989605	0.669421	6.19835e-05	0.000454545	0.701863	0
	0.123	0.000371901	0.00018595	0.989605	0.665289	0.000123967	0.000289256	0.701863	0
	0.124	0.000309917	0.00018595	0.987526	0.665289	0.000103306	0.000289256	0.701863	0
	0.125	0.00035124	0.000309917	0.987526	0.661157	0.000103306	0.000289256	0.698758	0
	0.126	0.000392562	0.000227273	0.987526	0.64876	0.000123967	0.00018595	0.698758	0
	0.127	0.000309917	8.26446e-05	0.987526	0.646694	0.000103306	0.000392562	0.698758	0
	0.128	0.000289256	0.000206612	0.987526	0.646694	2.06612e-05	0.00035124	0.698758	0
	0.129	0.000392562	0.00018595	0.987526	0.644628	8.26446e-05	0.000309917	0.698758	0
	0.13	0.000268595	0.000330579	0.987526	0.642562	6.19835e-05	0.000289256	0.698758	0
	0.131	0.000454545	0.000309917	0.987526	0.626033	0.000144628	0.000309917	0.698758	0
	0.132	0.000165289	0.000103306	0.987526	0.619835	2.06612e-05	0.000309917	0.698758	0
	0.133	0.000227273	0.000247934	0.987526	0.617769	0.000103306	0.000433884	0.698758	0
	0.134	0.000495868	0.000247934	0.987526	0.609504	0.00018595	0.000206612	0.695652	0
	0.135	0.00035124	0.000123967	0.987526	0.607438	0.000123967	0.000289256	0.695652	0
	0.136	0.000268595	0.000247934	0.987526	0.607438	0.00018595	0.000495868	0.695652	0
	0.137	0.000227273	0.00018595	0.985447	0.605372	0.000123967	0.000371901	0.695652	0
	0.138	0.000330579	0.00018595	0.985447	0.603306	0.000227273	0.000309917	0.695652	0
	0.139	0.000206612	0.000268595	0.985447	0.603306	8.26446e-05	0.000371901	0.695652	0
	0.14	0.000289256	0.000103306	0.985447	0.592975	0.000206612	0.000247934	0.695652	0
	0.141	0.000330579	0.000165289	0.985447	0.588843	0.000144628	0.00018595	0.695652	0
	0.142	0.000330579	0.000206612	0.985447	0.584711	0.000165289	0.00035124	0.695652	0
	0.143	0.000268595	0.00018595	0.985447	0.580579	0.000103306	0.000475207	0.695652	0
	0.144	0.000206612	0.000227273	0.985447	0.580579	0.000165289	0.000309917	0.695652	0
	0.145	0.00018595	0.000330579	0.985447	0.580579	0.000227273	0.000557851	0.695652	0
	0.146	0.000144628	0.000144628	0.985447	0.578512	0.000247934	0.000454545	0.695652	0
	0.147	0.000227273	0.000330579	0.985447	0.578512	0.000247934	0.000330579	0.695652	0
	0.148	0.00018595	0.00018595	0.985447	0.572314	0.000227273	0.000371901	0.695652	0
	0.149	6.19835e-05	0.00018595	0.985447	0.570248	0.00018595	0.000413223	0.695652	0
	0.15	0.000123967	0.000165289	0.985447	0.570248	0.000227273	0.000413223	0.695652	0
	0.151	0.000227273	0.00018595	0.985447	0.568182	0.000123967	0.000413223	0.695652	0
	0.152	0.000330579	0.000103306	0.983368	0.566116	0.000289256	0.000289256	0.695652	0
	0.153	0.000103306	0.000247934	0.985417	0.566116	0.000247934	0.00053719	0.695652	0
	0.154	0.000144628	0.000268595	0.987474	0.561983	0.000289256	0.000454545	0.695652	0
	0.155	0.000165289	0.000247934	0.987474	0.555785	0.000247934	0.000371901	0.695652	0
	0.156	0.000227273	0.00035124	0.987474	0.551653	0.000144628	0.000330579	0.695652	0
	0.157	0.000165289	0.000289256	0.985386	0.541322	0.000247934	0.000454545	0.695652	0
	0.158	0.00018595	0.000371901	0.985386	0.53719	0.00035124	0.000495868	0.695652	0
	0.159	0.00018595	0.000247934	0.985386	0.530992	0.000330579	0.000413223	0.695652	0
	0.16	0.000289256	0.000330579	0.985386	0.52686	0.000227273	0.000454545	0.692547	0
	0.161	0.000165289	0.000330579	0.987448	0.520661	0.00035124	0.000578512	0.692547	0
	0.162	0.000206612	0.000268595	0.987448	0.516529	0.000309917	0.000392562	0.694704	0
	0.163	0.000103306	0.000268595	0.987448	0.514463	0.000227273	0.000392562	0.69375	0
	0.164	0.000144628	0.000309917	0.987448	0.506198	0.000165289	0.000413223	0.69375	0
	0.165	0.000123967	0.000227273	0.987448	0.497934	0.000289256	0.00035124	0.69375	0
	0.166	0.000144628	0.000309917	0.987448	0.495868	0.000165289	0.000661157	0.69375	0
	0.167	0.000123967	0.000247934	0.987448	0.493802	0.000330579	0.000495868	0.69375	0
	0.168	0.000123967	0.000289256	0.987448	0.491736	0.000309917	0.000475207	0.69375	0
	0.169	0.000289256	0.000247934	0.987421	0.489669	0.000268595	0.000557851	0.690625	0
	0.17	0.000144628	0.000371901	0.989496	0.483471	0.000392562	0.000495868	0.690625	0
	0.171	0.00018595	0.000144628	0.989496	0.47314	0.000247934	0.000433884	0.690625	0
	0.172	0.000227273	0.000268595	0.989496	0.471074	0.000495868	0.000557851	0.690625	0
	0.173	0.000165289	0.000247934	0.989496	0.464876	0.000371901	0.000785124	0.690625	0
	0.174	0.000268595	0.000433884	0.989496	0.464876	0.000309917	0.000619835	0.690625	0
	0.175	0.00018595	0.000165289	0.989496	0.458678	0.000454545	0.000454545	0.690625	0
	0.176	6.19835e-05	0.000247934	0.989496	0.454545	0.000516529	0.000330579	0.6875	0
	0.177	0.000123967	0.000330579	0.989496	0.450413	0.000516529	0.000681818	0.689655	0
	0.178	0.000123967	0.000371901	0.989496	0.448347	0.000392562	0.000619835	0.689655	0
	0.179	0.000330579	0.000247934	0.987395	0.444215	0.000413223	0.000661157	0.689655	0
	0.18	0.00018595	0.000247934	0.985294	0.444215	0.000392562	0.000495868	0.689655	0
	0.181	0.000206612	0.000144628	0.985294	0.440083	0.000557851	0.000557851	0.689655	0
	0.182	0.000413223	0.000227273	0.987368	0.440083	0.000661157	0.000619835	0.694006	0
	0.183	0.000165289	0.000309917	0.987368	0.438017	0.000557851	0.000475207	0.694006	0
	0.184	0.000268595	0.000330579	0.987368	0.431818	0.000599174	0.00072314	0.694006	0
	0.185	8.26446e-05	0.000289256	0.987368	0.429752	0.000516529	0.000743802	0.694006	0
	0.186	0.00018595	0.000413223	0.987368	0.429752	0.000495868	0.000516529	0.694006	0
	0.187	0.00018595	0.000227273	0.987368	0.427686	0.000475207	0.000557851	0.694006	0
	0.188	0.00018595	0.000309917	0.987368	0.42562	0.00035124	0.000681818	0.694006	0
	0.189	0.000227273	0.000289256	0.987368	0.417355	0.000599174	0.00053719	0.694006	0
	0.19	0.000247934	0.000309917	0.987368	0.415289	0.000516529	0.00072314	0.694006	0
	0.191	0.000289256	0.000206612	0.987368	0.411157	0.000661157	0.000640496	0.694006	0
	0.192	0.000247934	0.000289256	0.987368	0.404959	0.000392562	0.000392562	0.696203	0
	0.193	0.000206612	0.00035124	0.987368	0.400826	0.000454545	0.000599174	0.696203	0
	0.194	0.000309917	0.000309917	0.987368	0.396694	0.00053719	0.000702479	0.696203	0
	0.195	0.000123967	0.000165289	0.989451	0.392562	0.000309917	0.000454545	0.696203	0
	0.196	0.000247934	0.000413223	0.989451	0.390496	0.000557851	0.00053719	0.696203	0
	0.197	0.000247934	0.000206612	0.987342	0.378099	0.00035124	0.000764463	0.696203	0
	0.198	0.000227273	0.000495868	0.987342	0.373967	0.000475207	0.000929752	0.696203	0
	0.199	0.00018595	0.00018595	0.985232	0.365702	0.000578512	0.000785124	0.693038	0
	0.2	0.000309917	0.00035124	0.985232	0.363636	0.000475207	0.000826446	0.693038	0
	0.201	0.000247934	0.000268595	0.985232	0.36157	0.00035124	0.000578512	0.693038	0
	0.202	0.00035124	0.000475207	0.985232	0.357438	0.000413223	0.000475207	0.695238	0
	0.203	0.00018595	0.000433884	0.985232	0.349174	0.000392562	0.000640496	0.697452	0
	0.204	0.000227273	0.000475207	0.985232	0.347107	0.000371901	0.000557851	0.697452	0
	0.205	0.000309917	0.000371901	0.985232	0.345041	0.000495868	0.000764463	0.699681	0
	0.206	0.000309917	0.000268595	0.985232	0.340909	0.000495868	0.000661157	0.699681	0
	0.207	0.00018595	0.000330579	0.985232	0.332645	0.000475207	0.000557851	0.696486	0
	0.208	0.000227273	0.000433884	0.985232	0.330579	0.000371901	0.000557851	0.698718	0
	0.209	0.00018595	0.000309917	0.985232	0.326446	0.00035124	0.000847107	0.698718	0
	0.21	6.19835e-05	0.000330579	0.985232	0.320248	0.000599174	0.000454545	0.698718	0
	0.211	0.000309917	0.000206612	0.985232	0.316116	0.000392562	0.000599174	0.698718	0
	0.212	0.00035124	0.000475207	0.985232	0.316116	0.000392562	0.000475207	0.703226	0
	0.213	0.000206612	0.000309917	0.985232	0.311983	0.000371901	0.000785124	0.703226	0
	0.214	0.000227273	0.000433884	0.985232	0.307851	0.000371901	0.000578512	0.705502	0
	0.215	0.000247934	0.000413223	0.985232	0.307851	0.000392562	0.000929752	0.705502	0
	0.216	0.000165289	0.000289256	0.985232	0.299587	0.00018595	0.000557851	0.705502	0
	0.217	0.000268595	0.000392562	0.985232	0.295455	0.000681818	0.000599174	0.705502	0
	0.218	8.26446e-05	0.000495868	0.983122	0.289256	0.000433884	0.000826446	0.705502	0
	0.219	0.000123967	0.000516529	0.983122	0.28719	0.000557851	0.000743802	0.707792	0
	0.22	0.000309917	0.000578512	0.983122	0.285124	0.000413223	0.000847107	0.710098	0
	0.221	0.000206612	0.000454545	0.987288	0.278926	0.000475207	0.000619835	0.712418	0
	0.222	0.000206612	0.000702479	0.985169	0.270661	0.000433884	0.000785124	0.712418	0
	0.223	8.26446e-05	0.000289256	0.985169	0.266529	0.00035124	0.000557851	0.712418	0
	0.224	0.000227273	0.00053719	0.985169	0.264463	0.000433884	0.000640496	0.712418	0
	0.225	0.000144628	0.000392562	0.985169	0.258264	0.000371901	0.000785124	0.712418	0
	0.226	0.00018595	0.000454545	0.985169	0.256198	0.000413223	0.000702479	0.712418	0
	0.227	0.000247934	0.000330579	0.985169	0.245868	0.000330579	0.000661157	0.714754	0
	0.228	0.000103306	0.000392562	0.985169	0.245868	0.000413223	0.000847107	0.714754	0
	0.229	8.26446e-05	0.000433884	0.985169	0.243802	0.000392562	0.000681818	0.714754	0
	0.23	0.00018595	0.000289256	0.985169	0.241736	0.000495868	0.000743802	0.711475	0
	0.231	0.00018595	0.000371901	0.985169	0.241736	0.000227273	0.000702479	0.711475	0
	0.232	0.000123967	0.000516529	0.985169	0.241736	0.000309917	0.000867769	0.711475	0
	0.233	0.000144628	0.000392562	0.985169	0.239669	0.000247934	0.000681818	0.711475	0
	0.234	0.000206612	0.000413223	0.985169	0.233471	0.00053719	0.00072314	0.711475	0
	0.235	0.000206612	0.000640496	0.983051	0.229339	0.000247934	0.000743802	0.711475	0
	0.236	0.000165289	0.000413223	0.985138	0.225207	0.000206612	0.000785124	0.711475	0
	0.237	0.000206612	0.000371901	0.983015	0.225207	0.000330579	0.000743802	0.708197	0
	0.238	0.000123967	0.000413223	0.982979	0.225207	0.000289256	0.000681818	0.704918	0
	0.239	0.00018595	0.000289256	0.980851	0.22314	0.000268595	0.00053719	0.704918	0
	0.24	8.26446e-05	0.000309917	0.980851	0.219008	0.000309917	0.00072314	0.704918	0
	0.241	0.000227273	0.000640496	0.980851	0.216942	0.000165289	0.000743802	0.704918	0
	0.242	0.000206612	0.000495868	0.980851	0.210744	0.000268595	0.000991736	0.704918	0
	0.243	0.000103306	0.000454545	0.980851	0.206612	0.00018595	0.000702479	0.704918	0
	0.244	0.000123967	0.000392562	0.980851	0.202479	0.000247934	0.000950413	0.707237	0
	0.245	0.00018595	0.000495868	0.982942	0.202479	0.000247934	0.000681818	0.707237	0
	0.246	0.000227273	0.000619835	0.982942	0.198347	0.000165289	0.000743802	0.707237	0
	0.247	0.000371901	0.00035124	0.982942	0.192149	0.000227273	0.000743802	0.703947	0
	0.248	0.000123967	0.000454545	0.982942	0.192149	0.000165289	0.00103306	0.708609	0
	0.249	0.00018595	0.000454545	0.982942	0.192149	0.000247934	0.000826446	0.710963	0
	0.25	0.000227273	0.000433884	0.982942	0.18595	0.000206612	0.000661157	0.710963	0
	0.251	0.000268595	0.000433884	0.978678	0.181818	0.000268595	0.000578512	0.710963	0
	0.252	0.000165289	0.000475207	0.978678	0.181818	0.000330579	0.000909091	0.706667	0
	0.253	0.000206612	0.000475207	0.978678	0.181818	0.000392562	0.000847107	0.706667	0
	0.254	0.000371901	0.000785124	0.978678	0.179752	0.000289256	0.000909091	0.706667	0
	0.255	0.000289256	0.000516529	0.978678	0.17562	0.000289256	0.000743802	0.706667	0
	0.256	0.000206612	0.000681818	0.978678	0.17562	0.000247934	0.000578512	0.70903	0
	0.257	0.000371901	0.000454545	0.978678	0.171488	0.000268595	0.000826446	0.711409	0
	0.258	0.000268595	0.000557851	0.978632	0.169421	0.000206612	0.000847107	0.711409	0
	0.259	0.000227273	0.00053719	0.978632	0.163223	0.000268595	0.000785124	0.711409	0
	0.26	0.00035124	0.00053719	0.978632	0.159091	0.000268595	0.000909091	0.711409	0
	0.261	0.000268595	0.000475207	0.978632	0.157025	0.000433884	0.00072314	0.711409	0
	0.262	0.000206612	0.000578512	0.978632	0.14876	0.000309917	0.000867769	0.713805	0
	0.263	0.000247934	0.000475207	0.978632	0.144628	0.000144628	0.000640496	0.715254	0
	0.264	0.000330579	0.000413223	0.978632	0.140496	0.000227273	0.000702479	0.711864	0
	0.265	0.00018595	0.000578512	0.978632	0.140496	0.000227273	0.000950413	0.711864	0
	0.266	0.000247934	0.000516529	0.978632	0.13843	0.000454545	0.000743802	0.711864	0
	0.267	0.000392562	0.000681818	0.978632	0.13843	0.00035124	0.000785124	0.714286	0
	0.268	0.000330579	0.000557851	0.978632	0.136364	0.000309917	0.000599174	0.714286	0
	0.269	0.000309917	0.00035124	0.978632	0.134298	0.000371901	0.000826446	0.716724	0
	0.27	0.000227273	0.000433884	0.978632	0.134298	0.000227273	0.00072314	0.716724	0
	0.271	0.000309917	0.000309917	0.978632	0.128099	0.000516529	0.000847107	0.716724	0
	0.272	0.000433884	0.000805785	0.978632	0.126033	0.00035124	0.000661157	0.716724	0
	0.273	0.000371901	0.000578512	0.976496	0.126033	0.000330579	0.000805785	0.719178	0
	0.274	0.000495868	0.000785124	0.976496	0.123967	0.000640496	0.00088843	0.719178	0
	0.275	0.000475207	0.000640496	0.976496	0.123967	0.000495868	0.000681818	0.715753	0
	0.276	0.000309917	0.000475207	0.976496	0.123967	0.000309917	0.000971074	0.715753	0
	0.277	0.00018595	0.00053719	0.976496	0.121901	0.000557851	0.000826446	0.718213	0
	0.278	0.000330579	0.000599174	0.976496	0.121901	0.000413223	0.000826446	0.714777	0
	0.279	0.000433884	0.000681818	0.976496	0.121901	0.000433884	0.000805785	0.71134	0
	0.28	0.000392562	0.000681818	0.978587	0.119835	0.000599174	0.000805785	0.71134	0
	0.281	0.000454545	0.000743802	0.978587	0.115702	0.000619835	0.000867769	0.71134	0
	0.282	0.000330579	0.000578512	0.978587	0.11157	0.000516529	0.000764463	0.71134	0
	0.283	0.000475207	0.000454545	0.978587	0.11157	0.000557851	0.000950413	0.713793	0
	0.284	0.000578512	0.000619835	0.980687	0.11157	0.000619835	0.000661157	0.713793	0
	0.285	0.000247934	0.000743802	0.980687	0.11157	0.000413223	0.000743802	0.713793	0
	0.286	0.000309917	0.000557851	0.978541	0.11157	0.000661157	0.000702479	0.713793	0
	0.287	0.000371901	0.000785124	0.978541	0.109504	0.000475207	0.000681818	0.713793	0
	0.288	0.000392562	0.000805785	0.976395	0.107438	0.000681818	0.000950413	0.713793	0
	0.289	0.000330579	0.000743802	0.972103	0.103306	0.000495868	0.000599174	0.710345	0
	0.29	0.000289256	0.000743802	0.972103	0.103306	0.00053719	0.000971074	0.710345	0
	0.291	0.000392562	0.000950413	0.972103	0.0971074	0.000495868	0.000805785	0.710345	0
	0.292	0.000309917	0.000743802	0.974194	0.0971074	0.00072314	0.000743802	0.710345	0
	0.293	0.00035124	0.00072314	0.974194	0.0971074	0.000557851	0.000950413	0.710345	0
	0.294	0.000206612	0.00072314	0.974194	0.0971074	0.000516529	0.00072314	0.706897	0
	0.295	0.00035124	0.000702479	0.974194	0.0929752	0.000557851	0.000805785	0.706897	0
	0.296	0.000289256	0.000847107	0.974194	0.088843	0.000516529	0.000681818	0.706897	0
	0.297	0.000330579	0.000785124	0.974194	0.0867769	0.000557851	0.000785124	0.706897	0
	0.298	0.000227273	0.000971074	0.974194	0.0826446	0.000495868	0.000578512	0.706897	0
	0.299	0.000123967	0.000805785	0.974194	0.0764463	0.000516529	0.00088843	0.706897	0
	0.3	0.000206612	0.000785124	0.974194	0.0764463	0.000619835	0.000909091	0.703448	0
	0.301	0.000309917	0.000619835	0.974194	0.0764463	0.000661157	0.000847107	0.703448	0
	0.302	0.000268595	0.000909091	0.974194	0.0743802	0.000929752	0.000681818	0.703448	0
	0.303	0.000227273	0.000826446	0.974194	0.072314	0.000764463	0.000557851	0.703448	0
	0.304	0.000165289	0.000640496	0.974194	0.072314	0.000785124	0.000971074	0.7	0
	0.305	0.000413223	0.000743802	0.974194	0.072314	0.00072314	0.000661157	0.7	0
	0.306	0.00035124	0.000661157	0.972043	0.072314	0.000516529	0.000805785	0.707317	0
	0.307	0.000206612	0.000640496	0.967742	0.072314	0.000661157	0.000847107	0.70979	0
	0.308	0.000206612	0.000764463	0.969828	0.072314	0.00072314	0.000702479	0.70979	0
	0.309	0.000144628	0.00053719	0.971922	0.0702479	0.000619835	0.000702479	0.70979	0
	0.31	0.000206612	0.000681818	0.969762	0.0681818	0.000764463	0.000743802	0.708772	0
	0.311	0.00035124	0.000909091	0.969762	0.0681818	0.000433884	0.000950413	0.708772	0
	0.312	0.000227273	0.000785124	0.967603	0.0681818	0.000826446	0.000764463	0.708772	0
	0.313	0.000165289	0.00072314	0.967603	0.0681818	0.000578512	0.000743802	0.705263	0
	0.314	0.000289256	0.000929752	0.967603	0.0661157	0.000619835	0.00088843	0.705263	0
	0.315	0.000123967	0.00109504	0.967603	0.0661157	0.000702479	0.000847107	0.707746	0
	0.316	0.000268595	0.000702479	0.967603	0.0640496	0.000743802	0.00107438	0.707746	0
	0.317	0.00035124	0.00088843	0.969697	0.0640496	0.00072314	0.000805785	0.707746	0
	0.318	0.000330579	0.000702479	0.969697	0.0619835	0.00053719	0.000847107	0.707746	0
	0.319	0.000268595	0.000681818	0.969697	0.0619835	0.000702479	0.000743802	0.707746	0
	0.32	0.000330579	0.000991736	0.976035	0.0599174	0.000743802	0.000805785	0.707746	0
	0.321	0.000227273	0.000826446	0.976035	0.0599174	0.000640496	0.000929752	0.707746	0
	0.322	0.000413223	0.000619835	0.976035	0.0599174	0.000599174	0.000785124	0.707746	0
	0.323	0.00035124	0.000764463	0.971678	0.0599174	0.000578512	0.0010124	0.707746	0
	0.324	0.000475207	0.000867769	0.971678	0.0599174	0.000743802	0.000702479	0.704225	0
	0.325	0.000454545	0.00072314	0.971678	0.0578512	0.000702479	0.000743802	0.706714	0
	0.326	0.000413223	0.000826446	0.971678	0.0578512	0.000516529	0.000847107	0.70318	0
	0.327	0.000371901	0.000847107	0.971678	0.0557851	0.000619835	0.000991736	0.699647	0
	0.328	0.000392562	0.000971074	0.971678	0.0557851	0.000495868	0.000826446	0.699647	0
	0.329	0.000371901	0.000826446	0.971678	0.053719	0.000826446	0.00105372	0.699647	0
	0.33	0.000247934	0.000661157	0.969499	0.053719	0.000702479	0.000929752	0.696113	0
	0.331	0.000309917	0.000661157	0.969499	0.053719	0.000495868	0.00121901	0.689046	0
	0.332	0.000413223	0.00053719	0.969499	0.053719	0.000599174	0.00103306	0.689046	0
	0.333	0.000289256	0.000640496	0.969499	0.053719	0.00072314	0.0010124	0.689046	0
	0.334	0.000475207	0.000909091	0.969499	0.053719	0.000661157	0.00088843	0.691489	0
	0.335	0.000371901	0.000764463	0.969499	0.053719	0.000599174	0.000702479	0.691489	0
	0.336	0.000516529	0.000681818	0.96732	0.053719	0.000764463	0.00072314	0.691489	0
	0.337	0.00035124	0.000785124	0.969432	0.053719	0.000826446	0.000764463	0.696429	0
	0.338	0.000309917	0.000826446	0.969432	0.053719	0.000640496	0.000578512	0.695341	0
	0.339	0.000413223	0.000743802	0.965066	0.053719	0.000516529	0.000805785	0.697842	0
	0.34	0.000661157	0.000681818	0.965066	0.053719	0.000681818	0.000867769	0.700361	0
	0.341	0.00053719	0.000743802	0.965066	0.053719	0.000640496	0.000764463	0.693141	0
	0.342	0.000475207	0.000805785	0.965066	0.053719	0.00035124	0.000929752	0.695652	0
	0.343	0.000516529	0.000785124	0.965066	0.053719	0.000619835	0.000599174	0.695652	0
	0.344	0.000371901	0.000640496	0.965066	0.053719	0.00053719	0.000867769	0.695652	0
	0.345	0.000433884	0.000826446	0.962882	0.053719	0.000516529	0.000826446	0.695652	0
	0.346	0.000702479	0.000867769	0.962882	0.053719	0.00053719	0.00103306	0.69708	0
	0.347	0.00035124	0.000578512	0.962882	0.053719	0.000681818	0.0011157	0.69708	0
	0.348	0.000640496	0.000785124	0.962882	0.053719	0.000557851	0.000619835	0.699634	0
	0.349	0.000392562	0.000805785	0.962882	0.053719	0.00035124	0.000640496	0.699634	0
	0.35	0.000433884	0.000847107	0.962882	0.053719	0.00053719	0.000909091	0.699634	0
	0.351	0.000475207	0.000805785	0.960699	0.053719	0.000557851	0.000826446	0.702206	0
	0.352	0.000599174	0.0010124	0.960699	0.053719	0.000516529	0.000785124	0.702206	0
	0.353	0.000413223	0.000640496	0.960699	0.053719	0.000433884	0.000785124	0.707407	0
	0.354	0.000392562	0.000702479	0.960699	0.053719	0.000599174	0.000826446	0.707407	0
	0.355	0.000495868	0.000619835	0.962801	0.053719	0.000454545	0.000805785	0.703704	0
	0.356	0.000495868	0.000743802	0.960613	0.053719	0.000557851	0.000681818	0.70632	0
	0.357	0.000516529	0.000826446	0.960613	0.0516529	0.000516529	0.000971074	0.70632	0
	0.358	0.000661157	0.000661157	0.960613	0.0516529	0.000681818	0.000847107	0.70632	0
	0.359	0.000557851	0.000764463	0.960613	0.0516529	0.000619835	0.000743802	0.702602	0
	0.36	0.000743802	0.000640496	0.960613	0.0516529	0.000516529	0.000785124	0.702602	0
	0.361	0.000578512	0.000640496	0.962719	0.0516529	0.00053719	0.000847107	0.698885	0
	0.362	0.000516529	0.00072314	0.962719	0.0516529	0.000661157	0.000847107	0.695167	0
	0.363	0.000495868	0.00117769	0.962719	0.0516529	0.00053719	0.000702479	0.69145	0
	0.364	0.00035124	0.000785124	0.962719	0.0516529	0.00072314	0.000578512	0.69145	0
	0.365	0.000578512	0.00072314	0.962719	0.0516529	0.000619835	0.000971074	0.69403	0
	0.366	0.000516529	0.000640496	0.962719	0.0516529	0.000578512	0.000557851	0.699248	0
	0.367	0.000475207	0.000640496	0.964835	0.0516529	0.000516529	0.000743802	0.699248	0
	0.368	0.000392562	0.000743802	0.964835	0.0516529	0.000599174	0.000950413	0.699248	0
	0.369	0.000392562	0.000971074	0.962637	0.0516529	0.000681818	0.000991736	0.699248	0
	0.37	0.000289256	0.000619835	0.962637	0.0516529	0.000599174	0.000805785	0.695489	0
	0.371	0.000599174	0.000826446	0.962637	0.0516529	0.00088843	0.000826446	0.695489	0
	0.372	0.000557851	0.000929752	0.962637	0.0516529	0.000516529	0.000826446	0.698113	0
	0.373	0.000640496	0.000640496	0.964758	0.0516529	0.000661157	0.000867769	0.698113	0
	0.374	0.000516529	0.000909091	0.964758	0.0516529	0.000619835	0.000681818	0.698113	0
	0.375	0.000640496	0.000681818	0.962555	0.0516529	0.000661157	0.000743802	0.700758	0
	0.376	0.000454545	0.00072314	0.962555	0.0516529	0.000929752	0.000764463	0.700758	0
	0.377	0.000475207	0.000785124	0.962555	0.0516529	0.000826446	0.000929752	0.69962	0
	0.378	0.000475207	0.000764463	0.962555	0.0495868	0.000578512	0.000785124	0.70229	0
	0.379	0.000475207	0.000681818	0.96468	0.0475207	0.000681818	0.000847107	0.70229	0
	0.38	0.000454545	0.000971074	0.96468	0.0475207	0.000557851	0.00103306	0.701149	0
	0.381	0.000433884	0.00088843	0.968958	0.0475207	0.000495868	0.000681818	0.701149	0
	0.382	0.000495868	0.000847107	0.968958	0.0475207	0.000433884	0.000991736	0.701149	0
	0.383	0.000392562	0.000950413	0.966741	0.0454545	0.000557851	0.000847107	0.697318	0
	0.384	0.000330579	0.000805785	0.964523	0.0454545	0.000805785	0.000929752	0.697318	0
	0.385	0.000371901	0.000867769	0.964523	0.0454545	0.000785124	0.000909091	0.697318	0
	0.386	0.000392562	0.000764463	0.964523	0.0454545	0.000619835	0.000909091	0.697318	0
	0.387	0.00035124	0.000743802	0.966667	0.0433884	0.00053719	0.000681818	0.697318	0
	0.388	0.000516529	0.000578512	0.966667	0.0433884	0.000557851	0.000929752	0.697318	0
	0.389	0.000268595	0.000764463	0.964444	0.0413223	0.0010124	0.00107438	0.697318	0
	0.39	0.000371901	0.00088843	0.962222	0.0413223	0.000495868	0.000929752	0.7	0
	0.391	0.000454545	0.0010124	0.964365	0.0413223	0.000640496	0.000909091	0.702703	0
	0.392	0.000413223	0.000785124	0.966518	0.0392562	0.000495868	0.0010124	0.702703	0
	0.393	0.00035124	0.000764463	0.964286	0.0392562	0.000805785	0.0010124	0.705426	0
	0.394	0.00035124	0.000764463	0.964286	0.0392562	0.000578512	0.000950413	0.705426	0
	0.395	0.000413223	0.000743802	0.964286	0.0392562	0.000681818	0.000867769	0.705426	0
	0.396	0.000454545	0.000702479	0.964286	0.0371901	0.000578512	0.000826446	0.70155	0
	0.397	0.000330579	0.000847107	0.964286	0.0371901	0.000557851	0.000826446	0.70155	0
	0.398	0.000309917	0.000640496	0.962054	0.0371901	0.000619835	0.000991736	0.70428	0
	0.399	0.000413223	0.000971074	0.962054	0.035124	0.000681818	0.000826446	0.70428	0
	0.4	0.000557851	0.000991736	0.962054	0.0330579	0.000619835	0.000950413	0.70428	0
	0.401	0.000413223	0.00088843	0.962054	0.0309917	0.000475207	0.00103306	0.70428	0
	0.402	0.000433884	0.000867769	0.962054	0.0309917	0.000661157	0.000867769	0.700389	0
	0.403	0.00035124	0.000681818	0.964206	0.0309917	0.000661157	0.000826446	0.699219	0
	0.404	0.000247934	0.00088843	0.966368	0.0309917	0.000454545	0.0011157	0.699219	0
	0.405	0.000371901	0.00121901	0.966368	0.0309917	0.000640496	0.000909091	0.701961	0
	0.406	0.000578512	0.0010124	0.966368	0.0309917	0.000495868	0.000909091	0.700787	0
	0.407	0.000433884	0.000847107	0.966292	0.0309917	0.00053719	0.000847107	0.700787	0
	0.408	0.000392562	0.000847107	0.964045	0.0309917	0.000702479	0.00107438	0.69685	0
	0.409	0.00035124	0.00109504	0.961798	0.0309917	0.000640496	0.00109504	0.702381	0
	0.41	0.00053719	0.000867769	0.961798	0.0309917	0.00072314	0.000764463	0.698413	0
	0.411	0.000433884	0.000909091	0.961798	0.0309917	0.000681818	0.00119835	0.698413	0
	0.412	0.000392562	0.000640496	0.963964	0.0309917	0.000557851	0.00103306	0.698413	0
	0.413	0.00035124	0.000785124	0.963964	0.0309917	0.000640496	0.000661157	0.701195	0
	0.414	0.000557851	0.00088843	0.963964	0.0309917	0.000557851	0.00119835	0.704	0
	0.415	0.000495868	0.000743802	0.963964	0.0309917	0.00053719	0.000991736	0.704	0
	0.416	0.00053719	0.000950413	0.963964	0.0309917	0.000578512	0.000743802	0.704	0
	0.417	0.000433884	0.000743802	0.963964	0.0309917	0.00053719	0.000867769	0.704	0
	0.418	0.000495868	0.000764463	0.963964	0.0309917	0.000413223	0.0010124	0.704	0
	0.419	0.000330579	0.000847107	0.963964	0.0309917	0.000702479	0.00103306	0.702811	0
	0.42	0.000433884	0.000909091	0.961712	0.0309917	0.000702479	0.000929752	0.698795	0
	0.421	0.000413223	0.000743802	0.961712	0.0309917	0.000578512	0.00103306	0.701613	0
	0.422	0.000289256	0.000661157	0.963883	0.0309917	0.000619835	0.000867769	0.704453	0
	0.423	0.00053719	0.000991736	0.963883	0.0309917	0.000661157	0.00088843	0.704453	0
	0.424	0.00053719	0.000805785	0.959368	0.0309917	0.000702479	0.000805785	0.704453	0
	0.425	0.000433884	0.00109504	0.959368	0.0309917	0.000516529	0.000950413	0.707317	0
	0.426	0.000371901	0.000516529	0.959368	0.0309917	0.000743802	0.00113636	0.707317	0
	0.427	0.000289256	0.000743802	0.961538	0.0309917	0.000495868	0.000847107	0.707317	0
	0.428	0.000433884	0.00107438	0.961538	0.0309917	0.000681818	0.000909091	0.707317	0
	0.429	0.000433884	0.000847107	0.961538	0.0309917	0.000619835	0.000785124	0.706122	0
	0.43	0.000599174	0.00134298	0.959276	0.0309917	0.00072314	0.000909091	0.706122	0
	0.431	0.000392562	0.000909091	0.959276	0.0309917	0.000640496	0.00103306	0.706122	0
	0.432	0.000392562	0.000743802	0.961451	0.0309917	0.000557851	0.00109504	0.706122	0
	0.433	0.000475207	0.000991736	0.961364	0.0309917	0.000578512	0.000929752	0.704918	0
	0.434	0.000413223	0.000971074	0.961364	0.0289256	0.000743802	0.000929752	0.710744	0
	0.435	0.000413223	0.00088843	0.961364	0.0289256	0.000495868	0.000847107	0.713693	0
	0.436	0.000371901	0.000847107	0.961364	0.0289256	0.000640496	0.000764463	0.713693	0
	0.437	0.000599174	0.00072314	0.961364	0.0289256	0.000681818	0.000991736	0.713693	0
	0.438	0.000289256	0.000764463	0.961276	0.0289256	0.000805785	0.000991736	0.716667	0
	0.439	0.000309917	0.000971074	0.961276	0.0289256	0.000619835	0.0010124	0.708333	0
	0.44	0.000516529	0.000971074	0.961276	0.0289256	0.000557851	0.000847107	0.708333	0
	0.441	0.000371901	0.00088843	0.961276	0.0289256	0.000929752	0.0010124	0.708333	0
	0.442	0.000330579	0.00088843	0.961276	0.0268595	0.000909091	0.000971074	0.704167	0
	0.443	0.000206612	0.000991736	0.961187	0.0268595	0.000681818	0.000805785	0.7	0
	0.444	0.000268595	0.000805785	0.961187	0.0268595	0.000785124	0.0010124	0.7	0
	0.445	0.000475207	0.000971074	0.961187	0.0268595	0.000702479	0.0011157	0.695833	0
	0.446	0.000413223	0.000847107	0.958904	0.0268595	0.000599174	0.000764463	0.695833	0
	0.447	0.000578512	0.000805785	0.958904	0.0268595	0.000413223	0.000764463	0.694561	0
	0.448	0.000454545	0.000929752	0.958904	0.0268595	0.000661157	0.000971074	0.694561	0
	0.449	0.000309917	0.000805785	0.961098	0.0247934	0.000681818	0.00119835	0.690377	0
	0.45	0.000433884	0.00088843	0.963303	0.0227273	0.000826446	0.0011157	0.682008	0
	0.451	0.000289256	0.00088843	0.963303	0.0227273	0.000867769	0.000971074	0.683544	0
	0.452	0.000268595	0.000909091	0.963303	0.0206612	0.000640496	0.000867769	0.679325	0
	0.453	0.00035124	0.000764463	0.963303	0.0206612	0.000475207	0.00103306	0.679325	0
	0.454	0.000392562	0.00117769	0.963303	0.0206612	0.000867769	0.00109504	0.679325	0
	0.455	0.000557851	0.000826446	0.963303	0.0206612	0.000661157	0.000950413	0.675105	0
	0.456	0.000475207	0.00088843	0.963303	0.0206612	0.000805785	0.00121901	0.680851	0
	0.457	0.000371901	0.00105372	0.963303	0.0206612	0.000909091	0.0010124	0.680851	0
	0.458	0.00035124	0.000764463	0.963303	0.0206612	0.000805785	0.00123967	0.683761	0
	0.459	0.000475207	0.00088843	0.963303	0.0206612	0.00072314	0.000826446	0.683761	0
	0.46	0.000661157	0.000826446	0.965517	0.0206612	0.000847107	0.00072314	0.689655	0
	0.461	0.000392562	0.000847107	0.963218	0.0206612	0.000495868	0.00134298	0.689655	0
	0.462	0.00053719	0.000847107	0.963218	0.0206612	0.00088843	0.00123967	0.689655	0
	0.463	0.000454545	0.000702479	0.967667	0.0206612	0.000640496	0.00123967	0.689655	0
	0.464	0.00035124	0.000950413	0.967667	0.0206612	0.000661157	0.00105372	0.689655	0
	0.465	0.000392562	0.00088843	0.969907	0.0206612	0.000867769	0.00088843	0.692641	0
	0.466	0.000330579	0.000847107	0.972158	0.0206612	0.000681818	0.000805785	0.692641	0
	0.467	0.00035124	0.000764463	0.972158	0.018595	0.00072314	0.000867769	0.679654	0
	0.468	0.000578512	0.000702479	0.972158	0.018595	0.00105372	0.00103306	0.673913	0
	0.469	0.000392562	0.000950413	0.969838	0.018595	0.000950413	0.000805785	0.673913	0
	0.47	0.000516529	0.000578512	0.967517	0.0144628	0.000847107	0.0011157	0.673913	0
	0.471	0.000454545	0.00105372	0.967517	0.0144628	0.00109504	0.00121901	0.676856	0
	0.472	0.000413223	0.000702479	0.965197	0.0123967	0.000826446	0.00130165	0.675439	0
	0.473	0.000599174	0.000929752	0.965197	0.0123967	0.00109504	0.00103306	0.675439	0
	0.474	0.00035124	0.000681818	0.965197	0.0103306	0.000971074	0.00115702	0.675439	0
	0.475	0.000475207	0.000867769	0.965197	0.0103306	0.000785124	0.00107438	0.671053	0
	0.476	0.000268595	0.00088843	0.965197	0.00826446	0.00119835	0.0010124	0.671053	0
	0.477	0.00072314	0.000805785	0.962877	0.00826446	0.00121901	0.00123967	0.676991	0
	0.478	0.00035124	0.000991736	0.960557	0.00826446	0.00113636	0.00123967	0.68	0
	0.479	0.000454545	0.000805785	0.960557	0.00826446	0.0011157	0.0010124	0.68	0
	0.48	0.000206612	0.000909091	0.960557	0.00826446	0.00119835	0.00115702	0.674107	0
	0.481	0.000413223	0.000847107	0.958237	0.00826446	0.00132231	0.00123967	0.683258	0
	0.482	0.00035124	0.000805785	0.958237	0.00826446	0.0010124	0.00136364	0.678733	0
	0.483	0.000495868	0.00105372	0.958237	0.00826446	0.00144628	0.00113636	0.681818	0
	0.484	0.00035124	0.000785124	0.958237	0.00826446	0.00142562	0.000991736	0.680365	0
	0.485	0.00053719	0.00072314	0.958237	0.00826446	0.00119835	0.0010124	0.678899	0
	0.486	0.000289256	0.00072314	0.958237	0.00826446	0.00152893	0.0013843	0.678899	0
	0.487	0.000495868	0.000785124	0.958237	0.00826446	0.00128099	0.0010124	0.678899	0
	0.488	0.000454545	0.000950413	0.958237	0.00826446	0.00169421	0.00103306	0.678899	0
	0.489	0.000599174	0.000743802	0.955916	0.00826446	0.00152893	0.00117769	0.672811	0
	0.49	0.000413223	0.000805785	0.95814	0.00826446	0.00121901	0.00142562	0.675926	0
	0.491	0.000392562	0.000599174	0.955814	0.00619835	0.00150826	0.00150826	0.674419	0
	0.492	0.000206612	0.00103306	0.958042	0.00619835	0.00165289	0.00117769	0.67757	0
	0.493	0.000392562	0.0010124	0.96028	0.00619835	0.00169421	0.00142562	0.668224	0
	0.494	0.000371901	0.000681818	0.96028	0.00619835	0.00154959	0.00126033	0.663551	0
	0.495	0.000475207	0.000826446	0.96028	0.00619835	0.00179752	0.00144628	0.665094	0
	0.496	0.000289256	0.000950413	0.96028	0.00619835	0.00171488	0.0010124	0.665094	0
	0.497	0.000433884	0.000950413	0.96028	0.00619835	0.00144628	0.00130165	0.663507	0
	0.498	0.000392562	0.000929752	0.96028	0.00619835	0.00200413	0.00109504	0.654028	0
	0.499	0.000371901	0.000991736	0.957944	0.00619835	0.00179752	0.00134298	0.652381	0
	0.5	0.00035124	0.000764463	0.953271	0.00619835	0.0018595	0.00128099	0.652381	0
	0.501	0.000413223	0.000743802	0.953271	0.00619835	0.00192149	0.00128099	0.652381	0
	0.502	0.000578512	0.000805785	0.953271	0.00619835	0.00208678	0.00119835	0.655502	0
	0.503	0.00053719	0.000743802	0.953271	0.00619835	0.00270661	0.00130165	0.647343	0
	0.504	0.000475207	0.000971074	0.953162	0.00619835	0.00188017	0.0010124	0.645631	0
	0.505	0.000475207	0.000805785	0.953162	0.00619835	0.00231405	0.00109504	0.643902	0
	0.506	0.000661157	0.000619835	0.953162	0.00619835	0.00188017	0.00123967	0.647059	0
	0.507	0.000454545	0.000867769	0.953162	0.00619835	0.00200413	0.00105372	0.648515	0
	0.508	0.00053719	0.000867769	0.953162	0.00413223	0.00200413	0.00136364	0.638614	0
	0.509	0.000475207	0.00115702	0.957647	0.00413223	0.00183884	0.00115702	0.648241	0
	0.51	0.000413223	0.000805785	0.955294	0.00413223	0.0021281	0.00126033	0.643216	0
	0.511	0.000454545	0.000991736	0.955294	0.00413223	0.00196281	0.00126033	0.638191	0
	0.512	0.00035124	0.000909091	0.955294	0.00413223	0.00140496	0.00121901	0.638191	0
	0.513	0.000309917	0.00072314	0.952941	0.00413223	0.00140496	0.00119835	0.64467	0
	0.514	0.000413223	0.000743802	0.955189	0.00413223	0.00165289	0.00109504	0.64467	0
	0.515	0.000413223	0.000867769	0.957447	0.00413223	0.0017562	0.00117769	0.647959	0
	0.516	0.000392562	0.00126033	0.957447	0.00413223	0.00165289	0.00134298	0.646154	0
	0.517	0.000454545	0.000619835	0.959716	0.00206612	0.00181818	0.0010124	0.635897	0
	0.518	0.00053719	0.000867769	0.957346	0.00206612	0.00192149	0.00109504	0.630769	0
	0.519	0.000557851	0.000847107	0.957346	0.00206612	0.00142562	0.00132231	0.635417	0
	0.52	0.000619835	0.0010124	0.957346	0.00206612	0.00144628	0.000991736	0.638743	0
	0.521	0.000661157	0.000929752	0.957346	0.00206612	0.00169421	0.00103306	0.642105	0
	0.522	0.000619835	0.00119835	0.957245	0.00206612	0.00157025	0.000826446	0.634921	0
	0.523	0.000454545	0.00103306	0.957245	0.00206612	0.00194215	0.00105372	0.638298	0
	0.524	0.000578512	0.00107438	0.957245	0.00206612	0.00157025	0.00119835	0.636364	0
	0.525	0.000495868	0.000785124	0.954869	0.00206612	0.00163223	0.00165289	0.637838	0
	0.526	0.000475207	0.000826446	0.954869	0.00206612	0.00198347	0.00123967	0.63587	0
	0.527	0.000475207	0.000640496	0.957143	0.00206612	0.0013843	0.00109504	0.63388	0
	0.528	0.000454545	0.000867769	0.957143	0.00206612	0.00154959	0.00132231	0.63388	0
	0.529	0.00053719	0.000764463	0.954762	0.00206612	0.0017562	0.000929752	0.63388	0
	0.53	0.000454545	0.000661157	0.954762	0.00206612	0.00144628	0.0014876	0.63388	0
	0.531	0.000516529	0.000785124	0.954762	0.00206612	0.00183884	0.00088843	0.637363	0
	0.532	0.000433884	0.00105372	0.952381	0.00206612	0.00190083	0.00103306	0.644444	0
	0.533	0.00053719	0.000661157	0.947619	0.00206612	0.0018595	0.00128099	0.644444	0
	0.534	0.000516529	0.0011157	0.947619	0.00206612	0.00157025	0.00130165	0.638889	0
	0.535	0.000330579	0.000599174	0.947619	0.00206612	0.00167355	0.00113636	0.647727	0
	0.536	0.000599174	0.000971074	0.945238	0.00206612	0.00132231	0.00107438	0.651429	0
	0.537	0.000640496	0.000971074	0.940476	0.00206612	0.00204545	0.0010124	0.655172	0
	0.538	0.000702479	0.00088843	0.938095	0.00206612	0.00179752	0.00107438	0.649425	0
	0.539	0.000495868	0.000661157	0.933333	0.00206612	0.00161157	0.00121901	0.641618	0
	0.54	0.000557851	0.000950413	0.930952	0.00206612	0.0018595	0.00123967	0.645349	0
	0.541	0.000516529	0.000909091	0.935407	0	0.00181818	0.00132231	0.643275	0
	0.542	0.00072314	0.000867769	0.933014	0	0.00167355	0.000805785	0.631579	0
	0.543	0.000495868	0.00103306	0.933014	0	0.00171488	0.00128099	0.631579	0
	0.544	0.000599174	0.000847107	0.933014	0	0.00179752	0.00134298	0.625731	0
	0.545	0.000743802	0.000847107	0.932854	0	0.00159091	0.0010124	0.630952	0
	0.546	0.000640496	0.00072314	0.930456	0	0.00167355	0.00140496	0.63253	0
	0.547	0.000805785	0.00105372	0.925659	0	0.00198347	0.000991736	0.63253	0
	0.548	0.000661157	0.000847107	0.925659	0	0.00144628	0.00126033	0.630303	0
	0.549	0.000826446	0.000929752	0.925659	0	0.0014876	0.00130165	0.630303	0
	0.55	0.000867769	0.000785124	0.925659	0	0.00157025	0.00142562	0.630303	0
	0.551	0.000764463	0.00107438	0.925481	0	0.00105372	0.00109504	0.628049	0
	0.552	0.000661157	0.000826446	0.923077	0	0.00159091	0.0014876	0.619632	0
	0.553	0.000516529	0.000971074	0.925301	0	0.00157025	0.00121901	0.611111	0
	0.554	0.000495868	0.00072314	0.920482	0	0.00123967	0.00140496	0.614907	0
	0.555	0.00072314	0.0010124	0.920482	0	0.0014876	0.00140496	0.616352	0
	0.556	0.000867769	0.000640496	0.920482	0	0.00144628	0.000991736	0.603774	0
	0.557	0.00072314	0.000950413	0.918072	0	0.00165289	0.0010124	0.597484	0
	0.558	0.000971074	0.000826446	0.918072	0	0.00130165	0.00115702	0.592357	0
	0.559	0.000867769	0.00121901	0.917874	0	0.00159091	0.00107438	0.593548	0
	0.56	0.000805785	0.000661157	0.917874	0	0.00140496	0.0010124	0.584416	0
	0.561	0.000847107	0.000702479	0.917874	0	0.00152893	0.00115702	0.577922	0
	0.562	0.000764463	0.000702479	0.920097	0	0.00181818	0.00121901	0.581699	0
	0.563	0.000743802	0.000909091	0.917676	0	0.00167355	0.00144628	0.585526	0
	0.564	0.000785124	0.000909091	0.919903	0	0.00134298	0.00152893	0.589404	0
	0.565	0.00088843	0.00088843	0.919903	0	0.00165289	0.00119835	0.593333	0
	0.566	0.00109504	0.00103306	0.922141	0	0.00128099	0.00088843	0.586667	0
	0.567	0.000805785	0.000764463	0.917275	0	0.00115702	0.00109504	0.566667	0
	0.568	0.0011157	0.00109504	0.917275	0	0.00157025	0.00132231	0.566667	0
	0.569	0.000950413	0.000764463	0.917275	0	0.00132231	0.00105372	0.566667	0
	0.57	0.000991736	0.000929752	0.917275	0	0.00134298	0.00113636	0.566667	0
	0.571	0.00103306	0.000619835	0.917275	0	0.0018595	0.00109504	0.574324	0
	0.572	0.00105372	0.000909091	0.917073	0	0.00144628	0.000929752	0.571429	0
	0.573	0.000785124	0.000826446	0.917073	0	0.0013843	0.00132231	0.575342	0
	0.574	0.00121901	0.00115702	0.917073	0	0.00169421	0.000950413	0.575342	0
	0.575	0.0010124	0.00109504	0.914634	0	0.00140496	0.000971074	0.583333	0
	0.576	0.00119835	0.000702479	0.914634	0	0.00142562	0.00115702	0.591549	0
	0.577	0.00115702	0.00130165	0.914425	0	0.00173554	0.000826446	0.585714	0
	0.578	0.00121901	0.000743802	0.916667	0	0.00173554	0.000950413	0.582734	0
	0.579	0.00119835	0.000950413	0.916667	0	0.00167355	0.000785124	0.582734	0
	0.58	0.00113636	0.000805785	0.914216	0	0.00159091	0.00132231	0.586957	0
	0.581	0.00119835	0.0010124	0.914216	0	0.00171488	0.00115702	0.583942	0
	0.582	0.00144628	0.000867769	0.916462	0	0.00132231	0.00128099	0.576642	0
	0.583	0.0011157	0.000826446	0.916462	0	0.00150826	0.00088843	0.57037	0
	0.584	0.00088843	0.000909091	0.914005	0	0.00167355	0.00107438	0.567164	0
	0.585	0.00115702	0.00072314	0.914005	0	0.00150826	0.00126033	0.571429	0
	0.586	0.00109504	0.000640496	0.911548	0	0.00159091	0.00103306	0.572519	0
	0.587	0.00130165	0.00121901	0.909091	0	0.00183884	0.00121901	0.581395	0
	0.588	0.00128099	0.000764463	0.909091	0	0.00140496	0.000909091	0.565891	0
	0.589	0.00117769	0.000909091	0.91133	0	0.00136364	0.00115702	0.565891	0
	0.59	0.00109504	0.000950413	0.908867	0	0.00150826	0.00109504	0.565891	0
	0.591	0.00128099	0.00105372	0.908867	0	0.00188017	0.00117769	0.565891	0
	0.592	0.00121901	0.000909091	0.908642	0	0.00169421	0.000991736	0.55814	0
	0.593	0.00103306	0.000805785	0.906173	0	0.00142562	0.00088843	0.55814	0
	0.594	0.00103306	0.000847107	0.906173	0	0.00144628	0.000909091	0.571429	0
	0.595	0.000950413	0.0010124	0.906173	0	0.0014876	0.000950413	0.576	0
	0.596	0.000909091	0.00103306	0.906173	0	0.00177686	0.000950413	0.56	0
	0.597	0.00107438	0.000991736	0.906173	0	0.00165289	0.000991736	0.548387	0
	0.598	0.00103306	0.00119835	0.906173	0	0.00167355	0.00105372	0.552846	0
	0.599	0.00107438	0.000847107	0.906173	0	0.00192149	0.000950413	0.544715	0
	0.6	0.00115702	0.00107438	0.906173	0	0.00165289	0.000991736	0.540984	0
	0.601	0.000764463	0.000826446	0.906173	0	0.00171488	0.00109504	0.532787	0
	0.602	0.00088843	0.00103306	0.91067	0	0.00183884	0.00107438	0.528926	0
	0.603	0.000950413	0.000950413	0.91067	0	0.00177686	0.000805785	0.533333	0
	0.604	0.00088843	0.000826446	0.912935	0	0.0013843	0.000929752	0.521008	0
	0.605	0.000991736	0.000991736	0.9175	0	0.00157025	0.00109504	0.521008	0
	0.606	0.000805785	0.000991736	0.9125	0	0.00159091	0.00109504	0.521008	0
	0.607	0.000764463	0.00103306	0.9125	0	0.00173554	0.0011157	0.512605	0
	0.608	0.000743802	0.000909091	0.91	0	0.0017562	0.000991736	0.487395	0
	0.609	0.000743802	0.00088843	0.912281	0	0.00169421	0.00103306	0.5	0
	0.61	0.00072314	0.000743802	0.912281	0	0.00171488	0.000847107	0.5	0
	0.611	0.000867769	0.00123967	0.916877	0	0.00173554	0.00088843	0.5	0
	0.612	0.00107438	0.00113636	0.916877	0	0.00183884	0.00105372	0.495575	0
	0.613	0.000805785	0.0011157	0.916877	0	0.00163223	0.00117769	0.473214	0
	0.614	0.000785124	0.000826446	0.919192	0	0.00163223	0.000847107	0.464286	0
	0.615	0.000785124	0.000929752	0.916456	0	0.00169421	0.000991736	0.455357	0
	0.616	0.000702479	0.000764463	0.92112	0	0.00140496	0.00088843	0.455357	0
	0.617	0.000702479	0.000991736	0.925641	0	0.00142562	0.00107438	0.463636	0
	0.618	0.00088843	0.000950413	0.925641	0	0.00146694	0.000929752	0.462963	0
	0.619	0.000681818	0.000950413	0.923077	0	0.00163223	0.00107438	0.46729	0
	0.62	0.000764463	0.00119835	0.923077	0	0.00128099	0.000909091	0.46729	0
	0.621	0.000785124	0.00117769	0.923077	0	0.00132231	0.00105372	0.471698	0
	0.622	0.000805785	0.00117769	0.923077	0	0.00167355	0.00142562	0.480769	0
	0.623	0.000785124	0.00121901	0.922879	0	0.00169421	0.0010124	0.471154	0
	0.624	0.00103306	0.00126033	0.922879	0	0.00134298	0.00107438	0.475728	0
	0.625	0.000557851	0.000929752	0.922879	0	0.00161157	0.000929752	0.456311	0
	0.626	0.000743802	0.000971074	0.922879	0	0.00179752	0.000929752	0.460784	0
	0.627	0.000557851	0.00117769	0.922879	0	0.00157025	0.00103306	0.460784	0
	0.628	0.00072314	0.00103306	0.922879	0	0.00150826	0.000785124	0.460784	0
	0.629	0.000619835	0.000681818	0.927649	0	0.00126033	0.000971074	0.47	0
	0.63	0.000619835	0.00113636	0.927649	0	0.00130165	0.00107438	0.47	0
	0.631	0.000681818	0.00103306	0.925065	0	0.00146694	0.00109504	0.47	0
	0.632	0.000785124	0.00109504	0.927461	0	0.00140496	0.00117769	0.474747	0
	0.633	0.000702479	0.0010124	0.932292	0	0.00134298	0.00109504	0.474227	0
	0.634	0.000702479	0.000950413	0.932292	0	0.00134298	0.000991736	0.479167	0
	0.635	0.00072314	0.000764463	0.934726	0	0.0013843	0.000826446	0.484211	0
	0.636	0.00072314	0.00109504	0.934726	0	0.00113636	0.000867769	0.494624	0
	0.637	0.000557851	0.00103306	0.939633	0	0.00128099	0.00103306	0.494624	0
	0.638	0.00072314	0.00107438	0.937008	0	0.00123967	0.00103306	0.473118	0
	0.639	0.000599174	0.00107438	0.934383	0	0.0013843	0.000702479	0.483516	0
	0.64	0.000702479	0.000764463	0.934383	0	0.0013843	0.000805785	0.494382	0
	0.641	0.000392562	0.000805785	0.936842	0	0.00144628	0.000826446	0.505747	0
	0.642	0.000495868	0.000929752	0.936842	0	0.00144628	0.00105372	0.5	0
	0.643	0.000619835	0.000847107	0.931579	0	0.00113636	0.000867769	0.5	0
	0.644	0.000743802	0.000909091	0.931579	0	0.000991736	0.000867769	0.5	0
	0.645	0.000619835	0.000805785	0.936508	0	0.00144628	0.000826446	0.5	0
	0.646	0.000413223	0.000991736	0.936508	0	0.00123967	0.000847107	0.505882	0
	0.647	0.000785124	0.000702479	0.936508	0	0.00107438	0.000847107	0.482353	0
	0.648	0.000495868	0.00109504	0.93634	0	0.000971074	0.000929752	0.482353	0
	0.649	0.000847107	0.000991736	0.93634	0	0.00126033	0.000991736	0.5	0
	0.65	0.000557851	0.00128099	0.93634	0	0.00109504	0.000847107	0.5	0
	0.651	0.000702479	0.000805785	0.93634	0	0.00130165	0.00088843	0.506173	0
	0.652	0.000619835	0.00109504	0.933687	0	0.00107438	0.000826446	0.506173	0
	0.653	0.000681818	0.000929752	0.933687	0	0.00109504	0.000929752	0.506173	0
	0.654	0.00053719	0.000785124	0.933687	0	0.00103306	0.000909091	0.506173	0
	0.655	0.000557851	0.00107438	0.933687	0	0.00109504	0.000702479	0.506329	0
	0.656	0.000495868	0.0010124	0.933687	0	0.00130165	0.000929752	0.519481	0
	0.657	0.000433884	0.000909091	0.933687	0	0.000929752	0.00088843	0.506494	0
	0.658	0.000475207	0.0010124	0.93617	0	0.0011157	0.00088843	0.52	0
	0.659	0.00072314	0.000971074	0.93617	0	0.00123967	0.000867769	0.52	0
	0.66	0.000619835	0.00107438	0.941176	0	0.000950413	0.000929752	0.527027	0
	0.661	0.000640496	0.000991736	0.941019	0	0.000785124	0.000805785	0.534247	0
	0.662	0.000599174	0.00109504	0.943548	0	0.000867769	0.000847107	0.534247	0
	0.663	0.000433884	0.00103306	0.943548	0	0.000991736	0.000950413	0.541667	0
	0.664	0.000599174	0.000847107	0.943548	0	0.000661157	0.000785124	0.528571	0
	0.665	0.00053719	0.00123967	0.94086	0	0.00103306	0.00107438	0.528571	0
	0.666	0.000557851	0.00117769	0.94086	0	0.000867769	0.00115702	0.521739	0
	0.667	0.000702479	0.00113636	0.938172	0	0.000661157	0.00113636	0.507246	0
	0.668	0.000475207	0.000847107	0.940701	0	0.000785124	0.000743802	0.507246	0
	0.669	0.000268595	0.00088843	0.940701	0	0.000847107	0.0010124	0.514706	0
	0.67	0.000516529	0.00157025	0.940701	0	0.00053719	0.000661157	0.522388	0
	0.671	0.000578512	0.00113636	0.940701	0	0.000950413	0.000991736	0.522388	0
	0.672	0.000599174	0.00115702	0.940541	0	0.000640496	0.000826446	0.522388	0
	0.673	0.000640496	0.000867769	0.943089	0	0.000640496	0.000826446	0.515152	0
	0.674	0.000330579	0.0010124	0.945652	0	0.00103306	0.000785124	0.5	0
	0.675	0.000516529	0.00113636	0.945652	0	0.000578512	0.000991736	0.507937	0
	0.676	0.000413223	0.0010124	0.945504	0	0.000785124	0.000661157	0.492063	0
	0.677	0.000495868	0.00072314	0.945355	0	0.000764463	0.000702479	0.47619	0
	0.678	0.00035124	0.00117769	0.942623	0	0.000516529	0.000847107	0.451613	0
	0.679	0.000433884	0.00105372	0.942623	0	0.000847107	0.000785124	0.451613	0
	0.68	0.000599174	0.00109504	0.942623	0	0.000743802	0.000495868	0.451613	0
	0.681	0.00072314	0.000867769	0.945205	0	0.000867769	0.000847107	0.451613	0
	0.682	0.00053719	0.000991736	0.945205	0	0.000578512	0.00088843	0.419355	0
	0.683	0.00035124	0.00117769	0.945205	0	0.000640496	0.000950413	0.433333	0
	0.684	0.000681818	0.00109504	0.947802	0	0.000826446	0.000661157	0.423729	0
	0.685	0.000495868	0.000909091	0.945055	0	0.000681818	0.000743802	0.40678	0
	0.686	0.000475207	0.00123967	0.945055	0	0.000557851	0.000805785	0.421053	0
	0.687	0.000454545	0.0010124	0.947658	0	0.000805785	0.000826446	0.428571	0
	0.688	0.000495868	0.00117769	0.942149	0	0.000764463	0.000805785	0.444444	0
	0.689	0.000454545	0.000971074	0.944751	0	0.000619835	0.00053719	0.45283	0
	0.69	0.000454545	0.000909091	0.944751	0	0.000681818	0.000578512	0.433962	0
	0.691	0.000743802	0.00121901	0.944751	0	0.000764463	0.000619835	0.415094	0
	0.692	0.000392562	0.000867769	0.941989	0	0.00072314	0.000847107	0.384615	0
	0.693	0.00053719	0.0011157	0.936464	0	0.0010124	0.000702479	0.384615	0
	0.694	0.00053719	0.00150826	0.936464	0	0.000929752	0.00072314	0.346154	0
	0.695	0.000599174	0.000826446	0.936464	0	0.000909091	0.000764463	0.346154	0
	0.696	0.000433884	0.00140496	0.939058	0	0.000599174	0.000702479	0.352941	0
	0.697	0.000619835	0.00128099	0.939058	0	0.000950413	0.000826446	0.367347	0
	0.698	0.000702479	0.00113636	0.941667	0	0.000785124	0.00072314	0.367347	0
	0.699	0.00053719	0.000991736	0.941667	0	0.00088843	0.000785124	0.367347	0
	0.7	0.000681818	0.00109504	0.941667	0	0.000909091	0.000867769	0.367347	0
	0.701	0.00053719	0.000909091	0.941667	0	0.00123967	0.000764463	0.367347	0
	0.702	0.000578512	0.00119835	0.946927	0	0.000950413	0.000599174	0.367347	0
	0.703	0.00072314	0.0011157	0.946927	0	0.00088843	0.000909091	0.375	0
	0.704	0.00072314	0.00134298	0.946927	0	0.000950413	0.000743802	0.375	0
	0.705	0.000413223	0.00117769	0.94958	0	0.0010124	0.000702479	0.333333	0
	0.706	0.000599174	0.00088843	0.946779	0	0.000743802	0.000702479	0.333333	0
	0.707	0.000578512	0.000929752	0.943978	0	0.00126033	0.00072314	0.340426	0
	0.708	0.000557851	0.00117769	0.943978	0	0.00115702	0.000785124	0.326087	0
	0.709	0.000681818	0.00119835	0.943978	0	0.00109504	0.000619835	0.326087	0
	0.71	0.00072314	0.00119835	0.943978	0	0.000909091	0.000867769	0.282609	0
	0.711	0.000681818	0.00113636	0.943978	0	0.00136364	0.000785124	0.288889	0
	0.712	0.000764463	0.00107438	0.943978	0	0.0011157	0.000578512	0.288889	0
	0.713	0.000702479	0.00107438	0.943978	0	0.0010124	0.000785124	0.25	0
	0.714	0.000702479	0.00140496	0.946629	0	0.000909091	0.000764463	0.232558	0
	0.715	0.000764463	0.00130165	0.94382	0	0.000950413	0.000702479	0.232558	0
	0.716	0.000743802	0.00119835	0.94382	0	0.00103306	0.000454545	0.232558	0
	0.717	0.000681818	0.00103306	0.94382	0	0.00132231	0.000640496	0.238095	0
	0.718	0.000640496	0.00157025	0.941011	0	0.00088843	0.000743802	0.238095	0
	0.719	0.000681818	0.00117769	0.941011	0	0.00123967	0.000433884	0.238095	0
	0.72	0.000867769	0.00113636	0.941011	0	0.00103306	0.000578512	0.243902	0
	0.721	0.000702479	0.000847107	0.941011	0	0.00109504	0.000619835	0.243902	0
	0.722	0.000619835	0.00159091	0.932584	0	0.00117769	0.000847107	0.243902	0
	0.723	0.000681818	0.00109504	0.932584	0	0.000929752	0.000557851	0.243902	0
	0.724	0.000599174	0.00140496	0.935211	0	0.00126033	0.000743802	0.219512	0
	0.725	0.000826446	0.00140496	0.935211	0	0.00117769	0.000909091	0.219512	0
	0.726	0.00072314	0.00115702	0.935211	0	0.000785124	0.000661157	0.219512	0
	0.727	0.000619835	0.00121901	0.929577	0	0.00105372	0.000454545	0.219512	0
	0.728	0.000805785	0.00117769	0.929577	0	0.000805785	0.000661157	0.225	0
	0.729	0.000785124	0.000867769	0.923944	0	0.0011157	0.000619835	0.225	0
	0.73	0.000681818	0.00107438	0.923944	0	0.000991736	0.000599174	0.2	0
	0.731	0.000619835	0.00130165	0.923944	0	0.000826446	0.000454545	0.175	0
	0.732	0.000785124	0.000991736	0.923944	0	0.000971074	0.000619835	0.175	0
	0.733	0.000392562	0.0011157	0.926554	0	0.00107438	0.000599174	0.179487	0
	0.734	0.000743802	0.0010124	0.926554	0	0.00103306	0.000413223	0.184211	0
	0.735	0.000805785	0.000971074	0.929178	0	0.000867769	0.000578512	0.184211	0
	0.736	0.000599174	0.00123967	0.931818	0	0.000847107	0.000681818	0.184211	0
	0.737	0.000702479	0.00117769	0.931818	0	0.000909091	0.000392562	0.189189	0
	0.738	0.000702479	0.00117769	0.931818	0	0.000640496	0.000640496	0.194444	0
	0.739	0.000619835	0.00144628	0.926136	0	0.000661157	0.000557851	0.194444	0
	0.74	0.000289256	0.0010124	0.931429	0	0.00107438	0.000805785	0.2	0
	0.741	0.000805785	0.00130165	0.931429	0	0.00072314	0.000681818	0.21875	0
	0.742	0.000495868	0.00132231	0.931429	0	0.00088843	0.000475207	0.21875	0
	0.743	0.00053719	0.00128099	0.931429	0	0.000785124	0.000640496	0.21875	0
	0.744	0.000661157	0.00117769	0.928571	0	0.000413223	0.000640496	0.193548	0
	0.745	0.000475207	0.00128099	0.925714	0	0.000619835	0.000578512	0.2	0
	0.746	0.000764463	0.00117769	0.931034	0	0.000599174	0.000702479	0.2	0
	0.747	0.000516529	0.00128099	0.933718	0	0.000764463	0.00053719	0.206897	0
	0.748	0.000392562	0.00109504	0.933526	0	0.000619835	0.000681818	0.206897	0
	0.749	0.000702479	0.0011157	0.930636	0	0.000681818	0.000371901	0.206897	0
	0.75	0.000785124	0.00113636	0.933333	0	0.000909091	0.000475207	0.185185	0
	0.751	0.000640496	0.0014876	0.938776	0	0.000433884	0.000578512	0.192308	0
	0.752	0.000495868	0.00132231	0.938776	0	0.000743802	0.00072314	0.2	0
	0.753	0.000516529	0.0010124	0.93586	0	0.000702479	0.000640496	0.2	0
	0.754	0.000578512	0.00130165	0.932945	0	0.000599174	0.00035124	0.16	0
	0.755	0.000599174	0.00130165	0.930029	0	0.000599174	0.000640496	0.16	0
	0.756	0.000495868	0.00130165	0.930029	0	0.000847107	0.000578512	0.16	0
	0.757	0.000805785	0.00113636	0.930029	0	0.000578512	0.000433884	0.173913	0
	0.758	0.000578512	0.00157025	0.930029	0	0.000516529	0.000454545	0.173913	0
	0.759	0.000909091	0.0014876	0.932749	0	0.000557851	0.000371901	0.173913	0
	0.76	0.000867769	0.00130165	0.929825	0	0.000495868	0.000578512	0.173913	0
	0.761	0.000764463	0.00115702	0.929825	0	0.000681818	0.000640496	0.173913	0
	0.762	0.000619835	0.0013843	0.929825	0	0.00053719	0.000495868	0.2	0
	0.763	0.000557851	0.00109504	0.929825	0	0.000454545	0.000495868	0.111111	0
	0.764	0.000867769	0.00126033	0.929825	0	0.000433884	0.000578512	0.111111	0
	0.765	0.000867769	0.00130165	0.929825	0	0.000413223	0.000454545	0.111111	0
	0.766	0.00053719	0.00128099	0.929825	0	0.000268595	0.000475207	0.117647	0
	0.767	0.000909091	0.00105372	0.926901	0	0.000557851	0.000578512	0.117647	0
	0.768	0.000847107	0.00134298	0.929619	0	0.000516529	0.000743802	0.117647	0
	0.769	0.000661157	0.00113636	0.932353	0	0.000454545	0.000516529	0.133333	0
	0.77	0.00109504	0.00128099	0.923529	0	0.000392562	0.000247934	0.133333	0
	0.771	0.000867769	0.0014876	0.923529	0	0.000578512	0.000619835	0.133333	0
	0.772	0.000909091	0.000785124	0.926254	0	0.000392562	0.000475207	0.142857	0
	0.773	0.000826446	0.00123967	0.926254	0	0.000165289	0.000392562	0.142857	0
	0.774	0.0011157	0.0011157	0.928994	0	0.00035124	0.000619835	0.142857	0
	0.775	0.000826446	0.00107438	0.926036	0	0.000454545	0.000330579	0.153846	0
	0.776	0.000909091	0.00140496	0.928783	0	0.00018595	0.000392562	0.153846	0
	0.777	0.00105372	0.00159091	0.928783	0	0.000309917	0.000392562	0.153846	0
	0.778	0.000578512	0.00165289	0.922849	0	0.00053719	0.000454545	0.153846	0
	0.779	0.000847107	0.0013843	0.922849	0	0.000433884	0.000289256	0.166667	0
	0.78	0.000867769	0.00146694	0.922849	0	0.000516529	0.000392562	0.166667	0
	0.781	0.000867769	0.00132231	0.922619	0	0.000371901	0.000516529	0.181818	0
	0.782	0.000805785	0.00152893	0.922619	0	0.000309917	0.000413223	0.181818	0
	0.783	0.0010124	0.00136364	0.922619	0	0.000268595	0.000599174	0.181818	0
	0.784	0.000867769	0.00132231	0.919643	0	0.000371901	0.00053719	0.181818	0
	0.785	0.000764463	0.00113636	0.919643	0	0.000392562	0.000289256	0.181818	0
	0.786	0.00107438	0.00128099	0.922388	0	0.000268595	0.000371901	0.181818	0
	0.787	0.000867769	0.00109504	0.922388	0	0.000227273	0.000433884	0.181818	0
	0.788	0.000826446	0.00126033	0.92515	0	0.000330579	0.000309917	0.181818	0
	0.789	0.000681818	0.00109504	0.92515	0	0.000475207	0.000227273	0.181818	0
	0.79	0.000929752	0.00121901	0.92515	0	0.000227273	0.000227273	0.2	0
	0.791	0.000971074	0.00134298	0.927928	0	0.000268595	0.000475207	0.222222	0
	0.792	0.000805785	0.00132231	0.924925	0	0.000165289	0.000289256	0.25	0
	0.793	0.000681818	0.00136364	0.924925	0	0.000165289	0.000371901	0.25	0
	0.794	0.000785124	0.00157025	0.924925	0	0.000165289	0.000330579	0.25	0
	0.795	0.000826446	0.00121901	0.921922	0	0.000227273	0.000413223	0.25	0
	0.796	0.000702479	0.00150826	0.918919	0	0.000309917	0.000413223	0.25	0
	0.797	0.000929752	0.00128099	0.918919	0	0.000165289	0.00018595	0.285714	0
	0.798	0.000702479	0.00132231	0.918919	0	0.000165289	0.000475207	0.285714	0
	0.799	0.00053719	0.00123967	0.918919	0	0.000144628	0.000392562	0.285714	0
	0.8	0.000805785	0.00188017	0.918675	0	0.000165289	0.000433884	0.285714	0
	0.801	0.00072314	0.00130165	0.92145	0	0.000247934	0.000330579	0.285714	0
	0.802	0.000681818	0.00142562	0.921212	0	0.000165289	0.000330579	0.285714	0
	0.803	0.000702479	0.00136364	0.921212	0	0.000165289	0.000413223	0.142857	0
	0.804	0.000681818	0.00169421	0.921212	0	8.26446e-05	0.000371901	0.142857	0
	0.805	0.000743802	0.0014876	0.921212	0	0.000144628	0.000475207	0.142857	0
	0.806	0.000578512	0.00154959	0.915152	0	8.26446e-05	0.000247934	0.142857	0
	0.807	0.00072314	0.00132231	0.917933	0	0.000123967	0.000371901	0.142857	0
	0.808	0.000826446	0.00115702	0.914894	0	4.13223e-05	0.000392562	0.142857	0
	0.809	0.000619835	0.00163223	0.914894	0	8.26446e-05	0.000309917	0.142857	0
	0.81	0.000826446	0.00144628	0.911854	0	4.13223e-05	0.000433884	0.142857	0
	0.811	0.000557851	0.00167355	0.911854	0	0.000103306	0.000495868	0.166667	0
	0.812	0.000826446	0.0013843	0.911585	0	4.13223e-05	0.000247934	0.2	0
	0.813	0.000557851	0.0014876	0.917178	0	6.19835e-05	0.000371901	0.2	0
	0.814	0.000743802	0.00121901	0.92	0	6.19835e-05	0.000309917	0.2	0
	0.815	0.000433884	0.00132231	0.919753	0	4.13223e-05	0.000268595	0.2	0
	0.816	0.000681818	0.00117769	0.919505	0	6.19835e-05	0.000330579	0.2	0
	0.817	0.000619835	0.00161157	0.921875	0	6.19835e-05	0.000289256	0.2	0
	0.818	0.000805785	0.00109504	0.91875	0	2.06612e-05	0.000475207	0.2	0
	0.819	0.00088843	0.00128099	0.91875	0	4.13223e-05	0.000371901	0.2	0
	0.82	0.000805785	0.00152893	0.92163	0	4.13223e-05	0.000371901	0.2	0
	0.821	0.000599174	0.00154959	0.92163	0	0	0.000413223	0.2	0
	0.822	0.000950413	0.00154959	0.92163	0	2.06612e-05	0.000247934	0.2	0
	0.823	0.000909091	0.00146694	0.92163	0	2.06612e-05	0.00035124	0.2	0
	0.824	0.000847107	0.00136364	0.92163	0	6.19835e-05	0.000330579	0.2	0
	0.825	0.000805785	0.00144628	0.92163	0	4.13223e-05	0.000578512	0.2	0
	0.826	0.000826446	0.0013843	0.915094	0	4.13223e-05	0.000309917	0.25	0
	0.827	0.000681818	0.00146694	0.917981	0	6.19835e-05	0.000371901	0.333333	0
	0.828	0.00107438	0.0014876	0.917981	0	2.06612e-05	0.000289256	0.333333	0
	0.829	0.000867769	0.00152893	0.920886	0	0	0.000413223	0.333333	0
	0.83	0.00109504	0.00132231	0.917722	0	2.06612e-05	0.000144628	0.333333	0
	0.831	0.000971074	0.0014876	0.908228	0	2.06612e-05	0.000165289	0.5	0
	0.832	0.000950413	0.00146694	0.908228	0	4.13223e-05	0.000103306	0.5	0
	0.833	0.000805785	0.00132231	0.914013	0	4.13223e-05	0.000309917	0.5	0
	0.834	0.000991736	0.00140496	0.910828	0	4.13223e-05	0.000309917	0.5	0
	0.835	0.00113636	0.00142562	0.904459	0	0	0.000227273	0.5	0
	0.836	0.00130165	0.0014876	0.901274	0	2.06612e-05	0.000413223	0.5	0
	0.837	0.00119835	0.00159091	0.901274	0	6.19835e-05	0.000165289	0.5	0
	0.838	0.00105372	0.00144628	0.901274	0	4.13223e-05	0.000144628	0.5	0
	0.839	0.00130165	0.00126033	0.900958	0	0.000123967	0.00018595	0.5	0
	0.84	0.0011157	0.00109504	0.897764	0	6.19835e-05	0.000495868	0.5	0
	0.841	0.00161157	0.00140496	0.894569	0	0.000103306	0.000144628	0.5	0
	0.842	0.00152893	0.00128099	0.894569	0	6.19835e-05	0.000227273	0.5	0
	0.843	0.00142562	0.00177686	0.894569	0	0	0.000289256	0.5	0
	0.844	0.00142562	0.00150826	0.894569	0	6.19835e-05	0.000289256	0.5	0
	0.845	0.00142562	0.00177686	0.897436	0	0.000103306	0.000268595	0.5	0
	0.846	0.00144628	0.00144628	0.893891	0	6.19835e-05	0.00018595	0.5	0
	0.847	0.00173554	0.00163223	0.88746	0	0.000123967	0.000247934	0.5	0
	0.848	0.00142562	0.00115702	0.887097	0	4.13223e-05	0.000289256	0.5	0
	0.849	0.0014876	0.00117769	0.880645	0	0.000103306	8.26446e-05	0.5	0
	0.85	0.00128099	0.00144628	0.883495	0	6.19835e-05	0.000309917	0.5	0
	0.851	0.00142562	0.00157025	0.877023	0	6.19835e-05	0.000247934	0.5	0
	0.852	0.00140496	0.00130165	0.87055	0	4.13223e-05	0.00018595	0.5	0
	0.853	0.00142562	0.00179752	0.867314	0	0	0.000165289	0.5	0
	0.854	0.00128099	0.00128099	0.864078	0	0.000123967	0.000165289	0.5	0
	0.855	0.00165289	0.00173554	0.864078	0	4.13223e-05	0.000123967	0.5	0
	0.856	0.00142562	0.00132231	0.854369	0	0	0.000227273	0.5	0
	0.857	0.00140496	0.00109504	0.854369	0	8.26446e-05	0.000289256	0.5	0
	0.858	0.0014876	0.00154959	0.854369	0	2.06612e-05	0.000165289	0.5	0
	0.859	0.00177686	0.00163223	0.850163	0	2.06612e-05	0.000330579	0.5	0
	0.86	0.00181818	0.00142562	0.846906	0	6.19835e-05	0.000309917	0.5	0
	0.861	0.00171488	0.00177686	0.843137	0	6.19835e-05	0.000206612	0.5	0
	0.862	0.00183884	0.00152893	0.843137	0	0	0.000103306	0.5	0
	0.863	0.00165289	0.00169421	0.845902	0	0	6.19835e-05	0.5	0
	0.864	0.00159091	0.00192149	0.851485	0	0	0.000165289	0.5	0
	0.865	0.00150826	0.00192149	0.851485	0	2.06612e-05	0.000165289	0.5	0
	0.866	0.00196281	0.00103306	0.854305	0	2.06612e-05	0.000206612	0.5	0
	0.867	0.00144628	0.00159091	0.86	0	0	0.000227273	0.5	0
	0.868	0.00181818	0.00159091	0.86	0	0	0.000165289	0.5	0
	0.869	0.00181818	0.00146694	0.853333	0	0	0.000206612	0.5	0
	0.87	0.00154959	0.00188017	0.846667	0	0	0.000144628	0.5	0
	0.871	0.00204545	0.00132231	0.846154	0	0	0.000144628	0.5	0
	0.872	0.00196281	0.0014876	0.845638	0	0	4.13223e-05	0.5	0
	0.873	0.00194215	0.0014876	0.842282	0	0	0.000123967	0.5	0
	0.874	0.0021281	0.00130165	0.847458	0	2.06612e-05	0.000103306	0.5	0
	0.875	0.00188017	0.00163223	0.840678	0	0	0.000144628	1	0
	0.876	0.00204545	0.00152893	0.840678	0	0	0.000144628	1	0
	0.877	0.00221074	0.00152893	0.840136	0	0	0.000103306	1	0
	0.878	0.00202479	0.00163223	0.836177	0	0	0.000247934	1	0
	0.879	0.00179752	0.00200413	0.832765	0	0	0.000103306	1	0
	0.88	0.00216942	0.00152893	0.832765	0	0	6.19835e-05	1	0
	0.881	0.00194215	0.00165289	0.829352	0	0	0.000247934	1	0
	0.882	0.00202479	0.00165289	0.828767	0	0	6.19835e-05	1	0
	0.883	0.00200413	0.00142562	0.831615	0	0	0.000103306	1	0
	0.884	0.00206612	0.0013843	0.831034	0	0	0.00018595	1	0
	0.885	0.0018595	0.00181818	0.827586	0	0	8.26446e-05	1	0
	0.886	0.00202479	0.00181818	0.827586	0	0	0.000103306	1	0
	0.887	0.0022314	0.0017562	0.833333	0	0	0.000206612	1	0
	0.888	0.00200413	0.00150826	0.832753	0	0	8.26446e-05	1	0
	0.889	0.0018595	0.00159091	0.835664	0	0	0.000103306	1	0
	0.89	0.00200413	0.0013843	0.832168	0	0	0.00018595	1	0
	0.891	0.0021281	0.00152893	0.831579	0	0	0.000123967	1	0
	0.892	0.00179752	0.00190083	0.833922	0	0	0.000103306	1	0
	0.893	0.00181818	0.00134298	0.830389	0	0	0.000103306	1	0
	0.894	0.00208678	0.00169421	0.830389	0	0	6.19835e-05	1	0
	0.895	0.00190083	0.00152893	0.833333	0	0	8.26446e-05	1	0
	0.896	0.00202479	0.00128099	0.839286	0	0	0.00018595	1	0
	0.897	0.0018595	0.00190083	0.83871	0	0	0.000123967	1	0
	0.898	0.00165289	0.00169421	0.847273	0	0	0.000103306	1	0
	0.899	0.00181818	0.00130165	0.850365	0	0	0.000165289	1	0
	0.9	0.0017562	0.00171488	0.85348	0	0	0.000123967	1	0
	0.901	0.00188017	0.00202479	0.856618	0	0	6.19835e-05	1	0
	0.902	0.00169421	0.00179752	0.858736	0	0	6.19835e-05	1	0
	0.903	0.00181818	0.00167355	0.858209	0	0	6.19835e-05	1	0
	0.904	0.00165289	0.00150826	0.854478	0	0	0.000165289	1	0
	0.905	0.00169421	0.00177686	0.857678	0	0	0.000123967	1	0
	0.906	0.00169421	0.00165289	0.853933	0	0	0.000103306	1	0
	0.907	0.00177686	0.00173554	0.849624	0	0	8.26446e-05	1	0
	0.908	0.00152893	0.00167355	0.852273	0	0	8.26446e-05	1	0
	0.909	0.00179752	0.00214876	0.855513	0	0	6.19835e-05	1	0
	0.91	0.00154959	0.00179752	0.847328	0	0	4.13223e-05	1	0
	0.911	0.00181818	0.00219008	0.853846	0	0	0.000103306	1	0
	0.912	0.00177686	0.00169421	0.853846	0	0	8.26446e-05	1	0
	0.913	0.00132231	0.00146694	0.857143	0	0	6.19835e-05	1	0
	0.914	0.00163223	0.00196281	0.860465	0	0	4.13223e-05	1	0
	0.915	0.00161157	0.00196281	0.855469	0	0	6.19835e-05	1	0
	0.916	0.00140496	0.00169421	0.847656	0	0	0.000144628	1	0
	0.917	0.00150826	0.0021281	0.847656	0	0	2.06612e-05	1	0
	0.918	0.00171488	0.00161157	0.847059	0	2.06612e-05	6.19835e-05	1	0
	0.919	0.00171488	0.00190083	0.847059	0	0	4.13223e-05	0	0
	0.92	0.00179752	0.00202479	0.846457	0	0	0.000103306	0	0
	0.921	0.00198347	0.00202479	0.856	0	4.13223e-05	6.19835e-05	0	0
	0.922	0.00194215	0.00171488	0.862903	0	0	4.13223e-05	0	0
	0.923	0.00150826	0.00225207	0.858871	0	4.13223e-05	6.19835e-05	0	0
	0.924	0.00171488	0.00202479	0.865854	0	2.06612e-05	6.19835e-05	0	0
	0.925	0.00128099	0.00188017	0.865306	0	6.19835e-05	8.26446e-05	0	0
	0.926	0.00219008	0.00192149	0.865306	0	2.06612e-05	4.13223e-05	0	0
	0.927	0.00154959	0.00206612	0.864754	0	0	2.06612e-05	0	0
	0.928	0.00165289	0.00159091	0.868313	0	2.06612e-05	6.19835e-05	0	0
	0.929	0.00167355	0.00221074	0.867769	0	0	6.19835e-05	0	0
	0.93	0.00183884	0.00200413	0.871369	0	4.13223e-05	6.19835e-05	0	0
	0.931	0.00210744	0.00210744	0.858921	0	6.19835e-05	2.06612e-05	0	0
	0.932	0.00183884	0.00231405	0.850622	0	6.19835e-05	6.19835e-05	0	0
	0.933	0.0018595	0.00237603	0.845833	0	6.19835e-05	4.13223e-05	0	0
	0.934	0.00202479	0.0022314	0.8375	0	8.26446e-05	4.13223e-05	0	0
	0.935	0.00208678	0.00239669	0.83682	0	0.000123967	4.13223e-05	0	0
	0.936	0.00181818	0.00219008	0.831933	0	0.000165289	2.06612e-05	0	0
	0.937	0.00200413	0.00198347	0.835443	0	6.19835e-05	0	0	0
	0.938	0.00188017	0.00272727	0.822785	0	0.000103306	4.13223e-05	0	0
	0.939	0.00229339	0.0022314	0.822785	0	6.19835e-05	4.13223e-05	0	0
	0.94	0.00179752	0.00204545	0.822034	0	8.26446e-05	4.13223e-05	0	0
	0.941	0.00206612	0.00196281	0.817021	0	0.000165289	4.13223e-05	0	0
	0.942	0.00221074	0.00260331	0.819742	0	0.000103306	2.06612e-05	0	0
	0.943	0.00231405	0.00241736	0.818966	0	0.000103306	2.06612e-05	0	0
	0.944	0.00237603	0.00231405	0.814655	0	0.000144628	0	0	0
	0.945	0.00210744	0.00239669	0.816594	0	4.13223e-05	0	0	0
	0.946	0.00260331	0.00268595	0.820175	0	2.06612e-05	2.06612e-05	0	0
	0.947	0.00258264	0.00270661	0.823009	0	6.19835e-05	2.06612e-05	0	0
	0.948	0.0025	0.00252066	0.816964	0	8.26446e-05	4.13223e-05	0	0
	0.949	0.00262397	0.00227273	0.816143	0	2.06612e-05	0	0	0
	0.95	0.0025	0.00278926	0.811659	0	0	4.13223e-05	0	0
	0.951	0.00256198	0.00285124	0.81448	0	4.13223e-05	0	0	0
	0.952	0.00280992	0.00320248	0.809955	0	4.13223e-05	0	0	0
	0.953	0.00299587	0.00293388	0.809955	0	6.19835e-05	0	0	0
	0.954	0.00285124	0.00330579	0.812785	0	2.06612e-05	0	0	0
	0.955	0.00299587	0.00245868	0.811927	0	0	0	0	0
	0.956	0.00274793	0.00320248	0.807339	0	0	0	0	0
	0.957	0.00270661	0.00247934	0.805556	0	2.06612e-05	0	0	0
	0.958	0.00272727	0.00299587	0.796296	0	0	0	0	0
	0.959	0.00283058	0.00274793	0.790698	0	0	0	0	0
	0.96	0.0031405	0.0032438	0.781395	0	0	2.06612e-05	0	0
	0.961	0.00297521	0.0027686	0.791469	0	0	4.13223e-05	0	0
	0.962	0.0031405	0.00334711	0.780952	0	0	4.13223e-05	0	0
	0.963	0.00301653	0.00320248	0.771429	0	0	0	0	0
	0.964	0.00305785	0.0035124	0.770335	0	0	4.13223e-05	0	0
	0.965	0.00260331	0.00338843	0.770732	0	0	0	0	0
	0.966	0.00305785	0.00365702	0.753695	0	0	2.06612e-05	0	0
	0.967	0.00367769	0.00349174	0.719212	0	0	2.06612e-05	0	0
	0.968	0.00336777	0.0035124	0.683168	0	0	0	0	0
	0.969	0.00328512	0.00394628	0.68	0	0	0	0	0
	0.97	0.00429752	0.00373967	0.653266	0	0	0	0	0
	0.971	0.00444215	0.00376033	0.636364	0	0	2.06612e-05	0	0
	0.972	0.00576446	0.00429752	0.64433	0	0	0	0	0
	0.973	0.00590909	0.00400826	0.611399	0	0	0	0	0
	0.974	0.00679752	0.00376033	0.604167	0	0	0	0	0
	0.975	0.00735537	0.00415289	0.593583	0	0	0	0	0
	0.976	0.00770661	0.00442149	0.548387	0	0	0	0	0
	0.977	0.00830579	0.0043595	0.543011	0	0	0	0	0
	0.978	0.0088843	0.00458678	0.535519	0	0	0	0	0
	0.979	0.00966942	0.00471074	0.508287	0	0	0	0	0
	0.98	0.0102066	0.0043595	0.494444	0	0	0	0	0
	0.981	0.0105785	0.00456612	0.47191	0	0	0	0	0
	0.982	0.0109504	0.00510331	0.44382	0	0	2.06612e-05	0	0
	0.983	0.0117562	0.00512397	0.429379	0	0	0	0	0
	0.984	0.0116736	0.00469008	0.412791	0	0	0	0	0
	0.985	0.0113636	0.00510331	0.380117	0	0	0	0	0
	0.986	0.0120248	0.00508264	0.361446	0	0	0	0	0
	0.987	0.0126653	0.00522727	0.343558	0	0	0	0	0
	0.988	0.012314	0.00483471	0.322581	0	0	0	0	0
	0.989	0.0121074	0.00508264	0.287671	0	0	0	0	0
	0.99	0.0128512	0.00423554	0.262411	0	0	0	0	0
	0.991	0.0122934	0.00359504	0.246269	0	0	0	0	0
	0.992	0.0152273	0.00429752	0.201613	0	0	0	0	0
	0.993	0.0157851	0.00427686	0.188034	0	0	0	0	0
	0.994	0.0175	0.00334711	0.133929	0	0	0	0	0
	0.995	0.0183058	0.00328512	0.111111	0	0	0	0	0
	0.996	0.0185744	0.00295455	0.0520833	0	0	0	0	0
	0.997	0.0182438	0.00237603	0.0232558	0	0	0	0	0
	0.998	0.0190289	0.00161157	0.012987	0	0	0	0	0
	0.999	0.0166116	0.00103306	0	0	0	0	0	0
	1	0.0126653	0.000929752	0	0	0	0	0	0


#	yrange	sparsity	# links	zeta	support at cross	fraction FP	support at cross2	fraction FP2
	0	0	0	0.00747751	0.969	0.347423	0.969	0.347423
	0.02	0	0	0.00747751	0.969	0.347423	0.969	0.347423
