#	Frequencies and overlap
#	bins	MYC	shuffle	overlap_MYC	overlap_shuffle	SIGN_MYC	SIGNshuffle	SIGNoverlap_MYC	SIGNoverlap_shuffle
	0	0.000454545	0.000702479	1	1	0.473843	0.467438	0.411924	0
	0.001	0.00123967	0.00154959	0.993802	0.952479	0.000661157	0.000785124	0.411924	0
	0.002	0.00146694	0.00227273	0.983471	0.882231	0.00113636	0.0013843	0.411924	0
	0.003	0.00206612	0.00235537	0.977273	0.805785	0.00181818	0.00159091	0.411924	0
	0.004	0.00272727	0.00245868	0.966942	0.743802	0.00214876	0.00194215	0.411924	0
	0.005	0.0028719	0.00283058	0.958678	0.702479	0.00293388	0.00202479	0.413043	0
	0.006	0.00318182	0.00270661	0.956612	0.652893	0.00303719	0.00219008	0.414169	0
	0.007	0.0039876	0.00332645	0.954451	0.60124	0.00280992	0.0018595	0.416438	0
	0.008	0.00386364	0.00295455	0.950311	0.549587	0.00254132	0.0025	0.417582	0
	0.009	0.00427686	0.00326446	0.952282	0.504132	0.00227273	0.00252066	0.41989	0
	0.01	0.00404959	0.00305785	0.948133	0.458678	0.00210744	0.00278926	0.41989	0
	0.011	0.0036157	0.00311983	0.946058	0.421488	0.0022314	0.00285124	0.424581	0
	0.012	0.00415289	0.00305785	0.943867	0.392562	0.00206612	0.00268595	0.428169	0
	0.013	0.00349174	0.00291322	0.939709	0.363636	0.00225207	0.00283058	0.429379	0
	0.014	0.00283058	0.00371901	0.941545	0.336777	0.00299587	0.00311983	0.434286	0
	0.015	0.00326446	0.00345041	0.9413	0.301653	0.00252066	0.00283058	0.436782	0
	0.016	0.00285124	0.00320248	0.936975	0.28719	0.00283058	0.00297521	0.44058	0
	0.017	0.00243802	0.00332645	0.934737	0.266529	0.00301653	0.00264463	0.44058	0
	0.018	0.0025	0.00342975	0.930526	0.239669	0.0028719	0.00328512	0.443149	0
	0.019	0.0022314	0.00357438	0.92827	0.216942	0.00311983	0.00283058	0.445748	0
	0.02	0.00270661	0.00384298	0.930085	0.194215	0.0031405	0.00280992	0.448378	0
	0.021	0.00221074	0.00367769	0.933902	0.17562	0.00309917	0.00274793	0.448378	0
	0.022	0.00272727	0.00382231	0.937768	0.159091	0.0028719	0.00299587	0.451039	0
	0.023	0.00268595	0.00353306	0.941685	0.14876	0.00303719	0.00322314	0.45509	0
	0.024	0.0031405	0.00338843	0.930736	0.140496	0.00322314	0.00309917	0.459215	0
	0.025	0.00299587	0.00380165	0.924242	0.128099	0.00320248	0.00311983	0.462006	0
	0.026	0.0028719	0.00322314	0.91974	0.113636	0.00367769	0.00322314	0.462006	0
	0.027	0.00332645	0.00382231	0.921569	0.0991736	0.00355372	0.00328512	0.463415	0
	0.028	0.00311983	0.0038843	0.921569	0.0867769	0.0027686	0.00285124	0.466049	0
	0.029	0.00328512	0.00353306	0.91939	0.0764463	0.00231405	0.00326446	0.468944	0
	0.03	0.00365702	0.00330579	0.91939	0.0764463	0.00214876	0.00297521	0.474843	0
	0.031	0.00301653	0.00384298	0.917211	0.0764463	0.00264463	0.00291322	0.477848	0
	0.032	0.00349174	0.0035124	0.914661	0.072314	0.00198347	0.00316116	0.479365	0
	0.033	0.00332645	0.0038843	0.912281	0.0702479	0.00179752	0.00307851	0.483974	0
	0.034	0.00332645	0.0043595	0.905702	0.0640496	0.0018595	0.00309917	0.485531	0
	0.035	0.00305785	0.00342975	0.907489	0.0599174	0.00171488	0.00291322	0.49026	0
	0.036	0.00353306	0.00330579	0.903084	0.0578512	0.00105372	0.00262397	0.496711	0
	0.037	0.0032438	0.00363636	0.900442	0.0557851	0.00113636	0.00320248	0.496689	0
	0.038	0.00332645	0.00328512	0.895787	0.053719	0.00142562	0.00274793	0.503356	0
	0.039	0.0028719	0.00417355	0.895556	0.0495868	0.00107438	0.00278926	0.506757	0
	0.04	0.00262397	0.00347107	0.891111	0.0495868	0.000909091	0.00256198	0.511945	0
	0.041	0.00301653	0.00347107	0.884444	0.0454545	0.00115702	0.00293388	0.515464	0
	0.042	0.00285124	0.00365702	0.886161	0.0433884	0.00103306	0.0028719	0.522648	0
	0.043	0.00328512	0.00400826	0.889888	0.0413223	0.00115702	0.00270661	0.533808	0
	0.044	0.00334711	0.00355372	0.887133	0.0413223	0.00113636	0.00303719	0.539568	0
	0.045	0.00349174	0.00357438	0.890909	0.0413223	0.00115702	0.00305785	0.539568	0
	0.046	0.00334711	0.0032438	0.888636	0.0392562	0.00107438	0.00297521	0.539568	0
	0.047	0.00301653	0.00371901	0.888128	0.0371901	0.00128099	0.00272727	0.543478	0
	0.048	0.00342975	0.00394628	0.888128	0.035124	0.00103306	0.00307851	0.539855	0
	0.049	0.00320248	0.00330579	0.887872	0.035124	0.00119835	0.00264463	0.540146	0
	0.05	0.0032438	0.00394628	0.889655	0.035124	0.00117769	0.00270661	0.544118	0
	0.051	0.0027686	0.00384298	0.891455	0.0330579	0.00115702	0.0028719	0.546125	0
	0.052	0.00291322	0.00386364	0.895592	0.0330579	0.0010124	0.00221074	0.550186	0
	0.053	0.00295455	0.00334711	0.897436	0.0309917	0.000805785	0.0021281	0.552239	0
	0.054	0.00316116	0.00338843	0.897196	0.0309917	0.000950413	0.00243802	0.556391	0
	0.055	0.00247934	0.00309917	0.899061	0.0289256	0.000764463	0.00270661	0.558491	0
	0.056	0.00256198	0.00328512	0.905437	0.0289256	0.000991736	0.00280992	0.560606	0
	0.057	0.00301653	0.00353306	0.905437	0.0289256	0.000867769	0.00241736	0.558935	0
	0.058	0.00270661	0.00330579	0.905213	0.0289256	0.00123967	0.00245868	0.561069	0
	0.059	0.00272727	0.0028719	0.902844	0.0289256	0.00105372	0.00214876	0.563218	0
	0.06	0.00256198	0.00345041	0.898104	0.0268595	0.000971074	0.00256198	0.565385	0
	0.061	0.0025	0.00330579	0.895735	0.0227273	0.00121901	0.00252066	0.567568	0
	0.062	0.00225207	0.00357438	0.897375	0.0227273	0.00107438	0.00227273	0.574219	0
	0.063	0.00229339	0.00353306	0.897375	0.0227273	0.00115702	0.00231405	0.572549	0
	0.064	0.0022314	0.00342975	0.897129	0.0206612	0.00113636	0.00247934	0.574803	0
	0.065	0.00235537	0.00378099	0.899281	0.0206612	0.00103306	0.00233471	0.577075	0
	0.066	0.00171488	0.00347107	0.896635	0.0206612	0.00128099	0.00258264	0.577075	0
	0.067	0.00214876	0.00353306	0.903148	0.018595	0.00123967	0.00206612	0.579365	0
	0.068	0.00188017	0.00322314	0.902913	0.0165289	0.00126033	0.00233471	0.569721	0
	0.069	0.00183884	0.00326446	0.905109	0.0165289	0.000971074	0.00221074	0.569721	0
	0.07	0.00167355	0.00336777	0.907317	0.0144628	0.00105372	0.00237603	0.572	0
	0.071	0.00173554	0.00369835	0.9	0.0144628	0.000929752	0.00225207	0.574297	0
	0.072	0.00173554	0.00376033	0.9	0.0144628	0.000867769	0.00225207	0.572581	0
	0.073	0.00159091	0.00332645	0.899756	0.0144628	0.00088843	0.00208678	0.573171	0
	0.074	0.00183884	0.00330579	0.906404	0.0144628	0.000971074	0.00252066	0.573171	0
	0.075	0.00165289	0.0035124	0.899015	0.0144628	0.000702479	0.00194215	0.569672	0
	0.076	0.00159091	0.00359504	0.90099	0.0144628	0.000764463	0.00247934	0.569672	0
	0.077	0.00159091	0.00295455	0.900744	0.0144628	0.00105372	0.00196281	0.572016	0
	0.078	0.0014876	0.00301653	0.907268	0.0144628	0.000805785	0.0017562	0.572016	0
	0.079	0.0014876	0.00316116	0.907268	0.0123967	0.000929752	0.00214876	0.570248	0
	0.08	0.00154959	0.00285124	0.909548	0.0123967	0.0010124	0.00196281	0.572614	0
	0.081	0.00194215	0.00357438	0.909548	0.0123967	0.0011157	0.00192149	0.568465	0
	0.082	0.00144628	0.0031405	0.914141	0.0123967	0.00115702	0.00188017	0.570833	0
	0.083	0.00154959	0.00322314	0.916456	0.0123967	0.00119835	0.00198347	0.570833	0
	0.084	0.00169421	0.00336777	0.918575	0.0123967	0.00105372	0.00192149	0.570833	0
	0.085	0.00165289	0.0028719	0.918575	0.0123967	0.00142562	0.00167355	0.569038	0
	0.086	0.00165289	0.0035124	0.920513	0.0123967	0.00121901	0.0018595	0.569038	0
	0.087	0.00109504	0.00303719	0.920308	0.0123967	0.00117769	0.00179752	0.569038	0
	0.088	0.00119835	0.00247934	0.92268	0.0103306	0.0011157	0.00206612	0.569038	0
	0.089	0.0014876	0.00330579	0.920103	0.00619835	0.000950413	0.00214876	0.571429	0
	0.09	0.00167355	0.00311983	0.914729	0.00413223	0.00113636	0.0018595	0.57384	0
	0.091	0.00152893	0.0028719	0.911917	0.00413223	0.00128099	0.00204545	0.57384	0
	0.092	0.0013843	0.00311983	0.916667	0.00413223	0.0014876	0.00169421	0.57384	0
	0.093	0.0013843	0.00336777	0.914062	0.00413223	0.00113636	0.00204545	0.578723	0
	0.094	0.00115702	0.00299587	0.914062	0.00413223	0.0011157	0.00202479	0.574468	0
	0.095	0.00117769	0.0032438	0.914062	0.00413223	0.00109504	0.00179752	0.57265	0
	0.096	0.0017562	0.00266529	0.914062	0.00413223	0.00140496	0.00150826	0.57265	0
	0.097	0.00167355	0.00283058	0.911458	0.00413223	0.0013843	0.00173554	0.575107	0
	0.098	0.00136364	0.0031405	0.911458	0.00413223	0.00157025	0.00157025	0.582609	0
	0.099	0.0014876	0.00227273	0.908616	0.00413223	0.00123967	0.00140496	0.582609	0
	0.1	0.00142562	0.00316116	0.908616	0.00413223	0.00103306	0.00167355	0.585153	0
	0.101	0.00123967	0.00297521	0.908377	0.00413223	0.00169421	0.0017562	0.583333	0
	0.102	0.00123967	0.00268595	0.908377	0.00413223	0.00126033	0.00126033	0.574561	0
	0.103	0.00109504	0.00274793	0.907895	0.00413223	0.00144628	0.0018595	0.574561	0
	0.104	0.00132231	0.00280992	0.907652	0.00413223	0.00163223	0.00165289	0.565789	0
	0.105	0.00107438	0.0028719	0.907407	0.00413223	0.00134298	0.00161157	0.565789	0
	0.106	0.00146694	0.00299587	0.904762	0.00413223	0.00165289	0.0018595	0.570796	0
	0.107	0.00136364	0.0027686	0.904762	0.00206612	0.00134298	0.0017562	0.570796	0
	0.108	0.00150826	0.00262397	0.909333	0.00206612	0.0013843	0.00183884	0.573333	0
	0.109	0.00109504	0.00295455	0.906667	0.00206612	0.00117769	0.00165289	0.564444	0
	0.11	0.00128099	0.00262397	0.913978	0.00206612	0.00163223	0.00163223	0.569507	0
	0.111	0.00159091	0.00245868	0.913747	0.00206612	0.00121901	0.00167355	0.567568	0
	0.112	0.00119835	0.00252066	0.908356	0.00206612	0.00123967	0.00157025	0.572727	0
	0.113	0.00194215	0.00260331	0.910811	0.00206612	0.00144628	0.00154959	0.572727	0
	0.114	0.00152893	0.00247934	0.913043	0.00206612	0.00140496	0.00165289	0.573394	0
	0.115	0.00179752	0.00258264	0.907609	0.00206612	0.00136364	0.00113636	0.578704	0
	0.116	0.00150826	0.00254132	0.907609	0.00206612	0.00130165	0.00144628	0.584112	0
	0.117	0.00169421	0.00278926	0.904891	0.00206612	0.00140496	0.00165289	0.579439	0
	0.118	0.00163223	0.00268595	0.904632	0.00206612	0.00144628	0.00140496	0.579439	0
	0.119	0.00142562	0.00256198	0.904372	0.00206612	0.00154959	0.00163223	0.58216	0
	0.12	0.00152893	0.00266529	0.90411	0.00206612	0.00150826	0.00136364	0.584906	0
	0.121	0.00159091	0.00262397	0.90411	0.00206612	0.00105372	0.00117769	0.585714	0
	0.122	0.00177686	0.00231405	0.90137	0.00206612	0.00113636	0.00140496	0.588517	0
	0.123	0.0018595	0.00214876	0.90137	0.00206612	0.00123967	0.0014876	0.591346	0
	0.124	0.00132231	0.00243802	0.903846	0.00206612	0.00140496	0.0018595	0.591346	0
	0.125	0.00169421	0.00227273	0.901099	0.00206612	0.00165289	0.00128099	0.591346	0
	0.126	0.00179752	0.00229339	0.898352	0.00206612	0.0014876	0.00157025	0.594203	0
	0.127	0.00165289	0.0021281	0.895604	0.00206612	0.00142562	0.00188017	0.589372	0
	0.128	0.0014876	0.00233471	0.898072	0.00206612	0.00167355	0.00146694	0.589372	0
	0.129	0.00126033	0.00235537	0.89779	0.00206612	0.00144628	0.00132231	0.589372	0
	0.13	0.00144628	0.0025	0.894737	0.00206612	0.00121901	0.0014876	0.589372	0
	0.131	0.00132231	0.00206612	0.894737	0	0.00113636	0.00161157	0.589372	0
	0.132	0.00173554	0.0022314	0.899721	0	0.00128099	0.00169421	0.589372	0
	0.133	0.00140496	0.00216942	0.899721	0	0.00115702	0.00154959	0.595122	0
	0.134	0.00134298	0.00206612	0.902235	0	0.00128099	0.00128099	0.598039	0
	0.135	0.0014876	0.00219008	0.896648	0	0.00119835	0.00121901	0.600985	0
	0.136	0.0014876	0.00204545	0.89916	0	0.0013843	0.00140496	0.60396	0
	0.137	0.00113636	0.00231405	0.89916	0	0.00113636	0.00134298	0.616162	0
	0.138	0.00144628	0.00241736	0.901685	0	0.000971074	0.00144628	0.622449	0
	0.139	0.00119835	0.00227273	0.898876	0	0.0010124	0.00150826	0.625641	0
	0.14	0.00117769	0.00190083	0.903955	0	0.00123967	0.00140496	0.625641	0
	0.141	0.00144628	0.00216942	0.903683	0	0.00105372	0.00109504	0.625641	0
	0.142	0.00130165	0.00221074	0.90625	0	0.000909091	0.00142562	0.635417	0
	0.143	0.000971074	0.00208678	0.90625	0	0.000743802	0.00177686	0.635417	0
	0.144	0.000929752	0.00204545	0.908832	0	0.00072314	0.00142562	0.635417	0
	0.145	0.00103306	0.0022314	0.905983	0	0.000805785	0.00117769	0.635417	0
	0.146	0.00107438	0.00227273	0.908571	0	0.000909091	0.00126033	0.635417	0
	0.147	0.000950413	0.00229339	0.908571	0	0.000785124	0.000991736	0.638743	0
	0.148	0.00107438	0.00206612	0.908309	0	0.000516529	0.00117769	0.642105	0
	0.149	0.000847107	0.00214876	0.908046	0	0.000702479	0.00117769	0.642105	0
	0.15	0.00130165	0.00231405	0.908046	0	0.000578512	0.000991736	0.645503	0
	0.151	0.000971074	0.00194215	0.907781	0	0.000826446	0.00146694	0.647059	0
	0.152	0.00105372	0.00210744	0.910405	0	0.00072314	0.00117769	0.639785	0
	0.153	0.00121901	0.00198347	0.910405	0	0.000743802	0.00117769	0.650273	0
	0.154	0.0010124	0.00214876	0.913043	0	0.000599174	0.00115702	0.653846	0
	0.155	0.0010124	0.00235537	0.910145	0	0.000516529	0.00163223	0.653846	0
	0.156	0.00107438	0.00208678	0.915452	0	0.000702479	0.000971074	0.653846	0
	0.157	0.000702479	0.00196281	0.912536	0	0.000619835	0.00119835	0.653846	0
	0.158	0.00107438	0.00183884	0.915205	0	0.000475207	0.00128099	0.653846	0
	0.159	0.00117769	0.00179752	0.917889	0	0.000392562	0.00144628	0.653846	0
	0.16	0.00105372	0.00233471	0.914956	0	0.000578512	0.00123967	0.657459	0
	0.161	0.00117769	0.00210744	0.912023	0	0.00053719	0.00115702	0.65	0
	0.162	0.000909091	0.00167355	0.908824	0	0.000392562	0.00103306	0.653631	0
	0.163	0.00105372	0.00163223	0.905882	0	0.000475207	0.00119835	0.653631	0
	0.164	0.00088843	0.00198347	0.911243	0	0.000392562	0.00107438	0.653631	0
	0.165	0.00123967	0.00192149	0.902367	0	0.000495868	0.00132231	0.657303	0
	0.166	0.000950413	0.0017562	0.899408	0	0.000475207	0.00113636	0.664773	0
	0.167	0.0010124	0.00216942	0.899408	0	0.000289256	0.00115702	0.664773	0
	0.168	0.00115702	0.00171488	0.904762	0	0.000413223	0.00107438	0.664773	0
	0.169	0.0010124	0.00163223	0.901786	0	0.000516529	0.00113636	0.668571	0
	0.17	0.000847107	0.00194215	0.89881	0	0.00053719	0.0011157	0.662857	0
	0.171	0.00119835	0.00194215	0.89881	0	0.000309917	0.00128099	0.666667	0
	0.172	0.00103306	0.00200413	0.898507	0	0.000413223	0.00130165	0.66474	0
	0.173	0.000909091	0.00181818	0.895522	0	0.00072314	0.00123967	0.668605	0
	0.174	0.000681818	0.00206612	0.895522	0	0.000495868	0.00140496	0.668605	0
	0.175	0.0011157	0.00204545	0.895522	0	0.000433884	0.00105372	0.672515	0
	0.176	0.00107438	0.00200413	0.898204	0	0.000330579	0.00107438	0.672515	0
	0.177	0.000991736	0.00169421	0.89759	0	0.000475207	0.000929752	0.666667	0
	0.178	0.000805785	0.0022314	0.89759	0	0.000433884	0.00107438	0.666667	0
	0.179	0.00123967	0.00183884	0.891566	0	0.000578512	0.00109504	0.666667	0
	0.18	0.000929752	0.00173554	0.885542	0	0.000619835	0.0011157	0.670588	0
	0.181	0.000929752	0.00177686	0.888218	0	0.000495868	0.00105372	0.674556	0
	0.182	0.00109504	0.00192149	0.888218	0	0.000599174	0.0011157	0.668639	0
	0.183	0.0011157	0.00179752	0.888218	0	0.000557851	0.000867769	0.672619	0
	0.184	0.0011157	0.00219008	0.888218	0	0.000578512	0.000826446	0.672619	0
	0.185	0.00130165	0.00204545	0.887879	0	0.000557851	0.000971074	0.672619	0
	0.186	0.00105372	0.0018595	0.890578	0	0.000578512	0.00115702	0.672619	0
	0.187	0.00115702	0.00188017	0.890244	0	0.000640496	0.00103306	0.676647	0
	0.188	0.00113636	0.0021281	0.890244	0	0.000578512	0.0010124	0.670659	0
	0.189	0.00121901	0.00216942	0.892966	0	0.000599174	0.00113636	0.664671	0
	0.19	0.00107438	0.0021281	0.889908	0	0.000640496	0.000785124	0.666667	0
	0.191	0.00132231	0.0018595	0.889571	0	0.000640496	0.00072314	0.670732	0
	0.192	0.0013843	0.00194215	0.883436	0	0.000640496	0.000971074	0.670732	0
	0.193	0.00105372	0.00192149	0.886154	0	0.000619835	0.000991736	0.670732	0
	0.194	0.00088843	0.00200413	0.88	0	0.000619835	0.0011157	0.670732	0
	0.195	0.00136364	0.00142562	0.876923	0	0.000764463	0.00113636	0.674847	0
	0.196	0.0011157	0.00173554	0.87963	0	0.000619835	0.000847107	0.67284	0
	0.197	0.000971074	0.00202479	0.87963	0	0.000743802	0.00103306	0.67284	0
	0.198	0.00171488	0.00154959	0.87963	0	0.00072314	0.000971074	0.677019	0
	0.199	0.00146694	0.0017562	0.882353	0	0.000743802	0.00117769	0.677019	0
	0.2	0.00115702	0.00167355	0.876161	0	0.000764463	0.0010124	0.677019	0
	0.201	0.00130165	0.00196281	0.876161	0	0.000516529	0.000929752	0.677019	0
	0.202	0.00200413	0.00181818	0.878882	0	0.000702479	0.000847107	0.677019	0
	0.203	0.00136364	0.00183884	0.875776	0	0.000516529	0.000867769	0.677019	0
	0.204	0.00126033	0.00159091	0.869565	0	0.000702479	0.00130165	0.677019	0
	0.205	0.00167355	0.00171488	0.863354	0	0.000805785	0.000991736	0.670807	0
	0.206	0.00144628	0.00167355	0.866044	0	0.00072314	0.000991736	0.664596	0
	0.207	0.00132231	0.00198347	0.866044	0	0.000785124	0.000826446	0.664596	0
	0.208	0.00128099	0.0018595	0.866044	0	0.000433884	0.000991736	0.66875	0
	0.209	0.00169421	0.00171488	0.868339	0	0.000661157	0.000557851	0.672956	0
	0.21	0.00109504	0.00169421	0.871069	0	0.000495868	0.000785124	0.672956	0
	0.211	0.00154959	0.00183884	0.873817	0	0.000619835	0.000702479	0.666667	0
	0.212	0.00163223	0.00208678	0.876582	0	0.000640496	0.000950413	0.670886	0
	0.213	0.0017562	0.00161157	0.876582	0	0.000578512	0.00072314	0.670886	0
	0.214	0.00107438	0.00188017	0.873418	0	0.000640496	0.000867769	0.670886	0
	0.215	0.00128099	0.00157025	0.870253	0	0.00072314	0.000929752	0.670886	0
	0.216	0.00123967	0.0018595	0.873016	0	0.000495868	0.00088843	0.670886	0
	0.217	0.00117769	0.00159091	0.873016	0	0.000578512	0.00072314	0.670886	0
	0.218	0.00173554	0.00171488	0.863492	0	0.000619835	0.000847107	0.670886	0
	0.219	0.00130165	0.00188017	0.86262	0	0.000764463	0.000826446	0.675159	0
	0.22	0.00113636	0.00159091	0.86262	0	0.000413223	0.000867769	0.66242	0
	0.221	0.00107438	0.0013843	0.865385	0	0.000599174	0.000475207	0.66242	0
	0.222	0.00115702	0.00159091	0.865385	0	0.000413223	0.000805785	0.66242	0
	0.223	0.000991736	0.00173554	0.864952	0	0.000702479	0.000847107	0.666667	0
	0.224	0.00136364	0.00192149	0.861736	0	0.000578512	0.000764463	0.666667	0
	0.225	0.00103306	0.00188017	0.858521	0	0.000681818	0.000743802	0.666667	0
	0.226	0.00103306	0.00144628	0.858521	0	0.000475207	0.000805785	0.666667	0
	0.227	0.00115702	0.00171488	0.858521	0	0.000454545	0.000743802	0.666667	0
	0.228	0.00109504	0.00198347	0.858065	0	0.000516529	0.00088843	0.666667	0
	0.229	0.00115702	0.00154959	0.857605	0	0.000516529	0.000847107	0.666667	0
	0.23	0.00123967	0.00154959	0.857143	0	0.000681818	0.000640496	0.675325	0
	0.231	0.00128099	0.00157025	0.856678	0	0.000268595	0.000661157	0.679739	0
	0.232	0.00115702	0.00194215	0.859477	0	0.000661157	0.000619835	0.679739	0
	0.233	0.00115702	0.00196281	0.856209	0	0.000599174	0.000640496	0.684211	0
	0.234	0.00142562	0.00157025	0.861842	0	0.000516529	0.00072314	0.684211	0
	0.235	0.00173554	0.00190083	0.861842	0	0.000392562	0.000599174	0.684211	0
	0.236	0.00126033	0.00167355	0.861386	0	0.000454545	0.000805785	0.677632	0
	0.237	0.00119835	0.00183884	0.861386	0	0.000309917	0.000619835	0.677632	0
	0.238	0.00136364	0.00157025	0.864238	0	0.000433884	0.000578512	0.677632	0
	0.239	0.000785124	0.00134298	0.87	0	0.00053719	0.00053719	0.682119	0
	0.24	0.0010124	0.00181818	0.87	0	0.000495868	0.000516529	0.682119	0
	0.241	0.00107438	0.00144628	0.87	0	0.000475207	0.000599174	0.682119	0
	0.242	0.00119835	0.0017562	0.87291	0	0.000516529	0.000475207	0.691275	0
	0.243	0.00126033	0.00179752	0.866221	0	0.000413223	0.000661157	0.691275	0
	0.244	0.00117769	0.00136364	0.866221	0	0.000454545	0.000578512	0.691275	0
	0.245	0.000971074	0.00183884	0.872054	0	0.000433884	0.000661157	0.691275	0
	0.246	0.00134298	0.00144628	0.875	0	0.00053719	0.000764463	0.695946	0
	0.247	0.00126033	0.0017562	0.877966	0	0.000475207	0.000599174	0.695946	0
	0.248	0.00105372	0.00123967	0.874576	0	0.000392562	0.000702479	0.695946	0
	0.249	0.00115702	0.0018595	0.87415	0	0.000454545	0.000495868	0.695946	0
	0.25	0.00109504	0.00152893	0.877133	0	0.000454545	0.000433884	0.693878	0
	0.251	0.000991736	0.00167355	0.87372	0	0.000475207	0.000661157	0.691781	0
	0.252	0.00123967	0.00165289	0.87372	0	0.000289256	0.00088843	0.691781	0
	0.253	0.000991736	0.00150826	0.873288	0	0.000392562	0.000619835	0.691781	0
	0.254	0.0011157	0.00200413	0.876289	0	0.000413223	0.000413223	0.701389	0
	0.255	0.00109504	0.00165289	0.876289	0	0.000413223	0.000557851	0.694444	0
	0.256	0.00117769	0.00150826	0.876289	0	0.000371901	0.000702479	0.694444	0
	0.257	0.000826446	0.00169421	0.872852	0	0.000206612	0.000495868	0.694444	0
	0.258	0.000929752	0.00177686	0.875862	0	0.000392562	0.000805785	0.699301	0
	0.259	0.00132231	0.00142562	0.878893	0	0.000413223	0.000578512	0.692308	0
	0.26	0.0010124	0.00134298	0.875433	0	0.000289256	0.000599174	0.692308	0
	0.261	0.00113636	0.00134298	0.871972	0	0.000371901	0.000557851	0.692308	0
	0.262	0.00123967	0.00167355	0.868512	0	0.000392562	0.000681818	0.697183	0
	0.263	0.00107438	0.00165289	0.874564	0	0.00035124	0.000599174	0.697183	0
	0.264	0.000764463	0.00136364	0.874126	0	0.000371901	0.000578512	0.697183	0
	0.265	0.0011157	0.0013843	0.877193	0	0.000165289	0.000619835	0.697183	0
	0.266	0.0011157	0.00157025	0.880282	0	0.000165289	0.00053719	0.697183	0
	0.267	0.00107438	0.00117769	0.880282	0	0.000309917	0.000557851	0.697183	0
	0.268	0.000826446	0.00159091	0.879859	0	0.000289256	0.000475207	0.702128	0
	0.269	0.00109504	0.00134298	0.882979	0	0.000392562	0.00072314	0.702128	0
	0.27	0.000929752	0.00146694	0.882979	0	0.000289256	0.000433884	0.702128	0
	0.271	0.00109504	0.00140496	0.882562	0	0.000309917	0.000557851	0.702128	0
	0.272	0.000909091	0.00126033	0.885714	0	0.00035124	0.00072314	0.707143	0
	0.273	0.0010124	0.00152893	0.885714	0	0.000392562	0.000495868	0.7	0
	0.274	0.00109504	0.00194215	0.888889	0	0.000165289	0.000330579	0.7	0
	0.275	0.000971074	0.00119835	0.888889	0	0.000206612	0.000578512	0.7	0
	0.276	0.000743802	0.00132231	0.888889	0	0.000392562	0.000475207	0.692857	0
	0.277	0.000785124	0.00130165	0.888889	0	0.000268595	0.000495868	0.697842	0
	0.278	0.00088843	0.00130165	0.892086	0	0.00035124	0.000454545	0.697842	0
	0.279	0.000826446	0.00152893	0.892086	0	0.000289256	0.000392562	0.702899	0
	0.28	0.00072314	0.00117769	0.892086	0	0.000330579	0.000330579	0.708029	0
	0.281	0.00072314	0.00154959	0.892086	0	0.000392562	0.000392562	0.718519	0
	0.282	0.000826446	0.00123967	0.892086	0	0.000330579	0.000268595	0.718519	0
	0.283	0.000867769	0.00142562	0.891304	0	0.00035124	0.000454545	0.723881	0
	0.284	0.000702479	0.0013843	0.891304	0	0.000268595	0.000413223	0.723881	0
	0.285	0.000909091	0.000909091	0.890909	0	0.000392562	0.000371901	0.723881	0
	0.286	0.000495868	0.00105372	0.894161	0	0.00035124	0.000661157	0.723881	0
	0.287	0.000640496	0.00126033	0.893773	0	0.000392562	0.000495868	0.716418	0
	0.288	0.00088843	0.00152893	0.89011	0	0.000309917	0.000392562	0.716418	0
	0.289	0.000661157	0.0013843	0.896679	0	0.000578512	0.000413223	0.716418	0
	0.29	0.000495868	0.0014876	0.896679	0	0.000392562	0.000247934	0.716418	0
	0.291	0.00053719	0.00115702	0.896679	0	0.000433884	0.000661157	0.716418	0
	0.292	0.00072314	0.00146694	0.9	0	0.000495868	0.000309917	0.721805	0
	0.293	0.00053719	0.00134298	0.899628	0	0.000516529	0.000495868	0.706767	0
	0.294	0.000785124	0.00117769	0.899628	0	0.000289256	0.000392562	0.706767	0
	0.295	0.00088843	0.0014876	0.899254	0	0.000309917	0.000433884	0.706767	0
	0.296	0.000578512	0.00115702	0.899254	0	0.000289256	0.000516529	0.706767	0
	0.297	0.000619835	0.00109504	0.899254	0	0.000371901	0.000495868	0.706767	0
	0.298	0.000826446	0.00119835	0.895522	0	0.000475207	0.000495868	0.699248	0
	0.299	0.000702479	0.00132231	0.895131	0	0.000516529	0.000309917	0.691729	0
	0.3	0.000619835	0.00113636	0.898496	0	0.000371901	0.000557851	0.691729	0
	0.301	0.000640496	0.00103306	0.901887	0	0.000330579	0.000309917	0.676692	0
	0.302	0.000702479	0.00107438	0.901887	0	0.00053719	0.000454545	0.676692	0
	0.303	0.000847107	0.000847107	0.901141	0	0.000475207	0.000495868	0.676692	0
	0.304	0.000640496	0.00134298	0.897338	0	0.000454545	0.000371901	0.676692	0
	0.305	0.000578512	0.0011157	0.897338	0	0.000578512	0.000475207	0.676692	0
	0.306	0.000681818	0.00123967	0.897338	0	0.000433884	0.000330579	0.676692	0
	0.307	0.00053719	0.0011157	0.893536	0	0.00035124	0.000309917	0.681818	0
	0.308	0.000702479	0.000929752	0.889313	0	0.000454545	0.000330579	0.681818	0
	0.309	0.000619835	0.00117769	0.89272	0	0.000309917	0.000413223	0.681818	0
	0.31	0.000702479	0.00115702	0.892308	0	0.000578512	0.00035124	0.681818	0
	0.311	0.000743802	0.00109504	0.888462	0	0.000371901	0.000433884	0.681818	0
	0.312	0.000619835	0.00130165	0.888462	0	0.000309917	0.000413223	0.666667	0
	0.313	0.000661157	0.00119835	0.891892	0	0.000661157	0.000309917	0.666667	0
	0.314	0.000640496	0.00105372	0.891892	0	0.000640496	0.000392562	0.666667	0
	0.315	0.000619835	0.000826446	0.88417	0	0.000433884	0.000289256	0.666667	0
	0.316	0.000805785	0.00107438	0.880309	0	0.000475207	0.000495868	0.666667	0
	0.317	0.000971074	0.000867769	0.880309	0	0.000392562	0.000454545	0.666667	0
	0.318	0.000929752	0.00123967	0.880309	0	0.000661157	0.000371901	0.671756	0
	0.319	0.000702479	0.000991736	0.880309	0	0.000619835	0.000475207	0.671756	0
	0.32	0.00103306	0.000991736	0.880309	0	0.000433884	0.00035124	0.671756	0
	0.321	0.000599174	0.00117769	0.880309	0	0.000599174	0.000268595	0.671756	0
	0.322	0.000847107	0.00113636	0.876448	0	0.000764463	0.000454545	0.671756	0
	0.323	0.000557851	0.000805785	0.879845	0	0.00053719	0.000268595	0.671756	0
	0.324	0.000805785	0.000991736	0.879845	0	0.000475207	0.000392562	0.669231	0
	0.325	0.000785124	0.00115702	0.879845	0	0.000599174	0.000165289	0.674419	0
	0.326	0.00103306	0.000826446	0.883268	0	0.00053719	0.000392562	0.674419	0
	0.327	0.00088843	0.00105372	0.883268	0	0.000557851	0.000454545	0.679688	0
	0.328	0.000929752	0.00105372	0.883268	0	0.000371901	0.00035124	0.679688	0
	0.329	0.000909091	0.000702479	0.890196	0	0.000640496	0.000330579	0.679688	0
	0.33	0.000867769	0.000991736	0.886275	0	0.000681818	0.00035124	0.679688	0
	0.331	0.000619835	0.00136364	0.885827	0	0.000640496	0.000413223	0.685039	0
	0.332	0.000929752	0.000909091	0.88189	0	0.000619835	0.000557851	0.685039	0
	0.333	0.00130165	0.000847107	0.88189	0	0.000743802	0.000330579	0.685039	0
	0.334	0.00105372	0.000991736	0.88189	0	0.000681818	0.000433884	0.685039	0
	0.335	0.000929752	0.00088843	0.88189	0	0.000557851	0.000433884	0.685039	0
	0.336	0.00072314	0.000764463	0.877953	0	0.000785124	0.000433884	0.677165	0
	0.337	0.000991736	0.000867769	0.877953	0	0.000640496	0.00035124	0.677165	0
	0.338	0.000971074	0.00053719	0.877953	0	0.000557851	0.000289256	0.677165	0
	0.339	0.00109504	0.000867769	0.874016	0	0.000495868	0.000454545	0.677165	0
	0.34	0.0010124	0.000702479	0.870079	0	0.000599174	0.000371901	0.669291	0
	0.341	0.000847107	0.000764463	0.873518	0	0.000661157	0.000247934	0.669291	0
	0.342	0.00117769	0.000950413	0.873518	0	0.000681818	0.000268595	0.674603	0
	0.343	0.00119835	0.000805785	0.876984	0	0.000619835	0.000309917	0.674603	0
	0.344	0.000764463	0.00072314	0.880478	0	0.00053719	0.00035124	0.674603	0
	0.345	0.00113636	0.0010124	0.884	0	0.000702479	0.000433884	0.68	0
	0.346	0.000971074	0.000619835	0.88755	0	0.000743802	0.00035124	0.68	0
	0.347	0.000847107	0.000826446	0.88755	0	0.000495868	0.000433884	0.685484	0
	0.348	0.00053719	0.000929752	0.891129	0	0.000433884	0.000330579	0.685484	0
	0.349	0.000743802	0.000950413	0.891129	0	0.000681818	0.00035124	0.685484	0
	0.35	0.000929752	0.000619835	0.891129	0	0.000495868	0.000165289	0.685484	0
	0.351	0.00072314	0.000764463	0.894737	0	0.000495868	0.000309917	0.685484	0
	0.352	0.000847107	0.000826446	0.894737	0	0.000433884	0.000330579	0.677419	0
	0.353	0.000847107	0.000847107	0.894737	0	0.000392562	0.000371901	0.677419	0
	0.354	0.000971074	0.000826446	0.894737	0	0.000413223	0.000330579	0.677419	0
	0.355	0.00107438	0.0010124	0.894737	0	0.000661157	0.000309917	0.682927	0
	0.356	0.00072314	0.000764463	0.894309	0	0.000495868	0.000289256	0.694215	0
	0.357	0.000681818	0.000640496	0.894309	0	0.000516529	0.000289256	0.694215	0
	0.358	0.000681818	0.000950413	0.894309	0	0.000619835	0.000433884	0.694215	0
	0.359	0.000599174	0.000950413	0.897959	0	0.000557851	0.000247934	0.694215	0
	0.36	0.000929752	0.000661157	0.893878	0	0.000578512	0.000371901	0.694215	0
	0.361	0.000578512	0.000743802	0.893878	0	0.000392562	0.000475207	0.7	0
	0.362	0.000826446	0.000785124	0.897541	0	0.000392562	0.000247934	0.7	0
	0.363	0.000640496	0.0010124	0.901235	0	0.000557851	0.00035124	0.7	0
	0.364	0.000785124	0.000785124	0.897119	0	0.000433884	0.00053719	0.691667	0
	0.365	0.000681818	0.000971074	0.897119	0	0.00053719	0.000516529	0.697479	0
	0.366	0.000454545	0.000805785	0.900826	0	0.000392562	0.000227273	0.694915	0
	0.367	0.000433884	0.000495868	0.900826	0	0.00053719	0.000165289	0.700855	0
	0.368	0.000619835	0.00072314	0.900826	0	0.00035124	0.000289256	0.692308	0
	0.369	0.000599174	0.000764463	0.904564	0	0.000330579	0.000289256	0.698276	0
	0.37	0.000599174	0.000805785	0.908333	0	0.000454545	0.000309917	0.698276	0
	0.371	0.000578512	0.000599174	0.908333	0	0.000475207	0.000268595	0.698276	0
	0.372	0.000599174	0.000785124	0.908333	0	0.000309917	0.000392562	0.698276	0
	0.373	0.000413223	0.00072314	0.912134	0	0.000247934	0.000330579	0.698276	0
	0.374	0.000599174	0.00088843	0.912134	0	0.000330579	0.000330579	0.704348	0
	0.375	0.000433884	0.000909091	0.915966	0	0.000475207	0.000371901	0.695652	0
	0.376	0.000495868	0.000619835	0.919831	0	0.000268595	0.000227273	0.714286	0
	0.377	0.000743802	0.000826446	0.919831	0	0.000330579	0.000330579	0.711712	0
	0.378	0.00053719	0.00072314	0.919492	0	0.000392562	0.00035124	0.702703	0
	0.379	0.000619835	0.00053719	0.919492	0	0.000268595	0.000247934	0.702703	0
	0.38	0.000743802	0.000578512	0.919149	0	0.000475207	0.000247934	0.702703	0
	0.381	0.000371901	0.000640496	0.919149	0	0.000392562	0.000309917	0.675676	0
	0.382	0.000433884	0.000764463	0.919149	0	0.000392562	0.000165289	0.675676	0
	0.383	0.000268595	0.00053719	0.914894	0	0.000309917	0.000413223	0.675676	0
	0.384	0.000330579	0.000599174	0.914894	0	0.000227273	0.000392562	0.675676	0
	0.385	0.000371901	0.000867769	0.914894	0	0.000495868	0.000475207	0.675676	0
	0.386	0.000309917	0.000578512	0.910638	0	0.000433884	0.000454545	0.675676	0
	0.387	0.000330579	0.000640496	0.918455	0	0.000454545	0.00018595	0.666667	0
	0.388	0.000268595	0.000619835	0.918455	0	0.000433884	0.000268595	0.666667	0
	0.389	0.000309917	0.000661157	0.918103	0	0.000433884	0.000330579	0.657658	0
	0.39	0.000371901	0.000578512	0.922078	0	0.000619835	0.000330579	0.657658	0
	0.391	0.000330579	0.000743802	0.922078	0	0.000516529	0.000289256	0.663636	0
	0.392	0.000206612	0.000578512	0.922078	0	0.00053719	0.000247934	0.663636	0
	0.393	0.000309917	0.000495868	0.921739	0	0.000516529	0.000454545	0.654545	0
	0.394	0.000268595	0.000516529	0.929825	0	0.000475207	0.000371901	0.66055	0
	0.395	0.000247934	0.000661157	0.933921	0	0.000413223	0.000309917	0.66055	0
	0.396	0.000640496	0.000516529	0.938053	0	0.000433884	0.000309917	0.66055	0
	0.397	0.000289256	0.000516529	0.942222	0	0.000785124	0.000392562	0.672897	0
	0.398	0.000268595	0.000619835	0.937778	0	0.00053719	0.000289256	0.685714	0
	0.399	0.000330579	0.000619835	0.937778	0	0.000805785	0.000371901	0.682692	0
	0.4	0.000330579	0.000805785	0.937778	0	0.00053719	0.000289256	0.682692	0
	0.401	0.000206612	0.00053719	0.937778	0	0.000578512	0.000227273	0.682692	0
	0.402	0.000289256	0.000661157	0.937778	0	0.00105372	0.000227273	0.682692	0
	0.403	0.000475207	0.000475207	0.937778	0	0.00072314	0.000433884	0.679612	0
	0.404	0.000392562	0.000495868	0.928889	0	0.000702479	0.000330579	0.669903	0
	0.405	0.000289256	0.000475207	0.924444	0	0.000599174	0.000371901	0.669903	0
	0.406	0.000330579	0.000619835	0.928571	0	0.00072314	0.000289256	0.650485	0
	0.407	0.000392562	0.000578512	0.928571	0	0.000764463	0.000247934	0.656863	0
	0.408	0.000475207	0.000475207	0.928571	0	0.000640496	0.00035124	0.656863	0
	0.409	0.00035124	0.000578512	0.928571	0	0.00088843	0.000309917	0.663366	0
	0.41	0.000454545	0.000681818	0.928571	0	0.000805785	0.000309917	0.663366	0
	0.411	0.000392562	0.000619835	0.932735	0	0.000681818	0.000268595	0.653465	0
	0.412	0.000619835	0.000785124	0.932735	0	0.00072314	0.000309917	0.653465	0
	0.413	0.000413223	0.00053719	0.932735	0	0.000640496	0.00035124	0.643564	0
	0.414	0.000330579	0.000433884	0.932432	0	0.000454545	0.000309917	0.65	0
	0.415	0.000309917	0.000495868	0.932432	0	0.000599174	0.000247934	0.656566	0
	0.416	0.000309917	0.000495868	0.932432	0	0.000743802	0.000495868	0.656566	0
	0.417	0.000578512	0.00053719	0.927928	0	0.000909091	0.000392562	0.656566	0
	0.418	0.000475207	0.000599174	0.927928	0	0.000619835	0.00018595	0.656566	0
	0.419	0.000330579	0.000557851	0.927928	0	0.000495868	0.000227273	0.656566	0
	0.42	0.000640496	0.000557851	0.927928	0	0.000785124	0.000165289	0.656566	0
	0.421	0.000371901	0.000516529	0.927928	0	0.000743802	0.000144628	0.646465	0
	0.422	0.000557851	0.000578512	0.927928	0	0.000702479	0.000227273	0.646465	0
	0.423	0.00053719	0.000413223	0.927928	0	0.000764463	0.000268595	0.646465	0
	0.424	0.000495868	0.000640496	0.918919	0	0.000847107	0.000206612	0.646465	0
	0.425	0.000516529	0.000557851	0.914414	0	0.000578512	0.000268595	0.646465	0
	0.426	0.000495868	0.000619835	0.90991	0	0.000743802	0.000247934	0.646465	0
	0.427	0.000495868	0.00035124	0.90991	0	0.000495868	0.00018595	0.646465	0
	0.428	0.000495868	0.000371901	0.909502	0	0.000599174	0.000392562	0.659794	0
	0.429	0.00072314	0.000495868	0.900452	0	0.00053719	0.000289256	0.659794	0
	0.43	0.00053719	0.000433884	0.904545	0	0.000640496	0.000289256	0.659794	0
	0.431	0.000640496	0.00053719	0.904545	0	0.000661157	0.000268595	0.659794	0
	0.432	0.000619835	0.000475207	0.9	0	0.00053719	0.000309917	0.659794	0
	0.433	0.000826446	0.000495868	0.9	0	0.000867769	0.000268595	0.659794	0
	0.434	0.000475207	0.000454545	0.9	0	0.000805785	0.000289256	0.639175	0
	0.435	0.000495868	0.000413223	0.895455	0	0.000681818	0.000227273	0.652632	0
	0.436	0.000557851	0.000681818	0.895455	0	0.000557851	0.000268595	0.652632	0
	0.437	0.000640496	0.000516529	0.895455	0	0.000578512	0.000247934	0.659574	0
	0.438	0.000578512	0.000413223	0.895455	0	0.00107438	0.000144628	0.666667	0
	0.439	0.000661157	0.000433884	0.895455	0	0.000826446	0.000309917	0.645161	0
	0.44	0.000640496	0.00053719	0.895455	0	0.000495868	0.000371901	0.645161	0
	0.441	0.000619835	0.000433884	0.895455	0	0.00072314	0.000392562	0.634409	0
	0.442	0.000805785	0.000578512	0.890909	0	0.000640496	0.000227273	0.623656	0
	0.443	0.000433884	0.000599174	0.890909	0	0.000909091	0.000268595	0.630435	0
	0.444	0.000599174	0.000392562	0.890909	0	0.000743802	0.00035124	0.633333	0
	0.445	0.000805785	0.00053719	0.886364	0	0.000599174	0.000371901	0.633333	0
	0.446	0.00053719	0.000289256	0.890411	0	0.000640496	0.000247934	0.633333	0
	0.447	0.000578512	0.000599174	0.894495	0	0.000557851	0.000247934	0.622222	0
	0.448	0.000578512	0.000557851	0.894495	0	0.000619835	0.000289256	0.629213	0
	0.449	0.000805785	0.000454545	0.894495	0	0.000599174	0.000289256	0.636364	0
	0.45	0.000661157	0.000495868	0.894495	0	0.000516529	0.000268595	0.636364	0
	0.451	0.000433884	0.000475207	0.894495	0	0.000557851	0.000227273	0.636364	0
	0.452	0.00072314	0.000392562	0.894495	0	0.00088843	0.000330579	0.636364	0
	0.453	0.000661157	0.000619835	0.889908	0	0.000847107	0.000309917	0.636364	0
	0.454	0.000826446	0.000475207	0.889908	0	0.000909091	0.000413223	0.625	0
	0.455	0.000516529	0.000578512	0.889908	0	0.000702479	0.000330579	0.613636	0
	0.456	0.000619835	0.000557851	0.894009	0	0.000764463	0.000330579	0.613636	0
	0.457	0.00072314	0.000619835	0.894009	0	0.000619835	0.000289256	0.590909	0
	0.458	0.000764463	0.00035124	0.898148	0	0.000847107	0.000371901	0.597701	0
	0.459	0.000454545	0.000433884	0.893519	0	0.000805785	0.000206612	0.593023	0
	0.46	0.000578512	0.000330579	0.893519	0	0.000702479	0.00035124	0.593023	0
	0.461	0.000640496	0.000289256	0.893519	0	0.000909091	0.000123967	0.6	0
	0.462	0.000619835	0.000619835	0.893519	0	0.000826446	0.000144628	0.6	0
	0.463	0.000743802	0.000433884	0.893519	0	0.000826446	0.000268595	0.595238	0
	0.464	0.00072314	0.000371901	0.897674	0	0.000681818	0.000247934	0.583333	0
	0.465	0.000433884	0.000475207	0.897674	0	0.000826446	0.000289256	0.597561	0
	0.466	0.00088843	0.000309917	0.901869	0	0.00072314	0.000227273	0.597561	0
	0.467	0.000516529	0.000578512	0.897196	0	0.000743802	0.000103306	0.597561	0
	0.468	0.000495868	0.00053719	0.897196	0	0.00088843	0.000227273	0.597561	0
	0.469	0.000702479	0.00035124	0.897196	0	0.000971074	0.000123967	0.604938	0
	0.47	0.000495868	0.000516529	0.897196	0	0.000785124	0.000227273	0.5875	0
	0.471	0.000681818	0.000371901	0.901408	0	0.000764463	0.000289256	0.575	0
	0.472	0.000785124	0.000516529	0.90566	0	0.000826446	0.000330579	0.575	0
	0.473	0.000475207	0.000330579	0.90566	0	0.000805785	0.000123967	0.582278	0
	0.474	0.000433884	0.000578512	0.909953	0	0.000929752	0.000206612	0.56962	0
	0.475	0.000681818	0.000371901	0.909953	0	0.000929752	0.000413223	0.56962	0
	0.476	0.000743802	0.000289256	0.909953	0	0.000847107	0.000268595	0.56962	0
	0.477	0.000371901	0.000413223	0.905213	0	0.00105372	0.000268595	0.544304	0
	0.478	0.000516529	0.000454545	0.905213	0	0.000743802	0.00018595	0.544304	0
	0.479	0.000578512	0.000475207	0.905213	0	0.000826446	0.000289256	0.551282	0
	0.48	0.000475207	0.000557851	0.909524	0	0.000702479	0.00018595	0.551282	0
	0.481	0.000578512	0.000454545	0.909524	0	0.000805785	0.000309917	0.551282	0
	0.482	0.000392562	0.000433884	0.909524	0	0.00115702	0.000206612	0.558442	0
	0.483	0.000433884	0.000516529	0.909091	0	0.000743802	0.000227273	0.565789	0
	0.484	0.000578512	0.000599174	0.909091	0	0.000971074	0.000144628	0.565789	0
	0.485	0.000371901	0.000619835	0.913462	0	0.000867769	0.000227273	0.552632	0
	0.486	0.000454545	0.000557851	0.908654	0	0.000867769	0.000165289	0.552632	0
	0.487	0.000165289	0.000454545	0.913043	0	0.00107438	0.000227273	0.56	0
	0.488	0.000454545	0.000371901	0.913043	0	0.000971074	0.000392562	0.561644	0
	0.489	0.000475207	0.000433884	0.913043	0	0.000847107	6.19835e-05	0.56338	0
	0.49	0.00035124	0.00053719	0.903382	0	0.00072314	0.000227273	0.56338	0
	0.491	0.000475207	0.000371901	0.907767	0	0.00088843	0.000268595	0.56338	0
	0.492	0.000289256	0.00053719	0.902913	0	0.00072314	0.000330579	0.571429	0
	0.493	0.000330579	0.000454545	0.902913	0	0.00115702	0.000144628	0.557143	0
	0.494	0.000309917	0.000371901	0.902913	0	0.0010124	0.000268595	0.557143	0
	0.495	0.000454545	0.000413223	0.902913	0	0.000971074	0.000247934	0.557143	0
	0.496	0.000247934	0.000495868	0.898058	0	0.000743802	0.000289256	0.557143	0
	0.497	0.000289256	0.000371901	0.898058	0	0.000826446	0.00018595	0.557143	0
	0.498	0.000392562	0.000557851	0.893204	0	0.000929752	0.000206612	0.565217	0
	0.499	0.000371901	0.000433884	0.893204	0	0.000950413	0.000123967	0.565217	0
	0.5	0.00053719	0.000495868	0.901961	0	0.000702479	0.000206612	0.565217	0
	0.501	0.000371901	0.000289256	0.901961	0	0.000681818	0.000247934	0.565217	0
	0.502	0.000289256	0.000516529	0.901961	0	0.000640496	0.000371901	0.536232	0
	0.503	0.000433884	0.000330579	0.897059	0	0.000599174	0.00018595	0.536232	0
	0.504	0.000413223	0.000475207	0.897059	0	0.000805785	0.000330579	0.544118	0
	0.505	0.000330579	0.000433884	0.897059	0	0.000867769	0.00018595	0.544118	0
	0.506	0.00035124	0.000413223	0.901478	0	0.000578512	0.000247934	0.514706	0
	0.507	0.000413223	0.000413223	0.901478	0	0.000640496	0.000247934	0.522388	0
	0.508	0.000599174	0.000433884	0.90099	0	0.00088843	0.000227273	0.538462	0
	0.509	0.000371901	0.000495868	0.895522	0	0.000661157	0.000268595	0.53125	0
	0.51	0.000413223	0.000516529	0.9	0	0.000516529	0.000309917	0.53125	0
	0.511	0.000475207	0.000371901	0.9	0	0.000743802	0.000247934	0.53125	0
	0.512	0.000578512	0.000495868	0.9	0	0.000516529	0.000247934	0.53125	0
	0.513	0.000433884	0.00035124	0.904523	0	0.000619835	0.000247934	0.539683	0
	0.514	0.000454545	0.000516529	0.904523	0	0.000619835	0.000247934	0.548387	0
	0.515	0.000557851	0.000392562	0.909091	0	0.0010124	0.000247934	0.557377	0
	0.516	0.000206612	0.000392562	0.90404	0	0.000578512	0.000247934	0.566667	0
	0.517	0.000392562	0.00035124	0.90404	0	0.00072314	0.000309917	0.566667	0
	0.518	0.000681818	0.000371901	0.90404	0	0.000578512	0.000330579	0.566667	0
	0.519	0.000495868	0.000309917	0.908629	0	0.000785124	0.00018595	0.566667	0
	0.52	0.000433884	0.000454545	0.913265	0	0.000557851	0.00018595	0.566667	0
	0.521	0.00053719	0.000392562	0.913265	0	0.00072314	0.000144628	0.566667	0
	0.522	0.00053719	0.000309917	0.913265	0	0.000661157	0.000144628	0.566667	0
	0.523	0.000475207	0.000433884	0.913265	0	0.000557851	0.000165289	0.55	0
	0.524	0.000454545	0.000371901	0.913265	0	0.00053719	0.000123967	0.533333	0
	0.525	0.000619835	0.000454545	0.913265	0	0.000743802	0.00018595	0.542373	0
	0.526	0.000578512	0.000371901	0.917949	0	0.000454545	0.000227273	0.542373	0
	0.527	0.000371901	0.000289256	0.912821	0	0.000413223	0.000103306	0.542373	0
	0.528	0.000640496	0.000413223	0.912821	0	0.000619835	0.000165289	0.542373	0
	0.529	0.000578512	0.000433884	0.912821	0	0.000661157	0.000123967	0.534483	0
	0.53	0.000599174	0.000392562	0.907692	0	0.00053719	0.00018595	0.563636	0
	0.531	0.000557851	0.000495868	0.907692	0	0.000557851	0.000165289	0.545455	0
	0.532	0.00053719	0.000392562	0.912371	0	0.000599174	0.00035124	0.555556	0
	0.533	0.000495868	0.000289256	0.912371	0	0.000599174	0.000165289	0.566038	0
	0.534	0.000743802	0.000475207	0.912371	0	0.000661157	0.00018595	0.566038	0
	0.535	0.000640496	0.000475207	0.912371	0	0.000392562	0.000309917	0.566038	0
	0.536	0.000578512	0.000516529	0.912371	0	0.000826446	0.000289256	0.566038	0
	0.537	0.000454545	0.000495868	0.917098	0	0.000454545	0.000227273	0.6	0
	0.538	0.00053719	0.000392562	0.911917	0	0.000392562	0.00018595	0.6	0
	0.539	0.000640496	0.000495868	0.911917	0	0.000309917	0.00018595	0.6	0
	0.54	0.000247934	0.000413223	0.911917	0	0.00053719	0.000123967	0.6	0
	0.541	0.000309917	0.000495868	0.911917	0	0.000578512	0.000165289	0.6	0
	0.542	0.00053719	0.000475207	0.911917	0	0.000516529	0.000227273	0.612245	0
	0.543	0.000454545	0.000309917	0.916667	0	0.000454545	0.000103306	0.612245	0
	0.544	0.00053719	0.000371901	0.916667	0	0.000557851	0.000206612	0.612245	0
	0.545	0.000599174	0.000454545	0.916667	0	0.000413223	0.000144628	0.591837	0
	0.546	0.000309917	0.000371901	0.916667	0	0.000268595	0.000268595	0.571429	0
	0.547	0.000578512	0.000578512	0.916667	0	0.00053719	0.000144628	0.571429	0
	0.548	0.000495868	0.000578512	0.916667	0	0.000392562	0.000289256	0.571429	0
	0.549	0.000413223	0.00053719	0.911458	0	0.000557851	0.000144628	0.571429	0
	0.55	0.000557851	0.000309917	0.911458	0	0.000371901	0.00018595	0.583333	0
	0.551	0.000495868	0.000557851	0.911458	0	0.000619835	8.26446e-05	0.5625	0
	0.552	0.000247934	0.000413223	0.91623	0	0.000475207	8.26446e-05	0.574468	0
	0.553	0.000433884	0.000516529	0.921053	0	0.000516529	0.000165289	0.6	0
	0.554	0.000640496	0.000454545	0.921053	0	0.000227273	0.000227273	0.6	0
	0.555	0.000475207	0.000454545	0.921053	0	0.000516529	0.000144628	0.6	0
	0.556	0.000516529	0.000475207	0.921053	0	0.000681818	0.000268595	0.6	0
	0.557	0.000454545	0.000599174	0.921053	0	0.000433884	0.000144628	0.613636	0
	0.558	0.000309917	0.000433884	0.921053	0	0.000475207	0.00018595	0.613636	0
	0.559	0.000289256	0.000495868	0.921053	0	0.000454545	8.26446e-05	0.613636	0
	0.56	0.000413223	0.00035124	0.915789	0	0.000495868	0.000165289	0.613636	0
	0.561	0.000392562	0.000413223	0.915789	0	0.000516529	0.000123967	0.568182	0
	0.562	0.000371901	0.000289256	0.915789	0	0.000413223	0.000123967	0.568182	0
	0.563	0.00035124	0.000413223	0.915789	0	0.000392562	0.000206612	0.581395	0
	0.564	0.000289256	0.000268595	0.915789	0	0.000392562	0.00018595	0.55814	0
	0.565	0.00018595	0.000454545	0.920635	0	0.00035124	8.26446e-05	0.571429	0
	0.566	0.000309917	0.000454545	0.920635	0	0.000516529	0.000144628	0.571429	0
	0.567	0.000413223	0.000309917	0.920635	0	0.000619835	0.000309917	0.585366	0
	0.568	0.000268595	0.000433884	0.920635	0	0.00035124	0.000103306	0.585366	0
	0.569	0.000413223	0.000475207	0.925532	0	0.000640496	0.000268595	0.585366	0
	0.57	0.000392562	0.000289256	0.925134	0	0.000495868	0.000123967	0.575	0
	0.571	0.000206612	0.000413223	0.930108	0	0.000433884	0.000268595	0.575	0
	0.572	0.000330579	0.000433884	0.930108	0	0.000516529	0.000165289	0.575	0
	0.573	0.000309917	0.000247934	0.924731	0	0.000454545	0.000103306	0.605263	0
	0.574	0.000330579	0.000165289	0.92973	0	0.00053719	0.00018595	0.605263	0
	0.575	0.000268595	0.000413223	0.92973	0	0.000392562	0.000268595	0.578947	0
	0.576	0.000144628	0.000495868	0.92973	0	0.000413223	0.000206612	0.578947	0
	0.577	0.000330579	0.000475207	0.92973	0	0.000371901	0.000103306	0.578947	0
	0.578	0.000227273	0.000578512	0.92973	0	0.000330579	0.000123967	0.578947	0
	0.579	0.000247934	0.000495868	0.924324	0	0.000413223	0.000144628	0.578947	0
	0.58	0.000330579	0.000413223	0.924324	0	0.000475207	0.000144628	0.594595	0
	0.581	0.000289256	0.000392562	0.924324	0	0.000206612	0.000103306	0.594595	0
	0.582	0.000165289	0.000433884	0.918919	0	0.000516529	0.000123967	0.594595	0
	0.583	0.000289256	0.000289256	0.918919	0	0.00053719	0.000206612	0.611111	0
	0.584	0.000371901	0.000475207	0.918919	0	0.000475207	0.000103306	0.583333	0
	0.585	0.00018595	0.00053719	0.918919	0	0.000557851	0.00018595	0.583333	0
	0.586	0.000206612	0.000289256	0.923913	0	0.00053719	0.00018595	0.583333	0
	0.587	0.00018595	0.000371901	0.928962	0	0.000413223	0.000227273	0.555556	0
	0.588	0.000247934	0.00035124	0.928962	0	0.000371901	0.000144628	0.527778	0
	0.589	0.000268595	0.000433884	0.928962	0	0.000599174	8.26446e-05	0.527778	0
	0.59	0.000268595	0.00035124	0.928962	0	0.000309917	0.000165289	0.542857	0
	0.591	0.000247934	0.000433884	0.934066	0	0.000268595	0.000206612	0.542857	0
	0.592	0.000268595	0.000475207	0.944444	0	0.000578512	0.000103306	0.542857	0
	0.593	4.13223e-05	0.000454545	0.938889	0	0.000516529	0.000165289	0.542857	0
	0.594	0.000309917	0.000289256	0.938889	0	0.000557851	0.000144628	0.542857	0
	0.595	0.000206612	0.000289256	0.944134	0	0.000599174	0.000206612	0.542857	0
	0.596	0.000289256	0.000330579	0.938547	0	0.000433884	0.000165289	0.542857	0
	0.597	0.00018595	0.000392562	0.938547	0	0.000433884	0.000206612	0.514286	0
	0.598	0.000268595	0.000516529	0.938547	0	0.00035124	0.000165289	0.514286	0
	0.599	0.000123967	0.00035124	0.932961	0	0.00035124	0.000103306	0.514286	0
	0.6	0.00018595	0.000516529	0.932961	0	0.000475207	0.000123967	0.529412	0
	0.601	0.000268595	0.000371901	0.932961	0	0.000413223	6.19835e-05	0.529412	0
	0.602	0.000268595	0.000289256	0.932961	0	0.000392562	8.26446e-05	0.545455	0
	0.603	0.000206612	0.00053719	0.932961	0	0.000392562	0.000123967	0.545455	0
	0.604	0.000227273	0.000475207	0.932961	0	0.000475207	0.000144628	0.545455	0
	0.605	0.000392562	0.000557851	0.927374	0	0.000495868	8.26446e-05	0.545455	0
	0.606	0.000330579	0.000495868	0.921788	0	0.000433884	0.000123967	0.545455	0
	0.607	0.000330579	0.000495868	0.921788	0	0.000330579	0.000165289	0.545455	0
	0.608	0.000475207	0.000330579	0.921788	0	0.000268595	0.000144628	0.545455	0
	0.609	0.000330579	0.00053719	0.921788	0	0.000371901	0.000103306	0.545455	0
	0.61	0.000330579	0.000247934	0.926966	0	0.000247934	0.000144628	0.5625	0
	0.611	0.00035124	0.000454545	0.932203	0	0.000557851	8.26446e-05	0.53125	0
	0.612	0.000247934	0.000247934	0.932203	0	0.000413223	0.000103306	0.548387	0
	0.613	0.000392562	0.000413223	0.932203	0	0.000289256	0.000165289	0.548387	0
	0.614	0.000475207	0.000289256	0.932203	0	0.000371901	8.26446e-05	0.548387	0
	0.615	0.000289256	0.000371901	0.931818	0	0.00035124	8.26446e-05	0.548387	0
	0.616	0.000495868	0.000330579	0.931818	0	0.000289256	4.13223e-05	0.548387	0
	0.617	0.000289256	0.000268595	0.931818	0	0.000433884	0.000103306	0.548387	0
	0.618	0.000516529	0.000475207	0.926136	0	0.000371901	0.000103306	0.5	0
	0.619	0.000413223	0.000619835	0.926136	0	0.000454545	0.000144628	0.466667	0
	0.62	0.000578512	0.000371901	0.926136	0	0.000247934	0	0.482759	0
	0.621	0.000268595	0.000475207	0.926136	0	0.00035124	0.000103306	0.482759	0
	0.622	0.000309917	0.00035124	0.926136	0	0.000371901	0.00018595	0.5	0
	0.623	0.000330579	0.000289256	0.914773	0	0.000330579	0.000165289	0.5	0
	0.624	0.000433884	0.000557851	0.914773	0	0.000289256	0.000144628	0.464286	0
	0.625	0.000619835	0.000206612	0.914773	0	0.000165289	6.19835e-05	0.464286	0
	0.626	0.000516529	0.000516529	0.914773	0	0.000433884	6.19835e-05	0.464286	0
	0.627	0.000495868	0.000289256	0.914773	0	0.000289256	0.00018595	0.461538	0
	0.628	0.000619835	0.000309917	0.92	0	0.000165289	0.000206612	0.461538	0
	0.629	0.000516529	0.000289256	0.92	0	0.000247934	0.000206612	0.461538	0
	0.63	0.000495868	0.000413223	0.92	0	0.000289256	6.19835e-05	0.48	0
	0.631	0.000475207	0.000309917	0.92	0	0.000371901	8.26446e-05	0.48	0
	0.632	0.000454545	0.000371901	0.908571	0	0.000454545	0.000247934	0.44	0
	0.633	0.000640496	0.000433884	0.908571	0	0.000433884	0.000123967	0.44	0
	0.634	0.000599174	0.000392562	0.908571	0	0.000330579	8.26446e-05	0.458333	0
	0.635	0.000557851	0.00035124	0.902857	0	0.00035124	0.000103306	0.416667	0
	0.636	0.000433884	0.000268595	0.902857	0	0.000413223	6.19835e-05	0.416667	0
	0.637	0.000516529	0.00035124	0.902857	0	0.000309917	0.000165289	0.434783	0
	0.638	0.000702479	0.000433884	0.897143	0	0.00053719	0.000144628	0.434783	0
	0.639	0.000413223	0.00035124	0.891429	0	0.000330579	8.26446e-05	0.391304	0
	0.64	0.000599174	0.000413223	0.890805	0	0.000433884	6.19835e-05	0.391304	0
	0.641	0.000371901	0.000330579	0.890805	0	0.00035124	0.00018595	0.347826	0
	0.642	0.000433884	0.000227273	0.890805	0	0.000495868	0.000144628	0.347826	0
	0.643	0.00053719	0.000454545	0.885057	0	0.000268595	0.000103306	0.347826	0
	0.644	0.000268595	0.000557851	0.885057	0	0.000516529	6.19835e-05	0.347826	0
	0.645	0.000516529	0.000247934	0.890173	0	0.000599174	4.13223e-05	0.347826	0
	0.646	0.000619835	0.000454545	0.884393	0	0.000578512	0.000144628	0.304348	0
	0.647	0.000516529	0.000475207	0.884393	0	0.000371901	8.26446e-05	0.304348	0
	0.648	0.000433884	0.000413223	0.878613	0	0.000516529	6.19835e-05	0.304348	0
	0.649	0.00053719	0.000392562	0.878613	0	0.000392562	8.26446e-05	0.304348	0
	0.65	0.00053719	0.00053719	0.878613	0	0.000433884	0.000165289	0.304348	0
	0.651	0.000599174	0.000330579	0.878613	0	0.000557851	8.26446e-05	0.318182	0
	0.652	0.000599174	0.000495868	0.878613	0	0.000495868	0.000206612	0.318182	0
	0.653	0.00053719	0.00035124	0.872832	0	0.000578512	4.13223e-05	0.318182	0
	0.654	0.000475207	0.00053719	0.867052	0	0.000475207	8.26446e-05	0.333333	0
	0.655	0.000557851	0.000413223	0.867052	0	0.000516529	0.000103306	0.333333	0
	0.656	0.000619835	0.00035124	0.861272	0	0.000433884	0.000103306	0.333333	0
	0.657	0.000495868	0.000433884	0.871345	0	0.000454545	6.19835e-05	0.333333	0
	0.658	0.000392562	0.000247934	0.871345	0	0.000743802	0.000103306	0.3	0
	0.659	0.000557851	0.000557851	0.871345	0	0.000516529	0.000103306	0.3	0
	0.66	0.000661157	0.000516529	0.876471	0	0.00035124	6.19835e-05	0.25	0
	0.661	0.000495868	0.000309917	0.881657	0	0.00053719	0.000103306	0.25	0
	0.662	0.00053719	0.000247934	0.881657	0	0.000619835	0.000103306	0.25	0
	0.663	0.000475207	0.00035124	0.869822	0	0.000413223	6.19835e-05	0.25	0
	0.664	0.00072314	0.000640496	0.863905	0	0.000661157	2.06612e-05	0.25	0
	0.665	0.00053719	0.000371901	0.863905	0	0.000433884	0.000144628	0.25	0
	0.666	0.000743802	0.000557851	0.857988	0	0.000578512	4.13223e-05	0.25	0
	0.667	0.000702479	0.000371901	0.863095	0	0.000413223	0.000103306	0.25	0
	0.668	0.000702479	0.000433884	0.857143	0	0.000392562	0.000144628	0.25	0
	0.669	0.000495868	0.000371901	0.85119	0	0.000475207	6.19835e-05	0.25	0
	0.67	0.000764463	0.000392562	0.845238	0	0.000475207	0.000144628	0.25	0
	0.671	0.000640496	0.000392562	0.833333	0	0.000268595	2.06612e-05	0.25	0
	0.672	0.000743802	0.000392562	0.833333	0	0.00053719	0.000206612	0.25	0
	0.673	0.000764463	0.000330579	0.833333	0	0.000681818	0.000165289	0.25	0
	0.674	0.000661157	0.000433884	0.833333	0	0.000557851	0.000165289	0.2	0
	0.675	0.000475207	0.000454545	0.833333	0	0.00053719	0.000103306	0.2	0
	0.676	0.000826446	0.000371901	0.833333	0	0.000516529	6.19835e-05	0.210526	0
	0.677	0.000578512	0.000392562	0.832335	0	0.000475207	6.19835e-05	0.210526	0
	0.678	0.000847107	0.000371901	0.832335	0	0.000289256	0.000123967	0.210526	0
	0.679	0.000640496	0.00035124	0.826347	0	0.000413223	6.19835e-05	0.210526	0
	0.68	0.000867769	0.000475207	0.826347	0	0.000495868	8.26446e-05	0.210526	0
	0.681	0.000661157	0.000413223	0.831325	0	0.000309917	8.26446e-05	0.210526	0
	0.682	0.000929752	0.000309917	0.825301	0	0.000330579	6.19835e-05	0.222222	0
	0.683	0.000867769	0.000392562	0.830303	0	0.000330579	8.26446e-05	0.176471	0
	0.684	0.000764463	0.000392562	0.824242	0	0.000371901	0.000144628	0.176471	0
	0.685	0.000929752	0.000309917	0.824242	0	0.000475207	4.13223e-05	0.176471	0
	0.686	0.000661157	0.000433884	0.829268	0	0.00035124	0.000165289	0.176471	0
	0.687	0.000764463	0.000578512	0.829268	0	0.000289256	6.19835e-05	0.1875	0
	0.688	0.000805785	0.000433884	0.823171	0	0.000392562	0.000103306	0.1875	0
	0.689	0.000847107	0.000371901	0.828221	0	0.000392562	0.000123967	0.125	0
	0.69	0.00113636	0.00035124	0.822086	0	0.000392562	0.000144628	0.133333	0
	0.691	0.00105372	0.000578512	0.815951	0	0.000454545	0.000103306	0.142857	0
	0.692	0.000929752	0.000413223	0.815951	0	0.000227273	8.26446e-05	0.142857	0
	0.693	0.000805785	0.000433884	0.820988	0	0.000392562	0.000103306	0.153846	0
	0.694	0.000619835	0.000475207	0.820988	0	0.000433884	0.000103306	0.153846	0
	0.695	0.000805785	0.000330579	0.814815	0	0.000392562	0.000103306	0.153846	0
	0.696	0.000950413	0.000309917	0.814815	0	0.000475207	8.26446e-05	0.153846	0
	0.697	0.0011157	0.000433884	0.802469	0	0.000495868	8.26446e-05	0.181818	0
	0.698	0.00115702	0.000475207	0.802469	0	0.000330579	6.19835e-05	0.181818	0
	0.699	0.0010124	0.000433884	0.796296	0	0.000268595	6.19835e-05	0.181818	0
	0.7	0.00103306	0.000289256	0.796296	0	0.000247934	4.13223e-05	0.181818	0
	0.701	0.000661157	0.000413223	0.796296	0	0.000309917	4.13223e-05	0.181818	0
	0.702	0.000971074	0.000289256	0.790123	0	0.000268595	0.000103306	0.2	0
	0.703	0.000950413	0.000433884	0.783951	0	0.000227273	4.13223e-05	0.2	0
	0.704	0.00105372	0.000309917	0.7875	0	0.000330579	6.19835e-05	0.2	0
	0.705	0.00134298	0.000330579	0.7875	0	0.000227273	8.26446e-05	0.2	0
	0.706	0.0010124	0.000268595	0.786164	0	0.000330579	6.19835e-05	0.2	0
	0.707	0.00103306	0.000495868	0.791139	0	0.000103306	2.06612e-05	0.2	0
	0.708	0.00103306	0.000454545	0.791139	0	0.000413223	4.13223e-05	0.2	0
	0.709	0.00115702	0.00035124	0.791139	0	0.000309917	6.19835e-05	0.2	0
	0.71	0.000785124	0.00035124	0.791139	0	0.000247934	0.000123967	0.222222	0
	0.711	0.000826446	0.000475207	0.791139	0	0.000144628	8.26446e-05	0.25	0
	0.712	0.00113636	0.000578512	0.765823	0	0.000227273	0	0.25	0
	0.713	0.00109504	0.000454545	0.765823	0	6.19835e-05	4.13223e-05	0.285714	0
	0.714	0.000991736	0.000557851	0.759494	0	0.000289256	2.06612e-05	0.285714	0
	0.715	0.000867769	0.000557851	0.757962	0	0.000144628	4.13223e-05	0.285714	0
	0.716	0.000991736	0.000475207	0.757962	0	0.000165289	8.26446e-05	0.285714	0
	0.717	0.00103306	0.000392562	0.757962	0	0.000227273	0	0.285714	0
	0.718	0.00117769	0.000371901	0.762821	0	0.000123967	2.06612e-05	0.285714	0
	0.719	0.00130165	0.000371901	0.767742	0	0.00018595	4.13223e-05	0.285714	0
	0.72	0.00103306	0.00035124	0.76129	0	0.000247934	2.06612e-05	0.285714	0
	0.721	0.000847107	0.000433884	0.754839	0	0.00018595	2.06612e-05	0.285714	0
	0.722	0.00109504	0.000227273	0.754839	0	6.19835e-05	6.19835e-05	0.285714	0
	0.723	0.000950413	0.000454545	0.75974	0	0.000123967	0.000103306	0.285714	0
	0.724	0.000929752	0.000392562	0.75817	0	0.000123967	6.19835e-05	0.285714	0
	0.725	0.000971074	0.000454545	0.751634	0	0.000103306	0.000123967	0.285714	0
	0.726	0.000950413	0.000371901	0.745098	0	0.000123967	2.06612e-05	0.285714	0
	0.727	0.00105372	0.000413223	0.736842	0	4.13223e-05	6.19835e-05	0.285714	0
	0.728	0.00103306	0.000247934	0.736842	0	8.26446e-05	4.13223e-05	0.285714	0
	0.729	0.00117769	0.000433884	0.736842	0	0.000123967	4.13223e-05	0.285714	0
	0.73	0.00107438	0.000413223	0.730263	0	8.26446e-05	2.06612e-05	0.285714	0
	0.731	0.00132231	0.000475207	0.730263	0	0.000103306	6.19835e-05	0.333333	0
	0.732	0.000971074	0.000413223	0.735099	0	8.26446e-05	2.06612e-05	0.333333	0
	0.733	0.00105372	0.000330579	0.735099	0	2.06612e-05	0.000103306	0.333333	0
	0.734	0.00142562	0.000330579	0.74	0	2.06612e-05	4.13223e-05	0.333333	0
	0.735	0.00140496	0.000413223	0.755102	0	4.13223e-05	4.13223e-05	0.333333	0
	0.736	0.000971074	0.000413223	0.760274	0	4.13223e-05	0	0.333333	0
	0.737	0.00119835	0.000454545	0.760274	0	4.13223e-05	4.13223e-05	0.333333	0
	0.738	0.000991736	0.000433884	0.753425	0	4.13223e-05	2.06612e-05	0.333333	0
	0.739	0.00121901	0.000309917	0.753425	0	8.26446e-05	8.26446e-05	0.2	0
	0.74	0.0011157	0.000392562	0.753425	0	4.13223e-05	2.06612e-05	0.25	0
	0.741	0.00128099	0.000454545	0.758621	0	6.19835e-05	2.06612e-05	0.25	0
	0.742	0.000909091	0.00035124	0.758621	0	4.13223e-05	0.000103306	0.25	0
	0.743	0.00121901	0.000516529	0.75	0	0	8.26446e-05	0.25	0
	0.744	0.00119835	0.000433884	0.753521	0	2.06612e-05	2.06612e-05	0.25	0
	0.745	0.00119835	0.000475207	0.751773	0	4.13223e-05	6.19835e-05	0.25	0
	0.746	0.00115702	0.000413223	0.751773	0	4.13223e-05	4.13223e-05	0.25	0
	0.747	0.00103306	0.000475207	0.737589	0	2.06612e-05	4.13223e-05	0.25	0
	0.748	0.00130165	0.000330579	0.737589	0	2.06612e-05	0	0.25	0
	0.749	0.000847107	0.000495868	0.735714	0	6.19835e-05	4.13223e-05	0.25	0
	0.75	0.00088843	0.00035124	0.735714	0	6.19835e-05	6.19835e-05	0.25	0
	0.751	0.00121901	0.000392562	0.735714	0	8.26446e-05	0.000123967	0.25	0
	0.752	0.00130165	0.000433884	0.733813	0	0	6.19835e-05	0.25	0
	0.753	0.00121901	0.000454545	0.733813	0	2.06612e-05	0.000165289	0.25	0
	0.754	0.00117769	0.00035124	0.733813	0	0	8.26446e-05	0.25	0
	0.755	0.00107438	0.000289256	0.73913	0	6.19835e-05	6.19835e-05	0.25	0
	0.756	0.000950413	0.000475207	0.731884	0	4.13223e-05	6.19835e-05	0.25	0
	0.757	0.000929752	0.000309917	0.724638	0	8.26446e-05	6.19835e-05	0.25	0
	0.758	0.00109504	0.000433884	0.724638	0	6.19835e-05	2.06612e-05	0.5	0
	0.759	0.00126033	0.000392562	0.724638	0	6.19835e-05	2.06612e-05	0.5	0
	0.76	0.00107438	0.000599174	0.715328	0	2.06612e-05	2.06612e-05	0.5	0
	0.761	0.000929752	0.000392562	0.720588	0	6.19835e-05	2.06612e-05	0.5	0
	0.762	0.00105372	0.000475207	0.713235	0	4.13223e-05	4.13223e-05	0.5	0
	0.763	0.00088843	0.000433884	0.713235	0	0.000103306	4.13223e-05	0.5	0
	0.764	0.000971074	0.00053719	0.718519	0	4.13223e-05	4.13223e-05	0.5	0
	0.765	0.00103306	0.000330579	0.718519	0	4.13223e-05	2.06612e-05	0.5	0
	0.766	0.000785124	0.000413223	0.729323	0	8.26446e-05	4.13223e-05	0.5	0
	0.767	0.00109504	0.000413223	0.714286	0	0.000103306	8.26446e-05	0.5	0
	0.768	0.000743802	0.00035124	0.712121	0	0.000123967	2.06612e-05	0.5	0
	0.769	0.00109504	0.000371901	0.712121	0	4.13223e-05	8.26446e-05	0.5	0
	0.77	0.000785124	0.000392562	0.712121	0	2.06612e-05	0	0.5	0
	0.771	0.000867769	0.000289256	0.717557	0	0.000103306	0	0.5	0
	0.772	0.00126033	0.000371901	0.734375	0	2.06612e-05	6.19835e-05	0.5	0
	0.773	0.000950413	0.000454545	0.726562	0	0.000103306	4.13223e-05	0.5	0
	0.774	0.000950413	0.000309917	0.732283	0	4.13223e-05	0	0.5	0
	0.775	0.00103306	0.000330579	0.732283	0	6.19835e-05	2.06612e-05	0.5	0
	0.776	0.000929752	0.000330579	0.732283	0	0	2.06612e-05	0.5	0
	0.777	0.00103306	0.000371901	0.738095	0	2.06612e-05	4.13223e-05	0.5	0
	0.778	0.000950413	0.000330579	0.738095	0	2.06612e-05	0	0.5	0
	0.779	0.00132231	0.000309917	0.738095	0	0	4.13223e-05	0.5	0
	0.78	0.0010124	0.000413223	0.754098	0	2.06612e-05	0	0.5	0
	0.781	0.00113636	0.000309917	0.754098	0	4.13223e-05	2.06612e-05	0.5	0
	0.782	0.00142562	0.000413223	0.745902	0	6.19835e-05	2.06612e-05	0.5	0
	0.783	0.000909091	0.000433884	0.745902	0	4.13223e-05	2.06612e-05	0.5	0
	0.784	0.000950413	0.000413223	0.752066	0	8.26446e-05	6.19835e-05	0.5	0
	0.785	0.000991736	0.000433884	0.75	0	2.06612e-05	0	0	0
	0.786	0.000929752	0.000433884	0.75	0	2.06612e-05	2.06612e-05	0	0
	0.787	0.000950413	0.000392562	0.762712	0	0	2.06612e-05	0	0
	0.788	0.00107438	0.000330579	0.762712	0	2.06612e-05	8.26446e-05	0	0
	0.789	0.00115702	0.000309917	0.762712	0	4.13223e-05	0	0	0
	0.79	0.000743802	0.000454545	0.769231	0	0	6.19835e-05	0	0
	0.791	0.00115702	0.000433884	0.760684	0	2.06612e-05	2.06612e-05	0	0
	0.792	0.000950413	0.000309917	0.773913	0	0	2.06612e-05	0	0
	0.793	0.000950413	0.000330579	0.765217	0	2.06612e-05	6.19835e-05	0	0
	0.794	0.000971074	0.000578512	0.77193	0	0	2.06612e-05	0	0
	0.795	0.000929752	0.000247934	0.763158	0	0	2.06612e-05	0	0
	0.796	0.00107438	0.000227273	0.763158	0	0	2.06612e-05	0	0
	0.797	0.000847107	0.00035124	0.754386	0	0	2.06612e-05	0	0
	0.798	0.000950413	0.000392562	0.745614	0	2.06612e-05	4.13223e-05	0	0
	0.799	0.000826446	0.000392562	0.736842	0	2.06612e-05	2.06612e-05	0	0
	0.8	0.0011157	0.000392562	0.75	0	0	0	0	0
	0.801	0.000599174	0.000371901	0.75	0	4.13223e-05	2.06612e-05	0	0
	0.802	0.00072314	0.000475207	0.763636	0	0	4.13223e-05	0	0
	0.803	0.000867769	0.00035124	0.770642	0	0	2.06612e-05	0	0
	0.804	0.00088843	0.00035124	0.770642	0	0	2.06612e-05	0	0
	0.805	0.00072314	0.000330579	0.770642	0	4.13223e-05	0	0	0
	0.806	0.00103306	0.000371901	0.770642	0	2.06612e-05	2.06612e-05	0	0
	0.807	0.00088843	0.000289256	0.761468	0	2.06612e-05	0.000103306	0	0
	0.808	0.000785124	0.000454545	0.761468	0	0	0	0	0
	0.809	0.000805785	0.000495868	0.768519	0	6.19835e-05	4.13223e-05	0	0
	0.81	0.000743802	0.000413223	0.759259	0	6.19835e-05	0	0	0
	0.811	0.000599174	0.000289256	0.757009	0	2.06612e-05	4.13223e-05	0	0
	0.812	0.000702479	0.000309917	0.757009	0	0	4.13223e-05	0	0
	0.813	0.000557851	0.000309917	0.754717	0	2.06612e-05	2.06612e-05	0	0
	0.814	0.000764463	0.00035124	0.754717	0	4.13223e-05	0	0	0
	0.815	0.000599174	0.000371901	0.754717	0	2.06612e-05	0	0	0
	0.816	0.000702479	0.000165289	0.776699	0	6.19835e-05	2.06612e-05	0	0
	0.817	0.000743802	0.000268595	0.776699	0	2.06612e-05	4.13223e-05	0	0
	0.818	0.000619835	0.00035124	0.784314	0	4.13223e-05	0	0	0
	0.819	0.000702479	0.000330579	0.784314	0	2.06612e-05	0	0	0
	0.82	0.00072314	0.000289256	0.8	0	4.13223e-05	2.06612e-05	0	0
	0.821	0.000516529	0.000454545	0.808081	0	2.06612e-05	2.06612e-05	0	0
	0.822	0.000599174	0.000309917	0.808081	0	0.000123967	4.13223e-05	0	0
	0.823	0.000578512	0.000289256	0.808081	0	6.19835e-05	0	0	0
	0.824	0.000619835	0.000289256	0.808081	0	0.000103306	2.06612e-05	0	0
	0.825	0.000557851	0.000227273	0.816327	0	0.000123967	2.06612e-05	0	0
	0.826	0.000619835	0.00035124	0.824742	0	6.19835e-05	0	0	0
	0.827	0.000702479	0.000413223	0.824742	0	4.13223e-05	4.13223e-05	0	0
	0.828	0.000599174	0.000454545	0.822917	0	6.19835e-05	2.06612e-05	0	0
	0.829	0.000909091	0.000309917	0.831579	0	8.26446e-05	0	0	0
	0.83	0.000743802	0.00018595	0.831579	0	0.000144628	2.06612e-05	0	0
	0.831	0.000867769	0.000309917	0.778947	0	4.13223e-05	2.06612e-05	0	0
	0.832	0.000702479	0.000330579	0.778947	0	2.06612e-05	0	0	0
	0.833	0.00072314	0.000309917	0.768421	0	4.13223e-05	2.06612e-05	0	0
	0.834	0.000599174	0.000392562	0.768421	0	4.13223e-05	6.19835e-05	0	0
	0.835	0.000743802	0.000144628	0.784946	0	4.13223e-05	2.06612e-05	0	0
	0.836	0.000599174	0.000206612	0.774194	0	4.13223e-05	2.06612e-05	0	0
	0.837	0.000681818	0.000268595	0.774194	0	8.26446e-05	2.06612e-05	0	0
	0.838	0.000743802	0.00018595	0.763441	0	0	0	0	0
	0.839	0.000599174	0.000433884	0.752688	0	6.19835e-05	2.06612e-05	0	0
	0.84	0.000929752	0.000309917	0.741935	0	2.06612e-05	2.06612e-05	0	0
	0.841	0.000495868	0.000330579	0.731183	0	2.06612e-05	0	0	0
	0.842	0.000826446	0.000268595	0.72043	0	6.19835e-05	0	0	0
	0.843	0.000599174	0.000289256	0.733333	0	2.06612e-05	2.06612e-05	0	0
	0.844	0.000661157	0.00018595	0.722222	0	2.06612e-05	2.06612e-05	0	0
	0.845	0.000847107	0.000309917	0.711111	0	2.06612e-05	2.06612e-05	0	0
	0.846	0.000764463	0.00035124	0.7	0	2.06612e-05	4.13223e-05	0	0
	0.847	0.000929752	0.000433884	0.688889	0	2.06612e-05	2.06612e-05	0	0
	0.848	0.0010124	0.000227273	0.688889	0	0	2.06612e-05	0	0
	0.849	0.000785124	0.000309917	0.677778	0	2.06612e-05	2.06612e-05	0	0
	0.85	0.0010124	0.00035124	0.685393	0	0	2.06612e-05	0	0
	0.851	0.000971074	0.000371901	0.685393	0	2.06612e-05	2.06612e-05	0	0
	0.852	0.00109504	0.000227273	0.693182	0	2.06612e-05	2.06612e-05	0	0
	0.853	0.00113636	0.000227273	0.693182	0	0	2.06612e-05	0	0
	0.854	0.00121901	0.000144628	0.681818	0	0	0	0	0
	0.855	0.0011157	0.000289256	0.678161	0	2.06612e-05	2.06612e-05	0	0
	0.856	0.00150826	0.000268595	0.666667	0	0	0	0	0
	0.857	0.0014876	0.00018595	0.674419	0	0	0	0	0
	0.858	0.00105372	0.00035124	0.674419	0	0	4.13223e-05	0	0
	0.859	0.000991736	0.000227273	0.662791	0	0	0	0	0
	0.86	0.00132231	0.000309917	0.662791	0	0	0	0	0
	0.861	0.00134298	0.000206612	0.670588	0	0	0	0	0
	0.862	0.00121901	0.000247934	0.670588	0	0	0	0	0
	0.863	0.00150826	0.00035124	0.670588	0	0	0	0	0
	0.864	0.00115702	0.000371901	0.678571	0	0	6.19835e-05	0	0
	0.865	0.00146694	0.000227273	0.666667	0	0	2.06612e-05	0	0
	0.866	0.0013843	0.000268595	0.654762	0	0	2.06612e-05	0	0
	0.867	0.00146694	0.00035124	0.630952	0	0	2.06612e-05	0	0
	0.868	0.00132231	0.000289256	0.626506	0	0	0	0	0
	0.869	0.00142562	0.00035124	0.626506	0	0	0	0	0
	0.87	0.00163223	0.000289256	0.626506	0	0	0	0	0
	0.871	0.00152893	0.000206612	0.634146	0	0	0	0	0
	0.872	0.00142562	0.000206612	0.634146	0	0	0	0	0
	0.873	0.00140496	0.000227273	0.617284	0	0	0	0	0
	0.874	0.00130165	0.000206612	0.617284	0	0	0	0	0
	0.875	0.00134298	0.000268595	0.6	0	0	0	0	0
	0.876	0.00130165	0.00018595	0.5875	0	0	0	0	0
	0.877	0.0013843	0.000371901	0.575	0	0	0	0	0
	0.878	0.00121901	0.000227273	0.5625	0	0	0	0	0
	0.879	0.00136364	0.000206612	0.5625	0	0	0	0	0
	0.88	0.000991736	0.000289256	0.55	0	0	2.06612e-05	0	0
	0.881	0.0011157	0.000103306	0.55	0	0	0	0	0
	0.882	0.00121901	0.000392562	0.551282	0	0	2.06612e-05	0	0
	0.883	0.00113636	0.000227273	0.565789	0	0	0	0	0
	0.884	0.000991736	0.000247934	0.581081	0	0	0	0	0
	0.885	0.00152893	0.000268595	0.581081	0	0	2.06612e-05	0	0
	0.886	0.00121901	0.000227273	0.597222	0	0	2.06612e-05	0	0
	0.887	0.000971074	0.000123967	0.583333	0	0	0	0	0
	0.888	0.00109504	0.000433884	0.6	0	0	4.13223e-05	0	0
	0.889	0.00140496	0.000289256	0.585714	0	0	0	0	0
	0.89	0.00132231	0.000330579	0.557143	0	0	2.06612e-05	0	0
	0.891	0.00134298	0.00018595	0.521739	0	0	2.06612e-05	0	0
	0.892	0.00140496	0.000227273	0.492754	0	0	0	0	0
	0.893	0.00128099	0.000268595	0.5	0	0	2.06612e-05	0	0
	0.894	0.00103306	0.000206612	0.5	0	0	0	0	0
	0.895	0.00134298	0.000330579	0.515152	0	0	0	0	0
	0.896	0.00146694	0.000227273	0.5	0	0	0	0	0
	0.897	0.00109504	0.00018595	0.515625	0	0	0	0	0
	0.898	0.0014876	0.000165289	0.515625	0	0	0	0	0
	0.899	0.00113636	0.000268595	0.532258	0	0	2.06612e-05	0	0
	0.9	0.00126033	0.000227273	0.540984	0	0	0	0	0
	0.901	0.00126033	0.000227273	0.540984	0	0	0	0	0
	0.902	0.00123967	0.00018595	0.540984	0	0	0	0	0
	0.903	0.0014876	0.000144628	0.55	0	0	2.06612e-05	0	0
	0.904	0.00159091	0.000123967	0.533333	0	0	0	0	0
	0.905	0.00130165	8.26446e-05	0.542373	0	0	4.13223e-05	0	0
	0.906	0.00113636	0.000123967	0.551724	0	0	0	0	0
	0.907	0.0010124	0.000165289	0.571429	0	0	0	0	0
	0.908	0.000991736	8.26446e-05	0.571429	0	0	0	0	0
	0.909	0.0014876	0.000144628	0.581818	0	0	0	0	0
	0.91	0.00119835	0.000309917	0.545455	0	0	2.06612e-05	0	0
	0.911	0.00130165	0.00018595	0.545455	0	0	2.06612e-05	0	0
	0.912	0.0013843	0.000144628	0.545455	0	0	0	0	0
	0.913	0.00107438	0.000309917	0.545455	0	0	2.06612e-05	0	0
	0.914	0.0011157	0.000247934	0.527273	0	0	0	0	0
	0.915	0.00130165	0.000144628	0.518519	0	0	0	0	0
	0.916	0.00105372	0.000289256	0.490566	0	0	0	0	0
	0.917	0.00119835	0.000144628	0.490566	0	0	2.06612e-05	0	0
	0.918	0.00121901	0.000165289	0.5	0	0	0	0	0
	0.919	0.00119835	0.000103306	0.45098	0	0	0	0	0
	0.92	0.000971074	0.000165289	0.46	0	0	0	0	0
	0.921	0.000991736	0.000123967	0.479167	0	0	0	0	0
	0.922	0.00121901	0.000247934	0.479167	0	0	0	0	0
	0.923	0.00119835	8.26446e-05	0.479167	0	0	0	0	0
	0.924	0.00134298	0.00018595	0.479167	0	0	0	0	0
	0.925	0.00113636	0.000247934	0.479167	0	0	0	0	0
	0.926	0.00115702	0.00018595	0.489362	0	0	0	0	0
	0.927	0.00105372	8.26446e-05	0.5	0	0	0	0	0
	0.928	0.00113636	0.000123967	0.511111	0	0	0	0	0
	0.929	0.00115702	0.00018595	0.522727	0	0	0	0	0
	0.93	0.0014876	0.000206612	0.5	0	0	2.06612e-05	0	0
	0.931	0.00119835	8.26446e-05	0.52381	0	0	2.06612e-05	0	0
	0.932	0.0010124	4.13223e-05	0.52381	0	0	0	0	0
	0.933	0.00117769	0.000103306	0.536585	0	0	0	0	0
	0.934	0.00109504	0.000103306	0.538462	0	0	0	0	0
	0.935	0.00119835	0.000103306	0.5	0	0	0	0	0
	0.936	0.00119835	0.000123967	0.513514	0	0	0	0	0
	0.937	0.00117769	6.19835e-05	0.527778	0	0	0	0	0
	0.938	0.000950413	0.000123967	0.5	0	0	0	0	0
	0.939	0.000764463	0.000144628	0.5	0	0	0	0	0
	0.94	0.0011157	0.000144628	0.470588	0	0	2.06612e-05	0	0
	0.941	0.00128099	4.13223e-05	0.470588	0	0	0	0	0
	0.942	0.000640496	4.13223e-05	0.470588	0	0	0	0	0
	0.943	0.000847107	0.000103306	0.470588	0	0	0	0	0
	0.944	0.000867769	0.000103306	0.470588	0	0	2.06612e-05	0	0
	0.945	0.000681818	8.26446e-05	0.484848	0	0	0	0	0
	0.946	0.000867769	6.19835e-05	0.484848	0	0	0	0	0
	0.947	0.000578512	4.13223e-05	0.484848	0	0	0	0	0
	0.948	0.000702479	8.26446e-05	0.516129	0	0	0	0	0
	0.949	0.000764463	0.000123967	0.5	0	0	0	0	0
	0.95	0.000847107	8.26446e-05	0.466667	0	0	0	0	0
	0.951	0.000661157	0.000103306	0.433333	0	0	0	0	0
	0.952	0.00072314	0.000123967	0.448276	0	0	2.06612e-05	0	0
	0.953	0.000867769	0.000103306	0.5	0	0	2.06612e-05	0	0
	0.954	0.000516529	0.000144628	0.44	0	0	0	0	0
	0.955	0.000950413	8.26446e-05	0.44	0	0	0	0	0
	0.956	0.000805785	0.000103306	0.458333	0	0	0	0	0
	0.957	0.000764463	2.06612e-05	0.458333	0	0	0	0	0
	0.958	0.00109504	4.13223e-05	0.391304	0	0	0	0	0
	0.959	0.000929752	8.26446e-05	0.347826	0	0	0	0	0
	0.96	0.000909091	8.26446e-05	0.347826	0	0	0	0	0
	0.961	0.000847107	2.06612e-05	0.347826	0	0	0	0	0
	0.962	0.00109504	2.06612e-05	0.347826	0	0	0	0	0
	0.963	0.000950413	2.06612e-05	0.347826	0	0	0	0	0
	0.964	0.00121901	2.06612e-05	0.347826	0	0	0	0	0
	0.965	0.00121901	4.13223e-05	0.318182	0	0	0	0	0
	0.966	0.00113636	2.06612e-05	0.272727	0	0	0	0	0
	0.967	0.00154959	0.000123967	0.227273	0	0	0	0	0
	0.968	0.00128099	2.06612e-05	0.238095	0	0	0	0	0
	0.969	0.0014876	0.000103306	0.190476	0	0	0	0	0
	0.97	0.0010124	2.06612e-05	0.222222	0	0	0	0	0
	0.971	0.00165289	2.06612e-05	0.222222	0	0	0	0	0
	0.972	0.00123967	4.13223e-05	0.166667	0	0	0	0	0
	0.973	0.00103306	2.06612e-05	0.166667	0	0	0	0	0
	0.974	0.00119835	2.06612e-05	0.166667	0	0	0	0	0
	0.975	0.00161157	6.19835e-05	0.166667	0	0	0	0	0
	0.976	0.00105372	6.19835e-05	0.111111	0	0	0	0	0
	0.977	0.00121901	2.06612e-05	0.117647	0	0	0	0	0
	0.978	0.00123967	8.26446e-05	0.125	0	0	0	0	0
	0.979	0.00123967	4.13223e-05	0.142857	0	0	0	0	0
	0.98	0.00121901	6.19835e-05	0.153846	0	0	0	0	0
	0.981	0.00113636	4.13223e-05	0.0833333	0	0	0	0	0
	0.982	0.000929752	2.06612e-05	0.1	0	0	0	0	0
	0.983	0.000681818	2.06612e-05	0.1	0	0	0	0	0
	0.984	0.000991736	0	0.1	0	0	0	0	0
	0.985	0.000805785	8.26446e-05	0.111111	0	0	0	0	0
	0.986	0.000495868	2.06612e-05	0.142857	0	0	0	0	0
	0.987	0.000516529	6.19835e-05	0.166667	0	0	0	0	0
	0.988	0.000454545	4.13223e-05	0.166667	0	0	0	0	0
	0.989	0.000475207	2.06612e-05	0.2	0	0	0	0	0
	0.99	0.000268595	0	0.2	0	0	0	0	0
	0.991	0.000165289	2.06612e-05	0.2	0	0	0	0	0
	0.992	8.26446e-05	0	0.25	0	0	0	0	0
	0.993	0.000165289	6.19835e-05	0	0	0	0	0	0
	0.994	0.000165289	2.06612e-05	0	0	0	0	0	0
	0.995	0.000227273	2.06612e-05	0	0	0	0	0	0
	0.996	0.000454545	2.06612e-05	0	0	0	0	0	0
	0.997	0.000433884	2.06612e-05	0	0	0	0	0	0
	0.998	0.00035124	2.06612e-05	0	0	0	0	0	0
	0.999	0.000330579	2.06612e-05	0	0	0	0	0	0
	1	6.19835e-05	0	0	0	0	0	0	0


#	yrange	sparsity	# links	zeta	support at cross	fraction FP	support at cross2	fraction FP2
	0	0	0	0.121757	0.654	0.288844	0.654	0.288844
	0.0045	0	0	0.121757	0.654	0.288844	0.654	0.288844
