#	Frequencies and overlap
#	bins	MYC	shuffle	overlap_MYC	overlap_shuffle	SIGN_MYC	SIGNshuffle	SIGNoverlap_MYC	SIGNoverlap_shuffle
	0	0.178946	0.255992	1	1	0.629835	0.689401	0.0149254	0
	0.001	0.11124	0.199153	0.497934	0.0123967	0.0555992	0.0986983	0.0149254	0
	0.002	0.0718388	0.127169	0.45929	0	0.0387603	0.0629959	0.0157658	0
	0.003	0.0547521	0.0872934	0.458613	0	0.0275413	0.0410744	0.0179487	0
	0.004	0.0428512	0.0626446	0.454327	0	0.0207438	0.0264463	0.0202312	0
	0.005	0.0350413	0.0470868	0.481675	0	0.0161364	0.0185537	0.022508	0
	0.006	0.0281612	0.0334091	0.475138	0	0.0136157	0.0129545	0.0244755	0
	0.007	0.0230579	0.0271488	0.502994	0	0.0119628	0.00929752	0.027451	0
	0.008	0.0195661	0.021219	0.509434	0	0.00985537	0.00801653	0.030303	0
	0.009	0.0186364	0.0193182	0.528239	0	0.00845041	0.00508264	0.0324074	0
	0.01	0.015186	0.0136364	0.535211	0	0.00733471	0.00413223	0.0339806	0
	0.011	0.0139876	0.0118595	0.540741	0	0.00681818	0.00382231	0.0368421	0
	0.012	0.0129959	0.0100207	0.55642	0	0.00617769	0.00272727	0.0384615	0
	0.013	0.0116116	0.00795455	0.545082	0	0.00702479	0.00183884	0.0402299	0
	0.014	0.0108884	0.00754132	0.538136	0	0.0072314	0.00169421	0.0429448	0
	0.015	0.0100207	0.00621901	0.527027	0	0.00603306	0.00165289	0.044586	0
	0.016	0.00911157	0.00551653	0.549763	0	0.00586777	0.00123967	0.0469799	0
	0.017	0.00842975	0.00469008	0.524272	0	0.00559917	0.0011157	0.0479452	0
	0.018	0.0089876	0.00411157	0.504854	0	0.00491736	0.000847107	0.0503597	0
	0.019	0.00857438	0.00365702	0.510101	0	0.00429752	0.000764463	0.0542636	0
	0.02	0.00754132	0.00347107	0.510526	0	0.00382231	0.00107438	0.0551181	0
	0.021	0.00809917	0.00291322	0.518919	0	0.00386364	0.000557851	0.0578512	0
	0.022	0.00820248	0.00221074	0.521978	0	0.00340909	0.000392562	0.0598291	0
	0.023	0.00865702	0.00243802	0.537143	0	0.00297521	0.000495868	0.0642202	0
	0.024	0.00830579	0.00200413	0.534884	0	0.0027686	0.000268595	0.0673077	0
	0.025	0.00766529	0.00204545	0.544379	0	0.00256198	0.00035124	0.0707071	0
	0.026	0.00785124	0.00159091	0.542169	0	0.00235537	0.000330579	0.0744681	0
	0.027	0.0071281	0.00152893	0.54321	0	0.00231405	0.00035124	0.0777778	0
	0.028	0.00626033	0.00165289	0.52795	0	0.0022314	0.000268595	0.0804598	0
	0.029	0.00657025	0.00142562	0.534591	0	0.00206612	0.000247934	0.0731707	0
	0.03	0.00613636	0.0013843	0.537975	0	0.0025	0.000247934	0.0759494	0
	0.031	0.00566116	0.000847107	0.525641	0	0.00204545	0.000309917	0.08	0
	0.032	0.00485537	0.00107438	0.513158	0	0.00210744	0.000227273	0.0821918	0
	0.033	0.00506198	0.000991736	0.513333	0	0.00171488	0.000103306	0.0882353	0
	0.034	0.0043595	0.00130165	0.513699	0	0.00163223	0.000144628	0.0895522	0
	0.035	0.00469008	0.000929752	0.513889	0	0.00123967	0.000103306	0.0909091	0
	0.036	0.00419421	0.000971074	0.51773	0	0.00134298	0.000123967	0.0923077	0
	0.037	0.00342975	0.000681818	0.514493	0	0.00146694	4.13223e-05	0.0923077	0
	0.038	0.00396694	0.00128099	0.522388	0	0.00109504	8.26446e-05	0.0967742	0
	0.039	0.00309917	0.000619835	0.543307	0	0.00121901	6.19835e-05	0.0983607	0
	0.04	0.00355372	0.000454545	0.544	0	0.00088843	0.000144628	0.103448	0
	0.041	0.00297521	0.000433884	0.554622	0	0.00115702	4.13223e-05	0.105263	0
	0.042	0.00291322	0.000268595	0.53913	0	0.0013843	8.26446e-05	0.105263	0
	0.043	0.00293388	0.000433884	0.544643	0	0.00123967	8.26446e-05	0.115385	0
	0.044	0.00332645	0.000475207	0.54955	0	0.000971074	4.13223e-05	0.12	0
	0.045	0.0028719	0.000619835	0.560748	0	0.0010124	4.13223e-05	0.125	0
	0.046	0.00239669	0.000247934	0.566038	0	0.00132231	4.13223e-05	0.125	0
	0.047	0.00268595	0.000454545	0.582524	0	0.00109504	6.19835e-05	0.12766	0
	0.048	0.00272727	0.000309917	0.582524	0	0.000991736	0.000144628	0.133333	0
	0.049	0.00241736	0.000289256	0.606061	0	0.00117769	8.26446e-05	0.111111	0
	0.05	0.00241736	0.000309917	0.606061	0	0.00119835	8.26446e-05	0.0909091	0
	0.051	0.00196281	0.00035124	0.612245	0	0.00142562	2.06612e-05	0.0930233	0
	0.052	0.0022314	0.000309917	0.614583	0	0.00119835	6.19835e-05	0.0930233	0
	0.053	0.00208678	0.000268595	0.621053	0	0.00123967	0	0.0952381	0
	0.054	0.00239669	0.000330579	0.615385	0	0.00132231	4.13223e-05	0.0952381	0
	0.055	0.00208678	0.00018595	0.617978	0	0.00136364	2.06612e-05	0.097561	0
	0.056	0.00235537	0.000309917	0.625	0	0.00130165	6.19835e-05	0.102564	0
	0.057	0.00196281	0.000268595	0.609195	0	0.00117769	2.06612e-05	0.102564	0
	0.058	0.00159091	0.00018595	0.609195	0	0.00115702	2.06612e-05	0.102564	0
	0.059	0.00227273	0.000165289	0.597701	0	0.00140496	6.19835e-05	0.105263	0
	0.06	0.00152893	0.000227273	0.593023	0	0.00117769	2.06612e-05	0.105263	0
	0.061	0.00161157	8.26446e-05	0.593023	0	0.00128099	6.19835e-05	0.105263	0
	0.062	0.00181818	0.000289256	0.6	0	0.00123967	2.06612e-05	0.108108	0
	0.063	0.0013843	6.19835e-05	0.609756	0	0.00121901	2.06612e-05	0.108108	0
	0.064	0.00152893	0.000206612	0.625	0	0.00109504	2.06612e-05	0.111111	0
	0.065	0.00134298	0.000165289	0.625	0	0.000909091	2.06612e-05	0.117647	0
	0.066	0.0010124	0.000123967	0.632911	0	0.000991736	6.19835e-05	0.117647	0
	0.067	0.00117769	0.000144628	0.641026	0	0.00152893	0	0.121212	0
	0.068	0.00121901	0.000206612	0.649351	0	0.000950413	0	0.121212	0
	0.069	0.0010124	0.000247934	0.662162	0	0.000909091	4.13223e-05	0.125	0
	0.07	0.00117769	0.000123967	0.643836	0	0.000764463	4.13223e-05	0.129032	0
	0.071	0.000991736	4.13223e-05	0.60274	0	0.000805785	2.06612e-05	0.133333	0
	0.072	0.00121901	8.26446e-05	0.611111	0	0.000929752	2.06612e-05	0.142857	0
	0.073	0.00128099	2.06612e-05	0.583333	0	0.00113636	0	0.148148	0
	0.074	0.00123967	0.000144628	0.591549	0	0.000826446	4.13223e-05	0.153846	0
	0.075	0.000847107	0.000144628	0.594203	0	0.00072314	4.13223e-05	0.153846	0
	0.076	0.00128099	0.000144628	0.61194	0	0.00072314	2.06612e-05	0.166667	0
	0.077	0.000909091	0.000103306	0.621212	0	0.00072314	0	0.173913	0
	0.078	0.00105372	4.13223e-05	0.621212	0	0.000743802	0	0.2	0
	0.079	0.00117769	0.000123967	0.625	0	0.000847107	0	0.210526	0
	0.08	0.00119835	8.26446e-05	0.609375	0	0.000640496	0	0.222222	0
	0.081	0.00130165	4.13223e-05	0.612903	0	0.000516529	0	0.235294	0
	0.082	0.00128099	0.000206612	0.596774	0	0.000557851	0	0.235294	0
	0.083	0.00140496	6.19835e-05	0.606557	0	0.000702479	0	0.235294	0
	0.084	0.00117769	0	0.590164	0	0.00072314	2.06612e-05	0.235294	0
	0.085	0.00128099	0.000144628	0.6	0	0.000619835	0	0.25	0
	0.086	0.00109504	6.19835e-05	0.566667	0	0.000557851	0	0.266667	0
	0.087	0.00115702	0.000103306	0.566667	0	0.000433884	0	0.285714	0
	0.088	0.0013843	6.19835e-05	0.566667	0	0.000640496	0	0.285714	0
	0.089	0.00109504	6.19835e-05	0.533333	0	0.000227273	0	0.285714	0
	0.09	0.000909091	2.06612e-05	0.5	0	0.000433884	2.06612e-05	0.285714	0
	0.091	0.00115702	8.26446e-05	0.5	0	0.000433884	0	0.307692	0
	0.092	0.00115702	6.19835e-05	0.483333	0	0.00018595	0	0.307692	0
	0.093	0.00142562	2.06612e-05	0.483333	0	0.000268595	0	0.333333	0
	0.094	0.00132231	4.13223e-05	0.466667	0	0.000309917	0	0.333333	0
	0.095	0.00130165	6.19835e-05	0.45	0	0.000227273	0	0.333333	0
	0.096	0.00115702	2.06612e-05	0.45	0	0.000247934	0	0.333333	0
	0.097	0.00146694	0.000103306	0.423729	0	0.000227273	0	0.333333	0
	0.098	0.00123967	4.13223e-05	0.431034	0	0.000123967	2.06612e-05	0.333333	0
	0.099	0.00123967	0.000103306	0.428571	0	0.000123967	4.13223e-05	0.363636	0
	0.1	0.00119835	2.06612e-05	0.436364	0	0.000123967	0	0.4	0
	0.101	0.00123967	4.13223e-05	0.436364	0	0.000144628	2.06612e-05	0.4	0
	0.102	0.0011157	2.06612e-05	0.444444	0	0.000144628	0	0.444444	0
	0.103	0.00163223	4.13223e-05	0.45283	0	0.000144628	0	0.444444	0
	0.104	0.00154959	2.06612e-05	0.461538	0	0	0	0.444444	0
	0.105	0.00121901	8.26446e-05	0.461538	0	8.26446e-05	2.06612e-05	0.444444	0
	0.106	0.00154959	2.06612e-05	0.461538	0	0.000123967	0	0.444444	0
	0.107	0.00126033	6.19835e-05	0.470588	0	4.13223e-05	0	0.571429	0
	0.108	0.00163223	0.000103306	0.48	0	6.19835e-05	0	0.571429	0
	0.109	0.00140496	4.13223e-05	0.46	0	8.26446e-05	0	0.571429	0
	0.11	0.00134298	6.19835e-05	0.44	0	6.19835e-05	0	0.571429	0
	0.111	0.00126033	4.13223e-05	0.42	0	0	2.06612e-05	0.571429	0
	0.112	0.00121901	0.000123967	0.428571	0	4.13223e-05	0	0.571429	0
	0.113	0.000971074	4.13223e-05	0.446809	0	0.000103306	0	0.428571	0
	0.114	0.00119835	2.06612e-05	0.425532	0	8.26446e-05	0	0.428571	0
	0.115	0.00109504	4.13223e-05	0.404255	0	4.13223e-05	2.06612e-05	0.5	0
	0.116	0.0010124	4.13223e-05	0.404255	0	6.19835e-05	0	0.5	0
	0.117	0.00115702	2.06612e-05	0.391304	0	0.000103306	0	0.5	0
	0.118	0.00113636	0	0.391304	0	4.13223e-05	0	0.6	0
	0.119	0.000929752	2.06612e-05	0.4	0	0.000123967	0	0.6	0
	0.12	0.00119835	0	0.4	0	4.13223e-05	0	0.6	0
	0.121	0.00119835	8.26446e-05	0.418605	0	0	0	0.6	0
	0.122	0.000950413	4.13223e-05	0.418605	0	0	0	0.6	0
	0.123	0.00088843	2.06612e-05	0.418605	0	2.06612e-05	0	0.6	0
	0.124	0.00126033	0	0.418605	0	2.06612e-05	0	0.6	0
	0.125	0.000867769	2.06612e-05	0.439024	0	4.13223e-05	0	0.6	0
	0.126	0.000826446	6.19835e-05	0.45	0	6.19835e-05	0	0.75	0
	0.127	0.00121901	0	0.447368	0	0.000103306	0	0.75	0
	0.128	0.000929752	4.13223e-05	0.432432	0	2.06612e-05	0	0.75	0
	0.129	0.000661157	2.06612e-05	0.432432	0	6.19835e-05	0	0.75	0
	0.13	0.000702479	4.13223e-05	0.444444	0	0.000123967	0	0.75	0
	0.131	0.000557851	4.13223e-05	0.416667	0	4.13223e-05	0	0.75	0
	0.132	0.000743802	2.06612e-05	0.416667	0	0.000123967	0	0.75	0
	0.133	0.000599174	4.13223e-05	0.428571	0	0.000144628	0	0.75	0
	0.134	0.000557851	0	0.441176	0	0.000103306	0	0.75	0
	0.135	0.000661157	0	0.411765	0	2.06612e-05	0	0.75	0
	0.136	0.000681818	2.06612e-05	0.424242	0	0.000103306	0	0.75	0
	0.137	0.000599174	2.06612e-05	0.424242	0	2.06612e-05	0	0.75	0
	0.138	0.000619835	2.06612e-05	0.4375	0	8.26446e-05	0	0.75	0
	0.139	0.000702479	2.06612e-05	0.4375	0	6.19835e-05	0	0.75	0
	0.14	0.000619835	0	0.40625	0	4.13223e-05	0	0.75	0
	0.141	0.000578512	2.06612e-05	0.40625	0	6.19835e-05	0	0.75	0
	0.142	0.000702479	2.06612e-05	0.419355	0	0.000103306	0	0.75	0
	0.143	0.000599174	0	0.419355	0	4.13223e-05	0	0.75	0
	0.144	0.000475207	0	0.433333	0	4.13223e-05	0	0.75	0
	0.145	0.000661157	0	0.433333	0	0.000103306	0	0.75	0
	0.146	0.000495868	0	0.448276	0	6.19835e-05	0	0.75	0
	0.147	0.000599174	4.13223e-05	0.448276	0	2.06612e-05	2.06612e-05	0.75	0
	0.148	0.000557851	0	0.5	0	2.06612e-05	2.06612e-05	0.75	0
	0.149	0.000619835	2.06612e-05	0.5	0	0	0	0.75	0
	0.15	0.00053719	6.19835e-05	0.5	0	6.19835e-05	0	0.75	0
	0.151	0.000433884	0	0.5	0	6.19835e-05	0	0.75	0
	0.152	0.000268595	0	0.5	0	2.06612e-05	0	0.75	0
	0.153	0.000330579	2.06612e-05	0.5	0	0	0	0.75	0
	0.154	0.000371901	0	0.5	0	2.06612e-05	0	0.75	0
	0.155	0.000309917	0	0.5	0	0	0	0.75	0
	0.156	0.000227273	0	0.5	0	0	0	0.75	0
	0.157	0.000371901	0	0.5	0	2.06612e-05	0	0.75	0
	0.158	0.000289256	0	0.52	0	0	0	0.75	0
	0.159	0.000371901	2.06612e-05	0.52	0	0	0	0.75	0
	0.16	0.000371901	0	0.5	0	0	0	0.75	0
	0.161	0.00035124	2.06612e-05	0.5	0	0	0	0.75	0
	0.162	0.000619835	0	0.521739	0	2.06612e-05	0	0.75	0
	0.163	0.000371901	0	0.5	0	0	0	1	0
	0.164	0.00035124	0	0.5	0	0	0	1	0
	0.165	0.000330579	0	0.5	0	0	0	1	0
	0.166	0.00053719	2.06612e-05	0.5	0	0	0	1	0
	0.167	0.000165289	0	0.5	0	0	0	1	0
	0.168	0.000227273	0	0.5	0	0	0	1	0
	0.169	0.000309917	2.06612e-05	0.52381	0	0	0	1	0
	0.17	0.000392562	2.06612e-05	0.52381	0	0	0	1	0
	0.171	0.000289256	0	0.52381	0	0	0	1	0
	0.172	0.000392562	0	0.428571	0	0	0	1	0
	0.173	0.000309917	0	0.45	0	0	0	1	0
	0.174	0.000206612	2.06612e-05	0.473684	0	0	0	1	0
	0.175	0.00018595	2.06612e-05	0.473684	0	0	0	1	0
	0.176	0.000268595	2.06612e-05	0.473684	0	0	0	1	0
	0.177	0.000289256	0	0.473684	0	0	0	1	0
	0.178	0.000330579	0	0.421053	0	0	0	1	0
	0.179	0.000247934	2.06612e-05	0.444444	0	0	0	1	0
	0.18	0.000165289	2.06612e-05	0.444444	0	0	0	1	0
	0.181	0.00018595	2.06612e-05	0.444444	0	0	0	1	0
	0.182	0.000227273	2.06612e-05	0.444444	0	0	0	1	0
	0.183	0.000227273	2.06612e-05	0.444444	0	0	0	1	0
	0.184	0.000392562	2.06612e-05	0.444444	0	0	0	1	0
	0.185	0.000289256	2.06612e-05	0.444444	0	0	0	1	0
	0.186	0.000247934	2.06612e-05	0.470588	0	0	0	1	0
	0.187	0.000330579	2.06612e-05	0.470588	0	0	0	1	0
	0.188	0.000268595	0	0.533333	0	0	0	1	0
	0.189	0.000227273	0	0.533333	0	0	0	1	0
	0.19	0.000330579	0	0.533333	0	0	0	1	0
	0.191	0.000247934	0	0.533333	0	0	0	1	0
	0.192	0.000433884	0	0.533333	0	0	0	1	0
	0.193	0.000330579	0	0.533333	0	0	0	1	0
	0.194	0.000330579	0	0.571429	0	0	0	1	0
	0.195	0.000247934	0	0.571429	0	0	0	1	0
	0.196	0.000371901	0	0.571429	0	0	0	1	0
	0.197	0.000165289	0	0.571429	0	0	0	1	0
	0.198	0.000268595	0	0.571429	0	0	0	1	0
	0.199	0.000392562	0	0.571429	0	0	0	1	0
	0.2	0.000268595	2.06612e-05	0.571429	0	0	0	1	0
	0.201	0.000392562	0	0.571429	0	0	0	1	0
	0.202	0.000227273	0	0.571429	0	0	0	1	0
	0.203	0.000247934	0	0.571429	0	0	0	1	0
	0.204	0.000247934	0	0.571429	0	0	0	1	0
	0.205	0.000206612	2.06612e-05	0.571429	0	0	0	1	0
	0.206	0.00018595	0	0.571429	0	0	0	1	0
	0.207	0.000289256	0	0.571429	0	0	0	1	0
	0.208	0.000309917	0	0.571429	0	0	0	1	0
	0.209	0.000165289	2.06612e-05	0.571429	0	0	2.06612e-05	1	0
	0.21	6.19835e-05	0	0.571429	0	0	0	1	0
	0.211	0.000247934	4.13223e-05	0.571429	0	0	0	1	0
	0.212	0.000144628	0	0.571429	0	0	0	1	0
	0.213	0.000144628	0	0.571429	0	0	0	1	0
	0.214	0.000165289	0	0.571429	0	0	0	1	0
	0.215	0.000144628	2.06612e-05	0.666667	0	0	0	1	0
	0.216	0.000103306	0	0.666667	0	0	0	1	0
	0.217	0.000247934	0	0.666667	0	0	0	1	0
	0.218	8.26446e-05	0	0.727273	0	0	0	1	0
	0.219	0.000123967	0	0.727273	0	0	0	1	0
	0.22	6.19835e-05	0	0.727273	0	0	0	1	0
	0.221	6.19835e-05	0	0.727273	0	2.06612e-05	0	1	0
	0.222	2.06612e-05	2.06612e-05	0.727273	0	2.06612e-05	0	0.666667	0
	0.223	6.19835e-05	0	0.727273	0	0	0	0.666667	0
	0.224	8.26446e-05	0	0.727273	0	0	0	0.666667	0
	0.225	6.19835e-05	0	0.727273	0	0	0	0.666667	0
	0.226	0.000123967	0	0.8	0	0	0	0.666667	0
	0.227	0.000103306	0	0.8	0	0	0	0.666667	0
	0.228	2.06612e-05	2.06612e-05	0.8	0	0	0	0.666667	0
	0.229	2.06612e-05	0	0.8	0	0	0	0.666667	0
	0.23	4.13223e-05	0	0.8	0	2.06612e-05	0	0.666667	0
	0.231	6.19835e-05	0	0.8	0	0	0	0.666667	0
	0.232	4.13223e-05	0	0.8	0	0	0	0.666667	0
	0.233	4.13223e-05	2.06612e-05	0.8	0	0	0	0.666667	0
	0.234	0	0	0.888889	0	4.13223e-05	0	0.666667	0
	0.235	0	0	0.888889	0	0	0	0.666667	0
	0.236	0	2.06612e-05	0.888889	0	2.06612e-05	0	0.666667	0
	0.237	0	0	0.888889	0	4.13223e-05	0	0.666667	0
	0.238	0	2.06612e-05	0.888889	0	0	0	0.666667	0
	0.239	4.13223e-05	0	0.888889	0	0	0	0.666667	0
	0.24	0	0	0.777778	0	0	0	0.666667	0
	0.241	2.06612e-05	0	0.777778	0	6.19835e-05	0	0.666667	0
	0.242	2.06612e-05	0	0.777778	0	6.19835e-05	0	0.666667	0
	0.243	0	2.06612e-05	0.777778	0	2.06612e-05	0	0.666667	0
	0.244	4.13223e-05	0	0.777778	0	8.26446e-05	0	0.666667	0
	0.245	2.06612e-05	0	0.777778	0	6.19835e-05	0	0.666667	0
	0.246	2.06612e-05	0	0.777778	0	2.06612e-05	0	0.666667	0
	0.247	2.06612e-05	0	0.777778	0	6.19835e-05	0	0.666667	0
	0.248	6.19835e-05	0	0.777778	0	8.26446e-05	0	0.666667	0
	0.249	0	0	0.777778	0	0	0	0.666667	0
	0.25	2.06612e-05	0	0.777778	0	6.19835e-05	0	0.666667	0
	0.251	4.13223e-05	0	0.875	0	6.19835e-05	0	0.666667	0
	0.252	4.13223e-05	0	0.875	0	4.13223e-05	0	0.666667	0
	0.253	0	0	0.875	0	2.06612e-05	0	0.666667	0
	0.254	6.19835e-05	0	0.875	0	0.000123967	0	0.666667	0
	0.255	2.06612e-05	0	0.875	0	2.06612e-05	0	0.666667	0
	0.256	0	0	0.875	0	8.26446e-05	0	0.666667	0
	0.257	8.26446e-05	0	0.875	0	4.13223e-05	0	0.666667	0
	0.258	0.000103306	0	0.875	0	6.19835e-05	0	0.666667	0
	0.259	8.26446e-05	0	0.875	0	0.000123967	0	0.666667	0
	0.26	0	0	0.875	0	0.000103306	0	0.666667	0
	0.261	2.06612e-05	0	0.875	0	2.06612e-05	0	0.666667	0
	0.262	6.19835e-05	2.06612e-05	0.875	0	6.19835e-05	0	0.666667	0
	0.263	6.19835e-05	0	0.875	0	8.26446e-05	0	0.666667	0
	0.264	6.19835e-05	0	0.875	0	2.06612e-05	0	0.666667	0
	0.265	2.06612e-05	0	0.875	0	2.06612e-05	0	0.666667	0
	0.266	8.26446e-05	0	0.875	0	4.13223e-05	0	0.666667	0
	0.267	0.000103306	0	0.875	0	2.06612e-05	0	0.666667	0
	0.268	2.06612e-05	0	0.875	0	8.26446e-05	0	0.666667	0
	0.269	6.19835e-05	0	0.875	0	4.13223e-05	0	0.666667	0
	0.27	0.000103306	0	0.875	0	2.06612e-05	0	0.666667	0
	0.271	2.06612e-05	0	0.875	0	4.13223e-05	0	0.666667	0
	0.272	0	0	0.875	0	6.19835e-05	0	0.666667	0
	0.273	8.26446e-05	0	0.875	0	4.13223e-05	0	0.666667	0
	0.274	2.06612e-05	0	0.875	0	2.06612e-05	0	0.666667	0
	0.275	0	0	0.875	0	2.06612e-05	0	0.666667	0
	0.276	2.06612e-05	0	0.875	0	6.19835e-05	0	0.666667	0
	0.277	6.19835e-05	0	0.875	0	0	0	0.666667	0
	0.278	0.000103306	0	0.875	0	0	0	0.666667	0
	0.279	6.19835e-05	0	0.875	0	0	0	0.666667	0
	0.28	0.000123967	0	0.875	0	2.06612e-05	0	0.666667	0
	0.281	2.06612e-05	0	0.875	0	0	0	0.333333	0
	0.282	4.13223e-05	0	0.875	0	2.06612e-05	0	0.333333	0
	0.283	2.06612e-05	0	0.875	0	0	0	0.333333	0
	0.284	4.13223e-05	0	0.875	0	4.13223e-05	0	0.333333	0
	0.285	4.13223e-05	0	0.875	0	4.13223e-05	0	0.333333	0
	0.286	2.06612e-05	0	0.875	0	4.13223e-05	0	0.333333	0
	0.287	2.06612e-05	0	0.875	0	2.06612e-05	0	0.333333	0
	0.288	2.06612e-05	0	0.875	0	2.06612e-05	0	0.333333	0
	0.289	0	0	0.875	0	4.13223e-05	0	0.333333	0
	0.29	0	0	0.875	0	6.19835e-05	0	0	0
	0.291	0	0	0.875	0	8.26446e-05	0	0	0
	0.292	0	0	0.875	0	4.13223e-05	0	0	0
	0.293	2.06612e-05	0	0.875	0	0.000123967	0	0	0
	0.294	0	0	0.875	0	6.19835e-05	0	0	0
	0.295	2.06612e-05	0	0.875	0	4.13223e-05	0	0	0
	0.296	0	0	0.875	0	8.26446e-05	0	0	0
	0.297	0	0	0.875	0	6.19835e-05	0	0	0
	0.298	0	0	0.875	0	8.26446e-05	0	0	0
	0.299	2.06612e-05	0	0.875	0	6.19835e-05	0	0	0
	0.3	0	0	0.875	0	6.19835e-05	0	0	0
	0.301	2.06612e-05	0	0.875	0	0.000103306	0	0	0
	0.302	2.06612e-05	0	0.875	0	0	0	0	0
	0.303	2.06612e-05	0	0.875	0	4.13223e-05	0	0	0
	0.304	2.06612e-05	0	0.875	0	0.000123967	0	0	0
	0.305	0	0	1	0	4.13223e-05	0	0	0
	0.306	0	0	1	0	0.000165289	0	0	0
	0.307	0	0	1	0	0.000103306	0	0	0
	0.308	0	0	1	0	8.26446e-05	0	0	0
	0.309	0	0	1	0	0	0	0	0
	0.31	0	0	1	0	6.19835e-05	0	0	0
	0.311	0	0	1	0	0.000144628	0	0	0
	0.312	0	0	1	0	6.19835e-05	0	0	0
	0.313	2.06612e-05	0	1	0	8.26446e-05	0	0	0
	0.314	0	0	0.857143	0	0.000165289	0	0	0
	0.315	0	0	0.857143	0	2.06612e-05	0	0	0
	0.316	0	0	0.857143	0	0.000144628	0	0	0
	0.317	0	0	0.857143	0	2.06612e-05	0	0	0
	0.318	0	0	0.857143	0	0.000103306	0	0	0
	0.319	0	0	0.857143	0	2.06612e-05	0	0	0
	0.32	0	2.06612e-05	0.857143	0	0.000103306	0	0	0
	0.321	0	0	0.857143	0	0.000165289	0	0	0
	0.322	2.06612e-05	0	0.857143	0	8.26446e-05	0	0	0
	0.323	0	0	0.857143	0	4.13223e-05	0	0	0
	0.324	0	0	0.857143	0	8.26446e-05	0	0	0
	0.325	0	0	0.857143	0	0.000123967	0	0	0
	0.326	0	0	0.857143	0	8.26446e-05	0	0	0
	0.327	0	0	0.857143	0	6.19835e-05	0	0	0
	0.328	0	0	0.857143	0	8.26446e-05	0	0	0
	0.329	2.06612e-05	0	0.857143	0	6.19835e-05	0	0	0
	0.33	6.19835e-05	0	0.857143	0	4.13223e-05	0	0	0
	0.331	2.06612e-05	0	0.857143	0	8.26446e-05	0	0	0
	0.332	0	0	0.857143	0	2.06612e-05	0	0	0
	0.333	2.06612e-05	0	0.857143	0	4.13223e-05	0	0	0
	0.334	2.06612e-05	0	0.857143	0	6.19835e-05	0	0	0
	0.335	2.06612e-05	0	0.857143	0	0.000103306	0	0	0
	0.336	2.06612e-05	0	0.857143	0	4.13223e-05	0	0	0
	0.337	6.19835e-05	0	0.857143	0	6.19835e-05	0	0	0
	0.338	2.06612e-05	0	0.857143	0	2.06612e-05	0	0	0
	0.339	4.13223e-05	0	0.857143	0	2.06612e-05	0	0	0
	0.34	2.06612e-05	0	0.857143	0	2.06612e-05	0	0	0
	0.341	2.06612e-05	0	0.857143	0	2.06612e-05	0	0	0
	0.342	4.13223e-05	0	0.857143	0	2.06612e-05	0	0	0
	0.343	4.13223e-05	0	0.857143	0	0	0	0	0
	0.344	0	0	0.857143	0	2.06612e-05	0	0	0
	0.345	0	0	0.857143	0	4.13223e-05	0	0	0
	0.346	4.13223e-05	0	0.857143	0	0	0	0	0
	0.347	2.06612e-05	0	0.857143	0	2.06612e-05	0	0	0
	0.348	4.13223e-05	0	0.857143	0	0	0	0	0
	0.349	2.06612e-05	0	0.857143	0	0	0	0	0
	0.35	4.13223e-05	0	0.857143	0	2.06612e-05	0	0	0
	0.351	6.19835e-05	0	0.714286	0	2.06612e-05	0	0	0
	0.352	6.19835e-05	0	0.714286	0	0	0	0	0
	0.353	8.26446e-05	0	0.714286	0	0	0	0	0
	0.354	2.06612e-05	0	0.714286	0	4.13223e-05	0	0	0
	0.355	4.13223e-05	0	0.714286	0	2.06612e-05	0	0	0
	0.356	4.13223e-05	0	0.714286	0	0	0	0	0
	0.357	2.06612e-05	0	0.714286	0	0	0	0	0
	0.358	6.19835e-05	0	0.714286	0	0	0	0	0
	0.359	0.000123967	0	0.714286	0	0	0	0	0
	0.36	0	0	0.714286	0	0	0	0	0
	0.361	6.19835e-05	0	0.714286	0	2.06612e-05	0	0	0
	0.362	0.000123967	0	0.714286	0	0	0	0	0
	0.363	6.19835e-05	0	0.571429	0	0	0	0	0
	0.364	6.19835e-05	0	0.571429	0	0	0	0	0
	0.365	0.000103306	0	0.571429	0	0	0	0	0
	0.366	6.19835e-05	0	0.571429	0	2.06612e-05	0	0	0
	0.367	8.26446e-05	0	0.571429	0	0	0	0	0
	0.368	0.000123967	0	0.571429	0	0	0	0	0
	0.369	0.000144628	0	0.571429	0	0	0	0	0
	0.37	6.19835e-05	0	0.571429	0	0	0	0	0
	0.371	6.19835e-05	0	0.571429	0	0	0	0	0
	0.372	0.000103306	0	0.571429	0	0	0	0	0
	0.373	0.000123967	0	0.571429	0	0	0	0	0
	0.374	8.26446e-05	0	0.571429	0	0	0	0	0
	0.375	6.19835e-05	0	0.571429	0	0	0	0	0
	0.376	4.13223e-05	0	0.571429	0	0	0	0	0
	0.377	2.06612e-05	0	0.571429	0	0	0	0	0
	0.378	2.06612e-05	0	0.571429	0	0	0	0	0
	0.379	6.19835e-05	0	0.571429	0	0	0	0	0
	0.38	6.19835e-05	0	0.571429	0	0	0	0	0
	0.381	0.000103306	0	0.571429	0	0	0	0	0
	0.382	8.26446e-05	0	0.571429	0	0	0	0	0
	0.383	0.000103306	0	0.571429	0	0	0	0	0
	0.384	6.19835e-05	0	0.571429	0	0	0	0	0
	0.385	6.19835e-05	0	0.428571	0	0	0	0	0
	0.386	0.000103306	0	0.428571	0	0	0	0	0
	0.387	4.13223e-05	0	0.428571	0	0	0	0	0
	0.388	0.000103306	0	0.428571	0	0	0	0	0
	0.389	6.19835e-05	0	0.428571	0	0	0	0	0
	0.39	0.000165289	0	0.428571	0	0	0	0	0
	0.391	2.06612e-05	0	0.428571	0	0	0	0	0
	0.392	4.13223e-05	0	0.428571	0	0	0	0	0
	0.393	0.000103306	0	0.428571	0	0	0	0	0
	0.394	8.26446e-05	0	0.5	0	0	0	0	0
	0.395	2.06612e-05	0	0.5	0	0	0	0	0
	0.396	0.000103306	0	0.5	0	0	0	0	0
	0.397	6.19835e-05	0	0.5	0	0	0	0	0
	0.398	0.000103306	0	0.5	0	0	0	0	0
	0.399	4.13223e-05	0	0.333333	0	0	0	0	0
	0.4	4.13223e-05	0	0.333333	0	0	0	0	0
	0.401	0.000123967	0	0.333333	0	0	0	0	0
	0.402	8.26446e-05	0	0.333333	0	0	0	0	0
	0.403	0.000103306	0	0.333333	0	0	0	0	0
	0.404	0.000103306	0	0.333333	0	0	0	0	0
	0.405	0.000123967	0	0.333333	0	0	0	0	0
	0.406	6.19835e-05	0	0.333333	0	0	0	0	0
	0.407	8.26446e-05	0	0.333333	0	0	0	0	0
	0.408	4.13223e-05	0	0.333333	0	0	0	0	0
	0.409	0.000165289	0	0.333333	0	0	0	0	0
	0.41	6.19835e-05	0	0.333333	0	0	0	0	0
	0.411	0.00018595	0	0.333333	0	0	0	0	0
	0.412	4.13223e-05	0	0.333333	0	0	0	0	0
	0.413	0.00018595	0	0.333333	0	0	0	0	0
	0.414	0.000309917	0	0.333333	0	0	0	0	0
	0.415	8.26446e-05	0	0.333333	0	0	0	0	0
	0.416	0.000144628	0	0.333333	0	0	0	0	0
	0.417	0.000227273	0	0.333333	0	0	0	0	0
	0.418	0.000123967	0	0.333333	0	0	0	0	0
	0.419	4.13223e-05	0	0.333333	0	0	0	0	0
	0.42	0.00018595	0	0.333333	0	0	0	0	0
	0.421	6.19835e-05	0	0.333333	0	0	0	0	0
	0.422	0.00018595	0	0.333333	0	0	0	0	0
	0.423	0.000103306	0	0.333333	0	0	0	0	0
	0.424	8.26446e-05	0	0.333333	0	0	0	0	0
	0.425	0.000103306	0	0.333333	0	0	0	0	0
	0.426	0.000165289	0	0.166667	0	0	0	0	0
	0.427	4.13223e-05	0	0.166667	0	0	0	0	0
	0.428	0.000247934	0	0.166667	0	0	0	0	0
	0.429	0.000123967	0	0.166667	0	0	0	0	0
	0.43	0.000123967	0	0.166667	0	0	0	0	0
	0.431	0.000103306	0	0.166667	0	0	0	0	0
	0.432	0.000123967	0	0.166667	0	0	0	0	0
	0.433	0.000165289	0	0.166667	0	0	0	0	0
	0.434	8.26446e-05	0	0.166667	0	0	0	0	0
	0.435	6.19835e-05	0	0.2	0	0	0	0	0
	0.436	0.000103306	0	0.2	0	0	0	0	0
	0.437	0.000144628	0	0.2	0	0	0	0	0
	0.438	8.26446e-05	0	0.2	0	0	0	0	0
	0.439	8.26446e-05	0	0.2	0	0	0	0	0
	0.44	8.26446e-05	0	0.2	0	0	0	0	0
	0.441	0.000165289	0	0.2	0	0	0	0	0
	0.442	0.000103306	0	0.2	0	0	0	0	0
	0.443	0.000206612	0	0.2	0	0	0	0	0
	0.444	0.000103306	0	0.2	0	0	0	0	0
	0.445	0.000144628	0	0.2	0	0	0	0	0
	0.446	0.000103306	0	0.2	0	0	0	0	0
	0.447	0.000165289	0	0.2	0	0	0	0	0
	0.448	8.26446e-05	0	0.2	0	0	0	0	0
	0.449	0.000247934	0	0.2	0	0	0	0	0
	0.45	6.19835e-05	0	0.2	0	0	0	0	0
	0.451	0.000165289	0	0.2	0	0	0	0	0
	0.452	0.000103306	0	0.2	0	0	0	0	0
	0.453	6.19835e-05	0	0.2	0	0	0	0	0
	0.454	6.19835e-05	0	0.25	0	0	0	0	0
	0.455	0.000103306	0	0.25	0	0	0	0	0
	0.456	0.000165289	0	0.25	0	0	0	0	0
	0.457	6.19835e-05	0	0.25	0	0	0	0	0
	0.458	4.13223e-05	0	0.25	0	0	0	0	0
	0.459	6.19835e-05	0	0.25	0	0	0	0	0
	0.46	4.13223e-05	0	0.25	0	0	0	0	0
	0.461	8.26446e-05	0	0.25	0	0	0	0	0
	0.462	0.000123967	0	0.25	0	0	0	0	0
	0.463	0	0	0.25	0	0	0	0	0
	0.464	0.000103306	0	0.25	0	0	0	0	0
	0.465	2.06612e-05	0	0.25	0	0	0	0	0
	0.466	8.26446e-05	0	0.25	0	0	0	0	0
	0.467	4.13223e-05	0	0.25	0	0	0	0	0
	0.468	6.19835e-05	0	0.25	0	0	0	0	0
	0.469	6.19835e-05	0	0.25	0	0	0	0	0
	0.47	6.19835e-05	0	0.25	0	0	0	0	0
	0.471	6.19835e-05	0	0.25	0	0	0	0	0
	0.472	2.06612e-05	0	0.333333	0	0	0	0	0
	0.473	0	0	0.333333	0	0	0	0	0
	0.474	6.19835e-05	0	0.333333	0	0	0	0	0
	0.475	6.19835e-05	0	0.5	0	0	0	0	0
	0.476	0	0	0.5	0	0	0	0	0
	0.477	4.13223e-05	0	0.5	0	0	0	0	0
	0.478	2.06612e-05	0	0.5	0	0	0	0	0
	0.479	4.13223e-05	0	0.5	0	0	0	0	0
	0.48	2.06612e-05	0	0.5	0	0	0	0	0
	0.481	0	0	0.5	0	0	0	0	0
	0.482	2.06612e-05	0	0.5	0	0	0	0	0
	0.483	2.06612e-05	0	0.5	0	0	0	0	0
	0.484	0	0	0.5	0	0	0	0	0
	0.485	4.13223e-05	0	0.5	0	0	0	0	0
	0.486	2.06612e-05	0	0.5	0	0	0	0	0
	0.487	0	0	0.5	0	0	0	0	0
	0.488	2.06612e-05	0	0.5	0	0	0	0	0
	0.489	0	0	0.5	0	0	0	0	0
	0.49	2.06612e-05	0	0.5	0	0	0	0	0
	0.491	0	0	0.5	0	0	0	0	0
	0.492	0	0	0.5	0	0	0	0	0
	0.493	2.06612e-05	0	0.5	0	0	0	0	0
	0.494	2.06612e-05	0	0.5	0	0	0	0	0
	0.495	0	0	0.5	0	0	0	0	0
	0.496	0	0	0.5	0	0	0	0	0
	0.497	2.06612e-05	0	0.5	0	0	0	0	0
	0.498	0	0	0.5	0	0	0	0	0
	0.499	0	0	0.5	0	0	0	0	0
	0.5	0	0	0.5	0	0	0	0	0
	0.501	0	0	0.5	0	0	0	0	0
	0.502	0	0	0.5	0	0	0	0	0
	0.503	2.06612e-05	0	0.5	0	0	0	0	0
	0.504	0	0	1	0	0	0	0	0
	0.505	0	0	1	0	0	0	0	0
	0.506	2.06612e-05	0	1	0	0	0	0	0
	0.507	0	0	0	0	0	0	0	0
	0.508	0	0	0	0	0	0	0	0
	0.509	0	0	0	0	0	0	0	0
	0.51	2.06612e-05	0	0	0	0	0	0	0
	0.511	0	0	0	0	0	0	0	0
	0.512	0	0	0	0	0	0	0	0
	0.513	0	0	0	0	0	0	0	0
	0.514	0	0	0	0	0	0	0	0
	0.515	0	0	0	0	0	0	0	0
	0.516	0	0	0	0	0	0	0	0
	0.517	4.13223e-05	0	0	0	0	0	0	0
	0.518	2.06612e-05	0	0	0	0	0	0	0
	0.519	2.06612e-05	0	0	0	0	0	0	0
	0.52	0	0	0	0	0	0	0	0
	0.521	4.13223e-05	0	0	0	0	0	0	0
	0.522	0	0	0	0	0	0	0	0
	0.523	0	0	0	0	0	0	0	0
	0.524	4.13223e-05	0	0	0	0	0	0	0
	0.525	0	0	0	0	0	0	0	0
	0.526	2.06612e-05	0	0	0	0	0	0	0
	0.527	0	0	0	0	0	0	0	0
	0.528	0	0	0	0	0	0	0	0
	0.529	0	0	0	0	0	0	0	0
	0.53	0	0	0	0	0	0	0	0
	0.531	0	0	0	0	0	0	0	0
	0.532	2.06612e-05	0	0	0	0	0	0	0
	0.533	0	0	0	0	0	0	0	0
	0.534	0	0	0	0	0	0	0	0
	0.535	2.06612e-05	0	0	0	0	0	0	0
	0.536	4.13223e-05	0	0	0	0	0	0	0
	0.537	8.26446e-05	0	0	0	0	0	0	0
	0.538	4.13223e-05	0	0	0	0	0	0	0
	0.539	8.26446e-05	0	0	0	0	0	0	0
	0.54	0.000103306	0	0	0	0	0	0	0
	0.541	2.06612e-05	0	0	0	0	0	0	0
	0.542	8.26446e-05	0	0	0	0	0	0	0
	0.543	4.13223e-05	0	0	0	0	0	0	0
	0.544	0	0	0	0	0	0	0	0
	0.545	2.06612e-05	0	0	0	0	0	0	0
	0.546	6.19835e-05	0	0	0	0	0	0	0
	0.547	4.13223e-05	0	0	0	0	0	0	0
	0.548	4.13223e-05	0	0	0	0	0	0	0
	0.549	6.19835e-05	0	0	0	0	0	0	0
	0.55	2.06612e-05	0	0	0	0	0	0	0
	0.551	2.06612e-05	0	0	0	0	0	0	0
	0.552	4.13223e-05	0	0	0	0	0	0	0
	0.553	4.13223e-05	0	0	0	0	0	0	0
	0.554	6.19835e-05	0	0	0	0	0	0	0
	0.555	2.06612e-05	0	0	0	0	0	0	0
	0.556	4.13223e-05	0	0	0	0	0	0	0
	0.557	4.13223e-05	0	0	0	0	0	0	0
	0.558	0.000123967	0	0	0	0	0	0	0
	0.559	2.06612e-05	0	0	0	0	0	0	0
	0.56	6.19835e-05	0	0	0	0	0	0	0
	0.561	4.13223e-05	0	0	0	0	0	0	0
	0.562	2.06612e-05	0	0	0	0	0	0	0
	0.563	2.06612e-05	0	0	0	0	0	0	0
	0.564	0	0	0	0	0	0	0	0
	0.565	8.26446e-05	0	0	0	0	0	0	0
	0.566	4.13223e-05	0	0	0	0	0	0	0
	0.567	6.19835e-05	0	0	0	0	0	0	0
	0.568	4.13223e-05	0	0	0	0	0	0	0
	0.569	2.06612e-05	0	0	0	0	0	0	0
	0.57	0	0	0	0	0	0	0	0
	0.571	2.06612e-05	0	0	0	0	0	0	0
	0.572	6.19835e-05	0	0	0	0	0	0	0
	0.573	0	0	0	0	0	0	0	0
	0.574	2.06612e-05	0	0	0	0	0	0	0
	0.575	2.06612e-05	0	0	0	0	0	0	0
	0.576	0	0	0	0	0	0	0	0
	0.577	4.13223e-05	0	0	0	0	0	0	0
	0.578	0	0	0	0	0	0	0	0
	0.579	0	0	0	0	0	0	0	0
	0.58	2.06612e-05	0	0	0	0	0	0	0
	0.581	2.06612e-05	0	0	0	0	0	0	0
	0.582	0	0	0	0	0	0	0	0
	0.583	0	0	0	0	0	0	0	0
	0.584	0	0	0	0	0	0	0	0
	0.585	0	0	0	0	0	0	0	0
	0.586	2.06612e-05	0	0	0	0	0	0	0
	0.587	0	0	0	0	0	0	0	0
	0.588	0	0	0	0	0	0	0	0
	0.589	0	0	0	0	0	0	0	0
	0.59	0	0	0	0	0	0	0	0
	0.591	2.06612e-05	0	0	0	0	0	0	0
	0.592	0	0	0	0	0	0	0	0
	0.593	0	0	0	0	0	0	0	0
	0.594	0	0	0	0	0	0	0	0
	0.595	0	0	0	0	0	0	0	0
	0.596	0	0	0	0	0	0	0	0
	0.597	0	0	0	0	0	0	0	0
	0.598	0	0	0	0	0	0	0	0
	0.599	0	0	0	0	0	0	0	0
	0.6	0	0	0	0	0	0	0	0
	0.601	0	0	0	0	0	0	0	0
	0.602	0	0	0	0	0	0	0	0
	0.603	0	0	0	0	0	0	0	0
	0.604	0	0	0	0	0	0	0	0
	0.605	0	0	0	0	0	0	0	0
	0.606	0	0	0	0	0	0	0	0
	0.607	0	0	0	0	0	0	0	0
	0.608	0	0	0	0	0	0	0	0
	0.609	0	0	0	0	0	0	0	0
	0.61	0	0	0	0	0	0	0	0
	0.611	0	0	0	0	0	0	0	0
	0.612	0	0	0	0	0	0	0	0
	0.613	0	0	0	0	0	0	0	0
	0.614	0	0	0	0	0	0	0	0
	0.615	0	0	0	0	0	0	0	0
	0.616	0	0	0	0	0	0	0	0
	0.617	0	0	0	0	0	0	0	0
	0.618	0	0	0	0	0	0	0	0
	0.619	0	0	0	0	0	0	0	0
	0.62	0	0	0	0	0	0	0	0
	0.621	0	0	0	0	0	0	0	0
	0.622	0	0	0	0	0	0	0	0
	0.623	0	0	0	0	0	0	0	0
	0.624	0	0	0	0	0	0	0	0
	0.625	0	0	0	0	0	0	0	0
	0.626	0	0	0	0	0	0	0	0
	0.627	0	0	0	0	0	0	0	0
	0.628	0	0	0	0	0	0	0	0
	0.629	0	0	0	0	0	0	0	0
	0.63	0	0	0	0	0	0	0	0
	0.631	0	0	0	0	0	0	0	0
	0.632	0	0	0	0	0	0	0	0
	0.633	0	0	0	0	0	0	0	0
	0.634	0	0	0	0	0	0	0	0
	0.635	0	0	0	0	0	0	0	0
	0.636	0	0	0	0	0	0	0	0
	0.637	0	0	0	0	0	0	0	0
	0.638	0	0	0	0	0	0	0	0
	0.639	0	0	0	0	0	0	0	0
	0.64	0	0	0	0	0	0	0	0
	0.641	0	0	0	0	0	0	0	0
	0.642	0	0	0	0	0	0	0	0
	0.643	0	0	0	0	0	0	0	0
	0.644	0	0	0	0	0	0	0	0
	0.645	0	0	0	0	0	0	0	0
	0.646	0	0	0	0	0	0	0	0
	0.647	0	0	0	0	0	0	0	0
	0.648	0	0	0	0	0	0	0	0
	0.649	0	0	0	0	0	0	0	0
	0.65	0	0	0	0	0	0	0	0
	0.651	0	0	0	0	0	0	0	0
	0.652	0	0	0	0	0	0	0	0
	0.653	0	0	0	0	0	0	0	0
	0.654	0	0	0	0	0	0	0	0
	0.655	0	0	0	0	0	0	0	0
	0.656	0	0	0	0	0	0	0	0
	0.657	0	0	0	0	0	0	0	0
	0.658	0	0	0	0	0	0	0	0
	0.659	0	0	0	0	0	0	0	0
	0.66	0	0	0	0	0	0	0	0
	0.661	0	0	0	0	0	0	0	0
	0.662	0	0	0	0	0	0	0	0
	0.663	0	0	0	0	0	0	0	0
	0.664	0	0	0	0	0	0	0	0
	0.665	0	0	0	0	0	0	0	0
	0.666	0	0	0	0	0	0	0	0
	0.667	0	0	0	0	0	0	0	0
	0.668	0	0	0	0	0	0	0	0
	0.669	0	0	0	0	0	0	0	0
	0.67	0	0	0	0	0	0	0	0
	0.671	0	0	0	0	0	0	0	0
	0.672	0	0	0	0	0	0	0	0
	0.673	0	0	0	0	0	0	0	0
	0.674	0	0	0	0	0	0	0	0
	0.675	0	0	0	0	0	0	0	0
	0.676	0	0	0	0	0	0	0	0
	0.677	0	0	0	0	0	0	0	0
	0.678	0	0	0	0	0	0	0	0
	0.679	0	0	0	0	0	0	0	0
	0.68	0	0	0	0	0	0	0	0
	0.681	0	0	0	0	0	0	0	0
	0.682	0	0	0	0	0	0	0	0
	0.683	0	0	0	0	0	0	0	0
	0.684	0	0	0	0	0	0	0	0
	0.685	0	0	0	0	0	0	0	0
	0.686	0	0	0	0	0	0	0	0
	0.687	0	0	0	0	0	0	0	0
	0.688	0	0	0	0	0	0	0	0
	0.689	0	0	0	0	0	0	0	0
	0.69	0	0	0	0	0	0	0	0
	0.691	0	0	0	0	0	0	0	0
	0.692	0	0	0	0	0	0	0	0
	0.693	0	0	0	0	0	0	0	0
	0.694	0	0	0	0	0	0	0	0
	0.695	0	0	0	0	0	0	0	0
	0.696	0	0	0	0	0	0	0	0
	0.697	0	0	0	0	0	0	0	0
	0.698	0	0	0	0	0	0	0	0
	0.699	0	0	0	0	0	0	0	0
	0.7	0	0	0	0	0	0	0	0
	0.701	0	0	0	0	0	0	0	0
	0.702	0	0	0	0	0	0	0	0
	0.703	0	0	0	0	0	0	0	0
	0.704	0	0	0	0	0	0	0	0
	0.705	0	0	0	0	0	0	0	0
	0.706	0	0	0	0	0	0	0	0
	0.707	0	0	0	0	0	0	0	0
	0.708	0	0	0	0	0	0	0	0
	0.709	0	0	0	0	0	0	0	0
	0.71	0	0	0	0	0	0	0	0
	0.711	0	0	0	0	0	0	0	0
	0.712	0	0	0	0	0	0	0	0
	0.713	0	0	0	0	0	0	0	0
	0.714	0	0	0	0	0	0	0	0
	0.715	0	0	0	0	0	0	0	0
	0.716	0	0	0	0	0	0	0	0
	0.717	0	0	0	0	0	0	0	0
	0.718	0	0	0	0	0	0	0	0
	0.719	0	0	0	0	0	0	0	0
	0.72	0	0	0	0	0	0	0	0
	0.721	0	0	0	0	0	0	0	0
	0.722	0	0	0	0	0	0	0	0
	0.723	0	0	0	0	0	0	0	0
	0.724	0	0	0	0	0	0	0	0
	0.725	0	0	0	0	0	0	0	0
	0.726	0	0	0	0	0	0	0	0
	0.727	0	0	0	0	0	0	0	0
	0.728	0	0	0	0	0	0	0	0
	0.729	0	0	0	0	0	0	0	0
	0.73	0	0	0	0	0	0	0	0
	0.731	0	0	0	0	0	0	0	0
	0.732	0	0	0	0	0	0	0	0
	0.733	0	0	0	0	0	0	0	0
	0.734	0	0	0	0	0	0	0	0
	0.735	0	0	0	0	0	0	0	0
	0.736	0	0	0	0	0	0	0	0
	0.737	0	0	0	0	0	0	0	0
	0.738	0	0	0	0	0	0	0	0
	0.739	0	0	0	0	0	0	0	0
	0.74	0	0	0	0	0	0	0	0
	0.741	0	0	0	0	0	0	0	0
	0.742	0	0	0	0	0	0	0	0
	0.743	0	0	0	0	0	0	0	0
	0.744	0	0	0	0	0	0	0	0
	0.745	0	0	0	0	0	0	0	0
	0.746	0	0	0	0	0	0	0	0
	0.747	0	0	0	0	0	0	0	0
	0.748	0	0	0	0	0	0	0	0
	0.749	0	0	0	0	0	0	0	0
	0.75	0	0	0	0	0	0	0	0
	0.751	0	0	0	0	0	0	0	0
	0.752	0	0	0	0	0	0	0	0
	0.753	0	0	0	0	0	0	0	0
	0.754	0	0	0	0	0	0	0	0
	0.755	0	0	0	0	0	0	0	0
	0.756	0	0	0	0	0	0	0	0
	0.757	0	0	0	0	0	0	0	0
	0.758	0	0	0	0	0	0	0	0
	0.759	0	0	0	0	0	0	0	0
	0.76	0	0	0	0	0	0	0	0
	0.761	0	0	0	0	0	0	0	0
	0.762	0	0	0	0	0	0	0	0
	0.763	0	0	0	0	0	0	0	0
	0.764	0	0	0	0	0	0	0	0
	0.765	0	0	0	0	0	0	0	0
	0.766	0	0	0	0	0	0	0	0
	0.767	0	0	0	0	0	0	0	0
	0.768	0	0	0	0	0	0	0	0
	0.769	0	0	0	0	0	0	0	0
	0.77	0	0	0	0	0	0	0	0
	0.771	0	0	0	0	0	0	0	0
	0.772	0	0	0	0	0	0	0	0
	0.773	0	0	0	0	0	0	0	0
	0.774	0	0	0	0	0	0	0	0
	0.775	0	0	0	0	0	0	0	0
	0.776	0	0	0	0	0	0	0	0
	0.777	0	0	0	0	0	0	0	0
	0.778	0	0	0	0	0	0	0	0
	0.779	0	0	0	0	0	0	0	0
	0.78	0	0	0	0	0	0	0	0
	0.781	0	0	0	0	0	0	0	0
	0.782	0	0	0	0	0	0	0	0
	0.783	0	0	0	0	0	0	0	0
	0.784	0	0	0	0	0	0	0	0
	0.785	0	0	0	0	0	0	0	0
	0.786	0	0	0	0	0	0	0	0
	0.787	0	0	0	0	0	0	0	0
	0.788	0	0	0	0	0	0	0	0
	0.789	0	0	0	0	0	0	0	0
	0.79	0	0	0	0	0	0	0	0
	0.791	0	0	0	0	0	0	0	0
	0.792	0	0	0	0	0	0	0	0
	0.793	0	0	0	0	0	0	0	0
	0.794	0	0	0	0	0	0	0	0
	0.795	0	0	0	0	0	0	0	0
	0.796	0	0	0	0	0	0	0	0
	0.797	0	0	0	0	0	0	0	0
	0.798	0	0	0	0	0	0	0	0
	0.799	0	0	0	0	0	0	0	0
	0.8	0	0	0	0	0	0	0	0
	0.801	0	0	0	0	0	0	0	0
	0.802	0	0	0	0	0	0	0	0
	0.803	0	0	0	0	0	0	0	0
	0.804	0	0	0	0	0	0	0	0
	0.805	0	0	0	0	0	0	0	0
	0.806	0	0	0	0	0	0	0	0
	0.807	0	0	0	0	0	0	0	0
	0.808	0	0	0	0	0	0	0	0
	0.809	0	0	0	0	0	0	0	0
	0.81	0	0	0	0	0	0	0	0
	0.811	0	0	0	0	0	0	0	0
	0.812	0	0	0	0	0	0	0	0
	0.813	0	0	0	0	0	0	0	0
	0.814	0	0	0	0	0	0	0	0
	0.815	0	0	0	0	0	0	0	0
	0.816	0	0	0	0	0	0	0	0
	0.817	0	0	0	0	0	0	0	0
	0.818	0	0	0	0	0	0	0	0
	0.819	0	0	0	0	0	0	0	0
	0.82	0	0	0	0	0	0	0	0
	0.821	0	0	0	0	0	0	0	0
	0.822	0	0	0	0	0	0	0	0
	0.823	0	0	0	0	0	0	0	0
	0.824	0	0	0	0	0	0	0	0
	0.825	0	0	0	0	0	0	0	0
	0.826	0	0	0	0	0	0	0	0
	0.827	0	0	0	0	0	0	0	0
	0.828	0	0	0	0	0	0	0	0
	0.829	0	0	0	0	0	0	0	0
	0.83	0	0	0	0	0	0	0	0
	0.831	0	0	0	0	0	0	0	0
	0.832	0	0	0	0	0	0	0	0
	0.833	0	0	0	0	0	0	0	0
	0.834	0	0	0	0	0	0	0	0
	0.835	0	0	0	0	0	0	0	0
	0.836	0	0	0	0	0	0	0	0
	0.837	0	0	0	0	0	0	0	0
	0.838	0	0	0	0	0	0	0	0
	0.839	0	0	0	0	0	0	0	0
	0.84	0	0	0	0	0	0	0	0
	0.841	0	0	0	0	0	0	0	0
	0.842	0	0	0	0	0	0	0	0
	0.843	0	0	0	0	0	0	0	0
	0.844	0	0	0	0	0	0	0	0
	0.845	0	0	0	0	0	0	0	0
	0.846	0	0	0	0	0	0	0	0
	0.847	0	0	0	0	0	0	0	0
	0.848	0	0	0	0	0	0	0	0
	0.849	0	0	0	0	0	0	0	0
	0.85	0	0	0	0	0	0	0	0
	0.851	0	0	0	0	0	0	0	0
	0.852	0	0	0	0	0	0	0	0
	0.853	0	0	0	0	0	0	0	0
	0.854	0	0	0	0	0	0	0	0
	0.855	0	0	0	0	0	0	0	0
	0.856	0	0	0	0	0	0	0	0
	0.857	0	0	0	0	0	0	0	0
	0.858	0	0	0	0	0	0	0	0
	0.859	0	0	0	0	0	0	0	0
	0.86	0	0	0	0	0	0	0	0
	0.861	0	0	0	0	0	0	0	0
	0.862	0	0	0	0	0	0	0	0
	0.863	0	0	0	0	0	0	0	0
	0.864	0	0	0	0	0	0	0	0
	0.865	0	0	0	0	0	0	0	0
	0.866	0	0	0	0	0	0	0	0
	0.867	0	0	0	0	0	0	0	0
	0.868	0	0	0	0	0	0	0	0
	0.869	0	0	0	0	0	0	0	0
	0.87	0	0	0	0	0	0	0	0
	0.871	0	0	0	0	0	0	0	0
	0.872	0	0	0	0	0	0	0	0
	0.873	0	0	0	0	0	0	0	0
	0.874	0	0	0	0	0	0	0	0
	0.875	0	0	0	0	0	0	0	0
	0.876	0	0	0	0	0	0	0	0
	0.877	0	0	0	0	0	0	0	0
	0.878	0	0	0	0	0	0	0	0
	0.879	0	0	0	0	0	0	0	0
	0.88	0	0	0	0	0	0	0	0
	0.881	0	0	0	0	0	0	0	0
	0.882	0	0	0	0	0	0	0	0
	0.883	0	0	0	0	0	0	0	0
	0.884	0	0	0	0	0	0	0	0
	0.885	0	0	0	0	0	0	0	0
	0.886	0	0	0	0	0	0	0	0
	0.887	0	0	0	0	0	0	0	0
	0.888	0	0	0	0	0	0	0	0
	0.889	0	0	0	0	0	0	0	0
	0.89	0	0	0	0	0	0	0	0
	0.891	0	0	0	0	0	0	0	0
	0.892	0	0	0	0	0	0	0	0
	0.893	0	0	0	0	0	0	0	0
	0.894	0	0	0	0	0	0	0	0
	0.895	0	0	0	0	0	0	0	0
	0.896	0	0	0	0	0	0	0	0
	0.897	0	0	0	0	0	0	0	0
	0.898	0	0	0	0	0	0	0	0
	0.899	0	0	0	0	0	0	0	0
	0.9	0	0	0	0	0	0	0	0
	0.901	0	0	0	0	0	0	0	0
	0.902	0	0	0	0	0	0	0	0
	0.903	0	0	0	0	0	0	0	0
	0.904	0	0	0	0	0	0	0	0
	0.905	0	0	0	0	0	0	0	0
	0.906	0	0	0	0	0	0	0	0
	0.907	0	0	0	0	0	0	0	0
	0.908	0	0	0	0	0	0	0	0
	0.909	0	0	0	0	0	0	0	0
	0.91	0	0	0	0	0	0	0	0
	0.911	0	0	0	0	0	0	0	0
	0.912	0	0	0	0	0	0	0	0
	0.913	0	0	0	0	0	0	0	0
	0.914	0	0	0	0	0	0	0	0
	0.915	0	0	0	0	0	0	0	0
	0.916	0	0	0	0	0	0	0	0
	0.917	0	0	0	0	0	0	0	0
	0.918	0	0	0	0	0	0	0	0
	0.919	0	0	0	0	0	0	0	0
	0.92	0	0	0	0	0	0	0	0
	0.921	0	0	0	0	0	0	0	0
	0.922	0	0	0	0	0	0	0	0
	0.923	0	0	0	0	0	0	0	0
	0.924	0	0	0	0	0	0	0	0
	0.925	0	0	0	0	0	0	0	0
	0.926	0	0	0	0	0	0	0	0
	0.927	0	0	0	0	0	0	0	0
	0.928	0	0	0	0	0	0	0	0
	0.929	0	0	0	0	0	0	0	0
	0.93	0	0	0	0	0	0	0	0
	0.931	0	0	0	0	0	0	0	0
	0.932	0	0	0	0	0	0	0	0
	0.933	0	0	0	0	0	0	0	0
	0.934	0	0	0	0	0	0	0	0
	0.935	0	0	0	0	0	0	0	0
	0.936	0	0	0	0	0	0	0	0
	0.937	0	0	0	0	0	0	0	0
	0.938	0	0	0	0	0	0	0	0
	0.939	0	0	0	0	0	0	0	0
	0.94	0	0	0	0	0	0	0	0
	0.941	0	0	0	0	0	0	0	0
	0.942	0	0	0	0	0	0	0	0
	0.943	0	0	0	0	0	0	0	0
	0.944	0	0	0	0	0	0	0	0
	0.945	0	0	0	0	0	0	0	0
	0.946	0	0	0	0	0	0	0	0
	0.947	0	0	0	0	0	0	0	0
	0.948	0	0	0	0	0	0	0	0
	0.949	0	0	0	0	0	0	0	0
	0.95	0	0	0	0	0	0	0	0
	0.951	0	0	0	0	0	0	0	0
	0.952	0	0	0	0	0	0	0	0
	0.953	0	0	0	0	0	0	0	0
	0.954	0	0	0	0	0	0	0	0
	0.955	0	0	0	0	0	0	0	0
	0.956	0	0	0	0	0	0	0	0
	0.957	0	0	0	0	0	0	0	0
	0.958	0	0	0	0	0	0	0	0
	0.959	0	0	0	0	0	0	0	0
	0.96	0	0	0	0	0	0	0	0
	0.961	0	0	0	0	0	0	0	0
	0.962	0	0	0	0	0	0	0	0
	0.963	0	0	0	0	0	0	0	0
	0.964	0	0	0	0	0	0	0	0
	0.965	0	0	0	0	0	0	0	0
	0.966	0	0	0	0	0	0	0	0
	0.967	0	0	0	0	0	0	0	0
	0.968	0	0	0	0	0	0	0	0
	0.969	0	0	0	0	0	0	0	0
	0.97	0	0	0	0	0	0	0	0
	0.971	0	0	0	0	0	0	0	0
	0.972	0	0	0	0	0	0	0	0
	0.973	0	0	0	0	0	0	0	0
	0.974	0	0	0	0	0	0	0	0
	0.975	0	0	0	0	0	0	0	0
	0.976	0	0	0	0	0	0	0	0
	0.977	0	0	0	0	0	0	0	0
	0.978	0	0	0	0	0	0	0	0
	0.979	0	0	0	0	0	0	0	0
	0.98	0	0	0	0	0	0	0	0
	0.981	0	0	0	0	0	0	0	0
	0.982	0	0	0	0	0	0	0	0
	0.983	0	0	0	0	0	0	0	0
	0.984	0	0	0	0	0	0	0	0
	0.985	0	0	0	0	0	0	0	0
	0.986	0	0	0	0	0	0	0	0
	0.987	0	0	0	0	0	0	0	0
	0.988	0	0	0	0	0	0	0	0
	0.989	0	0	0	0	0	0	0	0
	0.99	0	0	0	0	0	0	0	0
	0.991	0	0	0	0	0	0	0	0
	0.992	0	0	0	0	0	0	0	0
	0.993	0	0	0	0	0	0	0	0
	0.994	0	0	0	0	0	0	0	0
	0.995	0	0	0	0	0	0	0	0
	0.996	0	0	0	0	0	0	0	0
	0.997	0	0	0	0	0	0	0	0
	0.998	0	0	0	0	0	0	0	0
	0.999	0	0	0	0	0	0	0	0
	1	0	0	0	0	0	0	0	0


#	yrange	sparsity	# links	zeta	support at cross	fraction FP	support at cross2	fraction FP2
	0	0	0	7.67777	0.32	0.00143062	0.32	0.00143062
	0.3	0	0	7.67777	0.32	0.00143062	0.32	0.00143062
