#	Frequencies and overlap
#	bins	MYC	shuffle	overlap_MYC	overlap_shuffle	SIGN_MYC	SIGNshuffle	SIGNoverlap_MYC	SIGNoverlap_shuffle
	0	0	0	1	1	0.416756	0.392335	0.727829	0
	0.001	0	0	1	1	0	0	0.727829	0
	0.002	0	0	1	1	0	0	0.727829	0
	0.003	0	0	1	1	0	0	0.727829	0
	0.004	0	0	1	1	0	0	0.727829	0
	0.005	0	0	1	1	0	0	0.727829	0
	0.006	0	0	1	1	0	0	0.727829	0
	0.007	0	0	1	1	0	0	0.727829	0
	0.008	0	0	1	1	0	0	0.727829	0
	0.009	0	0	1	1	0	0	0.727829	0
	0.01	0	2.06612e-05	1	1	0	0	0.727829	0
	0.011	0	0	1	0.997934	0	0	0.727829	0
	0.012	0	0	1	0.997934	0	0	0.727829	0
	0.013	0	0	1	0.997934	0	0	0.727829	0
	0.014	0	0	1	0.997934	0	0	0.727829	0
	0.015	0	0	1	0.997934	0	0	0.727829	0
	0.016	0	0	1	0.997934	0	0	0.727829	0
	0.017	0	0	1	0.997934	0	0	0.727829	0
	0.018	0	0	1	0.997934	0	0	0.727829	0
	0.019	0	0	1	0.997934	0	0	0.727829	0
	0.02	0	0	1	0.997934	0	0	0.727829	0
	0.021	0	0	1	0.997934	0	0	0.727829	0
	0.022	0	0	1	0.997934	0	2.06612e-05	0.727829	0
	0.023	0	0	1	0.997934	0	0	0.727829	0
	0.024	0	0	1	0.997934	0	2.06612e-05	0.727829	0
	0.025	0	0	1	0.997934	0	0	0.727829	0
	0.026	0	0	1	0.997934	0	0	0.727829	0
	0.027	0	0	1	0.997934	0	0	0.727829	0
	0.028	0	0	1	0.997934	0	0	0.727829	0
	0.029	0	0	1	0.997934	0	0	0.727829	0
	0.03	0	0	1	0.997934	0	2.06612e-05	0.727829	0
	0.031	0	0	1	0.997934	0	0	0.727829	0
	0.032	0	0	1	0.997934	0	4.13223e-05	0.727829	0
	0.033	0	0	1	0.997934	0	0	0.727829	0
	0.034	0	0	1	0.997934	0	0	0.727829	0
	0.035	0	0	1	0.997934	0	0	0.727829	0
	0.036	0	0	1	0.997934	0	2.06612e-05	0.727829	0
	0.037	0	2.06612e-05	1	0.997934	0	4.13223e-05	0.727829	0
	0.038	0	0	1	0.995868	0	0	0.727829	0
	0.039	0	2.06612e-05	1	0.995868	0	2.06612e-05	0.727829	0
	0.04	0	0	1	0.993802	0	0	0.727829	0
	0.041	0	0	1	0.993802	0	0	0.727829	0
	0.042	0	0	1	0.993802	0	0	0.727829	0
	0.043	0	0	1	0.993802	0	4.13223e-05	0.727829	0
	0.044	0	0	1	0.993802	0	0	0.727829	0
	0.045	0	0	1	0.993802	0	2.06612e-05	0.727829	0
	0.046	0	0	1	0.993802	0	2.06612e-05	0.727829	0
	0.047	0	2.06612e-05	1	0.993802	0	0	0.727829	0
	0.048	0	2.06612e-05	1	0.991736	0	0	0.727829	0
	0.049	0	0	1	0.989669	0	6.19835e-05	0.727829	0
	0.05	0	4.13223e-05	1	0.989669	0	2.06612e-05	0.727829	0
	0.051	0	0	1	0.985537	0	0	0.727829	0
	0.052	0	0	1	0.985537	0	0	0.727829	0
	0.053	0	0	1	0.985537	0	0	0.727829	0
	0.054	0	2.06612e-05	1	0.985537	0	2.06612e-05	0.727829	0
	0.055	0	0	1	0.983471	0	0	0.727829	0
	0.056	0	0	1	0.983471	0	0	0.727829	0
	0.057	0	0	1	0.983471	0	0	0.727829	0
	0.058	0	2.06612e-05	1	0.983471	0	2.06612e-05	0.727829	0
	0.059	0	0	1	0.981405	0	4.13223e-05	0.727829	0
	0.06	0	2.06612e-05	1	0.981405	0	0	0.727829	0
	0.061	0	2.06612e-05	1	0.981405	0	0	0.727829	0
	0.062	0	0	1	0.979339	0	2.06612e-05	0.727829	0
	0.063	0	0	1	0.979339	0	2.06612e-05	0.727829	0
	0.064	0	0	1	0.979339	0	2.06612e-05	0.727829	0
	0.065	0	0	1	0.979339	0	4.13223e-05	0.727829	0
	0.066	0	0	1	0.979339	0	0	0.727829	0
	0.067	0	2.06612e-05	1	0.979339	0	2.06612e-05	0.727829	0
	0.068	0	0	1	0.979339	0	0	0.727829	0
	0.069	0	0	1	0.979339	0	0	0.727829	0
	0.07	0	0	1	0.979339	0	4.13223e-05	0.727829	0
	0.071	0	2.06612e-05	1	0.979339	0	2.06612e-05	0.727829	0
	0.072	0	2.06612e-05	1	0.977273	0	0	0.727829	0
	0.073	0	4.13223e-05	1	0.977273	0	2.06612e-05	0.727829	0
	0.074	0	0	1	0.97314	0	2.06612e-05	0.727829	0
	0.075	0	0	1	0.97314	0	0	0.727829	0
	0.076	0	2.06612e-05	1	0.97314	0	2.06612e-05	0.727829	0
	0.077	0	0	1	0.971074	0	2.06612e-05	0.727829	0
	0.078	0	0	1	0.971074	0	4.13223e-05	0.727829	0
	0.079	0	2.06612e-05	1	0.971074	0	4.13223e-05	0.727829	0
	0.08	0	0	1	0.969008	0	2.06612e-05	0.727829	0
	0.081	0	8.26446e-05	1	0.969008	0	6.19835e-05	0.727829	0
	0.082	0	2.06612e-05	1	0.96281	0	2.06612e-05	0.727829	0
	0.083	0	2.06612e-05	1	0.960744	0	4.13223e-05	0.727829	0
	0.084	0	0	1	0.958678	0	6.19835e-05	0.727829	0
	0.085	0	2.06612e-05	1	0.958678	0	4.13223e-05	0.727829	0
	0.086	0	2.06612e-05	1	0.958678	0	0	0.727829	0
	0.087	0	2.06612e-05	1	0.956612	0	0	0.727829	0
	0.088	0	2.06612e-05	1	0.956612	0	2.06612e-05	0.727829	0
	0.089	0	0	1	0.954545	0	2.06612e-05	0.727829	0
	0.09	0	6.19835e-05	1	0.954545	0	2.06612e-05	0.727829	0
	0.091	0	4.13223e-05	1	0.948347	0	6.19835e-05	0.727829	0
	0.092	0	2.06612e-05	1	0.944215	0	2.06612e-05	0.727829	0
	0.093	0	2.06612e-05	1	0.942149	0	2.06612e-05	0.727829	0
	0.094	0	4.13223e-05	1	0.942149	0	4.13223e-05	0.727829	0
	0.095	0	2.06612e-05	1	0.940083	0	0	0.727829	0
	0.096	0	4.13223e-05	1	0.938017	0	2.06612e-05	0.727829	0
	0.097	0	2.06612e-05	1	0.933884	0	2.06612e-05	0.727829	0
	0.098	0	4.13223e-05	1	0.931818	0	2.06612e-05	0.727829	0
	0.099	0	2.06612e-05	1	0.929752	0	4.13223e-05	0.727829	0
	0.1	0	0	1	0.929752	0	4.13223e-05	0.727829	0
	0.101	0	4.13223e-05	1	0.929752	0	6.19835e-05	0.727829	0
	0.102	0	2.06612e-05	1	0.927686	0	2.06612e-05	0.727829	0
	0.103	0	0	1	0.927686	0	2.06612e-05	0.727829	0
	0.104	0	2.06612e-05	1	0.927686	0	2.06612e-05	0.727829	0
	0.105	0	0	1	0.927686	0	0	0.727829	0
	0.106	0	0	1	0.927686	0	2.06612e-05	0.727829	0
	0.107	0	2.06612e-05	1	0.927686	0	2.06612e-05	0.727829	0
	0.108	0	2.06612e-05	1	0.927686	0	2.06612e-05	0.727829	0
	0.109	0	2.06612e-05	1	0.92562	0	2.06612e-05	0.727829	0
	0.11	0	0	1	0.92562	0	6.19835e-05	0.727829	0
	0.111	0	0	1	0.92562	0	4.13223e-05	0.727829	0
	0.112	0	2.06612e-05	1	0.92562	0	4.13223e-05	0.727829	0
	0.113	0	2.06612e-05	1	0.92562	0	8.26446e-05	0.727829	0
	0.114	0	8.26446e-05	1	0.923554	0	2.06612e-05	0.727829	0
	0.115	0	2.06612e-05	1	0.917355	0	2.06612e-05	0.727829	0
	0.116	0	4.13223e-05	1	0.915289	0	0.000103306	0.727829	0
	0.117	0	2.06612e-05	1	0.915289	2.06612e-05	4.13223e-05	0.727829	0
	0.118	0	2.06612e-05	1	0.913223	0	0.000103306	0.724771	0
	0.119	0	8.26446e-05	1	0.913223	0	4.13223e-05	0.724771	0
	0.12	0	6.19835e-05	1	0.913223	0	4.13223e-05	0.724771	0
	0.121	0	2.06612e-05	1	0.911157	2.06612e-05	6.19835e-05	0.724771	0
	0.122	0	2.06612e-05	1	0.911157	0	2.06612e-05	0.724771	0
	0.123	0	4.13223e-05	1	0.911157	2.06612e-05	4.13223e-05	0.724771	0
	0.124	0	0	1	0.909091	4.13223e-05	6.19835e-05	0.724771	0
	0.125	0	0	1	0.909091	2.06612e-05	4.13223e-05	0.724771	0
	0.126	0	0	1	0.909091	2.06612e-05	0	0.724771	0
	0.127	0	0	1	0.909091	4.13223e-05	2.06612e-05	0.724771	0
	0.128	0	6.19835e-05	1	0.909091	4.13223e-05	2.06612e-05	0.724771	0
	0.129	0	6.19835e-05	1	0.907025	4.13223e-05	6.19835e-05	0.724771	0
	0.13	0	4.13223e-05	1	0.904959	8.26446e-05	6.19835e-05	0.724771	0
	0.131	0	2.06612e-05	1	0.904959	6.19835e-05	8.26446e-05	0.724771	0
	0.132	0	4.13223e-05	1	0.904959	0	4.13223e-05	0.724771	0
	0.133	0	6.19835e-05	1	0.902893	2.06612e-05	6.19835e-05	0.724771	0
	0.134	0	4.13223e-05	1	0.89876	0.000103306	6.19835e-05	0.724771	0
	0.135	0	4.13223e-05	1	0.896694	4.13223e-05	4.13223e-05	0.724771	0
	0.136	0	4.13223e-05	1	0.894628	0.00018595	6.19835e-05	0.724771	0
	0.137	0	2.06612e-05	1	0.892562	8.26446e-05	8.26446e-05	0.724771	0
	0.138	0	4.13223e-05	1	0.892562	0.000103306	4.13223e-05	0.724771	0
	0.139	0	4.13223e-05	1	0.892562	0.000103306	6.19835e-05	0.724771	0
	0.14	0	4.13223e-05	1	0.892562	4.13223e-05	4.13223e-05	0.724771	0
	0.141	0	6.19835e-05	1	0.890496	0.000103306	8.26446e-05	0.724771	0
	0.142	0	6.19835e-05	1	0.88843	0.000206612	8.26446e-05	0.724771	0
	0.143	0	4.13223e-05	1	0.884298	0.000123967	0.000103306	0.724771	0
	0.144	2.06612e-05	2.06612e-05	1	0.884298	6.19835e-05	4.13223e-05	0.724771	0
	0.145	4.13223e-05	2.06612e-05	0.997934	0.884298	0.000227273	4.13223e-05	0.724771	0
	0.146	0	0	0.997934	0.882231	0.000103306	6.19835e-05	0.724771	0
	0.147	2.06612e-05	4.13223e-05	0.997934	0.882231	0.000123967	4.13223e-05	0.724771	0
	0.148	0	6.19835e-05	0.997934	0.880165	0.000103306	0	0.724771	0
	0.149	0	4.13223e-05	0.997934	0.878099	0.000103306	0	0.724771	0
	0.15	0	2.06612e-05	0.997934	0.878099	0.000123967	6.19835e-05	0.724771	0
	0.151	2.06612e-05	2.06612e-05	0.997934	0.878099	0.000123967	6.19835e-05	0.721713	0
	0.152	0	6.19835e-05	0.995868	0.878099	8.26446e-05	6.19835e-05	0.721713	0
	0.153	8.26446e-05	4.13223e-05	0.995868	0.878099	0.000144628	0.000103306	0.721713	0
	0.154	2.06612e-05	6.19835e-05	0.995868	0.876033	6.19835e-05	6.19835e-05	0.718654	0
	0.155	6.19835e-05	0.000103306	0.995868	0.871901	0.000103306	6.19835e-05	0.718654	0
	0.156	4.13223e-05	8.26446e-05	0.995868	0.867769	4.13223e-05	0.000144628	0.718654	0
	0.157	0.000123967	0	0.995868	0.863636	0.000123967	0.000103306	0.718654	0
	0.158	8.26446e-05	2.06612e-05	0.995868	0.863636	2.06612e-05	8.26446e-05	0.718654	0
	0.159	0.000144628	4.13223e-05	0.995868	0.863636	0.000123967	4.13223e-05	0.718654	0
	0.16	8.26446e-05	4.13223e-05	0.995868	0.863636	0.000103306	4.13223e-05	0.718654	0
	0.161	6.19835e-05	4.13223e-05	0.995868	0.86157	4.13223e-05	8.26446e-05	0.718654	0
	0.162	8.26446e-05	0	0.995868	0.86157	8.26446e-05	8.26446e-05	0.718654	0
	0.163	0.000123967	0.000103306	0.995868	0.86157	8.26446e-05	0.000103306	0.718654	0
	0.164	8.26446e-05	2.06612e-05	0.995868	0.859504	2.06612e-05	4.13223e-05	0.718654	0
	0.165	0.000144628	2.06612e-05	0.995868	0.859504	2.06612e-05	0.000165289	0.718654	0
	0.166	0.000165289	4.13223e-05	0.995868	0.859504	4.13223e-05	0.000165289	0.718654	0
	0.167	0.000103306	4.13223e-05	0.995868	0.857438	8.26446e-05	6.19835e-05	0.718654	0
	0.168	0.00018595	6.19835e-05	0.995868	0.857438	0.000123967	0.000123967	0.718654	0
	0.169	0.000103306	2.06612e-05	0.995868	0.855372	8.26446e-05	0.000144628	0.718654	0
	0.17	0.000144628	4.13223e-05	0.995868	0.855372	0.000144628	0.000123967	0.718654	0
	0.171	0.000123967	8.26446e-05	0.995868	0.855372	0.000165289	4.13223e-05	0.720859	0
	0.172	0.000247934	4.13223e-05	0.995868	0.855372	6.19835e-05	0.000144628	0.720859	0
	0.173	0.000165289	6.19835e-05	0.995868	0.855372	0.000103306	4.13223e-05	0.720859	0
	0.174	6.19835e-05	6.19835e-05	0.995868	0.853306	6.19835e-05	6.19835e-05	0.720859	0
	0.175	0.00018595	6.19835e-05	0.995868	0.853306	2.06612e-05	0.000103306	0.720859	0
	0.176	8.26446e-05	6.19835e-05	0.995868	0.85124	8.26446e-05	0.000103306	0.720859	0
	0.177	0.000103306	0.000123967	0.995868	0.849174	0.000103306	8.26446e-05	0.720859	0
	0.178	0.000103306	4.13223e-05	0.995868	0.849174	0.000144628	0.000123967	0.720859	0
	0.179	8.26446e-05	8.26446e-05	0.995868	0.849174	0.000227273	0.00018595	0.717791	0
	0.18	0.000123967	2.06612e-05	0.995868	0.849174	0.000165289	8.26446e-05	0.717791	0
	0.181	6.19835e-05	4.13223e-05	0.995868	0.847107	0.000123967	0.000247934	0.72	0
	0.182	0.000123967	2.06612e-05	0.995868	0.845041	0.000123967	8.26446e-05	0.72	0
	0.183	8.26446e-05	8.26446e-05	0.995868	0.845041	0.000247934	0.00018595	0.72	0
	0.184	0	0	0.995868	0.842975	0.000227273	0.000103306	0.722222	0
	0.185	6.19835e-05	6.19835e-05	0.995868	0.842975	8.26446e-05	0.000103306	0.722222	0
	0.186	0.000103306	0	0.995868	0.840909	0.000103306	8.26446e-05	0.722222	0
	0.187	4.13223e-05	4.13223e-05	0.995868	0.840909	6.19835e-05	0.000206612	0.722222	0
	0.188	8.26446e-05	8.26446e-05	0.995868	0.840909	0.000144628	0.000165289	0.722222	0
	0.189	0.000103306	0	0.995868	0.840909	0.000206612	0.000165289	0.722222	0
	0.19	0	6.19835e-05	0.995868	0.840909	8.26446e-05	4.13223e-05	0.722222	0
	0.191	6.19835e-05	6.19835e-05	0.995868	0.840909	0.000123967	0.000123967	0.722222	0
	0.192	4.13223e-05	0.000103306	0.995868	0.838843	0.000123967	0.000144628	0.722222	0
	0.193	4.13223e-05	2.06612e-05	0.995868	0.834711	0.000227273	0.000206612	0.722222	0
	0.194	2.06612e-05	6.19835e-05	0.995868	0.832645	0.000103306	0.000289256	0.722222	0
	0.195	0	2.06612e-05	0.995868	0.830579	0.000103306	0.000144628	0.722222	0
	0.196	4.13223e-05	0	0.995868	0.828512	0.00018595	0.000165289	0.722222	0
	0.197	0	2.06612e-05	0.995868	0.828512	4.13223e-05	0.000103306	0.722222	0
	0.198	0	2.06612e-05	0.995868	0.826446	0.000206612	0.00018595	0.722222	0
	0.199	0	4.13223e-05	0.995868	0.82438	0.000103306	0.000206612	0.722222	0
	0.2	0	6.19835e-05	0.995868	0.822314	0.000103306	0.000123967	0.722222	0
	0.201	0	0.000123967	0.995868	0.822314	6.19835e-05	0.000144628	0.724458	0
	0.202	0	6.19835e-05	0.995868	0.820248	0.000103306	0.000247934	0.724458	0
	0.203	0	4.13223e-05	0.995868	0.818182	6.19835e-05	6.19835e-05	0.724458	0
	0.204	0	4.13223e-05	0.995868	0.818182	8.26446e-05	0.000227273	0.724458	0
	0.205	0	6.19835e-05	0.995868	0.816116	0.000103306	0.000103306	0.724458	0
	0.206	0	4.13223e-05	0.995868	0.816116	0.000103306	0.000144628	0.724458	0
	0.207	0	0.000103306	0.995868	0.816116	0.000144628	0.000103306	0.724458	0
	0.208	2.06612e-05	0.000103306	0.995868	0.81405	0.000144628	8.26446e-05	0.724458	0
	0.209	2.06612e-05	2.06612e-05	0.99793	0.807851	6.19835e-05	0.000144628	0.724458	0
	0.21	0	0	1	0.807851	2.06612e-05	0.000227273	0.724458	0
	0.211	0	4.13223e-05	1	0.807851	8.26446e-05	0.000123967	0.724458	0
	0.212	0	4.13223e-05	1	0.807851	8.26446e-05	0.000309917	0.724458	0
	0.213	0	0.000123967	1	0.807851	0.000165289	8.26446e-05	0.724458	0
	0.214	0	8.26446e-05	1	0.807851	8.26446e-05	0.000227273	0.724458	0
	0.215	0	8.26446e-05	1	0.805785	0.000103306	0.000144628	0.724458	0
	0.216	0	2.06612e-05	1	0.805785	0.000103306	0.000289256	0.724458	0
	0.217	0	4.13223e-05	1	0.805785	0.000103306	0.000330579	0.724458	0
	0.218	0	6.19835e-05	1	0.805785	4.13223e-05	0.000144628	0.724458	0
	0.219	0	0.000123967	1	0.805785	6.19835e-05	0.000247934	0.728972	0
	0.22	0	2.06612e-05	1	0.803719	8.26446e-05	0.000206612	0.728972	0
	0.221	0	0.000103306	1	0.803719	8.26446e-05	0.000144628	0.728972	0
	0.222	2.06612e-05	6.19835e-05	1	0.801653	0.000103306	0.000268595	0.728972	0
	0.223	0	6.19835e-05	0.997925	0.799587	8.26446e-05	0.000206612	0.728125	0
	0.224	0	0.000103306	0.997925	0.795455	2.06612e-05	0.00018595	0.728125	0
	0.225	2.06612e-05	0.000103306	0.997925	0.795455	0.000144628	0.000289256	0.728125	0
	0.226	2.06612e-05	4.13223e-05	0.997925	0.793388	6.19835e-05	0.000206612	0.728125	0
	0.227	0	0.000103306	0.997925	0.791322	8.26446e-05	0.000165289	0.728125	0
	0.228	0	4.13223e-05	0.997925	0.791322	8.26446e-05	0.000144628	0.728125	0
	0.229	0	0.000103306	0.997925	0.791322	8.26446e-05	0.000392562	0.728125	0
	0.23	0	6.19835e-05	0.997925	0.791322	0.000123967	0.000247934	0.728125	0
	0.231	2.06612e-05	6.19835e-05	0.997925	0.789256	0.00018595	0.00018595	0.728125	0
	0.232	2.06612e-05	4.13223e-05	0.997925	0.78719	0.000144628	0.000268595	0.728125	0
	0.233	0	6.19835e-05	0.997925	0.785124	0.000103306	0.000309917	0.728125	0
	0.234	2.06612e-05	2.06612e-05	0.997925	0.780992	0.000206612	0.00018595	0.728125	0
	0.235	0	2.06612e-05	0.995851	0.780992	0.000206612	0.00018595	0.728125	0
	0.236	4.13223e-05	0.000103306	0.995851	0.780992	0.000206612	0.000206612	0.728125	0
	0.237	0	6.19835e-05	0.995851	0.77686	0.000227273	0.000227273	0.728125	0
	0.238	4.13223e-05	0.000123967	0.995851	0.77686	0.00018595	0.000330579	0.728125	0
	0.239	6.19835e-05	0.000123967	0.995851	0.77686	0.000144628	0.000268595	0.730408	0
	0.24	4.13223e-05	8.26446e-05	0.993776	0.770661	0.000309917	0.000330579	0.730408	0
	0.241	8.26446e-05	8.26446e-05	0.993776	0.766529	0.000144628	0.00018595	0.730408	0
	0.242	2.06612e-05	6.19835e-05	0.993776	0.764463	0.000165289	0.000309917	0.730408	0
	0.243	4.13223e-05	8.26446e-05	0.993776	0.762397	8.26446e-05	0.000165289	0.730408	0
	0.244	8.26446e-05	0.000144628	0.993776	0.760331	0.000103306	0.000309917	0.730408	0
	0.245	0.00018595	0.000103306	0.993776	0.760331	0.000309917	0.000309917	0.730408	0
	0.246	4.13223e-05	2.06612e-05	0.993776	0.754132	0.000206612	0.000289256	0.730408	0
	0.247	8.26446e-05	0.000227273	0.993776	0.754132	0.000227273	0.000309917	0.730408	0
	0.248	6.19835e-05	4.13223e-05	0.993776	0.747934	0.000144628	0.000433884	0.730408	0
	0.249	2.06612e-05	0.000103306	0.993776	0.745868	0.000227273	0.000206612	0.730408	0
	0.25	0.000144628	8.26446e-05	0.993776	0.743802	0.00018595	0.000392562	0.730408	0
	0.251	0	4.13223e-05	0.993776	0.741736	0.000227273	8.26446e-05	0.730408	0
	0.252	0.000165289	0.000123967	0.993776	0.741736	8.26446e-05	0.000309917	0.730408	0
	0.253	2.06612e-05	6.19835e-05	0.993776	0.739669	0.000268595	0.000247934	0.730408	0
	0.254	0.000123967	8.26446e-05	0.993776	0.737603	0.00018595	0.000268595	0.730408	0
	0.255	0.000165289	4.13223e-05	0.993776	0.737603	0.000227273	0.000289256	0.730408	0
	0.256	0.000123967	4.13223e-05	0.991701	0.737603	0.000144628	0.00035124	0.730408	0
	0.257	6.19835e-05	8.26446e-05	0.991701	0.737603	0.000227273	0.000289256	0.730408	0
	0.258	0.000123967	0.000123967	0.991701	0.735537	0.000206612	0.000165289	0.730408	0
	0.259	8.26446e-05	4.13223e-05	0.991701	0.733471	0.000123967	0.000268595	0.730408	0
	0.26	8.26446e-05	0.00018595	0.991701	0.729339	0.000144628	0.000206612	0.730408	0
	0.261	6.19835e-05	0.000123967	0.991701	0.725207	0.000268595	0.000371901	0.730408	0
	0.262	4.13223e-05	2.06612e-05	0.991701	0.721074	0.000227273	0.000289256	0.730408	0
	0.263	8.26446e-05	6.19835e-05	0.991701	0.721074	0.00018595	0.00035124	0.730408	0
	0.264	2.06612e-05	0.000144628	0.991701	0.719008	0.000206612	0.000289256	0.730408	0
	0.265	0.000103306	0.000227273	0.991701	0.714876	0.000144628	0.000247934	0.730408	0
	0.266	0.00018595	8.26446e-05	0.991701	0.71281	0.000206612	0.000413223	0.730408	0
	0.267	0.000103306	6.19835e-05	0.991701	0.71281	0.000144628	0.000206612	0.727273	0
	0.268	8.26446e-05	0.000144628	0.991701	0.710744	0.00018595	0.000413223	0.727273	0
	0.269	0.000123967	0.000123967	0.991701	0.708678	8.26446e-05	0.000413223	0.727273	0
	0.27	0.000165289	0.000165289	0.991701	0.708678	0.000247934	0.000309917	0.727273	0
	0.271	0.000227273	0.000103306	0.991701	0.708678	0.000247934	0.00035124	0.72956	0
	0.272	0.000268595	0.000165289	0.991701	0.706612	0.000103306	0.00035124	0.72956	0
	0.273	0.000165289	8.26446e-05	0.991701	0.698347	0.000103306	0.00035124	0.72956	0
	0.274	0.000165289	8.26446e-05	0.991701	0.694215	0.000123967	0.000413223	0.72956	0
	0.275	8.26446e-05	0.000103306	0.991701	0.694215	4.13223e-05	0.000165289	0.726415	0
	0.276	0.000103306	0.000123967	0.991701	0.690083	8.26446e-05	0.000227273	0.726415	0
	0.277	0.000144628	8.26446e-05	0.991701	0.68595	0.000103306	0.00035124	0.726415	0
	0.278	0.000144628	0.000103306	0.991701	0.683884	0.00018595	0.000289256	0.726415	0
	0.279	0.000144628	0.00018595	0.991701	0.683884	0.000144628	0.000371901	0.728707	0
	0.28	0.000144628	0.000165289	0.991701	0.673554	4.13223e-05	0.000433884	0.725552	0
	0.281	0.000165289	0.000103306	0.991701	0.673554	2.06612e-05	0.000227273	0.725552	0
	0.282	0.000206612	0.000247934	0.991701	0.673554	4.13223e-05	0.000309917	0.725552	0
	0.283	0.000103306	0.000103306	0.991701	0.671488	0.000103306	0.000247934	0.725552	0
	0.284	6.19835e-05	0.000165289	0.991701	0.669421	4.13223e-05	0.000309917	0.725552	0
	0.285	0.00018595	8.26446e-05	0.991701	0.665289	6.19835e-05	0.000413223	0.727848	0
	0.286	2.06612e-05	0.000227273	0.991701	0.665289	8.26446e-05	0.000247934	0.727848	0
	0.287	0.000206612	0.000144628	0.991701	0.661157	0.000103306	0.00035124	0.727848	0
	0.288	0.000144628	0.000144628	0.991701	0.661157	8.26446e-05	0.000309917	0.724684	0
	0.289	0.000103306	0.000165289	0.993763	0.657025	8.26446e-05	0.000413223	0.726984	0
	0.29	0.000144628	0.00018595	0.993763	0.652893	2.06612e-05	0.000268595	0.726984	0
	0.291	8.26446e-05	0.000123967	0.993763	0.650826	0.000144628	0.000495868	0.726984	0
	0.292	0.000206612	6.19835e-05	0.993763	0.650826	0.000103306	0.000268595	0.726984	0
	0.293	0.000144628	0.000123967	0.993763	0.650826	0.000103306	0.000206612	0.726984	0
	0.294	4.13223e-05	0.000103306	0.991684	0.650826	4.13223e-05	0.000247934	0.729299	0
	0.295	0.000123967	0.000165289	0.991684	0.650826	4.13223e-05	0.000309917	0.729299	0
	0.296	0.000123967	0.000289256	0.991684	0.64876	6.19835e-05	0.000640496	0.729299	0
	0.297	8.26446e-05	0.000206612	0.991684	0.646694	0.000103306	0.00035124	0.729299	0
	0.298	0.000227273	8.26446e-05	0.991684	0.640496	0.00018595	0.000330579	0.726115	0
	0.299	0.000123967	0.000227273	0.991684	0.640496	0.000227273	0.00035124	0.726115	0
	0.3	0.000103306	0.000206612	0.991684	0.63843	0.000144628	0.00053719	0.726115	0
	0.301	8.26446e-05	0.000165289	0.991684	0.632231	0.000227273	0.000227273	0.72293	0
	0.302	0.000144628	0.000103306	0.991684	0.628099	0.000206612	0.000433884	0.719745	0
	0.303	0.000123967	0.000103306	0.991684	0.623967	0.000268595	0.000309917	0.716561	0
	0.304	0.000165289	0.00018595	0.991684	0.621901	0.000144628	0.000433884	0.716561	0
	0.305	0.000103306	0.000144628	0.991684	0.621901	0.000206612	0.000599174	0.716561	0
	0.306	6.19835e-05	0.000144628	0.989605	0.617769	0.000268595	0.00053719	0.713376	0
	0.307	0.000103306	8.26446e-05	0.989605	0.613636	0.000309917	0.000454545	0.713376	0
	0.308	0.000165289	0.000144628	0.989605	0.613636	0.000227273	0.000557851	0.713376	0
	0.309	0.000165289	0.000123967	0.989605	0.61157	0.000289256	0.000557851	0.713376	0
	0.31	0.000123967	0.000309917	0.989605	0.607438	0.000165289	0.000227273	0.710191	0
	0.311	0.000144628	0.000227273	0.989605	0.599174	0.000227273	0.000289256	0.710191	0
	0.312	0.000123967	0.000206612	0.991667	0.599174	0.00053719	0.000413223	0.710191	0
	0.313	0.000144628	0.000165289	0.991667	0.597107	0.000371901	0.000619835	0.71246	0
	0.314	0.00018595	0.000165289	0.991667	0.597107	0.000227273	0.000268595	0.71246	0
	0.315	8.26446e-05	0.000227273	0.991667	0.595041	0.000371901	0.000454545	0.71246	0
	0.316	0.000103306	0.000165289	0.991667	0.588843	0.000413223	0.000371901	0.71246	0
	0.317	0.000103306	0.000103306	0.991667	0.584711	0.000268595	0.000433884	0.71246	0
	0.318	6.19835e-05	0.000289256	0.991667	0.584711	0.000371901	0.000454545	0.71246	0
	0.319	0.000227273	0.000123967	0.991667	0.584711	0.000309917	0.000371901	0.71246	0
	0.32	0.000144628	0.000227273	0.991667	0.582645	0.000330579	0.000475207	0.71246	0
	0.321	0.000165289	0.000392562	0.993737	0.57438	0.000495868	0.000206612	0.709265	0
	0.322	0.00018595	0.00018595	0.993737	0.566116	0.000413223	0.000206612	0.709265	0
	0.323	0.000123967	0.000123967	0.993737	0.561983	0.000392562	0.000475207	0.709265	0
	0.324	4.13223e-05	0.000309917	0.993737	0.561983	0.000392562	0.000330579	0.713826	0
	0.325	0.000103306	0.00018595	0.993737	0.559917	0.00035124	0.000289256	0.713826	0
	0.326	4.13223e-05	0.000144628	0.993737	0.557851	0.000392562	0.00035124	0.713826	0
	0.327	0.000103306	0.000144628	0.993737	0.557851	0.000330579	0.000309917	0.713826	0
	0.328	8.26446e-05	0.000227273	0.995816	0.557851	0.000516529	0.000475207	0.713826	0
	0.329	4.13223e-05	0.000247934	0.995816	0.553719	0.000371901	0.000413223	0.713826	0
	0.33	0.000103306	0.000247934	0.995816	0.547521	0.000557851	0.000433884	0.713826	0
	0.331	8.26446e-05	0.000165289	0.995816	0.545455	0.000371901	0.00035124	0.713826	0
	0.332	6.19835e-05	0.000206612	0.995816	0.541322	0.000454545	0.000330579	0.713826	0
	0.333	2.06612e-05	0.000247934	0.995816	0.541322	0.00072314	0.000495868	0.713826	0
	0.334	4.13223e-05	0.000268595	0.995816	0.539256	0.000289256	0.000516529	0.713826	0
	0.335	8.26446e-05	0.000247934	0.995816	0.53719	0.000516529	0.000557851	0.713826	0
	0.336	6.19835e-05	0.000268595	0.995816	0.535124	0.000309917	0.000557851	0.713826	0
	0.337	6.19835e-05	0.000103306	0.995816	0.533058	0.000681818	0.000309917	0.713826	0
	0.338	6.19835e-05	0.000144628	0.995816	0.530992	0.000578512	0.000475207	0.713826	0
	0.339	0.000144628	0.000227273	0.995816	0.528926	0.000495868	0.000578512	0.716129	0
	0.34	4.13223e-05	0.000123967	0.995816	0.528926	0.000516529	0.000661157	0.716129	0
	0.341	0.000103306	0.000144628	0.995816	0.52686	0.000661157	0.000165289	0.716129	0
	0.342	2.06612e-05	0.000268595	0.995816	0.522727	0.000516529	0.000413223	0.716129	0
	0.343	8.26446e-05	0.000289256	0.995816	0.520661	0.00053719	0.000413223	0.716129	0
	0.344	4.13223e-05	0.000268595	0.995816	0.514463	0.000557851	0.000433884	0.716129	0
	0.345	6.19835e-05	0.000371901	0.995816	0.510331	0.000433884	0.000309917	0.716129	0
	0.346	2.06612e-05	0.000227273	0.995816	0.506198	0.000516529	0.000371901	0.712903	0
	0.347	6.19835e-05	0.000289256	0.995816	0.504132	0.000371901	0.000599174	0.712903	0
	0.348	2.06612e-05	0.000309917	0.995816	0.502066	0.000495868	0.000475207	0.712903	0
	0.349	2.06612e-05	0.000206612	0.995816	0.495868	0.000371901	0.000557851	0.712903	0
	0.35	4.13223e-05	0.000247934	0.995816	0.487603	0.000309917	0.000743802	0.712903	0
	0.351	6.19835e-05	0.00035124	0.995816	0.483471	0.00035124	0.000413223	0.712903	0
	0.352	2.06612e-05	0.000289256	0.995816	0.477273	0.00035124	0.000433884	0.712903	0
	0.353	4.13223e-05	0.000144628	0.995816	0.475207	0.000247934	0.000289256	0.712903	0
	0.354	6.19835e-05	0.000268595	0.995816	0.475207	0.000495868	0.000599174	0.71521	0
	0.355	4.13223e-05	0.000289256	0.995816	0.471074	0.000516529	0.000433884	0.717532	0
	0.356	0	0.000289256	0.995816	0.469008	0.000371901	0.000702479	0.71987	0
	0.357	8.26446e-05	0.000475207	0.995816	0.464876	0.000289256	0.000413223	0.718954	0
	0.358	2.06612e-05	0.000289256	0.991632	0.458678	0.000309917	0.000289256	0.718954	0
	0.359	6.19835e-05	0.000227273	0.993711	0.454545	0.000268595	0.000619835	0.715686	0
	0.36	0	0.000392562	0.993711	0.450413	0.000371901	0.00053719	0.718033	0
	0.361	2.06612e-05	0.000309917	0.993711	0.448347	0.000289256	0.000516529	0.718033	0
	0.362	2.06612e-05	0.00018595	0.993711	0.446281	0.000268595	0.000578512	0.718033	0
	0.363	2.06612e-05	0.000144628	0.993711	0.444215	0.000268595	0.000413223	0.718033	0
	0.364	8.26446e-05	0.000268595	0.993711	0.442149	0.000289256	0.000516529	0.718033	0
	0.365	0	0.000309917	0.991614	0.433884	0.000330579	0.000681818	0.720395	0
	0.366	2.06612e-05	0.000206612	0.991614	0.427686	0.000206612	0.000475207	0.722772	0
	0.367	0	0.00018595	0.991614	0.421488	0.000227273	0.000661157	0.719472	0
	0.368	6.19835e-05	0.000206612	0.991614	0.417355	0.000206612	0.000516529	0.719472	0
	0.369	0	0.00035124	0.991614	0.415289	0.000268595	0.00053719	0.719472	0
	0.37	2.06612e-05	0.000268595	0.991614	0.404959	0.000247934	0.000413223	0.719472	0
	0.371	2.06612e-05	0.00018595	0.991614	0.396694	0.000309917	0.000413223	0.719472	0
	0.372	4.13223e-05	0.000392562	0.991614	0.394628	0.00018595	0.000578512	0.719472	0
	0.373	2.06612e-05	0.000289256	0.991614	0.386364	0.000247934	0.000578512	0.719472	0
	0.374	2.06612e-05	0.000206612	0.991614	0.384298	0.00018595	0.000661157	0.721854	0
	0.375	2.06612e-05	0.000309917	0.993697	0.384298	0.000165289	0.000371901	0.721854	0
	0.376	8.26446e-05	0.000330579	0.993697	0.382231	0.000227273	0.000475207	0.721854	0
	0.377	0.000103306	0.000227273	0.993697	0.382231	0.000206612	0.000702479	0.721854	0
	0.378	6.19835e-05	0.00018595	0.993697	0.378099	0.000247934	0.000392562	0.721854	0
	0.379	8.26446e-05	0.000206612	0.993697	0.378099	0.00018595	0.000475207	0.718543	0
	0.38	6.19835e-05	0.000289256	0.991597	0.371901	0.000247934	0.000599174	0.718543	0
	0.381	6.19835e-05	0.00018595	0.989496	0.371901	0.000454545	0.000454545	0.718543	0
	0.382	8.26446e-05	0.000206612	0.989496	0.371901	0.000392562	0.00053719	0.715232	0
	0.383	0.000123967	0.00035124	0.989496	0.365702	0.00018595	0.000371901	0.715232	0
	0.384	2.06612e-05	0.000268595	0.989496	0.36157	0.000475207	0.000578512	0.715232	0
	0.385	8.26446e-05	0.000309917	0.989496	0.355372	0.000247934	0.000681818	0.711921	0
	0.386	8.26446e-05	0.000268595	0.989496	0.353306	0.000309917	0.000495868	0.714286	0
	0.387	8.26446e-05	0.000371901	0.989496	0.353306	0.000371901	0.000475207	0.714286	0
	0.388	0.000144628	0.000227273	0.989496	0.349174	0.00035124	0.000661157	0.719064	0
	0.389	0.000165289	0.000227273	0.987395	0.347107	0.00035124	0.000433884	0.715719	0
	0.39	0.000165289	0.000371901	0.987395	0.340909	0.000309917	0.00053719	0.715719	0
	0.391	0.000123967	0.000289256	0.987395	0.336777	0.000268595	0.000661157	0.715719	0
	0.392	0.000165289	0.000309917	0.987395	0.334711	0.000289256	0.000475207	0.718121	0
	0.393	0.000165289	0.000247934	0.987395	0.332645	0.000330579	0.000619835	0.718121	0
	0.394	0.000165289	0.000454545	0.987395	0.326446	0.000599174	0.000805785	0.718121	0
	0.395	0.000289256	0.000371901	0.987395	0.322314	0.000268595	0.000702479	0.718121	0
	0.396	0.000165289	0.000289256	0.987395	0.320248	0.000392562	0.000413223	0.718121	0
	0.397	0.00018595	0.000392562	0.987395	0.320248	0.000206612	0.000599174	0.720539	0
	0.398	0.00018595	0.00018595	0.987395	0.318182	0.000330579	0.00088843	0.717172	0
	0.399	0.000144628	0.000330579	0.987395	0.311983	0.000413223	0.000433884	0.717172	0
	0.4	0.00018595	0.000330579	0.987395	0.303719	0.000309917	0.00072314	0.717172	0
	0.401	0.000165289	0.000247934	0.987395	0.295455	0.00053719	0.000640496	0.717172	0
	0.402	0.000144628	0.000413223	0.987395	0.295455	0.000640496	0.000599174	0.717172	0
	0.403	0.000227273	0.000247934	0.985294	0.293388	0.000289256	0.000764463	0.716216	0
	0.404	0.000206612	0.000227273	0.985294	0.291322	0.000433884	0.000599174	0.716216	0
	0.405	0.000247934	0.000309917	0.985294	0.285124	0.000392562	0.000454545	0.716216	0
	0.406	0.000330579	0.000309917	0.983193	0.285124	0.000433884	0.000578512	0.716216	0
	0.407	0.000165289	0.000206612	0.983193	0.283058	0.000764463	0.000454545	0.718644	0
	0.408	0.000165289	0.000268595	0.983193	0.280992	0.000619835	0.000661157	0.715254	0
	0.409	0.000227273	0.000475207	0.983193	0.274793	0.00053719	0.000516529	0.717687	0
	0.41	0.000227273	0.000433884	0.983193	0.270661	0.000392562	0.000516529	0.720137	0
	0.411	0.00018595	0.000454545	0.983193	0.270661	0.000454545	0.000661157	0.720137	0
	0.412	0.00018595	0.000330579	0.983193	0.264463	0.000454545	0.000764463	0.720137	0
	0.413	0.000123967	0.000206612	0.983193	0.260331	0.000578512	0.000785124	0.722603	0
	0.414	0.00035124	0.000247934	0.983193	0.260331	0.000433884	0.000599174	0.722603	0
	0.415	0.000330579	0.000309917	0.983193	0.260331	0.000578512	0.000702479	0.722603	0
	0.416	0.000330579	0.000330579	0.983193	0.260331	0.000413223	0.000867769	0.722603	0
	0.417	0.00035124	0.00035124	0.983193	0.254132	0.000495868	0.00088843	0.722603	0
	0.418	0.00018595	0.000371901	0.983193	0.254132	0.000413223	0.000847107	0.722603	0
	0.419	0.000268595	0.000392562	0.983193	0.252066	0.000661157	0.000702479	0.719178	0
	0.42	0.00035124	0.000309917	0.983193	0.25	0.000619835	0.000661157	0.719178	0
	0.421	0.000268595	0.00035124	0.983193	0.25	0.000495868	0.000702479	0.715753	0
	0.422	0.000247934	0.000392562	0.983193	0.247934	0.000516529	0.000681818	0.715753	0
	0.423	0.00018595	0.000206612	0.983193	0.245868	0.000413223	0.000805785	0.718213	0
	0.424	0.000206612	0.000247934	0.983193	0.241736	0.000578512	0.000785124	0.714777	0
	0.425	0.00018595	0.000227273	0.983193	0.239669	0.000743802	0.00105372	0.714777	0
	0.426	0.000309917	0.000247934	0.983193	0.237603	0.000495868	0.000661157	0.717241	0
	0.427	0.000144628	0.00035124	0.983193	0.235537	0.000661157	0.000805785	0.717241	0
	0.428	0.000206612	0.000392562	0.983193	0.233471	0.000454545	0.000619835	0.717241	0
	0.429	0.000247934	0.000268595	0.983193	0.233471	0.000661157	0.000867769	0.719723	0
	0.43	0.000123967	0.000309917	0.983193	0.229339	0.00072314	0.000805785	0.716263	0
	0.431	0.000330579	0.000371901	0.983193	0.225207	0.000661157	0.000929752	0.71875	0
	0.432	0.000268595	0.000309917	0.983193	0.22314	0.000619835	0.000743802	0.71777	0
	0.433	0.000144628	0.000206612	0.983193	0.219008	0.000599174	0.000743802	0.71777	0
	0.434	0.000165289	0.000309917	0.983193	0.214876	0.000640496	0.000950413	0.71777	0
	0.435	0.000247934	0.000309917	0.983193	0.214876	0.000619835	0.000785124	0.71777	0
	0.436	0.000165289	0.00053719	0.983193	0.208678	0.00053719	0.00072314	0.71777	0
	0.437	0.00018595	0.000206612	0.985263	0.200413	0.00053719	0.000847107	0.71777	0
	0.438	0.000144628	0.00035124	0.985263	0.196281	0.00035124	0.000991736	0.71777	0
	0.439	0.000165289	0.000392562	0.985263	0.192149	0.000640496	0.00105372	0.71777	0
	0.44	0.000227273	0.000475207	0.985263	0.192149	0.000661157	0.000929752	0.71777	0
	0.441	0.000247934	0.000495868	0.985232	0.188017	0.000702479	0.000619835	0.71777	0
	0.442	0.000247934	0.000289256	0.985232	0.183884	0.000578512	0.000681818	0.71777	0
	0.443	0.000165289	0.00035124	0.985232	0.177686	0.000516529	0.000619835	0.71777	0
	0.444	8.26446e-05	0.000309917	0.985232	0.177686	0.000640496	0.000909091	0.72028	0
	0.445	0.00018595	0.00035124	0.985232	0.171488	0.000743802	0.000909091	0.72028	0
	0.446	0.00018595	0.000371901	0.985232	0.171488	0.000557851	0.000991736	0.72028	0
	0.447	0.000103306	0.000268595	0.985232	0.169421	0.000640496	0.000971074	0.72028	0
	0.448	0.00018595	0.000433884	0.985232	0.165289	0.000599174	0.000847107	0.72028	0
	0.449	0.000289256	0.000413223	0.983122	0.161157	0.000619835	0.00113636	0.72028	0
	0.45	0.000165289	0.000268595	0.983087	0.161157	0.000619835	0.000909091	0.722807	0
	0.451	0.000103306	0.00035124	0.983087	0.159091	0.000681818	0.000971074	0.719298	0
	0.452	0.000206612	0.000371901	0.983087	0.157025	0.000640496	0.000971074	0.719298	0
	0.453	0.00018595	0.000433884	0.983087	0.154959	0.000743802	0.000826446	0.719298	0
	0.454	0.000165289	0.000289256	0.983087	0.154959	0.000495868	0.000661157	0.719298	0
	0.455	0.00018595	0.000371901	0.983087	0.152893	0.000557851	0.00113636	0.719298	0
	0.456	0.000123967	0.000413223	0.983087	0.152893	0.000578512	0.000847107	0.721831	0
	0.457	0.000165289	0.000433884	0.980973	0.150826	0.000702479	0.0010124	0.720848	0
	0.458	0.000247934	0.000165289	0.980932	0.14876	0.000619835	0.000847107	0.717314	0
	0.459	0.000289256	0.000330579	0.980932	0.14876	0.000640496	0.000950413	0.713781	0
	0.46	0.00018595	0.000413223	0.978814	0.146694	0.00053719	0.0011157	0.710247	0
	0.461	0.000247934	0.000413223	0.978814	0.140496	0.000557851	0.000847107	0.712766	0
	0.462	0.000206612	0.000413223	0.978814	0.140496	0.000805785	0.000909091	0.712766	0
	0.463	0.000227273	0.000330579	0.978814	0.13843	0.00088843	0.00105372	0.70922	0
	0.464	0.000206612	0.000413223	0.978814	0.134298	0.000681818	0.0013843	0.714286	0
	0.465	8.26446e-05	0.000206612	0.978814	0.130165	0.000516529	0.000991736	0.716846	0
	0.466	0.000206612	0.000371901	0.978814	0.128099	0.000557851	0.00107438	0.713262	0
	0.467	0.000309917	0.000454545	0.978814	0.121901	0.000661157	0.00132231	0.709677	0
	0.468	0.000123967	0.00053719	0.978814	0.119835	0.000681818	0.000971074	0.71223	0
	0.469	0.000206612	0.000454545	0.974576	0.119835	0.000495868	0.00134298	0.708633	0
	0.47	0.000289256	0.000289256	0.974576	0.119835	0.000495868	0.00128099	0.705036	0
	0.471	0.000227273	0.000330579	0.974576	0.119835	0.000661157	0.0013843	0.705036	0
	0.472	0.000330579	0.000392562	0.972458	0.117769	0.000681818	0.00115702	0.707581	0
	0.473	0.000227273	0.000661157	0.974522	0.113636	0.000950413	0.00130165	0.707581	0
	0.474	0.000247934	0.000433884	0.974522	0.107438	0.000929752	0.00113636	0.706522	0
	0.475	0.000309917	0.000413223	0.972399	0.103306	0.000764463	0.0014876	0.706522	0
	0.476	0.000289256	0.00035124	0.972399	0.103306	0.000702479	0.000867769	0.701818	0
	0.477	0.000206612	0.000413223	0.972399	0.10124	0.000764463	0.00113636	0.69708	0
	0.478	0.000268595	0.000289256	0.972399	0.0991736	0.000764463	0.00119835	0.693431	0
	0.479	0.00035124	0.000392562	0.972399	0.0991736	0.000826446	0.00121901	0.693431	0
	0.48	0.000144628	0.000289256	0.972399	0.0950413	0.000785124	0.00115702	0.689781	0
	0.481	0.000454545	0.000557851	0.972399	0.0929752	0.000929752	0.00152893	0.692308	0
	0.482	0.000495868	0.000309917	0.974468	0.0929752	0.000867769	0.00117769	0.692308	0
	0.483	0.000392562	0.00053719	0.974468	0.0929752	0.000909091	0.00113636	0.692308	0
	0.484	0.00035124	0.000495868	0.97234	0.0929752	0.00088843	0.00130165	0.694853	0
	0.485	0.000413223	0.000495868	0.970213	0.0909091	0.00113636	0.00134298	0.7	0
	0.486	0.000371901	0.000557851	0.970213	0.0909091	0.000640496	0.0010124	0.685185	0
	0.487	0.000413223	0.000516529	0.970213	0.0909091	0.00107438	0.00128099	0.681481	0
	0.488	0.000433884	0.000392562	0.970213	0.0909091	0.000971074	0.00115702	0.681481	0
	0.489	0.000433884	0.000289256	0.970213	0.0909091	0.00107438	0.00117769	0.681481	0
	0.49	0.000413223	0.000413223	0.970213	0.0909091	0.000991736	0.00123967	0.674074	0
	0.491	0.000475207	0.000433884	0.972281	0.0909091	0.00088843	0.00157025	0.67658	0
	0.492	0.000309917	0.000206612	0.972281	0.0867769	0.00119835	0.0011157	0.672862	0
	0.493	0.00035124	0.000289256	0.972281	0.0867769	0.00132231	0.00132231	0.672862	0
	0.494	0.000247934	0.000475207	0.972281	0.0867769	0.00121901	0.00146694	0.672862	0
	0.495	0.000454545	0.000413223	0.972281	0.0826446	0.00134298	0.00126033	0.675373	0
	0.496	0.000433884	0.000433884	0.972281	0.0805785	0.00152893	0.00167355	0.683019	0
	0.497	0.000475207	0.000330579	0.972281	0.0805785	0.00163223	0.00198347	0.67803	0
	0.498	0.000330579	0.000495868	0.972281	0.0805785	0.00152893	0.00169421	0.676806	0
	0.499	0.000289256	0.000475207	0.974359	0.0785124	0.00227273	0.0013843	0.673004	0
	0.5	0.000681818	0.00035124	0.974359	0.0785124	0.0018595	0.00157025	0.673077	0
	0.501	0.000454545	0.000371901	0.974359	0.0785124	0.0022314	0.00192149	0.671815	0
	0.502	0.000268595	0.000433884	0.974359	0.0785124	0.00237603	0.00128099	0.664093	0
	0.503	0.000330579	0.000392562	0.974359	0.0764463	0.00225207	0.00165289	0.655039	0
	0.504	0.000289256	0.000516529	0.974359	0.0764463	0.00225207	0.00140496	0.651163	0
	0.505	0.000454545	0.000227273	0.974359	0.072314	0.00210744	0.00146694	0.644531	0
	0.506	0.000371901	0.000557851	0.972222	0.072314	0.00210744	0.00173554	0.650794	0
	0.507	0.000392562	0.000495868	0.972222	0.072314	0.00235537	0.00128099	0.658635	0
	0.508	0.000433884	0.00035124	0.970085	0.072314	0.00229339	0.00177686	0.658635	0
	0.509	0.000392562	0.000330579	0.970085	0.072314	0.00254132	0.00136364	0.66129	0
	0.51	0.000413223	0.000433884	0.970085	0.072314	0.00247934	0.00128099	0.672131	0
	0.511	0.000268595	0.000309917	0.970085	0.072314	0.00256198	0.00161157	0.677686	0
	0.512	0.000371901	0.000289256	0.970085	0.072314	0.00225207	0.0014876	0.673554	0
	0.513	0.000413223	0.000599174	0.970085	0.072314	0.00221074	0.00119835	0.665289	0
	0.514	0.000309917	0.00053719	0.972163	0.0681818	0.00247934	0.00161157	0.6639	0
	0.515	0.000371901	0.000475207	0.972163	0.0681818	0.00272727	0.00157025	0.659751	0
	0.516	0.000392562	0.000433884	0.972163	0.0661157	0.00216942	0.00157025	0.655602	0
	0.517	0.000392562	0.000433884	0.974249	0.0661157	0.00262397	0.00159091	0.658333	0
	0.518	0.000268595	0.000495868	0.974249	0.0640496	0.00210744	0.00165289	0.658333	0
	0.519	0.000330579	0.000495868	0.974249	0.0640496	0.00208678	0.0014876	0.658333	0
	0.52	0.000371901	0.000599174	0.974249	0.0640496	0.00254132	0.00165289	0.658333	0
	0.521	0.000309917	0.000433884	0.974249	0.0619835	0.00210744	0.00154959	0.658333	0
	0.522	0.000247934	0.000557851	0.974249	0.0619835	0.00239669	0.00159091	0.656904	0
	0.523	0.000103306	0.000475207	0.972103	0.0619835	0.00243802	0.00152893	0.654008	0
	0.524	0.000268595	0.000392562	0.972103	0.0599174	0.00216942	0.00179752	0.65678	0
	0.525	0.00035124	0.000475207	0.972103	0.0599174	0.00264463	0.00140496	0.651064	0
	0.526	0.000268595	0.00053719	0.972103	0.0599174	0.00235537	0.00146694	0.646809	0
	0.527	0.000330579	0.00072314	0.972103	0.0599174	0.00231405	0.00165289	0.650862	0
	0.528	0.000413223	0.000599174	0.974194	0.0599174	0.00283058	0.00169421	0.65368	0
	0.529	0.000165289	0.000371901	0.976293	0.0578512	0.0022314	0.00142562	0.649351	0
	0.53	0.000371901	0.000578512	0.976293	0.0578512	0.0022314	0.00173554	0.652174	0
	0.531	0.000289256	0.000599174	0.976293	0.0578512	0.00243802	0.00163223	0.652174	0
	0.532	0.000309917	0.000392562	0.976293	0.0578512	0.00221074	0.00179752	0.650655	0
	0.533	0.000433884	0.000454545	0.976293	0.0578512	0.00237603	0.00136364	0.649123	0
	0.534	0.000330579	0.000661157	0.978402	0.0578512	0.00233471	0.00130165	0.649123	0
	0.535	0.000309917	0.000516529	0.978402	0.0578512	0.00206612	0.00161157	0.649123	0
	0.536	0.000309917	0.000475207	0.978402	0.0578512	0.0022314	0.00163223	0.647577	0
	0.537	0.000289256	0.000557851	0.978402	0.0578512	0.00243802	0.0014876	0.650442	0
	0.538	0.000247934	0.000475207	0.978402	0.0557851	0.00200413	0.00142562	0.653333	0
	0.539	0.00018595	0.000433884	0.976242	0.0557851	0.00225207	0.00161157	0.647321	0
	0.54	0.000165289	0.000661157	0.976242	0.0557851	0.00214876	0.00198347	0.642857	0
	0.541	0.00018595	0.00035124	0.976242	0.0557851	0.00171488	0.00163223	0.648649	0
	0.542	0.000165289	0.000557851	0.976242	0.0557851	0.00196281	0.00132231	0.648649	0
	0.543	0.000289256	0.000433884	0.976242	0.0557851	0.00243802	0.00154959	0.651584	0
	0.544	0.000247934	0.000557851	0.974082	0.0557851	0.00206612	0.00121901	0.657534	0
	0.545	0.000247934	0.000309917	0.974082	0.0557851	0.0017562	0.00169421	0.663594	0
	0.546	0.000371901	0.00053719	0.97619	0.0557851	0.00210744	0.00152893	0.654378	0
	0.547	0.000227273	0.000392562	0.97619	0.0557851	0.00229339	0.00167355	0.645161	0
	0.548	0.000123967	0.000475207	0.978308	0.053719	0.00200413	0.00132231	0.651163	0
	0.549	0.000206612	0.000433884	0.978308	0.053719	0.0018595	0.00150826	0.641509	0
	0.55	0.000268595	0.000413223	0.978308	0.053719	0.00190083	0.00132231	0.647619	0
	0.551	0.000165289	0.000516529	0.978308	0.053719	0.00194215	0.00159091	0.647619	0
	0.552	0.000227273	0.000640496	0.978308	0.053719	0.00179752	0.00130165	0.653846	0
	0.553	0.000247934	0.000413223	0.980435	0.0516529	0.00171488	0.00159091	0.65534	0
	0.554	0.000289256	0.000371901	0.980435	0.0516529	0.00198347	0.00210744	0.661765	0
	0.555	0.000268595	0.000557851	0.978261	0.0516529	0.00154959	0.00152893	0.660099	0
	0.556	0.000247934	0.00035124	0.978261	0.0516529	0.00150826	0.00171488	0.658416	0
	0.557	0.000227273	0.000475207	0.976087	0.0516529	0.00144628	0.00144628	0.656716	0
	0.558	0.000206612	0.000165289	0.978166	0.0516529	0.00146694	0.00119835	0.655	0
	0.559	0.000309917	0.000557851	0.980306	0.0516529	0.00152893	0.00161157	0.651515	0
	0.56	0.000123967	0.000681818	0.980306	0.0516529	0.0017562	0.00165289	0.651515	0
	0.561	0.000165289	0.000764463	0.980306	0.0495868	0.00154959	0.00142562	0.642857	0
	0.562	0.000206612	0.000640496	0.978118	0.0495868	0.00179752	0.0014876	0.632653	0
	0.563	0.000247934	0.000578512	0.978118	0.0475207	0.00169421	0.00190083	0.635897	0
	0.564	0.000144628	0.000495868	0.97593	0.0454545	0.00165289	0.00167355	0.634021	0
	0.565	0.00018595	0.000433884	0.97593	0.0454545	0.00167355	0.00144628	0.637306	0
	0.566	0.000227273	0.000330579	0.97593	0.0454545	0.00165289	0.0017562	0.643979	0
	0.567	0.000247934	0.000475207	0.973742	0.0454545	0.00152893	0.00146694	0.636842	0
	0.568	0.000227273	0.00035124	0.971554	0.0454545	0.00167355	0.00179752	0.636842	0
	0.569	0.000330579	0.000619835	0.969365	0.0454545	0.0013843	0.0013843	0.640212	0
	0.57	0.000227273	0.000392562	0.969365	0.0454545	0.00165289	0.00154959	0.643617	0
	0.571	0.000289256	0.000599174	0.969365	0.0454545	0.0018595	0.00173554	0.647059	0
	0.572	0.000227273	0.000578512	0.969365	0.0454545	0.00171488	0.00163223	0.634409	0
	0.573	0.000330579	0.000392562	0.969365	0.0454545	0.0014876	0.0013843	0.629032	0
	0.574	0.000289256	0.000309917	0.969365	0.0454545	0.0013843	0.00161157	0.610811	0
	0.575	0.00035124	0.000495868	0.969365	0.0454545	0.00161157	0.0013843	0.610811	0
	0.576	0.000268595	0.000599174	0.971491	0.0454545	0.00159091	0.0017562	0.620879	0
	0.577	0.000309917	0.000330579	0.971491	0.0454545	0.00154959	0.00134298	0.624309	0
	0.578	0.000289256	0.000433884	0.971491	0.0454545	0.00181818	0.00119835	0.616667	0
	0.579	0.00035124	0.000330579	0.973626	0.0454545	0.0014876	0.00132231	0.617978	0
	0.58	0.000165289	0.000847107	0.973626	0.0454545	0.00119835	0.00161157	0.621469	0
	0.581	0.000268595	0.000578512	0.973626	0.0433884	0.00157025	0.00152893	0.622857	0
	0.582	0.000289256	0.000578512	0.973626	0.0433884	0.00173554	0.00150826	0.624277	0
	0.583	0.000413223	0.000516529	0.971429	0.0433884	0.00159091	0.00157025	0.622093	0
	0.584	0.000247934	0.000743802	0.971429	0.0433884	0.00181818	0.00179752	0.622093	0
	0.585	0.000247934	0.000619835	0.971429	0.0433884	0.00179752	0.00179752	0.616279	0
	0.586	0.000289256	0.000599174	0.971429	0.0433884	0.00159091	0.00144628	0.623529	0
	0.587	0.000309917	0.00053719	0.973568	0.0413223	0.00128099	0.00165289	0.625	0
	0.588	0.000433884	0.000640496	0.973568	0.0413223	0.0011157	0.00165289	0.619048	0
	0.589	0.000619835	0.000661157	0.973568	0.0413223	0.00190083	0.0014876	0.616766	0
	0.59	0.000433884	0.000619835	0.973568	0.0413223	0.00183884	0.00161157	0.612121	0
	0.591	0.000413223	0.000475207	0.973568	0.0413223	0.00140496	0.00134298	0.609756	0
	0.592	0.000371901	0.000578512	0.975717	0.0413223	0.00171488	0.00163223	0.617284	0
	0.593	0.000516529	0.000392562	0.975717	0.0392562	0.0017562	0.00144628	0.614907	0
	0.594	0.000413223	0.000475207	0.975717	0.0392562	0.00161157	0.00161157	0.608696	0
	0.595	0.000371901	0.000619835	0.975717	0.0392562	0.00154959	0.00140496	0.6125	0
	0.596	0.000454545	0.000475207	0.975717	0.0392562	0.00210744	0.00128099	0.60625	0
	0.597	0.000475207	0.000578512	0.975717	0.0392562	0.00200413	0.0014876	0.6	0
	0.598	0.000475207	0.000619835	0.975717	0.0392562	0.00157025	0.00169421	0.605096	0
	0.599	0.000557851	0.000516529	0.975717	0.0392562	0.00181818	0.00136364	0.592357	0
	0.6	0.000413223	0.000619835	0.975717	0.0392562	0.00188017	0.00146694	0.592357	0
	0.601	0.000289256	0.000495868	0.975717	0.0392562	0.00202479	0.00123967	0.573248	0
	0.602	0.000557851	0.000661157	0.975717	0.0392562	0.00216942	0.00113636	0.56051	0
	0.603	0.000413223	0.000475207	0.975717	0.0392562	0.00177686	0.00144628	0.567742	0
	0.604	0.000371901	0.000454545	0.975717	0.0392562	0.00165289	0.00159091	0.56129	0
	0.605	0.000413223	0.000433884	0.975717	0.0392562	0.00194215	0.00136364	0.564935	0
	0.606	0.000454545	0.000599174	0.975717	0.0392562	0.00204545	0.00142562	0.568627	0
	0.607	0.000309917	0.000681818	0.975717	0.0392562	0.00194215	0.00130165	0.572368	0
	0.608	0.000371901	0.000433884	0.975717	0.0392562	0.00208678	0.00152893	0.572368	0
	0.609	0.000413223	0.00072314	0.975717	0.0392562	0.00188017	0.00130165	0.576159	0
	0.61	0.000330579	0.000619835	0.975717	0.0392562	0.00169421	0.00179752	0.573333	0
	0.611	0.000227273	0.000578512	0.975717	0.0392562	0.00163223	0.00130165	0.577181	0
	0.612	0.000475207	0.000640496	0.975717	0.0392562	0.00210744	0.00126033	0.571429	0
	0.613	0.000454545	0.000847107	0.975717	0.0392562	0.0021281	0.00144628	0.564626	0
	0.614	0.000516529	0.000702479	0.975717	0.0392562	0.00192149	0.00136364	0.561644	0
	0.615	0.000330579	0.00053719	0.975717	0.0392562	0.00198347	0.00152893	0.551724	0
	0.616	0.000330579	0.000454545	0.975717	0.0392562	0.00204545	0.00157025	0.559441	0
	0.617	0.000330579	0.00053719	0.975717	0.0392562	0.00210744	0.00165289	0.545455	0
	0.618	0.000206612	0.000516529	0.975717	0.0392562	0.00173554	0.00154959	0.542254	0
	0.619	0.000165289	0.000578512	0.975717	0.0392562	0.00190083	0.00163223	0.542254	0
	0.62	0.00018595	0.000681818	0.977876	0.0392562	0.00192149	0.00165289	0.542254	0
	0.621	0.000206612	0.000454545	0.977876	0.0371901	0.00196281	0.0014876	0.539007	0
	0.622	0.000330579	0.000785124	0.977876	0.0371901	0.00177686	0.00173554	0.531915	0
	0.623	0.000289256	0.000764463	0.973451	0.0371901	0.00183884	0.0013843	0.514286	0
	0.624	0.000268595	0.000516529	0.971239	0.0371901	0.00210744	0.00173554	0.507143	0
	0.625	0.000144628	0.000619835	0.971239	0.0371901	0.00214876	0.00150826	0.507246	0
	0.626	0.000227273	0.000702479	0.971239	0.0371901	0.00181818	0.00121901	0.49635	0
	0.627	0.000123967	0.000702479	0.969027	0.0371901	0.0022314	0.00163223	0.49635	0
	0.628	0.000165289	0.000557851	0.971175	0.0371901	0.00169421	0.00152893	0.5	0
	0.629	0.000206612	0.000619835	0.968958	0.0371901	0.00210744	0.00132231	0.5	0
	0.63	0.000206612	0.000619835	0.968958	0.0371901	0.0017562	0.00144628	0.488889	0
	0.631	0.000206612	0.000578512	0.966741	0.0371901	0.00196281	0.00130165	0.481203	0
	0.632	0.00018595	0.000599174	0.966741	0.0371901	0.00188017	0.00140496	0.481203	0
	0.633	0.000123967	0.000619835	0.966741	0.0371901	0.00173554	0.00154959	0.473684	0
	0.634	0.000206612	0.000847107	0.968889	0.0371901	0.00198347	0.0014876	0.477273	0
	0.635	0.000144628	0.000599174	0.971047	0.0371901	0.00210744	0.00179752	0.477273	0
	0.636	0.00018595	0.000743802	0.971047	0.0371901	0.00192149	0.00134298	0.477273	0
	0.637	0.000123967	0.000785124	0.971047	0.0371901	0.00171488	0.00152893	0.476923	0
	0.638	0.000123967	0.00072314	0.971047	0.0371901	0.00202479	0.00134298	0.48062	0
	0.639	0.000268595	0.000557851	0.973214	0.0371901	0.00190083	0.0011157	0.46875	0
	0.64	0.000268595	0.000495868	0.973214	0.0371901	0.00171488	0.00142562	0.468254	0
	0.641	0.000123967	0.00072314	0.977578	0.0371901	0.00198347	0.00132231	0.472	0
	0.642	0.000165289	0.000516529	0.979775	0.0371901	0.00192149	0.00154959	0.459677	0
	0.643	0.000165289	0.000599174	0.979775	0.0371901	0.00169421	0.00142562	0.467213	0
	0.644	0.000206612	0.000640496	0.981982	0.0371901	0.00194215	0.00146694	0.467213	0
	0.645	0.00018595	0.000785124	0.97973	0.0371901	0.00157025	0.00113636	0.467213	0
	0.646	0.000289256	0.000661157	0.97973	0.0371901	0.00169421	0.00154959	0.46281	0
	0.647	0.000227273	0.00053719	0.97973	0.0371901	0.00159091	0.0014876	0.458333	0
	0.648	0.000227273	0.00053719	0.97973	0.0371901	0.00221074	0.00163223	0.458333	0
	0.649	0.000454545	0.000826446	0.97973	0.0371901	0.00159091	0.0014876	0.462185	0
	0.65	0.000309917	0.000702479	0.97973	0.0371901	0.0018595	0.00109504	0.457627	0
	0.651	0.000227273	0.000743802	0.97973	0.0371901	0.00181818	0.00107438	0.461538	0
	0.652	0.000247934	0.000578512	0.97973	0.0371901	0.00144628	0.00165289	0.465517	0
	0.653	0.000330579	0.000578512	0.97973	0.0371901	0.00163223	0.00134298	0.469565	0
	0.654	0.000268595	0.000557851	0.97973	0.035124	0.00165289	0.00177686	0.469565	0
	0.655	0.000289256	0.00072314	0.977477	0.035124	0.00204545	0.00105372	0.46087	0
	0.656	0.000144628	0.000847107	0.977477	0.0330579	0.0017562	0.00132231	0.46087	0
	0.657	0.00035124	0.000619835	0.977477	0.0330579	0.00157025	0.00123967	0.473214	0
	0.658	0.000289256	0.000785124	0.977477	0.0330579	0.00150826	0.00136364	0.464286	0
	0.659	0.000289256	0.000826446	0.975225	0.0330579	0.0013843	0.0013843	0.45045	0
	0.66	0.000516529	0.000557851	0.975225	0.0330579	0.00167355	0.00134298	0.45045	0
	0.661	0.000371901	0.000867769	0.975225	0.0330579	0.00181818	0.00144628	0.462963	0
	0.662	0.000371901	0.000826446	0.975225	0.0330579	0.00177686	0.00126033	0.462264	0
	0.663	0.000330579	0.000909091	0.975225	0.0309917	0.00181818	0.00134298	0.466667	0
	0.664	0.000268595	0.000805785	0.972973	0.0309917	0.00163223	0.00159091	0.466667	0
	0.665	0.000392562	0.000681818	0.972973	0.0309917	0.00119835	0.00152893	0.47	0
	0.666	0.000371901	0.00053719	0.972973	0.0309917	0.00142562	0.00150826	0.484536	0
	0.667	0.000227273	0.000847107	0.972973	0.0309917	0.00154959	0.00140496	0.484536	0
	0.668	0.00035124	0.000619835	0.972973	0.0309917	0.00140496	0.0013843	0.489583	0
	0.669	0.000475207	0.000764463	0.972973	0.0309917	0.00159091	0.00117769	0.494737	0
	0.67	0.000392562	0.000599174	0.975169	0.0309917	0.00146694	0.00117769	0.483871	0
	0.671	0.000330579	0.000661157	0.975169	0.0309917	0.00165289	0.00132231	0.494505	0
	0.672	0.00035124	0.000661157	0.977376	0.0309917	0.00142562	0.00128099	0.505618	0
	0.673	0.000227273	0.00053719	0.977376	0.0309917	0.00115702	0.00128099	0.505618	0
	0.674	0.000413223	0.000619835	0.977376	0.0309917	0.00132231	0.00132231	0.483146	0
	0.675	0.00035124	0.00072314	0.977376	0.0289256	0.00126033	0.00144628	0.47191	0
	0.676	0.000371901	0.000681818	0.977376	0.0289256	0.00113636	0.00117769	0.465909	0
	0.677	0.000392562	0.000599174	0.977376	0.0247934	0.00119835	0.00132231	0.45977	0
	0.678	0.000330579	0.000661157	0.977376	0.0227273	0.00136364	0.00115702	0.470588	0
	0.679	0.000206612	0.000578512	0.977376	0.0227273	0.00107438	0.00115702	0.458824	0
	0.68	0.000371901	0.000640496	0.977376	0.0227273	0.00128099	0.00103306	0.452381	0
	0.681	0.000330579	0.000640496	0.977376	0.0227273	0.0011157	0.00136364	0.445783	0
	0.682	0.00035124	0.000929752	0.977376	0.0227273	0.00130165	0.00130165	0.439024	0
	0.683	0.000309917	0.00053719	0.977376	0.0227273	0.00123967	0.00123967	0.439024	0
	0.684	0.00035124	0.000640496	0.977376	0.0227273	0.00119835	0.00144628	0.439024	0
	0.685	0.000371901	0.000743802	0.975113	0.0227273	0.0011157	0.00126033	0.439024	0
	0.686	0.000165289	0.00088843	0.975113	0.0227273	0.00115702	0.00117769	0.414634	0
	0.687	0.000247934	0.000661157	0.975113	0.0227273	0.000909091	0.00163223	0.419753	0
	0.688	0.000144628	0.00072314	0.975113	0.0227273	0.00115702	0.00130165	0.407407	0
	0.689	0.000268595	0.000640496	0.975113	0.0227273	0.00113636	0.00142562	0.382716	0
	0.69	0.000165289	0.000599174	0.975113	0.0227273	0.000971074	0.0010124	0.375	0
	0.691	0.000330579	0.000785124	0.975113	0.0206612	0.000950413	0.00115702	0.375	0
	0.692	0.000247934	0.000785124	0.977324	0.018595	0.000991736	0.00119835	0.35443	0
	0.693	0.000206612	0.000847107	0.975057	0.0165289	0.00121901	0.00103306	0.358974	0
	0.694	0.000247934	0.000785124	0.975057	0.0165289	0.00115702	0.00113636	0.346154	0
	0.695	0.000247934	0.000805785	0.975057	0.0144628	0.00142562	0.00126033	0.350649	0
	0.696	0.000392562	0.000681818	0.975057	0.0123967	0.00126033	0.000950413	0.346667	0
	0.697	0.000330579	0.00088843	0.975057	0.0123967	0.00123967	0.00121901	0.351351	0
	0.698	0.000227273	0.000785124	0.975	0.0123967	0.00121901	0.00123967	0.366197	0
	0.699	0.000268595	0.000764463	0.977221	0.0123967	0.00105372	0.00121901	0.357143	0
	0.7	0.00018595	0.000785124	0.974943	0.0103306	0.00123967	0.00103306	0.352941	0
	0.701	0.000371901	0.00088843	0.974886	0.0103306	0.00136364	0.00128099	0.352941	0
	0.702	0.00018595	0.0010124	0.974886	0.00826446	0.00119835	0.000909091	0.352941	0
	0.703	0.000165289	0.00103306	0.974886	0.00826446	0.00136364	0.0011157	0.358209	0
	0.704	0.000206612	0.00103306	0.974886	0.00826446	0.00115702	0.00130165	0.343284	0
	0.705	0.000165289	0.00113636	0.97032	0.00826446	0.00136364	0.00105372	0.353846	0
	0.706	0.00018595	0.000640496	0.97032	0.00826446	0.00117769	0.000950413	0.353846	0
	0.707	0.000227273	0.000578512	0.97032	0.00826446	0.00115702	0.000950413	0.338462	0
	0.708	0.000268595	0.000805785	0.965753	0.00826446	0.00146694	0.00107438	0.328125	0
	0.709	0.000227273	0.000805785	0.965675	0.00826446	0.00134298	0.00105372	0.328125	0
	0.71	0.000309917	0.000785124	0.96789	0.00826446	0.0014876	0.00109504	0.328125	0
	0.711	0.000206612	0.000826446	0.96789	0.00826446	0.0014876	0.00115702	0.31746	0
	0.712	0.000268595	0.000847107	0.96789	0.00826446	0.00142562	0.00117769	0.322581	0
	0.713	0.000206612	0.000661157	0.96789	0.00826446	0.00134298	0.0010124	0.311475	0
	0.714	0.00035124	0.00126033	0.96789	0.00826446	0.00123967	0.00113636	0.283333	0
	0.715	0.000268595	0.000785124	0.965596	0.00826446	0.0014876	0.000950413	0.275862	0
	0.716	0.000392562	0.000743802	0.965596	0.00826446	0.00115702	0.00103306	0.275862	0
	0.717	0.000206612	0.00088843	0.965596	0.00826446	0.00109504	0.00103306	0.280702	0
	0.718	0.000227273	0.00088843	0.965596	0.00826446	0.00130165	0.00123967	0.285714	0
	0.719	0.000454545	0.000991736	0.965596	0.00826446	0.00126033	0.00140496	0.267857	0
	0.72	0.00035124	0.000702479	0.963303	0.00826446	0.00115702	0.00107438	0.272727	0
	0.721	0.000371901	0.000991736	0.965517	0.00826446	0.00159091	0.000950413	0.272727	0
	0.722	0.000392562	0.000681818	0.965517	0.00826446	0.00152893	0.00146694	0.277778	0
	0.723	0.000309917	0.000909091	0.965517	0.00826446	0.00130165	0.00119835	0.277778	0
	0.724	0.000413223	0.000971074	0.965517	0.00826446	0.00132231	0.0011157	0.259259	0
	0.725	0.000454545	0.000785124	0.967742	0.00826446	0.00130165	0.000991736	0.259259	0
	0.726	0.000371901	0.000867769	0.969977	0.00826446	0.00117769	0.00109504	0.259259	0
	0.727	0.000413223	0.000743802	0.967667	0.00826446	0.00128099	0.000991736	0.264151	0
	0.728	0.000454545	0.000764463	0.967667	0.00826446	0.00107438	0.00117769	0.269231	0
	0.729	0.000475207	0.00103306	0.967667	0.00826446	0.00136364	0.00113636	0.25	0
	0.73	0.000495868	0.00123967	0.965358	0.00826446	0.00134298	0.000805785	0.25	0
	0.731	0.00053719	0.000950413	0.965358	0.00619835	0.00130165	0.000909091	0.25	0
	0.732	0.000413223	0.000971074	0.95843	0.00619835	0.000867769	0.000909091	0.235294	0
	0.733	0.000516529	0.000929752	0.95843	0.00619835	0.00119835	0.00115702	0.235294	0
	0.734	0.000681818	0.000681818	0.95843	0.00206612	0.00126033	0.00107438	0.24	0
	0.735	0.000640496	0.000929752	0.953811	0.00206612	0.00130165	0.00105372	0.24	0
	0.736	0.000454545	0.00115702	0.951501	0.00206612	0.00117769	0.000991736	0.24	0
	0.737	0.000826446	0.000826446	0.951501	0.00206612	0.000909091	0.00115702	0.24	0
	0.738	0.000702479	0.000929752	0.946882	0.00206612	0.00107438	0.00136364	0.244898	0
	0.739	0.000702479	0.000867769	0.946882	0.00206612	0.000826446	0.00132231	0.25	0
	0.74	0.000599174	0.000971074	0.946882	0.00206612	0.000971074	0.000950413	0.26087	0
	0.741	0.000826446	0.00132231	0.946882	0.00206612	0.000847107	0.000805785	0.266667	0
	0.742	0.00088843	0.000971074	0.942263	0.00206612	0.00088843	0.000971074	0.272727	0
	0.743	0.000950413	0.000991736	0.942263	0.00206612	0.00105372	0.00072314	0.285714	0
	0.744	0.000619835	0.00088843	0.939954	0.00206612	0.00088843	0.000971074	0.292683	0
	0.745	0.000826446	0.00105372	0.937644	0.00206612	0.00088843	0.000991736	0.292683	0
	0.746	0.000826446	0.00115702	0.937644	0.00206612	0.000764463	0.000971074	0.275	0
	0.747	0.00103306	0.00103306	0.937644	0.00206612	0.000702479	0.00072314	0.275	0
	0.748	0.000909091	0.00123967	0.935185	0.00206612	0.000867769	0.000950413	0.282051	0
	0.749	0.000764463	0.00140496	0.935185	0.00206612	0.000867769	0.00088843	0.289474	0
	0.75	0.000743802	0.000909091	0.935185	0.00206612	0.000578512	0.000909091	0.305556	0
	0.751	0.000764463	0.000950413	0.935185	0.00206612	0.000640496	0.000805785	0.314286	0
	0.752	0.000847107	0.00105372	0.935185	0.00206612	0.000475207	0.00107438	0.314286	0
	0.753	0.00088843	0.00103306	0.935185	0.00206612	0.000557851	0.000805785	0.314286	0
	0.754	0.000991736	0.000702479	0.935185	0.00206612	0.000805785	0.000991736	0.285714	0
	0.755	0.000847107	0.00132231	0.937355	0.00206612	0.00072314	0.000826446	0.285714	0
	0.756	0.00103306	0.00103306	0.935035	0.00206612	0.00072314	0.000743802	0.294118	0
	0.757	0.00107438	0.00107438	0.935035	0.00206612	0.000681818	0.000743802	0.3	0
	0.758	0.000764463	0.00117769	0.932715	0.00206612	0.000557851	0.000847107	0.266667	0
	0.759	0.000578512	0.0010124	0.932715	0.00206612	0.000516529	0.0010124	0.266667	0
	0.76	0.000971074	0.00132231	0.932715	0.00206612	0.00053719	0.000991736	0.285714	0
	0.761	0.000971074	0.00107438	0.930394	0.00206612	0.000454545	0.000971074	0.285714	0
	0.762	0.00103306	0.00115702	0.930394	0.00206612	0.000578512	0.000847107	0.296296	0
	0.763	0.00107438	0.000909091	0.932558	0.00206612	0.000619835	0.000681818	0.307692	0
	0.764	0.0010124	0.00126033	0.932558	0.00206612	0.000640496	0.000743802	0.269231	0
	0.765	0.00136364	0.0010124	0.932558	0.00206612	0.00035124	0.000867769	0.25	0
	0.766	0.00072314	0.00140496	0.934732	0.00206612	0.000619835	0.000805785	0.208333	0
	0.767	0.00113636	0.0010124	0.934732	0.00206612	0.00035124	0.000681818	0.208333	0
	0.768	0.000929752	0.000991736	0.927739	0.00206612	0.000495868	0.000557851	0.208333	0
	0.769	0.000867769	0.0011157	0.927739	0.00206612	0.000371901	0.000826446	0.217391	0
	0.77	0.00117769	0.00123967	0.927739	0.00206612	0.000764463	0.0010124	0.238095	0
	0.771	0.00088843	0.00107438	0.929742	0.00206612	0.000640496	0.000619835	0.190476	0
	0.772	0.00113636	0.0011157	0.929742	0.00206612	0.000495868	0.000867769	0.142857	0
	0.773	0.00107438	0.00119835	0.931925	0.00206612	0.000578512	0.000847107	0.142857	0
	0.774	0.00119835	0.00115702	0.931925	0.00206612	0.000599174	0.00088843	0.15	0
	0.775	0.0014876	0.00113636	0.931925	0.00206612	0.000392562	0.000826446	0.166667	0
	0.776	0.0010124	0.000743802	0.934118	0.00206612	0.000309917	0.000743802	0.166667	0
	0.777	0.00123967	0.00119835	0.934118	0.00206612	0.000330579	0.000826446	0.166667	0
	0.778	0.000764463	0.000991736	0.936321	0.00206612	0.000454545	0.000557851	0.166667	0
	0.779	0.000847107	0.00107438	0.936321	0.00206612	0.000433884	0.000681818	0.166667	0
	0.78	0.000971074	0.0011157	0.936321	0.00206612	0.00053719	0.000991736	0.166667	0
	0.781	0.000826446	0.00152893	0.93617	0.00206612	0.000371901	0.00088843	0.166667	0
	0.782	0.00107438	0.000909091	0.93617	0.00206612	0.000516529	0.000785124	0.166667	0
	0.783	0.000805785	0.00121901	0.933649	0.00206612	0.000454545	0.000764463	0.166667	0
	0.784	0.000805785	0.00119835	0.933649	0.00206612	0.00053719	0.000743802	0.166667	0
	0.785	0.000929752	0.0013843	0.933649	0.00206612	0.000578512	0.00053719	0.176471	0
	0.786	0.000971074	0.00121901	0.933649	0.00206612	0.000495868	0.000578512	0.176471	0
	0.787	0.000867769	0.00115702	0.935867	0	0.000392562	0.000702479	0.176471	0
	0.788	0.00105372	0.00121901	0.933492	0	0.000454545	0.000661157	0.176471	0
	0.789	0.000785124	0.00128099	0.928741	0	0.000661157	0.000805785	0.1875	0
	0.79	0.000764463	0.00161157	0.928741	0	0.000599174	0.000578512	0.214286	0
	0.791	0.000805785	0.00103306	0.928741	0	0.000433884	0.000909091	0.230769	0
	0.792	0.000743802	0.00113636	0.92619	0	0.000495868	0.000599174	0.230769	0
	0.793	0.000681818	0.00150826	0.928401	0	0.000475207	0.000661157	0.230769	0
	0.794	0.000640496	0.00157025	0.92823	0	0.000392562	0.00053719	0.25	0
	0.795	0.000826446	0.00144628	0.92823	0	0.000413223	0.000619835	0.25	0
	0.796	0.000599174	0.00142562	0.92823	0	0.000413223	0.000619835	0.25	0
	0.797	0.000826446	0.00144628	0.930288	0	0.000330579	0.000578512	0.25	0
	0.798	0.000805785	0.00146694	0.93253	0	0.00053719	0.000681818	0.25	0
	0.799	0.000867769	0.0013843	0.929952	0	0.000371901	0.000702479	0.25	0
	0.8	0.000681818	0.00134298	0.929782	0	0.000309917	0.000867769	0.25	0
	0.801	0.000867769	0.00117769	0.929782	0	0.000413223	0.000557851	0.25	0
	0.802	0.000847107	0.00117769	0.927361	0	0.000599174	0.000413223	0.166667	0
	0.803	0.000743802	0.00123967	0.927361	0	0.00035124	0.000475207	0.0833333	0
	0.804	0.000764463	0.00126033	0.929612	0	0.000371901	0.000475207	0.0833333	0
	0.805	0.000681818	0.00126033	0.927184	0	0.00053719	0.000702479	0.0833333	0
	0.806	0.000619835	0.0014876	0.927184	0	0.000392562	0.00053719	0.0833333	0
	0.807	0.0010124	0.0013843	0.927007	0	0.000268595	0.000619835	0.0833333	0
	0.808	0.000599174	0.00173554	0.919708	0	0.000309917	0.00072314	0.0833333	0
	0.809	0.00103306	0.0014876	0.921951	0	0.000227273	0.000702479	0.0833333	0
	0.81	0.000950413	0.00128099	0.921951	0	0.000413223	0.000702479	0.0833333	0
	0.811	0.000991736	0.00123967	0.92176	0	0.000309917	0.000371901	0.0833333	0
	0.812	0.000950413	0.00161157	0.92176	0	0.000165289	0.000516529	0.0833333	0
	0.813	0.000950413	0.0014876	0.919118	0	0.000165289	0.000495868	0.0833333	0
	0.814	0.0010124	0.00159091	0.916667	0	0.000371901	0.000619835	0.0833333	0
	0.815	0.000909091	0.00123967	0.916462	0	0.000309917	0.000619835	0.0909091	0
	0.816	0.00119835	0.00169421	0.916256	0	0.000227273	0.000557851	0.0909091	0
	0.817	0.00105372	0.00144628	0.91133	0	0.000268595	0.00053719	0.0909091	0
	0.818	0.0010124	0.00188017	0.908642	0	0.000206612	0.000619835	0.0909091	0
	0.819	0.00128099	0.00128099	0.908642	0	0.000144628	0.000516529	0.0909091	0
	0.82	0.000971074	0.00163223	0.908416	0	0.00018595	0.000619835	0.0909091	0
	0.821	0.00107438	0.00183884	0.903465	0	0.000103306	0.000557851	0.0909091	0
	0.822	0.00128099	0.00165289	0.903465	0	0.000123967	0.000475207	0.111111	0
	0.823	0.00121901	0.00194215	0.90099	0	0.00018595	0.000371901	0.111111	0
	0.824	0.00107438	0.00171488	0.90099	0	6.19835e-05	0.000454545	0.111111	0
	0.825	0.00130165	0.00165289	0.90099	0	0.00018595	0.000454545	0.111111	0
	0.826	0.00119835	0.00177686	0.903226	0	0.000123967	0.000392562	0.125	0
	0.827	0.00130165	0.00173554	0.895782	0	0.00018595	0.000371901	0.166667	0
	0.828	0.00152893	0.00161157	0.900249	0	0.000144628	0.000454545	0.166667	0
	0.829	0.00173554	0.00157025	0.900249	0	4.13223e-05	0.000475207	0.2	0
	0.83	0.0013843	0.00171488	0.900249	0	8.26446e-05	0.000578512	0.2	0
	0.831	0.0017562	0.00126033	0.897756	0	8.26446e-05	0.00035124	0.2	0
	0.832	0.00173554	0.00192149	0.897756	0	0.000103306	0.000475207	0.2	0
	0.833	0.00181818	0.00159091	0.897756	0	2.06612e-05	0.000454545	0.2	0
	0.834	0.00140496	0.00163223	0.9	0	0.000144628	0.000433884	0.2	0
	0.835	0.00140496	0.00167355	0.8975	0	8.26446e-05	0.000289256	0.25	0
	0.836	0.00177686	0.00140496	0.8975	0	4.13223e-05	0.000475207	0.333333	0
	0.837	0.00146694	0.0013843	0.899749	0	8.26446e-05	0.000475207	0.333333	0
	0.838	0.00183884	0.00169421	0.906566	0	6.19835e-05	0.000661157	0.333333	0
	0.839	0.00154959	0.00167355	0.90404	0	0.00018595	0.000516529	0.333333	0
	0.84	0.00179752	0.00167355	0.901515	0	6.19835e-05	0.000392562	0.333333	0
	0.841	0.00142562	0.00179752	0.901515	0	0.000103306	0.000330579	0.333333	0
	0.842	0.00161157	0.00171488	0.901515	0	0.000123967	0.00035124	0.333333	0
	0.843	0.00181818	0.00177686	0.901515	0	4.13223e-05	0.000413223	0.333333	0
	0.844	0.00163223	0.00161157	0.901515	0	0.000103306	0.000433884	0.333333	0
	0.845	0.00177686	0.00173554	0.901266	0	0.000103306	0.000433884	0.333333	0
	0.846	0.00192149	0.00210744	0.901266	0	0.000123967	0.00035124	0.333333	0
	0.847	0.00161157	0.00190083	0.903553	0	8.26446e-05	0.000330579	0.333333	0
	0.848	0.00165289	0.00177686	0.903553	0	0.000123967	0.000392562	0.333333	0
	0.849	0.00136364	0.00227273	0.905852	0	6.19835e-05	0.000454545	0.333333	0
	0.85	0.00157025	0.00169421	0.903308	0	0.000103306	0.000371901	0.333333	0
	0.851	0.00134298	0.00181818	0.905612	0	8.26446e-05	0.000289256	0.333333	0
	0.852	0.00132231	0.00177686	0.905371	0	6.19835e-05	0.000454545	0.333333	0
	0.853	0.00130165	0.00188017	0.907692	0	0	0.000371901	0.333333	0
	0.854	0.00107438	0.00152893	0.907692	0	0.000123967	0.000454545	0.333333	0
	0.855	0.00123967	0.00167355	0.910026	0	6.19835e-05	0.000309917	0.333333	0
	0.856	0.00130165	0.00198347	0.912371	0	0	0.000392562	0.333333	0
	0.857	0.0011157	0.00177686	0.914729	0	2.06612e-05	0.000330579	0.333333	0
	0.858	0.00136364	0.00221074	0.914729	0	0.000103306	0.000247934	0.5	0
	0.859	0.0011157	0.00154959	0.911917	0	2.06612e-05	0.000289256	0.5	0
	0.86	0.00088843	0.00221074	0.914286	0	4.13223e-05	0.000392562	0.5	0
	0.861	0.0013843	0.00144628	0.921466	0	8.26446e-05	0.00053719	0.5	0
	0.862	0.00130165	0.00188017	0.923885	0	0	0.000165289	0.5	0
	0.863	0.00107438	0.00202479	0.923885	0	0	0.000227273	0.5	0
	0.864	0.00088843	0.00169421	0.926316	0	0	0.000268595	0.5	0
	0.865	0.000785124	0.00231405	0.92876	0	2.06612e-05	0.000433884	0.5	0
	0.866	0.000805785	0.00202479	0.92876	0	2.06612e-05	0.000247934	0.5	0
	0.867	0.000743802	0.00225207	0.93617	0	0	0.000371901	0.5	0
	0.868	0.00072314	0.00264463	0.93617	0	0	0.000227273	0.5	0
	0.869	0.000847107	0.00200413	0.93617	0	0	0.000268595	0.5	0
	0.87	0.0010124	0.00179752	0.933511	0	0	0.00035124	0.5	0
	0.871	0.000909091	0.00196281	0.938338	0	0	0.000309917	0.5	0
	0.872	0.000764463	0.00227273	0.932976	0	0	0.000247934	0.5	0
	0.873	0.000681818	0.00194215	0.937838	0	0	0.000165289	0.5	0
	0.874	0.000661157	0.00216942	0.932432	0	0	0.000309917	0.5	0
	0.875	0.000702479	0.00200413	0.934959	0	2.06612e-05	0.000165289	0.5	0
	0.876	0.000557851	0.00190083	0.9375	0	0	0.000165289	1	0
	0.877	0.000702479	0.00243802	0.9375	0	0	0.000227273	1	0
	0.878	0.000557851	0.00206612	0.93733	0	0	0.000309917	1	0
	0.879	0.000578512	0.00181818	0.934605	0	0	0.000371901	1	0
	0.88	0.000681818	0.00216942	0.93188	0	0	0.000227273	1	0
	0.881	0.000661157	0.00208678	0.926431	0	0	0.000123967	1	0
	0.882	0.000599174	0.00192149	0.92623	0	0	0.000268595	1	0
	0.883	0.000764463	0.0022314	0.928767	0	0	0.000144628	1	0
	0.884	0.000743802	0.00227273	0.931319	0	0	0.000206612	1	0
	0.885	0.00121901	0.00264463	0.928375	0	0	0.000165289	1	0
	0.886	0.000847107	0.0022314	0.922865	0	0	0.000289256	1	0
	0.887	0.00105372	0.00254132	0.922438	0	0	0.000103306	1	0
	0.888	0.00109504	0.00219008	0.925	0	0	0.00018595	1	0
	0.889	0.000971074	0.00225207	0.913889	0	0	0.000289256	1	0
	0.89	0.000826446	0.00206612	0.916435	0	0	0.00018595	1	0
	0.891	0.00126033	0.00221074	0.916435	0	0	0.000206612	1	0
	0.892	0.000929752	0.00235537	0.913649	0	0	0.00018595	1	0
	0.893	0.00128099	0.00258264	0.908078	0	0	0.000227273	1	0
	0.894	0.00144628	0.00241736	0.910615	0	0	0.000227273	1	0
	0.895	0.00134298	0.00285124	0.910615	0	0	0.00035124	1	0
	0.896	0.00167355	0.00264463	0.910615	0	0	8.26446e-05	1	0
	0.897	0.0017562	0.00258264	0.907821	0	0	6.19835e-05	1	0
	0.898	0.00146694	0.00260331	0.907821	0	0	0.000123967	1	0
	0.899	0.00146694	0.00270661	0.907821	0	0	0.000206612	1	0
	0.9	0.00165289	0.00241736	0.910364	0	0	0.000206612	1	0
	0.901	0.0017562	0.00293388	0.910112	0	0	0.000247934	1	0
	0.902	0.00163223	0.00303719	0.912429	0	0	0.000103306	1	0
	0.903	0.00188017	0.00260331	0.90678	0	0	0.000123967	1	0
	0.904	0.00179752	0.00266529	0.903955	0	0	6.19835e-05	1	0
	0.905	0.00208678	0.00270661	0.90113	0	0	2.06612e-05	1	0
	0.906	0.00196281	0.00307851	0.90113	0	0	0.000165289	1	0
	0.907	0.00198347	0.00285124	0.90113	0	0	0.000247934	1	0
	0.908	0.00177686	0.00332645	0.898305	0	0	0.000123967	1	0
	0.909	0.00196281	0.00266529	0.892655	0	0	8.26446e-05	1	0
	0.91	0.00177686	0.00293388	0.889831	0	0	0.000247934	1	0
	0.911	0.00243802	0.00221074	0.892351	0	0	0.000144628	1	0
	0.912	0.00227273	0.00278926	0.886364	0	0	0.000103306	1	0
	0.913	0.00221074	0.00264463	0.880682	0	0	0.000103306	1	0
	0.914	0.00210744	0.00297521	0.883191	0	0	0.000103306	1	0
	0.915	0.00204545	0.0028719	0.883191	0	0	0.000123967	1	0
	0.916	0.00167355	0.00328512	0.885714	0	0	8.26446e-05	1	0
	0.917	0.00188017	0.00268595	0.885714	0	0	6.19835e-05	1	0
	0.918	0.00202479	0.00289256	0.88	0	0	6.19835e-05	1	0
	0.919	0.00198347	0.00305785	0.879656	0	0	6.19835e-05	1	0
	0.92	0.00173554	0.00326446	0.876791	0	0	6.19835e-05	1	0
	0.921	0.0018595	0.0035124	0.873926	0	0	0.000103306	1	0
	0.922	0.00190083	0.00268595	0.873563	0	0	6.19835e-05	1	0
	0.923	0.00202479	0.00347107	0.877907	0	0	8.26446e-05	1	0
	0.924	0.00167355	0.0028719	0.880466	0	0	4.13223e-05	1	0
	0.925	0.00165289	0.00285124	0.87172	0	0	8.26446e-05	1	0
	0.926	0.00188017	0.00301653	0.865889	0	0	0.000103306	1	0
	0.927	0.00227273	0.00336777	0.868035	0	0	0.000123967	1	0
	0.928	0.0017562	0.00316116	0.870588	0	2.06612e-05	0.000103306	1	0
	0.929	0.00208678	0.00342975	0.867257	0	6.19835e-05	0.000103306	0	0
	0.93	0.00200413	0.00305785	0.866864	0	0	6.19835e-05	0	0
	0.931	0.00227273	0.00349174	0.860534	0	2.06612e-05	8.26446e-05	0	0
	0.932	0.00221074	0.00340909	0.85119	0	4.13223e-05	8.26446e-05	0	0
	0.933	0.00239669	0.00307851	0.845238	0	4.13223e-05	8.26446e-05	0	0
	0.934	0.0021281	0.00342975	0.843844	0	0	2.06612e-05	0	0
	0.935	0.00231405	0.00345041	0.851064	0	0	2.06612e-05	0	0
	0.936	0.00210744	0.00396694	0.856269	0	6.19835e-05	0.000144628	0	0
	0.937	0.0028719	0.00309917	0.856269	0	0.000103306	2.06612e-05	0	0
	0.938	0.00297521	0.00340909	0.852308	0	2.06612e-05	4.13223e-05	0	0
	0.939	0.0027686	0.0036157	0.854489	0	6.19835e-05	6.19835e-05	0	0
	0.94	0.00283058	0.00392562	0.847826	0	0.000103306	2.06612e-05	0	0
	0.941	0.00309917	0.00326446	0.838509	0	0.000206612	6.19835e-05	0	0
	0.942	0.0036157	0.0038843	0.835404	0	8.26446e-05	0	0	0
	0.943	0.00340909	0.00386364	0.825545	0	0.000103306	0	0	0
	0.944	0.00371901	0.00400826	0.819315	0	0.000144628	6.19835e-05	0	0
	0.945	0.00367769	0.0038843	0.816199	0	2.06612e-05	0	0	0
	0.946	0.00355372	0.00365702	0.80625	0	0.000103306	2.06612e-05	0	0
	0.947	0.00409091	0.00404959	0.8	0	0.000165289	4.13223e-05	0	0
	0.948	0.0036157	0.00411157	0.7875	0	0.000103306	2.06612e-05	0	0
	0.949	0.00448347	0.00392562	0.778125	0	0.000123967	4.13223e-05	0	0
	0.95	0.00392562	0.00390496	0.774295	0	4.13223e-05	2.06612e-05	0	0
	0.951	0.00440083	0.00340909	0.77044	0	6.19835e-05	2.06612e-05	0	0
	0.952	0.00458678	0.00448347	0.77707	0	6.19835e-05	0	0	0
	0.953	0.00458678	0.00471074	0.778135	0	8.26446e-05	2.06612e-05	0	0
	0.954	0.00438017	0.00417355	0.768489	0	8.26446e-05	2.06612e-05	0	0
	0.955	0.00460744	0.00442149	0.770968	0	2.06612e-05	2.06612e-05	0	0
	0.956	0.00506198	0.00376033	0.772727	0	2.06612e-05	0	0	0
	0.957	0.00520661	0.00489669	0.771987	0	2.06612e-05	0	0	0
	0.958	0.0046281	0.00448347	0.767974	0	2.06612e-05	0	0	0
	0.959	0.00582645	0.00415289	0.767213	0	2.06612e-05	2.06612e-05	0	0
	0.96	0.00489669	0.0043595	0.759868	0	0	0	0	0
	0.961	0.00524793	0.00407025	0.758278	0	4.13223e-05	2.06612e-05	0	0
	0.962	0.00508264	0.00440083	0.755853	0	0	6.19835e-05	0	0
	0.963	0.00553719	0.00433884	0.757576	0	0	2.06612e-05	0	0
	0.964	0.00522727	0.00448347	0.75	0	0	2.06612e-05	0	0
	0.965	0.00491736	0.00483471	0.756014	0	0	2.06612e-05	0	0
	0.966	0.00570248	0.00475207	0.750865	0	0	2.06612e-05	0	0
	0.967	0.00433884	0.0047314	0.757895	0	0	0	0	0
	0.968	0.00512397	0.005	0.759717	0	0	0	0	0
	0.969	0.0046281	0.00475207	0.76259	0	0	2.06612e-05	0	0
	0.97	0.00489669	0.00528926	0.754513	0	0	0	0	0
	0.971	0.00516529	0.0060124	0.754513	0	0	2.06612e-05	0	0
	0.972	0.00442149	0.00543388	0.753676	0	0	0	0	0
	0.973	0.00477273	0.00541322	0.75	0	0	0	0	0
	0.974	0.00485537	0.00597107	0.752852	0	0	0	0	0
	0.975	0.00479339	0.00619835	0.743295	0	0	0	0	0
	0.976	0.00551653	0.00650826	0.741313	0	0	0	0	0
	0.977	0.00549587	0.00576446	0.741176	0	0	0	0	0
	0.978	0.00584711	0.0063843	0.73913	0	0	0	0	0
	0.979	0.00630165	0.00654959	0.732	0	0	0	0	0
	0.98	0.00721074	0.00692149	0.742857	0	0	0	0	0
	0.981	0.00632231	0.00754132	0.73444	0	0	0	0	0
	0.982	0.00657025	0.00758264	0.720833	0	0	2.06612e-05	0	0
	0.983	0.00714876	0.00652893	0.708861	0	0	0	0	0
	0.984	0.00772727	0.00892562	0.689362	0	0	0	0	0
	0.985	0.00863636	0.00845041	0.67094	0	0	0	0	0
	0.986	0.0089876	0.00830579	0.647826	0	0	0	0	0
	0.987	0.00971074	0.00946281	0.602679	0	0	0	0	0
	0.988	0.0106405	0.00933884	0.547511	0	0	0	0	0
	0.989	0.0128099	0.0102479	0.497696	0	0	0	0	0
	0.99	0.0147521	0.011405	0.455814	0	0	0	0	0
	0.991	0.0176446	0.0111157	0.413953	0	0	0	0	0
	0.992	0.0217975	0.0127479	0.379808	0	0	0	0	0
	0.993	0.0244215	0.0128926	0.312195	0	0	0	0	0
	0.994	0.0287603	0.0133884	0.261307	0	0	0	0	0
	0.995	0.0319421	0.0137397	0.213542	0	0	0	0	0
	0.996	0.0357851	0.0136777	0.147541	0	0	0	0	0
	0.997	0.0400413	0.0122727	0.0857143	0	0	0	0	0
	0.998	0.045062	0.0114463	0.030303	0	0	0	0	0
	0.999	0.0507025	0.00840909	0	0	0	0	0	0
	1	0.0461777	0.00485537	0	0	0	0	0	0


#	yrange	sparsity	# links	zeta	support at cross	fraction FP	support at cross2	fraction FP2
	0	0	0	0.0025614	0.984	0.43475	0.984	0.43475
	0.06	0	0	0.0025614	0.984	0.43475	0.984	0.43475
