#	Frequencies and overlap
#	bins	MYC	shuffle	overlap_MYC	overlap_shuffle	SIGN_MYC	SIGNshuffle	SIGNoverlap_MYC	SIGNoverlap_shuffle
	0	0	0	1	1	0.420558	0.390062	0.73913	0
	0.001	0	0	1	1	0	0	0.73913	0
	0.002	0	0	1	1	0	0	0.73913	0
	0.003	0	0	1	1	0	0	0.73913	0
	0.004	0	0	1	1	0	0	0.73913	0
	0.005	0	0	1	1	0	0	0.73913	0
	0.006	0	0	1	1	0	0	0.73913	0
	0.007	0	0	1	1	0	0	0.73913	0
	0.008	0	0	1	1	0	0	0.73913	0
	0.009	0	0	1	1	0	0	0.73913	0
	0.01	0	0	1	1	0	0	0.73913	0
	0.011	0	0	1	1	0	0	0.73913	0
	0.012	0	0	1	1	0	0	0.73913	0
	0.013	0	0	1	1	0	0	0.73913	0
	0.014	0	0	1	1	0	0	0.73913	0
	0.015	0	0	1	1	0	0	0.73913	0
	0.016	0	0	1	1	0	0	0.73913	0
	0.017	0	0	1	1	0	0	0.73913	0
	0.018	0	0	1	1	0	0	0.73913	0
	0.019	0	0	1	1	0	0	0.73913	0
	0.02	0	0	1	1	0	0	0.73913	0
	0.021	0	0	1	1	0	0	0.73913	0
	0.022	0	0	1	1	0	0	0.73913	0
	0.023	0	0	1	1	0	0	0.73913	0
	0.024	0	0	1	1	0	0	0.73913	0
	0.025	0	0	1	1	0	0	0.73913	0
	0.026	0	0	1	1	0	0	0.73913	0
	0.027	0	0	1	1	0	0	0.73913	0
	0.028	0	0	1	1	0	0	0.73913	0
	0.029	0	0	1	1	0	0	0.73913	0
	0.03	0	0	1	1	0	0	0.73913	0
	0.031	0	0	1	1	0	0	0.73913	0
	0.032	0	0	1	1	0	0	0.73913	0
	0.033	0	0	1	1	0	0	0.73913	0
	0.034	0	0	1	1	0	0	0.73913	0
	0.035	0	0	1	1	0	0	0.73913	0
	0.036	0	0	1	1	0	0	0.73913	0
	0.037	0	0	1	1	0	0	0.73913	0
	0.038	0	0	1	1	0	0	0.73913	0
	0.039	0	0	1	1	0	0	0.73913	0
	0.04	0	2.06612e-05	1	1	0	0	0.73913	0
	0.041	0	0	1	0.997934	0	0	0.73913	0
	0.042	0	0	1	0.997934	0	0	0.73913	0
	0.043	0	0	1	0.997934	0	0	0.73913	0
	0.044	0	0	1	0.997934	0	0	0.73913	0
	0.045	0	0	1	0.997934	0	0	0.73913	0
	0.046	0	0	1	0.997934	0	0	0.73913	0
	0.047	0	0	1	0.997934	0	0	0.73913	0
	0.048	0	0	1	0.997934	0	0	0.73913	0
	0.049	0	0	1	0.997934	0	0	0.73913	0
	0.05	0	0	1	0.997934	0	0	0.73913	0
	0.051	0	0	1	0.997934	0	0	0.73913	0
	0.052	0	0	1	0.997934	0	0	0.73913	0
	0.053	0	0	1	0.997934	0	0	0.73913	0
	0.054	0	0	1	0.997934	0	0	0.73913	0
	0.055	0	0	1	0.997934	0	0	0.73913	0
	0.056	0	0	1	0.997934	0	2.06612e-05	0.73913	0
	0.057	0	0	1	0.997934	0	0	0.73913	0
	0.058	0	0	1	0.997934	0	0	0.73913	0
	0.059	0	0	1	0.997934	0	0	0.73913	0
	0.06	0	0	1	0.997934	0	2.06612e-05	0.73913	0
	0.061	0	0	1	0.997934	0	0	0.73913	0
	0.062	0	0	1	0.997934	0	0	0.73913	0
	0.063	0	0	1	0.997934	0	0	0.73913	0
	0.064	0	0	1	0.997934	0	0	0.73913	0
	0.065	0	0	1	0.997934	0	2.06612e-05	0.73913	0
	0.066	0	0	1	0.997934	0	0	0.73913	0
	0.067	0	0	1	0.997934	0	0	0.73913	0
	0.068	0	0	1	0.997934	0	0	0.73913	0
	0.069	0	0	1	0.997934	0	0	0.73913	0
	0.07	0	0	1	0.997934	0	0	0.73913	0
	0.071	0	0	1	0.997934	0	0	0.73913	0
	0.072	0	0	1	0.997934	0	2.06612e-05	0.73913	0
	0.073	0	0	1	0.997934	0	0	0.73913	0
	0.074	0	0	1	0.997934	0	0	0.73913	0
	0.075	0	0	1	0.997934	0	0	0.73913	0
	0.076	0	0	1	0.997934	0	0	0.73913	0
	0.077	0	0	1	0.997934	0	0	0.73913	0
	0.078	0	0	1	0.997934	0	0	0.73913	0
	0.079	0	0	1	0.997934	0	0	0.73913	0
	0.08	0	0	1	0.997934	0	0	0.73913	0
	0.081	0	0	1	0.997934	0	0	0.73913	0
	0.082	0	0	1	0.997934	0	0	0.73913	0
	0.083	0	0	1	0.997934	0	0	0.73913	0
	0.084	0	0	1	0.997934	0	0	0.73913	0
	0.085	0	0	1	0.997934	0	0	0.73913	0
	0.086	0	0	1	0.997934	0	0	0.73913	0
	0.087	0	0	1	0.997934	0	0	0.73913	0
	0.088	0	0	1	0.997934	0	0	0.73913	0
	0.089	0	0	1	0.997934	0	0	0.73913	0
	0.09	0	0	1	0.997934	0	0	0.73913	0
	0.091	0	0	1	0.997934	0	0	0.73913	0
	0.092	0	0	1	0.997934	0	0	0.73913	0
	0.093	0	0	1	0.997934	0	0	0.73913	0
	0.094	0	0	1	0.997934	0	0	0.73913	0
	0.095	0	0	1	0.997934	0	0	0.73913	0
	0.096	0	0	1	0.997934	0	0	0.73913	0
	0.097	0	0	1	0.997934	0	0	0.73913	0
	0.098	0	0	1	0.997934	0	0	0.73913	0
	0.099	0	0	1	0.997934	0	0	0.73913	0
	0.1	0	0	1	0.997934	0	0	0.73913	0
	0.101	0	2.06612e-05	1	0.997934	0	0	0.73913	0
	0.102	0	0	1	0.995868	0	2.06612e-05	0.73913	0
	0.103	0	0	1	0.995868	0	0	0.73913	0
	0.104	0	2.06612e-05	1	0.995868	0	0	0.73913	0
	0.105	0	0	1	0.993802	0	0	0.73913	0
	0.106	0	0	1	0.993802	0	0	0.73913	0
	0.107	0	2.06612e-05	1	0.993802	0	2.06612e-05	0.73913	0
	0.108	0	0	1	0.991736	0	0	0.73913	0
	0.109	0	2.06612e-05	1	0.991736	0	0	0.73913	0
	0.11	0	0	1	0.989669	0	0	0.73913	0
	0.111	0	0	1	0.989669	0	4.13223e-05	0.73913	0
	0.112	0	0	1	0.989669	0	0	0.73913	0
	0.113	0	0	1	0.989669	0	2.06612e-05	0.73913	0
	0.114	0	0	1	0.989669	0	2.06612e-05	0.73913	0
	0.115	0	0	1	0.989669	0	0	0.73913	0
	0.116	0	0	1	0.989669	0	0	0.73913	0
	0.117	0	0	1	0.989669	0	0	0.73913	0
	0.118	0	0	1	0.989669	0	0	0.73913	0
	0.119	0	0	1	0.989669	0	0	0.73913	0
	0.12	0	0	1	0.989669	0	0	0.73913	0
	0.121	0	0	1	0.989669	0	0	0.73913	0
	0.122	0	0	1	0.989669	0	0	0.73913	0
	0.123	0	0	1	0.989669	0	2.06612e-05	0.73913	0
	0.124	0	0	1	0.989669	0	0	0.73913	0
	0.125	0	0	1	0.989669	0	2.06612e-05	0.73913	0
	0.126	0	0	1	0.989669	0	2.06612e-05	0.73913	0
	0.127	0	0	1	0.989669	0	0	0.73913	0
	0.128	0	0	1	0.989669	0	2.06612e-05	0.73913	0
	0.129	0	0	1	0.989669	0	0	0.73913	0
	0.13	0	0	1	0.989669	0	0	0.73913	0
	0.131	0	0	1	0.989669	0	0	0.73913	0
	0.132	0	2.06612e-05	1	0.989669	0	2.06612e-05	0.73913	0
	0.133	0	0	1	0.987603	0	2.06612e-05	0.73913	0
	0.134	0	0	1	0.987603	0	0	0.73913	0
	0.135	0	0	1	0.987603	0	0	0.73913	0
	0.136	0	0	1	0.987603	0	2.06612e-05	0.73913	0
	0.137	0	0	1	0.987603	0	0	0.73913	0
	0.138	0	0	1	0.987603	0	4.13223e-05	0.73913	0
	0.139	0	0	1	0.987603	0	0	0.73913	0
	0.14	0	0	1	0.987603	0	0	0.73913	0
	0.141	0	0	1	0.987603	0	2.06612e-05	0.73913	0
	0.142	0	0	1	0.987603	0	0	0.73913	0
	0.143	0	0	1	0.987603	0	2.06612e-05	0.73913	0
	0.144	0	0	1	0.987603	0	0	0.73913	0
	0.145	0	0	1	0.987603	0	2.06612e-05	0.73913	0
	0.146	0	2.06612e-05	1	0.987603	0	2.06612e-05	0.73913	0
	0.147	0	0	1	0.985537	0	0	0.73913	0
	0.148	0	0	1	0.985537	0	0	0.73913	0
	0.149	0	2.06612e-05	1	0.985537	0	0	0.73913	0
	0.15	0	0	1	0.983471	0	0	0.73913	0
	0.151	0	0	1	0.983471	0	2.06612e-05	0.73913	0
	0.152	0	0	1	0.983471	0	2.06612e-05	0.73913	0
	0.153	0	0	1	0.983471	0	0	0.73913	0
	0.154	0	0	1	0.983471	0	0	0.73913	0
	0.155	0	0	1	0.983471	0	0	0.73913	0
	0.156	0	0	1	0.983471	0	2.06612e-05	0.73913	0
	0.157	0	0	1	0.983471	0	2.06612e-05	0.73913	0
	0.158	0	2.06612e-05	1	0.983471	0	0	0.73913	0
	0.159	0	0	1	0.981405	0	0	0.73913	0
	0.16	0	0	1	0.981405	0	0	0.73913	0
	0.161	0	0	1	0.981405	0	0	0.73913	0
	0.162	0	0	1	0.981405	0	2.06612e-05	0.73913	0
	0.163	0	0	1	0.981405	0	0	0.73913	0
	0.164	0	0	1	0.981405	0	0	0.73913	0
	0.165	0	0	1	0.981405	0	0	0.73913	0
	0.166	0	0	1	0.981405	0	2.06612e-05	0.73913	0
	0.167	0	0	1	0.981405	0	0	0.73913	0
	0.168	0	0	1	0.981405	0	0	0.73913	0
	0.169	0	0	1	0.981405	0	2.06612e-05	0.73913	0
	0.17	0	0	1	0.981405	0	0	0.73913	0
	0.171	0	0	1	0.981405	0	2.06612e-05	0.73913	0
	0.172	0	0	1	0.981405	0	4.13223e-05	0.73913	0
	0.173	0	0	1	0.981405	0	2.06612e-05	0.73913	0
	0.174	0	0	1	0.981405	0	0	0.73913	0
	0.175	0	2.06612e-05	1	0.981405	0	2.06612e-05	0.73913	0
	0.176	0	0	1	0.979339	0	0	0.73913	0
	0.177	0	0	1	0.979339	0	4.13223e-05	0.73913	0
	0.178	0	0	1	0.979339	0	2.06612e-05	0.73913	0
	0.179	0	2.06612e-05	1	0.979339	0	0	0.73913	0
	0.18	0	0	1	0.979339	0	4.13223e-05	0.73913	0
	0.181	0	0	1	0.979339	0	2.06612e-05	0.73913	0
	0.182	0	0	1	0.979339	0	0	0.73913	0
	0.183	0	0	1	0.979339	0	2.06612e-05	0.73913	0
	0.184	0	0	1	0.979339	0	2.06612e-05	0.73913	0
	0.185	0	0	1	0.979339	0	6.19835e-05	0.73913	0
	0.186	0	0	1	0.979339	0	0	0.73913	0
	0.187	0	0	1	0.979339	0	2.06612e-05	0.73913	0
	0.188	0	0	1	0.979339	0	2.06612e-05	0.73913	0
	0.189	0	0	1	0.979339	0	0	0.73913	0
	0.19	0	2.06612e-05	1	0.979339	0	0	0.73913	0
	0.191	0	2.06612e-05	1	0.977273	0	0	0.73913	0
	0.192	0	0	1	0.975207	0	2.06612e-05	0.73913	0
	0.193	0	0	1	0.975207	0	0	0.73913	0
	0.194	0	0	1	0.975207	0	2.06612e-05	0.73913	0
	0.195	0	0	1	0.975207	0	0	0.73913	0
	0.196	0	0	1	0.975207	0	2.06612e-05	0.73913	0
	0.197	0	2.06612e-05	1	0.975207	0	0	0.73913	0
	0.198	0	0	1	0.97314	0	4.13223e-05	0.73913	0
	0.199	0	0	1	0.97314	0	2.06612e-05	0.73913	0
	0.2	0	0	1	0.97314	0	4.13223e-05	0.73913	0
	0.201	0	0	1	0.97314	0	0	0.73913	0
	0.202	0	0	1	0.97314	0	2.06612e-05	0.73913	0
	0.203	0	0	1	0.97314	0	0	0.73913	0
	0.204	0	0	1	0.97314	0	2.06612e-05	0.73913	0
	0.205	0	0	1	0.97314	0	4.13223e-05	0.73913	0
	0.206	0	2.06612e-05	1	0.97314	0	0	0.73913	0
	0.207	0	2.06612e-05	1	0.971074	0	2.06612e-05	0.73913	0
	0.208	0	0	1	0.969008	0	2.06612e-05	0.73913	0
	0.209	0	0	1	0.969008	0	4.13223e-05	0.73913	0
	0.21	0	0	1	0.969008	0	2.06612e-05	0.73913	0
	0.211	0	0	1	0.969008	0	0	0.73913	0
	0.212	0	2.06612e-05	1	0.969008	0	4.13223e-05	0.73913	0
	0.213	0	0	1	0.966942	0	0	0.73913	0
	0.214	0	0	1	0.966942	0	2.06612e-05	0.73913	0
	0.215	0	0	1	0.966942	0	2.06612e-05	0.73913	0
	0.216	0	6.19835e-05	1	0.966942	0	4.13223e-05	0.73913	0
	0.217	0	4.13223e-05	1	0.966942	0	2.06612e-05	0.73913	0
	0.218	0	0	1	0.964876	0	4.13223e-05	0.73913	0
	0.219	0	0	1	0.964876	0	0	0.73913	0
	0.22	0	2.06612e-05	1	0.964876	0	4.13223e-05	0.73913	0
	0.221	0	0	1	0.964876	0	8.26446e-05	0.73913	0
	0.222	0	0	1	0.964876	0	4.13223e-05	0.73913	0
	0.223	0	0	1	0.964876	0	6.19835e-05	0.73913	0
	0.224	0	4.13223e-05	1	0.964876	0	4.13223e-05	0.73913	0
	0.225	0	4.13223e-05	1	0.964876	0	2.06612e-05	0.73913	0
	0.226	0	2.06612e-05	1	0.964876	0	2.06612e-05	0.73913	0
	0.227	0	2.06612e-05	1	0.96281	0	4.13223e-05	0.73913	0
	0.228	0	2.06612e-05	1	0.96281	0	0	0.73913	0
	0.229	0	4.13223e-05	1	0.960744	0	2.06612e-05	0.73913	0
	0.23	0	0	1	0.958678	0	6.19835e-05	0.73913	0
	0.231	0	0	1	0.958678	0	2.06612e-05	0.73913	0
	0.232	0	0	1	0.958678	0	4.13223e-05	0.73913	0
	0.233	0	0	1	0.958678	0	4.13223e-05	0.73913	0
	0.234	0	2.06612e-05	1	0.958678	2.06612e-05	0.000103306	0.73913	0
	0.235	0	2.06612e-05	1	0.956612	0	8.26446e-05	0.736025	0
	0.236	0	2.06612e-05	1	0.954545	0	2.06612e-05	0.736025	0
	0.237	0	4.13223e-05	1	0.952479	0	8.26446e-05	0.736025	0
	0.238	0	2.06612e-05	1	0.948347	0	2.06612e-05	0.736025	0
	0.239	0	4.13223e-05	1	0.946281	0	0.000123967	0.736025	0
	0.24	0	0	1	0.946281	0	2.06612e-05	0.736025	0
	0.241	0	0	1	0.946281	0	6.19835e-05	0.736025	0
	0.242	0	0	1	0.946281	0	2.06612e-05	0.736025	0
	0.243	0	0	1	0.946281	0	2.06612e-05	0.736025	0
	0.244	0	0	1	0.946281	0	2.06612e-05	0.736025	0
	0.245	0	0	1	0.946281	0	6.19835e-05	0.736025	0
	0.246	0	0	1	0.946281	0	4.13223e-05	0.736025	0
	0.247	0	2.06612e-05	1	0.946281	2.06612e-05	4.13223e-05	0.736025	0
	0.248	0	0	1	0.944215	0	4.13223e-05	0.732919	0
	0.249	0	2.06612e-05	1	0.944215	0	2.06612e-05	0.732919	0
	0.25	0	0	1	0.942149	0	4.13223e-05	0.732919	0
	0.251	0	2.06612e-05	1	0.942149	0	0	0.732919	0
	0.252	0	0	1	0.942149	2.06612e-05	2.06612e-05	0.732919	0
	0.253	0	0	1	0.942149	0	8.26446e-05	0.732919	0
	0.254	0	0	1	0.942149	4.13223e-05	2.06612e-05	0.732919	0
	0.255	0	2.06612e-05	1	0.942149	4.13223e-05	4.13223e-05	0.732919	0
	0.256	0	0	1	0.940083	2.06612e-05	4.13223e-05	0.732919	0
	0.257	0	2.06612e-05	1	0.940083	0	6.19835e-05	0.732919	0
	0.258	0	4.13223e-05	1	0.940083	0	2.06612e-05	0.732919	0
	0.259	0	0	1	0.93595	0	0.000103306	0.732919	0
	0.26	0	8.26446e-05	1	0.93595	4.13223e-05	6.19835e-05	0.732919	0
	0.261	0	2.06612e-05	1	0.929752	4.13223e-05	0.000103306	0.732919	0
	0.262	0	2.06612e-05	1	0.927686	4.13223e-05	0	0.732919	0
	0.263	0	0	1	0.927686	4.13223e-05	6.19835e-05	0.732919	0
	0.264	0	2.06612e-05	1	0.927686	0	6.19835e-05	0.732919	0
	0.265	0	0	1	0.927686	4.13223e-05	0	0.732919	0
	0.266	0	4.13223e-05	1	0.927686	2.06612e-05	4.13223e-05	0.732919	0
	0.267	0	2.06612e-05	1	0.923554	2.06612e-05	0.000103306	0.732919	0
	0.268	0	0	1	0.921488	2.06612e-05	4.13223e-05	0.732919	0
	0.269	0	0	1	0.921488	6.19835e-05	6.19835e-05	0.732919	0
	0.27	0	0	1	0.921488	2.06612e-05	4.13223e-05	0.732919	0
	0.271	0	0	1	0.921488	6.19835e-05	6.19835e-05	0.732919	0
	0.272	0	0	1	0.921488	0.000103306	6.19835e-05	0.732919	0
	0.273	0	2.06612e-05	1	0.921488	6.19835e-05	0.000103306	0.732919	0
	0.274	0	2.06612e-05	1	0.919421	0.000123967	4.13223e-05	0.732919	0
	0.275	0	2.06612e-05	1	0.917355	0.000165289	4.13223e-05	0.732919	0
	0.276	0	0	1	0.915289	8.26446e-05	4.13223e-05	0.732919	0
	0.277	0	2.06612e-05	1	0.915289	6.19835e-05	8.26446e-05	0.732919	0
	0.278	0	0	1	0.915289	6.19835e-05	4.13223e-05	0.732919	0
	0.279	0	0	1	0.915289	0.000144628	6.19835e-05	0.732919	0
	0.28	0	0	1	0.915289	0.000103306	8.26446e-05	0.732919	0
	0.281	0	4.13223e-05	1	0.915289	0.000123967	6.19835e-05	0.732919	0
	0.282	0	0	1	0.915289	0.000123967	8.26446e-05	0.732919	0
	0.283	0	0	1	0.915289	6.19835e-05	4.13223e-05	0.732919	0
	0.284	0	4.13223e-05	1	0.915289	0.000103306	8.26446e-05	0.732919	0
	0.285	0	2.06612e-05	1	0.915289	6.19835e-05	6.19835e-05	0.732919	0
	0.286	0	0	1	0.915289	0.000123967	2.06612e-05	0.732919	0
	0.287	0	4.13223e-05	1	0.915289	4.13223e-05	4.13223e-05	0.732919	0
	0.288	0	0	1	0.913223	4.13223e-05	2.06612e-05	0.732919	0
	0.289	0	2.06612e-05	1	0.913223	0.000123967	8.26446e-05	0.732919	0
	0.29	0	4.13223e-05	1	0.913223	0.000165289	6.19835e-05	0.732919	0
	0.291	0	2.06612e-05	1	0.913223	8.26446e-05	4.13223e-05	0.732919	0
	0.292	0	2.06612e-05	1	0.913223	0.000103306	8.26446e-05	0.732919	0
	0.293	0	4.13223e-05	1	0.913223	4.13223e-05	0.000103306	0.732919	0
	0.294	0	2.06612e-05	1	0.911157	0.00018595	6.19835e-05	0.732919	0
	0.295	0	2.06612e-05	1	0.909091	0.000144628	8.26446e-05	0.732919	0
	0.296	0	0	1	0.907025	2.06612e-05	0.000123967	0.732919	0
	0.297	0	2.06612e-05	1	0.907025	0.000103306	6.19835e-05	0.732919	0
	0.298	0	4.13223e-05	1	0.904959	4.13223e-05	4.13223e-05	0.732919	0
	0.299	0	0	1	0.902893	6.19835e-05	8.26446e-05	0.732919	0
	0.3	0	4.13223e-05	1	0.902893	0.000103306	0.00018595	0.732919	0
	0.301	0	2.06612e-05	1	0.89876	6.19835e-05	0.000103306	0.732919	0
	0.302	0	2.06612e-05	1	0.89876	2.06612e-05	6.19835e-05	0.732919	0
	0.303	0	6.19835e-05	1	0.89876	6.19835e-05	4.13223e-05	0.732919	0
	0.304	0	4.13223e-05	1	0.89876	2.06612e-05	0.000206612	0.732919	0
	0.305	0	2.06612e-05	1	0.894628	4.13223e-05	6.19835e-05	0.732919	0
	0.306	0	0.000103306	1	0.894628	0.000144628	0.000144628	0.732919	0
	0.307	0	2.06612e-05	1	0.890496	8.26446e-05	4.13223e-05	0.732919	0
	0.308	0	2.06612e-05	1	0.88843	2.06612e-05	0.000144628	0.732919	0
	0.309	0	2.06612e-05	1	0.886364	2.06612e-05	4.13223e-05	0.732919	0
	0.31	0	4.13223e-05	1	0.886364	0	0.000144628	0.732919	0
	0.311	0	0	1	0.886364	4.13223e-05	8.26446e-05	0.732919	0
	0.312	0	2.06612e-05	1	0.886364	0	8.26446e-05	0.732919	0
	0.313	2.06612e-05	2.06612e-05	1	0.886364	4.13223e-05	8.26446e-05	0.732919	0
	0.314	0	4.13223e-05	0.997934	0.884298	4.13223e-05	8.26446e-05	0.732919	0
	0.315	0	2.06612e-05	0.997934	0.880165	2.06612e-05	6.19835e-05	0.732919	0
	0.316	0	4.13223e-05	0.997934	0.880165	4.13223e-05	0.000103306	0.732919	0
	0.317	0	0	0.997934	0.878099	2.06612e-05	6.19835e-05	0.732919	0
	0.318	0	2.06612e-05	0.997934	0.878099	2.06612e-05	8.26446e-05	0.732919	0
	0.319	0	2.06612e-05	0.997934	0.876033	0	8.26446e-05	0.732919	0
	0.32	0	0	0.997934	0.876033	4.13223e-05	0.000123967	0.732919	0
	0.321	0	4.13223e-05	0.997934	0.876033	0	0.000144628	0.735202	0
	0.322	0	6.19835e-05	0.997934	0.876033	0	0.000144628	0.735202	0
	0.323	0	2.06612e-05	0.997934	0.876033	2.06612e-05	0.000103306	0.735202	0
	0.324	0	2.06612e-05	0.997934	0.873967	0	6.19835e-05	0.732087	0
	0.325	2.06612e-05	4.13223e-05	0.997934	0.873967	0	8.26446e-05	0.732087	0
	0.326	0	0	0.997934	0.871901	2.06612e-05	0.00018595	0.732087	0
	0.327	0	8.26446e-05	0.997934	0.871901	2.06612e-05	0.000123967	0.732087	0
	0.328	0	4.13223e-05	0.997934	0.871901	0	6.19835e-05	0.732087	0
	0.329	0	2.06612e-05	0.997934	0.869835	2.06612e-05	0.000206612	0.732087	0
	0.33	0	0	0.997934	0.869835	0	0.000206612	0.732087	0
	0.331	2.06612e-05	0	0.997934	0.869835	2.06612e-05	0.000206612	0.732087	0
	0.332	0	4.13223e-05	0.997934	0.869835	0	8.26446e-05	0.732087	0
	0.333	0	6.19835e-05	0.997934	0.869835	0	0.000103306	0.732087	0
	0.334	4.13223e-05	6.19835e-05	0.997934	0.867769	4.13223e-05	8.26446e-05	0.732087	0
	0.335	2.06612e-05	2.06612e-05	0.997934	0.865702	2.06612e-05	8.26446e-05	0.728972	0
	0.336	4.13223e-05	4.13223e-05	0.997934	0.865702	8.26446e-05	0.000144628	0.728972	0
	0.337	4.13223e-05	2.06612e-05	0.997934	0.863636	6.19835e-05	0.000144628	0.728972	0
	0.338	0	4.13223e-05	0.997934	0.863636	4.13223e-05	8.26446e-05	0.73125	0
	0.339	2.06612e-05	2.06612e-05	0.997934	0.863636	6.19835e-05	0.000227273	0.73125	0
	0.34	0	4.13223e-05	0.997934	0.863636	0.000103306	0.00018595	0.73125	0
	0.341	4.13223e-05	4.13223e-05	0.997934	0.863636	4.13223e-05	0.000103306	0.73125	0
	0.342	6.19835e-05	0	0.997934	0.863636	4.13223e-05	8.26446e-05	0.73125	0
	0.343	6.19835e-05	6.19835e-05	0.997934	0.863636	2.06612e-05	0.000206612	0.73125	0
	0.344	2.06612e-05	2.06612e-05	0.997934	0.859504	8.26446e-05	0.000206612	0.73125	0
	0.345	4.13223e-05	4.13223e-05	0.997934	0.857438	8.26446e-05	0.000123967	0.73125	0
	0.346	6.19835e-05	2.06612e-05	0.997934	0.857438	0.000144628	0.00018595	0.73125	0
	0.347	8.26446e-05	0	0.997934	0.857438	0.000330579	0.000165289	0.73125	0
	0.348	0.000103306	8.26446e-05	0.997934	0.857438	0.000165289	0.000206612	0.73125	0
	0.349	0.000103306	6.19835e-05	0.997934	0.85124	0.00018595	0.000144628	0.73125	0
	0.35	0	4.13223e-05	0.997934	0.849174	0.00018595	0.000144628	0.73125	0
	0.351	0	0	0.997934	0.849174	0.000144628	0.000165289	0.73125	0
	0.352	6.19835e-05	6.19835e-05	0.997934	0.849174	0.000330579	0.000144628	0.73125	0
	0.353	0	8.26446e-05	0.997934	0.849174	8.26446e-05	0.000247934	0.73125	0
	0.354	4.13223e-05	4.13223e-05	0.997934	0.842975	0.000268595	8.26446e-05	0.73125	0
	0.355	6.19835e-05	2.06612e-05	0.997934	0.842975	0.000413223	0.000247934	0.73125	0
	0.356	0.000123967	4.13223e-05	0.997934	0.842975	0.000309917	0.000227273	0.728125	0
	0.357	2.06612e-05	4.13223e-05	0.997934	0.842975	0.00018595	0.00018595	0.728125	0
	0.358	0.000103306	2.06612e-05	0.997934	0.840909	0.000309917	6.19835e-05	0.728125	0
	0.359	8.26446e-05	2.06612e-05	0.997934	0.840909	8.26446e-05	0.000103306	0.728125	0
	0.36	2.06612e-05	2.06612e-05	0.997934	0.840909	0.000268595	0.000289256	0.728125	0
	0.361	4.13223e-05	2.06612e-05	0.997934	0.840909	0.000227273	0.00018595	0.728125	0
	0.362	4.13223e-05	4.13223e-05	0.997934	0.840909	0.000268595	0.000144628	0.728125	0
	0.363	4.13223e-05	2.06612e-05	0.997934	0.840909	0.00035124	6.19835e-05	0.728125	0
	0.364	6.19835e-05	4.13223e-05	0.997934	0.840909	0.000268595	0.000330579	0.728125	0
	0.365	4.13223e-05	0	0.997934	0.838843	0.00018595	0.000165289	0.728125	0
	0.366	6.19835e-05	4.13223e-05	0.997934	0.838843	0.000165289	0.000206612	0.728125	0
	0.367	0	6.19835e-05	0.997934	0.838843	0.000268595	0.000268595	0.728125	0
	0.368	4.13223e-05	6.19835e-05	0.997934	0.838843	0.000123967	0.000144628	0.728125	0
	0.369	4.13223e-05	0	0.997934	0.836777	0.000165289	0.00018595	0.728125	0
	0.37	2.06612e-05	4.13223e-05	0.997934	0.836777	0.000309917	0.000144628	0.728125	0
	0.371	8.26446e-05	0.000144628	0.997934	0.834711	0.000371901	8.26446e-05	0.728125	0
	0.372	0	4.13223e-05	0.997934	0.832645	0.00035124	0.00018595	0.728125	0
	0.373	4.13223e-05	4.13223e-05	0.997934	0.832645	0.000309917	0.000268595	0.728125	0
	0.374	2.06612e-05	6.19835e-05	0.997934	0.832645	0.00035124	0.000227273	0.728125	0
	0.375	2.06612e-05	2.06612e-05	0.997934	0.832645	0.000413223	0.000247934	0.728125	0
	0.376	0	6.19835e-05	0.997934	0.832645	0.000165289	0.000268595	0.728125	0
	0.377	4.13223e-05	2.06612e-05	0.997934	0.830579	0.000247934	0.000247934	0.728125	0
	0.378	4.13223e-05	2.06612e-05	0.997934	0.830579	0.000268595	0.000392562	0.728125	0
	0.379	0	2.06612e-05	0.997934	0.830579	0.000330579	0.000247934	0.728125	0
	0.38	2.06612e-05	4.13223e-05	0.997934	0.828512	0.00018595	0.000165289	0.728125	0
	0.381	0	8.26446e-05	0.997934	0.828512	0.000206612	0.000144628	0.728125	0
	0.382	0	6.19835e-05	0.997934	0.826446	0.000206612	0.000144628	0.728125	0
	0.383	0	2.06612e-05	0.997934	0.826446	0.000144628	0.000309917	0.728125	0
	0.384	0	4.13223e-05	0.997934	0.826446	0.000123967	0.000371901	0.728125	0
	0.385	0	6.19835e-05	0.997934	0.82438	0.000309917	0.000227273	0.725	0
	0.386	4.13223e-05	8.26446e-05	0.997934	0.82438	0.00018595	0.000289256	0.727273	0
	0.387	0	4.13223e-05	0.997934	0.822314	0.00018595	0.000227273	0.724138	0
	0.388	0	2.06612e-05	0.997934	0.820248	0.000165289	0.000227273	0.724138	0
	0.389	0	4.13223e-05	0.997934	0.820248	0.000144628	0.000330579	0.724138	0
	0.39	2.06612e-05	4.13223e-05	0.997934	0.820248	0.000165289	0.000413223	0.724138	0
	0.391	0	4.13223e-05	0.997934	0.820248	0.000103306	0.000165289	0.726415	0
	0.392	0	6.19835e-05	0.997934	0.820248	0.000247934	0.000227273	0.726415	0
	0.393	0	4.13223e-05	0.997934	0.818182	0.000103306	0.000247934	0.726415	0
	0.394	0	6.19835e-05	0.997934	0.818182	8.26446e-05	0.000103306	0.726415	0
	0.395	0	0.000103306	0.997934	0.818182	0.000268595	0.000227273	0.726415	0
	0.396	0	6.19835e-05	0.997934	0.816116	0.00018595	0.000268595	0.726415	0
	0.397	0	6.19835e-05	0.997934	0.816116	0.000247934	0.000206612	0.731013	0
	0.398	2.06612e-05	6.19835e-05	0.997934	0.816116	0.000144628	0.000227273	0.731013	0
	0.399	0	6.19835e-05	1	0.816116	0.000103306	0.000206612	0.733333	0
	0.4	0	4.13223e-05	1	0.81405	0.000165289	0.00035124	0.733333	0
	0.401	0	4.13223e-05	1	0.811983	0.000165289	0.000268595	0.733333	0
	0.402	0	0	1	0.811983	0.000206612	0.000247934	0.733333	0
	0.403	0	6.19835e-05	1	0.811983	0.000123967	0.000309917	0.733333	0
	0.404	0	0	1	0.809917	6.19835e-05	0.000247934	0.733333	0
	0.405	0	8.26446e-05	1	0.809917	0.000206612	0.000289256	0.733333	0
	0.406	2.06612e-05	0	1	0.807851	4.13223e-05	0.000247934	0.735669	0
	0.407	0	4.13223e-05	0.99793	0.807851	0.00018595	0.000206612	0.735669	0
	0.408	0	6.19835e-05	0.99793	0.807851	0.000165289	0.000475207	0.735669	0
	0.409	4.13223e-05	0.000103306	0.99793	0.807851	0.000144628	0.000330579	0.735669	0
	0.41	0	6.19835e-05	0.99793	0.805785	0.000103306	0.000268595	0.732484	0
	0.411	2.06612e-05	2.06612e-05	0.99793	0.805785	0.000123967	0.000268595	0.729299	0
	0.412	0	2.06612e-05	0.99793	0.805785	0.000206612	0.000268595	0.729299	0
	0.413	0	0.000103306	0.99793	0.805785	4.13223e-05	0.000165289	0.729299	0
	0.414	0	8.26446e-05	0.99793	0.803719	0.000144628	0.000392562	0.729299	0
	0.415	0	0	0.99793	0.803719	0.000103306	8.26446e-05	0.729299	0
	0.416	2.06612e-05	0.000123967	0.99793	0.803719	0.000165289	0.000392562	0.731629	0
	0.417	2.06612e-05	2.06612e-05	0.99793	0.803719	0.000268595	0.000454545	0.731629	0
	0.418	4.13223e-05	2.06612e-05	0.99793	0.801653	0.000247934	0.000268595	0.731629	0
	0.419	0	4.13223e-05	0.99793	0.801653	0.000247934	0.000413223	0.728435	0
	0.42	4.13223e-05	0.000103306	0.99793	0.801653	0.000289256	0.000247934	0.728435	0
	0.421	2.06612e-05	0	0.995859	0.799587	0.000206612	0.000289256	0.728435	0
	0.422	4.13223e-05	4.13223e-05	0.995859	0.799587	0.000144628	0.000413223	0.728435	0
	0.423	2.06612e-05	6.19835e-05	0.995859	0.797521	0.000309917	0.00053719	0.728435	0
	0.424	4.13223e-05	4.13223e-05	0.995859	0.795455	0.000206612	0.000371901	0.728435	0
	0.425	2.06612e-05	6.19835e-05	0.995859	0.793388	0.000289256	0.000330579	0.728435	0
	0.426	0.000103306	0.000165289	0.995859	0.791322	0.000227273	0.000289256	0.728435	0
	0.427	4.13223e-05	8.26446e-05	0.995859	0.785124	0.000289256	0.000227273	0.728435	0
	0.428	4.13223e-05	8.26446e-05	0.995859	0.783058	0.000289256	0.000330579	0.72524	0
	0.429	4.13223e-05	0.00018595	0.995859	0.783058	0.000165289	0.000454545	0.722045	0
	0.43	0	6.19835e-05	0.995859	0.780992	0.000268595	0.000433884	0.724359	0
	0.431	0.000103306	0	0.995859	0.778926	0.000330579	0.000599174	0.724359	0
	0.432	0.000103306	0.000103306	0.995859	0.778926	0.000330579	0.000433884	0.724359	0
	0.433	6.19835e-05	8.26446e-05	0.995859	0.778926	0.000371901	0.000392562	0.724359	0
	0.434	0.000103306	0.000123967	0.995859	0.778926	0.00035124	0.000413223	0.721154	0
	0.435	6.19835e-05	4.13223e-05	0.995859	0.778926	0.000268595	0.000330579	0.721154	0
	0.436	4.13223e-05	0.000123967	0.995859	0.77686	0.000289256	0.000371901	0.717949	0
	0.437	2.06612e-05	8.26446e-05	0.993789	0.774793	0.000433884	0.000413223	0.717949	0
	0.438	2.06612e-05	0.000144628	0.993789	0.774793	0.000392562	0.000475207	0.717949	0
	0.439	6.19835e-05	2.06612e-05	0.993789	0.774793	0.000433884	0.00035124	0.717949	0
	0.44	8.26446e-05	2.06612e-05	0.993789	0.774793	0.000268595	0.000557851	0.719355	0
	0.441	0.000123967	8.26446e-05	0.993789	0.774793	0.000309917	0.000578512	0.719355	0
	0.442	0.000103306	6.19835e-05	0.993789	0.772727	0.00035124	0.00053719	0.719355	0
	0.443	0.000123967	8.26446e-05	0.993789	0.770661	0.000433884	0.000392562	0.719355	0
	0.444	4.13223e-05	4.13223e-05	0.993789	0.770661	0.00035124	0.000413223	0.716129	0
	0.445	0.000103306	8.26446e-05	0.993789	0.768595	0.000392562	0.000475207	0.712903	0
	0.446	0.000123967	2.06612e-05	0.993789	0.766529	0.000619835	0.00035124	0.712903	0
	0.447	8.26446e-05	8.26446e-05	0.993789	0.766529	0.000433884	0.00053719	0.712903	0
	0.448	8.26446e-05	0.000103306	0.993789	0.766529	0.000475207	0.000371901	0.712903	0
	0.449	0.000103306	4.13223e-05	0.993789	0.766529	0.000578512	0.000619835	0.712903	0
	0.45	6.19835e-05	8.26446e-05	0.993789	0.764463	0.000371901	0.000557851	0.712903	0
	0.451	0.000123967	2.06612e-05	0.993789	0.764463	0.000578512	0.000413223	0.712903	0
	0.452	0.000103306	6.19835e-05	0.993789	0.764463	0.000619835	0.000681818	0.712903	0
	0.453	0.000123967	6.19835e-05	0.993789	0.762397	0.000392562	0.000599174	0.712903	0
	0.454	0.000103306	6.19835e-05	0.993789	0.762397	0.000619835	0.000454545	0.712903	0
	0.455	0.000123967	8.26446e-05	0.993789	0.762397	0.000433884	0.000495868	0.712903	0
	0.456	6.19835e-05	4.13223e-05	0.993789	0.760331	0.00035124	0.000578512	0.712903	0
	0.457	0.000103306	6.19835e-05	0.993789	0.758264	0.000702479	0.000702479	0.712903	0
	0.458	0.000103306	0.000165289	0.993789	0.756198	0.000661157	0.000557851	0.71521	0
	0.459	0.000123967	4.13223e-05	0.993789	0.756198	0.000619835	0.00072314	0.71521	0
	0.46	6.19835e-05	6.19835e-05	0.993789	0.754132	0.000785124	0.000599174	0.71521	0
	0.461	0.000103306	4.13223e-05	0.993789	0.752066	0.000619835	0.000599174	0.717532	0
	0.462	0.000103306	4.13223e-05	0.993789	0.752066	0.000495868	0.00088843	0.717532	0
	0.463	0.000123967	6.19835e-05	0.993789	0.752066	0.000805785	0.000681818	0.717532	0
	0.464	6.19835e-05	8.26446e-05	0.993789	0.752066	0.000743802	0.000681818	0.714286	0
	0.465	8.26446e-05	0.000165289	0.993789	0.747934	0.000702479	0.000661157	0.718954	0
	0.466	0.000103306	0.000123967	0.993789	0.747934	0.000743802	0.000743802	0.718954	0
	0.467	6.19835e-05	4.13223e-05	0.993789	0.743802	0.000909091	0.00053719	0.718954	0
	0.468	0.000103306	0.000103306	0.993789	0.739669	0.00072314	0.000640496	0.721311	0
	0.469	8.26446e-05	8.26446e-05	0.993789	0.737603	0.000454545	0.000929752	0.723684	0
	0.47	0.000123967	2.06612e-05	0.993789	0.737603	0.000454545	0.000764463	0.720395	0
	0.471	8.26446e-05	8.26446e-05	0.993789	0.737603	0.000826446	0.000826446	0.720395	0
	0.472	4.13223e-05	4.13223e-05	0.993789	0.737603	0.000743802	0.000640496	0.720395	0
	0.473	4.13223e-05	8.26446e-05	0.993789	0.737603	0.00053719	0.000867769	0.720395	0
	0.474	8.26446e-05	0.000103306	0.993789	0.733471	0.000929752	0.000743802	0.720395	0
	0.475	0.000165289	0.000103306	0.993789	0.731405	0.000785124	0.00072314	0.722772	0
	0.476	8.26446e-05	0.000144628	0.993789	0.729339	0.000743802	0.000805785	0.722772	0
	0.477	0.000123967	0.000103306	0.993789	0.727273	0.00072314	0.00088843	0.721854	0
	0.478	8.26446e-05	6.19835e-05	0.993789	0.725207	0.000785124	0.00088843	0.718543	0
	0.479	4.13223e-05	6.19835e-05	0.995851	0.725207	0.000847107	0.00107438	0.718543	0
	0.48	4.13223e-05	0.000165289	0.995851	0.725207	0.000826446	0.000826446	0.718543	0
	0.481	0.00018595	6.19835e-05	0.995851	0.725207	0.000950413	0.00103306	0.718543	0
	0.482	6.19835e-05	0.00018595	0.995851	0.72314	0.000826446	0.00103306	0.718543	0
	0.483	2.06612e-05	6.19835e-05	0.995851	0.716942	0.000599174	0.00109504	0.715232	0
	0.484	2.06612e-05	0.000103306	0.995851	0.716942	0.000640496	0.00109504	0.715232	0
	0.485	4.13223e-05	8.26446e-05	0.995851	0.71281	0.000661157	0.00113636	0.715232	0
	0.486	6.19835e-05	0.000103306	0.995851	0.71281	0.000929752	0.00132231	0.715232	0
	0.487	8.26446e-05	0.000103306	0.995851	0.710744	0.000826446	0.00126033	0.711921	0
	0.488	8.26446e-05	0.000144628	0.995851	0.710744	0.000867769	0.0013843	0.708609	0
	0.489	4.13223e-05	0	0.995851	0.706612	0.000640496	0.00107438	0.710963	0
	0.49	6.19835e-05	0.000103306	0.995851	0.706612	0.00109504	0.00142562	0.710963	0
	0.491	4.13223e-05	0.000206612	0.995851	0.700413	0.000847107	0.00130165	0.71	0
	0.492	0	8.26446e-05	0.995851	0.696281	0.00115702	0.00163223	0.706667	0
	0.493	2.06612e-05	0.000103306	0.995851	0.692149	0.00123967	0.00152893	0.70903	0
	0.494	6.19835e-05	0.000123967	0.995851	0.690083	0.000971074	0.00117769	0.70903	0
	0.495	0	8.26446e-05	0.995851	0.688017	0.000971074	0.00132231	0.70903	0
	0.496	4.13223e-05	0.000103306	0.995851	0.688017	0.00115702	0.0017562	0.711409	0
	0.497	4.13223e-05	0.000123967	0.993776	0.68595	0.00136364	0.00159091	0.710438	0
	0.498	2.06612e-05	2.06612e-05	0.993776	0.68595	0.00130165	0.00169421	0.706081	0
	0.499	6.19835e-05	8.26446e-05	0.993776	0.68595	0.00163223	0.00171488	0.701695	0
	0.5	4.13223e-05	8.26446e-05	0.995842	0.68595	0.00188017	0.00144628	0.697279	0
	0.501	2.06612e-05	0.000144628	0.995842	0.681818	0.00192149	0.00126033	0.695205	0
	0.502	4.13223e-05	0.000144628	0.995842	0.67562	0.0022314	0.00181818	0.691781	0
	0.503	0	6.19835e-05	0.995842	0.673554	0.00181818	0.00161157	0.681507	0
	0.504	2.06612e-05	2.06612e-05	0.995842	0.673554	0.00260331	0.00154959	0.678082	0
	0.505	4.13223e-05	6.19835e-05	0.995842	0.671488	0.0018595	0.00150826	0.66782	0
	0.506	0	6.19835e-05	0.995842	0.671488	0.00183884	0.00210744	0.670139	0
	0.507	2.06612e-05	6.19835e-05	0.995842	0.671488	0.00179752	0.00181818	0.679577	0
	0.508	4.13223e-05	4.13223e-05	0.995842	0.671488	0.00216942	0.00152893	0.678445	0
	0.509	2.06612e-05	0.000123967	0.995842	0.669421	0.00214876	0.0013843	0.679715	0
	0.51	2.06612e-05	0.000206612	0.995842	0.667355	0.00200413	0.00144628	0.679856	0
	0.511	2.06612e-05	6.19835e-05	0.995842	0.665289	0.00204545	0.0017562	0.6787	0
	0.512	0	0.000165289	0.995842	0.665289	0.00247934	0.00192149	0.683636	0
	0.513	0	0.00018595	0.995842	0.663223	0.00219008	0.00167355	0.68	0
	0.514	4.13223e-05	0.000144628	0.995842	0.663223	0.00245868	0.00200413	0.676364	0
	0.515	2.06612e-05	8.26446e-05	0.995842	0.663223	0.00214876	0.00194215	0.67033	0
	0.516	2.06612e-05	0.000123967	0.995842	0.663223	0.0021281	0.00163223	0.675277	0
	0.517	6.19835e-05	8.26446e-05	0.995842	0.659091	0.00183884	0.0017562	0.680297	0
	0.518	2.06612e-05	0.000103306	0.993763	0.657025	0.00225207	0.00150826	0.679104	0
	0.519	8.26446e-05	8.26446e-05	0.993763	0.654959	0.00221074	0.00152893	0.681648	0
	0.52	4.13223e-05	4.13223e-05	0.993763	0.652893	0.00198347	0.00167355	0.686792	0
	0.521	6.19835e-05	0.000268595	0.993763	0.652893	0.00206612	0.00152893	0.692015	0
	0.522	4.13223e-05	0.000123967	0.995833	0.64876	0.00219008	0.00142562	0.692015	0
	0.523	4.13223e-05	6.19835e-05	0.995833	0.644628	0.0022314	0.00194215	0.697318	0
	0.524	6.19835e-05	0.000103306	0.995833	0.644628	0.00214876	0.0017562	0.694981	0
	0.525	6.19835e-05	8.26446e-05	0.995833	0.644628	0.00204545	0.00169421	0.687259	0
	0.526	2.06612e-05	0.000206612	0.995833	0.642562	0.00214876	0.00196281	0.680934	0
	0.527	6.19835e-05	0.000123967	0.995833	0.63843	0.0021281	0.00173554	0.683594	0
	0.528	8.26446e-05	0.000165289	0.995833	0.636364	0.0017562	0.00177686	0.683594	0
	0.529	8.26446e-05	0.000144628	0.995833	0.636364	0.00225207	0.0017562	0.683594	0
	0.53	2.06612e-05	8.26446e-05	0.995833	0.636364	0.00254132	0.0017562	0.683594	0
	0.531	4.13223e-05	0.000144628	0.995833	0.636364	0.00264463	0.00181818	0.666667	0
	0.532	2.06612e-05	6.19835e-05	0.995833	0.636364	0.0022314	0.00161157	0.669291	0
	0.533	0.000123967	6.19835e-05	0.995833	0.634298	0.00262397	0.00194215	0.664032	0
	0.534	2.06612e-05	0.00018595	0.995833	0.632231	0.00190083	0.00188017	0.662698	0
	0.535	0.000103306	0.000165289	0.995833	0.630165	0.00208678	0.00188017	0.664	0
	0.536	0.000144628	0.000206612	0.995833	0.628099	0.00233471	0.00181818	0.66	0
	0.537	0.000123967	2.06612e-05	0.995833	0.621901	0.00210744	0.00157025	0.665323	0
	0.538	0.000165289	0.000144628	0.995833	0.621901	0.00254132	0.00202479	0.668016	0
	0.539	0.000165289	0.000144628	0.995833	0.617769	0.00256198	0.00200413	0.668016	0
	0.54	4.13223e-05	0.00018595	0.995833	0.615702	0.0025	0.00181818	0.669388	0
	0.541	4.13223e-05	0.000103306	0.995833	0.61157	0.00210744	0.00167355	0.669388	0
	0.542	6.19835e-05	0.00018595	0.995833	0.607438	0.00235537	0.00179752	0.669388	0
	0.543	0.000123967	0.00018595	0.995833	0.605372	0.00225207	0.00121901	0.665306	0
	0.544	6.19835e-05	0.00018595	0.995833	0.605372	0.00192149	0.00167355	0.668033	0
	0.545	0.000103306	0.000103306	0.995833	0.60124	0.00256198	0.00206612	0.679167	0
	0.546	4.13223e-05	0.000144628	0.995833	0.597107	0.00229339	0.00144628	0.675	0
	0.547	6.19835e-05	0.000103306	0.995833	0.595041	0.00237603	0.00154959	0.670833	0
	0.548	6.19835e-05	0.000103306	0.995833	0.592975	0.0025	0.00150826	0.6625	0
	0.549	4.13223e-05	0.000123967	0.995833	0.590909	0.00264463	0.00136364	0.661088	0
	0.55	0	0.000165289	0.995833	0.590909	0.00225207	0.00165289	0.656904	0
	0.551	0.000144628	0.000144628	0.995833	0.586777	0.00229339	0.0017562	0.658228	0
	0.552	8.26446e-05	0.000247934	0.995833	0.586777	0.00227273	0.00194215	0.661017	0
	0.553	0.000123967	0.000123967	0.995833	0.582645	0.00239669	0.00161157	0.669528	0
	0.554	0.000165289	0.000103306	0.995833	0.580579	0.00219008	0.00159091	0.660944	0
	0.555	8.26446e-05	0.000227273	0.995833	0.578512	0.00235537	0.00200413	0.656652	0
	0.556	0.000123967	0.000144628	0.995833	0.576446	0.00181818	0.00202479	0.658009	0
	0.557	2.06612e-05	0.000123967	0.995833	0.57438	0.00194215	0.00196281	0.65368	0
	0.558	0.000103306	6.19835e-05	0.995833	0.572314	0.00210744	0.00196281	0.647826	0
	0.559	6.19835e-05	0.000123967	0.995833	0.570248	0.00214876	0.00167355	0.649123	0
	0.56	4.13223e-05	0.000165289	0.995833	0.566116	0.00188017	0.0013843	0.647577	0
	0.561	0.000144628	0.00018595	0.995833	0.561983	0.00192149	0.00152893	0.647577	0
	0.562	8.26446e-05	0.000144628	0.995833	0.557851	0.00210744	0.00171488	0.628319	0
	0.563	2.06612e-05	0.000227273	0.995833	0.553719	0.0017562	0.00177686	0.619469	0
	0.564	6.19835e-05	0.000165289	0.995833	0.551653	0.00177686	0.00177686	0.619469	0
	0.565	8.26446e-05	0.000247934	0.995833	0.549587	0.00179752	0.00202479	0.625	0
	0.566	4.13223e-05	0.000206612	0.995833	0.547521	0.00188017	0.00173554	0.630631	0
	0.567	8.26446e-05	6.19835e-05	0.995833	0.547521	0.00214876	0.00165289	0.624434	0
	0.568	2.06612e-05	0.000206612	0.995833	0.547521	0.00198347	0.00194215	0.615385	0
	0.569	2.06612e-05	0.000123967	0.995833	0.547521	0.00188017	0.00194215	0.621005	0
	0.57	0	0.000247934	0.995833	0.547521	0.00173554	0.00192149	0.616438	0
	0.571	6.19835e-05	0.000144628	0.995833	0.543388	0.00202479	0.00157025	0.62212	0
	0.572	4.13223e-05	0.000103306	0.997912	0.543388	0.00181818	0.00161157	0.613953	0
	0.573	2.06612e-05	0.000206612	0.997912	0.543388	0.00171488	0.00202479	0.61215	0
	0.574	0	0.000144628	0.997912	0.535124	0.00173554	0.00196281	0.615023	0
	0.575	0	0.000103306	0.997912	0.530992	0.00216942	0.00190083	0.605634	0
	0.576	0	0.00018595	0.997912	0.530992	0.00188017	0.00165289	0.603774	0
	0.577	2.06612e-05	0.000165289	0.997912	0.530992	0.00204545	0.00173554	0.603774	0
	0.578	0	0.000123967	0.997912	0.530992	0.00229339	0.00154959	0.597156	0
	0.579	2.06612e-05	0.000103306	0.997912	0.528926	0.00190083	0.00183884	0.596154	0
	0.58	4.13223e-05	0.000123967	0.997912	0.524793	0.00219008	0.00183884	0.591346	0
	0.581	2.06612e-05	0.000144628	0.997912	0.520661	0.00194215	0.00165289	0.589372	0
	0.582	2.06612e-05	0.000103306	0.995825	0.518595	0.00225207	0.0013843	0.595122	0
	0.583	0	0.000330579	0.995825	0.516529	0.00194215	0.00154959	0.596059	0
	0.584	0	0.000103306	0.995825	0.510331	0.00202479	0.00214876	0.60199	0
	0.585	4.13223e-05	8.26446e-05	0.995825	0.506198	0.00204545	0.00190083	0.6	0
	0.586	4.13223e-05	0.000165289	0.993737	0.506198	0.00200413	0.00150826	0.603015	0
	0.587	0	0.000227273	0.995816	0.504132	0.00173554	0.00177686	0.609137	0
	0.588	4.13223e-05	0.000206612	0.995816	0.504132	0.00183884	0.00181818	0.615385	0
	0.589	4.13223e-05	0.000268595	0.993724	0.5	0.00167355	0.00208678	0.621762	0
	0.59	0	0.000268595	0.991632	0.495868	0.00196281	0.00194215	0.61658	0
	0.591	0	0.000206612	0.991632	0.495868	0.00177686	0.00204545	0.612565	0
	0.592	6.19835e-05	0.00018595	0.991632	0.489669	0.00196281	0.00192149	0.60733	0
	0.593	4.13223e-05	8.26446e-05	0.991632	0.485537	0.00233471	0.00194215	0.60733	0
	0.594	4.13223e-05	0.000206612	0.991632	0.483471	0.00194215	0.00183884	0.611702	0
	0.595	0	0.000268595	0.991632	0.479339	0.00196281	0.0017562	0.604278	0
	0.596	6.19835e-05	0.000123967	0.991632	0.477273	0.00241736	0.00169421	0.607527	0
	0.597	8.26446e-05	0.000268595	0.991632	0.477273	0.00225207	0.00167355	0.607527	0
	0.598	2.06612e-05	0.000247934	0.98954	0.475207	0.00190083	0.00192149	0.61413	0
	0.599	6.19835e-05	0.000165289	0.98954	0.471074	0.00161157	0.00169421	0.608696	0
	0.6	4.13223e-05	0.000206612	0.98954	0.469008	0.00181818	0.00173554	0.615385	0
	0.601	2.06612e-05	0.000289256	0.98954	0.464876	0.00241736	0.00144628	0.611111	0
	0.602	0.000123967	0.000227273	0.98954	0.46281	0.00204545	0.00167355	0.611111	0
	0.603	6.19835e-05	0.000103306	0.98954	0.460744	0.00235537	0.00152893	0.594444	0
	0.604	4.13223e-05	0.000165289	0.98954	0.458678	0.00194215	0.00181818	0.597765	0
	0.605	6.19835e-05	0.000165289	0.98954	0.458678	0.00221074	0.00183884	0.601124	0
	0.606	0.000123967	0.000330579	0.98954	0.458678	0.00237603	0.0014876	0.605714	0
	0.607	0	0.000268595	0.98954	0.448347	0.0017562	0.00165289	0.606936	0
	0.608	0.000144628	0.000144628	0.98954	0.446281	0.00280992	0.00150826	0.601156	0
	0.609	8.26446e-05	0.000247934	0.98954	0.444215	0.00216942	0.00161157	0.595376	0
	0.61	0.000123967	0.000268595	0.98954	0.444215	0.0021281	0.00157025	0.593023	0
	0.611	8.26446e-05	0.000247934	0.98954	0.442149	0.00169421	0.00163223	0.593023	0
	0.612	0.000247934	0.00035124	0.98954	0.440083	0.00200413	0.00196281	0.596491	0
	0.613	0.000247934	0.000227273	0.98954	0.438017	0.00235537	0.00202479	0.590643	0
	0.614	0.00018595	0.000371901	0.98954	0.43595	0.00202479	0.00169421	0.584795	0
	0.615	0.000247934	0.000227273	0.98954	0.42562	0.00204545	0.00161157	0.567251	0
	0.616	0.000123967	0.000165289	0.98954	0.417355	0.00177686	0.00198347	0.558824	0
	0.617	0.00018595	0.000227273	0.98954	0.413223	0.00208678	0.00171488	0.553571	0
	0.618	0.000123967	0.000206612	0.98954	0.409091	0.0022314	0.00179752	0.553571	0
	0.619	0.000123967	0.000165289	0.98954	0.409091	0.00214876	0.00165289	0.548193	0
	0.62	0.000144628	0.000227273	0.98954	0.407025	0.0021281	0.00169421	0.542169	0
	0.621	0.000165289	0.000247934	0.98954	0.39876	0.00177686	0.00150826	0.542169	0
	0.622	0.000454545	0.000371901	0.98954	0.394628	0.0018595	0.00177686	0.539394	0
	0.623	0.000165289	0.000144628	0.98954	0.390496	0.0022314	0.00177686	0.542683	0
	0.624	0.000289256	0.000289256	0.98954	0.390496	0.00173554	0.00161157	0.52439	0
	0.625	0.000268595	0.000371901	0.98954	0.38843	0.00214876	0.0018595	0.530864	0
	0.626	0.000371901	0.000268595	0.985356	0.384298	0.00190083	0.00173554	0.53125	0
	0.627	0.000247934	0.00018595	0.985356	0.384298	0.00202479	0.00169421	0.522013	0
	0.628	0.000371901	0.000123967	0.985356	0.382231	0.00157025	0.00206612	0.525316	0
	0.629	0.000123967	0.000144628	0.985356	0.382231	0.00194215	0.00190083	0.515924	0
	0.63	0.000330579	0.000289256	0.985356	0.376033	0.00173554	0.00190083	0.519481	0
	0.631	0.000309917	0.000268595	0.985356	0.373967	0.00179752	0.00194215	0.526316	0
	0.632	0.000247934	0.000268595	0.985356	0.371901	0.00179752	0.00169421	0.523179	0
	0.633	0.000144628	0.000144628	0.985356	0.365702	0.00161157	0.00159091	0.526667	0
	0.634	0.000227273	0.000289256	0.985356	0.363636	0.00163223	0.00171488	0.530201	0
	0.635	0.00035124	0.000330579	0.985356	0.359504	0.00200413	0.0018595	0.537415	0
	0.636	0.00018595	0.000392562	0.985356	0.353306	0.00159091	0.00194215	0.530612	0
	0.637	0.000268595	0.000103306	0.985356	0.35124	0.00190083	0.00152893	0.52381	0
	0.638	0.000206612	0.000165289	0.983264	0.345041	0.00167355	0.00161157	0.524138	0
	0.639	0.000103306	0.000144628	0.983264	0.342975	0.00171488	0.00163223	0.517241	0
	0.64	0.000206612	0.000227273	0.983264	0.342975	0.00198347	0.00163223	0.528169	0
	0.641	0.000165289	0.000392562	0.983264	0.342975	0.00179752	0.00157025	0.528571	0
	0.642	0.000227273	0.000289256	0.981172	0.334711	0.00231405	0.00177686	0.528986	0
	0.643	0.000247934	0.00018595	0.981172	0.332645	0.0018595	0.00190083	0.5	0
	0.644	0.000268595	0.000495868	0.981172	0.330579	0.00194215	0.00163223	0.50365	0
	0.645	0.000144628	0.000413223	0.981172	0.318182	0.0013843	0.00154959	0.507353	0
	0.646	0.000247934	0.000392562	0.981172	0.311983	0.00192149	0.00159091	0.503704	0
	0.647	0.000289256	0.000413223	0.979079	0.301653	0.00210744	0.00190083	0.488889	0
	0.648	0.00035124	0.000371901	0.979079	0.293388	0.00181818	0.00190083	0.492537	0
	0.649	0.000206612	0.000413223	0.976987	0.285124	0.00190083	0.00146694	0.492537	0
	0.65	0.000165289	0.000144628	0.976987	0.27686	0.00204545	0.00181818	0.492537	0
	0.651	0.000206612	0.000392562	0.976987	0.27686	0.00165289	0.00161157	0.492424	0
	0.652	0.000289256	0.000165289	0.976987	0.27686	0.00173554	0.00194215	0.5	0
	0.653	0.000247934	0.000123967	0.976987	0.27686	0.00179752	0.00150826	0.507812	0
	0.654	0.000165289	0.00018595	0.976987	0.27686	0.00204545	0.00159091	0.5	0
	0.655	0.00018595	0.000330579	0.976987	0.274793	0.00163223	0.00177686	0.492188	0
	0.656	0.000227273	0.000268595	0.976987	0.272727	0.00208678	0.00177686	0.496063	0
	0.657	0.000268595	0.000289256	0.976987	0.270661	0.00219008	0.0017562	0.504	0
	0.658	0.000268595	0.000289256	0.981092	0.268595	0.00179752	0.00165289	0.488	0
	0.659	0.000330579	0.000289256	0.981092	0.268595	0.00204545	0.00165289	0.48	0
	0.66	0.000371901	0.000371901	0.978992	0.264463	0.00221074	0.00163223	0.464	0
	0.661	0.00018595	0.000268595	0.976891	0.264463	0.0018595	0.00150826	0.456	0
	0.662	0.000371901	0.000309917	0.976891	0.264463	0.0018595	0.00154959	0.456	0
	0.663	0.000289256	0.000289256	0.976891	0.264463	0.00194215	0.00142562	0.467213	0
	0.664	0.000371901	0.000227273	0.976891	0.260331	0.00159091	0.00163223	0.467213	0
	0.665	0.000289256	0.000247934	0.978947	0.260331	0.00167355	0.00154959	0.466667	0
	0.666	0.000206612	0.000227273	0.978947	0.260331	0.00179752	0.00181818	0.474576	0
	0.667	0.000247934	0.000371901	0.978947	0.256198	0.00204545	0.00150826	0.470085	0
	0.668	0.000247934	0.000289256	0.978947	0.247934	0.00183884	0.00167355	0.465517	0
	0.669	0.000268595	0.000227273	0.978947	0.247934	0.0017562	0.0017562	0.456897	0
	0.67	0.000206612	0.000227273	0.978947	0.243802	0.00200413	0.00177686	0.452174	0
	0.671	0.000289256	0.000309917	0.978947	0.241736	0.00177686	0.00177686	0.452174	0
	0.672	0.000165289	0.000247934	0.978947	0.233471	0.00183884	0.00206612	0.460177	0
	0.673	0.00035124	0.000309917	0.978947	0.233471	0.00165289	0.00132231	0.45045	0
	0.674	0.000289256	0.000413223	0.978947	0.231405	0.0017562	0.00181818	0.45045	0
	0.675	0.000413223	0.000330579	0.978947	0.229339	0.00190083	0.00196281	0.45045	0
	0.676	0.000309917	0.000371901	0.978947	0.229339	0.00200413	0.00198347	0.445455	0
	0.677	0.00018595	0.000371901	0.978947	0.227273	0.00171488	0.00190083	0.431193	0
	0.678	0.000206612	0.000454545	0.981013	0.225207	0.00154959	0.00136364	0.429907	0
	0.679	0.000289256	0.000371901	0.981013	0.22314	0.00177686	0.00169421	0.433962	0
	0.68	0.000268595	0.000475207	0.981013	0.221074	0.00181818	0.00181818	0.438095	0
	0.681	0.00035124	0.000289256	0.981013	0.221074	0.00169421	0.00183884	0.432692	0
	0.682	0.000268595	0.000309917	0.981013	0.214876	0.00210744	0.00161157	0.431373	0
	0.683	0.000206612	0.000392562	0.981013	0.210744	0.00157025	0.00167355	0.435644	0
	0.684	0.000289256	0.000289256	0.983087	0.208678	0.00154959	0.00150826	0.44	0
	0.685	0.000227273	0.000475207	0.983087	0.206612	0.00142562	0.00169421	0.44	0
	0.686	0.000371901	0.000475207	0.983087	0.200413	0.00146694	0.00150826	0.414141	0
	0.687	0.000247934	0.000495868	0.983087	0.198347	0.0017562	0.0013843	0.40404	0
	0.688	0.000268595	0.000371901	0.983087	0.190083	0.00177686	0.00159091	0.412371	0
	0.689	0.000289256	0.000413223	0.983087	0.190083	0.00134298	0.0017562	0.402062	0
	0.69	0.000330579	0.000330579	0.978858	0.181818	0.00157025	0.00109504	0.378947	0
	0.691	0.000268595	0.000433884	0.978858	0.179752	0.00146694	0.00161157	0.382979	0
	0.692	0.000392562	0.000371901	0.978858	0.17562	0.0011157	0.00150826	0.37234	0
	0.693	0.000206612	0.000578512	0.976744	0.173554	0.00142562	0.00161157	0.365591	0
	0.694	0.000289256	0.000371901	0.97463	0.167355	0.00157025	0.00144628	0.358696	0
	0.695	0.000309917	0.000289256	0.976695	0.165289	0.00190083	0.00179752	0.358696	0
	0.696	0.000206612	0.000454545	0.978769	0.163223	0.00169421	0.00142562	0.351648	0
	0.697	0.000268595	0.000309917	0.978769	0.163223	0.00119835	0.00134298	0.340659	0
	0.698	0.00018595	0.000309917	0.976645	0.163223	0.00126033	0.00123967	0.344444	0
	0.699	0.000247934	0.000330579	0.976645	0.161157	0.00136364	0.00142562	0.344444	0
	0.7	0.000165289	0.000392562	0.976645	0.159091	0.00136364	0.00128099	0.348315	0
	0.701	0.000247934	0.000392562	0.976645	0.157025	0.00140496	0.00192149	0.337079	0
	0.702	0.000330579	0.000495868	0.974522	0.154959	0.00161157	0.00146694	0.348837	0
	0.703	0.000289256	0.000289256	0.974522	0.152893	0.00150826	0.0013843	0.352941	0
	0.704	0.000289256	0.00035124	0.974522	0.150826	0.00115702	0.0014876	0.357143	0
	0.705	0.000268595	0.000475207	0.974522	0.150826	0.00132231	0.00169421	0.345238	0
	0.706	0.000309917	0.00053719	0.972399	0.150826	0.00161157	0.00142562	0.341463	0
	0.707	0.00035124	0.00035124	0.972399	0.14876	0.00152893	0.00123967	0.341463	0
	0.708	0.000289256	0.000371901	0.970276	0.146694	0.00132231	0.00144628	0.333333	0
	0.709	0.000247934	0.000475207	0.970276	0.144628	0.0017562	0.00142562	0.341772	0
	0.71	0.000268595	0.000227273	0.970276	0.140496	0.00165289	0.00159091	0.346154	0
	0.711	0.00035124	0.000454545	0.970276	0.13843	0.00150826	0.00161157	0.333333	0
	0.712	0.000206612	0.000433884	0.97234	0.136364	0.00157025	0.00154959	0.333333	0
	0.713	0.000309917	0.000433884	0.97234	0.136364	0.00159091	0.0014876	0.328767	0
	0.714	0.000413223	0.000475207	0.970213	0.134298	0.00119835	0.00157025	0.328767	0
	0.715	0.00035124	0.000619835	0.970213	0.134298	0.00167355	0.00128099	0.323944	0
	0.716	0.00053719	0.00072314	0.970213	0.132231	0.00140496	0.00134298	0.314286	0
	0.717	0.000413223	0.000413223	0.970213	0.128099	0.00107438	0.00128099	0.308824	0
	0.718	0.000475207	0.000475207	0.972281	0.126033	0.00144628	0.00144628	0.283582	0
	0.719	0.000330579	0.000413223	0.972281	0.119835	0.00136364	0.00150826	0.276923	0
	0.72	0.000454545	0.000309917	0.972281	0.117769	0.00117769	0.00130165	0.265625	0
	0.721	0.000495868	0.000433884	0.974359	0.117769	0.00115702	0.00146694	0.265625	0
	0.722	0.000268595	0.000640496	0.976445	0.117769	0.00119835	0.00115702	0.269841	0
	0.723	0.000495868	0.000495868	0.976445	0.113636	0.00179752	0.00136364	0.269841	0
	0.724	0.000413223	0.000475207	0.976445	0.113636	0.00150826	0.00177686	0.253968	0
	0.725	0.000495868	0.000392562	0.976445	0.11157	0.00171488	0.00144628	0.253968	0
	0.726	0.000578512	0.000371901	0.976445	0.109504	0.0014876	0.0014876	0.262295	0
	0.727	0.000371901	0.000330579	0.976445	0.103306	0.00136364	0.00126033	0.262295	0
	0.728	0.000619835	0.000433884	0.976445	0.103306	0.00157025	0.00173554	0.271186	0
	0.729	0.000433884	0.000516529	0.974304	0.103306	0.00109504	0.00123967	0.271186	0
	0.73	0.00053719	0.000495868	0.974304	0.103306	0.00159091	0.00142562	0.271186	0
	0.731	0.00035124	0.000413223	0.974304	0.10124	0.00136364	0.00157025	0.275862	0
	0.732	0.000599174	0.00053719	0.974304	0.10124	0.00161157	0.00140496	0.258621	0
	0.733	0.000578512	0.00035124	0.974304	0.0991736	0.00123967	0.00150826	0.258621	0
	0.734	0.000371901	0.000413223	0.972163	0.0991736	0.00105372	0.00115702	0.258621	0
	0.735	0.000557851	0.000495868	0.972163	0.0991736	0.00113636	0.0017562	0.258621	0
	0.736	0.000516529	0.000702479	0.972163	0.0991736	0.00146694	0.00128099	0.258621	0
	0.737	0.000371901	0.000578512	0.972163	0.0950413	0.00132231	0.0013843	0.263158	0
	0.738	0.000454545	0.000640496	0.972163	0.0909091	0.00117769	0.00119835	0.263158	0
	0.739	0.000661157	0.000516529	0.974249	0.0909091	0.00146694	0.00146694	0.25	0
	0.74	0.000640496	0.000413223	0.974249	0.0909091	0.00113636	0.0010124	0.254545	0
	0.741	0.000433884	0.000619835	0.976344	0.088843	0.00115702	0.00130165	0.259259	0
	0.742	0.000392562	0.000578512	0.974194	0.0867769	0.00123967	0.00152893	0.259259	0
	0.743	0.000640496	0.000475207	0.974194	0.0867769	0.000971074	0.00113636	0.269231	0
	0.744	0.000454545	0.000702479	0.974194	0.0867769	0.00109504	0.00142562	0.28	0
	0.745	0.000495868	0.000392562	0.974194	0.0867769	0.00109504	0.000929752	0.291667	0
	0.746	0.000454545	0.000454545	0.974194	0.0826446	0.000743802	0.00136364	0.270833	0
	0.747	0.000516529	0.000599174	0.974194	0.0826446	0.00113636	0.00103306	0.276596	0
	0.748	0.00035124	0.000475207	0.974194	0.0826446	0.000764463	0.00130165	0.276596	0
	0.749	0.00035124	0.000371901	0.972043	0.0826446	0.000929752	0.00117769	0.282609	0
	0.75	0.000268595	0.000619835	0.972043	0.0805785	0.000826446	0.00123967	0.266667	0
	0.751	0.00035124	0.000640496	0.972043	0.0805785	0.00113636	0.00105372	0.285714	0
	0.752	0.000413223	0.000640496	0.972043	0.0805785	0.000661157	0.00136364	0.285714	0
	0.753	0.000289256	0.000578512	0.972043	0.0805785	0.000702479	0.00130165	0.285714	0
	0.754	0.000289256	0.000661157	0.972043	0.0785124	0.000743802	0.0011157	0.261905	0
	0.755	0.000289256	0.000557851	0.972043	0.0785124	0.00109504	0.000971074	0.261905	0
	0.756	0.000392562	0.000640496	0.972043	0.0764463	0.000909091	0.00144628	0.261905	0
	0.757	0.000371901	0.000557851	0.972043	0.0702479	0.00115702	0.00130165	0.261905	0
	0.758	0.000413223	0.000516529	0.974138	0.0702479	0.000743802	0.00121901	0.268293	0
	0.759	0.000206612	0.000495868	0.974138	0.0702479	0.000847107	0.00136364	0.282051	0
	0.76	0.000144628	0.000640496	0.974082	0.0702479	0.000516529	0.000991736	0.282051	0
	0.761	0.000227273	0.000619835	0.974082	0.0702479	0.000661157	0.00113636	0.282051	0
	0.762	0.000309917	0.000454545	0.97619	0.0661157	0.000847107	0.00146694	0.289474	0
	0.763	0.00018595	0.000702479	0.97619	0.0640496	0.00053719	0.00123967	0.277778	0
	0.764	0.000206612	0.000599174	0.97619	0.0640496	0.000764463	0.00109504	0.285714	0
	0.765	8.26446e-05	0.000599174	0.978308	0.0640496	0.000847107	0.00115702	0.264706	0
	0.766	0.000206612	0.000578512	0.978308	0.0619835	0.000599174	0.00105372	0.258065	0
	0.767	0.000371901	0.000681818	0.980435	0.0619835	0.000785124	0.000971074	0.266667	0
	0.768	0.000289256	0.000516529	0.978214	0.0619835	0.000578512	0.00107438	0.275862	0
	0.769	0.00018595	0.000599174	0.978166	0.0619835	0.000413223	0.00109504	0.275862	0
	0.77	0.000206612	0.000578512	0.978166	0.0619835	0.000764463	0.000661157	0.275862	0
	0.771	0.000268595	0.000454545	0.978166	0.0619835	0.00072314	0.0011157	0.214286	0
	0.772	0.000144628	0.00053719	0.978166	0.0619835	0.00088843	0.000950413	0.214286	0
	0.773	0.000309917	0.000578512	0.978166	0.0599174	0.000743802	0.000950413	0.192308	0
	0.774	0.000144628	0.000578512	0.980306	0.0578512	0.000599174	0.00117769	0.2	0
	0.775	0.000103306	0.000371901	0.980306	0.0557851	0.00053719	0.00105372	0.208333	0
	0.776	8.26446e-05	0.000557851	0.980306	0.0557851	0.000413223	0.000971074	0.217391	0
	0.777	0.000227273	0.000578512	0.980306	0.0557851	0.000475207	0.00113636	0.227273	0
	0.778	0.00035124	0.000557851	0.980306	0.053719	0.000599174	0.0010124	0.227273	0
	0.779	0.000289256	0.000516529	0.980306	0.053719	0.000640496	0.00119835	0.227273	0
	0.78	0.000165289	0.000764463	0.980306	0.053719	0.000619835	0.000991736	0.227273	0
	0.781	0.000144628	0.000661157	0.980306	0.0516529	0.000495868	0.00105372	0.227273	0
	0.782	0.000206612	0.000619835	0.980306	0.0516529	0.000454545	0.000929752	0.227273	0
	0.783	0.000206612	0.000826446	0.980306	0.0516529	0.000661157	0.00121901	0.227273	0
	0.784	0.000289256	0.000413223	0.980306	0.0516529	0.00072314	0.000867769	0.227273	0
	0.785	0.000433884	0.000702479	0.980306	0.0516529	0.000681818	0.00119835	0.238095	0
	0.786	0.000392562	0.000578512	0.980306	0.0516529	0.000454545	0.00088843	0.238095	0
	0.787	0.000371901	0.000785124	0.980306	0.0516529	0.000516529	0.000971074	0.238095	0
	0.788	0.000330579	0.000495868	0.980306	0.0516529	0.000516529	0.000929752	0.238095	0
	0.789	0.000371901	0.000681818	0.982456	0.0516529	0.000392562	0.000909091	0.238095	0
	0.79	0.000433884	0.000867769	0.982418	0.0516529	0.000557851	0.000909091	0.238095	0
	0.791	0.00035124	0.000681818	0.982418	0.0516529	0.000599174	0.000826446	0.263158	0
	0.792	0.000268595	0.000971074	0.982418	0.0516529	0.000557851	0.000826446	0.263158	0
	0.793	0.000206612	0.000702479	0.982418	0.0516529	0.000557851	0.000950413	0.277778	0
	0.794	0.000268595	0.000661157	0.982418	0.0454545	0.00035124	0.00088843	0.294118	0
	0.795	0.00035124	0.000640496	0.982418	0.0433884	0.000516529	0.000991736	0.294118	0
	0.796	0.000268595	0.000826446	0.98022	0.0433884	0.000557851	0.0010124	0.3125	0
	0.797	0.00035124	0.000764463	0.98022	0.0433884	0.000516529	0.000805785	0.3125	0
	0.798	0.000289256	0.000805785	0.98022	0.0433884	0.000433884	0.000971074	0.333333	0
	0.799	0.000309917	0.000764463	0.982379	0.0433884	0.00053719	0.000785124	0.333333	0
	0.8	0.000330579	0.000785124	0.980176	0.0433884	0.000330579	0.000785124	0.357143	0
	0.801	0.000433884	0.000764463	0.980176	0.0433884	0.00035124	0.000991736	0.357143	0
	0.802	0.000392562	0.000578512	0.980176	0.0433884	0.000413223	0.000847107	0.357143	0
	0.803	0.000413223	0.000640496	0.980176	0.0433884	0.00035124	0.000640496	0.357143	0
	0.804	0.000330579	0.000578512	0.980176	0.0433884	0.000454545	0.000743802	0.285714	0
	0.805	0.000165289	0.000929752	0.980176	0.0433884	0.00018595	0.000619835	0.214286	0
	0.806	0.000330579	0.000743802	0.980176	0.0433884	0.000289256	0.000847107	0.214286	0
	0.807	0.000330579	0.000764463	0.977974	0.0433884	0.000309917	0.000764463	0.214286	0
	0.808	0.000309917	0.000847107	0.977974	0.0413223	0.000247934	0.000826446	0.214286	0
	0.809	0.00035124	0.000929752	0.980132	0.0413223	0.000330579	0.000702479	0.214286	0
	0.81	0.000557851	0.000805785	0.980132	0.0413223	0.00035124	0.00072314	0.214286	0
	0.811	0.000247934	0.00088843	0.975717	0.0413223	0.000247934	0.000743802	0.214286	0
	0.812	0.000103306	0.000826446	0.975717	0.0413223	0.000227273	0.000971074	0.214286	0
	0.813	0.000227273	0.000991736	0.97351	0.0413223	0.000144628	0.000847107	0.214286	0
	0.814	0.000475207	0.000826446	0.97351	0.0413223	0.000268595	0.000743802	0.214286	0
	0.815	0.000289256	0.000867769	0.969095	0.0413223	0.000268595	0.000661157	0.25	0
	0.816	0.00018595	0.000640496	0.969095	0.0413223	0.000144628	0.000785124	0.25	0
	0.817	0.000289256	0.000909091	0.969095	0.0413223	8.26446e-05	0.000661157	0.25	0
	0.818	0.000206612	0.00105372	0.966887	0.0413223	0.00018595	0.000743802	0.25	0
	0.819	0.000454545	0.000950413	0.966887	0.0413223	0.000123967	0.000929752	0.25	0
	0.82	0.000268595	0.000764463	0.966887	0.0413223	0.000144628	0.000454545	0.25	0
	0.821	0.000247934	0.0010124	0.966887	0.0392562	0.000123967	0.000640496	0.25	0
	0.822	0.000268595	0.000867769	0.966887	0.0392562	0.000123967	0.000764463	0.25	0
	0.823	0.000309917	0.00088843	0.969027	0.0392562	0.000165289	0.000681818	0.25	0
	0.824	0.000371901	0.00105372	0.969027	0.0392562	0.00018595	0.000785124	0.25	0
	0.825	0.00035124	0.00072314	0.969027	0.0392562	0.000165289	0.000764463	0.272727	0
	0.826	0.000392562	0.000764463	0.971175	0.0392562	6.19835e-05	0.000640496	0.333333	0
	0.827	0.000392562	0.00072314	0.968889	0.0392562	8.26446e-05	0.000805785	0.333333	0
	0.828	0.000433884	0.00107438	0.968889	0.0371901	8.26446e-05	0.000785124	0.333333	0
	0.829	0.000392562	0.000826446	0.968889	0.0371901	6.19835e-05	0.000640496	0.375	0
	0.83	0.00053719	0.00072314	0.971047	0.0371901	0.000123967	0.00053719	0.375	0
	0.831	0.000495868	0.000805785	0.971047	0.0371901	6.19835e-05	0.000599174	0.375	0
	0.832	0.000454545	0.000909091	0.971047	0.0371901	0.000144628	0.000640496	0.375	0
	0.833	0.000557851	0.000929752	0.971047	0.035124	8.26446e-05	0.000661157	0.375	0
	0.834	0.000764463	0.00103306	0.971047	0.0330579	0.000144628	0.00053719	0.428571	0
	0.835	0.000640496	0.000950413	0.971047	0.0330579	0.000165289	0.000454545	0.285714	0
	0.836	0.000433884	0.000950413	0.973214	0.0330579	0.000103306	0.000433884	0.4	0
	0.837	0.00053719	0.00123967	0.973214	0.0330579	0.000206612	0.000640496	0.4	0
	0.838	0.000392562	0.000867769	0.973214	0.0330579	0.000123967	0.000475207	0.4	0
	0.839	0.00053719	0.00126033	0.973214	0.0330579	0.000247934	0.000433884	0.4	0
	0.84	0.000392562	0.000929752	0.973214	0.0330579	0.000165289	0.000557851	0.2	0
	0.841	0.000909091	0.000971074	0.973214	0.0309917	0.000165289	0.000681818	0.2	0
	0.842	0.000640496	0.000971074	0.970982	0.0309917	0.000206612	0.000495868	0.2	0
	0.843	0.00053719	0.00117769	0.970982	0.0309917	8.26446e-05	0.000516529	0.2	0
	0.844	0.000619835	0.000929752	0.970982	0.0309917	4.13223e-05	0.00053719	0.2	0
	0.845	0.000557851	0.0011157	0.970982	0.0309917	0.00018595	0.000454545	0.2	0
	0.846	0.00053719	0.000909091	0.970982	0.0289256	0.000123967	0.000413223	0.2	0
	0.847	0.000661157	0.00115702	0.970982	0.0289256	0.00018595	0.000516529	0.2	0
	0.848	0.000661157	0.000764463	0.970982	0.0289256	0.000268595	0.000578512	0.2	0
	0.849	0.000681818	0.00123967	0.973154	0.0289256	0.000103306	0.000743802	0.2	0
	0.85	0.000578512	0.00123967	0.973154	0.0268595	0.00018595	0.00035124	0.2	0
	0.851	0.000826446	0.00107438	0.973154	0.0247934	0.000227273	0.00053719	0.2	0
	0.852	0.000640496	0.00123967	0.973154	0.0247934	0.000206612	0.000599174	0.2	0
	0.853	0.000661157	0.00130165	0.970917	0.0247934	0.000103306	0.000516529	0.2	0
	0.854	0.000557851	0.0010124	0.970917	0.0247934	0.000165289	0.000599174	0.2	0
	0.855	0.000454545	0.00117769	0.970917	0.0206612	0.000103306	0.000309917	0.25	0
	0.856	0.000371901	0.00159091	0.970852	0.0206612	0.000165289	0.000495868	0.25	0
	0.857	0.000371901	0.00113636	0.970852	0.0206612	0.000165289	0.000516529	0.25	0
	0.858	0.000475207	0.00123967	0.96861	0.0206612	0.00018595	0.000454545	0.25	0
	0.859	0.000454545	0.00136364	0.96861	0.0206612	0.000289256	0.000516529	0.25	0
	0.86	0.000247934	0.00115702	0.970787	0.0206612	0.000247934	0.000289256	0.25	0
	0.861	0.000516529	0.0013843	0.968539	0.0206612	0.00018595	0.000619835	0.25	0
	0.862	0.000392562	0.00136364	0.968539	0.018595	0.000206612	0.000268595	0.25	0
	0.863	0.000330579	0.00140496	0.968539	0.018595	0.000123967	0.000413223	0.25	0
	0.864	0.000371901	0.00123967	0.968539	0.018595	0.000123967	0.000392562	0.25	0
	0.865	0.000371901	0.00132231	0.970721	0.018595	0.000123967	0.000475207	0.25	0
	0.866	0.00035124	0.00128099	0.970721	0.0165289	0.000268595	0.000392562	0.25	0
	0.867	0.000309917	0.00142562	0.96614	0.0165289	0.000123967	0.000413223	0.25	0
	0.868	0.000227273	0.00123967	0.96614	0.0165289	0.000123967	0.000495868	0.25	0
	0.869	0.000392562	0.00130165	0.96614	0.0165289	6.19835e-05	0.000433884	0.25	0
	0.87	0.000330579	0.0013843	0.963883	0.0165289	0.000123967	0.000433884	0.25	0
	0.871	0.000578512	0.00183884	0.963883	0.0165289	8.26446e-05	0.00035124	0.25	0
	0.872	0.000475207	0.00126033	0.968254	0.0165289	6.19835e-05	0.000206612	0.25	0
	0.873	0.000413223	0.0013843	0.970455	0.0165289	2.06612e-05	0.000433884	0.25	0
	0.874	0.000330579	0.00132231	0.968182	0.0165289	8.26446e-05	0.00035124	0.25	0
	0.875	0.000247934	0.00134298	0.968182	0.0165289	0.000103306	0.000309917	0.25	0
	0.876	0.000392562	0.00163223	0.970387	0.0144628	6.19835e-05	0.000206612	0.333333	0
	0.877	0.000454545	0.0014876	0.968109	0.0123967	4.13223e-05	0.000268595	0.333333	0
	0.878	0.000413223	0.00128099	0.965831	0.0123967	4.13223e-05	0.00018595	0.333333	0
	0.879	0.000557851	0.00152893	0.968037	0.0123967	6.19835e-05	0.000247934	0.333333	0
	0.88	0.000619835	0.00123967	0.965753	0.0123967	8.26446e-05	0.000289256	0.333333	0
	0.881	0.000578512	0.0018595	0.961187	0.0103306	4.13223e-05	0.000227273	0.333333	0
	0.882	0.000392562	0.00165289	0.958904	0.0103306	2.06612e-05	0.000289256	0.5	0
	0.883	0.000619835	0.00159091	0.95881	0.0103306	4.13223e-05	0.000309917	0.5	0
	0.884	0.000681818	0.00121901	0.956522	0.0103306	2.06612e-05	0.000330579	0.5	0
	0.885	0.000805785	0.00169421	0.954233	0.00826446	2.06612e-05	0.000247934	0.5	0
	0.886	0.000867769	0.00196281	0.947368	0.00826446	0	0.000433884	0.5	0
	0.887	0.00088843	0.00202479	0.942661	0.00826446	0	0.000227273	0.5	0
	0.888	0.000599174	0.00200413	0.940367	0.00826446	0	0.000268595	0.5	0
	0.889	0.000847107	0.00202479	0.940367	0.00826446	2.06612e-05	0.000247934	0.5	0
	0.89	0.000950413	0.00173554	0.940367	0.00619835	0	0.000371901	0.5	0
	0.891	0.000867769	0.00198347	0.938073	0.00619835	2.06612e-05	0.000144628	0.5	0
	0.892	0.00115702	0.00177686	0.938073	0.00619835	0	0.000227273	1	0
	0.893	0.00117769	0.00219008	0.933486	0.00413223	0	0.000268595	1	0
	0.894	0.0011157	0.00200413	0.933486	0.00413223	0	0.000309917	1	0
	0.895	0.0013843	0.00171488	0.931193	0.00413223	0	0.000247934	1	0
	0.896	0.0014876	0.00190083	0.924312	0.00413223	0	0.000309917	1	0
	0.897	0.00161157	0.00183884	0.922018	0.00413223	0	0.000227273	1	0
	0.898	0.00152893	0.00243802	0.922018	0.00413223	0	0.000247934	1	0
	0.899	0.00123967	0.0013843	0.922018	0.00413223	0	0.000330579	1	0
	0.9	0.00159091	0.00229339	0.922018	0.00206612	0	0.000165289	1	0
	0.901	0.00159091	0.00221074	0.922018	0.00206612	0	0.000165289	1	0
	0.902	0.00159091	0.00188017	0.917431	0.00206612	0	0.000268595	1	0
	0.903	0.00181818	0.00235537	0.915138	0.00206612	0	0.000123967	1	0
	0.904	0.00167355	0.00245868	0.915138	0.00206612	0	0.000227273	1	0
	0.905	0.00202479	0.00196281	0.917241	0.00206612	0	8.26446e-05	1	0
	0.906	0.00192149	0.00235537	0.917051	0.00206612	0	0.000144628	1	0
	0.907	0.00179752	0.00270661	0.917051	0.00206612	0	0.00018595	1	0
	0.908	0.00198347	0.00247934	0.917051	0.00206612	0	0.00018595	1	0
	0.909	0.00188017	0.00229339	0.916859	0.00206612	0	8.26446e-05	1	0
	0.91	0.00204545	0.00252066	0.91455	0.00206612	0	0.000103306	1	0
	0.911	0.00216942	0.00258264	0.914352	0.00206612	0	0.000247934	1	0
	0.912	0.00245868	0.00214876	0.907407	0.00206612	0	0.00018595	1	0
	0.913	0.00194215	0.00297521	0.911628	0.00206612	0	8.26446e-05	1	0
	0.914	0.00190083	0.00278926	0.913551	0.00206612	0	0.000227273	1	0
	0.915	0.00231405	0.0027686	0.908879	0.00206612	0	6.19835e-05	1	0
	0.916	0.00233471	0.00289256	0.904206	0.00206612	0	0.00018595	1	0
	0.917	0.0021281	0.00256198	0.899533	0.00206612	0	0.000206612	1	0
	0.918	0.0021281	0.00326446	0.897196	0.00206612	0	8.26446e-05	1	0
	0.919	0.0018595	0.00318182	0.890187	0.00206612	0	0.000103306	1	0
	0.92	0.00214876	0.00272727	0.88785	0.00206612	0	0.000144628	1	0
	0.921	0.00194215	0.0028719	0.885514	0.00206612	0	0.000144628	1	0
	0.922	0.00241736	0.00293388	0.880841	0	0	6.19835e-05	1	0
	0.923	0.0018595	0.00289256	0.873536	0	0	0.000123967	1	0
	0.924	0.00219008	0.00326446	0.875294	0	0	8.26446e-05	1	0
	0.925	0.00252066	0.00305785	0.875294	0	0	6.19835e-05	1	0
	0.926	0.00204545	0.00320248	0.875294	0	0	0.000103306	1	0
	0.927	0.0025	0.00301653	0.877069	0	0	8.26446e-05	1	0
	0.928	0.00190083	0.00289256	0.874408	0	0	6.19835e-05	1	0
	0.929	0.00258264	0.00336777	0.871734	0	2.06612e-05	0.000165289	1	0
	0.93	0.00278926	0.00326446	0.873206	0	0	8.26446e-05	0	0
	0.931	0.0025	0.00355372	0.868106	0	2.06612e-05	0.000103306	0	0
	0.932	0.00247934	0.00332645	0.86988	0	4.13223e-05	0.000103306	0	0
	0.933	0.00280992	0.00380165	0.86506	0	0	6.19835e-05	0	0
	0.934	0.00293388	0.00326446	0.871359	0	4.13223e-05	0.000103306	0	0
	0.935	0.00256198	0.00415289	0.868932	0	4.13223e-05	4.13223e-05	0	0
	0.936	0.00291322	0.0039876	0.868932	0	0	0.000103306	0	0
	0.937	0.00326446	0.00396694	0.877451	0	2.06612e-05	8.26446e-05	0	0
	0.938	0.00309917	0.00419421	0.876847	0	8.26446e-05	6.19835e-05	0	0
	0.939	0.00353306	0.00438017	0.881188	0	6.19835e-05	8.26446e-05	0	0
	0.94	0.00299587	0.00442149	0.883375	0	4.13223e-05	2.06612e-05	0	0
	0.941	0.00285124	0.00444215	0.887781	0	0.000123967	2.06612e-05	0	0
	0.942	0.00299587	0.00487603	0.882793	0	0.000144628	4.13223e-05	0	0
	0.943	0.00326446	0.00446281	0.884712	0	0.000144628	2.06612e-05	0	0
	0.944	0.00299587	0.00380165	0.884712	0	0.000103306	6.19835e-05	0	0
	0.945	0.00336777	0.00495868	0.879699	0	0.000123967	2.06612e-05	0	0
	0.946	0.00386364	0.00487603	0.879397	0	6.19835e-05	2.06612e-05	0	0
	0.947	0.00340909	0.00483471	0.881313	0	0.000103306	2.06612e-05	0	0
	0.948	0.00332645	0.00431818	0.873418	0	0.000123967	0	0	0
	0.949	0.00297521	0.00533058	0.868354	0	0.000123967	4.13223e-05	0	0
	0.95	0.00301653	0.0053719	0.872449	0	0.000103306	4.13223e-05	0	0
	0.951	0.00243802	0.00512397	0.874359	0	0.000103306	4.13223e-05	0	0
	0.952	0.00231405	0.00477273	0.869231	0	4.13223e-05	0	0	0
	0.953	0.00225207	0.00514463	0.868557	0	8.26446e-05	0	0	0
	0.954	0.00272727	0.00588843	0.868217	0	4.13223e-05	2.06612e-05	0	0
	0.955	0.00289256	0.00609504	0.857143	0	8.26446e-05	2.06612e-05	0	0
	0.956	0.00289256	0.0056405	0.851562	0	6.19835e-05	2.06612e-05	0	0
	0.957	0.00260331	0.00545455	0.848958	0	2.06612e-05	0	0	0
	0.958	0.00309917	0.00603306	0.855643	0	0	0	0	0
	0.959	0.00291322	0.00586777	0.850394	0	4.13223e-05	0	0	0
	0.96	0.00305785	0.00644628	0.839474	0	2.06612e-05	0	0	0
	0.961	0.00328512	0.00700413	0.848404	0	0	4.13223e-05	0	0
	0.962	0.0035124	0.00665289	0.847594	0	4.13223e-05	4.13223e-05	0	0
	0.963	0.00409091	0.00704545	0.852151	0	0	0	0	0
	0.964	0.00404959	0.00690083	0.843243	0	0	4.13223e-05	0	0
	0.965	0.00400826	0.00652893	0.845528	0	0	2.06612e-05	0	0
	0.966	0.00415289	0.00716942	0.849315	0	0	4.13223e-05	0	0
	0.967	0.00491736	0.0072314	0.84022	0	0	0	0	0
	0.968	0.00547521	0.0077686	0.826446	0	0	0	0	0
	0.969	0.0053719	0.00805785	0.814404	0	0	0	0	0
	0.97	0.00561983	0.00754132	0.807263	0	0	2.06612e-05	0	0
	0.971	0.00491736	0.00752066	0.793296	0	0	4.13223e-05	0	0
	0.972	0.00545455	0.00774793	0.789326	0	0	0	0	0
	0.973	0.00605372	0.00904959	0.785311	0	0	0	0	0
	0.974	0.00528926	0.00832645	0.779661	0	0	0	0	0
	0.975	0.00605372	0.00927686	0.774011	0	0	0	0	0
	0.976	0.00702479	0.0105579	0.759887	0	0	0	0	0
	0.977	0.00756198	0.0097314	0.748571	0	0	0	0	0
	0.978	0.00811983	0.010124	0.731214	0	0	0	0	0
	0.979	0.0089876	0.0109298	0.730994	0	0	0	0	0
	0.98	0.00859504	0.0104545	0.714706	0	0	0	0	0
	0.981	0.0109091	0.010124	0.71131	0	0	0	0	0
	0.982	0.0109091	0.0106818	0.712121	0	0	2.06612e-05	0	0
	0.983	0.0115909	0.0116529	0.707692	0	0	0	0	0
	0.984	0.0131612	0.0117975	0.69969	0	0	0	0	0
	0.985	0.013905	0.0114876	0.673913	0	0	0	0	0
	0.986	0.0135331	0.0128099	0.655172	0	0	0	0	0
	0.987	0.0138636	0.0128099	0.637224	0	0	0	0	0
	0.988	0.013843	0.0146074	0.620253	0	0	0	0	0
	0.989	0.0151446	0.0133058	0.608974	0	0	0	0	0
	0.99	0.0139669	0.0155992	0.599349	0	0	0	0	0
	0.991	0.0155579	0.0158058	0.594684	0	0	0	0	0
	0.992	0.0167355	0.0177066	0.565068	0	0	0	0	0
	0.993	0.0187603	0.0203926	0.541219	0	0	0	0	0
	0.994	0.0219835	0.0220868	0.488722	0	0	0	0	0
	0.995	0.0280165	0.0242149	0.395349	0	0	0	0	0
	0.996	0.0363843	0.0269008	0.310757	0	0	0	0	0
	0.997	0.0503512	0.0305785	0.213389	0	0	0	0	0
	0.998	0.0712397	0.0335744	0.105263	0	0	0	0	0
	0.999	0.0985537	0.0329752	0.00921659	0	0	0	0	0
	1	0.122211	0.0253926	0	0	0	0	0	0


#	yrange	sparsity	# links	zeta	support at cross	fraction FP	support at cross2	fraction FP2
	0	0	0	0.000909682	0.994	0.456508	0.994	0.456508
	0.14	0	0	0.000909682	0.994	0.456508	0.994	0.456508
