#	Frequencies and overlap
#	bins	MYC	shuffle	overlap_MYC	overlap_shuffle	SIGN_MYC	SIGNshuffle	SIGNoverlap_MYC	SIGNoverlap_shuffle
	0	0.00853306	0.00927686	1	1	0.505682	0.516095	0.230958	0
	0.001	0.0127893	0.0147521	0.92562	0.698347	0.00661157	0.00727273	0.230958	0
	0.002	0.014938	0.0162603	0.900826	0.487603	0.00917355	0.0107645	0.230958	0
	0.003	0.0145455	0.0171901	0.882231	0.340909	0.00938017	0.0118802	0.232099	0
	0.004	0.0141116	0.0172107	0.859213	0.237603	0.00909091	0.0124793	0.233831	0
	0.005	0.0132851	0.0182851	0.848233	0.167355	0.00933884	0.0125207	0.238579	0
	0.006	0.0132645	0.0164876	0.816284	0.115702	0.0102893	0.0118388	0.242894	0
	0.007	0.0127479	0.0174587	0.810924	0.0909091	0.00867769	0.0121694	0.246719	0
	0.008	0.013719	0.0168595	0.812766	0.072314	0.00890496	0.0115702	0.252011	0
	0.009	0.0132025	0.0172314	0.815054	0.0599174	0.00741736	0.0105372	0.254743	0
	0.01	0.0124174	0.0162397	0.815217	0.0475207	0.00597107	0.0100413	0.261111	0
	0.011	0.0123554	0.0141736	0.812227	0.0413223	0.00592975	0.0103306	0.267806	0
	0.012	0.0118388	0.0147727	0.80837	0.0392562	0.00547521	0.00952479	0.274854	0
	0.013	0.0102686	0.0141322	0.804878	0.035124	0.0052686	0.00880165	0.282282	0
	0.014	0.00977273	0.0135537	0.804009	0.0330579	0.0039876	0.00770661	0.288344	0
	0.015	0.0108471	0.0139669	0.810384	0.0309917	0.00415289	0.00774793	0.301282	0
	0.016	0.0086157	0.0127273	0.8041	0.0309917	0.00438017	0.00772727	0.308197	0
	0.017	0.00830579	0.0133678	0.8125	0.0268595	0.00427686	0.00801653	0.309211	0
	0.018	0.00669421	0.0116116	0.812646	0.0247934	0.00446281	0.00698347	0.311258	0
	0.019	0.00762397	0.0121488	0.813679	0.0247934	0.00394628	0.00737603	0.320819	0
	0.02	0.00632231	0.0104545	0.8125	0.0206612	0.00373967	0.00700413	0.326389	0
	0.021	0.00619835	0.0112603	0.817518	0.018595	0.00464876	0.00626033	0.329825	0
	0.022	0.00543388	0.0103719	0.811275	0.018595	0.00423554	0.00576446	0.33452	0
	0.023	0.00613636	0.0100413	0.814815	0.018595	0.00394628	0.00584711	0.338129	0
	0.024	0.00566116	0.0100826	0.825758	0.0165289	0.00382231	0.00568182	0.344322	0
	0.025	0.00485537	0.00944215	0.835476	0.0144628	0.00357438	0.00502066	0.346863	0
	0.026	0.00580579	0.00896694	0.836788	0.0123967	0.00382231	0.00466942	0.35206	0
	0.027	0.00504132	0.00975207	0.83812	0.0103306	0.00336777	0.00530992	0.354717	0
	0.028	0.0047314	0.00997934	0.829396	0.0103306	0.00289256	0.00533058	0.361538	0
	0.029	0.00584711	0.00886364	0.825858	0.0103306	0.00305785	0.00404959	0.364341	0
	0.03	0.00508264	0.00836777	0.829333	0.00826446	0.0038843	0.00547521	0.376	0
	0.031	0.00493802	0.00873967	0.829333	0.00826446	0.00371901	0.00479339	0.380567	0
	0.032	0.00483471	0.0082438	0.831551	0.00619835	0.0028719	0.00419421	0.378049	0
	0.033	0.00460744	0.00791322	0.825737	0.00619835	0.00318182	0.00411157	0.385892	0
	0.034	0.0053719	0.00838843	0.831978	0.00619835	0.00285124	0.00444215	0.386555	0
	0.035	0.00483471	0.0072314	0.827869	0.00413223	0.0025	0.00396694	0.391489	0
	0.036	0.00491736	0.00735537	0.827397	0.00206612	0.00258264	0.00369835	0.393162	0
	0.037	0.00417355	0.00766529	0.824176	0	0.00254132	0.00371901	0.398268	0
	0.038	0.00409091	0.00725207	0.820442	0	0.00283058	0.00305785	0.401747	0
	0.039	0.00446281	0.00665289	0.827298	0	0.00247934	0.00373967	0.408889	0
	0.04	0.00415289	0.00671488	0.830986	0	0.00216942	0.00404959	0.40625	0
	0.041	0.00413223	0.00758264	0.827684	0	0.00206612	0.0031405	0.40991	0
	0.042	0.00390496	0.00642562	0.82153	0	0.00227273	0.00347107	0.415525	0
	0.043	0.00450413	0.00646694	0.823362	0	0.00219008	0.00332645	0.418605	0
	0.044	0.00365702	0.00566116	0.82948	0	0.00200413	0.00347107	0.422535	0
	0.045	0.00347107	0.0061157	0.831395	0	0.00159091	0.00280992	0.42654	0
	0.046	0.00382231	0.0063843	0.830409	0	0.00169421	0.00289256	0.434783	0
	0.047	0.00384298	0.00557851	0.824561	0	0.00154959	0.00258264	0.441176	0
	0.048	0.00367769	0.00615702	0.823529	0	0.00167355	0.00262397	0.441176	0
	0.049	0.00349174	0.00545455	0.837838	0	0.00154959	0.00258264	0.442786	0
	0.05	0.00349174	0.00547521	0.834337	0	0.00179752	0.00285124	0.451777	0
	0.051	0.00297521	0.00553719	0.824773	0	0.00140496	0.00270661	0.455959	0
	0.052	0.00353306	0.00543388	0.81571	0	0.00140496	0.00299587	0.460733	0
	0.053	0.00272727	0.0053719	0.812121	0	0.0017562	0.00243802	0.465608	0
	0.054	0.00299587	0.00508264	0.808511	0	0.00169421	0.00204545	0.470588	0
	0.055	0.00285124	0.00477273	0.818462	0	0.00154959	0.00219008	0.478261	0
	0.056	0.00349174	0.00508264	0.820433	0	0.00165289	0.0021281	0.480874	0
	0.057	0.00316116	0.00483471	0.819876	0	0.00146694	0.00202479	0.47541	0
	0.058	0.00301653	0.00497934	0.818182	0	0.00216942	0.00231405	0.486034	0
	0.059	0.00340909	0.00481405	0.822785	0	0.00167355	0.00198347	0.486034	0
	0.06	0.00305785	0.00491736	0.830128	0	0.00150826	0.00216942	0.486034	0
	0.061	0.0028719	0.00429752	0.834951	0	0.00150826	0.00183884	0.480226	0
	0.062	0.00326446	0.00450413	0.831715	0	0.00144628	0.0021281	0.482955	0
	0.063	0.00291322	0.00380165	0.828479	0	0.0014876	0.0021281	0.485714	0
	0.064	0.0035124	0.00442149	0.824675	0	0.00132231	0.0018595	0.482759	0
	0.065	0.0028719	0.00415289	0.81759	0	0.00136364	0.00202479	0.482759	0
	0.066	0.0027686	0.00417355	0.822368	0	0.00140496	0.00192149	0.482759	0
	0.067	0.00278926	0.00355372	0.822368	0	0.0014876	0.00208678	0.485549	0
	0.068	0.00291322	0.00466942	0.825083	0	0.0017562	0.00179752	0.485549	0
	0.069	0.0036157	0.00433884	0.825083	0	0.00121901	0.00183884	0.494118	0
	0.07	0.0032438	0.00363636	0.827815	0	0.00107438	0.00171488	0.497041	0
	0.071	0.00291322	0.00409091	0.833333	0	0.00130165	0.0017562	0.491124	0
	0.072	0.00283058	0.0039876	0.832776	0	0.0013843	0.0017562	0.494048	0
	0.073	0.0028719	0.00340909	0.83557	0	0.00136364	0.00136364	0.497006	0
	0.074	0.00289256	0.00376033	0.828859	0	0.00123967	0.00136364	0.5	0
	0.075	0.00264463	0.00380165	0.830508	0	0.00128099	0.00169421	0.506098	0
	0.076	0.0027686	0.0042562	0.833333	0	0.00126033	0.00163223	0.512346	0
	0.077	0.00233471	0.00328512	0.832765	0	0.00123967	0.0014876	0.512346	0
	0.078	0.00270661	0.00303719	0.829352	0	0.00107438	0.00128099	0.515528	0
	0.079	0.00258264	0.00305785	0.835052	0	0.00113636	0.00157025	0.515528	0
	0.08	0.00245868	0.00328512	0.83737	0	0.00105372	0.00126033	0.51875	0
	0.081	0.0022314	0.00326446	0.839721	0	0.00105372	0.00134298	0.525316	0
	0.082	0.00219008	0.00289256	0.842105	0	0.000929752	0.0014876	0.525641	0
	0.083	0.00227273	0.00278926	0.842105	0	0.00113636	0.00128099	0.525641	0
	0.084	0.00167355	0.0032438	0.838028	0	0.00119835	0.0013843	0.522581	0
	0.085	0.00192149	0.0027686	0.840989	0	0.00107438	0.00154959	0.525974	0
	0.086	0.00183884	0.00293388	0.836879	0	0.00105372	0.00119835	0.532895	0
	0.087	0.00190083	0.00280992	0.829787	0	0.00109504	0.00130165	0.547297	0
	0.088	0.00183884	0.00307851	0.829181	0	0.00107438	0.00107438	0.55102	0
	0.089	0.00192149	0.0027686	0.829181	0	0.000909091	0.00126033	0.551724	0
	0.09	0.00177686	0.00297521	0.835125	0	0.000950413	0.00128099	0.551724	0
	0.091	0.0017562	0.00258264	0.84058	0	0.000909091	0.00173554	0.551724	0
	0.092	0.00132231	0.00291322	0.842491	0	0.00088843	0.00132231	0.548611	0
	0.093	0.00177686	0.00297521	0.841912	0	0.000826446	0.000950413	0.548611	0
	0.094	0.00144628	0.00285124	0.845018	0	0.000867769	0.00132231	0.548611	0
	0.095	0.00161157	0.00254132	0.848148	0	0.000971074	0.000909091	0.548611	0
	0.096	0.00183884	0.00233471	0.850746	0	0.000950413	0.00109504	0.545455	0
	0.097	0.00152893	0.00280992	0.853933	0	0.0010124	0.00088843	0.549296	0
	0.098	0.00173554	0.0028719	0.856604	0	0.000681818	0.000867769	0.553191	0
	0.099	0.00123967	0.00268595	0.848485	0	0.000805785	0.0011157	0.553191	0
	0.1	0.00150826	0.00235537	0.851145	0	0.000764463	0.00105372	0.553191	0
	0.101	0.00146694	0.00258264	0.847328	0	0.000909091	0.00107438	0.565217	0
	0.102	0.00152893	0.00229339	0.846154	0	0.000764463	0.00103306	0.569343	0
	0.103	0.00202479	0.00239669	0.842308	0	0.000826446	0.00121901	0.566176	0
	0.104	0.00142562	0.00231405	0.826923	0	0.000640496	0.000805785	0.558824	0
	0.105	0.00188017	0.00256198	0.836576	0	0.000971074	0.000826446	0.562963	0
	0.106	0.00161157	0.0021281	0.843137	0	0.000929752	0.000909091	0.562963	0
	0.107	0.00167355	0.00235537	0.841897	0	0.000557851	0.000867769	0.562963	0
	0.108	0.00150826	0.00210744	0.837945	0	0.000847107	0.000743802	0.562963	0
	0.109	0.00128099	0.00239669	0.837945	0	0.000640496	0.0010124	0.562963	0
	0.11	0.00171488	0.00237603	0.837945	0	0.000950413	0.000785124	0.567164	0
	0.111	0.00146694	0.0018595	0.833992	0	0.00105372	0.000867769	0.567164	0
	0.112	0.00150826	0.00219008	0.840637	0	0.000661157	0.000826446	0.567164	0
	0.113	0.00192149	0.00196281	0.844	0	0.0011157	0.000743802	0.567164	0
	0.114	0.00173554	0.00216942	0.844	0	0.000764463	0.000661157	0.571429	0
	0.115	0.00177686	0.00206612	0.836	0	0.000867769	0.000847107	0.575758	0
	0.116	0.00157025	0.00194215	0.836	0	0.000847107	0.000805785	0.575758	0
	0.117	0.00167355	0.00200413	0.836	0	0.000867769	0.000929752	0.580153	0
	0.118	0.00154959	0.00216942	0.839357	0	0.000785124	0.000702479	0.580153	0
	0.119	0.00161157	0.00198347	0.846154	0	0.000909091	0.000991736	0.580153	0
	0.12	0.00163223	0.0018595	0.842105	0	0.000867769	0.000743802	0.584615	0
	0.121	0.00177686	0.00206612	0.84898	0	0.000826446	0.000950413	0.584615	0
	0.122	0.0017562	0.00190083	0.84898	0	0.000578512	0.000599174	0.589147	0
	0.123	0.00169421	0.00167355	0.84898	0	0.000495868	0.000929752	0.589147	0
	0.124	0.00198347	0.00210744	0.84898	0	0.000702479	0.00053719	0.59375	0
	0.125	0.0013843	0.00165289	0.848361	0	0.000619835	0.000805785	0.59375	0
	0.126	0.00169421	0.00177686	0.851852	0	0.000578512	0.000826446	0.590551	0
	0.127	0.00159091	0.00245868	0.851852	0	0.000371901	0.00072314	0.6	0
	0.128	0.00159091	0.00161157	0.847737	0	0.000681818	0.000619835	0.6	0
	0.129	0.0014876	0.00171488	0.847107	0	0.000640496	0.000661157	0.609756	0
	0.13	0.00163223	0.00190083	0.842324	0	0.000330579	0.00072314	0.614754	0
	0.131	0.00163223	0.0018595	0.841667	0	0.000330579	0.00072314	0.606557	0
	0.132	0.00115702	0.00173554	0.8375	0	0.000557851	0.000640496	0.606557	0
	0.133	0.0014876	0.00161157	0.8375	0	0.000433884	0.000619835	0.606557	0
	0.134	0.00150826	0.00136364	0.841004	0	0.000309917	0.000661157	0.606557	0
	0.135	0.00163223	0.00146694	0.841004	0	0.000289256	0.000640496	0.598361	0
	0.136	0.00132231	0.00171488	0.841004	0	0.000330579	0.000785124	0.598361	0
	0.137	0.0013843	0.00136364	0.844538	0	0.000433884	0.000578512	0.598361	0
	0.138	0.00128099	0.00152893	0.843882	0	0.00053719	0.000475207	0.598361	0
	0.139	0.00161157	0.00157025	0.846809	0	0.000371901	0.000619835	0.598361	0
	0.14	0.00119835	0.00171488	0.846809	0	0.000309917	0.000309917	0.613445	0
	0.141	0.00117769	0.00157025	0.857143	0	0.000392562	0.000557851	0.605042	0
	0.142	0.0011157	0.00128099	0.852814	0	0.000392562	0.000516529	0.615385	0
	0.143	0.00134298	0.0017562	0.855895	0	0.000206612	0.000371901	0.62069	0
	0.144	0.00105372	0.00157025	0.851528	0	0.000289256	0.000371901	0.62069	0
	0.145	0.00117769	0.0013843	0.855263	0	0.000247934	0.000454545	0.62069	0
	0.146	0.000950413	0.00123967	0.855263	0	0.000392562	0.000599174	0.62069	0
	0.147	0.000950413	0.00144628	0.850877	0	0.000268595	0.000516529	0.626087	0
	0.148	0.000991736	0.00157025	0.846491	0	0.00035124	0.000785124	0.631579	0
	0.149	0.00132231	0.00161157	0.845815	0	0.000289256	0.000661157	0.622807	0
	0.15	0.0011157	0.00130165	0.853333	0	0.000413223	0.000661157	0.628319	0
	0.151	0.000826446	0.00152893	0.852679	0	0.000206612	0.000702479	0.633929	0
	0.152	0.00128099	0.00154959	0.856502	0	0.000454545	0.000475207	0.625	0
	0.153	0.000909091	0.000971074	0.856502	0	0.000392562	0.000268595	0.625	0
	0.154	0.00107438	0.0014876	0.86036	0	0.000392562	0.000413223	0.625	0
	0.155	0.000909091	0.00113636	0.868182	0	0.000433884	0.000454545	0.616071	0
	0.156	0.00113636	0.00128099	0.863636	0	0.000599174	0.000454545	0.616071	0
	0.157	0.00128099	0.000971074	0.86758	0	0.000702479	0.000330579	0.616071	0
	0.158	0.0010124	0.00119835	0.863014	0	0.000454545	0.00035124	0.607143	0
	0.159	0.00107438	0.00121901	0.863014	0	0.000578512	0.000475207	0.598214	0
	0.16	0.00109504	0.00146694	0.866359	0	0.000578512	0.000392562	0.598214	0
	0.161	0.00121901	0.00113636	0.874419	0	0.000516529	0.000433884	0.589286	0
	0.162	0.000847107	0.00105372	0.878505	0	0.000805785	0.000475207	0.580357	0
	0.163	0.00088843	0.00126033	0.878505	0	0.000640496	0.000475207	0.580357	0
	0.164	0.000991736	0.0011157	0.878505	0	0.000950413	0.000433884	0.580357	0
	0.165	0.000826446	0.00132231	0.873239	0	0.000640496	0.000599174	0.585586	0
	0.166	0.0010124	0.00142562	0.877358	0	0.000785124	0.000433884	0.585586	0
	0.167	0.00107438	0.00142562	0.877358	0	0.000578512	0.000433884	0.587156	0
	0.168	0.00103306	0.00126033	0.881517	0	0.000413223	0.00035124	0.587156	0
	0.169	0.0010124	0.00115702	0.881517	0	0.000743802	0.000433884	0.592593	0
	0.17	0.0011157	0.00088843	0.872038	0	0.000599174	0.000495868	0.583333	0
	0.171	0.00144628	0.00107438	0.871429	0	0.000516529	0.000413223	0.583333	0
	0.172	0.000971074	0.00103306	0.871429	0	0.000867769	0.000330579	0.583333	0
	0.173	0.00105372	0.00132231	0.871429	0	0.000681818	0.000433884	0.583333	0
	0.174	0.000826446	0.00121901	0.871429	0	0.000599174	0.000516529	0.583333	0
	0.175	0.000743802	0.00109504	0.866667	0	0.0010124	0.000454545	0.583333	0
	0.176	0.000826446	0.00113636	0.866667	0	0.000640496	0.00035124	0.574074	0
	0.177	0.000826446	0.000909091	0.870813	0	0.000681818	0.000330579	0.574074	0
	0.178	0.000867769	0.000991736	0.870813	0	0.000909091	0.000392562	0.574074	0
	0.179	0.000867769	0.0010124	0.870192	0	0.000785124	0.000268595	0.574074	0
	0.18	0.000702479	0.00121901	0.870192	0	0.000805785	0.00035124	0.579439	0
	0.181	0.000785124	0.000950413	0.865385	0	0.000557851	0.000495868	0.570093	0
	0.182	0.00088843	0.00115702	0.873786	0	0.000805785	0.000392562	0.570093	0
	0.183	0.000929752	0.00103306	0.873786	0	0.00103306	0.000413223	0.575472	0
	0.184	0.000702479	0.000847107	0.868932	0	0.00105372	0.000371901	0.580952	0
	0.185	0.000619835	0.00113636	0.868293	0	0.00088843	0.000309917	0.580952	0
	0.186	0.000681818	0.000971074	0.868293	0	0.000599174	0.000413223	0.586538	0
	0.187	0.000785124	0.000971074	0.867647	0	0.000661157	0.000475207	0.592233	0
	0.188	0.000702479	0.000661157	0.867647	0	0.000950413	0.000123967	0.592233	0
	0.189	0.000661157	0.0010124	0.867647	0	0.00072314	0.000309917	0.61	0
	0.19	0.000785124	0.000909091	0.867647	0	0.000867769	0.000330579	0.61	0
	0.191	0.0010124	0.00105372	0.867647	0	0.00088843	0.000309917	0.61	0
	0.192	0.000847107	0.00113636	0.871287	0	0.000929752	0.000371901	0.61	0
	0.193	0.000392562	0.00115702	0.866337	0	0.000578512	0.000309917	0.6	0
	0.194	0.000702479	0.00072314	0.866337	0	0.000681818	0.000289256	0.6	0
	0.195	0.000743802	0.000950413	0.870647	0	0.000826446	0.000268595	0.6	0
	0.196	0.000578512	0.000909091	0.865672	0	0.000847107	0.000371901	0.6	0
	0.197	0.000785124	0.000785124	0.865672	0	0.000950413	0.00035124	0.606061	0
	0.198	0.000433884	0.00105372	0.883249	0	0.000867769	0.000289256	0.612245	0
	0.199	0.000805785	0.000909091	0.882653	0	0.00072314	0.000165289	0.612245	0
	0.2	0.000599174	0.000826446	0.882653	0	0.000785124	0.000289256	0.612245	0
	0.201	0.000599174	0.000929752	0.877551	0	0.000681818	0.000123967	0.612245	0
	0.202	0.00103306	0.00088843	0.877551	0	0.000867769	0.000330579	0.612245	0
	0.203	0.000599174	0.000909091	0.882051	0	0.000599174	0.000371901	0.625	0
	0.204	0.000909091	0.000950413	0.876923	0	0.000950413	0.000268595	0.614583	0
	0.205	0.000578512	0.00088843	0.880829	0	0.0010124	0.000227273	0.604167	0
	0.206	0.000743802	0.000950413	0.885417	0	0.000826446	0.000165289	0.604167	0
	0.207	0.000661157	0.000826446	0.884817	0	0.000681818	0.000289256	0.583333	0
	0.208	0.000681818	0.000909091	0.884817	0	0.000805785	0.000289256	0.572917	0
	0.209	0.000681818	0.000681818	0.884817	0	0.000661157	0.000247934	0.578947	0
	0.21	0.000867769	0.000619835	0.879581	0	0.000743802	0.000309917	0.585106	0
	0.211	0.000578512	0.000867769	0.874346	0	0.000764463	0.00018595	0.591398	0
	0.212	0.000578512	0.00105372	0.874346	0	0.000764463	0.000268595	0.591398	0
	0.213	0.00072314	0.000578512	0.874346	0	0.000743802	0.000309917	0.591398	0
	0.214	0.000805785	0.000847107	0.874346	0	0.000661157	0.000206612	0.591398	0
	0.215	0.000826446	0.000599174	0.874346	0	0.000702479	0.000144628	0.591398	0
	0.216	0.00088843	0.000681818	0.874346	0	0.00053719	0.000309917	0.591398	0
	0.217	0.000847107	0.000681818	0.874346	0	0.000702479	0.000330579	0.597826	0
	0.218	0.000805785	0.000764463	0.878947	0	0.000702479	0.000268595	0.604396	0
	0.219	0.000764463	0.000619835	0.878947	0	0.00053719	0.000289256	0.604396	0
	0.22	0.000826446	0.000764463	0.878947	0	0.000619835	0.000206612	0.611111	0
	0.221	0.000805785	0.000640496	0.878947	0	0.00072314	0.000247934	0.611111	0
	0.222	0.000785124	0.000805785	0.883598	0	0.000785124	0.000330579	0.625	0
	0.223	0.000764463	0.000805785	0.888298	0	0.000454545	0.000123967	0.625	0
	0.224	0.00088843	0.000991736	0.887701	0	0.000495868	0.000309917	0.632184	0
	0.225	0.000661157	0.000392562	0.882353	0	0.00053719	0.000227273	0.632184	0
	0.226	0.000929752	0.000743802	0.887097	0	0.000433884	0.000103306	0.639535	0
	0.227	0.000681818	0.000991736	0.88172	0	0.000661157	0.000123967	0.639535	0
	0.228	0.000826446	0.000867769	0.88172	0	0.000454545	0.000247934	0.639535	0
	0.229	0.000661157	0.000661157	0.876344	0	0.000557851	0.000206612	0.639535	0
	0.23	0.000826446	0.000578512	0.870968	0	0.000640496	0.000206612	0.639535	0
	0.231	0.000681818	0.000764463	0.870968	0	0.000578512	0.000227273	0.654762	0
	0.232	0.000599174	0.000764463	0.870968	0	0.000392562	0.000268595	0.670732	0
	0.233	0.000702479	0.000805785	0.865591	0	0.000557851	6.19835e-05	0.679012	0
	0.234	0.000681818	0.000619835	0.865591	0	0.000454545	0.00018595	0.679012	0
	0.235	0.000847107	0.000516529	0.865591	0	0.000640496	0.000123967	0.6875	0
	0.236	0.000640496	0.000805785	0.865591	0	0.000433884	0.00018595	0.705128	0
	0.237	0.000495868	0.000557851	0.865591	0	0.000557851	0.000123967	0.705128	0
	0.238	0.000681818	0.000681818	0.865591	0	0.000557851	0.000268595	0.705128	0
	0.239	0.00053719	0.000557851	0.865591	0	0.000516529	0.000165289	0.692308	0
	0.24	0.000557851	0.000640496	0.864865	0	0.000289256	0.000227273	0.688312	0
	0.241	0.000599174	0.000599174	0.869565	0	0.00035124	0.000227273	0.675325	0
	0.242	0.000640496	0.000557851	0.869565	0	0.000454545	8.26446e-05	0.675325	0
	0.243	0.000826446	0.000847107	0.86413	0	0.000392562	0.000144628	0.662338	0
	0.244	0.000929752	0.000557851	0.868852	0	0.000516529	0.000268595	0.649351	0
	0.245	0.000702479	0.000619835	0.868852	0	0.000475207	0.00018595	0.636364	0
	0.246	0.000599174	0.000599174	0.873626	0	0.000433884	0.000144628	0.644737	0
	0.247	0.000516529	0.000681818	0.878453	0	0.000289256	0.000123967	0.653333	0
	0.248	0.000475207	0.000619835	0.872928	0	0.00018595	6.19835e-05	0.653333	0
	0.249	0.00072314	0.00053719	0.867403	0	0.000330579	0.000165289	0.653333	0
	0.25	0.000495868	0.000640496	0.867403	0	0.000330579	0.00035124	0.653333	0
	0.251	0.000619835	0.000578512	0.867403	0	0.000371901	0.000227273	0.662162	0
	0.252	0.00072314	0.000702479	0.872222	0	0.000371901	0.000206612	0.662162	0
	0.253	0.000516529	0.000475207	0.866667	0	0.000289256	0.000227273	0.662162	0
	0.254	0.000495868	0.000371901	0.866667	0	0.000227273	0.000144628	0.662162	0
	0.255	0.000433884	0.000619835	0.866667	0	0.000123967	0.000227273	0.662162	0
	0.256	0.000702479	0.000371901	0.861111	0	0.000433884	0.000144628	0.662162	0
	0.257	0.00072314	0.000516529	0.875706	0	0.000247934	0.00018595	0.662162	0
	0.258	0.00053719	0.000599174	0.880682	0	0.000227273	0.000247934	0.662162	0
	0.259	0.00103306	0.000578512	0.880682	0	0.000454545	0.000165289	0.662162	0
	0.26	0.000619835	0.000371901	0.88	0	0.000268595	0.000123967	0.662162	0
	0.261	0.000805785	0.000805785	0.88	0	0.000330579	0.000103306	0.662162	0
	0.262	0.00072314	0.000495868	0.88	0	0.000413223	0.00018595	0.635135	0
	0.263	0.000702479	0.000495868	0.87931	0	0.000268595	0.000144628	0.621622	0
	0.264	0.000702479	0.000516529	0.87931	0	0.000330579	0.00018595	0.621622	0
	0.265	0.000454545	0.000371901	0.873563	0	0.00053719	0.00018595	0.608108	0
	0.266	0.000743802	0.000371901	0.878613	0	0.00053719	0.000103306	0.625	0
	0.267	0.000702479	0.000413223	0.877907	0	0.000371901	0.000103306	0.611111	0
	0.268	0.000578512	0.000619835	0.877907	0	0.000578512	0.000165289	0.619718	0
	0.269	0.000495868	0.000578512	0.883041	0	0.000371901	0.000247934	0.628571	0
	0.27	0.000557851	0.000495868	0.883041	0	0.000371901	6.19835e-05	0.628571	0
	0.271	0.000495868	0.00053719	0.877193	0	0.000619835	0.000206612	0.628571	0
	0.272	0.000454545	0.000392562	0.877193	0	0.00053719	0.000123967	0.628571	0
	0.273	0.000578512	0.000433884	0.877193	0	0.000454545	0.000144628	0.628571	0
	0.274	0.000702479	0.00035124	0.871345	0	0.000475207	6.19835e-05	0.614286	0
	0.275	0.000557851	0.000475207	0.864706	0	0.000433884	0.000144628	0.632353	0
	0.276	0.000433884	0.000330579	0.864706	0	0.000640496	0.000330579	0.632353	0
	0.277	0.000661157	0.000557851	0.864706	0	0.000475207	0.000165289	0.632353	0
	0.278	0.000516529	0.000371901	0.864706	0	0.000578512	6.19835e-05	0.641791	0
	0.279	0.000454545	0.000454545	0.864706	0	0.000743802	0.000103306	0.641791	0
	0.28	0.000557851	0.000454545	0.864706	0	0.000516529	0.000103306	0.651515	0
	0.281	0.000702479	0.000413223	0.852941	0	0.000433884	0.00018595	0.651515	0
	0.282	0.000475207	0.000495868	0.847059	0	0.000454545	0.000103306	0.636364	0
	0.283	0.000681818	0.000433884	0.835294	0	0.000578512	0.000227273	0.636364	0
	0.284	0.000495868	0.000330579	0.840237	0	0.000516529	6.19835e-05	0.621212	0
	0.285	0.000578512	0.000454545	0.840237	0	0.000971074	8.26446e-05	0.621212	0
	0.286	0.000495868	0.00035124	0.83432	0	0.000764463	0.000103306	0.621212	0
	0.287	0.000578512	0.000599174	0.828402	0	0.00053719	0.000144628	0.621212	0
	0.288	0.000557851	0.000371901	0.821429	0	0.00053719	0.000144628	0.630769	0
	0.289	0.000495868	0.000475207	0.815476	0	0.000743802	8.26446e-05	0.630769	0
	0.29	0.000495868	0.000454545	0.820359	0	0.00053719	0.000144628	0.640625	0
	0.291	0.00053719	0.00035124	0.820359	0	0.000661157	0.000144628	0.625	0
	0.292	0.000640496	0.000371901	0.825301	0	0.000433884	0.000144628	0.625	0
	0.293	0.000619835	0.00053719	0.830303	0	0.000454545	0.00018595	0.625	0
	0.294	0.000578512	0.00035124	0.830303	0	0.000557851	0.000144628	0.625	0
	0.295	0.000557851	0.000475207	0.830303	0	0.000599174	0.000144628	0.625	0
	0.296	0.000599174	0.000392562	0.823171	0	0.000433884	0.000144628	0.625	0
	0.297	0.000516529	0.000247934	0.817073	0	0.000578512	0.000123967	0.634921	0
	0.298	0.000619835	0.000330579	0.817073	0	0.000247934	2.06612e-05	0.634921	0
	0.299	0.000599174	0.000454545	0.817073	0	0.000413223	8.26446e-05	0.634921	0
	0.3	0.00072314	0.000578512	0.817073	0	0.000475207	0.000103306	0.634921	0
	0.301	0.000640496	0.000330579	0.810976	0	0.000495868	0.000123967	0.634921	0
	0.302	0.000702479	0.00035124	0.815951	0	0.000516529	0.000206612	0.634921	0
	0.303	0.000826446	0.000268595	0.815951	0	0.000702479	0.00018595	0.634921	0
	0.304	0.00088843	0.000495868	0.820988	0	0.000454545	0.000123967	0.634921	0
	0.305	0.00088843	0.000330579	0.820988	0	0.000557851	0.000165289	0.634921	0
	0.306	0.000867769	0.000392562	0.814815	0	0.00018595	2.06612e-05	0.645161	0
	0.307	0.000909091	0.000289256	0.825	0	0.00035124	6.19835e-05	0.645161	0
	0.308	0.000909091	0.000268595	0.825	0	0.000330579	6.19835e-05	0.645161	0
	0.309	0.000785124	0.000289256	0.825	0	0.000413223	0.000123967	0.645161	0
	0.31	0.00119835	0.00035124	0.825	0	0.00053719	0.000103306	0.629032	0
	0.311	0.000743802	0.000371901	0.825	0	0.000392562	0.000123967	0.629032	0
	0.312	0.000929752	0.000640496	0.81875	0	0.000392562	4.13223e-05	0.629032	0
	0.313	0.000867769	0.000309917	0.8125	0	0.000475207	2.06612e-05	0.639344	0
	0.314	0.000867769	0.000413223	0.81761	0	0.000454545	0.000123967	0.633333	0
	0.315	0.000743802	0.00053719	0.811321	0	0.000454545	0.00018595	0.633333	0
	0.316	0.0011157	0.000454545	0.811321	0	0.000433884	8.26446e-05	0.644068	0
	0.317	0.00088843	0.000433884	0.811321	0	0.000578512	4.13223e-05	0.644068	0
	0.318	0.000991736	0.000309917	0.805031	0	0.000227273	8.26446e-05	0.644068	0
	0.319	0.0010124	0.000454545	0.805031	0	0.000309917	4.13223e-05	0.644068	0
	0.32	0.00121901	0.000206612	0.805031	0	0.000599174	0.000103306	0.655172	0
	0.321	0.00119835	0.000309917	0.805031	0	0.00035124	4.13223e-05	0.655172	0
	0.322	0.000826446	0.000206612	0.805031	0	0.000433884	6.19835e-05	0.655172	0
	0.323	0.00107438	0.00035124	0.798742	0	0.000454545	2.06612e-05	0.655172	0
	0.324	0.00105372	0.000578512	0.798742	0	0.000309917	0.000123967	0.655172	0
	0.325	0.000971074	0.000309917	0.808917	0	0.000371901	6.19835e-05	0.655172	0
	0.326	0.00130165	0.000289256	0.808917	0	0.000330579	0.000123967	0.655172	0
	0.327	0.00103306	0.000289256	0.808917	0	0.000392562	0.000103306	0.655172	0
	0.328	0.000909091	0.000289256	0.808917	0	0.000206612	6.19835e-05	0.649123	0
	0.329	0.000764463	0.000392562	0.814103	0	0.000557851	0.000103306	0.660714	0
	0.33	0.000909091	0.000309917	0.807692	0	0.000413223	0.000144628	0.660714	0
	0.331	0.000991736	0.00035124	0.812903	0	0.000268595	8.26446e-05	0.660714	0
	0.332	0.00117769	0.000227273	0.812903	0	0.000578512	8.26446e-05	0.672727	0
	0.333	0.00105372	0.00035124	0.818182	0	0.000309917	0.000103306	0.666667	0
	0.334	0.000847107	0.000123967	0.811688	0	0.000495868	0.000123967	0.648148	0
	0.335	0.000909091	0.000227273	0.811688	0	0.000371901	6.19835e-05	0.648148	0
	0.336	0.000909091	0.000413223	0.811688	0	0.000289256	8.26446e-05	0.641509	0
	0.337	0.000950413	0.00018595	0.811688	0	0.000330579	4.13223e-05	0.622642	0
	0.338	0.000743802	0.000309917	0.805195	0	0.000371901	2.06612e-05	0.647059	0
	0.339	0.000909091	0.000227273	0.805195	0	0.000289256	8.26446e-05	0.627451	0
	0.34	0.000971074	0.000289256	0.798701	0	0.000413223	2.06612e-05	0.64	0
	0.341	0.00103306	0.000392562	0.792208	0	0.000330579	4.13223e-05	0.653061	0
	0.342	0.00072314	0.000289256	0.785714	0	0.000268595	2.06612e-05	0.653061	0
	0.343	0.000764463	0.00035124	0.772727	0	0.000289256	0.000123967	0.653061	0
	0.344	0.000971074	0.000289256	0.772727	0	0.00035124	0.000123967	0.653061	0
	0.345	0.000764463	0.000309917	0.766234	0	0.000247934	0.000123967	0.653061	0
	0.346	0.00072314	0.000103306	0.771242	0	0.000165289	0.000123967	0.632653	0
	0.347	0.000826446	0.00018595	0.776316	0	0.000413223	8.26446e-05	0.632653	0
	0.348	0.000681818	0.00035124	0.781457	0	0.000309917	2.06612e-05	0.632653	0
	0.349	0.000661157	0.000289256	0.781457	0	0.00035124	0.000103306	0.632653	0
	0.35	0.000661157	0.00018595	0.774834	0	0.000413223	4.13223e-05	0.645833	0
	0.351	0.000681818	0.000289256	0.78	0	0.000289256	0.000123967	0.645833	0
	0.352	0.000743802	0.00035124	0.773333	0	0.000433884	4.13223e-05	0.645833	0
	0.353	0.000681818	0.00035124	0.766667	0	0.000206612	4.13223e-05	0.645833	0
	0.354	0.000640496	0.000330579	0.771812	0	0.000495868	4.13223e-05	0.645833	0
	0.355	0.000743802	0.000268595	0.771812	0	0.000413223	4.13223e-05	0.625	0
	0.356	0.000764463	0.000454545	0.77551	0	0.000247934	6.19835e-05	0.625	0
	0.357	0.000764463	0.000247934	0.780822	0	0.000392562	6.19835e-05	0.625	0
	0.358	0.000805785	0.00035124	0.780822	0	0.000516529	0.000103306	0.625	0
	0.359	0.000578512	0.000330579	0.786207	0	0.000392562	0.000123967	0.625	0
	0.36	0.000516529	0.00018595	0.772414	0	0.000413223	6.19835e-05	0.625	0
	0.361	0.000619835	0.000268595	0.772414	0	0.000392562	2.06612e-05	0.625	0
	0.362	0.000681818	0.000268595	0.777778	0	0.000392562	0.000144628	0.595745	0
	0.363	0.000805785	0.000309917	0.777778	0	0.00053719	8.26446e-05	0.608696	0
	0.364	0.000764463	0.000289256	0.770833	0	0.000330579	8.26446e-05	0.608696	0
	0.365	0.000640496	0.00018595	0.763889	0	0.000578512	6.19835e-05	0.608696	0
	0.366	0.000619835	0.000289256	0.769231	0	0.000475207	0.000123967	0.608696	0
	0.367	0.00053719	0.000227273	0.780142	0	0.000475207	0.000144628	0.586957	0
	0.368	0.00105372	0.000247934	0.77305	0	0.000475207	6.19835e-05	0.586957	0
	0.369	0.00072314	0.000330579	0.765957	0	0.000454545	8.26446e-05	0.586957	0
	0.37	0.00072314	0.000206612	0.765957	0	0.000557851	8.26446e-05	0.565217	0
	0.371	0.000929752	0.00018595	0.771429	0	0.000495868	6.19835e-05	0.565217	0
	0.372	0.000826446	0.000289256	0.788321	0	0.000371901	2.06612e-05	0.555556	0
	0.373	0.000599174	0.000227273	0.794118	0	0.000475207	4.13223e-05	0.555556	0
	0.374	0.000764463	0.000289256	0.794118	0	0.000371901	2.06612e-05	0.511111	0
	0.375	0.000681818	0.000289256	0.794118	0	0.000495868	4.13223e-05	0.511111	0
	0.376	0.000826446	0.000144628	0.8	0	0.000516529	2.06612e-05	0.511111	0
	0.377	0.000847107	0.000247934	0.8	0	0.000516529	0.000103306	0.511111	0
	0.378	0.00072314	0.000165289	0.80597	0	0.000578512	6.19835e-05	0.511111	0
	0.379	0.000826446	0.000227273	0.804511	0	0.000454545	0.000123967	0.511111	0
	0.38	0.00053719	0.00018595	0.804511	0	0.000516529	0.000165289	0.488889	0
	0.381	0.000950413	0.000206612	0.804511	0	0.000599174	0.000103306	0.5	0
	0.382	0.000764463	0.000247934	0.804511	0	0.000661157	8.26446e-05	0.5	0
	0.383	0.00105372	0.00018595	0.796992	0	0.000516529	0.000103306	0.5	0
	0.384	0.000826446	0.000165289	0.795455	0	0.00072314	6.19835e-05	0.5	0
	0.385	0.000909091	0.000144628	0.795455	0	0.000516529	2.06612e-05	0.5	0
	0.386	0.000826446	0.000206612	0.787879	0	0.000702479	4.13223e-05	0.5	0
	0.387	0.000743802	0.000206612	0.772727	0	0.000619835	6.19835e-05	0.477273	0
	0.388	0.000702479	0.000206612	0.778626	0	0.000702479	6.19835e-05	0.477273	0
	0.389	0.000743802	0.000268595	0.776923	0	0.000392562	2.06612e-05	0.488372	0
	0.39	0.000702479	0.000165289	0.776923	0	0.000475207	0	0.465116	0
	0.391	0.000743802	0.000144628	0.776923	0	0.00053719	6.19835e-05	0.404762	0
	0.392	0.000929752	0.000247934	0.776923	0	0.000702479	4.13223e-05	0.380952	0
	0.393	0.000764463	0.000206612	0.782946	0	0.000619835	0.000103306	0.380952	0
	0.394	0.000805785	0.00018595	0.782946	0	0.000640496	4.13223e-05	0.380952	0
	0.395	0.00088843	0.000247934	0.782946	0	0.000764463	0.000103306	0.380952	0
	0.396	0.00109504	0.000309917	0.767442	0	0.000599174	4.13223e-05	0.357143	0
	0.397	0.000867769	0.000144628	0.773438	0	0.000557851	0	0.357143	0
	0.398	0.000557851	0.000206612	0.771654	0	0.000599174	4.13223e-05	0.357143	0
	0.399	0.000681818	0.000206612	0.771654	0	0.000557851	6.19835e-05	0.357143	0
	0.4	0.000681818	0.000144628	0.771654	0	0.000475207	8.26446e-05	0.357143	0
	0.401	0.000971074	0.000289256	0.777778	0	0.000681818	2.06612e-05	0.365854	0
	0.402	0.000971074	0.000123967	0.777778	0	0.000557851	2.06612e-05	0.375	0
	0.403	0.00053719	0.000206612	0.777778	0	0.000433884	8.26446e-05	0.375	0
	0.404	0.000764463	0.000247934	0.777778	0	0.000495868	4.13223e-05	0.394737	0
	0.405	0.000640496	0.000289256	0.777778	0	0.000495868	0	0.368421	0
	0.406	0.00053719	0.000227273	0.784	0	0.000640496	0	0.368421	0
	0.407	0.000847107	0.000144628	0.784	0	0.000495868	4.13223e-05	0.368421	0
	0.408	0.000764463	0.00018595	0.784	0	0.000619835	2.06612e-05	0.368421	0
	0.409	0.000743802	0.000144628	0.784	0	0.000392562	0	0.368421	0
	0.41	0.000826446	0.000289256	0.784	0	0.000475207	2.06612e-05	0.368421	0
	0.411	0.000702479	0.000371901	0.784	0	0.000516529	4.13223e-05	0.378378	0
	0.412	0.000764463	0.00018595	0.790323	0	0.000847107	2.06612e-05	0.378378	0
	0.413	0.000785124	0.000268595	0.790323	0	0.000599174	2.06612e-05	0.378378	0
	0.414	0.000661157	0.000206612	0.790323	0	0.000619835	6.19835e-05	0.378378	0
	0.415	0.000599174	0.000227273	0.790323	0	0.00053719	8.26446e-05	0.411765	0
	0.416	0.000578512	0.000309917	0.790323	0	0.000578512	2.06612e-05	0.411765	0
	0.417	0.000764463	0.000227273	0.796748	0	0.000495868	0	0.4375	0
	0.418	0.000743802	0.000123967	0.795082	0	0.000433884	8.26446e-05	0.4375	0
	0.419	0.00072314	0.000206612	0.795082	0	0.000392562	2.06612e-05	0.4375	0
	0.42	0.000764463	6.19835e-05	0.795082	0	0.00072314	2.06612e-05	0.419355	0
	0.421	0.000495868	0.000144628	0.801653	0	0.000764463	6.19835e-05	0.419355	0
	0.422	0.000557851	0.000123967	0.8	0	0.000619835	6.19835e-05	0.419355	0
	0.423	0.000599174	0.000206612	0.8	0	0.000702479	6.19835e-05	0.419355	0
	0.424	0.000826446	0.000144628	0.79661	0	0.000599174	8.26446e-05	0.419355	0
	0.425	0.000640496	0.000227273	0.794872	0	0.000557851	4.13223e-05	0.419355	0
	0.426	0.00072314	0.000247934	0.786325	0	0.000599174	6.19835e-05	0.419355	0
	0.427	0.000578512	0.000227273	0.786325	0	0.000578512	2.06612e-05	0.419355	0
	0.428	0.000785124	0.000165289	0.793103	0	0.000805785	4.13223e-05	0.419355	0
	0.429	0.000640496	0.000103306	0.793103	0	0.000743802	6.19835e-05	0.387097	0
	0.43	0.000619835	0.000206612	0.8	0	0.000681818	4.13223e-05	0.387097	0
	0.431	0.000619835	0.000103306	0.807018	0	0.000371901	6.19835e-05	0.4	0
	0.432	0.000599174	0.000103306	0.798246	0	0.000247934	2.06612e-05	0.413793	0
	0.433	0.000619835	0.000247934	0.798246	0	0.000661157	6.19835e-05	0.413793	0
	0.434	0.000640496	0.000206612	0.798246	0	0.000640496	2.06612e-05	0.413793	0
	0.435	0.000599174	0.000268595	0.789474	0	0.000330579	0	0.413793	0
	0.436	0.000475207	0.00018595	0.79646	0	0.000578512	2.06612e-05	0.413793	0
	0.437	0.000578512	0.000144628	0.787611	0	0.000475207	2.06612e-05	0.428571	0
	0.438	0.000454545	0.000123967	0.787611	0	0.000578512	0	0.428571	0
	0.439	0.000413223	0.000103306	0.787611	0	0.000516529	2.06612e-05	0.428571	0
	0.44	0.000475207	0.000144628	0.787611	0	0.000309917	4.13223e-05	0.428571	0
	0.441	0.00035124	0.000144628	0.787611	0	0.000330579	4.13223e-05	0.428571	0
	0.442	0.000516529	0.000227273	0.794643	0	0.000475207	2.06612e-05	0.444444	0
	0.443	0.000392562	8.26446e-05	0.785714	0	0.000289256	2.06612e-05	0.444444	0
	0.444	0.00035124	0.00018595	0.785714	0	0.000330579	4.13223e-05	0.444444	0
	0.445	0.00035124	0.000123967	0.785714	0	0.000433884	4.13223e-05	0.444444	0
	0.446	0.000619835	0.000123967	0.776786	0	0.000268595	8.26446e-05	0.444444	0
	0.447	0.000516529	0.00018595	0.776786	0	0.00035124	2.06612e-05	0.407407	0
	0.448	0.000619835	0.000144628	0.776786	0	0.000454545	8.26446e-05	0.407407	0
	0.449	0.000599174	8.26446e-05	0.790909	0	0.000247934	2.06612e-05	0.423077	0
	0.45	0.000475207	0.000144628	0.781818	0	0.000227273	0	0.44	0
	0.451	0.000309917	0.000247934	0.781818	0	0.000454545	0.000123967	0.44	0
	0.452	0.000516529	0.000268595	0.788991	0	0.000227273	6.19835e-05	0.44	0
	0.453	0.000454545	0.000165289	0.788991	0	0.000268595	0	0.44	0
	0.454	0.000475207	0.000103306	0.788991	0	0.000330579	4.13223e-05	0.44	0
	0.455	0.000454545	0.000123967	0.796296	0	0.000268595	6.19835e-05	0.44	0
	0.456	0.000495868	0.000103306	0.796296	0	0.000268595	4.13223e-05	0.458333	0
	0.457	0.000516529	0.00018595	0.803738	0	0.000289256	2.06612e-05	0.478261	0
	0.458	0.000619835	0.000144628	0.803738	0	0.000289256	0	0.478261	0
	0.459	0.000413223	0.000289256	0.785047	0	0.000144628	4.13223e-05	0.5	0
	0.46	0.000475207	0.000144628	0.775701	0	0.000227273	2.06612e-05	0.47619	0
	0.461	0.00053719	0.000144628	0.773585	0	0.000309917	4.13223e-05	0.47619	0
	0.462	0.000516529	8.26446e-05	0.771429	0	0.000206612	2.06612e-05	0.5	0
	0.463	0.00053719	0.000144628	0.771429	0	0.000206612	4.13223e-05	0.5	0
	0.464	0.000454545	0.000247934	0.771429	0	0.000247934	2.06612e-05	0.526316	0
	0.465	0.00053719	0.000123967	0.771429	0	0.00018595	4.13223e-05	0.526316	0
	0.466	0.000516529	0.00018595	0.771429	0	0.000144628	2.06612e-05	0.526316	0
	0.467	0.000785124	0.000144628	0.752381	0	0.000227273	0	0.5	0
	0.468	0.000475207	0.000309917	0.759615	0	0.00018595	6.19835e-05	0.5	0
	0.469	0.000661157	0.000103306	0.76699	0	0.000144628	6.19835e-05	0.5	0
	0.47	0.000599174	0.000123967	0.76699	0	0.000165289	8.26446e-05	0.5	0
	0.471	0.000392562	0.000144628	0.77451	0	0.000206612	0	0.529412	0
	0.472	0.000619835	0.000165289	0.77451	0	0.00018595	2.06612e-05	0.529412	0
	0.473	0.000805785	0.000268595	0.764706	0	0.000206612	6.19835e-05	0.529412	0
	0.474	0.000495868	0.000165289	0.764706	0	0.000227273	2.06612e-05	0.529412	0
	0.475	0.000681818	6.19835e-05	0.764706	0	0.000289256	2.06612e-05	0.529412	0
	0.476	0.000743802	0.000144628	0.78	0	0.000123967	2.06612e-05	0.529412	0
	0.477	0.000681818	0.00018595	0.78	0	0.000165289	2.06612e-05	0.529412	0
	0.478	0.000516529	0.000103306	0.787879	0	0.000103306	2.06612e-05	0.5625	0
	0.479	0.000640496	0.000247934	0.787879	0	0.00018595	0	0.5625	0
	0.48	0.000640496	0.00018595	0.787879	0	0.000247934	0	0.5625	0
	0.481	0.000640496	0.000123967	0.787879	0	0.000227273	2.06612e-05	0.5625	0
	0.482	0.000495868	0.00018595	0.787879	0	0.000165289	8.26446e-05	0.6	0
	0.483	0.000661157	6.19835e-05	0.787879	0	0.000165289	0	0.6	0
	0.484	0.000826446	0.000103306	0.795918	0	0.000123967	0	0.6	0
	0.485	0.000661157	0.000103306	0.795918	0	0.000165289	2.06612e-05	0.6	0
	0.486	0.000578512	0.000123967	0.795918	0	0.000268595	2.06612e-05	0.6	0
	0.487	0.000309917	6.19835e-05	0.785714	0	0.00018595	0	0.6	0
	0.488	0.000392562	0.00018595	0.785714	0	0.000227273	2.06612e-05	0.6	0
	0.489	0.000681818	4.13223e-05	0.785714	0	0.00018595	2.06612e-05	0.642857	0
	0.49	0.000661157	0.000123967	0.77551	0	0.000227273	2.06612e-05	0.642857	0
	0.491	0.000557851	8.26446e-05	0.77551	0	8.26446e-05	6.19835e-05	0.571429	0
	0.492	0.000599174	0.00018595	0.77551	0	0.000247934	4.13223e-05	0.571429	0
	0.493	0.000702479	6.19835e-05	0.77551	0	0.000144628	4.13223e-05	0.571429	0
	0.494	0.000578512	8.26446e-05	0.77551	0	0.000123967	0	0.571429	0
	0.495	0.000847107	0.000144628	0.77551	0	0.000103306	4.13223e-05	0.571429	0
	0.496	0.000661157	0.000165289	0.77551	0	0.000123967	2.06612e-05	0.571429	0
	0.497	0.000557851	0.000123967	0.77551	0	0.000123967	2.06612e-05	0.571429	0
	0.498	0.000516529	0.000103306	0.765306	0	4.13223e-05	2.06612e-05	0.571429	0
	0.499	0.000495868	0.000165289	0.765306	0	0.000165289	0	0.571429	0
	0.5	0.00072314	0.000165289	0.755102	0	0.000103306	0	0.571429	0
	0.501	0.000557851	0.000123967	0.742268	0	0.000206612	2.06612e-05	0.571429	0
	0.502	0.000619835	8.26446e-05	0.742268	0	0.000123967	4.13223e-05	0.571429	0
	0.503	0.000578512	6.19835e-05	0.75	0	0.000144628	4.13223e-05	0.571429	0
	0.504	0.00053719	0.000123967	0.75	0	8.26446e-05	4.13223e-05	0.571429	0
	0.505	0.000702479	0.00018595	0.75	0	0.000144628	2.06612e-05	0.571429	0
	0.506	0.000475207	0.000123967	0.739583	0	0.000247934	0	0.571429	0
	0.507	0.000599174	0.000103306	0.729167	0	6.19835e-05	0	0.615385	0
	0.508	0.000578512	0.000165289	0.729167	0	8.26446e-05	2.06612e-05	0.615385	0
	0.509	0.000599174	6.19835e-05	0.736842	0	0.000165289	0	0.615385	0
	0.51	0.000764463	0.000103306	0.726316	0	6.19835e-05	0	0.615385	0
	0.511	0.000475207	0.000103306	0.715789	0	0.000144628	2.06612e-05	0.615385	0
	0.512	0.000557851	6.19835e-05	0.723404	0	8.26446e-05	2.06612e-05	0.615385	0
	0.513	0.000640496	8.26446e-05	0.723404	0	0.000123967	2.06612e-05	0.615385	0
	0.514	0.000599174	6.19835e-05	0.723404	0	0.000206612	2.06612e-05	0.615385	0
	0.515	0.000578512	0.000144628	0.712766	0	6.19835e-05	4.13223e-05	0.615385	0
	0.516	0.000371901	0.00018595	0.712766	0	6.19835e-05	8.26446e-05	0.615385	0
	0.517	0.000371901	6.19835e-05	0.72043	0	8.26446e-05	0	0.615385	0
	0.518	0.000557851	0.000123967	0.72043	0	0.000123967	2.06612e-05	0.615385	0
	0.519	0.000413223	0.000165289	0.72043	0	8.26446e-05	0	0.615385	0
	0.52	0.000785124	0.000103306	0.72043	0	6.19835e-05	0	0.538462	0
	0.521	0.000619835	0.000123967	0.717391	0	0.000165289	2.06612e-05	0.538462	0
	0.522	0.000681818	0.000206612	0.717391	0	2.06612e-05	0	0.583333	0
	0.523	0.00053719	0.000144628	0.714286	0	6.19835e-05	0	0.583333	0
	0.524	0.000785124	0.000144628	0.711111	0	4.13223e-05	2.06612e-05	0.583333	0
	0.525	0.00053719	0.000123967	0.696629	0	8.26446e-05	0	0.583333	0
	0.526	0.000867769	6.19835e-05	0.696629	0	8.26446e-05	0	0.583333	0
	0.527	0.000640496	0.000144628	0.696629	0	8.26446e-05	2.06612e-05	0.7	0
	0.528	0.000454545	0.000103306	0.712644	0	8.26446e-05	0	0.777778	0
	0.529	0.00053719	2.06612e-05	0.712644	0	8.26446e-05	0	0.666667	0
	0.53	0.000495868	4.13223e-05	0.712644	0	4.13223e-05	0	0.555556	0
	0.531	0.00072314	0.000144628	0.72093	0	6.19835e-05	2.06612e-05	0.555556	0
	0.532	0.00072314	0.000103306	0.72093	0	0.000165289	4.13223e-05	0.555556	0
	0.533	0.000681818	4.13223e-05	0.72093	0	6.19835e-05	2.06612e-05	0.555556	0
	0.534	0.00053719	0.000103306	0.729412	0	0.00018595	2.06612e-05	0.555556	0
	0.535	0.00053719	8.26446e-05	0.729412	0	0.000103306	0	0.555556	0
	0.536	0.000495868	6.19835e-05	0.714286	0	4.13223e-05	2.06612e-05	0.555556	0
	0.537	0.000599174	0.000103306	0.714286	0	0.000165289	4.13223e-05	0.555556	0
	0.538	0.000495868	0.000103306	0.702381	0	0.000123967	2.06612e-05	0.555556	0
	0.539	0.000578512	8.26446e-05	0.702381	0	6.19835e-05	2.06612e-05	0.555556	0
	0.54	0.000702479	2.06612e-05	0.702381	0	0	0	0.444444	0
	0.541	0.000454545	2.06612e-05	0.710843	0	0.000103306	2.06612e-05	0.444444	0
	0.542	0.000764463	0.000123967	0.710843	0	0.000103306	0	0.444444	0
	0.543	0.000681818	8.26446e-05	0.710843	0	0.000144628	0	0.444444	0
	0.544	0.000619835	6.19835e-05	0.710843	0	2.06612e-05	4.13223e-05	0.444444	0
	0.545	0.000909091	8.26446e-05	0.710843	0	6.19835e-05	2.06612e-05	0.444444	0
	0.546	0.000661157	0.000123967	0.710843	0	0.000103306	0	0.444444	0
	0.547	0.000516529	8.26446e-05	0.719512	0	0.00018595	2.06612e-05	0.444444	0
	0.548	0.000785124	6.19835e-05	0.719512	0	0.000144628	2.06612e-05	0.444444	0
	0.549	0.000764463	6.19835e-05	0.719512	0	0.000123967	0	0.444444	0
	0.55	0.000764463	6.19835e-05	0.719512	0	6.19835e-05	0	0.444444	0
	0.551	0.000619835	8.26446e-05	0.7375	0	0.000227273	0	0.444444	0
	0.552	0.000661157	6.19835e-05	0.7375	0	0.00018595	2.06612e-05	0.444444	0
	0.553	0.000578512	0.000144628	0.7375	0	0.000103306	2.06612e-05	0.444444	0
	0.554	0.00072314	0.000144628	0.7375	0	0.00018595	4.13223e-05	0.444444	0
	0.555	0.000557851	4.13223e-05	0.746835	0	0.000206612	4.13223e-05	0.444444	0
	0.556	0.000764463	4.13223e-05	0.746835	0	0.000206612	0	0.444444	0
	0.557	0.000516529	0.000123967	0.75641	0	0.000165289	0	0.444444	0
	0.558	0.000702479	0.000123967	0.75641	0	0.000247934	2.06612e-05	0.444444	0
	0.559	0.000640496	0.000123967	0.74359	0	0.000247934	0	0.444444	0
	0.56	0.000495868	8.26446e-05	0.74359	0	0.000165289	0	0.444444	0
	0.561	0.000702479	8.26446e-05	0.74359	0	0.000206612	0	0.444444	0
	0.562	0.00072314	0.000123967	0.74359	0	0.000103306	0	0.444444	0
	0.563	0.000454545	0.000123967	0.730769	0	0.000123967	0	0.444444	0
	0.564	0.000516529	6.19835e-05	0.730769	0	0.000206612	0	0.444444	0
	0.565	0.000495868	0.000144628	0.717949	0	0.000330579	0	0.444444	0
	0.566	0.000764463	6.19835e-05	0.705128	0	0.000413223	0	0.444444	0
	0.567	0.000640496	0.000103306	0.714286	0	0.000103306	0	0.444444	0
	0.568	0.000619835	0.000144628	0.714286	0	0.00018595	0	0.444444	0
	0.569	0.000392562	8.26446e-05	0.701299	0	0.000330579	0	0.444444	0
	0.57	0.000330579	0.000144628	0.701299	0	0.000165289	0	0.444444	0
	0.571	0.000454545	4.13223e-05	0.701299	0	0.000165289	2.06612e-05	0.444444	0
	0.572	0.000495868	6.19835e-05	0.72	0	0.000247934	2.06612e-05	0.5	0
	0.573	0.00053719	0.00018595	0.72	0	0.000165289	2.06612e-05	0.5	0
	0.574	0.000578512	2.06612e-05	0.72	0	8.26446e-05	2.06612e-05	0.5	0
	0.575	0.000599174	4.13223e-05	0.72	0	0.000206612	0	0.5	0
	0.576	0.000578512	4.13223e-05	0.72973	0	0.000103306	2.06612e-05	0.5	0
	0.577	0.000330579	8.26446e-05	0.739726	0	0.000103306	0	0.5	0
	0.578	0.000392562	2.06612e-05	0.739726	0	4.13223e-05	0	0.5	0
	0.579	0.000557851	8.26446e-05	0.739726	0	0.000206612	2.06612e-05	0.5	0
	0.58	0.000454545	2.06612e-05	0.726027	0	0.000227273	2.06612e-05	0.5	0
	0.581	0.000495868	8.26446e-05	0.736111	0	0.000165289	0	0.5	0
	0.582	0.000661157	0.000103306	0.736111	0	0.000144628	2.06612e-05	0.5	0
	0.583	0.000392562	8.26446e-05	0.736111	0	0.000103306	2.06612e-05	0.5	0
	0.584	0.000495868	0.000123967	0.736111	0	8.26446e-05	0	0.375	0
	0.585	0.000413223	0.000123967	0.736111	0	6.19835e-05	2.06612e-05	0.375	0
	0.586	0.000268595	4.13223e-05	0.746479	0	0.000144628	0	0.375	0
	0.587	0.000392562	8.26446e-05	0.757143	0	0.000123967	0	0.375	0
	0.588	0.000268595	6.19835e-05	0.757143	0	0.000144628	0	0.375	0
	0.589	0.000392562	0.000103306	0.757143	0	4.13223e-05	0	0.375	0
	0.59	0.000289256	4.13223e-05	0.768116	0	2.06612e-05	2.06612e-05	0.375	0
	0.591	0.000413223	2.06612e-05	0.768116	0	2.06612e-05	2.06612e-05	0.375	0
	0.592	0.000413223	2.06612e-05	0.779412	0	0.000103306	0	0.375	0
	0.593	0.00035124	6.19835e-05	0.779412	0	8.26446e-05	0	0.375	0
	0.594	0.000392562	2.06612e-05	0.776119	0	4.13223e-05	2.06612e-05	0.375	0
	0.595	0.000413223	0.000103306	0.776119	0	0.000103306	2.06612e-05	0.428571	0
	0.596	0.000309917	6.19835e-05	0.776119	0	4.13223e-05	2.06612e-05	0.5	0
	0.597	0.000330579	2.06612e-05	0.776119	0	2.06612e-05	0	0.5	0
	0.598	0.000475207	6.19835e-05	0.761194	0	6.19835e-05	0	0.5	0
	0.599	0.000289256	2.06612e-05	0.757576	0	6.19835e-05	0	0.5	0
	0.6	0.000495868	2.06612e-05	0.757576	0	0	0	0.5	0
	0.601	0.000289256	0.000103306	0.742424	0	4.13223e-05	0	0.5	0
	0.602	0.000495868	0.000123967	0.727273	0	0	2.06612e-05	0.333333	0
	0.603	0.000413223	8.26446e-05	0.727273	0	0	2.06612e-05	0.333333	0
	0.604	0.000309917	6.19835e-05	0.738462	0	4.13223e-05	0	0.333333	0
	0.605	0.000330579	4.13223e-05	0.75	0	6.19835e-05	0	0.4	0
	0.606	0.000289256	8.26446e-05	0.75	0	2.06612e-05	0	0.4	0
	0.607	0.000247934	0.000144628	0.75	0	2.06612e-05	0	0.4	0
	0.608	0.000247934	8.26446e-05	0.75	0	4.13223e-05	0	0.4	0
	0.609	0.000454545	0.000103306	0.75	0	2.06612e-05	0	0.4	0
	0.61	0.00035124	6.19835e-05	0.75	0	2.06612e-05	0	0.4	0
	0.611	0.000206612	8.26446e-05	0.734375	0	4.13223e-05	0	0.4	0
	0.612	0.000475207	4.13223e-05	0.734375	0	4.13223e-05	0	0.4	0
	0.613	0.000454545	2.06612e-05	0.71875	0	6.19835e-05	0	0.4	0
	0.614	0.000371901	0	0.71875	0	0.000103306	0	0.4	0
	0.615	0.00035124	0	0.725806	0	4.13223e-05	0	0.4	0
	0.616	0.00035124	0.000123967	0.725806	0	0.000123967	0	0.5	0
	0.617	0.000371901	4.13223e-05	0.725806	0	6.19835e-05	2.06612e-05	0.5	0
	0.618	0.000413223	0	0.725806	0	0.000144628	2.06612e-05	0.5	0
	0.619	0.000433884	4.13223e-05	0.725806	0	0.000103306	0	0.5	0
	0.62	0.000433884	2.06612e-05	0.709677	0	0.000144628	2.06612e-05	0.5	0
	0.621	0.000495868	8.26446e-05	0.709677	0	0.000206612	0	0.5	0
	0.622	0.000433884	8.26446e-05	0.709677	0	0.000123967	0	0.5	0
	0.623	0.00035124	0.000144628	0.709677	0	6.19835e-05	2.06612e-05	0.5	0
	0.624	0.000433884	6.19835e-05	0.721311	0	0.000123967	0	0.5	0
	0.625	0.000206612	2.06612e-05	0.733333	0	4.13223e-05	0	0.5	0
	0.626	0.000392562	6.19835e-05	0.733333	0	6.19835e-05	2.06612e-05	0.5	0
	0.627	0.00035124	2.06612e-05	0.733333	0	6.19835e-05	0	0.5	0
	0.628	0.000247934	0.000103306	0.716667	0	0.000123967	0	0.5	0
	0.629	0.000392562	8.26446e-05	0.728814	0	0.000103306	0	0.5	0
	0.63	0.000268595	8.26446e-05	0.728814	0	0.000123967	2.06612e-05	0.5	0
	0.631	0.000392562	6.19835e-05	0.728814	0	0.000123967	0	0.5	0
	0.632	0.000557851	6.19835e-05	0.728814	0	0.000103306	0	0.5	0
	0.633	0.000516529	4.13223e-05	0.711864	0	0.00018595	0	0.5	0
	0.634	0.000475207	0.000103306	0.711864	0	0.000123967	2.06612e-05	0.5	0
	0.635	0.000413223	0.00018595	0.694915	0	0.000123967	0	0.5	0
	0.636	0.00053719	6.19835e-05	0.694915	0	0.000123967	0	0.5	0
	0.637	0.000495868	4.13223e-05	0.706897	0	0.000165289	2.06612e-05	0.5	0
	0.638	0.00053719	6.19835e-05	0.719298	0	8.26446e-05	0	0.5	0
	0.639	0.000640496	8.26446e-05	0.732143	0	8.26446e-05	0	0.5	0
	0.64	0.000454545	4.13223e-05	0.714286	0	0.000123967	0	0.5	0
	0.641	0.000495868	0	0.727273	0	6.19835e-05	2.06612e-05	0.5	0
	0.642	0.000578512	2.06612e-05	0.727273	0	4.13223e-05	0	0.5	0
	0.643	0.000578512	8.26446e-05	0.727273	0	8.26446e-05	2.06612e-05	0.5	0
	0.644	0.000433884	0.000103306	0.727273	0	2.06612e-05	0	0.5	0
	0.645	0.000454545	4.13223e-05	0.727273	0	4.13223e-05	4.13223e-05	0.5	0
	0.646	0.000578512	2.06612e-05	0.727273	0	0	0	0.5	0
	0.647	0.000516529	8.26446e-05	0.727273	0	4.13223e-05	0	0.5	0
	0.648	0.000495868	0.000123967	0.740741	0	8.26446e-05	0	0.5	0
	0.649	0.000619835	0.000165289	0.740741	0	0	2.06612e-05	0.5	0
	0.65	0.000516529	2.06612e-05	0.740741	0	6.19835e-05	0	0.5	0
	0.651	0.000392562	4.13223e-05	0.740741	0	2.06612e-05	0	0.5	0
	0.652	0.000413223	6.19835e-05	0.740741	0	2.06612e-05	0	0.5	0
	0.653	0.000454545	0.000103306	0.740741	0	6.19835e-05	0	0.5	0
	0.654	0.000413223	0	0.740741	0	2.06612e-05	0	0.5	0
	0.655	0.000433884	8.26446e-05	0.740741	0	6.19835e-05	0	0.5	0
	0.656	0.000330579	2.06612e-05	0.740741	0	4.13223e-05	0	0.666667	0
	0.657	0.00053719	4.13223e-05	0.722222	0	6.19835e-05	0	0.666667	0
	0.658	0.000371901	2.06612e-05	0.722222	0	0	0	0.333333	0
	0.659	0.00035124	0	0.722222	0	0	0	0.333333	0
	0.66	0.000454545	0.000165289	0.722222	0	0	0	0.333333	0
	0.661	0.000309917	4.13223e-05	0.703704	0	0	0	0.333333	0
	0.662	0.000433884	8.26446e-05	0.716981	0	2.06612e-05	0	0.333333	0
	0.663	0.000433884	4.13223e-05	0.711538	0	2.06612e-05	0	0.333333	0
	0.664	0.00053719	6.19835e-05	0.673077	0	0	0	0.5	0
	0.665	0.000371901	0.000103306	0.673077	0	4.13223e-05	0	0.5	0
	0.666	0.000206612	0.000123967	0.673077	0	0	2.06612e-05	0.5	0
	0.667	0.000413223	4.13223e-05	0.673077	0	2.06612e-05	0	0.5	0
	0.668	0.000392562	0	0.673077	0	0	0	0.5	0
	0.669	0.00018595	6.19835e-05	0.686275	0	6.19835e-05	0	0.5	0
	0.67	0.000371901	6.19835e-05	0.686275	0	0	0	0.5	0
	0.671	0.000516529	0	0.686275	0	0	0	0.5	0
	0.672	0.000330579	0	0.7	0	2.06612e-05	0	0.5	0
	0.673	0.000268595	2.06612e-05	0.7	0	0	0	0.5	0
	0.674	0.000247934	6.19835e-05	0.7	0	0	0	0.5	0
	0.675	0.000599174	2.06612e-05	0.7	0	0	0	0.5	0
	0.676	0.000289256	2.06612e-05	0.653061	0	6.19835e-05	0	0.5	0
	0.677	0.000289256	0	0.653061	0	2.06612e-05	0	0.5	0
	0.678	0.000413223	4.13223e-05	0.653061	0	4.13223e-05	0	0.5	0
	0.679	0.000206612	4.13223e-05	0.653061	0	2.06612e-05	0	0.5	0
	0.68	0.000330579	4.13223e-05	0.653061	0	2.06612e-05	0	0.5	0
	0.681	0.000495868	4.13223e-05	0.653061	0	6.19835e-05	0	0.5	0
	0.682	0.000454545	8.26446e-05	0.666667	0	2.06612e-05	0	0.5	0
	0.683	0.000475207	2.06612e-05	0.680851	0	4.13223e-05	0	0.5	0
	0.684	0.000599174	4.13223e-05	0.680851	0	8.26446e-05	0	0.5	0
	0.685	0.000371901	2.06612e-05	0.680851	0	6.19835e-05	0	0.5	0
	0.686	0.000227273	8.26446e-05	0.680851	0	8.26446e-05	4.13223e-05	0.5	0
	0.687	0.000413223	4.13223e-05	0.680851	0	0.000123967	0	0.5	0
	0.688	0.000433884	2.06612e-05	0.680851	0	2.06612e-05	0	0.5	0
	0.689	0.000330579	2.06612e-05	0.680851	0	4.13223e-05	2.06612e-05	0.5	0
	0.69	0.00035124	2.06612e-05	0.695652	0	6.19835e-05	2.06612e-05	0.5	0
	0.691	0.000289256	4.13223e-05	0.673913	0	4.13223e-05	0	0.5	0
	0.692	0.000454545	6.19835e-05	0.673913	0	2.06612e-05	0	0.5	0
	0.693	0.00018595	0	0.688889	0	8.26446e-05	0	0.5	0
	0.694	0.000330579	2.06612e-05	0.666667	0	4.13223e-05	0	0.5	0
	0.695	0.000371901	6.19835e-05	0.644444	0	8.26446e-05	0	0.5	0
	0.696	0.000557851	6.19835e-05	0.644444	0	8.26446e-05	0	0.5	0
	0.697	0.000557851	6.19835e-05	0.659091	0	2.06612e-05	0	0.5	0
	0.698	0.000371901	2.06612e-05	0.674419	0	4.13223e-05	0	0.5	0
	0.699	0.00035124	0	0.651163	0	6.19835e-05	0	0.5	0
	0.7	0.00053719	0	0.651163	0	2.06612e-05	0	0.5	0
	0.701	0.000330579	8.26446e-05	0.651163	0	2.06612e-05	0	0.5	0
	0.702	0.000557851	0	0.651163	0	6.19835e-05	0	0.5	0
	0.703	0.000289256	2.06612e-05	0.651163	0	0	0	0.5	0
	0.704	0.000413223	2.06612e-05	0.666667	0	0	0	0.5	0
	0.705	0.000578512	4.13223e-05	0.666667	0	6.19835e-05	0	0.5	0
	0.706	0.000433884	0.000103306	0.682927	0	4.13223e-05	2.06612e-05	0.5	0
	0.707	0.000454545	2.06612e-05	0.682927	0	4.13223e-05	0	0.5	0
	0.708	0.000392562	4.13223e-05	0.682927	0	6.19835e-05	0	0.5	0
	0.709	0.000454545	0	0.682927	0	6.19835e-05	2.06612e-05	0.5	0
	0.71	0.000599174	6.19835e-05	0.682927	0	2.06612e-05	0	0	0
	0.711	0.000578512	0	0.675	0	4.13223e-05	0	0	0
	0.712	0.000371901	8.26446e-05	0.675	0	2.06612e-05	0	0	0
	0.713	0.000557851	2.06612e-05	0.675	0	4.13223e-05	0	0	0
	0.714	0.000516529	4.13223e-05	0.675	0	2.06612e-05	0	0	0
	0.715	0.000475207	6.19835e-05	0.675	0	2.06612e-05	0	0	0
	0.716	0.000475207	0.000103306	0.675	0	2.06612e-05	0	0	0
	0.717	0.000433884	6.19835e-05	0.675	0	0	0	0	0
	0.718	0.000454545	6.19835e-05	0.675	0	2.06612e-05	0	0	0
	0.719	0.000454545	0.000247934	0.675	0	0	0	0	0
	0.72	0.000495868	2.06612e-05	0.675	0	2.06612e-05	2.06612e-05	0	0
	0.721	0.00035124	4.13223e-05	0.675	0	0	0	0	0
	0.722	0.000289256	0.000103306	0.65	0	6.19835e-05	0	0	0
	0.723	0.000578512	0	0.65	0	2.06612e-05	0	0	0
	0.724	0.000371901	2.06612e-05	0.625	0	2.06612e-05	0	0	0
	0.725	0.000433884	6.19835e-05	0.575	0	4.13223e-05	0	0	0
	0.726	0.000433884	4.13223e-05	0.575	0	4.13223e-05	0	0	0
	0.727	0.000516529	0.000103306	0.575	0	2.06612e-05	0	0	0
	0.728	0.000516529	2.06612e-05	0.55	0	6.19835e-05	0	0	0
	0.729	0.00072314	4.13223e-05	0.564103	0	2.06612e-05	0	0	0
	0.73	0.000557851	2.06612e-05	0.564103	0	4.13223e-05	0	0	0
	0.731	0.000495868	6.19835e-05	0.564103	0	4.13223e-05	0	0	0
	0.732	0.000475207	2.06612e-05	0.564103	0	4.13223e-05	0	0	0
	0.733	0.000392562	4.13223e-05	0.564103	0	2.06612e-05	0	0	0
	0.734	0.000619835	2.06612e-05	0.564103	0	0	0	0	0
	0.735	0.000454545	6.19835e-05	0.564103	0	4.13223e-05	0	0	0
	0.736	0.000599174	4.13223e-05	0.538462	0	0.000103306	0	0	0
	0.737	0.000475207	2.06612e-05	0.538462	0	8.26446e-05	0	0	0
	0.738	0.000413223	8.26446e-05	0.552632	0	6.19835e-05	0	0	0
	0.739	0.000475207	2.06612e-05	0.552632	0	0.000103306	0	0	0
	0.74	0.000661157	0	0.552632	0	4.13223e-05	0	0	0
	0.741	0.000413223	0	0.567568	0	6.19835e-05	0	0	0
	0.742	0.000392562	4.13223e-05	0.567568	0	4.13223e-05	2.06612e-05	0	0
	0.743	0.000413223	4.13223e-05	0.567568	0	4.13223e-05	0	0	0
	0.744	0.00035124	4.13223e-05	0.567568	0	4.13223e-05	0	0	0
	0.745	0.000413223	4.13223e-05	0.567568	0	8.26446e-05	0	0	0
	0.746	0.000309917	0	0.540541	0	6.19835e-05	0	0	0
	0.747	0.000619835	2.06612e-05	0.540541	0	8.26446e-05	0	0	0
	0.748	0.000413223	6.19835e-05	0.540541	0	4.13223e-05	0	0	0
	0.749	0.000392562	0	0.540541	0	6.19835e-05	0	0	0
	0.75	0.000454545	6.19835e-05	0.555556	0	2.06612e-05	2.06612e-05	0	0
	0.751	0.000289256	2.06612e-05	0.555556	0	4.13223e-05	0	0	0
	0.752	0.000495868	2.06612e-05	0.588235	0	8.26446e-05	0	0	0
	0.753	0.000392562	2.06612e-05	0.558824	0	0.000123967	0	0	0
	0.754	0.000640496	4.13223e-05	0.529412	0	6.19835e-05	0	0	0
	0.755	0.000495868	4.13223e-05	0.529412	0	6.19835e-05	0	0	0
	0.756	0.000475207	4.13223e-05	0.529412	0	2.06612e-05	0	0	0
	0.757	0.00053719	4.13223e-05	0.545455	0	8.26446e-05	0	0	0
	0.758	0.000309917	4.13223e-05	0.545455	0	2.06612e-05	0	0	0
	0.759	0.000454545	0	0.545455	0	4.13223e-05	0	0	0
	0.76	0.000475207	0	0.545455	0	0	0	0	0
	0.761	0.000289256	2.06612e-05	0.5625	0	0	0	0	0
	0.762	0.000268595	0	0.5625	0	4.13223e-05	0	0	0
	0.763	0.000371901	2.06612e-05	0.5625	0	0	0	0	0
	0.764	0.000495868	0	0.5625	0	0	0	0	0
	0.765	0.000413223	4.13223e-05	0.5625	0	0	0	0	0
	0.766	0.000268595	0	0.5625	0	4.13223e-05	0	0	0
	0.767	0.000413223	4.13223e-05	0.5625	0	0	0	0	0
	0.768	0.000392562	2.06612e-05	0.580645	0	0	0	0	0
	0.769	0.00018595	6.19835e-05	0.580645	0	2.06612e-05	0	0	0
	0.77	0.00035124	8.26446e-05	0.580645	0	0	2.06612e-05	0	0
	0.771	0.000392562	2.06612e-05	0.6	0	4.13223e-05	0	0	0
	0.772	0.000392562	2.06612e-05	0.6	0	0	0	0	0
	0.773	0.000289256	2.06612e-05	0.6	0	0	0	0	0
	0.774	0.00035124	8.26446e-05	0.62069	0	0	0	0	0
	0.775	0.000392562	0	0.586207	0	0	0	0	0
	0.776	0.000289256	4.13223e-05	0.586207	0	0	0	0	0
	0.777	0.000413223	6.19835e-05	0.607143	0	0	0	0	0
	0.778	0.000289256	0	0.607143	0	0	0	0	0
	0.779	0.000289256	0	0.607143	0	0	0	0	0
	0.78	0.000371901	8.26446e-05	0.607143	0	0	0	0	0
	0.781	0.000433884	2.06612e-05	0.62963	0	0	0	0	0
	0.782	0.00018595	4.13223e-05	0.64	0	0	0	0	0
	0.783	0.000247934	0	0.64	0	0	2.06612e-05	0	0
	0.784	0.000247934	2.06612e-05	0.666667	0	0	0	0	0
	0.785	0.000247934	6.19835e-05	0.666667	0	0	0	0	0
	0.786	0.000475207	0	0.695652	0	0	0	0	0
	0.787	0.000227273	2.06612e-05	0.695652	0	0	0	0	0
	0.788	0.000247934	2.06612e-05	0.695652	0	0	0	0	0
	0.789	0.000227273	2.06612e-05	0.695652	0	0	0	0	0
	0.79	0.000227273	4.13223e-05	0.652174	0	0	0	0	0
	0.791	0.000165289	2.06612e-05	0.652174	0	0	0	0	0
	0.792	0.000247934	4.13223e-05	0.652174	0	0	0	0	0
	0.793	0.000206612	2.06612e-05	0.652174	0	0	0	0	0
	0.794	0.000165289	0	0.652174	0	0	0	0	0
	0.795	0.000165289	4.13223e-05	0.652174	0	0	0	0	0
	0.796	0.000165289	4.13223e-05	0.652174	0	0	0	0	0
	0.797	0.000206612	2.06612e-05	0.652174	0	0	0	0	0
	0.798	0.000206612	0	0.652174	0	0	0	0	0
	0.799	0.000123967	0	0.652174	0	0	0	0	0
	0.8	0.00018595	4.13223e-05	0.652174	0	0	0	0	0
	0.801	0.000165289	0	0.681818	0	0	0	0	0
	0.802	0.000144628	2.06612e-05	0.681818	0	0	0	0	0
	0.803	0.000165289	0	0.681818	0	0	0	0	0
	0.804	0.000268595	8.26446e-05	0.681818	0	0	0	0	0
	0.805	0.000227273	4.13223e-05	0.636364	0	0	0	0	0
	0.806	0.000309917	4.13223e-05	0.636364	0	0	0	0	0
	0.807	0.000123967	0	0.590909	0	0	0	0	0
	0.808	0.000309917	2.06612e-05	0.619048	0	0	0	0	0
	0.809	0.000144628	4.13223e-05	0.619048	0	0	0	0	0
	0.81	0.000247934	2.06612e-05	0.619048	0	0	0	0	0
	0.811	0.000268595	0	0.571429	0	0	0	0	0
	0.812	0.000123967	2.06612e-05	0.571429	0	0	0	0	0
	0.813	0.000289256	2.06612e-05	0.6	0	0	0	0	0
	0.814	0.000247934	2.06612e-05	0.6	0	0	0	0	0
	0.815	0.000330579	0	0.6	0	0	0	0	0
	0.816	0.000247934	0	0.6	0	0	0	0	0
	0.817	0.000392562	0	0.631579	0	0	0	0	0
	0.818	0.000371901	2.06612e-05	0.631579	0	0	0	0	0
	0.819	0.00018595	0.000103306	0.631579	0	0	0	0	0
	0.82	0.000268595	2.06612e-05	0.631579	0	0	0	0	0
	0.821	0.000227273	0	0.578947	0	0	0	0	0
	0.822	0.000413223	4.13223e-05	0.578947	0	0	0	0	0
	0.823	0.000289256	2.06612e-05	0.611111	0	0	0	0	0
	0.824	0.000392562	2.06612e-05	0.611111	0	0	0	0	0
	0.825	0.00018595	0	0.611111	0	0	0	0	0
	0.826	0.000330579	0	0.611111	0	0	0	0	0
	0.827	0.000495868	4.13223e-05	0.611111	0	0	0	0	0
	0.828	0.000371901	2.06612e-05	0.611111	0	0	0	0	0
	0.829	0.00035124	4.13223e-05	0.611111	0	0	0	0	0
	0.83	0.000330579	0	0.611111	0	0	0	0	0
	0.831	0.000247934	2.06612e-05	0.611111	0	0	0	0	0
	0.832	0.000454545	2.06612e-05	0.611111	0	0	0	0	0
	0.833	0.000206612	0	0.611111	0	0	0	0	0
	0.834	0.000268595	2.06612e-05	0.611111	0	0	0	0	0
	0.835	0.000413223	0	0.611111	0	0	0	0	0
	0.836	0.000247934	0	0.555556	0	0	0	0	0
	0.837	0.000165289	4.13223e-05	0.555556	0	0	0	0	0
	0.838	0.000227273	6.19835e-05	0.555556	0	0	0	0	0
	0.839	0.000247934	0	0.555556	0	0	0	0	0
	0.84	0.000206612	0	0.555556	0	0	0	0	0
	0.841	0.00018595	0	0.555556	0	0	0	0	0
	0.842	0.000289256	0	0.5	0	0	0	0	0
	0.843	0.000309917	0	0.5	0	0	0	0	0
	0.844	0.000268595	2.06612e-05	0.5	0	0	0	0	0
	0.845	0.000227273	8.26446e-05	0.5	0	0	0	0	0
	0.846	0.000309917	6.19835e-05	0.5	0	0	0	0	0
	0.847	0.000330579	2.06612e-05	0.5	0	0	0	0	0
	0.848	0.000206612	0	0.444444	0	0	0	0	0
	0.849	0.000268595	2.06612e-05	0.470588	0	0	0	0	0
	0.85	0.00035124	0	0.470588	0	0	0	0	0
	0.851	0.000247934	0	0.470588	0	0	0	0	0
	0.852	0.000268595	2.06612e-05	0.470588	0	0	0	0	0
	0.853	0.000413223	0	0.5	0	0	0	0	0
	0.854	0.000289256	2.06612e-05	0.533333	0	0	0	0	0
	0.855	0.000454545	4.13223e-05	0.533333	0	0	0	0	0
	0.856	0.000268595	0	0.533333	0	0	0	0	0
	0.857	0.000309917	2.06612e-05	0.533333	0	0	0	0	0
	0.858	0.000330579	0	0.571429	0	0	0	0	0
	0.859	0.000289256	0	0.5	0	0	0	0	0
	0.86	0.000392562	0	0.5	0	0	0	0	0
	0.861	0.000144628	2.06612e-05	0.538462	0	0	0	0	0
	0.862	0.000413223	0	0.538462	0	0	0	0	0
	0.863	0.000289256	2.06612e-05	0.538462	0	0	0	0	0
	0.864	0.00035124	2.06612e-05	0.538462	0	0	0	0	0
	0.865	0.000309917	0	0.538462	0	0	0	0	0
	0.866	0.00018595	0	0.538462	0	0	0	0	0
	0.867	0.000206612	2.06612e-05	0.538462	0	0	0	0	0
	0.868	0.000103306	0	0.538462	0	0	0	0	0
	0.869	0.00018595	0	0.538462	0	0	0	0	0
	0.87	0.000227273	0	0.538462	0	0	0	0	0
	0.871	0.000103306	0	0.538462	0	0	0	0	0
	0.872	0.000227273	0	0.538462	0	0	0	0	0
	0.873	0.000247934	2.06612e-05	0.538462	0	0	0	0	0
	0.874	0.00018595	0	0.583333	0	0	0	0	0
	0.875	0.000227273	0	0.583333	0	0	0	0	0
	0.876	0.00018595	0	0.583333	0	0	0	0	0
	0.877	0.00018595	0	0.583333	0	0	0	0	0
	0.878	0.000206612	2.06612e-05	0.583333	0	0	0	0	0
	0.879	0.000206612	0	0.583333	0	0	0	0	0
	0.88	8.26446e-05	0	0.583333	0	0	0	0	0
	0.881	0.00018595	0	0.583333	0	0	0	0	0
	0.882	0.000165289	4.13223e-05	0.583333	0	0	0	0	0
	0.883	2.06612e-05	0	0.5	0	0	0	0	0
	0.884	0.000144628	0	0.5	0	0	0	0	0
	0.885	0.00018595	0	0.545455	0	0	0	0	0
	0.886	0.000103306	2.06612e-05	0.545455	0	0	0	0	0
	0.887	0.000165289	0	0.545455	0	0	0	0	0
	0.888	0.000123967	0	0.545455	0	0	0	0	0
	0.889	0.000103306	0	0.666667	0	0	0	0	0
	0.89	0.000123967	0	0.666667	0	0	0	0	0
	0.891	0.000165289	2.06612e-05	0.666667	0	0	0	0	0
	0.892	0.000144628	0	0.555556	0	0	0	0	0
	0.893	6.19835e-05	0	0.625	0	0	0	0	0
	0.894	2.06612e-05	0	0.625	0	0	0	0	0
	0.895	6.19835e-05	0	0.625	0	0	0	0	0
	0.896	0.000103306	0	0.625	0	0	0	0	0
	0.897	2.06612e-05	0	0.625	0	0	0	0	0
	0.898	0.000165289	0	0.714286	0	0	0	0	0
	0.899	0.000103306	0	0.714286	0	0	0	0	0
	0.9	4.13223e-05	0	0.714286	0	0	0	0	0
	0.901	0.000103306	0	0.571429	0	0	0	0	0
	0.902	8.26446e-05	0	0.571429	0	0	0	0	0
	0.903	0.000165289	0	0.571429	0	0	0	0	0
	0.904	0.000123967	0	0.571429	0	0	0	0	0
	0.905	0.00018595	0	0.571429	0	0	0	0	0
	0.906	0.000165289	0	0.428571	0	0	0	0	0
	0.907	0.000268595	0	0.428571	0	0	0	0	0
	0.908	0.000227273	0	0.428571	0	0	0	0	0
	0.909	0.000165289	0	0.428571	0	0	0	0	0
	0.91	0.000165289	0	0.428571	0	0	0	0	0
	0.911	0.000206612	0	0.428571	0	0	0	0	0
	0.912	0.000289256	0	0.428571	0	0	0	0	0
	0.913	0.000330579	0	0.428571	0	0	0	0	0
	0.914	0.000289256	0	0.428571	0	0	0	0	0
	0.915	0.000371901	0	0.428571	0	0	0	0	0
	0.916	0.000165289	0	0.428571	0	0	0	0	0
	0.917	0.000289256	0	0.285714	0	0	0	0	0
	0.918	0.000227273	0	0.285714	0	0	0	0	0
	0.919	0.000433884	0	0.285714	0	0	0	0	0
	0.92	0.000330579	0	0.285714	0	0	0	0	0
	0.921	0.00035124	0	0.285714	0	0	0	0	0
	0.922	0.000330579	0	0.142857	0	0	0	0	0
	0.923	0.000309917	0	0.142857	0	0	0	0	0
	0.924	0.000661157	0	0.142857	0	0	0	0	0
	0.925	0.000330579	0	0.142857	0	0	0	0	0
	0.926	0.000268595	4.13223e-05	0.142857	0	0	0	0	0
	0.927	0.000289256	0	0.142857	0	0	0	0	0
	0.928	0.000206612	0	0.142857	0	0	0	0	0
	0.929	0.000268595	0	0.142857	0	0	0	0	0
	0.93	0.00035124	0	0.142857	0	0	0	0	0
	0.931	0.000289256	2.06612e-05	0.142857	0	0	0	0	0
	0.932	0.000206612	2.06612e-05	0.166667	0	0	0	0	0
	0.933	0.000268595	0	0.2	0	0	0	0	0
	0.934	0.000206612	0	0.2	0	0	0	0	0
	0.935	0.00018595	0	0.2	0	0	0	0	0
	0.936	0.000330579	0	0.2	0	0	0	0	0
	0.937	0.000206612	0	0.2	0	0	0	0	0
	0.938	0.000206612	0	0.2	0	0	0	0	0
	0.939	0.000309917	0	0.2	0	0	0	0	0
	0.94	0.000227273	0	0.2	0	0	0	0	0
	0.941	0.000247934	0	0.2	0	0	0	0	0
	0.942	0.000123967	0	0.2	0	0	0	0	0
	0.943	0.000165289	0	0.2	0	0	0	0	0
	0.944	0.000165289	0	0.333333	0	0	0	0	0
	0.945	8.26446e-05	0	0.333333	0	0	0	0	0
	0.946	0.000144628	0	0.333333	0	0	0	0	0
	0.947	0.000144628	0	0.333333	0	0	0	0	0
	0.948	8.26446e-05	0	0.333333	0	0	0	0	0
	0.949	6.19835e-05	0	0.333333	0	0	0	0	0
	0.95	6.19835e-05	0	0.333333	0	0	0	0	0
	0.951	0	0	0.333333	0	0	0	0	0
	0.952	2.06612e-05	0	0.333333	0	0	0	0	0
	0.953	2.06612e-05	0	0.333333	0	0	0	0	0
	0.954	0	0	0.5	0	0	0	0	0
	0.955	0	0	0.5	0	0	0	0	0
	0.956	0	2.06612e-05	0.5	0	0	0	0	0
	0.957	0	0	0.5	0	0	0	0	0
	0.958	0	0	0.5	0	0	0	0	0
	0.959	2.06612e-05	0	0.5	0	0	0	0	0
	0.96	0	0	1	0	0	0	0	0
	0.961	0	0	1	0	0	0	0	0
	0.962	0	0	1	0	0	0	0	0
	0.963	0	0	1	0	0	0	0	0
	0.964	0	0	1	0	0	0	0	0
	0.965	0	0	1	0	0	0	0	0
	0.966	0	0	1	0	0	0	0	0
	0.967	0	0	1	0	0	0	0	0
	0.968	0	0	1	0	0	0	0	0
	0.969	0	0	1	0	0	0	0	0
	0.97	0	0	1	0	0	0	0	0
	0.971	0	0	1	0	0	0	0	0
	0.972	0	4.13223e-05	1	0	0	0	0	0
	0.973	0	0	1	0	0	0	0	0
	0.974	0	0	1	0	0	0	0	0
	0.975	2.06612e-05	0	1	0	0	0	0	0
	0.976	2.06612e-05	0	0	0	0	0	0	0
	0.977	0	0	0	0	0	0	0	0
	0.978	6.19835e-05	0	0	0	0	0	0	0
	0.979	4.13223e-05	2.06612e-05	0	0	0	0	0	0
	0.98	0.000103306	0	0	0	0	0	0	0
	0.981	6.19835e-05	0	0	0	0	0	0	0
	0.982	0.00018595	0	0	0	0	0	0	0
	0.983	0.000165289	0	0	0	0	0	0	0
	0.984	0.000206612	0	0	0	0	0	0	0
	0.985	0.000123967	0	0	0	0	0	0	0
	0.986	0.000227273	0	0	0	0	0	0	0
	0.987	0.000206612	0	0	0	0	0	0	0
	0.988	0.000268595	0	0	0	0	0	0	0
	0.989	0.000103306	0	0	0	0	0	0	0
	0.99	0.000123967	0	0	0	0	0	0	0
	0.991	6.19835e-05	0	0	0	0	0	0	0
	0.992	6.19835e-05	0	0	0	0	0	0	0
	0.993	0	0	0	0	0	0	0	0
	0.994	2.06612e-05	0	0	0	0	0	0	0
	0.995	0	0	0	0	0	0	0	0
	0.996	0	0	0	0	0	0	0	0
	0.997	0	0	0	0	0	0	0	0
	0.998	0	0	0	0	0	0	0	0
	0.999	0	0	0	0	0	0	0	0
	1	0	0	0	0	0	0	0	0


#	yrange	sparsity	# links	zeta	support at cross	fraction FP	support at cross2	fraction FP2
	0	0	0	0.484504	0.972	0.03	0.972	0.03
	0.02	0	0	0.484504	0.972	0.03	0.972	0.03
