#	Frequencies and overlap
#	bins	MYC	shuffle	overlap_MYC	overlap_shuffle	SIGN_MYC	SIGNshuffle	SIGNoverlap_MYC	SIGNoverlap_shuffle
	0	0.00018595	0.00035124	1	1	0.463264	0.455806	0.463483	0
	0.001	0.000557851	0.000661157	0.993802	0.971074	0.000309917	0.000371901	0.463483	0
	0.002	0.000681818	0.0010124	0.993802	0.92562	0.000433884	0.000826446	0.463483	0
	0.003	0.000991736	0.00144628	0.989669	0.890496	0.000991736	0.00107438	0.463483	0
	0.004	0.00140496	0.0013843	0.983471	0.849174	0.00115702	0.000929752	0.463483	0
	0.005	0.00157025	0.00157025	0.979339	0.799587	0.00169421	0.0013843	0.463483	0
	0.006	0.00194215	0.00165289	0.977273	0.754132	0.00198347	0.00115702	0.463483	0
	0.007	0.00169421	0.00167355	0.971074	0.716942	0.00192149	0.00159091	0.466102	0
	0.008	0.00181818	0.00188017	0.960744	0.679752	0.00247934	0.00163223	0.467422	0
	0.009	0.00243802	0.00181818	0.960744	0.650826	0.00254132	0.00140496	0.467422	0
	0.01	0.00225207	0.00190083	0.956522	0.607438	0.00200413	0.00165289	0.467422	0
	0.011	0.00278926	0.0022314	0.958506	0.561983	0.0017562	0.00177686	0.46875	0
	0.012	0.00295455	0.00204545	0.958506	0.528926	0.00171488	0.00194215	0.470085	0
	0.013	0.00274793	0.00202479	0.956432	0.5	0.00165289	0.00173554	0.474138	0
	0.014	0.00320248	0.00206612	0.954357	0.475207	0.00163223	0.0018595	0.476879	0
	0.015	0.00289256	0.00200413	0.952282	0.446281	0.00159091	0.00194215	0.476879	0
	0.016	0.00320248	0.00216942	0.958246	0.419421	0.00140496	0.00216942	0.482456	0
	0.017	0.00272727	0.00214876	0.958246	0.394628	0.00132231	0.0018595	0.483871	0
	0.018	0.00243802	0.00177686	0.951983	0.373967	0.00132231	0.00200413	0.488166	0
	0.019	0.00219008	0.00258264	0.951883	0.359504	0.0013843	0.00146694	0.491071	0
	0.02	0.00208678	0.0022314	0.951782	0.332645	0.00181818	0.00231405	0.492537	0
	0.021	0.00208678	0.00241736	0.94958	0.318182	0.00200413	0.00206612	0.495495	0
	0.022	0.00198347	0.0022314	0.949474	0.303719	0.00231405	0.00231405	0.496988	0
	0.023	0.00194215	0.00256198	0.951477	0.289256	0.00198347	0.00177686	0.498489	0
	0.024	0.00216942	0.00202479	0.947257	0.264463	0.00208678	0.00233471	0.498489	0
	0.025	0.00154959	0.00235537	0.947257	0.243802	0.00190083	0.00237603	0.503049	0
	0.026	0.00192149	0.00243802	0.945148	0.229339	0.00198347	0.00231405	0.503049	0
	0.027	0.00171488	0.00247934	0.944798	0.219008	0.00208678	0.00202479	0.504587	0
	0.028	0.0017562	0.00241736	0.948827	0.206612	0.00216942	0.0025	0.506135	0
	0.029	0.00146694	0.00254132	0.946581	0.18595	0.00177686	0.00256198	0.509259	0
	0.03	0.00179752	0.00268595	0.948498	0.17562	0.00237603	0.0022314	0.510836	0
	0.031	0.00144628	0.00219008	0.952484	0.165289	0.00206612	0.00214876	0.515625	0
	0.032	0.00173554	0.00291322	0.952381	0.152893	0.00210744	0.0021281	0.515625	0
	0.033	0.00210744	0.00256198	0.943723	0.142562	0.00200413	0.00264463	0.515625	0
	0.034	0.00179752	0.00295455	0.941558	0.130165	0.00266529	0.00233471	0.514107	0
	0.035	0.00190083	0.00305785	0.941432	0.123967	0.00188017	0.0021281	0.512658	0
	0.036	0.00202479	0.00266529	0.937093	0.115702	0.00243802	0.00221074	0.515924	0
	0.037	0.00196281	0.00280992	0.932755	0.109504	0.00247934	0.00239669	0.519231	0
	0.038	0.00239669	0.0027686	0.932755	0.0971074	0.00247934	0.00268595	0.522581	0
	0.039	0.0021281	0.00241736	0.932609	0.0950413	0.00196281	0.00227273	0.524272	0
	0.04	0.00206612	0.00268595	0.934641	0.088843	0.00210744	0.00216942	0.524272	0
	0.041	0.00208678	0.0027686	0.930283	0.0867769	0.00241736	0.0028719	0.525974	0
	0.042	0.00198347	0.00266529	0.930131	0.0785124	0.00192149	0.00243802	0.527687	0
	0.043	0.00243802	0.00231405	0.927948	0.072314	0.00221074	0.00225207	0.527687	0
	0.044	0.00235537	0.0028719	0.932018	0.072314	0.00202479	0.00243802	0.532895	0
	0.045	0.00198347	0.00266529	0.929825	0.0702479	0.00206612	0.00243802	0.54	0
	0.046	0.00219008	0.00316116	0.927313	0.0661157	0.00190083	0.00241736	0.54	0
	0.047	0.00210744	0.00264463	0.927313	0.0661157	0.00140496	0.00200413	0.54	0
	0.048	0.00227273	0.0028719	0.924945	0.0599174	0.00161157	0.00235537	0.545455	0
	0.049	0.00208678	0.00264463	0.924945	0.0495868	0.0014876	0.00198347	0.55102	0
	0.05	0.00210744	0.00264463	0.924779	0.0495868	0.00115702	0.00254132	0.554795	0
	0.051	0.0021281	0.00247934	0.926829	0.0475207	0.00130165	0.00216942	0.558621	0
	0.052	0.00219008	0.00237603	0.920177	0.0454545	0.00105372	0.00243802	0.559028	0
	0.053	0.00196281	0.0032438	0.92	0.0454545	0.00088843	0.00260331	0.560976	0
	0.054	0.00237603	0.0027686	0.922049	0.0454545	0.000681818	0.00229339	0.562937	0
	0.055	0.00216942	0.00241736	0.919822	0.0454545	0.00103306	0.00229339	0.575	0
	0.056	0.0021281	0.00239669	0.917226	0.0433884	0.000991736	0.0022314	0.575	0
	0.057	0.00208678	0.00260331	0.914989	0.0433884	0.000619835	0.00252066	0.579137	0
	0.058	0.00219008	0.00266529	0.914798	0.0413223	0.000743802	0.00206612	0.583333	0
	0.059	0.00206612	0.00305785	0.907658	0.0413223	0.000599174	0.00216942	0.589744	0
	0.06	0.00214876	0.00285124	0.900901	0.0392562	0.000847107	0.00210744	0.590406	0
	0.061	0.00214876	0.0021281	0.902935	0.0371901	0.000578512	0.00239669	0.594796	0
	0.062	0.00192149	0.00309917	0.900452	0.0371901	0.000578512	0.00245868	0.594796	0
	0.063	0.00214876	0.00297521	0.900452	0.0371901	0.000764463	0.0022314	0.597015	0
	0.064	0.00210744	0.00283058	0.900452	0.035124	0.000640496	0.00245868	0.603774	0
	0.065	0.00221074	0.00252066	0.902494	0.035124	0.000557851	0.00237603	0.603774	0
	0.066	0.00243802	0.00295455	0.900227	0.035124	0.000681818	0.00208678	0.606061	0
	0.067	0.00214876	0.0027686	0.9	0.035124	0.000661157	0.00198347	0.610687	0
	0.068	0.00210744	0.0027686	0.899772	0.035124	0.00053719	0.00258264	0.613027	0
	0.069	0.00241736	0.00268595	0.901826	0.035124	0.000578512	0.0018595	0.613027	0
	0.07	0.00256198	0.00291322	0.908046	0.035124	0.000454545	0.00219008	0.613027	0
	0.071	0.00229339	0.00245868	0.910138	0.035124	0.000557851	0.00225207	0.615385	0
	0.072	0.00227273	0.00268595	0.907621	0.035124	0.000454545	0.00231405	0.617761	0
	0.073	0.00204545	0.00303719	0.909513	0.035124	0.000681818	0.00221074	0.6139	0
	0.074	0.00221074	0.00229339	0.911422	0.0330579	0.000557851	0.00214876	0.618677	0
	0.075	0.00260331	0.00258264	0.913551	0.0330579	0.000640496	0.00188017	0.614786	0
	0.076	0.00163223	0.00295455	0.915691	0.0330579	0.000681818	0.00231405	0.614786	0
	0.077	0.00231405	0.00297521	0.913146	0.0309917	0.000909091	0.00192149	0.613281	0
	0.078	0.0022314	0.00260331	0.913146	0.0309917	0.000619835	0.00214876	0.609375	0
	0.079	0.00179752	0.00299587	0.908451	0.0309917	0.000516529	0.0021281	0.609375	0
	0.08	0.00181818	0.00266529	0.906103	0.0309917	0.000743802	0.00214876	0.611765	0
	0.081	0.00233471	0.00303719	0.906103	0.0309917	0.000847107	0.00198347	0.616601	0
	0.082	0.00179752	0.00311983	0.905882	0.0309917	0.000599174	0.00171488	0.612648	0
	0.083	0.00227273	0.00252066	0.908019	0.0309917	0.000454545	0.00181818	0.612648	0
	0.084	0.0014876	0.00264463	0.910165	0.0309917	0.000599174	0.00196281	0.612648	0
	0.085	0.00163223	0.00280992	0.912322	0.0309917	0.000867769	0.00204545	0.612648	0
	0.086	0.00128099	0.0028719	0.914489	0.0309917	0.000971074	0.00181818	0.611111	0
	0.087	0.00146694	0.00266529	0.912114	0.0309917	0.000785124	0.00169421	0.611111	0
	0.088	0.00165289	0.00258264	0.914286	0.0268595	0.000950413	0.00167355	0.607143	0
	0.089	0.00142562	0.00291322	0.916468	0.0227273	0.000661157	0.00169421	0.603175	0
	0.09	0.00126033	0.00245868	0.916468	0.0227273	0.000764463	0.00198347	0.605578	0
	0.091	0.00159091	0.00268595	0.913876	0.0227273	0.00103306	0.00173554	0.608	0
	0.092	0.00154959	0.00283058	0.913669	0.018595	0.00088843	0.00204545	0.606426	0
	0.093	0.0010124	0.00289256	0.911058	0.018595	0.000909091	0.00146694	0.606426	0
	0.094	0.00132231	0.00285124	0.911058	0.018595	0.000599174	0.00179752	0.608871	0
	0.095	0.00119835	0.00264463	0.913043	0.0165289	0.000764463	0.00188017	0.600806	0
	0.096	0.00121901	0.00268595	0.912621	0.0144628	0.000909091	0.00194215	0.596774	0
	0.097	0.00130165	0.00283058	0.912409	0.0123967	0.000950413	0.00154959	0.59919	0
	0.098	0.00115702	0.00247934	0.909976	0.0123967	0.000764463	0.00208678	0.59919	0
	0.099	0.00128099	0.00283058	0.91198	0.0123967	0.000764463	0.00165289	0.601626	0
	0.1	0.0014876	0.0028719	0.916462	0.0123967	0.00130165	0.00163223	0.597561	0
	0.101	0.00150826	0.00241736	0.916256	0.0103306	0.000764463	0.00140496	0.6	0
	0.102	0.000950413	0.00258264	0.915842	0.0103306	0.000971074	0.00144628	0.602459	0
	0.103	0.00107438	0.00283058	0.918114	0.0103306	0.000785124	0.00130165	0.604938	0
	0.104	0.00119835	0.00262397	0.920398	0.0103306	0.000847107	0.00154959	0.603306	0
	0.105	0.00130165	0.0027686	0.917706	0.0103306	0.00130165	0.00190083	0.603306	0
	0.106	0.00132231	0.00214876	0.917706	0.0103306	0.000743802	0.00161157	0.603306	0
	0.107	0.00134298	0.00260331	0.915212	0.0103306	0.00109504	0.00150826	0.599174	0
	0.108	0.00130165	0.00254132	0.915	0.0103306	0.00088843	0.00146694	0.60166	0
	0.109	0.00126033	0.00225207	0.917293	0.0103306	0.000950413	0.0013843	0.59751	0
	0.11	0.00119835	0.00254132	0.917293	0.0103306	0.00130165	0.00169421	0.59751	0
	0.111	0.00132231	0.00221074	0.919598	0.0103306	0.00128099	0.00173554	0.59751	0
	0.112	0.00142562	0.00256198	0.919395	0.0103306	0.00088843	0.00169421	0.6	0
	0.113	0.00113636	0.00219008	0.926396	0.0103306	0.000826446	0.00161157	0.6	0
	0.114	0.00161157	0.00264463	0.926396	0.0103306	0.00105372	0.00157025	0.60251	0
	0.115	0.00136364	0.00227273	0.926209	0.0103306	0.000950413	0.00177686	0.592437	0
	0.116	0.00113636	0.00221074	0.926209	0.00826446	0.00115702	0.00146694	0.592437	0
	0.117	0.00163223	0.00227273	0.926209	0.00826446	0.00117769	0.00165289	0.588235	0
	0.118	0.00119835	0.00245868	0.923664	0.00619835	0.00130165	0.00167355	0.588235	0
	0.119	0.00119835	0.00247934	0.925831	0.00619835	0.00119835	0.00140496	0.588235	0
	0.12	0.00105372	0.00252066	0.925831	0.00413223	0.000867769	0.00134298	0.588235	0
	0.121	0.00115702	0.0027686	0.925641	0.00413223	0.0010124	0.00181818	0.584034	0
	0.122	0.00144628	0.00204545	0.925641	0.00413223	0.00113636	0.00161157	0.586498	0
	0.123	0.00140496	0.00210744	0.925641	0.00413223	0.000971074	0.00167355	0.588983	0
	0.124	0.0014876	0.00227273	0.928021	0.00413223	0.00130165	0.0014876	0.594017	0
	0.125	0.00136364	0.00266529	0.925065	0.00413223	0.000743802	0.00128099	0.596567	0
	0.126	0.00130165	0.00221074	0.922481	0.00413223	0.00121901	0.00165289	0.596567	0
	0.127	0.00130165	0.00243802	0.919897	0.00413223	0.000909091	0.00167355	0.599138	0
	0.128	0.00140496	0.00258264	0.919897	0.00413223	0.000785124	0.00154959	0.601732	0
	0.129	0.00136364	0.0025	0.92228	0.00413223	0.000929752	0.0013843	0.604348	0
	0.13	0.00140496	0.0022314	0.924675	0.00413223	0.00103306	0.0014876	0.6	0
	0.131	0.00113636	0.0025	0.919481	0.00413223	0.00107438	0.00130165	0.60262	0
	0.132	0.00119835	0.00225207	0.919481	0.00413223	0.0011157	0.00142562	0.60262	0
	0.133	0.00126033	0.00202479	0.919481	0.00413223	0.00103306	0.0014876	0.598253	0
	0.134	0.00088843	0.00194215	0.914286	0.00413223	0.00115702	0.00157025	0.593886	0
	0.135	0.000847107	0.00235537	0.914286	0.00413223	0.0010124	0.00136364	0.596491	0
	0.136	0.00103306	0.00260331	0.911688	0.00413223	0.0010124	0.00126033	0.587719	0
	0.137	0.00119835	0.00181818	0.911688	0.00413223	0.000991736	0.00140496	0.59292	0
	0.138	0.00134298	0.00233471	0.914062	0.00413223	0.00107438	0.00154959	0.591111	0
	0.139	0.00088843	0.00216942	0.916449	0.00413223	0.00107438	0.00152893	0.591111	0
	0.14	0.00072314	0.00179752	0.916449	0.00413223	0.00105372	0.00163223	0.591928	0
	0.141	0.0010124	0.0022314	0.92126	0.00413223	0.00142562	0.00126033	0.591928	0
	0.142	0.000909091	0.00194215	0.921053	0.00206612	0.00132231	0.00165289	0.59009	0
	0.143	0.0010124	0.00204545	0.921053	0.00206612	0.00109504	0.00107438	0.588235	0
	0.144	0.00105372	0.00190083	0.918421	0.00206612	0.00115702	0.00140496	0.590909	0
	0.145	0.00119835	0.0021281	0.918421	0.00206612	0.00113636	0.00123967	0.586364	0
	0.146	0.000909091	0.00196281	0.923077	0.00206612	0.00121901	0.00144628	0.589041	0
	0.147	0.000971074	0.00171488	0.917772	0.00206612	0.00107438	0.00128099	0.589041	0
	0.148	0.00105372	0.00194215	0.915119	0.00206612	0.000826446	0.00132231	0.589041	0
	0.149	0.00115702	0.00204545	0.917553	0.00206612	0.00121901	0.00121901	0.591743	0
	0.15	0.00115702	0.00229339	0.912	0	0.00105372	0.00181818	0.591743	0
	0.151	0.00103306	0.00192149	0.911765	0	0.00126033	0.0014876	0.587156	0
	0.152	0.00146694	0.00227273	0.911528	0	0.00117769	0.00152893	0.589862	0
	0.153	0.000847107	0.00154959	0.913747	0	0.00121901	0.00132231	0.592593	0
	0.154	0.00115702	0.00210744	0.913514	0	0.00150826	0.00128099	0.598131	0
	0.155	0.000867769	0.00206612	0.910811	0	0.00113636	0.00150826	0.598131	0
	0.156	0.00115702	0.00177686	0.910811	0	0.00109504	0.00142562	0.600939	0
	0.157	0.00121901	0.00190083	0.910811	0	0.00132231	0.0014876	0.596244	0
	0.158	0.0013843	0.00188017	0.908108	0	0.00113636	0.0010124	0.599057	0
	0.159	0.0011157	0.00181818	0.908108	0	0.00115702	0.00128099	0.59434	0
	0.16	0.00121901	0.00157025	0.910569	0	0.00134298	0.00121901	0.59434	0
	0.161	0.00107438	0.0022314	0.913043	0	0.0011157	0.00130165	0.59434	0
	0.162	0.00128099	0.00165289	0.913043	0	0.000950413	0.00123967	0.6	0
	0.163	0.00128099	0.00196281	0.912807	0	0.00103306	0.00144628	0.595238	0
	0.164	0.000847107	0.00206612	0.912568	0	0.00113636	0.00119835	0.598086	0
	0.165	0.00115702	0.00167355	0.912568	0	0.000847107	0.00115702	0.598086	0
	0.166	0.00121901	0.00198347	0.917582	0	0.00126033	0.00163223	0.600962	0
	0.167	0.00126033	0.00192149	0.914835	0	0.00107438	0.00142562	0.600962	0
	0.168	0.00121901	0.00204545	0.912088	0	0.00136364	0.0010124	0.603865	0
	0.169	0.00134298	0.0018595	0.912088	0	0.000971074	0.00132231	0.603865	0
	0.17	0.00132231	0.0017562	0.909341	0	0.00107438	0.00109504	0.606796	0
	0.171	0.00105372	0.00198347	0.906593	0	0.00119835	0.00144628	0.606796	0
	0.172	0.00136364	0.00163223	0.906336	0	0.00123967	0.00126033	0.612745	0
	0.173	0.00123967	0.0018595	0.906336	0	0.000991736	0.00142562	0.613861	0
	0.174	0.00103306	0.00204545	0.903581	0	0.00123967	0.00115702	0.616915	0
	0.175	0.00123967	0.00154959	0.906077	0	0.00117769	0.00144628	0.616915	0
	0.176	0.00126033	0.00204545	0.903315	0	0.00109504	0.00119835	0.62	0
	0.177	0.00126033	0.00183884	0.905817	0	0.00113636	0.00117769	0.623116	0
	0.178	0.00152893	0.00192149	0.905817	0	0.0011157	0.00119835	0.623116	0
	0.179	0.000847107	0.00157025	0.903047	0	0.00105372	0.00126033	0.626263	0
	0.18	0.000991736	0.00200413	0.903047	0	0.000971074	0.00121901	0.621212	0
	0.181	0.00121901	0.00219008	0.905556	0	0.000785124	0.00128099	0.624365	0
	0.182	0.00126033	0.00130165	0.908078	0	0.000847107	0.00115702	0.630769	0
	0.183	0.00088843	0.00179752	0.908078	0	0.00113636	0.00136364	0.634021	0
	0.184	0.000929752	0.00169421	0.905292	0	0.000640496	0.00119835	0.628866	0
	0.185	0.0013843	0.00188017	0.905028	0	0.000971074	0.000991736	0.632124	0
	0.186	0.0011157	0.00167355	0.912676	0	0.000640496	0.0013843	0.632124	0
	0.187	0.00107438	0.00163223	0.909859	0	0.00072314	0.00123967	0.638743	0
	0.188	0.00113636	0.00198347	0.909605	0	0.000578512	0.00128099	0.645503	0
	0.189	0.00117769	0.00233471	0.912181	0	0.000599174	0.000991736	0.645503	0
	0.19	0.00123967	0.00210744	0.914773	0	0.000578512	0.00134298	0.645503	0
	0.191	0.000950413	0.00190083	0.91453	0	0.000929752	0.000991736	0.645503	0
	0.192	0.000847107	0.00161157	0.91453	0	0.000661157	0.00142562	0.645503	0
	0.193	0.0010124	0.0017562	0.91453	0	0.000433884	0.00105372	0.655914	0
	0.194	0.0011157	0.00150826	0.917143	0	0.00053719	0.000909091	0.655914	0
	0.195	0.00115702	0.00188017	0.908571	0	0.000557851	0.00119835	0.655914	0
	0.196	0.000805785	0.00204545	0.908571	0	0.000805785	0.000950413	0.655914	0
	0.197	0.00109504	0.0021281	0.908571	0	0.000433884	0.00123967	0.654054	0
	0.198	0.00105372	0.00169421	0.908571	0	0.000599174	0.0011157	0.648649	0
	0.199	0.00103306	0.00157025	0.905714	0	0.000661157	0.0011157	0.652174	0
	0.2	0.0011157	0.00179752	0.905714	0	0.000681818	0.000743802	0.652174	0
	0.201	0.0010124	0.00202479	0.9	0	0.000516529	0.00119835	0.650273	0
	0.202	0.00119835	0.00165289	0.9	0	0.000578512	0.00121901	0.653846	0
	0.203	0.000867769	0.00179752	0.9	0	0.000516529	0.00107438	0.653846	0
	0.204	0.00109504	0.0018595	0.9	0	0.000661157	0.000929752	0.657459	0
	0.205	0.00113636	0.00181818	0.902579	0	0.000392562	0.00123967	0.661111	0
	0.206	0.0010124	0.00200413	0.902299	0	0.00035124	0.00107438	0.661111	0
	0.207	0.00117769	0.00204545	0.907514	0	0.000433884	0.000950413	0.655556	0
	0.208	0.000867769	0.00171488	0.907514	0	0.000661157	0.0011157	0.655556	0
	0.209	0.00107438	0.00165289	0.907514	0	0.000475207	0.00105372	0.655556	0
	0.21	0.000971074	0.00171488	0.909884	0	0.000557851	0.00115702	0.655556	0
	0.211	0.000826446	0.0017562	0.909884	0	0.000640496	0.00115702	0.659218	0
	0.212	0.000991736	0.00183884	0.909884	0	0.000599174	0.000743802	0.659218	0
	0.213	0.00088843	0.00157025	0.912536	0	0.000764463	0.00113636	0.661017	0
	0.214	0.000805785	0.0017562	0.912536	0	0.000640496	0.000867769	0.664773	0
	0.215	0.00117769	0.00130165	0.917889	0	0.000681818	0.00115702	0.659091	0
	0.216	0.000640496	0.0021281	0.914956	0	0.000764463	0.000826446	0.659091	0
	0.217	0.000929752	0.0014876	0.914956	0	0.000495868	0.000661157	0.657143	0
	0.218	0.000867769	0.00179752	0.917647	0	0.000640496	0.000826446	0.651429	0
	0.219	0.00088843	0.00194215	0.917404	0	0.000640496	0.000640496	0.651429	0
	0.22	0.000826446	0.00179752	0.922849	0	0.000557851	0.000991736	0.651429	0
	0.221	0.000950413	0.00154959	0.919881	0	0.000433884	0.000909091	0.651429	0
	0.222	0.000785124	0.00154959	0.916914	0	0.000640496	0.00107438	0.651429	0
	0.223	0.000929752	0.00167355	0.916914	0	0.000619835	0.000785124	0.651429	0
	0.224	0.0010124	0.00206612	0.91369	0	0.000619835	0.00103306	0.651429	0
	0.225	0.000847107	0.00179752	0.907738	0	0.00072314	0.000929752	0.655172	0
	0.226	0.000557851	0.00237603	0.907738	0	0.000475207	0.000619835	0.655172	0
	0.227	0.00053719	0.00181818	0.907738	0	0.000516529	0.0011157	0.655172	0
	0.228	0.000909091	0.00173554	0.907738	0	0.00053719	0.000785124	0.655172	0
	0.229	0.00072314	0.00196281	0.907738	0	0.000826446	0.000785124	0.655172	0
	0.23	0.00088843	0.00167355	0.904762	0	0.000516529	0.000785124	0.65896	0
	0.231	0.000991736	0.00165289	0.901786	0	0.000495868	0.00109504	0.65896	0
	0.232	0.000681818	0.00192149	0.901786	0	0.000475207	0.000805785	0.653179	0
	0.233	0.000950413	0.00173554	0.901786	0	0.000743802	0.000950413	0.653179	0
	0.234	0.000681818	0.00165289	0.89881	0	0.000661157	0.000971074	0.653179	0
	0.235	0.00088843	0.00169421	0.89881	0	0.000950413	0.000661157	0.653179	0
	0.236	0.00088843	0.00161157	0.895833	0	0.000743802	0.000950413	0.660819	0
	0.237	0.000971074	0.00183884	0.895833	0	0.000578512	0.00103306	0.660819	0
	0.238	0.000929752	0.00154959	0.898507	0	0.000578512	0.000971074	0.668639	0
	0.239	0.000805785	0.00219008	0.901198	0	0.000619835	0.00088843	0.662722	0
	0.24	0.000640496	0.00173554	0.900602	0	0.000805785	0.000661157	0.662722	0
	0.241	0.00119835	0.00177686	0.903323	0	0.000495868	0.00072314	0.666667	0
	0.242	0.000764463	0.00177686	0.905775	0	0.000702479	0.000702479	0.666667	0
	0.243	0.000971074	0.00206612	0.902736	0	0.000805785	0.000681818	0.664671	0
	0.244	0.000847107	0.00177686	0.902439	0	0.000599174	0.000826446	0.664671	0
	0.245	0.000847107	0.00181818	0.905199	0	0.000557851	0.000764463	0.668675	0
	0.246	0.000950413	0.00177686	0.902141	0	0.000640496	0.000826446	0.668675	0
	0.247	0.00105372	0.00140496	0.907692	0	0.000557851	0.000950413	0.668675	0
	0.248	0.000971074	0.00165289	0.907692	0	0.000619835	0.000619835	0.668675	0
	0.249	0.000950413	0.00179752	0.910494	0	0.000475207	0.000764463	0.672727	0
	0.25	0.0011157	0.00159091	0.910494	0	0.000495868	0.000681818	0.672727	0
	0.251	0.000764463	0.00167355	0.907407	0	0.000578512	0.000578512	0.672727	0
	0.252	0.00088843	0.00152893	0.907407	0	0.000495868	0.000702479	0.676829	0
	0.253	0.00103306	0.00202479	0.907407	0	0.000475207	0.000495868	0.676829	0
	0.254	0.000826446	0.00163223	0.904025	0	0.000557851	0.000578512	0.685185	0
	0.255	0.000764463	0.00198347	0.904025	0	0.000578512	0.000867769	0.685185	0
	0.256	0.000929752	0.00206612	0.900929	0	0.000557851	0.000681818	0.685185	0
	0.257	0.000991736	0.00194215	0.900929	0	0.000454545	0.000619835	0.685185	0
	0.258	0.000867769	0.00157025	0.897833	0	0.000371901	0.000971074	0.685185	0
	0.259	0.000929752	0.00202479	0.894737	0	0.000371901	0.000826446	0.68323	0
	0.26	0.00105372	0.00206612	0.891641	0	0.000309917	0.000950413	0.6875	0
	0.261	0.000805785	0.00161157	0.897196	0	0.000330579	0.000764463	0.68125	0
	0.262	0.00105372	0.00181818	0.896875	0	0.000268595	0.000557851	0.68125	0
	0.263	0.00107438	0.00154959	0.896875	0	0.000392562	0.000640496	0.68125	0
	0.264	0.00103306	0.00194215	0.896875	0	0.000475207	0.000681818	0.68125	0
	0.265	0.0011157	0.00183884	0.89375	0	0.000413223	0.000433884	0.685535	0
	0.266	0.000991736	0.00190083	0.890625	0	0.000268595	0.000578512	0.689873	0
	0.267	0.000909091	0.00163223	0.890625	0	0.000330579	0.000847107	0.689873	0
	0.268	0.00113636	0.00177686	0.890625	0	0.000227273	0.000702479	0.689873	0
	0.269	0.00109504	0.00173554	0.896226	0	0.000392562	0.00072314	0.689873	0
	0.27	0.000805785	0.0014876	0.896226	0	0.00035124	0.000599174	0.689873	0
	0.271	0.00105372	0.0014876	0.893082	0	0.000433884	0.000640496	0.689873	0
	0.272	0.000909091	0.00163223	0.895899	0	0.000289256	0.000413223	0.687898	0
	0.273	0.000867769	0.00173554	0.892744	0	0.000309917	0.000433884	0.692308	0
	0.274	0.00117769	0.0013843	0.892744	0	0.000309917	0.000516529	0.685897	0
	0.275	0.00109504	0.00179752	0.88959	0	0.000433884	0.000764463	0.685897	0
	0.276	0.00109504	0.00157025	0.88959	0	0.000433884	0.000743802	0.685897	0
	0.277	0.00105372	0.00144628	0.88959	0	0.000330579	0.000640496	0.685897	0
	0.278	0.000826446	0.00188017	0.886435	0	0.000330579	0.00053719	0.690323	0
	0.279	0.000991736	0.00132231	0.883281	0	0.000392562	0.00053719	0.690323	0
	0.28	0.000929752	0.00152893	0.886076	0	0.000454545	0.000681818	0.690323	0
	0.281	0.00117769	0.00171488	0.882911	0	0.000392562	0.000578512	0.690323	0
	0.282	0.00119835	0.00163223	0.88535	0	0.000454545	0.000702479	0.694805	0
	0.283	0.00088843	0.00157025	0.878981	0	0.000454545	0.000764463	0.694805	0
	0.284	0.000681818	0.00136364	0.878594	0	0.000454545	0.000557851	0.694805	0
	0.285	0.000991736	0.00140496	0.88141	0	0.00053719	0.000578512	0.699346	0
	0.286	0.000847107	0.00173554	0.878205	0	0.000454545	0.000681818	0.699346	0
	0.287	0.000991736	0.00128099	0.881029	0	0.000247934	0.00053719	0.697368	0
	0.288	0.000743802	0.00165289	0.883871	0	0.000268595	0.000475207	0.697368	0
	0.289	0.000929752	0.00146694	0.880645	0	0.000371901	0.000516529	0.697368	0
	0.29	0.00121901	0.00150826	0.877419	0	0.000413223	0.000495868	0.697368	0
	0.291	0.00088843	0.00132231	0.877419	0	0.000516529	0.000619835	0.697368	0
	0.292	0.00072314	0.00121901	0.877419	0	0.000413223	0.000454545	0.695364	0
	0.293	0.00109504	0.00134298	0.880259	0	0.000454545	0.00035124	0.695364	0
	0.294	0.000991736	0.0013843	0.873786	0	0.000371901	0.000578512	0.695364	0
	0.295	0.00109504	0.00121901	0.873377	0	0.000557851	0.000433884	0.695364	0
	0.296	0.000847107	0.00130165	0.87013	0	0.000392562	0.000475207	0.695364	0
	0.297	0.000971074	0.00134298	0.87013	0	0.000330579	0.000557851	0.688742	0
	0.298	0.000929752	0.00154959	0.872964	0	0.000247934	0.000454545	0.688742	0
	0.299	0.000867769	0.00154959	0.875817	0	0.000371901	0.000619835	0.693333	0
	0.3	0.000950413	0.00113636	0.87541	0	0.000392562	0.00072314	0.693333	0
	0.301	0.000847107	0.00123967	0.87541	0	0.000433884	0.000599174	0.697987	0
	0.302	0.00115702	0.0014876	0.868852	0	0.000371901	0.000599174	0.697987	0
	0.303	0.00121901	0.00134298	0.871711	0	0.000557851	0.000371901	0.697987	0
	0.304	0.00128099	0.00121901	0.874587	0	0.000475207	0.000413223	0.691275	0
	0.305	0.00105372	0.0014876	0.871287	0	0.000413223	0.000495868	0.691275	0
	0.306	0.000950413	0.00113636	0.871287	0	0.000392562	0.000475207	0.695946	0
	0.307	0.000909091	0.00130165	0.871287	0	0.000289256	0.000599174	0.689189	0
	0.308	0.0011157	0.00115702	0.871287	0	0.000247934	0.000516529	0.689189	0
	0.309	0.000991736	0.00142562	0.871287	0	0.000371901	0.000475207	0.693878	0
	0.31	0.00103306	0.00140496	0.874172	0	0.000330579	0.000206612	0.69863	0
	0.311	0.00121901	0.00132231	0.877076	0	0.000495868	0.00035124	0.69863	0
	0.312	0.000991736	0.00144628	0.870432	0	0.000578512	0.000516529	0.69863	0
	0.313	0.0010124	0.00140496	0.876254	0	0.000557851	0.00053719	0.691781	0
	0.314	0.0010124	0.00132231	0.879195	0	0.000289256	0.000516529	0.691781	0
	0.315	0.0010124	0.0010124	0.879195	0	0.00035124	0.000413223	0.691781	0
	0.316	0.00113636	0.00150826	0.878788	0	0.00035124	0.000433884	0.684932	0
	0.317	0.000991736	0.00134298	0.881757	0	0.000475207	0.000454545	0.678082	0
	0.318	0.000971074	0.00115702	0.881757	0	0.000268595	0.00035124	0.678082	0
	0.319	0.000991736	0.00128099	0.884746	0	0.000289256	0.000599174	0.678082	0
	0.32	0.00103306	0.00117769	0.884746	0	0.000371901	0.000454545	0.678082	0
	0.321	0.00088843	0.00144628	0.884354	0	0.000330579	0.00035124	0.678082	0
	0.322	0.000950413	0.00126033	0.887372	0	0.000268595	0.00053719	0.682759	0
	0.323	0.0010124	0.00144628	0.886986	0	0.000227273	0.000495868	0.682759	0
	0.324	0.00103306	0.00123967	0.890034	0	0.000330579	0.000454545	0.675862	0
	0.325	0.00115702	0.00121901	0.890034	0	0.000454545	0.000309917	0.675862	0
	0.326	0.00115702	0.00132231	0.883162	0	0.000330579	0.000495868	0.675862	0
	0.327	0.00117769	0.00115702	0.879725	0	0.000371901	0.000454545	0.680556	0
	0.328	0.000991736	0.00115702	0.876289	0	0.000330579	0.000557851	0.680556	0
	0.329	0.00128099	0.00115702	0.876289	0	0.00035124	0.000495868	0.685315	0
	0.33	0.00121901	0.00113636	0.872852	0	0.000433884	0.000433884	0.683099	0
	0.331	0.000867769	0.00105372	0.869416	0	0.000330579	0.000557851	0.683099	0
	0.332	0.00103306	0.00105372	0.869416	0	0.000309917	0.000413223	0.687943	0
	0.333	0.0011157	0.000950413	0.868966	0	0.000392562	0.000309917	0.687943	0
	0.334	0.00103306	0.000929752	0.871972	0	0.00035124	0.000433884	0.680851	0
	0.335	0.0010124	0.00107438	0.871972	0	0.000247934	0.000392562	0.680851	0
	0.336	0.000929752	0.00132231	0.871972	0	0.000454545	0.00035124	0.673759	0
	0.337	0.000867769	0.00119835	0.871972	0	0.000289256	0.000557851	0.678571	0
	0.338	0.00107438	0.00107438	0.871972	0	0.000454545	0.000371901	0.671429	0
	0.339	0.00132231	0.00128099	0.871528	0	0.000433884	0.000557851	0.671429	0
	0.34	0.000867769	0.00113636	0.871528	0	0.000433884	0.000309917	0.671429	0
	0.341	0.000971074	0.00115702	0.877622	0	0.000413223	0.000516529	0.671429	0
	0.342	0.000950413	0.000950413	0.877622	0	0.000330579	0.000475207	0.671429	0
	0.343	0.0010124	0.00132231	0.877622	0	0.000475207	0.000475207	0.671429	0
	0.344	0.000847107	0.00103306	0.877622	0	0.000330579	0.000433884	0.671429	0
	0.345	0.000785124	0.000826446	0.877622	0	0.000309917	0.000330579	0.676259	0
	0.346	0.00107438	0.00115702	0.880702	0	0.00053719	0.000330579	0.676259	0
	0.347	0.00103306	0.00109504	0.886926	0	0.00053719	0.000371901	0.676259	0
	0.348	0.000971074	0.00109504	0.890071	0	0.000578512	0.000392562	0.669065	0
	0.349	0.000950413	0.000991736	0.890071	0	0.000599174	0.000640496	0.669065	0
	0.35	0.000971074	0.000805785	0.88968	0	0.000433884	0.000495868	0.669065	0
	0.351	0.00107438	0.000991736	0.892857	0	0.000516529	0.00035124	0.661871	0
	0.352	0.000847107	0.0010124	0.888889	0	0.000433884	0.000330579	0.661871	0
	0.353	0.000929752	0.000909091	0.888889	0	0.000392562	0.000289256	0.661871	0
	0.354	0.000991736	0.000971074	0.892086	0	0.000702479	0.000413223	0.661871	0
	0.355	0.000971074	0.000785124	0.888489	0	0.000743802	0.000371901	0.661871	0
	0.356	0.000847107	0.0010124	0.888489	0	0.000557851	0.000516529	0.654676	0
	0.357	0.00072314	0.00128099	0.891697	0	0.000454545	0.000495868	0.65942	0
	0.358	0.000867769	0.000826446	0.894928	0	0.00053719	0.000433884	0.65942	0
	0.359	0.000702479	0.000991736	0.894928	0	0.000681818	0.000392562	0.669118	0
	0.36	0.000640496	0.00113636	0.894928	0	0.000475207	0.000495868	0.661765	0
	0.361	0.000743802	0.000950413	0.891304	0	0.000495868	0.000516529	0.661765	0
	0.362	0.000702479	0.0011157	0.894545	0	0.000661157	0.000413223	0.661765	0
	0.363	0.000661157	0.000929752	0.894545	0	0.000640496	0.000392562	0.661765	0
	0.364	0.000764463	0.00113636	0.890909	0	0.00053719	0.000392562	0.666667	0
	0.365	0.00072314	0.00115702	0.894161	0	0.000433884	0.000289256	0.666667	0
	0.366	0.000681818	0.000826446	0.894161	0	0.000661157	0.000330579	0.666667	0
	0.367	0.000785124	0.00088843	0.897436	0	0.000702479	0.000475207	0.666667	0
	0.368	0.00072314	0.000991736	0.897436	0	0.000702479	0.000495868	0.666667	0
	0.369	0.000702479	0.00109504	0.897436	0	0.00072314	0.000206612	0.666667	0
	0.37	0.000661157	0.000909091	0.897059	0	0.000640496	0.000289256	0.666667	0
	0.371	0.000640496	0.00088843	0.900369	0	0.000475207	0.00035124	0.659259	0
	0.372	0.000950413	0.000785124	0.900369	0	0.000599174	0.000433884	0.659259	0
	0.373	0.000640496	0.000805785	0.900369	0	0.000764463	0.000371901	0.659259	0
	0.374	0.000475207	0.000661157	0.903704	0	0.00053719	0.000475207	0.659259	0
	0.375	0.000847107	0.000847107	0.903346	0	0.000640496	0.000392562	0.659259	0
	0.376	0.000495868	0.00109504	0.903346	0	0.000516529	0.000309917	0.659259	0
	0.377	0.000495868	0.000971074	0.903346	0	0.00072314	0.000475207	0.659259	0
	0.378	0.000557851	0.000847107	0.913534	0	0.000578512	0.00035124	0.659259	0
	0.379	0.000599174	0.000971074	0.913534	0	0.000619835	0.000413223	0.651852	0
	0.38	0.000557851	0.000805785	0.909774	0	0.00072314	0.000454545	0.656716	0
	0.381	0.000578512	0.000826446	0.909774	0	0.000433884	0.000371901	0.654135	0
	0.382	0.000826446	0.000661157	0.906015	0	0.000764463	0.000268595	0.659091	0
	0.383	0.000702479	0.00107438	0.909434	0	0.000578512	0.000247934	0.664122	0
	0.384	0.000433884	0.000805785	0.912879	0	0.00072314	0.000475207	0.664122	0
	0.385	0.000578512	0.000640496	0.905303	0	0.000475207	0.000454545	0.664122	0
	0.386	0.000495868	0.000785124	0.905303	0	0.000805785	0.000475207	0.664122	0
	0.387	0.000640496	0.000909091	0.901141	0	0.000619835	0.000392562	0.664122	0
	0.388	0.000516529	0.00088843	0.901141	0	0.000495868	0.000330579	0.664122	0
	0.389	0.000702479	0.000805785	0.908046	0	0.000619835	0.000392562	0.664122	0
	0.39	0.000557851	0.000743802	0.904215	0	0.000495868	0.000268595	0.669231	0
	0.391	0.000557851	0.000826446	0.904215	0	0.000619835	0.000495868	0.674419	0
	0.392	0.000640496	0.00053719	0.907692	0	0.000619835	0.000330579	0.674419	0
	0.393	0.000661157	0.000764463	0.903846	0	0.000681818	0.000495868	0.674419	0
	0.394	0.000475207	0.00088843	0.907336	0	0.000743802	0.000433884	0.674419	0
	0.395	0.000681818	0.00088843	0.907336	0	0.00072314	0.000144628	0.666667	0
	0.396	0.000413223	0.000805785	0.903475	0	0.000578512	0.000392562	0.666667	0
	0.397	0.000805785	0.000681818	0.906977	0	0.000640496	0.00053719	0.666667	0
	0.398	0.000578512	0.000785124	0.902724	0	0.000702479	0.000289256	0.666667	0
	0.399	0.00053719	0.00088843	0.902724	0	0.000681818	0.000392562	0.658915	0
	0.4	0.000516529	0.000743802	0.90625	0	0.000619835	0.000392562	0.674603	0
	0.401	0.000640496	0.000909091	0.909804	0	0.000578512	0.000247934	0.674603	0
	0.402	0.00053719	0.000764463	0.909804	0	0.000578512	0.00035124	0.674603	0
	0.403	0.000495868	0.00072314	0.909804	0	0.000764463	0.000206612	0.674603	0
	0.404	0.000454545	0.000661157	0.905882	0	0.000640496	0.00035124	0.672	0
	0.405	0.000599174	0.000619835	0.905882	0	0.000475207	0.000413223	0.672	0
	0.406	0.000619835	0.00053719	0.909449	0	0.000578512	0.000206612	0.677419	0
	0.407	0.000661157	0.000619835	0.905512	0	0.000392562	0.000475207	0.677419	0
	0.408	0.000805785	0.000909091	0.905512	0	0.000516529	0.000268595	0.677419	0
	0.409	0.000661157	0.000599174	0.901575	0	0.000661157	0.000433884	0.674797	0
	0.41	0.000826446	0.000702479	0.905138	0	0.000702479	0.000413223	0.680328	0
	0.411	0.000661157	0.000516529	0.901186	0	0.000475207	0.00035124	0.68595	0
	0.412	0.000413223	0.000599174	0.904762	0	0.000516529	0.000433884	0.683333	0
	0.413	0.000640496	0.00072314	0.904762	0	0.000578512	0.000330579	0.683333	0
	0.414	0.000619835	0.000475207	0.904762	0	0.000661157	0.000392562	0.675	0
	0.415	0.000764463	0.000557851	0.904762	0	0.000599174	0.00035124	0.658333	0
	0.416	0.000764463	0.000743802	0.904762	0	0.000392562	0.000454545	0.661017	0
	0.417	0.000764463	0.000681818	0.900794	0	0.000599174	0.000289256	0.661017	0
	0.418	0.00072314	0.000826446	0.896825	0	0.000702479	0.000392562	0.661017	0
	0.419	0.000785124	0.000805785	0.896414	0	0.000557851	0.00035124	0.666667	0
	0.42	0.0010124	0.000702479	0.896414	0	0.000516529	0.000330579	0.666667	0
	0.421	0.000826446	0.000516529	0.896414	0	0.000702479	0.00035124	0.649573	0
	0.422	0.000619835	0.00053719	0.896414	0	0.000743802	0.000247934	0.649573	0
	0.423	0.000785124	0.000681818	0.896414	0	0.000495868	0.000289256	0.646552	0
	0.424	0.000847107	0.000599174	0.9	0	0.000599174	0.000392562	0.657895	0
	0.425	0.000557851	0.000764463	0.896	0	0.000640496	0.000371901	0.663717	0
	0.426	0.000743802	0.00053719	0.896	0	0.00053719	0.00035124	0.669643	0
	0.427	0.000702479	0.000640496	0.896	0	0.000619835	0.000475207	0.660714	0
	0.428	0.000619835	0.000557851	0.896	0	0.000557851	0.000330579	0.660714	0
	0.429	0.000743802	0.000702479	0.896	0	0.000661157	0.000330579	0.660714	0
	0.43	0.000743802	0.00053719	0.899598	0	0.000661157	0.00018595	0.660714	0
	0.431	0.000619835	0.000516529	0.899598	0	0.000599174	0.000330579	0.660714	0
	0.432	0.000681818	0.000578512	0.899598	0	0.00053719	0.000392562	0.660714	0
	0.433	0.000578512	0.00053719	0.899598	0	0.000495868	0.000247934	0.660714	0
	0.434	0.000743802	0.000599174	0.895582	0	0.000599174	0.000289256	0.660714	0
	0.435	0.00088843	0.000516529	0.895582	0	0.000785124	0.000289256	0.666667	0
	0.436	0.000619835	0.000371901	0.899194	0	0.000516529	0.000289256	0.672727	0
	0.437	0.000702479	0.000599174	0.902834	0	0.000681818	0.000330579	0.672727	0
	0.438	0.000826446	0.000495868	0.906504	0	0.000702479	0.000247934	0.672727	0
	0.439	0.000640496	0.000557851	0.906504	0	0.000599174	0.000371901	0.672727	0
	0.44	0.000619835	0.000516529	0.906504	0	0.000475207	0.000392562	0.685185	0
	0.441	0.000619835	0.000599174	0.906504	0	0.000578512	0.000475207	0.691589	0
	0.442	0.000743802	0.000495868	0.910204	0	0.000557851	0.000454545	0.691589	0
	0.443	0.000764463	0.000557851	0.910204	0	0.000454545	0.000206612	0.688679	0
	0.444	0.000785124	0.00053719	0.913934	0	0.00053719	0.000371901	0.688679	0
	0.445	0.000681818	0.000392562	0.913934	0	0.000495868	0.000247934	0.679245	0
	0.446	0.00053719	0.00035124	0.913934	0	0.000557851	0.000371901	0.679245	0
	0.447	0.000454545	0.000516529	0.913934	0	0.000640496	0.000330579	0.679245	0
	0.448	0.000599174	0.000557851	0.913934	0	0.000619835	0.000392562	0.679245	0
	0.449	0.000702479	0.000640496	0.913934	0	0.00072314	0.000475207	0.685714	0
	0.45	0.000495868	0.000516529	0.913934	0	0.000599174	0.000268595	0.692308	0
	0.451	0.00053719	0.000433884	0.913934	0	0.000640496	0.000289256	0.692308	0
	0.452	0.000578512	0.000599174	0.913934	0	0.000743802	0.000371901	0.696078	0
	0.453	0.000557851	0.000640496	0.913934	0	0.000599174	0.000454545	0.696078	0
	0.454	0.00053719	0.000826446	0.909836	0	0.000702479	0.000309917	0.686275	0
	0.455	0.000578512	0.00072314	0.909836	0	0.000764463	0.000454545	0.666667	0
	0.456	0.000495868	0.000475207	0.909836	0	0.000764463	0.000495868	0.666667	0
	0.457	0.000475207	0.000681818	0.905738	0	0.000661157	0.00035124	0.673267	0
	0.458	0.000516529	0.000578512	0.90535	0	0.000578512	0.000268595	0.673267	0
	0.459	0.000516529	0.000578512	0.90535	0	0.00072314	0.000392562	0.673267	0
	0.46	0.000247934	0.00053719	0.912863	0	0.00103306	0.000165289	0.663366	0
	0.461	0.000578512	0.000681818	0.920502	0	0.000702479	0.000619835	0.663366	0
	0.462	0.000433884	0.000599174	0.916318	0	0.000785124	0.000371901	0.65	0
	0.463	0.000475207	0.000392562	0.916318	0	0.00072314	0.000392562	0.64	0
	0.464	0.000599174	0.000413223	0.915966	0	0.000950413	0.000413223	0.646465	0
	0.465	0.000247934	0.000454545	0.915966	0	0.000847107	0.000516529	0.646465	0
	0.466	0.00053719	0.000599174	0.915966	0	0.000826446	0.000433884	0.642857	0
	0.467	0.000268595	0.000475207	0.919831	0	0.000867769	0.000165289	0.642857	0
	0.468	0.000330579	0.000661157	0.919831	0	0.000557851	0.000165289	0.642857	0
	0.469	0.00035124	0.000392562	0.919831	0	0.000743802	0.00035124	0.649485	0
	0.47	0.000289256	0.00053719	0.919831	0	0.000764463	0.000371901	0.649485	0
	0.471	0.000309917	0.000702479	0.931624	0	0.000681818	0.000371901	0.652632	0
	0.472	0.000371901	0.000454545	0.931624	0	0.000929752	0.00035124	0.648936	0
	0.473	0.000413223	0.000599174	0.92735	0	0.000743802	0.000330579	0.648936	0
	0.474	0.000268595	0.000475207	0.92735	0	0.000950413	0.000227273	0.648936	0
	0.475	0.000330579	0.000557851	0.93133	0	0.00109504	0.000227273	0.648936	0
	0.476	0.000433884	0.000557851	0.927039	0	0.000785124	0.000371901	0.648936	0
	0.477	0.000413223	0.000516529	0.926724	0	0.00072314	0.000247934	0.648936	0
	0.478	0.000475207	0.000661157	0.926724	0	0.000950413	0.000268595	0.648936	0
	0.479	0.000392562	0.000454545	0.926724	0	0.00088843	0.000289256	0.638298	0
	0.48	0.000392562	0.00035124	0.926724	0	0.00107438	0.000227273	0.62766	0
	0.481	0.000289256	0.00053719	0.930736	0	0.000805785	0.000371901	0.630435	0
	0.482	0.000247934	0.000413223	0.930736	0	0.00072314	0.000268595	0.630435	0
	0.483	0.000268595	0.000516529	0.930736	0	0.000867769	0.000247934	0.630435	0
	0.484	0.000392562	0.000495868	0.926407	0	0.000929752	0.00018595	0.630435	0
	0.485	0.000309917	0.000433884	0.926407	0	0.000929752	0.000371901	0.644444	0
	0.486	0.000268595	0.000516529	0.930435	0	0.000929752	0.000330579	0.659091	0
	0.487	0.000371901	0.000454545	0.930435	0	0.000805785	0.000289256	0.659091	0
	0.488	0.000227273	0.00053719	0.938596	0	0.000867769	0.000309917	0.659091	0
	0.489	0.000392562	0.000495868	0.938596	0	0.000743802	0.00035124	0.659091	0
	0.49	0.000433884	0.000681818	0.938596	0	0.000681818	0.000413223	0.666667	0
	0.491	0.000495868	0.000413223	0.938596	0	0.000805785	0.000309917	0.655172	0
	0.492	0.000371901	0.000599174	0.938596	0	0.000475207	0.000247934	0.643678	0
	0.493	0.000433884	0.000578512	0.938326	0	0.000847107	0.000227273	0.643678	0
	0.494	0.000330579	0.000475207	0.933921	0	0.000764463	0.000309917	0.643678	0
	0.495	0.00053719	0.000661157	0.933921	0	0.000867769	0.000289256	0.639535	0
	0.496	0.000495868	0.000661157	0.933921	0	0.000785124	0.00035124	0.635294	0
	0.497	0.000309917	0.000495868	0.92511	0	0.000681818	0.000289256	0.635294	0
	0.498	0.000475207	0.000268595	0.929204	0	0.00105372	0.000371901	0.623529	0
	0.499	0.000413223	0.000661157	0.929204	0	0.000847107	0.000413223	0.619048	0
	0.5	0.00053719	0.00035124	0.929204	0	0.000702479	0.00035124	0.614458	0
	0.501	0.000433884	0.000578512	0.920354	0	0.000867769	0.000413223	0.614458	0
	0.502	0.000557851	0.000475207	0.920354	0	0.000847107	0.000392562	0.621951	0
	0.503	0.000413223	0.000454545	0.920354	0	0.000929752	0.000206612	0.609756	0
	0.504	0.000433884	0.000495868	0.915929	0	0.000681818	0.00018595	0.573171	0
	0.505	0.000454545	0.000785124	0.911504	0	0.000867769	0.000330579	0.573171	0
	0.506	0.000516529	0.000144628	0.911111	0	0.000867769	0.00035124	0.573171	0
	0.507	0.000599174	0.000475207	0.910714	0	0.000785124	0.000309917	0.580247	0
	0.508	0.000433884	0.000578512	0.910714	0	0.000578512	0.00035124	0.580247	0
	0.509	0.000495868	0.000516529	0.910714	0	0.000826446	0.000165289	0.5875	0
	0.51	0.000681818	0.000640496	0.910714	0	0.000826446	0.000206612	0.602564	0
	0.511	0.000475207	0.000578512	0.90625	0	0.000743802	0.000247934	0.584416	0
	0.512	0.000454545	0.000454545	0.901786	0	0.000764463	0.000371901	0.584416	0
	0.513	0.000454545	0.000578512	0.901786	0	0.000867769	0.000144628	0.592105	0
	0.514	0.000578512	0.000475207	0.901786	0	0.000909091	0.000289256	0.578947	0
	0.515	0.000475207	0.000433884	0.897321	0	0.000805785	0.000268595	0.586667	0
	0.516	0.000619835	0.000330579	0.897321	0	0.000702479	0.000227273	0.586667	0
	0.517	0.000413223	0.000413223	0.897321	0	0.000847107	0.000206612	0.586667	0
	0.518	0.000661157	0.000309917	0.897321	0	0.000764463	0.000227273	0.573333	0
	0.519	0.000599174	0.000433884	0.897321	0	0.00072314	0.000206612	0.573333	0
	0.52	0.000640496	0.00035124	0.896861	0	0.00072314	0.000144628	0.56	0
	0.521	0.000516529	0.000433884	0.892377	0	0.000847107	0.000268595	0.561644	0
	0.522	0.000475207	0.000330579	0.892377	0	0.000826446	0.000227273	0.561644	0
	0.523	0.000454545	0.000392562	0.892377	0	0.000764463	0.000309917	0.547945	0
	0.524	0.000433884	0.000413223	0.892377	0	0.000743802	0.000165289	0.547945	0
	0.525	0.000557851	0.000392562	0.892377	0	0.000929752	0.00035124	0.547945	0
	0.526	0.000847107	0.000392562	0.887892	0	0.000847107	0.000247934	0.547945	0
	0.527	0.000785124	0.000268595	0.887892	0	0.000599174	0.000433884	0.547945	0
	0.528	0.000764463	0.00053719	0.887892	0	0.00088843	0.000144628	0.547945	0
	0.529	0.000599174	0.000413223	0.891892	0	0.000619835	0.000371901	0.534247	0
	0.53	0.000909091	0.000433884	0.891892	0	0.000661157	0.000371901	0.534247	0
	0.531	0.000681818	0.000392562	0.891403	0	0.000805785	0.000206612	0.534247	0
	0.532	0.000743802	0.000413223	0.891403	0	0.000764463	0.00035124	0.541667	0
	0.533	0.000702479	0.000516529	0.891403	0	0.000909091	0.000309917	0.549296	0
	0.534	0.000743802	0.000413223	0.891403	0	0.000743802	0.000247934	0.558824	0
	0.535	0.00107438	0.000289256	0.886878	0	0.000826446	0.000289256	0.552239	0
	0.536	0.000867769	0.000392562	0.890909	0	0.000929752	0.00018595	0.552239	0
	0.537	0.000785124	0.000392562	0.890909	0	0.000681818	0.000330579	0.560606	0
	0.538	0.000681818	0.000392562	0.890909	0	0.00109504	0.000289256	0.560606	0
	0.539	0.000929752	0.000475207	0.890909	0	0.000764463	0.000289256	0.545455	0
	0.54	0.000950413	0.00053719	0.894977	0	0.000785124	0.000227273	0.545455	0
	0.541	0.000805785	0.000619835	0.899083	0	0.000950413	0.000247934	0.545455	0
	0.542	0.000599174	0.000475207	0.899083	0	0.000929752	0.000289256	0.553846	0
	0.543	0.000743802	0.000495868	0.894495	0	0.000867769	0.00018595	0.553846	0
	0.544	0.000847107	0.000578512	0.894495	0	0.000847107	0.000413223	0.5625	0
	0.545	0.00072314	0.000495868	0.889908	0	0.000867769	0.000103306	0.5625	0
	0.546	0.000764463	0.000433884	0.894009	0	0.000950413	0.000144628	0.5625	0
	0.547	0.00088843	0.000475207	0.894009	0	0.00088843	0.000165289	0.571429	0
	0.548	0.000495868	0.000392562	0.894009	0	0.000909091	0.000475207	0.555556	0
	0.549	0.000578512	0.000557851	0.894009	0	0.000867769	0.000330579	0.555556	0
	0.55	0.000743802	0.000578512	0.894009	0	0.00072314	0.000247934	0.539683	0
	0.551	0.00072314	0.000371901	0.894009	0	0.000826446	0.000289256	0.539683	0
	0.552	0.000661157	0.000640496	0.898148	0	0.000702479	0.000454545	0.557377	0
	0.553	0.00072314	0.000371901	0.898148	0	0.000785124	0.000268595	0.557377	0
	0.554	0.000743802	0.00053719	0.898148	0	0.000826446	0.00018595	0.557377	0
	0.555	0.000681818	0.000681818	0.893519	0	0.000826446	0.000330579	0.566667	0
	0.556	0.000826446	0.000433884	0.893519	0	0.000661157	0.00018595	0.576271	0
	0.557	0.000764463	0.000413223	0.897674	0	0.000785124	0.000206612	0.576271	0
	0.558	0.000599174	0.000619835	0.893023	0	0.00072314	0.000227273	0.576271	0
	0.559	0.000454545	0.00035124	0.888372	0	0.000702479	0.000309917	0.559322	0
	0.56	0.000619835	0.000454545	0.892523	0	0.000929752	0.00018595	0.559322	0
	0.561	0.000619835	0.000516529	0.892523	0	0.000785124	0.000289256	0.559322	0
	0.562	0.000413223	0.000413223	0.892523	0	0.000661157	0.000309917	0.542373	0
	0.563	0.000475207	0.000619835	0.88785	0	0.000702479	0.000309917	0.542373	0
	0.564	0.00035124	0.000557851	0.88785	0	0.000619835	0.000247934	0.542373	0
	0.565	0.000454545	0.000392562	0.892019	0	0.000764463	0.000268595	0.525424	0
	0.566	0.000495868	0.000578512	0.887324	0	0.000578512	0.000371901	0.525424	0
	0.567	0.000475207	0.000475207	0.882629	0	0.000557851	0.000371901	0.508475	0
	0.568	0.000557851	0.000392562	0.882629	0	0.00053719	0.000227273	0.508475	0
	0.569	0.000371901	0.000475207	0.882629	0	0.000702479	0.000165289	0.508475	0
	0.57	0.000413223	0.000578512	0.882629	0	0.000557851	0.000103306	0.508475	0
	0.571	0.00035124	0.000475207	0.886792	0	0.000640496	0.000371901	0.5	0
	0.572	0.000599174	0.000392562	0.890995	0	0.000743802	0.000268595	0.5	0
	0.573	0.000330579	0.000516529	0.890995	0	0.00088843	0.000103306	0.5	0
	0.574	0.000330579	0.000433884	0.895238	0	0.000578512	0.00018595	0.518519	0
	0.575	0.000557851	0.000413223	0.895238	0	0.000495868	0.000247934	0.518519	0
	0.576	0.000578512	0.000247934	0.890476	0	0.00053719	0.000247934	0.518519	0
	0.577	0.000371901	0.000495868	0.890476	0	0.000495868	0.000330579	0.518519	0
	0.578	0.000309917	0.000557851	0.890476	0	0.000433884	0.000144628	0.518519	0
	0.579	0.00035124	0.000495868	0.890476	0	0.000433884	0.000247934	0.518519	0
	0.58	0.000516529	0.000433884	0.890476	0	0.00053719	0.000144628	0.518519	0
	0.581	0.000433884	0.000309917	0.890476	0	0.000619835	8.26446e-05	0.528302	0
	0.582	0.000289256	0.000475207	0.890476	0	0.000433884	0.000165289	0.529412	0
	0.583	0.000454545	0.000330579	0.890476	0	0.00053719	0.000289256	0.529412	0
	0.584	0.00035124	0.000743802	0.899038	0	0.000702479	0.000103306	0.52	0
	0.585	0.00035124	0.000475207	0.899038	0	0.00053719	0.000165289	0.541667	0
	0.586	0.000475207	0.000475207	0.903382	0	0.000392562	0.000268595	0.541667	0
	0.587	0.000433884	0.000475207	0.898551	0	0.000309917	0.000227273	0.553191	0
	0.588	0.000413223	0.000309917	0.898551	0	0.000413223	0.000247934	0.565217	0
	0.589	0.00035124	0.00053719	0.902913	0	0.000433884	0.000103306	0.543478	0
	0.59	0.000433884	0.00053719	0.902913	0	0.000475207	0.000144628	0.543478	0
	0.591	0.000289256	0.000433884	0.902913	0	0.000454545	0.000144628	0.543478	0
	0.592	0.000454545	0.000599174	0.902913	0	0.000413223	0.000247934	0.543478	0
	0.593	0.000557851	0.00053719	0.907317	0	0.000785124	8.26446e-05	0.543478	0
	0.594	0.000413223	0.000495868	0.911765	0	0.000516529	0.000123967	0.545455	0
	0.595	0.000309917	0.000392562	0.911765	0	0.000495868	0.00018595	0.55814	0
	0.596	0.000433884	0.000454545	0.916256	0	0.000495868	0.000413223	0.55814	0
	0.597	0.00053719	0.000475207	0.925373	0	0.000599174	0.000144628	0.55814	0
	0.598	0.000413223	0.000392562	0.925373	0	0.000599174	0.000268595	0.55814	0
	0.599	0.000330579	0.000475207	0.934673	0	0.000640496	0.000123967	0.571429	0
	0.6	0.000475207	0.000475207	0.934673	0	0.000413223	0.000165289	0.585366	0
	0.601	0.000516529	0.000371901	0.939394	0	0.000454545	0.000227273	0.585366	0
	0.602	0.000578512	0.000433884	0.929293	0	0.000681818	0.000268595	0.585366	0
	0.603	0.000743802	0.000516529	0.929293	0	0.000516529	0.00018595	0.585366	0
	0.604	0.00053719	0.000619835	0.924242	0	0.000599174	0.000144628	0.560976	0
	0.605	0.000516529	0.000392562	0.919192	0	0.000433884	0.000247934	0.560976	0
	0.606	0.000578512	0.000578512	0.914141	0	0.00053719	0.000165289	0.55	0
	0.607	0.000413223	0.000392562	0.914141	0	0.000661157	0.000206612	0.55	0
	0.608	0.000619835	0.000247934	0.914141	0	0.00053719	0.000206612	0.55	0
	0.609	0.000413223	0.000557851	0.909091	0	0.000557851	0.000165289	0.525	0
	0.61	0.000516529	0.000330579	0.90404	0	0.000557851	0.000247934	0.525	0
	0.611	0.000413223	0.000599174	0.90404	0	0.00035124	0.000309917	0.525	0
	0.612	0.00053719	0.000454545	0.90404	0	0.000516529	0.000103306	0.538462	0
	0.613	0.000392562	0.000371901	0.90404	0	0.000309917	0.00018595	0.552632	0
	0.614	0.000599174	0.000268595	0.90404	0	0.000599174	0.000206612	0.552632	0
	0.615	0.000433884	0.000619835	0.90404	0	0.000516529	0.000123967	0.552632	0
	0.616	0.000371901	0.000371901	0.89899	0	0.000454545	0.000103306	0.552632	0
	0.617	0.000330579	0.000309917	0.893939	0	0.000392562	0.000392562	0.552632	0
	0.618	0.000371901	0.000392562	0.893939	0	0.000599174	0.000268595	0.552632	0
	0.619	0.000309917	0.000433884	0.893939	0	0.000392562	0.000206612	0.540541	0
	0.62	0.000516529	0.000433884	0.893401	0	0.000454545	0.000144628	0.555556	0
	0.621	0.000413223	0.000599174	0.893401	0	0.000413223	0.00018595	0.527778	0
	0.622	0.000330579	0.000557851	0.897959	0	0.000454545	0.000123967	0.527778	0
	0.623	0.000289256	0.000433884	0.897959	0	0.000392562	8.26446e-05	0.527778	0
	0.624	0.000413223	0.000454545	0.897959	0	0.000309917	0.000123967	0.527778	0
	0.625	0.00035124	0.000433884	0.897959	0	0.000392562	0.000123967	0.527778	0
	0.626	0.000433884	0.000516529	0.897959	0	0.000309917	0.000123967	0.527778	0
	0.627	0.000413223	0.00035124	0.897959	0	0.000371901	0.000206612	0.527778	0
	0.628	0.000392562	0.000330579	0.897959	0	0.000227273	0.00018595	0.527778	0
	0.629	0.000495868	0.000557851	0.897959	0	0.000392562	0.000206612	0.527778	0
	0.63	0.00035124	0.000309917	0.902564	0	0.000516529	0.000144628	0.542857	0
	0.631	0.000309917	0.000392562	0.902564	0	0.000475207	0.000144628	0.558824	0
	0.632	0.000557851	0.000681818	0.902564	0	0.000371901	0.00018595	0.575758	0
	0.633	0.000371901	0.000454545	0.902564	0	0.000578512	0.00018595	0.5625	0
	0.634	0.000495868	0.000371901	0.902564	0	0.000433884	0.000103306	0.5625	0
	0.635	0.000454545	0.000495868	0.902564	0	0.000413223	0.000165289	0.580645	0
	0.636	0.000454545	0.000578512	0.902564	0	0.000330579	0.000123967	0.548387	0
	0.637	0.00072314	0.000371901	0.907216	0	0.000247934	0.000227273	0.548387	0
	0.638	0.000661157	0.000433884	0.911917	0	0.000413223	0.000103306	0.566667	0
	0.639	0.00053719	0.000454545	0.916667	0	0.000433884	0.000123967	0.533333	0
	0.64	0.00053719	0.000371901	0.916667	0	0.000330579	0.000144628	0.5	0
	0.641	0.000702479	0.000619835	0.921466	0	0.000392562	4.13223e-05	0.517241	0
	0.642	0.000619835	0.000371901	0.921466	0	0.000206612	0.000206612	0.535714	0
	0.643	0.000495868	0.000392562	0.926316	0	0.000309917	0.000123967	0.535714	0
	0.644	0.000495868	0.000454545	0.931217	0	0.000371901	0.000227273	0.464286	0
	0.645	0.00053719	0.000702479	0.93617	0	0.00035124	0.000144628	0.464286	0
	0.646	0.000578512	0.000578512	0.930851	0	0.000371901	0.000165289	0.428571	0
	0.647	0.000392562	0.000475207	0.930851	0	0.000599174	0.000165289	0.428571	0
	0.648	0.000454545	0.000392562	0.930851	0	0.000413223	0.000123967	0.428571	0
	0.649	0.000433884	0.000557851	0.925532	0	0.000475207	0.00018595	0.428571	0
	0.65	0.00035124	0.000516529	0.925532	0	0.000371901	0.00018595	0.428571	0
	0.651	0.000413223	0.000392562	0.925532	0	0.000495868	0.000227273	0.392857	0
	0.652	0.00072314	0.000557851	0.925532	0	0.000413223	0.000165289	0.357143	0
	0.653	0.000454545	0.00053719	0.920213	0	0.000268595	6.19835e-05	0.37037	0
	0.654	0.000454545	0.000619835	0.920213	0	0.000578512	0.00018595	0.333333	0
	0.655	0.000247934	0.000578512	0.919786	0	0.000599174	0.000227273	0.296296	0
	0.656	0.000413223	0.000413223	0.914439	0	0.000495868	0.000165289	0.307692	0
	0.657	0.000516529	0.000578512	0.914439	0	0.000454545	0.000206612	0.307692	0
	0.658	0.00035124	0.000475207	0.909091	0	0.000495868	0.000206612	0.269231	0
	0.659	0.000495868	0.000433884	0.909091	0	0.000599174	0.00018595	0.269231	0
	0.66	0.000309917	0.000516529	0.909091	0	0.000454545	8.26446e-05	0.269231	0
	0.661	0.000371901	0.000433884	0.909091	0	0.000516529	8.26446e-05	0.28	0
	0.662	0.000392562	0.000330579	0.909091	0	0.000495868	0.000165289	0.28	0
	0.663	0.000413223	0.000475207	0.909091	0	0.000475207	8.26446e-05	0.28	0
	0.664	0.000495868	0.00035124	0.909091	0	0.000454545	0.000103306	0.28	0
	0.665	0.00035124	0.00053719	0.909091	0	0.00035124	6.19835e-05	0.28	0
	0.666	0.000371901	0.000495868	0.913978	0	0.000619835	0.000144628	0.28	0
	0.667	0.00035124	0.000247934	0.913514	0	0.000578512	0.00018595	0.28	0
	0.668	0.000309917	0.000371901	0.913514	0	0.00053719	0.000144628	0.28	0
	0.669	0.000371901	0.000268595	0.913514	0	0.000475207	0.000165289	0.28	0
	0.67	0.000165289	0.000454545	0.913514	0	0.000599174	0.000144628	0.28	0
	0.671	0.000330579	0.000289256	0.913514	0	0.000619835	0.000144628	0.28	0
	0.672	0.000392562	0.000495868	0.913514	0	0.00072314	0.000123967	0.291667	0
	0.673	0.000289256	0.000578512	0.913514	0	0.000640496	0.000206612	0.291667	0
	0.674	0.000413223	0.000454545	0.913514	0	0.000640496	0.000206612	0.291667	0
	0.675	0.00035124	0.00053719	0.913514	0	0.000475207	0.000103306	0.291667	0
	0.676	0.000475207	0.000495868	0.913514	0	0.000681818	4.13223e-05	0.291667	0
	0.677	0.000227273	0.000330579	0.913514	0	0.000599174	0.000123967	0.291667	0
	0.678	0.000289256	0.000557851	0.918478	0	0.000743802	0.000123967	0.291667	0
	0.679	0.000433884	0.000454545	0.918478	0	0.000516529	0.000123967	0.25	0
	0.68	0.000227273	0.000475207	0.923497	0	0.000681818	0.000144628	0.26087	0
	0.681	0.000309917	0.000475207	0.923497	0	0.000619835	0.000165289	0.217391	0
	0.682	0.000433884	0.000413223	0.923497	0	0.000371901	0.00018595	0.217391	0
	0.683	0.000640496	0.000475207	0.918033	0	0.000764463	0.00018595	0.217391	0
	0.684	0.000371901	0.000475207	0.923077	0	0.000743802	0.000123967	0.217391	0
	0.685	0.000227273	0.000433884	0.928177	0	0.00072314	0.000268595	0.227273	0
	0.686	0.000371901	0.00035124	0.928177	0	0.000454545	0.000165289	0.227273	0
	0.687	0.000475207	0.000289256	0.928177	0	0.000702479	0.000103306	0.238095	0
	0.688	0.000268595	0.000392562	0.922652	0	0.000702479	6.19835e-05	0.238095	0
	0.689	0.000392562	0.000268595	0.922652	0	0.000413223	8.26446e-05	0.238095	0
	0.69	0.000165289	0.000578512	0.917127	0	0.000433884	4.13223e-05	0.238095	0
	0.691	0.000454545	0.000495868	0.917127	0	0.000454545	8.26446e-05	0.190476	0
	0.692	0.000330579	0.000495868	0.911602	0	0.000640496	0.000165289	0.190476	0
	0.693	0.000371901	0.000268595	0.916667	0	0.000371901	0.000123967	0.190476	0
	0.694	0.000475207	0.000433884	0.921788	0	0.000495868	0.000247934	0.190476	0
	0.695	0.00035124	0.000475207	0.926966	0	0.000516529	0.000103306	0.2	0
	0.696	0.000578512	0.000516529	0.926966	0	0.00053719	8.26446e-05	0.2	0
	0.697	0.00053719	0.000599174	0.926966	0	0.000454545	0.000123967	0.210526	0
	0.698	0.000330579	0.00053719	0.926966	0	0.000495868	0.000165289	0.210526	0
	0.699	0.000413223	0.000495868	0.921348	0	0.000392562	0.000247934	0.210526	0
	0.7	0.000330579	0.000392562	0.921348	0	0.00053719	6.19835e-05	0.210526	0
	0.701	0.000495868	0.000557851	0.921348	0	0.000309917	8.26446e-05	0.222222	0
	0.702	0.000247934	0.000413223	0.91573	0	0.000516529	6.19835e-05	0.222222	0
	0.703	0.00035124	0.000413223	0.91573	0	0.000433884	0.000206612	0.235294	0
	0.704	0.000578512	0.000475207	0.91573	0	0.000495868	6.19835e-05	0.176471	0
	0.705	0.000454545	0.000743802	0.910112	0	0.000371901	0.000103306	0.1875	0
	0.706	0.000495868	0.00053719	0.903955	0	0.000413223	4.13223e-05	0.1875	0
	0.707	0.000392562	0.000640496	0.903409	0	0.00035124	0.000165289	0.1875	0
	0.708	0.00035124	0.000516529	0.897727	0	0.000330579	0.000103306	0.1875	0
	0.709	0.000433884	0.00072314	0.897727	0	0.000206612	0.000123967	0.133333	0
	0.71	0.000619835	0.000495868	0.897727	0	0.000268595	0.000165289	0.133333	0
	0.711	0.000454545	0.000392562	0.892045	0	0.000165289	4.13223e-05	0.133333	0
	0.712	0.000392562	0.00053719	0.892045	0	0.000371901	0.000103306	0.133333	0
	0.713	0.000495868	0.000516529	0.892045	0	0.000392562	4.13223e-05	0.133333	0
	0.714	0.000413223	0.000433884	0.892045	0	0.00018595	6.19835e-05	0.133333	0
	0.715	0.000392562	0.000371901	0.897143	0	0.000289256	0.000123967	0.133333	0
	0.716	0.00053719	0.000392562	0.897143	0	0.000309917	8.26446e-05	0.142857	0
	0.717	0.000433884	0.000454545	0.885714	0	0.000247934	0.000165289	0.142857	0
	0.718	0.000371901	0.000495868	0.88	0	0.00035124	0.000165289	0.142857	0
	0.719	0.000454545	0.000392562	0.88	0	0.000206612	8.26446e-05	0.181818	0
	0.72	0.00053719	0.000433884	0.88	0	0.000289256	0.000103306	0.181818	0
	0.721	0.000371901	0.000392562	0.874286	0	0.000227273	6.19835e-05	0.181818	0
	0.722	0.000413223	0.000454545	0.87931	0	0.000330579	0.000123967	0.181818	0
	0.723	0.000578512	0.00053719	0.87931	0	0.000289256	0.000123967	0.222222	0
	0.724	0.000516529	0.000392562	0.87931	0	0.000227273	4.13223e-05	0.25	0
	0.725	0.000475207	0.000475207	0.87931	0	0.000144628	6.19835e-05	0.285714	0
	0.726	0.000785124	0.000475207	0.87931	0	0.000144628	0.000103306	0.285714	0
	0.727	0.000392562	0.000454545	0.87931	0	0.000206612	0.00018595	0.285714	0
	0.728	0.000475207	0.000454545	0.87931	0	0.000247934	0.000103306	0.285714	0
	0.729	0.000433884	0.000392562	0.873563	0	0.00018595	0.000144628	0.285714	0
	0.73	0.000557851	0.000433884	0.873563	0	0.000144628	0.000123967	0.285714	0
	0.731	0.000619835	0.000475207	0.873563	0	0.000144628	8.26446e-05	0.285714	0
	0.732	0.000578512	0.00053719	0.856322	0	0.000289256	4.13223e-05	0.285714	0
	0.733	0.000640496	0.000454545	0.856322	0	0.000103306	8.26446e-05	0.285714	0
	0.734	0.000702479	0.000619835	0.855491	0	0.000247934	4.13223e-05	0.285714	0
	0.735	0.000681818	0.000557851	0.849711	0	0.000165289	0.000144628	0.285714	0
	0.736	0.000805785	0.000557851	0.849711	0	0.000144628	0.000123967	0.285714	0
	0.737	0.000578512	0.000433884	0.849711	0	0.000144628	0.000123967	0.285714	0
	0.738	0.000702479	0.000516529	0.849711	0	0.000247934	8.26446e-05	0.285714	0
	0.739	0.000950413	0.000764463	0.859649	0	0.00018595	0.000144628	0.285714	0
	0.74	0.000764463	0.000495868	0.858824	0	0.00018595	0.000123967	0.285714	0
	0.741	0.000599174	0.000454545	0.841176	0	0.000165289	6.19835e-05	0.333333	0
	0.742	0.000971074	0.000557851	0.835294	0	0.000103306	0.000144628	0.333333	0
	0.743	0.000495868	0.000454545	0.835294	0	8.26446e-05	8.26446e-05	0.333333	0
	0.744	0.000909091	0.000495868	0.835294	0	0.000103306	4.13223e-05	0.333333	0
	0.745	0.000681818	0.000433884	0.840237	0	0.000144628	6.19835e-05	0.333333	0
	0.746	0.000847107	0.000371901	0.840237	0	0.000103306	8.26446e-05	0.166667	0
	0.747	0.000929752	0.000330579	0.840237	0	0.000103306	2.06612e-05	0.166667	0
	0.748	0.000661157	0.000495868	0.828402	0	0.00018595	6.19835e-05	0.166667	0
	0.749	0.000971074	0.00053719	0.833333	0	0.000103306	4.13223e-05	0.166667	0
	0.75	0.00088843	0.000454545	0.833333	0	2.06612e-05	8.26446e-05	0.166667	0
	0.751	0.000743802	0.000557851	0.833333	0	0.000123967	6.19835e-05	0.166667	0
	0.752	0.000971074	0.000578512	0.833333	0	0.000144628	4.13223e-05	0.166667	0
	0.753	0.000826446	0.000578512	0.827381	0	0.000144628	8.26446e-05	0.166667	0
	0.754	0.00107438	0.000516529	0.821429	0	0.000103306	4.13223e-05	0.166667	0
	0.755	0.000826446	0.000330579	0.815476	0	0.000103306	0.000103306	0.166667	0
	0.756	0.00107438	0.000371901	0.815476	0	0.000103306	8.26446e-05	0.166667	0
	0.757	0.000909091	0.000619835	0.820359	0	8.26446e-05	4.13223e-05	0.2	0
	0.758	0.000847107	0.000681818	0.820359	0	4.13223e-05	4.13223e-05	0.2	0
	0.759	0.00123967	0.000495868	0.825301	0	6.19835e-05	0.000144628	0.2	0
	0.76	0.00103306	0.000557851	0.807229	0	8.26446e-05	8.26446e-05	0.25	0
	0.761	0.00130165	0.000371901	0.801205	0	6.19835e-05	4.13223e-05	0.25	0
	0.762	0.00107438	0.000516529	0.795181	0	4.13223e-05	8.26446e-05	0.25	0
	0.763	0.00109504	0.000413223	0.795181	0	0.000123967	0.000103306	0.25	0
	0.764	0.00113636	0.000454545	0.789157	0	4.13223e-05	6.19835e-05	0.25	0
	0.765	0.0010124	0.000661157	0.787879	0	0.000206612	2.06612e-05	0.25	0
	0.766	0.000971074	0.000681818	0.787879	0	0.000103306	4.13223e-05	0.25	0
	0.767	0.000971074	0.000578512	0.786585	0	4.13223e-05	0	0.25	0
	0.768	0.00107438	0.000475207	0.786585	0	0.000123967	4.13223e-05	0.25	0
	0.769	0.00088843	0.000599174	0.785276	0	4.13223e-05	6.19835e-05	0.25	0
	0.77	0.00126033	0.000289256	0.779141	0	0.000103306	2.06612e-05	0.25	0
	0.771	0.00152893	0.000413223	0.766871	0	4.13223e-05	8.26446e-05	0.25	0
	0.772	0.00121901	0.00053719	0.766871	0	8.26446e-05	6.19835e-05	0.333333	0
	0.773	0.00121901	0.000743802	0.766871	0	0.000123967	4.13223e-05	0.333333	0
	0.774	0.00109504	0.00053719	0.760736	0	8.26446e-05	6.19835e-05	0.333333	0
	0.775	0.00103306	0.000495868	0.765432	0	6.19835e-05	6.19835e-05	0.333333	0
	0.776	0.00128099	0.000454545	0.770186	0	6.19835e-05	4.13223e-05	0.333333	0
	0.777	0.00115702	0.000557851	0.763975	0	6.19835e-05	8.26446e-05	0.333333	0
	0.778	0.0010124	0.000702479	0.757764	0	6.19835e-05	4.13223e-05	0.5	0
	0.779	0.0010124	0.000392562	0.75625	0	0.000103306	4.13223e-05	0.5	0
	0.78	0.00113636	0.000516529	0.75625	0	4.13223e-05	0.000123967	0.5	0
	0.781	0.00107438	0.000433884	0.75625	0	2.06612e-05	0	0.5	0
	0.782	0.00136364	0.00053719	0.75	0	2.06612e-05	0.000103306	0.5	0
	0.783	0.0014876	0.00072314	0.742138	0	0	2.06612e-05	0.5	0
	0.784	0.00134298	0.000557851	0.742138	0	2.06612e-05	0.000103306	0.5	0
	0.785	0.00109504	0.000495868	0.72327	0	2.06612e-05	0	0.5	0
	0.786	0.00121901	0.000330579	0.72327	0	4.13223e-05	0	0.5	0
	0.787	0.000991736	0.000495868	0.72327	0	4.13223e-05	2.06612e-05	0.5	0
	0.788	0.00128099	0.000516529	0.716981	0	6.19835e-05	2.06612e-05	0.5	0
	0.789	0.00134298	0.000516529	0.716981	0	4.13223e-05	4.13223e-05	0.5	0
	0.79	0.0014876	0.000454545	0.716981	0	2.06612e-05	2.06612e-05	0.5	0
	0.791	0.00154959	0.000516529	0.710692	0	4.13223e-05	6.19835e-05	0.5	0
	0.792	0.00121901	0.000392562	0.719745	0	0	4.13223e-05	0.5	0
	0.793	0.00152893	0.000557851	0.719745	0	4.13223e-05	8.26446e-05	0.5	0
	0.794	0.00152893	0.000475207	0.729032	0	2.06612e-05	2.06612e-05	0	0
	0.795	0.00144628	0.000516529	0.722581	0	0	6.19835e-05	0	0
	0.796	0.00113636	0.000289256	0.727273	0	4.13223e-05	8.26446e-05	0	0
	0.797	0.0013843	0.000557851	0.736842	0	0	8.26446e-05	0	0
	0.798	0.00119835	0.000495868	0.741722	0	0	6.19835e-05	0	0
	0.799	0.00167355	0.000516529	0.756757	0	2.06612e-05	2.06612e-05	0	0
	0.8	0.00177686	0.000392562	0.756757	0	0	2.06612e-05	0	0
	0.801	0.0013843	0.000599174	0.743243	0	0	0.000103306	0	0
	0.802	0.00167355	0.00035124	0.743243	0	0	4.13223e-05	0	0
	0.803	0.00150826	0.000743802	0.748299	0	4.13223e-05	0.000103306	0	0
	0.804	0.00173554	0.000413223	0.748299	0	2.06612e-05	2.06612e-05	0	0
	0.805	0.0013843	0.000454545	0.739726	0	0	0	0	0
	0.806	0.00119835	0.000413223	0.732877	0	0	0	0	0
	0.807	0.00140496	0.000371901	0.737931	0	2.06612e-05	4.13223e-05	0	0
	0.808	0.00128099	0.00053719	0.736111	0	2.06612e-05	6.19835e-05	0	0
	0.809	0.0011157	0.000475207	0.722222	0	0	8.26446e-05	0	0
	0.81	0.0017562	0.000475207	0.72028	0	2.06612e-05	2.06612e-05	0	0
	0.811	0.00121901	0.000392562	0.713287	0	0	8.26446e-05	0	0
	0.812	0.00128099	0.000619835	0.713287	0	2.06612e-05	0.000103306	0	0
	0.813	0.00109504	0.000413223	0.713287	0	0	0	0	0
	0.814	0.00119835	0.000578512	0.713287	0	4.13223e-05	6.19835e-05	0	0
	0.815	0.00140496	0.000557851	0.713287	0	0	2.06612e-05	0	0
	0.816	0.00142562	0.000640496	0.723404	0	8.26446e-05	6.19835e-05	0	0
	0.817	0.00126033	0.00072314	0.716312	0	2.06612e-05	4.13223e-05	0	0
	0.818	0.00130165	0.000495868	0.714286	0	6.19835e-05	0	0	0
	0.819	0.00134298	0.000619835	0.71223	0	2.06612e-05	2.06612e-05	0	0
	0.82	0.00109504	0.000661157	0.71223	0	0	4.13223e-05	0	0
	0.821	0.00154959	0.000578512	0.705036	0	2.06612e-05	4.13223e-05	0	0
	0.822	0.0011157	0.000640496	0.705036	0	4.13223e-05	2.06612e-05	0	0
	0.823	0.00130165	0.00053719	0.702899	0	2.06612e-05	2.06612e-05	0	0
	0.824	0.0010124	0.000475207	0.70073	0	4.13223e-05	4.13223e-05	0	0
	0.825	0.0014876	0.000557851	0.70073	0	8.26446e-05	2.06612e-05	0	0
	0.826	0.000991736	0.00035124	0.693431	0	0	2.06612e-05	0	0
	0.827	0.00154959	0.000578512	0.703704	0	4.13223e-05	2.06612e-05	0	0
	0.828	0.00144628	0.000557851	0.708955	0	4.13223e-05	4.13223e-05	0	0
	0.829	0.00146694	0.000516529	0.699248	0	8.26446e-05	6.19835e-05	0	0
	0.83	0.00132231	0.000413223	0.70229	0	0.000123967	6.19835e-05	0	0
	0.831	0.00128099	0.000516529	0.7	0	0.000103306	2.06612e-05	0	0
	0.832	0.00115702	0.00053719	0.708661	0	2.06612e-05	0	0	0
	0.833	0.0014876	0.000495868	0.708661	0	4.13223e-05	2.06612e-05	0	0
	0.834	0.00121901	0.000289256	0.714286	0	0.000123967	2.06612e-05	0	0
	0.835	0.00103306	0.000599174	0.72	0	0.000103306	2.06612e-05	0	0
	0.836	0.00117769	0.000495868	0.72	0	0.000123967	4.13223e-05	0	0
	0.837	0.00154959	0.000495868	0.737705	0	4.13223e-05	2.06612e-05	0	0
	0.838	0.00121901	0.000392562	0.737705	0	0.000103306	2.06612e-05	0	0
	0.839	0.00142562	0.000557851	0.737705	0	2.06612e-05	2.06612e-05	0	0
	0.84	0.00126033	0.000371901	0.743802	0	6.19835e-05	6.19835e-05	0	0
	0.841	0.00117769	0.00035124	0.743802	0	0	0	0	0
	0.842	0.000785124	0.000599174	0.75	0	4.13223e-05	2.06612e-05	0	0
	0.843	0.00157025	0.000516529	0.75	0	8.26446e-05	2.06612e-05	0	0
	0.844	0.00136364	0.000413223	0.725	0	0	2.06612e-05	0	0
	0.845	0.00119835	0.000433884	0.722689	0	4.13223e-05	4.13223e-05	0	0
	0.846	0.00136364	0.000619835	0.722689	0	2.06612e-05	2.06612e-05	0	0
	0.847	0.00113636	0.000475207	0.722689	0	2.06612e-05	4.13223e-05	0	0
	0.848	0.00130165	0.000578512	0.722689	0	8.26446e-05	2.06612e-05	0	0
	0.849	0.00134298	0.000433884	0.714286	0	4.13223e-05	0	0	0
	0.85	0.00117769	0.000661157	0.705882	0	0	2.06612e-05	0	0
	0.851	0.00113636	0.000495868	0.705882	0	0	4.13223e-05	0	0
	0.852	0.0011157	0.000599174	0.717949	0	6.19835e-05	0	0	0
	0.853	0.00136364	0.000557851	0.717949	0	0	2.06612e-05	0	0
	0.854	0.00119835	0.00053719	0.730435	0	0	0	0	0
	0.855	0.00132231	0.000433884	0.730435	0	0	8.26446e-05	0	0
	0.856	0.000826446	0.000289256	0.734513	0	0	8.26446e-05	0	0
	0.857	0.000909091	0.00053719	0.741071	0	2.06612e-05	4.13223e-05	0	0
	0.858	0.00107438	0.000495868	0.732143	0	0	2.06612e-05	0	0
	0.859	0.000950413	0.000392562	0.745455	0	0	0	0	0
	0.86	0.000826446	0.000454545	0.752294	0	2.06612e-05	4.13223e-05	0	0
	0.861	0.00072314	0.000578512	0.752294	0	0	2.06612e-05	0	0
	0.862	0.000847107	0.000495868	0.759259	0	2.06612e-05	2.06612e-05	0	0
	0.863	0.000805785	0.000640496	0.759259	0	0	2.06612e-05	0	0
	0.864	0.000909091	0.000454545	0.773585	0	0	0	0	0
	0.865	0.000743802	0.000309917	0.754717	0	0	0	0	0
	0.866	0.000909091	0.000475207	0.752381	0	0	2.06612e-05	0	0
	0.867	0.000929752	0.000330579	0.759615	0	0	0	0	0
	0.868	0.000764463	0.000557851	0.77451	0	0	0	0	0
	0.869	0.000495868	0.000433884	0.764706	0	0	4.13223e-05	0	0
	0.87	0.000681818	0.000309917	0.764706	0	0	2.06612e-05	0	0
	0.871	0.000785124	0.000413223	0.764706	0	0	0	0	0
	0.872	0.000557851	0.000392562	0.752475	0	0	0	0	0
	0.873	0.000764463	0.000454545	0.76	0	0	2.06612e-05	0	0
	0.874	0.000681818	0.000392562	0.767677	0	0	0	0	0
	0.875	0.000764463	0.000433884	0.737374	0	0	2.06612e-05	0	0
	0.876	0.000971074	0.000516529	0.734694	0	0	6.19835e-05	0	0
	0.877	0.000867769	0.000309917	0.72449	0	0	2.06612e-05	0	0
	0.878	0.000826446	0.000392562	0.739583	0	0	4.13223e-05	0	0
	0.879	0.00105372	0.000371901	0.739583	0	0	2.06612e-05	0	0
	0.88	0.000826446	0.000454545	0.705263	0	0	4.13223e-05	0	0
	0.881	0.00103306	0.000454545	0.694737	0	0	0	0	0
	0.882	0.000785124	0.000268595	0.694737	0	0	0	0	0
	0.883	0.00109504	0.000454545	0.694737	0	0	2.06612e-05	0	0
	0.884	0.000909091	0.00053719	0.673684	0	0	4.13223e-05	0	0
	0.885	0.000909091	0.000309917	0.673684	0	0	0	0	0
	0.886	0.000971074	0.000371901	0.677419	0	0	0	0	0
	0.887	0.00115702	0.00035124	0.673913	0	0	6.19835e-05	0	0
	0.888	0.00126033	0.000289256	0.673913	0	0	0	0	0
	0.889	0.00115702	0.000413223	0.681319	0	0	2.06612e-05	0	0
	0.89	0.00144628	0.00035124	0.677778	0	0	2.06612e-05	0	0
	0.891	0.00130165	0.000289256	0.677778	0	0	0	0	0
	0.892	0.0013843	0.000454545	0.677778	0	0	0	0	0
	0.893	0.00130165	0.000495868	0.681818	0	0	2.06612e-05	0	0
	0.894	0.00136364	0.000557851	0.681818	0	0	2.06612e-05	0	0
	0.895	0.00161157	0.000619835	0.681818	0	0	0	0	0
	0.896	0.00159091	0.000268595	0.681818	0	0	2.06612e-05	0	0
	0.897	0.00154959	0.00035124	0.689655	0	0	0	0	0
	0.898	0.00146694	0.000165289	0.689655	0	0	2.06612e-05	0	0
	0.899	0.00181818	0.000413223	0.678161	0	0	0	0	0
	0.9	0.00146694	0.000413223	0.666667	0	0	0	0	0
	0.901	0.00154959	0.000309917	0.662791	0	0	0	0	0
	0.902	0.00157025	0.000330579	0.639535	0	0	0	0	0
	0.903	0.00134298	0.000371901	0.642857	0	0	0	0	0
	0.904	0.00152893	0.000495868	0.642857	0	0	0	0	0
	0.905	0.00171488	0.000268595	0.630952	0	0	0	0	0
	0.906	0.00163223	0.000268595	0.619048	0	0	0	0	0
	0.907	0.0013843	0.000330579	0.595238	0	0	2.06612e-05	0	0
	0.908	0.00136364	0.000206612	0.595238	0	0	0	0	0
	0.909	0.00190083	0.000289256	0.60241	0	0	2.06612e-05	0	0
	0.91	0.00167355	0.000330579	0.609756	0	0	2.06612e-05	0	0
	0.911	0.00150826	0.000371901	0.573171	0	0	2.06612e-05	0	0
	0.912	0.00140496	0.000371901	0.573171	0	0	2.06612e-05	0	0
	0.913	0.0014876	0.000433884	0.580247	0	0	2.06612e-05	0	0
	0.914	0.00167355	0.000392562	0.580247	0	0	0	0	0
	0.915	0.00177686	0.000268595	0.594937	0	0	0	0	0
	0.916	0.00134298	0.000516529	0.556962	0	0	2.06612e-05	0	0
	0.917	0.0013843	0.000330579	0.556962	0	0	2.06612e-05	0	0
	0.918	0.00132231	0.000247934	0.551282	0	0	2.06612e-05	0	0
	0.919	0.00126033	0.000413223	0.558442	0	0	2.06612e-05	0	0
	0.92	0.00163223	0.000289256	0.552632	0	0	0	0	0
	0.921	0.00132231	0.000268595	0.52	0	0	0	0	0
	0.922	0.00154959	0.000392562	0.520548	0	0	2.06612e-05	0	0
	0.923	0.00173554	0.000599174	0.542857	0	0	0	0	0
	0.924	0.00165289	0.000268595	0.550725	0	0	2.06612e-05	0	0
	0.925	0.00136364	0.000392562	0.521739	0	0	0	0	0
	0.926	0.00165289	0.000289256	0.537313	0	0	0	0	0
	0.927	0.00200413	0.000227273	0.537313	0	0	0	0	0
	0.928	0.00167355	0.000371901	0.538462	0	0	0	0	0
	0.929	0.00117769	0.000330579	0.523077	0	0	0	0	0
	0.93	0.00161157	0.000330579	0.53125	0	0	0	0	0
	0.931	0.00219008	0.000289256	0.53125	0	0	2.06612e-05	0	0
	0.932	0.00206612	0.000227273	0.53125	0	0	0	0	0
	0.933	0.00206612	0.000309917	0.548387	0	0	0	0	0
	0.934	0.00179752	0.00035124	0.5	0	0	0	0	0
	0.935	0.00159091	0.000330579	0.483871	0	0	0	0	0
	0.936	0.00202479	0.00035124	0.483871	0	0	0	0	0
	0.937	0.00210744	0.000227273	0.442623	0	0	0	0	0
	0.938	0.00167355	0.000206612	0.42623	0	0	0	0	0
	0.939	0.00163223	0.000309917	0.433333	0	0	0	0	0
	0.94	0.00154959	0.000247934	0.433333	0	0	2.06612e-05	0	0
	0.941	0.00171488	0.000371901	0.440678	0	0	0	0	0
	0.942	0.0018595	0.000247934	0.454545	0	0	0	0	0
	0.943	0.00144628	0.000103306	0.436364	0	0	0	0	0
	0.944	0.00173554	0.00035124	0.418182	0	0	0	0	0
	0.945	0.00181818	0.000206612	0.418182	0	0	0	0	0
	0.946	0.00179752	0.000144628	0.425926	0	0	0	0	0
	0.947	0.00190083	0.00018595	0.442308	0	0	2.06612e-05	0	0
	0.948	0.00157025	0.000247934	0.423077	0	0	0	0	0
	0.949	0.00163223	0.000206612	0.431373	0	0	2.06612e-05	0	0
	0.95	0.00202479	0.000206612	0.458333	0	0	0	0	0
	0.951	0.0018595	0.000227273	0.446809	0	0	0	0	0
	0.952	0.00192149	0.00018595	0.456522	0	0	0	0	0
	0.953	0.00169421	0.000144628	0.466667	0	0	0	0	0
	0.954	0.00173554	0.000123967	0.477273	0	0	0	0	0
	0.955	0.00194215	0.000144628	0.477273	0	0	2.06612e-05	0	0
	0.956	0.00157025	0.000165289	0.431818	0	0	4.13223e-05	0	0
	0.957	0.0014876	0.000123967	0.452381	0	0	0	0	0
	0.958	0.00128099	0.000165289	0.45	0	0	0	0	0
	0.959	0.0013843	0.000247934	0.435897	0	0	2.06612e-05	0	0
	0.96	0.00140496	4.13223e-05	0.410256	0	0	0	0	0
	0.961	0.00119835	0.000165289	0.384615	0	0	0	0	0
	0.962	0.00105372	0.000247934	0.378378	0	0	0	0	0
	0.963	0.00088843	0.000144628	0.4	0	0	0	0	0
	0.964	0.00109504	0.000165289	0.411765	0	0	0	0	0
	0.965	0.000991736	8.26446e-05	0.4375	0	0	0	0	0
	0.966	0.0013843	4.13223e-05	0.40625	0	0	0	0	0
	0.967	0.00105372	0.000144628	0.40625	0	0	0	0	0
	0.968	0.0011157	6.19835e-05	0.387097	0	0	0	0	0
	0.969	0.00142562	8.26446e-05	0.428571	0	0	0	0	0
	0.97	0.0013843	0.000247934	0.392857	0	0	0	0	0
	0.971	0.00115702	0.000103306	0.37037	0	0	0	0	0
	0.972	0.00119835	0.000103306	0.346154	0	0	0	0	0
	0.973	0.00119835	0.000123967	0.32	0	0	0	0	0
	0.974	0.00167355	8.26446e-05	0.28	0	0	0	0	0
	0.975	0.00130165	6.19835e-05	0.28	0	0	0	0	0
	0.976	0.00159091	4.13223e-05	0.28	0	0	0	0	0
	0.977	0.00163223	6.19835e-05	0.24	0	0	0	0	0
	0.978	0.00188017	8.26446e-05	0.208333	0	0	0	0	0
	0.979	0.00196281	8.26446e-05	0.15	0	0	0	0	0
	0.98	0.00140496	6.19835e-05	0.157895	0	0	0	0	0
	0.981	0.00161157	2.06612e-05	0.105263	0	0	0	0	0
	0.982	0.00194215	6.19835e-05	0.105263	0	0	0	0	0
	0.983	0.00210744	4.13223e-05	0.111111	0	0	0	0	0
	0.984	0.0018595	6.19835e-05	0.111111	0	0	0	0	0
	0.985	0.00157025	8.26446e-05	0.0555556	0	0	0	0	0
	0.986	0.00183884	6.19835e-05	0.0625	0	0	0	0	0
	0.987	0.00144628	4.13223e-05	0.0714286	0	0	0	0	0
	0.988	0.00196281	6.19835e-05	0.0769231	0	0	0	0	0
	0.989	0.00142562	0.000103306	0.0909091	0	0	0	0	0
	0.99	0.00157025	4.13223e-05	0.1	0	0	0	0	0
	0.991	0.0011157	6.19835e-05	0.1	0	0	0	0	0
	0.992	0.000847107	6.19835e-05	0.111111	0	0	0	0	0
	0.993	0.000371901	2.06612e-05	0.125	0	0	0	0	0
	0.994	0.000392562	4.13223e-05	0.125	0	0	0	0	0
	0.995	0.000309917	4.13223e-05	0	0	0	0	0	0
	0.996	0.000371901	4.13223e-05	0	0	0	0	0	0
	0.997	0.000413223	6.19835e-05	0	0	0	0	0	0
	0.998	0.000661157	4.13223e-05	0	0	0	0	0	0
	0.999	0.000516529	0	0	0	0	0	0	0
	1	0.000144628	2.06612e-05	0	0	0	0	0	0


#	yrange	sparsity	# links	zeta	support at cross	fraction FP	support at cross2	fraction FP2
	0	0	0	0.0862191	0.727	0.305361	0.727	0.305361
	0.0035	0	0	0.0862191	0.727	0.305361	0.727	0.305361
