#	Frequencies and overlap
#	bins	MYC	shuffle	overlap_MYC	overlap_shuffle	SIGN_MYC	SIGNshuffle	SIGNoverlap_MYC	SIGNoverlap_shuffle
	0	0	6.19835e-05	1	1	0.447149	0.432665	0.541176	0
	0.001	2.06612e-05	8.26446e-05	1	0.993802	2.06612e-05	4.13223e-05	0.541176	0
	0.002	0.000103306	0.000144628	0.997934	0.985537	0.000144628	0.000165289	0.541176	0
	0.003	0.000247934	0.000227273	0.995868	0.975207	0.000330579	0.000227273	0.541176	0
	0.004	0.000433884	0.000289256	0.995868	0.956612	0.000330579	0.00035124	0.541176	0
	0.005	0.000475207	0.000392562	0.995868	0.93595	0.00053719	0.000557851	0.541176	0
	0.006	0.000475207	0.000516529	0.993802	0.915289	0.000599174	0.00053719	0.541176	0
	0.007	0.000599174	0.000516529	0.993802	0.88843	0.000330579	0.00053719	0.541176	0
	0.008	0.00053719	0.000681818	0.993802	0.86157	0.000495868	0.000681818	0.541176	0
	0.009	0.00088843	0.00053719	0.989669	0.842975	0.000495868	0.000495868	0.541176	0
	0.01	0.00072314	0.000475207	0.989669	0.807851	0.000619835	0.00072314	0.542773	0
	0.011	0.000619835	0.000743802	0.987603	0.789256	0.000826446	0.000495868	0.544379	0
	0.012	0.000516529	0.00088843	0.987603	0.766529	0.00105372	0.000681818	0.544379	0
	0.013	0.000681818	0.000764463	0.983471	0.745868	0.000847107	0.000681818	0.545994	0
	0.014	0.000619835	0.000619835	0.979339	0.733471	0.00105372	0.000929752	0.545994	0
	0.015	0.000681818	0.000681818	0.981366	0.71281	0.00123967	0.000929752	0.545994	0
	0.016	0.000867769	0.000929752	0.979253	0.696281	0.000971074	0.000681818	0.547619	0
	0.017	0.000909091	0.000764463	0.979253	0.673554	0.00123967	0.000578512	0.547619	0
	0.018	0.00107438	0.000640496	0.977178	0.657025	0.000950413	0.000702479	0.547619	0
	0.019	0.00132231	0.000950413	0.975104	0.644628	0.0014876	0.000971074	0.549254	0
	0.02	0.00103306	0.000764463	0.970954	0.623967	0.00123967	0.000826446	0.549254	0
	0.021	0.00119835	0.000702479	0.96888	0.607438	0.00113636	0.000909091	0.555891	0
	0.022	0.0013843	0.000847107	0.966805	0.595041	0.0011157	0.000991736	0.557576	0
	0.023	0.00161157	0.0011157	0.96473	0.580579	0.000991736	0.000950413	0.557576	0
	0.024	0.000909091	0.000805785	0.962656	0.566116	0.00107438	0.00109504	0.557576	0
	0.025	0.00121901	0.000909091	0.960581	0.549587	0.000826446	0.00107438	0.560976	0
	0.026	0.0014876	0.00109504	0.960499	0.528926	0.000785124	0.000971074	0.560976	0
	0.027	0.00146694	0.000971074	0.960499	0.514463	0.000557851	0.00105372	0.564417	0
	0.028	0.00173554	0.00115702	0.9625	0.491736	0.000578512	0.00130165	0.566154	0
	0.029	0.00150826	0.00088843	0.960417	0.469008	0.000681818	0.000950413	0.569659	0
	0.03	0.00190083	0.000867769	0.962422	0.466942	0.000929752	0.0014876	0.569659	0
	0.031	0.00142562	0.000929752	0.962422	0.450413	0.00088843	0.00117769	0.571429	0
	0.032	0.00154959	0.000867769	0.962422	0.43595	0.000826446	0.00130165	0.573209	0
	0.033	0.00154959	0.000991736	0.962422	0.42562	0.00088843	0.000826446	0.575	0
	0.034	0.00157025	0.00107438	0.962422	0.413223	0.000785124	0.00109504	0.576803	0
	0.035	0.00165289	0.00105372	0.962422	0.39876	0.000867769	0.000971074	0.576803	0
	0.036	0.00140496	0.00121901	0.966457	0.384298	0.000971074	0.00134298	0.580442	0
	0.037	0.00134298	0.0011157	0.966387	0.373967	0.000599174	0.00107438	0.582278	0
	0.038	0.000867769	0.00117769	0.968421	0.367769	0.000640496	0.00121901	0.582278	0
	0.039	0.00126033	0.00109504	0.970464	0.347107	0.000681818	0.00113636	0.582278	0
	0.04	0.00128099	0.00115702	0.970464	0.338843	0.000702479	0.00107438	0.579114	0
	0.041	0.0011157	0.00119835	0.968354	0.326446	0.000661157	0.0013843	0.579114	0
	0.042	0.000950413	0.0014876	0.968354	0.309917	0.000929752	0.00119835	0.579114	0
	0.043	0.00088843	0.00109504	0.966245	0.293388	0.00088843	0.0011157	0.580952	0
	0.044	0.000847107	0.00128099	0.966173	0.28719	0.000847107	0.00144628	0.582803	0
	0.045	0.000661157	0.00130165	0.968153	0.274793	0.000971074	0.00140496	0.584665	0
	0.046	0.000681818	0.0014876	0.968153	0.272727	0.000909091	0.00119835	0.584665	0
	0.047	0.000599174	0.00117769	0.970213	0.258264	0.000805785	0.00128099	0.584665	0
	0.048	0.000702479	0.00130165	0.970149	0.254132	0.00115702	0.00140496	0.586538	0
	0.049	0.000661157	0.0011157	0.968017	0.235537	0.000785124	0.00128099	0.588424	0
	0.05	0.000702479	0.00140496	0.970085	0.219008	0.000867769	0.00159091	0.590323	0
	0.051	0.000805785	0.00115702	0.96788	0.204545	0.00136364	0.00134298	0.590323	0
	0.052	0.000495868	0.0013843	0.96788	0.202479	0.00130165	0.00130165	0.587097	0
	0.053	0.000661157	0.00136364	0.969957	0.192149	0.000785124	0.00140496	0.587097	0
	0.054	0.000764463	0.00115702	0.972043	0.188017	0.00132231	0.00130165	0.583871	0
	0.055	0.000661157	0.00144628	0.974138	0.183884	0.00107438	0.00130165	0.577419	0
	0.056	0.000640496	0.00128099	0.974138	0.173554	0.000991736	0.00140496	0.579288	0
	0.057	0.000640496	0.00115702	0.974138	0.171488	0.00140496	0.00188017	0.581169	0
	0.058	0.000475207	0.0014876	0.974082	0.165289	0.00107438	0.00126033	0.581169	0
	0.059	0.000640496	0.00154959	0.97619	0.161157	0.000929752	0.0017562	0.581169	0
	0.06	0.00072314	0.00130165	0.97619	0.159091	0.00109504	0.00140496	0.581169	0
	0.061	0.00088843	0.00150826	0.974026	0.152893	0.000929752	0.00154959	0.577922	0
	0.062	0.00088843	0.0013843	0.974026	0.142562	0.00128099	0.0014876	0.579805	0
	0.063	0.000847107	0.00140496	0.974026	0.140496	0.00134298	0.00123967	0.581699	0
	0.064	0.000950413	0.0013843	0.971861	0.132231	0.00115702	0.00130165	0.578431	0
	0.065	0.000578512	0.00128099	0.9718	0.128099	0.00121901	0.00165289	0.578431	0
	0.066	0.000867769	0.0017562	0.9718	0.117769	0.00107438	0.00152893	0.578431	0
	0.067	0.00053719	0.00109504	0.9718	0.109504	0.00113636	0.00161157	0.578431	0
	0.068	0.000785124	0.00109504	0.9718	0.107438	0.000971074	0.00169421	0.580328	0
	0.069	0.000785124	0.00163223	0.971739	0.107438	0.00115702	0.0014876	0.584158	0
	0.07	0.000826446	0.00163223	0.969565	0.0971074	0.00132231	0.0013843	0.58804	0
	0.071	0.00072314	0.00132231	0.967391	0.0971074	0.00121901	0.00146694	0.59	0
	0.072	0.000599174	0.00126033	0.967391	0.0929752	0.00126033	0.00154959	0.591973	0
	0.073	0.00088843	0.00177686	0.965217	0.088843	0.00128099	0.00134298	0.591973	0
	0.074	0.000950413	0.00157025	0.962963	0.0867769	0.00121901	0.00159091	0.591973	0
	0.075	0.00072314	0.00126033	0.962963	0.0847107	0.00115702	0.00173554	0.588629	0
	0.076	0.00103306	0.00163223	0.960784	0.0805785	0.00115702	0.00140496	0.589226	0
	0.077	0.000764463	0.00171488	0.956427	0.0785124	0.00140496	0.00132231	0.589226	0
	0.078	0.000847107	0.00121901	0.954248	0.0785124	0.00105372	0.00144628	0.589831	0
	0.079	0.000847107	0.00159091	0.954248	0.0764463	0.00109504	0.00150826	0.591837	0
	0.08	0.00115702	0.00161157	0.956332	0.0743802	0.00088843	0.00161157	0.593857	0
	0.081	0.000991736	0.00198347	0.954148	0.072314	0.000991736	0.00165289	0.602076	0
	0.082	0.000743802	0.0017562	0.949782	0.0681818	0.000847107	0.00144628	0.604167	0
	0.083	0.000805785	0.00165289	0.95186	0.0661157	0.000929752	0.00167355	0.604167	0
	0.084	0.00119835	0.00157025	0.95186	0.0619835	0.000785124	0.00194215	0.604167	0
	0.085	0.00128099	0.00161157	0.953846	0.0578512	0.00072314	0.00190083	0.604167	0
	0.086	0.00109504	0.00159091	0.951648	0.0578512	0.00119835	0.00173554	0.604167	0
	0.087	0.000929752	0.00165289	0.951648	0.0578512	0.000950413	0.00173554	0.604167	0
	0.088	0.00128099	0.00183884	0.951648	0.053719	0.000867769	0.00154959	0.604167	0
	0.089	0.00117769	0.00159091	0.949451	0.0495868	0.000950413	0.00140496	0.608392	0
	0.09	0.00113636	0.00154959	0.951542	0.0495868	0.000929752	0.0013843	0.612676	0
	0.091	0.00142562	0.00192149	0.951542	0.0475207	0.000909091	0.00146694	0.612676	0
	0.092	0.00134298	0.00154959	0.953642	0.0475207	0.000805785	0.00144628	0.611307	0
	0.093	0.00109504	0.00188017	0.951435	0.0475207	0.00072314	0.00144628	0.613475	0
	0.094	0.00117769	0.00163223	0.951435	0.0475207	0.000950413	0.00126033	0.617857	0
	0.095	0.00150826	0.00167355	0.94702	0.0475207	0.00103306	0.00173554	0.620072	0
	0.096	0.000991736	0.00183884	0.94702	0.0475207	0.000950413	0.00173554	0.622302	0
	0.097	0.00119835	0.00169421	0.946903	0.0475207	0.000909091	0.00146694	0.617329	0
	0.098	0.00123967	0.00157025	0.94469	0.0454545	0.00103306	0.00152893	0.617329	0
	0.099	0.00115702	0.00181818	0.940265	0.0454545	0.000867769	0.00140496	0.615942	0
	0.1	0.00119835	0.00159091	0.940265	0.0454545	0.0011157	0.00109504	0.612319	0
	0.101	0.00113636	0.00169421	0.94235	0.0413223	0.000578512	0.00154959	0.614545	0
	0.102	0.00146694	0.00146694	0.94235	0.0413223	0.000743802	0.00161157	0.616788	0
	0.103	0.00132231	0.00171488	0.94235	0.0413223	0.000743802	0.00119835	0.619048	0
	0.104	0.00105372	0.00165289	0.937916	0.0413223	0.000867769	0.0011157	0.619048	0
	0.105	0.00103306	0.00181818	0.937778	0.0413223	0.000516529	0.00113636	0.621324	0
	0.106	0.000867769	0.00192149	0.935556	0.0413223	0.000764463	0.00146694	0.621324	0
	0.107	0.00117769	0.00177686	0.935556	0.0413223	0.000743802	0.0014876	0.621324	0
	0.108	0.000867769	0.00192149	0.935556	0.0413223	0.000929752	0.00126033	0.623616	0
	0.109	0.0013843	0.00194215	0.931111	0.0413223	0.000640496	0.00179752	0.619926	0
	0.11	0.0011157	0.00167355	0.928889	0.0413223	0.000681818	0.00161157	0.619926	0
	0.111	0.000950413	0.00177686	0.930958	0.0413223	0.00053719	0.0013843	0.619926	0
	0.112	0.00117769	0.00142562	0.933036	0.0392562	0.000971074	0.00150826	0.622222	0
	0.113	0.000805785	0.0018595	0.935123	0.0392562	0.000847107	0.00126033	0.624535	0
	0.114	0.000950413	0.00177686	0.935123	0.0392562	0.000805785	0.00165289	0.624535	0
	0.115	0.00105372	0.00173554	0.932886	0.0392562	0.000661157	0.00123967	0.624535	0
	0.116	0.0010124	0.0018595	0.934831	0.0371901	0.00072314	0.00117769	0.624535	0
	0.117	0.00103306	0.00142562	0.936937	0.0371901	0.00088843	0.00150826	0.624535	0
	0.118	0.00088843	0.00192149	0.938914	0.0371901	0.000640496	0.0014876	0.626866	0
	0.119	0.0011157	0.0017562	0.936652	0.0371901	0.000557851	0.00130165	0.629213	0
	0.12	0.0011157	0.00177686	0.936652	0.0371901	0.000702479	0.00134298	0.629213	0
	0.121	0.000950413	0.00173554	0.93424	0.035124	0.000681818	0.00154959	0.633962	0
	0.122	0.000909091	0.00196281	0.93424	0.035124	0.000681818	0.00142562	0.633962	0
	0.123	0.000950413	0.00179752	0.93424	0.035124	0.000743802	0.00157025	0.636364	0
	0.124	0.00103306	0.00144628	0.931973	0.035124	0.00072314	0.00134298	0.636364	0
	0.125	0.000847107	0.00144628	0.929705	0.035124	0.000764463	0.0014876	0.641221	0
	0.126	0.000847107	0.00192149	0.931818	0.035124	0.000681818	0.0013843	0.641221	0
	0.127	0.00103306	0.0018595	0.933941	0.035124	0.000702479	0.00140496	0.643678	0
	0.128	0.00107438	0.00159091	0.940367	0.035124	0.000826446	0.00128099	0.646154	0
	0.129	0.0011157	0.0014876	0.942529	0.035124	0.000681818	0.0013843	0.647287	0
	0.13	0.000805785	0.00157025	0.942396	0.0330579	0.000599174	0.00173554	0.649805	0
	0.131	0.00126033	0.0018595	0.940092	0.0309917	0.000557851	0.00154959	0.645914	0
	0.132	0.00109504	0.00179752	0.937788	0.0309917	0.00072314	0.00152893	0.648438	0
	0.133	0.0010124	0.00167355	0.937788	0.0289256	0.000454545	0.0014876	0.648438	0
	0.134	0.0011157	0.00165289	0.937788	0.0289256	0.000516529	0.00119835	0.648438	0
	0.135	0.00134298	0.00181818	0.937644	0.0289256	0.000495868	0.00169421	0.65098	0
	0.136	0.00115702	0.00188017	0.937644	0.0289256	0.000599174	0.00163223	0.647059	0
	0.137	0.00119835	0.00146694	0.933025	0.0289256	0.000454545	0.00171488	0.647059	0
	0.138	0.00113636	0.00194215	0.928406	0.0289256	0.000619835	0.00123967	0.649606	0
	0.139	0.0010124	0.00152893	0.932715	0.0289256	0.000413223	0.00117769	0.645669	0
	0.14	0.00107438	0.00167355	0.930394	0.0289256	0.000475207	0.00121901	0.648221	0
	0.141	0.00165289	0.00200413	0.925754	0.0289256	0.000516529	0.000950413	0.650794	0
	0.142	0.00115702	0.00190083	0.932243	0.0289256	0.000475207	0.0013843	0.650794	0
	0.143	0.000991736	0.00196281	0.932243	0.0289256	0.00035124	0.00144628	0.650794	0
	0.144	0.000847107	0.00179752	0.932243	0.0289256	0.00035124	0.00152893	0.650794	0
	0.145	0.00123967	0.0017562	0.932243	0.0268595	0.000516529	0.00130165	0.645418	0
	0.146	0.00105372	0.00157025	0.932243	0.0268595	0.000454545	0.00140496	0.650602	0
	0.147	0.00126033	0.00142562	0.932243	0.0268595	0.000516529	0.00167355	0.653226	0
	0.148	0.00126033	0.00132231	0.932243	0.0247934	0.000433884	0.00167355	0.65587	0
	0.149	0.00115702	0.00169421	0.932084	0.0247934	0.000392562	0.00154959	0.651822	0
	0.15	0.00128099	0.0017562	0.929742	0.0247934	0.000475207	0.0014876	0.651822	0
	0.151	0.00105372	0.00171488	0.9274	0.0247934	0.00053719	0.00123967	0.651822	0
	0.152	0.00140496	0.00181818	0.9274	0.0247934	0.000495868	0.00132231	0.650407	0
	0.153	0.00161157	0.00188017	0.92723	0.0247934	0.000599174	0.00109504	0.650407	0
	0.154	0.00136364	0.00165289	0.922535	0.0247934	0.000702479	0.00163223	0.653061	0
	0.155	0.00113636	0.00171488	0.922535	0.0247934	0.000578512	0.0017562	0.653061	0
	0.156	0.00109504	0.00150826	0.922535	0.0227273	0.000702479	0.00144628	0.651639	0
	0.157	0.00115702	0.00171488	0.922535	0.0227273	0.000619835	0.00130165	0.651639	0
	0.158	0.000971074	0.00157025	0.924706	0.0227273	0.000847107	0.00142562	0.654321	0
	0.159	0.00130165	0.00169421	0.926887	0.0227273	0.000785124	0.00171488	0.657025	0
	0.16	0.00117769	0.00214876	0.929078	0.0227273	0.000826446	0.00144628	0.659751	0
	0.161	0.00132231	0.00167355	0.929078	0.0227273	0.000785124	0.0011157	0.659751	0
	0.162	0.00107438	0.00132231	0.93128	0.0227273	0.00105372	0.00134298	0.655602	0
	0.163	0.00136364	0.00167355	0.93128	0.0227273	0.000950413	0.0014876	0.651452	0
	0.164	0.00103306	0.00159091	0.93128	0.0227273	0.000785124	0.00136364	0.651452	0
	0.165	0.00109504	0.00179752	0.931116	0.0227273	0.000909091	0.00152893	0.647303	0
	0.166	0.00117769	0.00140496	0.933333	0.0206612	0.00107438	0.00136364	0.647303	0
	0.167	0.0010124	0.00171488	0.930952	0.0206612	0.000847107	0.0014876	0.65	0
	0.168	0.000847107	0.00128099	0.930952	0.0206612	0.00107438	0.00132231	0.65	0
	0.169	0.00115702	0.00130165	0.930788	0.0206612	0.000929752	0.00132231	0.641667	0
	0.17	0.00088843	0.00154959	0.930788	0.018595	0.000847107	0.00126033	0.641667	0
	0.171	0.000785124	0.00150826	0.930622	0.018595	0.000991736	0.00140496	0.641667	0
	0.172	0.000847107	0.00154959	0.930622	0.018595	0.000805785	0.0017562	0.6375	0
	0.173	0.00088843	0.00150826	0.925837	0.018595	0.000847107	0.00136364	0.6375	0
	0.174	0.000805785	0.00167355	0.925837	0.018595	0.000971074	0.00142562	0.6375	0
	0.175	0.000909091	0.00165289	0.925837	0.0144628	0.000785124	0.00159091	0.640167	0
	0.176	0.000950413	0.00132231	0.925837	0.0144628	0.000661157	0.0013843	0.640167	0
	0.177	0.00088843	0.00179752	0.928058	0.0144628	0.000785124	0.00142562	0.640167	0
	0.178	0.000702479	0.00159091	0.925659	0.0144628	0.000847107	0.00126033	0.642857	0
	0.179	0.000950413	0.00146694	0.925659	0.0144628	0.00072314	0.00142562	0.642857	0
	0.18	0.000971074	0.0014876	0.925481	0.0144628	0.000764463	0.00134298	0.642857	0
	0.181	0.000950413	0.0017562	0.927711	0.0144628	0.000743802	0.00132231	0.638655	0
	0.182	0.000413223	0.00163223	0.925121	0.0123967	0.000971074	0.00115702	0.638655	0
	0.183	0.000743802	0.00136364	0.927361	0.0123967	0.000909091	0.00142562	0.638655	0
	0.184	0.0010124	0.00163223	0.929612	0.0123967	0.000847107	0.00115702	0.64135	0
	0.185	0.000826446	0.00161157	0.927184	0.0103306	0.000640496	0.0014876	0.64135	0
	0.186	0.000681818	0.00165289	0.927007	0.0103306	0.000764463	0.00136364	0.64135	0
	0.187	0.000785124	0.00150826	0.929268	0.00826446	0.000805785	0.00121901	0.639831	0
	0.188	0.000929752	0.00117769	0.931373	0.00826446	0.00072314	0.00144628	0.639831	0
	0.189	0.000764463	0.00130165	0.92629	0.00826446	0.000661157	0.00130165	0.639831	0
	0.19	0.000764463	0.00132231	0.926108	0.00826446	0.000764463	0.000971074	0.642553	0
	0.191	0.00072314	0.00171488	0.926108	0.00826446	0.000681818	0.00119835	0.648069	0
	0.192	0.000661157	0.00146694	0.928395	0.00826446	0.000599174	0.00150826	0.643777	0
	0.193	0.000847107	0.00136364	0.933002	0.00826446	0.000599174	0.00144628	0.639485	0
	0.194	0.000909091	0.00179752	0.935323	0.00826446	0.000599174	0.00115702	0.639485	0
	0.195	0.00072314	0.00179752	0.935323	0.00826446	0.00072314	0.0011157	0.642241	0
	0.196	0.000867769	0.0018595	0.932836	0.00826446	0.000702479	0.00163223	0.642241	0
	0.197	0.000909091	0.00188017	0.930348	0.00826446	0.000640496	0.00142562	0.647826	0
	0.198	0.000929752	0.0013843	0.927861	0.00826446	0.000454545	0.00123967	0.647826	0
	0.199	0.00072314	0.00146694	0.927861	0.00619835	0.00072314	0.00134298	0.649123	0
	0.2	0.00103306	0.00144628	0.927861	0.00413223	0.000867769	0.00117769	0.651982	0
	0.201	0.00113636	0.00157025	0.9325	0.00413223	0.000475207	0.0014876	0.654867	0
	0.202	0.00103306	0.00177686	0.93	0.00206612	0.000619835	0.00115702	0.654867	0
	0.203	0.000826446	0.00163223	0.9275	0.00206612	0.000640496	0.00144628	0.654867	0
	0.204	0.000867769	0.0014876	0.929825	0.00206612	0.000764463	0.00119835	0.654867	0
	0.205	0.00088843	0.00159091	0.929825	0.00206612	0.000557851	0.00167355	0.650442	0
	0.206	0.000971074	0.00163223	0.927318	0.00206612	0.00035124	0.00105372	0.650442	0
	0.207	0.00119835	0.00194215	0.927318	0.00206612	0.000619835	0.00109504	0.650442	0
	0.208	0.00109504	0.00181818	0.924812	0.00206612	0.000661157	0.00128099	0.650442	0
	0.209	0.00072314	0.00196281	0.924812	0.00206612	0.000661157	0.00142562	0.647321	0
	0.21	0.00117769	0.00163223	0.922306	0.00206612	0.000454545	0.00132231	0.647321	0
	0.211	0.000971074	0.00159091	0.917085	0.00206612	0.000433884	0.00136364	0.647321	0
	0.212	0.000929752	0.00144628	0.917085	0.00206612	0.00053719	0.00130165	0.647321	0
	0.213	0.0010124	0.00144628	0.914573	0.00206612	0.000454545	0.0014876	0.647321	0
	0.214	0.00088843	0.00132231	0.914573	0.00206612	0.000681818	0.00113636	0.642857	0
	0.215	0.00121901	0.00146694	0.914573	0.00206612	0.000557851	0.00123967	0.642857	0
	0.216	0.00107438	0.00157025	0.916877	0.00206612	0.000702479	0.0011157	0.64574	0
	0.217	0.00130165	0.00146694	0.916877	0.00206612	0.000764463	0.00136364	0.64574	0
	0.218	0.000867769	0.00154959	0.923664	0.00206612	0.000661157	0.00117769	0.641256	0
	0.219	0.000950413	0.00159091	0.923664	0.00206612	0.000661157	0.00119835	0.641256	0
	0.22	0.000971074	0.00169421	0.923664	0.00206612	0.000764463	0.00117769	0.647059	0
	0.221	0.00136364	0.00161157	0.923469	0.00206612	0.000619835	0.00123967	0.65	0
	0.222	0.00117769	0.00119835	0.923469	0.00206612	0.000826446	0.00117769	0.65	0
	0.223	0.0011157	0.00181818	0.923469	0.00206612	0.000495868	0.00123967	0.65	0
	0.224	0.000929752	0.00146694	0.920918	0.00206612	0.00072314	0.000826446	0.65	0
	0.225	0.000929752	0.00159091	0.920918	0.00206612	0.000785124	0.00103306	0.652968	0
	0.226	0.000950413	0.00163223	0.918367	0.00206612	0.000826446	0.00105372	0.652968	0
	0.227	0.000826446	0.00157025	0.918367	0.00206612	0.000826446	0.00109504	0.658986	0
	0.228	0.00119835	0.00204545	0.918367	0.00206612	0.000681818	0.000971074	0.658986	0
	0.229	0.00107438	0.00183884	0.918367	0.00206612	0.000681818	0.00107438	0.658986	0
	0.23	0.00121901	0.00126033	0.920716	0.00206612	0.000805785	0.00144628	0.658986	0
	0.231	0.00113636	0.00190083	0.920716	0.00206612	0.000578512	0.000847107	0.654378	0
	0.232	0.00130165	0.00181818	0.917949	0.00206612	0.000867769	0.00123967	0.652778	0
	0.233	0.00109504	0.0014876	0.915385	0.00206612	0.000702479	0.000867769	0.648148	0
	0.234	0.000991736	0.00128099	0.915385	0.00206612	0.000764463	0.00119835	0.654206	0
	0.235	0.000867769	0.00171488	0.915385	0.00206612	0.000764463	0.00126033	0.64486	0
	0.236	0.00113636	0.00154959	0.912821	0.00206612	0.000475207	0.00088843	0.64486	0
	0.237	0.000805785	0.00173554	0.915167	0.00206612	0.000950413	0.00123967	0.643192	0
	0.238	0.000991736	0.0017562	0.915167	0.00206612	0.000764463	0.0011157	0.643192	0
	0.239	0.00119835	0.00161157	0.912596	0.00206612	0.0010124	0.00107438	0.638498	0
	0.24	0.000950413	0.00181818	0.912371	0.00206612	0.000578512	0.00126033	0.638498	0
	0.241	0.00117769	0.00157025	0.909561	0.00206612	0.000785124	0.00121901	0.641509	0
	0.242	0.000971074	0.00163223	0.911688	0.00206612	0.000578512	0.00105372	0.64455	0
	0.243	0.000847107	0.00150826	0.914062	0.00206612	0.000640496	0.0011157	0.64455	0
	0.244	0.000826446	0.00154959	0.913838	0.00206612	0.000826446	0.000950413	0.64455	0
	0.245	0.00088843	0.0017562	0.913838	0.00206612	0.000599174	0.000950413	0.63981	0
	0.246	0.000743802	0.00202479	0.911227	0.00206612	0.000929752	0.00113636	0.635071	0
	0.247	0.000867769	0.00169421	0.911227	0.00206612	0.000826446	0.0011157	0.630332	0
	0.248	0.00088843	0.00163223	0.911227	0.00206612	0.000640496	0.0011157	0.633333	0
	0.249	0.00126033	0.00183884	0.913613	0.00206612	0.000661157	0.000950413	0.628571	0
	0.25	0.000847107	0.00161157	0.910995	0.00206612	0.000702479	0.00109504	0.631579	0
	0.251	0.000805785	0.00190083	0.910995	0.00206612	0.000619835	0.000847107	0.631579	0
	0.252	0.000764463	0.00177686	0.910995	0.00206612	0.000702479	0.00121901	0.631579	0
	0.253	0.000847107	0.00221074	0.915789	0.00206612	0.000764463	0.000909091	0.631579	0
	0.254	0.0010124	0.00165289	0.915789	0.00206612	0.000826446	0.00113636	0.629808	0
	0.255	0.000681818	0.00159091	0.920635	0.00206612	0.000702479	0.000991736	0.625	0
	0.256	0.000991736	0.00192149	0.917989	0.00206612	0.000743802	0.000909091	0.625	0
	0.257	0.00072314	0.00144628	0.920424	0.00206612	0.000805785	0.0011157	0.631068	0
	0.258	0.000867769	0.00140496	0.920424	0.00206612	0.000702479	0.0011157	0.626214	0
	0.259	0.000867769	0.00146694	0.920213	0.00206612	0.000785124	0.000950413	0.629268	0
	0.26	0.00117769	0.00188017	0.914894	0.00206612	0.000743802	0.00132231	0.62439	0
	0.261	0.000867769	0.00194215	0.914894	0.00206612	0.000702479	0.00072314	0.627451	0
	0.262	0.000764463	0.00150826	0.917333	0	0.000764463	0.000785124	0.630542	0
	0.263	0.000971074	0.00161157	0.917333	0	0.000764463	0.00072314	0.630542	0
	0.264	0.000909091	0.00204545	0.914667	0	0.000826446	0.000950413	0.630542	0
	0.265	0.00107438	0.00169421	0.911765	0	0.000867769	0.000640496	0.630542	0
	0.266	0.000971074	0.00202479	0.916667	0	0.000764463	0.000805785	0.630542	0
	0.267	0.000847107	0.00214876	0.91129	0	0.00107438	0.000867769	0.630542	0
	0.268	0.000909091	0.00173554	0.908602	0	0.000950413	0.000867769	0.630542	0
	0.269	0.000991736	0.00179752	0.908602	0	0.0011157	0.000867769	0.630542	0
	0.27	0.000661157	0.00192149	0.908356	0	0.000929752	0.00103306	0.633663	0
	0.271	0.0010124	0.00202479	0.908356	0	0.00103306	0.000847107	0.64	0
	0.272	0.000950413	0.00171488	0.90566	0	0.000826446	0.0010124	0.64	0
	0.273	0.000826446	0.00198347	0.90566	0	0.000847107	0.0011157	0.646465	0
	0.274	0.000991736	0.0017562	0.90566	0	0.000929752	0.000909091	0.64467	0
	0.275	0.000826446	0.00169421	0.90566	0	0.00109504	0.000971074	0.639594	0
	0.276	0.000909091	0.00177686	0.90566	0	0.000785124	0.00103306	0.639594	0
	0.277	0.000909091	0.00177686	0.910569	0	0.000743802	0.0011157	0.639594	0
	0.278	0.00119835	0.00161157	0.913043	0	0.000971074	0.000743802	0.646154	0
	0.279	0.00105372	0.00165289	0.915531	0	0.000929752	0.00072314	0.646154	0
	0.28	0.00117769	0.00225207	0.912807	0	0.000929752	0.000805785	0.646154	0
	0.281	0.000661157	0.00196281	0.912568	0	0.000867769	0.000929752	0.649485	0
	0.282	0.000991736	0.00159091	0.912568	0	0.00072314	0.000661157	0.649485	0
	0.283	0.000950413	0.00144628	0.915068	0	0.00115702	0.000826446	0.65285	0
	0.284	0.000785124	0.00188017	0.917582	0	0.000681818	0.000929752	0.65285	0
	0.285	0.00132231	0.00177686	0.914835	0	0.00088843	0.00072314	0.65285	0
	0.286	0.000743802	0.00144628	0.914601	0	0.000743802	0.00105372	0.65625	0
	0.287	0.000867769	0.00150826	0.911846	0	0.00105372	0.000702479	0.65625	0
	0.288	0.00113636	0.00144628	0.909091	0	0.000785124	0.000578512	0.65625	0
	0.289	0.000826446	0.00165289	0.911602	0	0.000702479	0.000867769	0.65625	0
	0.29	0.000971074	0.00150826	0.90884	0	0.000475207	0.000826446	0.65625	0
	0.291	0.000991736	0.0014876	0.90884	0	0.000764463	0.000619835	0.65625	0
	0.292	0.00107438	0.00167355	0.911357	0	0.000950413	0.000785124	0.65445	0
	0.293	0.000991736	0.00171488	0.911357	0	0.00088843	0.00088843	0.649215	0
	0.294	0.0010124	0.00177686	0.908587	0	0.000743802	0.000764463	0.649215	0
	0.295	0.000971074	0.00159091	0.908587	0	0.000640496	0.00119835	0.649215	0
	0.296	0.00105372	0.0013843	0.908587	0	0.000557851	0.000929752	0.652632	0
	0.297	0.00107438	0.00167355	0.908587	0	0.000599174	0.00072314	0.652632	0
	0.298	0.00136364	0.00134298	0.911111	0	0.000909091	0.000764463	0.652632	0
	0.299	0.000847107	0.00146694	0.913649	0	0.000599174	0.00072314	0.647368	0
	0.3	0.000743802	0.00154959	0.910864	0	0.000681818	0.000929752	0.647368	0
	0.301	0.00072314	0.00204545	0.910864	0	0.000557851	0.000661157	0.650794	0
	0.302	0.00109504	0.0013843	0.913408	0	0.000516529	0.000867769	0.645503	0
	0.303	0.000909091	0.0017562	0.910615	0	0.000495868	0.000743802	0.643617	0
	0.304	0.000950413	0.00146694	0.913165	0	0.000578512	0.00072314	0.647059	0
	0.305	0.000847107	0.00159091	0.913165	0	0.000619835	0.000681818	0.647059	0
	0.306	0.00115702	0.00167355	0.913165	0	0.000516529	0.000826446	0.647059	0
	0.307	0.00088843	0.00173554	0.91573	0	0.000475207	0.00072314	0.647059	0
	0.308	0.000847107	0.00179752	0.909859	0	0.000495868	0.000661157	0.650538	0
	0.309	0.0010124	0.00132231	0.909859	0	0.00053719	0.000826446	0.648649	0
	0.31	0.000929752	0.00159091	0.907042	0	0.000557851	0.000805785	0.648649	0
	0.311	0.00103306	0.00161157	0.904225	0	0.000516529	0.000702479	0.659341	0
	0.312	0.000702479	0.0017562	0.903955	0	0.000475207	0.000661157	0.662983	0
	0.313	0.0010124	0.00169421	0.903955	0	0.000557851	0.000640496	0.657459	0
	0.314	0.000661157	0.00183884	0.909091	0	0.000578512	0.00053719	0.657459	0
	0.315	0.000785124	0.00169421	0.909091	0	0.000578512	0.000578512	0.661111	0
	0.316	0.000950413	0.00150826	0.909091	0	0.000681818	0.000661157	0.661111	0
	0.317	0.000743802	0.00206612	0.909091	0	0.000640496	0.000764463	0.661111	0
	0.318	0.000702479	0.00161157	0.911681	0	0.000578512	0.000681818	0.664804	0
	0.319	0.000929752	0.00140496	0.911681	0	0.000619835	0.00072314	0.659218	0
	0.32	0.000743802	0.00119835	0.911681	0	0.000599174	0.000599174	0.662921	0
	0.321	0.00088843	0.00152893	0.911681	0	0.000661157	0.000681818	0.666667	0
	0.322	0.000640496	0.00159091	0.911681	0	0.000805785	0.000661157	0.661017	0
	0.323	0.000764463	0.00146694	0.911681	0	0.000599174	0.000557851	0.659091	0
	0.324	0.000640496	0.0014876	0.916667	0	0.000743802	0.000681818	0.659091	0
	0.325	0.000867769	0.00161157	0.919308	0	0.000785124	0.000619835	0.659091	0
	0.326	0.000971074	0.00171488	0.919308	0	0.00072314	0.000681818	0.662857	0
	0.327	0.000454545	0.00134298	0.919308	0	0.000578512	0.000847107	0.657143	0
	0.328	0.000909091	0.00119835	0.919308	0	0.000640496	0.000681818	0.657143	0
	0.329	0.000661157	0.00146694	0.921965	0	0.000805785	0.000640496	0.66092	0
	0.33	0.000702479	0.00109504	0.921965	0	0.000743802	0.000619835	0.66092	0
	0.331	0.000867769	0.00159091	0.924638	0	0.000661157	0.000681818	0.66092	0
	0.332	0.000702479	0.00154959	0.921739	0	0.00053719	0.000702479	0.66092	0
	0.333	0.000764463	0.0011157	0.927114	0	0.000826446	0.000371901	0.66092	0
	0.334	0.000950413	0.00134298	0.927114	0	0.000702479	0.000619835	0.66092	0
	0.335	0.000640496	0.00119835	0.926901	0	0.000743802	0.000661157	0.66474	0
	0.336	0.000681818	0.00123967	0.929619	0	0.000702479	0.000454545	0.66474	0
	0.337	0.000826446	0.00119835	0.932353	0	0.000764463	0.000454545	0.66474	0
	0.338	0.000681818	0.00136364	0.935103	0	0.000681818	0.00053719	0.668605	0
	0.339	0.000640496	0.00123967	0.931953	0	0.000640496	0.00053719	0.668605	0
	0.34	0.00053719	0.00109504	0.931953	0	0.000805785	0.000557851	0.672515	0
	0.341	0.000578512	0.00140496	0.928994	0	0.000826446	0.000578512	0.672515	0
	0.342	0.000619835	0.00109504	0.931751	0	0.00053719	0.000743802	0.676471	0
	0.343	0.00072314	0.00159091	0.931751	0	0.000681818	0.000619835	0.670588	0
	0.344	0.000805785	0.00165289	0.928783	0	0.000702479	0.000578512	0.670588	0
	0.345	0.000640496	0.00126033	0.928783	0	0.000599174	0.000557851	0.678571	0
	0.346	0.000743802	0.0013843	0.928783	0	0.000619835	0.00035124	0.678571	0
	0.347	0.000392562	0.00152893	0.928783	0	0.000661157	0.000454545	0.678571	0
	0.348	0.000640496	0.00128099	0.928571	0	0.000516529	0.000619835	0.678571	0
	0.349	0.00072314	0.00128099	0.931343	0	0.000454545	0.000516529	0.678571	0
	0.35	0.000619835	0.00146694	0.931343	0	0.000661157	0.000661157	0.666667	0
	0.351	0.000475207	0.00119835	0.934132	0	0.000454545	0.000599174	0.666667	0
	0.352	0.000475207	0.00134298	0.934132	0	0.000847107	0.000702479	0.666667	0
	0.353	0.000785124	0.0010124	0.934132	0	0.000495868	0.000578512	0.670659	0
	0.354	0.000413223	0.00134298	0.936937	0	0.000433884	0.00072314	0.670659	0
	0.355	0.000516529	0.00105372	0.936937	0	0.000661157	0.000578512	0.670659	0
	0.356	0.000475207	0.00113636	0.939759	0	0.000454545	0.00072314	0.670659	0
	0.357	0.000495868	0.00150826	0.939759	0	0.00035124	0.000371901	0.674699	0
	0.358	0.00072314	0.00152893	0.936747	0	0.000785124	0.000578512	0.674699	0
	0.359	0.000309917	0.00150826	0.936747	0	0.000330579	0.000557851	0.678788	0
	0.36	0.000454545	0.00132231	0.936747	0	0.000433884	0.000578512	0.678788	0
	0.361	0.000599174	0.00132231	0.933735	0	0.000578512	0.000599174	0.678788	0
	0.362	0.000433884	0.00134298	0.927711	0	0.000413223	0.000557851	0.678788	0
	0.363	0.000413223	0.00130165	0.927711	0	0.000371901	0.000413223	0.678788	0
	0.364	0.000392562	0.00121901	0.924699	0	0.000392562	0.000681818	0.678788	0
	0.365	0.000454545	0.00146694	0.927492	0	0.000392562	0.000557851	0.682927	0
	0.366	0.000516529	0.00123967	0.933131	0	0.000330579	0.000516529	0.682927	0
	0.367	0.000516529	0.000991736	0.930091	0	0.000578512	0.000599174	0.687117	0
	0.368	0.000557851	0.00109504	0.930091	0	0.000495868	0.00053719	0.687117	0
	0.369	0.000599174	0.00146694	0.930091	0	0.000475207	0.00035124	0.685185	0
	0.37	0.000495868	0.000847107	0.932927	0	0.000433884	0.000495868	0.685185	0
	0.371	0.000475207	0.00132231	0.932927	0	0.000475207	0.000309917	0.679012	0
	0.372	0.000557851	0.0011157	0.932927	0	0.000413223	0.000640496	0.68323	0
	0.373	0.000681818	0.00123967	0.935583	0	0.000475207	0.000495868	0.68323	0
	0.374	0.000227273	0.00150826	0.935583	0	0.000165289	0.000433884	0.691824	0
	0.375	0.000371901	0.00123967	0.935583	0	0.000516529	0.000475207	0.691824	0
	0.376	0.000516529	0.0010124	0.935583	0	0.000475207	0.000330579	0.696203	0
	0.377	0.00035124	0.00117769	0.935583	0	0.000475207	0.000516529	0.696203	0
	0.378	0.000454545	0.000950413	0.935583	0	0.000330579	0.000516529	0.696203	0
	0.379	0.000475207	0.0013843	0.935583	0	0.000413223	0.00053719	0.694268	0
	0.38	0.00053719	0.00119835	0.935583	0	0.000495868	0.000516529	0.698718	0
	0.381	0.000413223	0.00128099	0.935385	0	0.000413223	0.000413223	0.698718	0
	0.382	0.000599174	0.00105372	0.935385	0	0.000413223	0.000392562	0.698718	0
	0.383	0.000413223	0.00103306	0.938272	0	0.000392562	0.000702479	0.703226	0
	0.384	0.000413223	0.0011157	0.938272	0	0.000413223	0.000516529	0.703226	0
	0.385	0.000619835	0.00121901	0.932099	0	0.000371901	0.000392562	0.707792	0
	0.386	0.000516529	0.00136364	0.932099	0	0.000392562	0.000392562	0.707792	0
	0.387	0.000557851	0.00117769	0.932099	0	0.000475207	0.000619835	0.707792	0
	0.388	0.000619835	0.00109504	0.932099	0	0.000392562	0.00053719	0.707792	0
	0.389	0.000454545	0.00126033	0.929012	0	0.00035124	0.000557851	0.707792	0
	0.39	0.000557851	0.00117769	0.929012	0	0.000495868	0.000557851	0.707792	0
	0.391	0.000371901	0.00107438	0.931889	0	0.000413223	0.000599174	0.710526	0
	0.392	0.00072314	0.000971074	0.931889	0	0.000413223	0.000413223	0.710526	0
	0.393	0.000640496	0.00103306	0.928793	0	0.00035124	0.000475207	0.710526	0
	0.394	0.000619835	0.00128099	0.928793	0	0.00035124	0.000433884	0.710526	0
	0.395	0.000764463	0.00115702	0.931677	0	0.000309917	0.000475207	0.710526	0
	0.396	0.000371901	0.00103306	0.931677	0	0.000330579	0.000495868	0.715232	0
	0.397	0.000495868	0.00117769	0.931677	0	0.000247934	0.000371901	0.72	0
	0.398	0.000661157	0.00105372	0.928571	0	0.000330579	0.000392562	0.72	0
	0.399	0.000433884	0.00146694	0.928571	0	0.000247934	0.000640496	0.718121	0
	0.4	0.000557851	0.000847107	0.931464	0	0.000227273	0.000681818	0.718121	0
	0.401	0.000929752	0.00103306	0.934375	0	0.000227273	0.000516529	0.718121	0
	0.402	0.000454545	0.0010124	0.934375	0	0.000289256	0.000392562	0.718121	0
	0.403	0.000743802	0.00123967	0.937304	0	0.000165289	0.000495868	0.718121	0
	0.404	0.000764463	0.00117769	0.937304	0	0.000330579	0.00035124	0.718121	0
	0.405	0.00053719	0.000929752	0.937304	0	0.000206612	0.000475207	0.722973	0
	0.406	0.000950413	0.000805785	0.934169	0	0.00035124	0.000433884	0.722973	0
	0.407	0.000557851	0.00109504	0.931034	0	0.000289256	0.000578512	0.716216	0
	0.408	0.000681818	0.000681818	0.931034	0	0.00035124	0.000454545	0.716216	0
	0.409	0.000516529	0.0010124	0.9279	0	0.000371901	0.000661157	0.716216	0
	0.41	0.000619835	0.00107438	0.924765	0	0.000330579	0.000557851	0.716216	0
	0.411	0.000743802	0.00117769	0.924765	0	0.000309917	0.000392562	0.716216	0
	0.412	0.000557851	0.000847107	0.92163	0	0.000413223	0.000413223	0.716216	0
	0.413	0.00053719	0.00109504	0.924528	0	0.000289256	0.000516529	0.716216	0
	0.414	0.000661157	0.000991736	0.924528	0	0.000309917	0.000516529	0.716216	0
	0.415	0.000743802	0.00152893	0.924528	0	0.000309917	0.000578512	0.716216	0
	0.416	0.000681818	0.000702479	0.915094	0	0.000247934	0.000578512	0.716216	0
	0.417	0.000557851	0.000702479	0.91195	0	0.000392562	0.000392562	0.726027	0
	0.418	0.000619835	0.000681818	0.914826	0	0.000371901	0.000371901	0.731034	0
	0.419	0.000681818	0.000743802	0.914826	0	0.000516529	0.000516529	0.736111	0
	0.42	0.000557851	0.000991736	0.914826	0	0.000309917	0.000557851	0.732394	0
	0.421	0.000454545	0.000991736	0.911672	0	0.000309917	0.000619835	0.732394	0
	0.422	0.000578512	0.000640496	0.905363	0	0.00053719	0.000619835	0.725352	0
	0.423	0.000661157	0.00119835	0.908228	0	0.000247934	0.000557851	0.711268	0
	0.424	0.000433884	0.00119835	0.908228	0	0.000330579	0.000557851	0.711268	0
	0.425	0.000702479	0.00126033	0.911111	0	0.000371901	0.000392562	0.716312	0
	0.426	0.00072314	0.00103306	0.911111	0	0.000599174	0.000392562	0.716312	0
	0.427	0.000847107	0.000805785	0.911111	0	0.000578512	0.000557851	0.716312	0
	0.428	0.000805785	0.00105372	0.914013	0	0.000743802	0.000454545	0.70922	0
	0.429	0.00053719	0.000950413	0.910828	0	0.000413223	0.000702479	0.702128	0
	0.43	0.00088843	0.000743802	0.913738	0	0.000495868	0.000433884	0.702128	0
	0.431	0.000764463	0.000805785	0.910543	0	0.000371901	0.000516529	0.702128	0
	0.432	0.00072314	0.0010124	0.913462	0	0.000578512	0.000454545	0.702128	0
	0.433	0.000743802	0.00088843	0.913462	0	0.000619835	0.000413223	0.695035	0
	0.434	0.000578512	0.000847107	0.916399	0	0.000516529	0.000454545	0.687943	0
	0.435	0.000475207	0.000909091	0.916399	0	0.000516529	0.000619835	0.680851	0
	0.436	0.000805785	0.0010124	0.919355	0	0.00053719	0.000743802	0.673759	0
	0.437	0.000619835	0.000681818	0.919355	0	0.000640496	0.000599174	0.673759	0
	0.438	0.000702479	0.000764463	0.916129	0	0.000640496	0.000371901	0.673759	0
	0.439	0.000929752	0.0010124	0.912903	0	0.00053719	0.00035124	0.673759	0
	0.44	0.000785124	0.000867769	0.912903	0	0.000619835	0.000599174	0.673759	0
	0.441	0.000640496	0.000971074	0.912903	0	0.000578512	0.000475207	0.666667	0
	0.442	0.000681818	0.000909091	0.912903	0	0.000743802	0.00035124	0.666667	0
	0.443	0.000743802	0.000578512	0.915858	0	0.000578512	0.000392562	0.659574	0
	0.444	0.000847107	0.00088843	0.915858	0	0.000619835	0.000557851	0.659574	0
	0.445	0.000805785	0.00105372	0.915584	0	0.000743802	0.00053719	0.664286	0
	0.446	0.000991736	0.000702479	0.915584	0	0.000516529	0.00053719	0.664286	0
	0.447	0.000640496	0.000785124	0.909091	0	0.000475207	0.000599174	0.669065	0
	0.448	0.000826446	0.000929752	0.909091	0	0.000640496	0.000557851	0.669065	0
	0.449	0.000557851	0.000785124	0.909091	0	0.000743802	0.000619835	0.669065	0
	0.45	0.000702479	0.000743802	0.909091	0	0.000847107	0.000619835	0.661871	0
	0.451	0.000681818	0.000826446	0.909091	0	0.000826446	0.00035124	0.654676	0
	0.452	0.000495868	0.000826446	0.909091	0	0.000702479	0.000413223	0.654676	0
	0.453	0.000764463	0.000764463	0.905537	0	0.00072314	0.000516529	0.654676	0
	0.454	0.00072314	0.000805785	0.911475	0	0.000743802	0.000516529	0.65942	0
	0.455	0.000619835	0.000826446	0.911475	0	0.00088843	0.000640496	0.65942	0
	0.456	0.000743802	0.000805785	0.914474	0	0.000764463	0.000413223	0.664234	0
	0.457	0.000681818	0.000847107	0.914474	0	0.000785124	0.000599174	0.664234	0
	0.458	0.000805785	0.000950413	0.914474	0	0.000909091	0.000640496	0.656934	0
	0.459	0.000599174	0.000826446	0.911184	0	0.00107438	0.000392562	0.642336	0
	0.46	0.000764463	0.000661157	0.907895	0	0.00121901	0.000578512	0.635036	0
	0.461	0.000847107	0.000929752	0.907895	0	0.00115702	0.000495868	0.635036	0
	0.462	0.000826446	0.0010124	0.907895	0	0.00105372	0.000640496	0.635036	0
	0.463	0.000950413	0.000764463	0.910891	0	0.00103306	0.000454545	0.639706	0
	0.464	0.00088843	0.000599174	0.910891	0	0.00117769	0.000578512	0.644444	0
	0.465	0.000764463	0.00072314	0.910891	0	0.00109504	0.000557851	0.641791	0
	0.466	0.000619835	0.000805785	0.907591	0	0.00144628	0.000495868	0.641791	0
	0.467	0.000909091	0.000743802	0.90429	0	0.00105372	0.000557851	0.634328	0
	0.468	0.000805785	0.000764463	0.90429	0	0.00107438	0.000661157	0.634328	0
	0.469	0.00053719	0.000785124	0.910299	0	0.000991736	0.000557851	0.631579	0
	0.47	0.000619835	0.000599174	0.906977	0	0.00128099	0.000495868	0.641221	0
	0.471	0.000702479	0.000640496	0.906977	0	0.00117769	0.000475207	0.633588	0
	0.472	0.000847107	0.000867769	0.906977	0	0.00115702	0.000454545	0.633588	0
	0.473	0.000661157	0.000909091	0.903654	0	0.000991736	0.000475207	0.635659	0
	0.474	0.000867769	0.00072314	0.903654	0	0.00107438	0.000392562	0.627907	0
	0.475	0.000764463	0.00053719	0.903654	0	0.00121901	0.000495868	0.632812	0
	0.476	0.000619835	0.000971074	0.903654	0	0.00109504	0.000640496	0.637795	0
	0.477	0.000950413	0.000785124	0.906355	0	0.000971074	0.000619835	0.637795	0
	0.478	0.000929752	0.000619835	0.90301	0	0.000909091	0.000495868	0.642857	0
	0.479	0.000681818	0.000619835	0.90301	0	0.00103306	0.00053719	0.642857	0
	0.48	0.000599174	0.000661157	0.90301	0	0.000909091	0.000433884	0.653226	0
	0.481	0.000599174	0.000847107	0.902685	0	0.00121901	0.000619835	0.645161	0
	0.482	0.000785124	0.000557851	0.902685	0	0.000929752	0.000599174	0.645161	0
	0.483	0.000475207	0.000557851	0.902357	0	0.00105372	0.000475207	0.645161	0
	0.484	0.000578512	0.000805785	0.902357	0	0.000909091	0.000475207	0.650407	0
	0.485	0.000971074	0.000909091	0.902357	0	0.00115702	0.000433884	0.655738	0
	0.486	0.000681818	0.000764463	0.902357	0	0.00132231	0.000475207	0.639344	0
	0.487	0.000764463	0.000743802	0.89899	0	0.00088843	0.000599174	0.639344	0
	0.488	0.000661157	0.000847107	0.902027	0	0.000805785	0.000516529	0.639344	0
	0.489	0.00072314	0.000640496	0.905085	0	0.00123967	0.000475207	0.636364	0
	0.49	0.000681818	0.000681818	0.905085	0	0.000950413	0.00053719	0.636364	0
	0.491	0.000909091	0.000578512	0.905085	0	0.000950413	0.000475207	0.636364	0
	0.492	0.000785124	0.000805785	0.898305	0	0.000991736	0.000516529	0.636364	0
	0.493	0.000909091	0.000764463	0.894915	0	0.00105372	0.000516529	0.636364	0
	0.494	0.000661157	0.000826446	0.897959	0	0.00113636	0.000599174	0.636364	0
	0.495	0.000847107	0.000805785	0.897959	0	0.0011157	0.000516529	0.628099	0
	0.496	0.00072314	0.000702479	0.901024	0	0.00107438	0.000599174	0.633333	0
	0.497	0.000599174	0.000929752	0.897611	0	0.000929752	0.000413223	0.638655	0
	0.498	0.000599174	0.000702479	0.900685	0	0.00117769	0.000619835	0.630252	0
	0.499	0.000805785	0.000681818	0.900685	0	0.000867769	0.000516529	0.641026	0
	0.5	0.000681818	0.000805785	0.89726	0	0.000785124	0.000454545	0.632479	0
	0.501	0.000847107	0.000909091	0.896907	0	0.00107438	0.000516529	0.637931	0
	0.502	0.000785124	0.000516529	0.903114	0	0.00072314	0.000433884	0.637931	0
	0.503	0.000805785	0.000764463	0.903114	0	0.00126033	0.000371901	0.634783	0
	0.504	0.000826446	0.000785124	0.903114	0	0.0010124	0.000433884	0.622807	0
	0.505	0.000702479	0.00053719	0.903114	0	0.000702479	0.00035124	0.619469	0
	0.506	0.000785124	0.000867769	0.899654	0	0.000950413	0.000743802	0.621622	0
	0.507	0.000785124	0.000433884	0.896194	0	0.000847107	0.000516529	0.627273	0
	0.508	0.000847107	0.000578512	0.892734	0	0.000805785	0.000599174	0.614679	0
	0.509	0.000702479	0.000909091	0.892361	0	0.00117769	0.000475207	0.62037	0
	0.51	0.000785124	0.000557851	0.888889	0	0.000805785	0.000371901	0.632075	0
	0.511	0.000681818	0.000599174	0.885417	0	0.000909091	0.000454545	0.632075	0
	0.512	0.000743802	0.000764463	0.891228	0	0.000909091	0.000599174	0.632075	0
	0.513	0.00072314	0.000702479	0.890845	0	0.000847107	0.000413223	0.622642	0
	0.514	0.000785124	0.000640496	0.890845	0	0.000847107	0.00053719	0.619048	0
	0.515	0.000785124	0.000764463	0.890845	0	0.000909091	0.000495868	0.625	0
	0.516	0.000661157	0.000475207	0.893993	0	0.0010124	0.000619835	0.631068	0
	0.517	0.000805785	0.000516529	0.893993	0	0.000950413	0.000433884	0.643564	0
	0.518	0.000826446	0.000805785	0.893993	0	0.0010124	0.000392562	0.643564	0
	0.519	0.00072314	0.000454545	0.893993	0	0.000991736	0.000619835	0.65	0
	0.52	0.000805785	0.000640496	0.897163	0	0.000950413	0.000433884	0.65	0
	0.521	0.000847107	0.000640496	0.893617	0	0.000971074	0.000475207	0.64	0
	0.522	0.000909091	0.000578512	0.893617	0	0.000867769	0.000433884	0.64	0
	0.523	0.000971074	0.000867769	0.890071	0	0.00103306	0.000268595	0.62	0
	0.524	0.000950413	0.00072314	0.88968	0	0.000991736	0.000413223	0.616162	0
	0.525	0.000681818	0.000599174	0.886121	0	0.00107438	0.00053719	0.616162	0
	0.526	0.000950413	0.000743802	0.882562	0	0.000805785	0.000495868	0.616162	0
	0.527	0.000950413	0.000681818	0.882562	0	0.000847107	0.000330579	0.612245	0
	0.528	0.000805785	0.000516529	0.885714	0	0.00113636	0.000495868	0.602041	0
	0.529	0.000640496	0.000805785	0.882143	0	0.00107438	0.000413223	0.591837	0
	0.53	0.00113636	0.000826446	0.885305	0	0.000971074	0.000371901	0.597938	0
	0.531	0.000867769	0.000578512	0.885305	0	0.000991736	0.000206612	0.597938	0
	0.532	0.000826446	0.000516529	0.888489	0	0.000764463	0.00053719	0.597938	0
	0.533	0.000867769	0.000909091	0.891697	0	0.00103306	0.000475207	0.59375	0
	0.534	0.00072314	0.000599174	0.891697	0	0.00105372	0.000289256	0.6	0
	0.535	0.000826446	0.000578512	0.888087	0	0.000971074	0.000454545	0.589474	0
	0.536	0.000826446	0.000413223	0.888087	0	0.00107438	0.000454545	0.589474	0
	0.537	0.000929752	0.000681818	0.888087	0	0.00105372	0.000454545	0.595745	0
	0.538	0.000971074	0.000640496	0.891304	0	0.000950413	0.000475207	0.595745	0
	0.539	0.000805785	0.000743802	0.891304	0	0.000991736	0.000495868	0.595745	0
	0.54	0.000785124	0.000661157	0.894161	0	0.000785124	0.000516529	0.608696	0
	0.541	0.000805785	0.000599174	0.894161	0	0.0010124	0.000371901	0.608696	0
	0.542	0.000909091	0.000578512	0.897436	0	0.00105372	0.000433884	0.608696	0
	0.543	0.000702479	0.000516529	0.897436	0	0.000971074	0.000289256	0.597826	0
	0.544	0.000867769	0.000454545	0.897436	0	0.000929752	0.000392562	0.611111	0
	0.545	0.000764463	0.000764463	0.897436	0	0.000929752	0.000309917	0.625	0
	0.546	0.000867769	0.000619835	0.893773	0	0.00103306	0.000371901	0.62069	0
	0.547	0.000826446	0.000661157	0.893773	0	0.00072314	0.000309917	0.62069	0
	0.548	0.000805785	0.00053719	0.89011	0	0.000826446	0.00053719	0.62069	0
	0.549	0.000971074	0.000599174	0.886447	0	0.000950413	0.000475207	0.586207	0
	0.55	0.00088843	0.000661157	0.886447	0	0.00072314	0.000289256	0.586207	0
	0.551	0.000599174	0.000743802	0.886447	0	0.000929752	0.00035124	0.6	0
	0.552	0.000578512	0.000578512	0.882784	0	0.000971074	0.000330579	0.588235	0
	0.553	0.000867769	0.000640496	0.886029	0	0.000826446	0.000206612	0.595238	0
	0.554	0.000805785	0.00088843	0.886029	0	0.000805785	0.000516529	0.60241	0
	0.555	0.000681818	0.000433884	0.886029	0	0.000826446	0.000454545	0.60241	0
	0.556	0.000826446	0.000578512	0.886029	0	0.000929752	0.000309917	0.60241	0
	0.557	0.00105372	0.000764463	0.886029	0	0.000867769	0.000433884	0.60241	0
	0.558	0.000847107	0.000619835	0.888476	0	0.00105372	0.000371901	0.590361	0
	0.559	0.000929752	0.000557851	0.888476	0	0.000847107	0.000330579	0.597561	0
	0.56	0.000764463	0.000681818	0.888476	0	0.00128099	0.000392562	0.597561	0
	0.561	0.000785124	0.000578512	0.884758	0	0.000826446	0.000516529	0.597561	0
	0.562	0.000867769	0.000640496	0.88806	0	0.000929752	0.000413223	0.597561	0
	0.563	0.000681818	0.000599174	0.88764	0	0.000909091	0.00035124	0.597561	0
	0.564	0.00072314	0.000475207	0.88764	0	0.000847107	0.000309917	0.6125	0
	0.565	0.000847107	0.000557851	0.883895	0	0.00088843	0.000268595	0.6125	0
	0.566	0.000557851	0.000475207	0.883895	0	0.00105372	0.000495868	0.6125	0
	0.567	0.000826446	0.00072314	0.883895	0	0.000826446	0.000454545	0.6125	0
	0.568	0.000619835	0.00053719	0.887218	0	0.000764463	0.000392562	0.6	0
	0.569	0.000702479	0.000557851	0.887218	0	0.000743802	0.000330579	0.6	0
	0.57	0.000619835	0.000413223	0.886792	0	0.000743802	0.000392562	0.5875	0
	0.571	0.000681818	0.000661157	0.886792	0	0.000950413	0.00035124	0.594937	0
	0.572	0.000764463	0.000516529	0.886792	0	0.00105372	0.000392562	0.589744	0
	0.573	0.00088843	0.000578512	0.886792	0	0.00105372	0.000268595	0.564103	0
	0.574	0.000743802	0.000557851	0.890152	0	0.000805785	0.000268595	0.571429	0
	0.575	0.00072314	0.00053719	0.893536	0	0.000909091	0.000433884	0.552632	0
	0.576	0.000743802	0.000371901	0.896947	0	0.000826446	0.000289256	0.554054	0
	0.577	0.000826446	0.000557851	0.89313	0	0.000929752	0.000371901	0.554054	0
	0.578	0.000702479	0.00053719	0.896154	0	0.000619835	0.00053719	0.554054	0
	0.579	0.000619835	0.000578512	0.895753	0	0.000805785	0.000371901	0.561644	0
	0.58	0.000640496	0.000599174	0.899225	0	0.00072314	0.000475207	0.555556	0
	0.581	0.000619835	0.00053719	0.895349	0	0.000743802	0.000247934	0.56338	0
	0.582	0.000764463	0.000371901	0.895349	0	0.000743802	0.000413223	0.56338	0
	0.583	0.000516529	0.000454545	0.895349	0	0.000681818	0.000516529	0.549296	0
	0.584	0.00072314	0.000516529	0.895349	0	0.00117769	0.000392562	0.549296	0
	0.585	0.000640496	0.000702479	0.895349	0	0.000681818	0.00035124	0.549296	0
	0.586	0.000640496	0.000392562	0.902344	0	0.000909091	0.000433884	0.557143	0
	0.587	0.000475207	0.000516529	0.902344	0	0.000619835	0.000413223	0.565217	0
	0.588	0.000702479	0.000516529	0.902344	0	0.00072314	0.000433884	0.565217	0
	0.589	0.000702479	0.000516529	0.905882	0	0.000785124	0.000413223	0.550725	0
	0.59	0.000454545	0.000413223	0.905882	0	0.00072314	0.000330579	0.558824	0
	0.591	0.000516529	0.000475207	0.901961	0	0.000640496	0.000289256	0.567164	0
	0.592	0.000743802	0.000619835	0.898039	0	0.000619835	0.000516529	0.575758	0
	0.593	0.00053719	0.00072314	0.894118	0	0.000909091	0.000454545	0.575758	0
	0.594	0.000516529	0.000702479	0.894118	0	0.000785124	0.000309917	0.575758	0
	0.595	0.000681818	0.000557851	0.897638	0	0.000702479	0.000247934	0.569231	0
	0.596	0.000785124	0.000495868	0.901186	0	0.00088843	0.000309917	0.569231	0
	0.597	0.000454545	0.000743802	0.901186	0	0.000805785	0.000454545	0.578125	0
	0.598	0.000599174	0.000454545	0.901186	0	0.000681818	0.000413223	0.578125	0
	0.599	0.000619835	0.000495868	0.901186	0	0.00107438	0.000392562	0.578125	0
	0.6	0.000702479	0.000433884	0.901186	0	0.000743802	0.000247934	0.5625	0
	0.601	0.000661157	0.000640496	0.904762	0	0.000826446	0.000309917	0.580645	0
	0.602	0.000805785	0.000619835	0.904762	0	0.000578512	0.000309917	0.580645	0
	0.603	0.000929752	0.000599174	0.904762	0	0.00072314	0.000330579	0.590164	0
	0.604	0.000619835	0.000991736	0.904762	0	0.000929752	0.000289256	0.590164	0
	0.605	0.000681818	0.000619835	0.904762	0	0.000785124	0.000433884	0.6	0
	0.606	0.000764463	0.00072314	0.904762	0	0.000743802	0.000413223	0.583333	0
	0.607	0.000702479	0.000454545	0.904762	0	0.000681818	0.000392562	0.583333	0
	0.608	0.000557851	0.000661157	0.904762	0	0.00053719	0.000247934	0.583333	0
	0.609	0.000619835	0.00053719	0.908	0	0.000578512	0.000206612	0.583333	0
	0.61	0.000867769	0.000433884	0.904	0	0.000516529	0.000268595	0.583333	0
	0.611	0.000619835	0.000516529	0.904	0	0.000847107	0.000309917	0.566667	0
	0.612	0.000640496	0.000495868	0.904	0	0.000805785	0.000268595	0.576271	0
	0.613	0.000392562	0.000557851	0.907631	0	0.000743802	0.000495868	0.576271	0
	0.614	0.00072314	0.000599174	0.903614	0	0.000867769	0.000227273	0.576271	0
	0.615	0.000743802	0.000640496	0.903614	0	0.000619835	0.000289256	0.586207	0
	0.616	0.000495868	0.000454545	0.910931	0	0.000681818	0.000206612	0.596491	0
	0.617	0.000578512	0.000433884	0.914634	0	0.00053719	0.000413223	0.596491	0
	0.618	0.00072314	0.000578512	0.914634	0	0.000702479	0.000371901	0.596491	0
	0.619	0.000578512	0.000516529	0.914634	0	0.000743802	0.000330579	0.607143	0
	0.62	0.000640496	0.000681818	0.914634	0	0.000640496	0.000206612	0.589286	0
	0.621	0.000681818	0.000702479	0.914634	0	0.000557851	0.000330579	0.589286	0
	0.622	0.000330579	0.000681818	0.910569	0	0.000785124	0.000330579	0.589286	0
	0.623	0.000578512	0.000599174	0.914286	0	0.00072314	0.00035124	0.589286	0
	0.624	0.000702479	0.000516529	0.910204	0	0.000433884	0.000454545	0.581818	0
	0.625	0.000454545	0.000433884	0.910204	0	0.000619835	0.000392562	0.563636	0
	0.626	0.000557851	0.000454545	0.913934	0	0.000454545	0.000475207	0.574074	0
	0.627	0.000557851	0.000516529	0.91358	0	0.000557851	0.00035124	0.574074	0
	0.628	0.000454545	0.00053719	0.909465	0	0.000392562	0.000309917	0.555556	0
	0.629	0.000681818	0.00053719	0.909465	0	0.000516529	0.000289256	0.566038	0
	0.63	0.000681818	0.000619835	0.917012	0	0.000619835	0.000227273	0.566038	0
	0.631	0.000475207	0.000454545	0.917012	0	0.00053719	0.000309917	0.557692	0
	0.632	0.000661157	0.000557851	0.917012	0	0.000495868	0.000268595	0.557692	0
	0.633	0.000495868	0.00053719	0.917012	0	0.000702479	0.00035124	0.557692	0
	0.634	0.00053719	0.000599174	0.912863	0	0.000516529	0.000330579	0.58	0
	0.635	0.000454545	0.000557851	0.916667	0	0.000557851	0.000268595	0.58	0
	0.636	0.000495868	0.000433884	0.916667	0	0.000392562	0.000309917	0.571429	0
	0.637	0.000599174	0.000557851	0.920502	0	0.000392562	0.000289256	0.541667	0
	0.638	0.000309917	0.000619835	0.920502	0	0.000495868	0.000371901	0.520833	0
	0.639	0.000516529	0.000495868	0.920502	0	0.000413223	0.000392562	0.520833	0
	0.64	0.00053719	0.00053719	0.92437	0	0.000599174	0.00035124	0.543478	0
	0.641	0.000495868	0.00053719	0.92437	0	0.000516529	0.000227273	0.555556	0
	0.642	0.000413223	0.000371901	0.92437	0	0.000454545	0.000289256	0.555556	0
	0.643	0.000454545	0.000557851	0.932203	0	0.000392562	0.000371901	0.568182	0
	0.644	0.000454545	0.00053719	0.932203	0	0.000392562	0.000206612	0.568182	0
	0.645	0.00053719	0.000413223	0.932203	0	0.00053719	0.000206612	0.545455	0
	0.646	0.000557851	0.000516529	0.92766	0	0.000433884	0.000392562	0.522727	0
	0.647	0.000661157	0.000475207	0.92766	0	0.000495868	0.000268595	0.522727	0
	0.648	0.000309917	0.000413223	0.92766	0	0.000289256	0.000227273	0.522727	0
	0.649	0.000413223	0.000392562	0.92766	0	0.000227273	0.000289256	0.5	0
	0.65	0.000413223	0.00053719	0.92766	0	0.00053719	0.000144628	0.5	0
	0.651	0.000413223	0.000578512	0.923404	0	0.000433884	0.000227273	0.5	0
	0.652	0.000371901	0.000495868	0.923404	0	0.000475207	0.000206612	0.52381	0
	0.653	0.000516529	0.000433884	0.923404	0	0.00053719	0.000330579	0.5	0
	0.654	0.000371901	0.00072314	0.93133	0	0.000578512	0.000330579	0.512195	0
	0.655	0.000516529	0.000413223	0.93133	0	0.000475207	0.000330579	0.512195	0
	0.656	0.000330579	0.000578512	0.93133	0	0.000516529	0.000309917	0.487805	0
	0.657	0.000371901	0.000599174	0.935345	0	0.00053719	0.000309917	0.5	0
	0.658	0.00053719	0.000640496	0.935345	0	0.000578512	0.000206612	0.526316	0
	0.659	0.000268595	0.000475207	0.935345	0	0.000681818	0.000165289	0.526316	0
	0.66	0.000619835	0.000599174	0.935345	0	0.000557851	0.00035124	0.5	0
	0.661	0.000557851	0.000475207	0.935345	0	0.000599174	0.000433884	0.5	0
	0.662	0.000371901	0.000557851	0.931034	0	0.00088843	0.000268595	0.5	0
	0.663	0.000433884	0.000371901	0.931034	0	0.000578512	0.000227273	0.473684	0
	0.664	0.000433884	0.000681818	0.931034	0	0.000475207	0.000165289	0.447368	0
	0.665	0.000371901	0.000764463	0.931034	0	0.000702479	0.000206612	0.447368	0
	0.666	0.000619835	0.000578512	0.931034	0	0.000599174	0.000330579	0.447368	0
	0.667	0.000289256	0.000495868	0.930736	0	0.00088843	0.000247934	0.447368	0
	0.668	0.000103306	0.000599174	0.930736	0	0.000785124	0.000247934	0.394737	0
	0.669	0.000330579	0.000578512	0.930736	0	0.000826446	0.000330579	0.378378	0
	0.67	0.000371901	0.000619835	0.930736	0	0.000495868	0.000309917	0.378378	0
	0.671	0.000371901	0.000702479	0.934783	0	0.000640496	0.000165289	0.361111	0
	0.672	0.000702479	0.000516529	0.934783	0	0.00072314	0.000206612	0.361111	0
	0.673	0.000206612	0.000516529	0.938865	0	0.00072314	0.000289256	0.361111	0
	0.674	0.000392562	0.000578512	0.938865	0	0.000475207	0.000247934	0.361111	0
	0.675	0.000413223	0.000516529	0.942982	0	0.000640496	0.000289256	0.361111	0
	0.676	0.000392562	0.000661157	0.947137	0	0.000743802	0.00035124	0.361111	0
	0.677	0.000289256	0.000599174	0.947137	0	0.000805785	0.00018595	0.314286	0
	0.678	0.000309917	0.000578512	0.942731	0	0.000702479	0.000247934	0.314286	0
	0.679	0.000392562	0.000599174	0.942731	0	0.000909091	0.00018595	0.285714	0
	0.68	0.000392562	0.000619835	0.942731	0	0.000661157	0.000144628	0.285714	0
	0.681	0.000309917	0.000475207	0.942478	0	0.00072314	0.000206612	0.285714	0
	0.682	0.000289256	0.000681818	0.938053	0	0.000826446	0.000247934	0.285714	0
	0.683	0.00018595	0.000413223	0.938053	0	0.000764463	0.000144628	0.257143	0
	0.684	0.000433884	0.00053719	0.938053	0	0.000805785	0.000247934	0.264706	0
	0.685	0.000413223	0.000599174	0.938053	0	0.000640496	0.000227273	0.264706	0
	0.686	0.000268595	0.000909091	0.933628	0	0.000578512	0.000247934	0.264706	0
	0.687	0.000330579	0.000702479	0.929204	0	0.000661157	0.000227273	0.264706	0
	0.688	0.000371901	0.000578512	0.929204	0	0.000681818	0.000309917	0.264706	0
	0.689	0.000206612	0.000578512	0.929204	0	0.000847107	0.000206612	0.264706	0
	0.69	0.000289256	0.000433884	0.929204	0	0.000805785	0.000268595	0.272727	0
	0.691	0.000454545	0.000640496	0.915929	0	0.000702479	0.000144628	0.272727	0
	0.692	0.000227273	0.000640496	0.924107	0	0.000681818	0.00035124	0.272727	0
	0.693	0.000413223	0.000475207	0.924107	0	0.000599174	0.000206612	0.272727	0
	0.694	0.000289256	0.000681818	0.923767	0	0.000805785	0.000144628	0.272727	0
	0.695	0.000268595	0.000619835	0.919283	0	0.000929752	0.000227273	0.25	0
	0.696	0.000268595	0.000413223	0.914798	0	0.000640496	0.000289256	0.25	0
	0.697	0.000371901	0.000475207	0.914798	0	0.000826446	0.000103306	0.25	0
	0.698	0.000433884	0.000640496	0.910314	0	0.000847107	0.000289256	0.258065	0
	0.699	0.000433884	0.000578512	0.90583	0	0.000785124	0.000289256	0.258065	0
	0.7	0.000227273	0.000619835	0.905405	0	0.000867769	0.000247934	0.258065	0
	0.701	0.000495868	0.000557851	0.905405	0	0.000681818	0.000247934	0.258065	0
	0.702	0.000454545	0.000619835	0.896396	0	0.00072314	0.000227273	0.258065	0
	0.703	0.000371901	0.000640496	0.891892	0	0.000557851	0.000247934	0.258065	0
	0.704	0.000516529	0.00072314	0.891892	0	0.000743802	0.000123967	0.258065	0
	0.705	0.000557851	0.000516529	0.891892	0	0.000702479	0.00018595	0.275862	0
	0.706	0.000681818	0.000516529	0.887387	0	0.000764463	0.000247934	0.285714	0
	0.707	0.000661157	0.000826446	0.886878	0	0.000433884	0.000206612	0.25	0
	0.708	0.000640496	0.000764463	0.890909	0	0.000681818	0.00018595	0.25	0
	0.709	0.000392562	0.000599174	0.890909	0	0.000743802	0.000123967	0.214286	0
	0.71	0.000578512	0.00053719	0.890909	0	0.000661157	0.000227273	0.214286	0
	0.711	0.000661157	0.000661157	0.890909	0	0.00053719	0.000206612	0.222222	0
	0.712	0.000971074	0.000661157	0.886364	0	0.000557851	0.000123967	0.185185	0
	0.713	0.000867769	0.000681818	0.886364	0	0.000826446	0.00018595	0.185185	0
	0.714	0.000805785	0.000599174	0.886364	0	0.000557851	0.000206612	0.185185	0
	0.715	0.000805785	0.000495868	0.890411	0	0.000640496	0.000144628	0.208333	0
	0.716	0.000743802	0.000640496	0.890411	0	0.000557851	0.00018595	0.208333	0
	0.717	0.000805785	0.000661157	0.890411	0	0.000619835	0.000206612	0.208333	0
	0.718	0.000702479	0.000619835	0.890411	0	0.000557851	0.00035124	0.208333	0
	0.719	0.000826446	0.000805785	0.890411	0	0.000557851	0.000247934	0.208333	0
	0.72	0.0010124	0.000392562	0.885845	0	0.00072314	0.000227273	0.217391	0
	0.721	0.00119835	0.000599174	0.881279	0	0.000619835	0.000268595	0.217391	0
	0.722	0.000785124	0.000619835	0.876712	0	0.000557851	0.000103306	0.217391	0
	0.723	0.000743802	0.000661157	0.876147	0	0.000392562	0.000165289	0.173913	0
	0.724	0.000681818	0.000516529	0.876147	0	0.000516529	0.00018595	0.15	0
	0.725	0.00113636	0.000495868	0.876147	0	0.000392562	0.000144628	0.15	0
	0.726	0.000826446	0.000599174	0.876147	0	0.000330579	0.00018595	0.15	0
	0.727	0.0010124	0.000475207	0.876147	0	0.000268595	0.000165289	0.15	0
	0.728	0.00117769	0.00053719	0.87156	0	0.000495868	0.000123967	0.15	0
	0.729	0.00109504	0.000599174	0.875576	0	0.000413223	0.000103306	0.15	0
	0.73	0.00121901	0.000619835	0.875576	0	0.000661157	0.000268595	0.15	0
	0.731	0.00107438	0.000557851	0.87963	0	0.00035124	4.13223e-05	0.15	0
	0.732	0.00117769	0.000516529	0.87963	0	0.000413223	0.000144628	0.157895	0
	0.733	0.000909091	0.000743802	0.87963	0	0.000309917	0.000206612	0.157895	0
	0.734	0.000929752	0.000599174	0.87963	0	0.000413223	0.000165289	0.166667	0
	0.735	0.00113636	0.000785124	0.87963	0	0.000268595	0.00018595	0.166667	0
	0.736	0.000909091	0.000599174	0.87963	0	0.000413223	0.00018595	0.166667	0
	0.737	0.00103306	0.000557851	0.87963	0	0.000413223	0.00018595	0.1875	0
	0.738	0.000867769	0.000661157	0.87963	0	0.000330579	0.000144628	0.2	0
	0.739	0.000805785	0.000661157	0.875	0	0.000495868	0.000144628	0.2	0
	0.74	0.00113636	0.000785124	0.875	0	0.00035124	0.00018595	0.2	0
	0.741	0.0011157	0.00072314	0.87037	0	0.000371901	0.000123967	0.2	0
	0.742	0.000991736	0.00072314	0.87037	0	0.000330579	0.000103306	0.214286	0
	0.743	0.00072314	0.000743802	0.87037	0	0.000309917	0.00018595	0.142857	0
	0.744	0.000971074	0.00072314	0.87037	0	0.000309917	0.000144628	0.153846	0
	0.745	0.000743802	0.000764463	0.87037	0	0.000309917	0.000206612	0.166667	0
	0.746	0.000847107	0.000619835	0.87037	0	0.000371901	0.000103306	0.166667	0
	0.747	0.000929752	0.000578512	0.87037	0	0.00035124	0.000144628	0.2	0
	0.748	0.000619835	0.00053719	0.87037	0	0.000289256	0.000165289	0.2	0
	0.749	0.000991736	0.000950413	0.87037	0	0.000371901	0.000206612	0.2	0
	0.75	0.000929752	0.000867769	0.874419	0	0.000309917	0.000268595	0.2	0
	0.751	0.00088843	0.000495868	0.874419	0	0.000165289	2.06612e-05	0.2	0
	0.752	0.000702479	0.000867769	0.873832	0	0.000392562	0.000206612	0.2	0
	0.753	0.000495868	0.000619835	0.877934	0	0.000247934	0.00018595	0.1	0
	0.754	0.000557851	0.000847107	0.877934	0	0.000371901	0.000227273	0.1	0
	0.755	0.000619835	0.000661157	0.872642	0	0.000144628	0.000165289	0.1	0
	0.756	0.00072314	0.000847107	0.867299	0	0.000268595	0.000227273	0.1	0
	0.757	0.000661157	0.000661157	0.866667	0	0.00018595	8.26446e-05	0.1	0
	0.758	0.000578512	0.000702479	0.875	0	0.000371901	0.000123967	0.1	0
	0.759	0.000661157	0.000640496	0.875	0	0.000227273	0.00018595	0.1	0
	0.76	0.000681818	0.000847107	0.875	0	0.000433884	0.00018595	0.1	0
	0.761	0.000764463	0.000785124	0.879227	0	0.000289256	0.000165289	0.1	0
	0.762	0.000433884	0.000702479	0.879227	0	0.000330579	0.000144628	0.111111	0
	0.763	0.000475207	0.000640496	0.883495	0	0.000227273	0.000289256	0.125	0
	0.764	0.00072314	0.000661157	0.887805	0	0.000227273	0.000165289	0.125	0
	0.765	0.000371901	0.000599174	0.882927	0	0.00018595	0.000103306	0.125	0
	0.766	0.00053719	0.00072314	0.882927	0	0.000227273	0.000247934	0.125	0
	0.767	0.000433884	0.000619835	0.882927	0	0.000247934	0.000227273	0.125	0
	0.768	0.000661157	0.000661157	0.878049	0	0.00018595	0.000144628	0.125	0
	0.769	0.000661157	0.000599174	0.881773	0	0.000227273	0.000165289	0.125	0
	0.77	0.000847107	0.000743802	0.886139	0	0.000123967	8.26446e-05	0.125	0
	0.771	0.000495868	0.00072314	0.886139	0	0.00018595	0.00018595	0.125	0
	0.772	0.000454545	0.000640496	0.886139	0	0.000227273	0.00018595	0.125	0
	0.773	0.000578512	0.000599174	0.881188	0	0.000227273	0.000123967	0.125	0
	0.774	0.000661157	0.000785124	0.885572	0	0.000268595	0.000144628	0.125	0
	0.775	0.000640496	0.000640496	0.894472	0	0.000227273	0.000123967	0.142857	0
	0.776	0.000557851	0.00053719	0.903553	0	0.000206612	0.000206612	0.166667	0
	0.777	0.000454545	0.000950413	0.908163	0	0.00018595	0.00018595	0.2	0
	0.778	0.000433884	0.000599174	0.908163	0	0.000144628	0.000123967	0.2	0
	0.779	0.000681818	0.000702479	0.903061	0	8.26446e-05	0.000144628	0.2	0
	0.78	0.000599174	0.00072314	0.903061	0	8.26446e-05	0.000227273	0.2	0
	0.781	0.000702479	0.000619835	0.903061	0	8.26446e-05	8.26446e-05	0.2	0
	0.782	0.000702479	0.000785124	0.902564	0	6.19835e-05	6.19835e-05	0.2	0
	0.783	0.000640496	0.000578512	0.902564	0	0.000103306	6.19835e-05	0.2	0
	0.784	0.000619835	0.000764463	0.902564	0	2.06612e-05	0.000103306	0.2	0
	0.785	0.00072314	0.000578512	0.907216	0	0.000144628	0.000123967	0.2	0
	0.786	0.00053719	0.00053719	0.907216	0	0.000123967	0.000227273	0.2	0
	0.787	0.000805785	0.000619835	0.907216	0	8.26446e-05	0.000165289	0.25	0
	0.788	0.000743802	0.000619835	0.907216	0	6.19835e-05	0.000144628	0.25	0
	0.789	0.000661157	0.000702479	0.911917	0	6.19835e-05	8.26446e-05	0.25	0
	0.79	0.000516529	0.000764463	0.906736	0	8.26446e-05	0.000144628	0.333333	0
	0.791	0.000743802	0.000785124	0.906736	0	4.13223e-05	0.000123967	0.333333	0
	0.792	0.000681818	0.000764463	0.906736	0	0.000165289	0.000123967	0.333333	0
	0.793	0.000640496	0.000743802	0.906736	0	4.13223e-05	0.000123967	0.333333	0
	0.794	0.000640496	0.000867769	0.911458	0	8.26446e-05	0.000123967	0.333333	0
	0.795	0.000557851	0.000743802	0.911458	0	6.19835e-05	8.26446e-05	0.333333	0
	0.796	0.000516529	0.000805785	0.911458	0	6.19835e-05	8.26446e-05	0.333333	0
	0.797	0.000557851	0.000661157	0.910995	0	0	0.000123967	0.333333	0
	0.798	0.00053719	0.000764463	0.910995	0	4.13223e-05	0.000123967	0.333333	0
	0.799	0.000640496	0.000661157	0.910995	0	4.13223e-05	8.26446e-05	0.333333	0
	0.8	0.000599174	0.000805785	0.910995	0	2.06612e-05	2.06612e-05	0.333333	0
	0.801	0.000495868	0.000661157	0.910995	0	0	4.13223e-05	0	0
	0.802	0.000702479	0.000805785	0.910995	0	4.13223e-05	0.000103306	0	0
	0.803	0.000743802	0.00088843	0.910995	0	0	0.000165289	0	0
	0.804	0.000557851	0.000681818	0.900524	0	0	6.19835e-05	0	0
	0.805	0.000702479	0.000599174	0.895288	0	0	6.19835e-05	0	0
	0.806	0.000371901	0.000578512	0.895288	0	2.06612e-05	6.19835e-05	0	0
	0.807	0.000578512	0.00072314	0.894737	0	4.13223e-05	8.26446e-05	0	0
	0.808	0.000309917	0.000557851	0.894737	0	4.13223e-05	0.000103306	0	0
	0.809	0.00053719	0.000764463	0.894737	0	0	4.13223e-05	0	0
	0.81	0.000289256	0.000743802	0.889474	0	0	0.000227273	0	0
	0.811	0.000413223	0.000929752	0.884211	0	0	2.06612e-05	0	0
	0.812	0.00035124	0.000681818	0.884211	0	0	4.13223e-05	0	0
	0.813	0.000557851	0.000681818	0.884211	0	2.06612e-05	4.13223e-05	0	0
	0.814	0.000392562	0.000640496	0.884211	0	0	0.000103306	0	0
	0.815	0.000599174	0.000785124	0.893617	0	0	8.26446e-05	0	0
	0.816	0.000475207	0.000454545	0.903226	0	4.13223e-05	6.19835e-05	0	0
	0.817	0.000475207	0.000805785	0.903226	0	0	8.26446e-05	0	0
	0.818	0.00035124	0.00072314	0.897849	0	2.06612e-05	8.26446e-05	0	0
	0.819	0.000433884	0.000764463	0.902703	0	6.19835e-05	8.26446e-05	0	0
	0.82	0.000289256	0.00072314	0.907609	0	2.06612e-05	0.000103306	0	0
	0.821	0.000578512	0.000578512	0.907609	0	2.06612e-05	4.13223e-05	0	0
	0.822	0.000268595	0.000516529	0.907104	0	0	4.13223e-05	0	0
	0.823	0.000433884	0.000764463	0.907104	0	2.06612e-05	2.06612e-05	0	0
	0.824	0.000454545	0.000619835	0.907104	0	6.19835e-05	4.13223e-05	0	0
	0.825	0.000413223	0.000599174	0.901639	0	0	8.26446e-05	0	0
	0.826	0.000330579	0.000805785	0.896175	0	2.06612e-05	0.000103306	0	0
	0.827	0.000330579	0.000743802	0.896175	0	2.06612e-05	0.000103306	0	0
	0.828	0.000640496	0.000681818	0.895604	0	8.26446e-05	0.000123967	0	0
	0.829	0.000661157	0.000702479	0.895604	0	4.13223e-05	6.19835e-05	0	0
	0.83	0.000578512	0.000578512	0.895028	0	2.06612e-05	0.000123967	0	0
	0.831	0.000702479	0.000681818	0.895028	0	0	0	0	0
	0.832	0.000661157	0.000433884	0.889503	0	0.000123967	6.19835e-05	0	0
	0.833	0.000764463	0.000764463	0.889503	0	0	0.000144628	0	0
	0.834	0.000867769	0.000785124	0.883978	0	8.26446e-05	6.19835e-05	0	0
	0.835	0.000495868	0.000681818	0.878453	0	6.19835e-05	0.000103306	0	0
	0.836	0.000619835	0.000619835	0.872928	0	6.19835e-05	0.000103306	0	0
	0.837	0.00072314	0.000785124	0.877778	0	6.19835e-05	8.26446e-05	0	0
	0.838	0.000743802	0.000557851	0.877778	0	4.13223e-05	6.19835e-05	0	0
	0.839	0.000640496	0.000640496	0.872222	0	6.19835e-05	4.13223e-05	0	0
	0.84	0.00072314	0.000847107	0.872222	0	8.26446e-05	2.06612e-05	0	0
	0.841	0.000847107	0.000743802	0.871508	0	0.000103306	0	0	0
	0.842	0.000785124	0.000929752	0.865922	0	8.26446e-05	0.000103306	0	0
	0.843	0.000743802	0.00088843	0.865922	0	0.000103306	8.26446e-05	0	0
	0.844	0.00088843	0.000805785	0.865922	0	8.26446e-05	0.000144628	0	0
	0.845	0.0010124	0.000950413	0.865169	0	6.19835e-05	0.000123967	0	0
	0.846	0.000805785	0.000764463	0.859551	0	4.13223e-05	0	0	0
	0.847	0.000971074	0.00072314	0.842697	0	4.13223e-05	6.19835e-05	0	0
	0.848	0.000847107	0.000743802	0.831461	0	2.06612e-05	6.19835e-05	0	0
	0.849	0.000847107	0.000681818	0.825843	0	6.19835e-05	8.26446e-05	0	0
	0.85	0.00113636	0.00109504	0.830508	0	4.13223e-05	8.26446e-05	0	0
	0.851	0.00117769	0.000681818	0.824859	0	0.000103306	8.26446e-05	0	0
	0.852	0.00088843	0.000929752	0.819209	0	6.19835e-05	2.06612e-05	0	0
	0.853	0.00105372	0.000743802	0.823864	0	2.06612e-05	2.06612e-05	0	0
	0.854	0.00146694	0.000847107	0.823864	0	2.06612e-05	6.19835e-05	0	0
	0.855	0.000929752	0.000847107	0.8125	0	0	6.19835e-05	0	0
	0.856	0.00140496	0.00088843	0.806818	0	4.13223e-05	0.000103306	0	0
	0.857	0.0011157	0.00107438	0.806818	0	4.13223e-05	2.06612e-05	0	0
	0.858	0.00134298	0.000909091	0.8	0	0	6.19835e-05	0	0
	0.859	0.00126033	0.000785124	0.8	0	0	6.19835e-05	0	0
	0.86	0.00119835	0.000743802	0.8	0	0	4.13223e-05	0	0
	0.861	0.00142562	0.00072314	0.793103	0	0	2.06612e-05	0	0
	0.862	0.00136364	0.000743802	0.787356	0	0	4.13223e-05	0	0
	0.863	0.00117769	0.000991736	0.781609	0	2.06612e-05	4.13223e-05	0	0
	0.864	0.00154959	0.000826446	0.770115	0	2.06612e-05	0	0	0
	0.865	0.00152893	0.000929752	0.770115	0	0	6.19835e-05	0	0
	0.866	0.0013843	0.00109504	0.767442	0	0	6.19835e-05	0	0
	0.867	0.00152893	0.000950413	0.767442	0	0	0.000144628	0	0
	0.868	0.00163223	0.000826446	0.755814	0	0	4.13223e-05	0	0
	0.869	0.00161157	0.00107438	0.75	0	0	4.13223e-05	0	0
	0.87	0.00150826	0.000785124	0.754386	0	2.06612e-05	4.13223e-05	0	0
	0.871	0.00136364	0.000971074	0.745562	0	0	4.13223e-05	0	0
	0.872	0.00188017	0.000847107	0.745562	0	0	0	0	0
	0.873	0.00146694	0.000578512	0.739645	0	0	6.19835e-05	0	0
	0.874	0.00214876	0.000950413	0.736527	0	0	2.06612e-05	0	0
	0.875	0.00221074	0.00088843	0.724551	0	0	0	0	0
	0.876	0.00171488	0.000661157	0.712575	0	0	4.13223e-05	0	0
	0.877	0.00216942	0.000929752	0.706587	0	0	4.13223e-05	0	0
	0.878	0.00188017	0.00088843	0.704819	0	0	4.13223e-05	0	0
	0.879	0.00219008	0.000619835	0.70303	0	0	2.06612e-05	0	0
	0.88	0.00192149	0.00088843	0.70303	0	0	4.13223e-05	0	0
	0.881	0.00179752	0.000661157	0.707317	0	0	8.26446e-05	0	0
	0.882	0.00202479	0.000764463	0.707317	0	0	0.000103306	0	0
	0.883	0.00231405	0.000764463	0.695122	0	0	2.06612e-05	0	0
	0.884	0.00216942	0.00105372	0.695122	0	0	0	0	0
	0.885	0.00200413	0.000805785	0.693252	0	0	4.13223e-05	0	0
	0.886	0.00204545	0.000971074	0.685185	0	0	0	0	0
	0.887	0.00225207	0.000805785	0.67284	0	0	2.06612e-05	0	0
	0.888	0.00260331	0.000785124	0.664596	0	0	6.19835e-05	0	0
	0.889	0.0027686	0.00072314	0.66875	0	0	6.19835e-05	0	0
	0.89	0.00270661	0.00109504	0.670886	0	0	4.13223e-05	0	0
	0.891	0.00305785	0.00105372	0.664557	0	0	0	0	0
	0.892	0.00202479	0.000909091	0.658228	0	0	4.13223e-05	0	0
	0.893	0.00227273	0.000681818	0.66242	0	0	2.06612e-05	0	0
	0.894	0.00252066	0.000929752	0.664516	0	0	4.13223e-05	0	0
	0.895	0.00231405	0.000826446	0.664516	0	0	2.06612e-05	0	0
	0.896	0.00245868	0.000991736	0.668831	0	0	4.13223e-05	0	0
	0.897	0.00291322	0.000929752	0.664474	0	0	2.06612e-05	0	0
	0.898	0.00252066	0.000764463	0.66443	0	0	0	0	0
	0.899	0.00243802	0.00107438	0.657718	0	0	0	0	0
	0.9	0.00227273	0.000991736	0.662162	0	0	8.26446e-05	0	0
	0.901	0.00241736	0.00107438	0.666667	0	0	2.06612e-05	0	0
	0.902	0.00227273	0.00107438	0.659864	0	0	6.19835e-05	0	0
	0.903	0.00256198	0.00107438	0.639456	0	0	6.19835e-05	0	0
	0.904	0.00200413	0.000971074	0.643836	0	0	2.06612e-05	0	0
	0.905	0.00254132	0.000867769	0.652778	0	0	2.06612e-05	0	0
	0.906	0.00235537	0.000805785	0.643357	0	0	4.13223e-05	0	0
	0.907	0.00254132	0.000950413	0.643357	0	0	4.13223e-05	0	0
	0.908	0.00229339	0.000971074	0.647887	0	0	2.06612e-05	0	0
	0.909	0.00254132	0.000826446	0.631206	0	0	0	0	0
	0.91	0.00181818	0.000867769	0.631206	0	0	2.06612e-05	0	0
	0.911	0.00194215	0.000971074	0.628571	0	0	0	0	0
	0.912	0.00256198	0.00103306	0.633094	0	0	2.06612e-05	0	0
	0.913	0.00200413	0.0010124	0.642336	0	0	0	0	0
	0.914	0.00225207	0.000909091	0.644444	0	0	0	0	0
	0.915	0.00233471	0.000867769	0.644444	0	0	0	0	0
	0.916	0.00181818	0.000909091	0.641791	0	0	0	0	0
	0.917	0.00181818	0.00107438	0.656489	0	0	2.06612e-05	0	0
	0.918	0.00206612	0.000867769	0.661538	0	0	0	0	0
	0.919	0.00196281	0.000971074	0.653846	0	0	2.06612e-05	0	0
	0.92	0.00194215	0.00107438	0.651163	0	0	2.06612e-05	0	0
	0.921	0.00179752	0.00123967	0.645669	0	0	2.06612e-05	0	0
	0.922	0.00202479	0.00115702	0.656	0	0	2.06612e-05	0	0
	0.923	0.0017562	0.000785124	0.650407	0	0	0	0	0
	0.924	0.00221074	0.000764463	0.661157	0	0	8.26446e-05	0	0
	0.925	0.00157025	0.00088843	0.669492	0	0	0	0	0
	0.926	0.00179752	0.000847107	0.675214	0	0	2.06612e-05	0	0
	0.927	0.00177686	0.0010124	0.681034	0	0	0	0	0
	0.928	0.00177686	0.000847107	0.675439	0	0	0	0	0
	0.929	0.00159091	0.000743802	0.681416	0	0	0	0	0
	0.93	0.00206612	0.000640496	0.672566	0	0	2.06612e-05	0	0
	0.931	0.00163223	0.000475207	0.642857	0	0	0	0	0
	0.932	0.00163223	0.000599174	0.66055	0	0	2.06612e-05	0	0
	0.933	0.00194215	0.000681818	0.66055	0	0	2.06612e-05	0	0
	0.934	0.00171488	0.000805785	0.633028	0	0	2.06612e-05	0	0
	0.935	0.00177686	0.000805785	0.605505	0	0	2.06612e-05	0	0
	0.936	0.0018595	0.00088843	0.592593	0	0	0	0	0
	0.937	0.00161157	0.000785124	0.592593	0	0	0	0	0
	0.938	0.00216942	0.000785124	0.6	0	0	4.13223e-05	0	0
	0.939	0.00179752	0.000826446	0.617647	0	0	0	0	0
	0.94	0.00177686	0.000495868	0.617647	0	0	2.06612e-05	0	0
	0.941	0.00194215	0.000743802	0.62	0	0	0	0	0
	0.942	0.00198347	0.00088843	0.606061	0	0	0	0	0
	0.943	0.00167355	0.000702479	0.612245	0	0	0	0	0
	0.944	0.00198347	0.000764463	0.604167	0	0	0	0	0
	0.945	0.00219008	0.000971074	0.583333	0	0	0	0	0
	0.946	0.0028719	0.000847107	0.589474	0	0	0	0	0
	0.947	0.00268595	0.000599174	0.574468	0	0	0	0	0
	0.948	0.00229339	0.000661157	0.565217	0	0	0	0	0
	0.949	0.00268595	0.000805785	0.549451	0	0	2.06612e-05	0	0
	0.95	0.00264463	0.000785124	0.561798	0	0	0	0	0
	0.951	0.00293388	0.000702479	0.550562	0	0	0	0	0
	0.952	0.00262397	0.000661157	0.551724	0	0	0	0	0
	0.953	0.00264463	0.000433884	0.54023	0	0	0	0	0
	0.954	0.0027686	0.000764463	0.517241	0	0	0	0	0
	0.955	0.00316116	0.000702479	0.505747	0	0	0	0	0
	0.956	0.00285124	0.000681818	0.5	0	0	2.06612e-05	0	0
	0.957	0.00301653	0.000495868	0.482353	0	0	2.06612e-05	0	0
	0.958	0.00274793	0.000743802	0.457831	0	0	0	0	0
	0.959	0.0031405	0.00072314	0.457831	0	0	2.06612e-05	0	0
	0.96	0.00299587	0.000702479	0.439024	0	0	2.06612e-05	0	0
	0.961	0.0031405	0.000640496	0.432099	0	0	4.13223e-05	0	0
	0.962	0.00270661	0.000764463	0.4375	0	0	0	0	0
	0.963	0.00297521	0.000475207	0.415584	0	0	0	0	0
	0.964	0.00342975	0.000661157	0.413333	0	0	0	0	0
	0.965	0.00289256	0.000826446	0.39726	0	0	0	0	0
	0.966	0.00328512	0.000661157	0.405797	0	0	0	0	0
	0.967	0.00336777	0.000578512	0.376812	0	0	0	0	0
	0.968	0.00291322	0.000433884	0.373134	0	0	0	0	0
	0.969	0.00355372	0.000516529	0.378788	0	0	0	0	0
	0.97	0.00334711	0.000475207	0.384615	0	0	2.06612e-05	0	0
	0.971	0.00369835	0.000599174	0.396825	0	0	0	0	0
	0.972	0.00355372	0.000475207	0.380952	0	0	0	0	0
	0.973	0.00349174	0.000619835	0.349206	0	0	0	0	0
	0.974	0.00345041	0.000371901	0.327869	0	0	0	0	0
	0.975	0.00309917	0.00053719	0.327869	0	0	2.06612e-05	0	0
	0.976	0.00307851	0.000330579	0.339286	0	0	0	0	0
	0.977	0.00283058	0.000475207	0.327273	0	0	0	0	0
	0.978	0.00318182	0.000392562	0.320755	0	0	0	0	0
	0.979	0.00307851	0.00035124	0.313725	0	0	0	0	0
	0.98	0.00307851	0.000413223	0.28	0	0	0	0	0
	0.981	0.00280992	0.000247934	0.285714	0	0	0	0	0
	0.982	0.00266529	0.000247934	0.244444	0	0	0	0	0
	0.983	0.0027686	0.000371901	0.261905	0	0	0	0	0
	0.984	0.00254132	0.000371901	0.275	0	0	0	0	0
	0.985	0.00285124	0.000144628	0.210526	0	0	0	0	0
	0.986	0.00283058	0.000123967	0.222222	0	0	0	0	0
	0.987	0.00272727	0.000206612	0.114286	0	0	0	0	0
	0.988	0.00349174	0.00035124	0.0606061	0	0	0	0	0
	0.989	0.00355372	0.000144628	0.0625	0	0	0	0	0
	0.99	0.00293388	0.000103306	0.0689655	0	0	0	0	0
	0.991	0.00369835	0.000144628	0.0740741	0	0	0	0	0
	0.992	0.00371901	0.000206612	0.0434783	0	0	0	0	0
	0.993	0.00338843	6.19835e-05	0.047619	0	0	0	0	0
	0.994	0.00357438	4.13223e-05	0.047619	0	0	0	0	0
	0.995	0.00272727	0.000165289	0	0	0	0	0	0
	0.996	0.00254132	0.000144628	0	0	0	0	0	0
	0.997	0.00169421	0.000144628	0	0	0	0	0	0
	0.998	0.00121901	0.000206612	0	0	0	0	0	0
	0.999	0.00123967	2.06612e-05	0	0	0	0	0	0
	1	0.00053719	6.19835e-05	0	0	0	0	0	0


#	yrange	sparsity	# links	zeta	support at cross	fraction FP	support at cross2	fraction FP2
	0	0	0	0.0432488	0.852	0.311037	0.852	0.311037
	0.004	0	0	0.0432488	0.852	0.311037	0.852	0.311037
