#	Frequencies and overlap
#	bins	MYC	shuffle	overlap_MYC	overlap_shuffle	SIGN_MYC	SIGNshuffle	SIGNoverlap_MYC	SIGNoverlap_shuffle
	0	0	0	1	1	0.42312	0.38969	0.740625	0
	0.001	0	0	1	1	0	0	0.740625	0
	0.002	0	0	1	1	0	0	0.740625	0
	0.003	0	0	1	1	0	0	0.740625	0
	0.004	0	0	1	1	0	0	0.740625	0
	0.005	0	0	1	1	0	0	0.740625	0
	0.006	0	0	1	1	0	0	0.740625	0
	0.007	0	0	1	1	0	0	0.740625	0
	0.008	0	0	1	1	0	0	0.740625	0
	0.009	0	0	1	1	0	0	0.740625	0
	0.01	0	0	1	1	0	0	0.740625	0
	0.011	0	0	1	1	0	0	0.740625	0
	0.012	0	0	1	1	0	0	0.740625	0
	0.013	0	0	1	1	0	0	0.740625	0
	0.014	0	0	1	1	0	0	0.740625	0
	0.015	0	0	1	1	0	0	0.740625	0
	0.016	0	0	1	1	0	0	0.740625	0
	0.017	0	0	1	1	0	0	0.740625	0
	0.018	0	0	1	1	0	0	0.740625	0
	0.019	0	0	1	1	0	0	0.740625	0
	0.02	0	0	1	1	0	0	0.740625	0
	0.021	0	0	1	1	0	0	0.740625	0
	0.022	0	0	1	1	0	0	0.740625	0
	0.023	0	0	1	1	0	0	0.740625	0
	0.024	0	0	1	1	0	0	0.740625	0
	0.025	0	0	1	1	0	0	0.740625	0
	0.026	0	0	1	1	0	0	0.740625	0
	0.027	0	0	1	1	0	0	0.740625	0
	0.028	0	0	1	1	0	0	0.740625	0
	0.029	0	0	1	1	0	0	0.740625	0
	0.03	0	0	1	1	0	0	0.740625	0
	0.031	0	0	1	1	0	0	0.740625	0
	0.032	0	0	1	1	0	0	0.740625	0
	0.033	0	0	1	1	0	0	0.740625	0
	0.034	0	0	1	1	0	0	0.740625	0
	0.035	0	0	1	1	0	0	0.740625	0
	0.036	0	0	1	1	0	0	0.740625	0
	0.037	0	0	1	1	0	0	0.740625	0
	0.038	0	0	1	1	0	0	0.740625	0
	0.039	0	0	1	1	0	0	0.740625	0
	0.04	0	0	1	1	0	0	0.740625	0
	0.041	0	0	1	1	0	0	0.740625	0
	0.042	0	0	1	1	0	0	0.740625	0
	0.043	0	0	1	1	0	0	0.740625	0
	0.044	0	0	1	1	0	0	0.740625	0
	0.045	0	0	1	1	0	0	0.740625	0
	0.046	0	0	1	1	0	0	0.740625	0
	0.047	0	0	1	1	0	0	0.740625	0
	0.048	0	0	1	1	0	0	0.740625	0
	0.049	0	0	1	1	0	0	0.740625	0
	0.05	0	0	1	1	0	0	0.740625	0
	0.051	0	0	1	1	0	0	0.740625	0
	0.052	0	0	1	1	0	0	0.740625	0
	0.053	0	0	1	1	0	0	0.740625	0
	0.054	0	0	1	1	0	0	0.740625	0
	0.055	0	0	1	1	0	0	0.740625	0
	0.056	0	0	1	1	0	0	0.740625	0
	0.057	0	0	1	1	0	0	0.740625	0
	0.058	0	0	1	1	0	0	0.740625	0
	0.059	0	0	1	1	0	0	0.740625	0
	0.06	0	0	1	1	0	0	0.740625	0
	0.061	0	0	1	1	0	0	0.740625	0
	0.062	0	0	1	1	0	0	0.740625	0
	0.063	0	0	1	1	0	0	0.740625	0
	0.064	0	0	1	1	0	0	0.740625	0
	0.065	0	0	1	1	0	0	0.740625	0
	0.066	0	0	1	1	0	0	0.740625	0
	0.067	0	0	1	1	0	0	0.740625	0
	0.068	0	0	1	1	0	0	0.740625	0
	0.069	0	0	1	1	0	0	0.740625	0
	0.07	0	0	1	1	0	0	0.740625	0
	0.071	0	0	1	1	0	0	0.740625	0
	0.072	0	0	1	1	0	0	0.740625	0
	0.073	0	0	1	1	0	0	0.740625	0
	0.074	0	0	1	1	0	0	0.740625	0
	0.075	0	0	1	1	0	0	0.740625	0
	0.076	0	0	1	1	0	0	0.740625	0
	0.077	0	0	1	1	0	0	0.740625	0
	0.078	0	0	1	1	0	0	0.740625	0
	0.079	0	0	1	1	0	0	0.740625	0
	0.08	0	0	1	1	0	0	0.740625	0
	0.081	0	0	1	1	0	0	0.740625	0
	0.082	0	0	1	1	0	0	0.740625	0
	0.083	0	0	1	1	0	0	0.740625	0
	0.084	0	0	1	1	0	0	0.740625	0
	0.085	0	0	1	1	0	0	0.740625	0
	0.086	0	0	1	1	0	0	0.740625	0
	0.087	0	0	1	1	0	0	0.740625	0
	0.088	0	0	1	1	0	0	0.740625	0
	0.089	0	0	1	1	0	0	0.740625	0
	0.09	0	0	1	1	0	0	0.740625	0
	0.091	0	0	1	1	0	0	0.740625	0
	0.092	0	0	1	1	0	0	0.740625	0
	0.093	0	0	1	1	0	0	0.740625	0
	0.094	0	0	1	1	0	0	0.740625	0
	0.095	0	0	1	1	0	0	0.740625	0
	0.096	0	0	1	1	0	0	0.740625	0
	0.097	0	0	1	1	0	0	0.740625	0
	0.098	0	0	1	1	0	0	0.740625	0
	0.099	0	0	1	1	0	0	0.740625	0
	0.1	0	0	1	1	0	0	0.740625	0
	0.101	0	0	1	1	0	0	0.740625	0
	0.102	0	0	1	1	0	0	0.740625	0
	0.103	0	0	1	1	0	0	0.740625	0
	0.104	0	0	1	1	0	0	0.740625	0
	0.105	0	0	1	1	0	0	0.740625	0
	0.106	0	0	1	1	0	0	0.740625	0
	0.107	0	0	1	1	0	0	0.740625	0
	0.108	0	0	1	1	0	0	0.740625	0
	0.109	0	0	1	1	0	0	0.740625	0
	0.11	0	0	1	1	0	0	0.740625	0
	0.111	0	0	1	1	0	0	0.740625	0
	0.112	0	0	1	1	0	0	0.740625	0
	0.113	0	0	1	1	0	0	0.740625	0
	0.114	0	0	1	1	0	0	0.740625	0
	0.115	0	0	1	1	0	0	0.740625	0
	0.116	0	0	1	1	0	0	0.740625	0
	0.117	0	0	1	1	0	0	0.740625	0
	0.118	0	0	1	1	0	0	0.740625	0
	0.119	0	0	1	1	0	0	0.740625	0
	0.12	0	0	1	1	0	0	0.740625	0
	0.121	0	0	1	1	0	0	0.740625	0
	0.122	0	0	1	1	0	0	0.740625	0
	0.123	0	0	1	1	0	0	0.740625	0
	0.124	0	0	1	1	0	0	0.740625	0
	0.125	0	0	1	1	0	0	0.740625	0
	0.126	0	0	1	1	0	0	0.740625	0
	0.127	0	0	1	1	0	0	0.740625	0
	0.128	0	0	1	1	0	0	0.740625	0
	0.129	0	0	1	1	0	0	0.740625	0
	0.13	0	0	1	1	0	0	0.740625	0
	0.131	0	0	1	1	0	0	0.740625	0
	0.132	0	0	1	1	0	0	0.740625	0
	0.133	0	0	1	1	0	0	0.740625	0
	0.134	0	0	1	1	0	0	0.740625	0
	0.135	0	0	1	1	0	0	0.740625	0
	0.136	0	0	1	1	0	0	0.740625	0
	0.137	0	0	1	1	0	0	0.740625	0
	0.138	0	0	1	1	0	0	0.740625	0
	0.139	0	0	1	1	0	0	0.740625	0
	0.14	0	0	1	1	0	0	0.740625	0
	0.141	0	0	1	1	0	0	0.740625	0
	0.142	0	0	1	1	0	0	0.740625	0
	0.143	0	0	1	1	0	0	0.740625	0
	0.144	0	0	1	1	0	0	0.740625	0
	0.145	0	0	1	1	0	0	0.740625	0
	0.146	0	0	1	1	0	0	0.740625	0
	0.147	0	0	1	1	0	0	0.740625	0
	0.148	0	0	1	1	0	0	0.740625	0
	0.149	0	0	1	1	0	0	0.740625	0
	0.15	0	0	1	1	0	0	0.740625	0
	0.151	0	0	1	1	0	0	0.740625	0
	0.152	0	0	1	1	0	2.06612e-05	0.740625	0
	0.153	0	0	1	1	0	0	0.740625	0
	0.154	0	0	1	1	0	0	0.740625	0
	0.155	0	0	1	1	0	0	0.740625	0
	0.156	0	0	1	1	0	0	0.740625	0
	0.157	0	0	1	1	0	0	0.740625	0
	0.158	0	0	1	1	0	0	0.740625	0
	0.159	0	0	1	1	0	0	0.740625	0
	0.16	0	0	1	1	0	0	0.740625	0
	0.161	0	0	1	1	0	0	0.740625	0
	0.162	0	0	1	1	0	0	0.740625	0
	0.163	0	0	1	1	0	0	0.740625	0
	0.164	0	0	1	1	0	0	0.740625	0
	0.165	0	0	1	1	0	0	0.740625	0
	0.166	0	0	1	1	0	0	0.740625	0
	0.167	0	0	1	1	0	0	0.740625	0
	0.168	0	0	1	1	0	0	0.740625	0
	0.169	0	0	1	1	0	0	0.740625	0
	0.17	0	0	1	1	0	0	0.740625	0
	0.171	0	0	1	1	0	0	0.740625	0
	0.172	0	0	1	1	0	0	0.740625	0
	0.173	0	0	1	1	0	0	0.740625	0
	0.174	0	0	1	1	0	0	0.740625	0
	0.175	0	0	1	1	0	0	0.740625	0
	0.176	0	0	1	1	0	0	0.740625	0
	0.177	0	0	1	1	0	0	0.740625	0
	0.178	0	0	1	1	0	0	0.740625	0
	0.179	0	0	1	1	0	0	0.740625	0
	0.18	0	0	1	1	0	0	0.740625	0
	0.181	0	0	1	1	0	0	0.740625	0
	0.182	0	0	1	1	0	0	0.740625	0
	0.183	0	0	1	1	0	0	0.740625	0
	0.184	0	0	1	1	0	0	0.740625	0
	0.185	0	0	1	1	0	0	0.740625	0
	0.186	0	0	1	1	0	0	0.740625	0
	0.187	0	0	1	1	0	0	0.740625	0
	0.188	0	0	1	1	0	0	0.740625	0
	0.189	0	0	1	1	0	0	0.740625	0
	0.19	0	0	1	1	0	0	0.740625	0
	0.191	0	0	1	1	0	0	0.740625	0
	0.192	0	0	1	1	0	0	0.740625	0
	0.193	0	0	1	1	0	0	0.740625	0
	0.194	0	0	1	1	0	0	0.740625	0
	0.195	0	0	1	1	0	0	0.740625	0
	0.196	0	0	1	1	0	0	0.740625	0
	0.197	0	0	1	1	0	0	0.740625	0
	0.198	0	0	1	1	0	0	0.740625	0
	0.199	0	0	1	1	0	0	0.740625	0
	0.2	0	0	1	1	0	0	0.740625	0
	0.201	0	0	1	1	0	0	0.740625	0
	0.202	0	0	1	1	0	0	0.740625	0
	0.203	0	0	1	1	0	0	0.740625	0
	0.204	0	0	1	1	0	0	0.740625	0
	0.205	0	0	1	1	0	0	0.740625	0
	0.206	0	0	1	1	0	0	0.740625	0
	0.207	0	0	1	1	0	0	0.740625	0
	0.208	0	0	1	1	0	0	0.740625	0
	0.209	0	0	1	1	0	0	0.740625	0
	0.21	0	0	1	1	0	0	0.740625	0
	0.211	0	0	1	1	0	0	0.740625	0
	0.212	0	0	1	1	0	0	0.740625	0
	0.213	0	0	1	1	0	0	0.740625	0
	0.214	0	0	1	1	0	0	0.740625	0
	0.215	0	0	1	1	0	0	0.740625	0
	0.216	0	0	1	1	0	0	0.740625	0
	0.217	0	0	1	1	0	2.06612e-05	0.740625	0
	0.218	0	0	1	1	0	0	0.740625	0
	0.219	0	0	1	1	0	0	0.740625	0
	0.22	0	0	1	1	0	0	0.740625	0
	0.221	0	0	1	1	0	2.06612e-05	0.740625	0
	0.222	0	0	1	1	0	0	0.740625	0
	0.223	0	0	1	1	0	0	0.740625	0
	0.224	0	0	1	1	0	2.06612e-05	0.740625	0
	0.225	0	0	1	1	0	0	0.740625	0
	0.226	0	0	1	1	0	0	0.740625	0
	0.227	0	0	1	1	0	0	0.740625	0
	0.228	0	0	1	1	0	0	0.740625	0
	0.229	0	0	1	1	0	0	0.740625	0
	0.23	0	0	1	1	0	0	0.740625	0
	0.231	0	0	1	1	0	2.06612e-05	0.740625	0
	0.232	0	0	1	1	0	0	0.740625	0
	0.233	0	2.06612e-05	1	1	0	0	0.740625	0
	0.234	0	0	1	0.997934	0	0	0.740625	0
	0.235	0	0	1	0.997934	0	0	0.740625	0
	0.236	0	0	1	0.997934	0	0	0.740625	0
	0.237	0	2.06612e-05	1	0.997934	0	0	0.740625	0
	0.238	0	0	1	0.995868	0	0	0.740625	0
	0.239	0	0	1	0.995868	0	0	0.740625	0
	0.24	0	0	1	0.995868	0	0	0.740625	0
	0.241	0	0	1	0.995868	0	0	0.740625	0
	0.242	0	0	1	0.995868	0	0	0.740625	0
	0.243	0	0	1	0.995868	0	2.06612e-05	0.740625	0
	0.244	0	0	1	0.995868	0	0	0.740625	0
	0.245	0	0	1	0.995868	0	0	0.740625	0
	0.246	0	0	1	0.995868	0	2.06612e-05	0.740625	0
	0.247	0	0	1	0.995868	0	0	0.740625	0
	0.248	0	0	1	0.995868	0	0	0.740625	0
	0.249	0	0	1	0.995868	0	0	0.740625	0
	0.25	0	0	1	0.995868	0	0	0.740625	0
	0.251	0	0	1	0.995868	0	0	0.740625	0
	0.252	0	0	1	0.995868	0	0	0.740625	0
	0.253	0	0	1	0.995868	0	0	0.740625	0
	0.254	0	0	1	0.995868	0	4.13223e-05	0.740625	0
	0.255	0	0	1	0.995868	0	0	0.740625	0
	0.256	0	0	1	0.995868	0	0	0.740625	0
	0.257	0	0	1	0.995868	0	0	0.740625	0
	0.258	0	0	1	0.995868	0	0	0.740625	0
	0.259	0	0	1	0.995868	0	0	0.740625	0
	0.26	0	0	1	0.995868	0	0	0.740625	0
	0.261	0	0	1	0.995868	0	0	0.740625	0
	0.262	0	0	1	0.995868	0	0	0.740625	0
	0.263	0	0	1	0.995868	0	0	0.740625	0
	0.264	0	0	1	0.995868	0	0	0.740625	0
	0.265	0	0	1	0.995868	0	2.06612e-05	0.740625	0
	0.266	0	0	1	0.995868	0	0	0.740625	0
	0.267	0	0	1	0.995868	0	0	0.740625	0
	0.268	0	0	1	0.995868	0	0	0.740625	0
	0.269	0	0	1	0.995868	0	2.06612e-05	0.740625	0
	0.27	0	0	1	0.995868	0	2.06612e-05	0.740625	0
	0.271	0	0	1	0.995868	0	0	0.740625	0
	0.272	0	0	1	0.995868	0	0	0.740625	0
	0.273	0	0	1	0.995868	0	0	0.740625	0
	0.274	0	0	1	0.995868	0	2.06612e-05	0.740625	0
	0.275	0	0	1	0.995868	0	0	0.740625	0
	0.276	0	0	1	0.995868	0	0	0.740625	0
	0.277	0	0	1	0.995868	0	2.06612e-05	0.740625	0
	0.278	0	0	1	0.995868	0	0	0.740625	0
	0.279	0	0	1	0.995868	0	0	0.740625	0
	0.28	0	0	1	0.995868	0	0	0.740625	0
	0.281	0	0	1	0.995868	0	0	0.740625	0
	0.282	0	0	1	0.995868	0	0	0.740625	0
	0.283	0	0	1	0.995868	0	0	0.740625	0
	0.284	0	0	1	0.995868	0	0	0.740625	0
	0.285	0	2.06612e-05	1	0.995868	0	2.06612e-05	0.740625	0
	0.286	0	0	1	0.993802	0	0	0.740625	0
	0.287	0	0	1	0.993802	0	0	0.740625	0
	0.288	0	0	1	0.993802	0	0	0.740625	0
	0.289	0	0	1	0.993802	0	2.06612e-05	0.740625	0
	0.29	0	0	1	0.993802	0	0	0.740625	0
	0.291	0	0	1	0.993802	0	0	0.740625	0
	0.292	0	0	1	0.993802	0	0	0.740625	0
	0.293	0	0	1	0.993802	0	2.06612e-05	0.740625	0
	0.294	0	0	1	0.993802	0	0	0.740625	0
	0.295	0	0	1	0.993802	0	0	0.740625	0
	0.296	0	0	1	0.993802	0	0	0.740625	0
	0.297	0	0	1	0.993802	0	2.06612e-05	0.740625	0
	0.298	0	0	1	0.993802	0	2.06612e-05	0.740625	0
	0.299	0	0	1	0.993802	0	0	0.740625	0
	0.3	0	0	1	0.993802	0	0	0.740625	0
	0.301	0	2.06612e-05	1	0.993802	0	0	0.740625	0
	0.302	0	0	1	0.991736	0	2.06612e-05	0.740625	0
	0.303	0	0	1	0.991736	0	2.06612e-05	0.740625	0
	0.304	0	0	1	0.991736	0	2.06612e-05	0.740625	0
	0.305	0	0	1	0.991736	0	2.06612e-05	0.740625	0
	0.306	0	0	1	0.991736	0	2.06612e-05	0.740625	0
	0.307	0	2.06612e-05	1	0.991736	0	0	0.740625	0
	0.308	0	0	1	0.989669	0	0	0.740625	0
	0.309	0	0	1	0.989669	0	4.13223e-05	0.740625	0
	0.31	0	0	1	0.989669	0	0	0.740625	0
	0.311	0	0	1	0.989669	0	0	0.740625	0
	0.312	0	0	1	0.989669	0	4.13223e-05	0.740625	0
	0.313	0	0	1	0.989669	0	0	0.740625	0
	0.314	0	0	1	0.989669	0	0	0.740625	0
	0.315	0	0	1	0.989669	0	2.06612e-05	0.740625	0
	0.316	0	0	1	0.989669	0	0	0.740625	0
	0.317	0	0	1	0.989669	0	2.06612e-05	0.740625	0
	0.318	0	0	1	0.989669	0	2.06612e-05	0.740625	0
	0.319	0	0	1	0.989669	0	2.06612e-05	0.740625	0
	0.32	0	0	1	0.989669	0	0	0.740625	0
	0.321	0	0	1	0.989669	0	0	0.740625	0
	0.322	0	0	1	0.989669	0	0	0.740625	0
	0.323	0	0	1	0.989669	0	2.06612e-05	0.740625	0
	0.324	0	0	1	0.989669	0	0	0.740625	0
	0.325	0	0	1	0.989669	0	0	0.740625	0
	0.326	0	0	1	0.989669	0	0	0.740625	0
	0.327	0	0	1	0.989669	0	0	0.740625	0
	0.328	0	0	1	0.989669	0	0	0.740625	0
	0.329	0	0	1	0.989669	0	2.06612e-05	0.740625	0
	0.33	0	0	1	0.989669	0	0	0.740625	0
	0.331	0	0	1	0.989669	0	0	0.740625	0
	0.332	0	0	1	0.989669	0	2.06612e-05	0.740625	0
	0.333	0	0	1	0.989669	0	0	0.740625	0
	0.334	0	2.06612e-05	1	0.989669	0	0	0.740625	0
	0.335	0	0	1	0.987603	0	2.06612e-05	0.740625	0
	0.336	0	0	1	0.987603	0	0	0.740625	0
	0.337	0	0	1	0.987603	0	0	0.740625	0
	0.338	0	0	1	0.987603	0	2.06612e-05	0.740625	0
	0.339	0	0	1	0.987603	0	2.06612e-05	0.740625	0
	0.34	0	0	1	0.987603	0	0	0.740625	0
	0.341	0	0	1	0.987603	0	0	0.740625	0
	0.342	0	0	1	0.987603	0	2.06612e-05	0.740625	0
	0.343	0	0	1	0.987603	0	0	0.740625	0
	0.344	0	0	1	0.987603	0	0	0.740625	0
	0.345	0	0	1	0.987603	0	0	0.740625	0
	0.346	0	0	1	0.987603	0	4.13223e-05	0.740625	0
	0.347	0	0	1	0.987603	0	2.06612e-05	0.740625	0
	0.348	0	0	1	0.987603	0	2.06612e-05	0.740625	0
	0.349	0	0	1	0.987603	0	2.06612e-05	0.740625	0
	0.35	0	0	1	0.987603	0	2.06612e-05	0.740625	0
	0.351	0	0	1	0.987603	0	2.06612e-05	0.740625	0
	0.352	0	0	1	0.987603	0	4.13223e-05	0.740625	0
	0.353	0	0	1	0.987603	0	0	0.740625	0
	0.354	0	0	1	0.987603	0	2.06612e-05	0.740625	0
	0.355	0	2.06612e-05	1	0.987603	0	0.000103306	0.740625	0
	0.356	0	0	1	0.985537	0	4.13223e-05	0.740625	0
	0.357	0	0	1	0.985537	0	0	0.740625	0
	0.358	0	0	1	0.985537	0	2.06612e-05	0.740625	0
	0.359	0	0	1	0.985537	0	2.06612e-05	0.740625	0
	0.36	0	0	1	0.985537	0	0	0.740625	0
	0.361	0	0	1	0.985537	0	4.13223e-05	0.740625	0
	0.362	0	0	1	0.985537	0	0	0.740625	0
	0.363	0	0	1	0.985537	0	0	0.740625	0
	0.364	0	0	1	0.985537	0	0	0.740625	0
	0.365	0	2.06612e-05	1	0.985537	0	4.13223e-05	0.740625	0
	0.366	0	0	1	0.983471	0	0	0.740625	0
	0.367	0	0	1	0.983471	0	6.19835e-05	0.740625	0
	0.368	0	0	1	0.983471	0	4.13223e-05	0.740625	0
	0.369	0	0	1	0.983471	0	4.13223e-05	0.740625	0
	0.37	0	0	1	0.983471	0	0	0.740625	0
	0.371	0	0	1	0.983471	0	6.19835e-05	0.740625	0
	0.372	0	0	1	0.983471	0	6.19835e-05	0.740625	0
	0.373	0	0	1	0.983471	0	4.13223e-05	0.740625	0
	0.374	0	0	1	0.983471	0	2.06612e-05	0.740625	0
	0.375	0	0	1	0.983471	0	0	0.740625	0
	0.376	0	0	1	0.983471	0	2.06612e-05	0.740625	0
	0.377	0	0	1	0.983471	0	6.19835e-05	0.740625	0
	0.378	0	0	1	0.983471	0	6.19835e-05	0.740625	0
	0.379	0	0	1	0.983471	0	6.19835e-05	0.740625	0
	0.38	0	0	1	0.983471	0	0	0.740625	0
	0.381	0	0	1	0.983471	0	0	0.740625	0
	0.382	0	0	1	0.983471	0	6.19835e-05	0.740625	0
	0.383	0	0	1	0.983471	0	4.13223e-05	0.740625	0
	0.384	0	0	1	0.983471	0	2.06612e-05	0.740625	0
	0.385	0	0	1	0.983471	0	6.19835e-05	0.740625	0
	0.386	0	0	1	0.983471	0	0	0.740625	0
	0.387	0	2.06612e-05	1	0.983471	0	8.26446e-05	0.740625	0
	0.388	0	0	1	0.981405	0	8.26446e-05	0.740625	0
	0.389	0	0	1	0.981405	0	4.13223e-05	0.740625	0
	0.39	0	0	1	0.981405	0	0	0.740625	0
	0.391	0	0	1	0.981405	0	0	0.740625	0
	0.392	0	0	1	0.981405	0	2.06612e-05	0.740625	0
	0.393	0	0	1	0.981405	0	2.06612e-05	0.740625	0
	0.394	0	0	1	0.981405	0	6.19835e-05	0.740625	0
	0.395	0	0	1	0.981405	0	6.19835e-05	0.740625	0
	0.396	0	0	1	0.981405	0	0.000123967	0.740625	0
	0.397	0	2.06612e-05	1	0.981405	0	4.13223e-05	0.740625	0
	0.398	0	0	1	0.979339	0	4.13223e-05	0.740625	0
	0.399	0	0	1	0.979339	0	8.26446e-05	0.740625	0
	0.4	0	0	1	0.979339	0	8.26446e-05	0.740625	0
	0.401	0	0	1	0.979339	0	2.06612e-05	0.740625	0
	0.402	0	0	1	0.979339	0	6.19835e-05	0.740625	0
	0.403	0	0	1	0.979339	0	0	0.740625	0
	0.404	0	2.06612e-05	1	0.979339	0	4.13223e-05	0.740625	0
	0.405	0	0	1	0.977273	0	2.06612e-05	0.740625	0
	0.406	0	0	1	0.977273	0	8.26446e-05	0.740625	0
	0.407	0	0	1	0.977273	0	2.06612e-05	0.740625	0
	0.408	0	0	1	0.977273	0	8.26446e-05	0.740625	0
	0.409	0	2.06612e-05	1	0.977273	0	2.06612e-05	0.740625	0
	0.41	0	0	1	0.975207	0	6.19835e-05	0.740625	0
	0.411	0	0	1	0.975207	0	4.13223e-05	0.740625	0
	0.412	0	0	1	0.975207	0	8.26446e-05	0.740625	0
	0.413	0	0	1	0.975207	0	6.19835e-05	0.740625	0
	0.414	0	0	1	0.975207	0	6.19835e-05	0.740625	0
	0.415	0	2.06612e-05	1	0.975207	0	0.000144628	0.740625	0
	0.416	0	0	1	0.97314	2.06612e-05	4.13223e-05	0.740625	0
	0.417	0	0	1	0.97314	2.06612e-05	8.26446e-05	0.7375	0
	0.418	0	0	1	0.97314	0	8.26446e-05	0.7375	0
	0.419	0	2.06612e-05	1	0.97314	6.19835e-05	6.19835e-05	0.7375	0
	0.42	0	0	1	0.971074	4.13223e-05	4.13223e-05	0.7375	0
	0.421	0	0	1	0.971074	0	8.26446e-05	0.734375	0
	0.422	0	0	1	0.971074	0	6.19835e-05	0.734375	0
	0.423	0	0	1	0.971074	2.06612e-05	6.19835e-05	0.734375	0
	0.424	0	0	1	0.971074	0	6.19835e-05	0.734375	0
	0.425	0	0	1	0.971074	4.13223e-05	6.19835e-05	0.734375	0
	0.426	0	0	1	0.971074	4.13223e-05	0.000123967	0.734375	0
	0.427	0	2.06612e-05	1	0.971074	2.06612e-05	8.26446e-05	0.734375	0
	0.428	0	0	1	0.969008	4.13223e-05	0.000103306	0.734375	0
	0.429	0	2.06612e-05	1	0.969008	8.26446e-05	6.19835e-05	0.734375	0
	0.43	0	0	1	0.969008	4.13223e-05	8.26446e-05	0.734375	0
	0.431	0	0	1	0.969008	0	0.000103306	0.734375	0
	0.432	0	0	1	0.969008	0	0.000123967	0.734375	0
	0.433	0	0	1	0.969008	6.19835e-05	0.000123967	0.734375	0
	0.434	0	0	1	0.969008	6.19835e-05	8.26446e-05	0.734375	0
	0.435	0	0	1	0.969008	2.06612e-05	8.26446e-05	0.734375	0
	0.436	0	0	1	0.969008	2.06612e-05	0.000206612	0.734375	0
	0.437	0	0	1	0.969008	8.26446e-05	6.19835e-05	0.734375	0
	0.438	0	0	1	0.969008	6.19835e-05	8.26446e-05	0.734375	0
	0.439	0	0	1	0.969008	6.19835e-05	6.19835e-05	0.734375	0
	0.44	0	0	1	0.969008	0.000103306	0.00018595	0.734375	0
	0.441	0	0	1	0.969008	4.13223e-05	0.000123967	0.73125	0
	0.442	0	2.06612e-05	1	0.969008	8.26446e-05	0.000144628	0.73125	0
	0.443	0	0	1	0.966942	6.19835e-05	0.000144628	0.73125	0
	0.444	0	0	1	0.966942	8.26446e-05	0.00018595	0.73125	0
	0.445	0	0	1	0.966942	0.000144628	0.000144628	0.73125	0
	0.446	0	0	1	0.966942	0.000309917	0.00018595	0.73125	0
	0.447	0	0	1	0.966942	0.000144628	8.26446e-05	0.73125	0
	0.448	0	0	1	0.966942	0.00018595	0.000103306	0.73125	0
	0.449	0	2.06612e-05	1	0.966942	0.000123967	0.000144628	0.73125	0
	0.45	0	0	1	0.966942	0.000309917	0.000103306	0.73125	0
	0.451	0	0	1	0.966942	0.000309917	0.000103306	0.728125	0
	0.452	0	0	1	0.966942	0.000247934	0.000123967	0.728125	0
	0.453	0	0	1	0.966942	0.000247934	0.000123967	0.728125	0
	0.454	0	0	1	0.966942	0.000392562	0.000247934	0.728125	0
	0.455	0	0	1	0.966942	0.000330579	6.19835e-05	0.728125	0
	0.456	0	0	1	0.966942	0.000309917	8.26446e-05	0.728125	0
	0.457	0	2.06612e-05	1	0.966942	0.00035124	0.000289256	0.728125	0
	0.458	0	0	1	0.964876	0.000144628	0.000227273	0.728125	0
	0.459	0	0	1	0.964876	0.000392562	0.000227273	0.728125	0
	0.46	0	0	1	0.964876	0.000206612	0.000309917	0.728125	0
	0.461	0	0	1	0.964876	0.000433884	0.000123967	0.728125	0
	0.462	0	2.06612e-05	1	0.964876	0.000309917	0.00018595	0.728125	0
	0.463	0	0	1	0.96281	0.000454545	0.000268595	0.728125	0
	0.464	0	0	1	0.96281	0.000392562	0.00018595	0.728125	0
	0.465	0	0	1	0.96281	0.000268595	0.000330579	0.728125	0
	0.466	0	2.06612e-05	1	0.96281	0.000206612	0.000227273	0.725	0
	0.467	0	0	1	0.96281	0.000371901	0.000227273	0.725	0
	0.468	0	0	1	0.96281	0.000516529	0.000330579	0.725	0
	0.469	0	0	1	0.96281	0.000330579	0.000165289	0.725	0
	0.47	0	0	1	0.96281	0.000475207	0.000123967	0.725	0
	0.471	0	2.06612e-05	1	0.96281	0.00035124	0.00035124	0.725	0
	0.472	0	0	1	0.96281	0.00018595	0.000268595	0.721875	0
	0.473	0	4.13223e-05	1	0.96281	0.000309917	0.00018595	0.721875	0
	0.474	0	4.13223e-05	1	0.960744	0.000289256	0.000454545	0.721875	0
	0.475	0	0	1	0.960744	0.000371901	0.000454545	0.721875	0
	0.476	0	0	1	0.960744	0.000454545	0.000268595	0.724138	0
	0.477	0	0	1	0.960744	0.00053719	0.000309917	0.724138	0
	0.478	0	0	1	0.960744	0.00035124	0.000413223	0.724138	0
	0.479	0	2.06612e-05	1	0.960744	0.000413223	0.000330579	0.721003	0
	0.48	0	0	1	0.958678	0.00053719	0.000475207	0.721003	0
	0.481	0	0	1	0.958678	0.000289256	0.000247934	0.717868	0
	0.482	0	2.06612e-05	1	0.958678	0.000309917	0.000433884	0.720126	0
	0.483	0	0	1	0.956612	0.000392562	0.000578512	0.720126	0
	0.484	0	0	1	0.956612	0.000475207	0.000433884	0.722397	0
	0.485	0	0	1	0.956612	0.000330579	0.000619835	0.724684	0
	0.486	0	0	1	0.956612	0.000392562	0.000495868	0.724684	0
	0.487	0	0	1	0.956612	0.000495868	0.000619835	0.726984	0
	0.488	0	0	1	0.956612	0.000454545	0.000805785	0.726984	0
	0.489	0	0	1	0.956612	0.000516529	0.000805785	0.726984	0
	0.49	0	0	1	0.956612	0.000578512	0.000764463	0.726984	0
	0.491	0	0	1	0.956612	0.000743802	0.000764463	0.726984	0
	0.492	0	0	1	0.956612	0.000661157	0.000805785	0.729299	0
	0.493	0	4.13223e-05	1	0.956612	0.000495868	0.000991736	0.729299	0
	0.494	0	2.06612e-05	1	0.952479	0.000785124	0.000826446	0.728435	0
	0.495	0	2.06612e-05	1	0.950413	0.000743802	0.000847107	0.728435	0
	0.496	0	2.06612e-05	1	0.950413	0.000847107	0.0010124	0.72524	0
	0.497	0	0	1	0.948347	0.0010124	0.00105372	0.72524	0
	0.498	0	2.06612e-05	1	0.948347	0.00105372	0.0013843	0.72524	0
	0.499	0	2.06612e-05	1	0.948347	0.00123967	0.00136364	0.727564	0
	0.5	0	0	1	0.946281	0.0021281	0.00179752	0.724359	0
	0.501	0	0	1	0.946281	0.00243802	0.00194215	0.714744	0
	0.502	0	2.06612e-05	1	0.946281	0.00208678	0.00181818	0.717042	0
	0.503	0	0	1	0.944215	0.0022314	0.00150826	0.705502	0
	0.504	0	4.13223e-05	1	0.944215	0.00227273	0.00192149	0.695793	0
	0.505	0	2.06612e-05	1	0.940083	0.00231405	0.00169421	0.691558	0
	0.506	0	0	1	0.940083	0.00214876	0.00169421	0.688312	0
	0.507	0	0	1	0.940083	0.00239669	0.0017562	0.695082	0
	0.508	0	0	1	0.940083	0.00190083	0.00183884	0.695364	0
	0.509	0	4.13223e-05	1	0.940083	0.00202479	0.00198347	0.694352	0
	0.51	0	0	1	0.93595	0.00233471	0.00179752	0.696667	0
	0.511	0	0	1	0.93595	0.00245868	0.00163223	0.69697	0
	0.512	0	2.06612e-05	1	0.93595	0.00245868	0.00150826	0.697279	0
	0.513	0	0	1	0.93595	0.00216942	0.00167355	0.693878	0
	0.514	0	0	1	0.93595	0.00219008	0.0013843	0.690476	0
	0.515	0	0	1	0.93595	0.00252066	0.00229339	0.682594	0
	0.516	0	2.06612e-05	1	0.93595	0.00194215	0.0017562	0.679181	0
	0.517	0	0	1	0.93595	0.00235537	0.00171488	0.679181	0
	0.518	0	2.06612e-05	1	0.93595	0.00247934	0.00144628	0.680412	0
	0.519	0	0	1	0.933884	0.0022314	0.00154959	0.682759	0
	0.52	0	0	1	0.933884	0.00214876	0.00136364	0.685121	0
	0.521	0	0	1	0.933884	0.00190083	0.00179752	0.685121	0
	0.522	0	2.06612e-05	1	0.933884	0.00208678	0.00128099	0.685121	0
	0.523	0	2.06612e-05	1	0.933884	0.00204545	0.00204545	0.6875	0
	0.524	0	2.06612e-05	1	0.933884	0.00225207	0.00188017	0.687719	0
	0.525	0	0	1	0.931818	0.00256198	0.00165289	0.683099	0
	0.526	0	2.06612e-05	1	0.931818	0.00227273	0.00181818	0.678445	0
	0.527	0	4.13223e-05	1	0.931818	0.00183884	0.00177686	0.683274	0
	0.528	0	6.19835e-05	1	0.927686	0.00258264	0.00173554	0.679715	0
	0.529	0	2.06612e-05	1	0.923554	0.00206612	0.00157025	0.679715	0
	0.53	0	0	1	0.923554	0.00299587	0.00190083	0.678571	0
	0.531	0	2.06612e-05	1	0.923554	0.00206612	0.00161157	0.676259	0
	0.532	0	2.06612e-05	1	0.923554	0.0028719	0.00142562	0.681159	0
	0.533	0	2.06612e-05	1	0.923554	0.00208678	0.00181818	0.676364	0
	0.534	0	4.13223e-05	1	0.921488	0.00231405	0.00190083	0.681319	0
	0.535	0	0	1	0.921488	0.00239669	0.00202479	0.680147	0
	0.536	0	2.06612e-05	1	0.921488	0.00225207	0.00163223	0.678967	0
	0.537	2.06612e-05	0	1	0.921488	0.0021281	0.00163223	0.684015	0
	0.538	0	2.06612e-05	0.997934	0.921488	0.00204545	0.00196281	0.684015	0
	0.539	0	2.06612e-05	0.997934	0.921488	0.00266529	0.00196281	0.679104	0
	0.54	2.06612e-05	2.06612e-05	0.997934	0.921488	0.00260331	0.00210744	0.686792	0
	0.541	2.06612e-05	0	0.997934	0.919421	0.00260331	0.00194215	0.683019	0
	0.542	0	2.06612e-05	0.997934	0.919421	0.00252066	0.00183884	0.681818	0
	0.543	0	0	0.997934	0.919421	0.00233471	0.00204545	0.67803	0
	0.544	2.06612e-05	6.19835e-05	0.997934	0.919421	0.00214876	0.0018595	0.680608	0
	0.545	8.26446e-05	2.06612e-05	0.997934	0.919421	0.00231405	0.00206612	0.684615	0
	0.546	4.13223e-05	0	0.997934	0.919421	0.00285124	0.00210744	0.676923	0
	0.547	0	6.19835e-05	0.997934	0.919421	0.00229339	0.00173554	0.679537	0
	0.548	2.06612e-05	2.06612e-05	0.997934	0.917355	0.0025	0.00190083	0.664093	0
	0.549	0	4.13223e-05	0.997934	0.915289	0.00247934	0.00188017	0.667969	0
	0.55	0	0	0.997934	0.913223	0.00233471	0.00169421	0.665354	0
	0.551	0	0	0.997934	0.913223	0.00258264	0.0017562	0.65748	0
	0.552	2.06612e-05	2.06612e-05	0.997934	0.913223	0.00254132	0.00173554	0.660079	0
	0.553	2.06612e-05	4.13223e-05	0.997934	0.913223	0.00200413	0.00210744	0.662698	0
	0.554	0	4.13223e-05	0.997934	0.911157	0.0027686	0.00216942	0.662698	0
	0.555	0	0	0.997934	0.909091	0.00225207	0.00237603	0.661355	0
	0.556	4.13223e-05	0	0.997934	0.909091	0.00268595	0.00202479	0.656	0
	0.557	4.13223e-05	2.06612e-05	0.997934	0.909091	0.00208678	0.00190083	0.652	0
	0.558	0	0	0.997934	0.907025	0.00177686	0.00192149	0.648	0
	0.559	4.13223e-05	0	0.997934	0.907025	0.00221074	0.0017562	0.648	0
	0.56	0	0	0.997934	0.907025	0.00229339	0.00173554	0.651822	0
	0.561	0.000103306	2.06612e-05	0.997934	0.907025	0.00210744	0.00204545	0.647773	0
	0.562	4.13223e-05	4.13223e-05	0.997934	0.904959	0.00258264	0.00173554	0.631579	0
	0.563	2.06612e-05	4.13223e-05	0.997934	0.904959	0.00216942	0.00183884	0.62449	0
	0.564	4.13223e-05	2.06612e-05	0.997934	0.902893	0.00208678	0.0017562	0.618852	0
	0.565	6.19835e-05	2.06612e-05	0.997934	0.902893	0.0021281	0.00173554	0.618852	0
	0.566	8.26446e-05	0	0.997934	0.902893	0.0021281	0.00167355	0.629167	0
	0.567	8.26446e-05	6.19835e-05	0.997934	0.902893	0.00204545	0.00177686	0.631799	0
	0.568	0.000103306	0	0.997934	0.89876	0.00190083	0.00183884	0.632911	0
	0.569	4.13223e-05	6.19835e-05	0.997934	0.89876	0.00190083	0.00210744	0.635593	0
	0.57	0	0	0.997934	0.894628	0.00231405	0.00196281	0.634043	0
	0.571	4.13223e-05	0	0.997934	0.894628	0.00167355	0.00206612	0.628205	0
	0.572	0	2.06612e-05	0.997934	0.894628	0.00237603	0.00196281	0.622318	0
	0.573	2.06612e-05	4.13223e-05	0.997934	0.894628	0.00229339	0.00206612	0.618026	0
	0.574	4.13223e-05	4.13223e-05	0.997934	0.892562	0.00188017	0.00229339	0.62069	0
	0.575	2.06612e-05	0	0.997934	0.890496	0.00179752	0.00161157	0.616379	0
	0.576	0	0	0.997934	0.890496	0.00171488	0.00165289	0.617391	0
	0.577	2.06612e-05	0	0.997934	0.890496	0.00190083	0.0022314	0.620087	0
	0.578	2.06612e-05	2.06612e-05	0.997934	0.890496	0.00216942	0.00146694	0.618421	0
	0.579	4.13223e-05	0	0.997934	0.890496	0.00216942	0.00219008	0.614035	0
	0.58	4.13223e-05	4.13223e-05	0.997934	0.890496	0.00190083	0.00167355	0.612335	0
	0.581	6.19835e-05	6.19835e-05	0.997934	0.88843	0.00219008	0.00179752	0.60793	0
	0.582	4.13223e-05	2.06612e-05	0.997934	0.886364	0.00245868	0.00192149	0.604444	0
	0.583	2.06612e-05	0	0.997934	0.886364	0.00231405	0.00171488	0.59375	0
	0.584	6.19835e-05	2.06612e-05	0.997934	0.886364	0.00239669	0.0021281	0.604545	0
	0.585	4.13223e-05	6.19835e-05	0.997934	0.886364	0.00262397	0.00200413	0.605505	0
	0.586	4.13223e-05	0	0.997934	0.884298	0.00237603	0.00183884	0.606481	0
	0.587	4.13223e-05	2.06612e-05	0.997934	0.884298	0.00196281	0.00171488	0.610329	0
	0.588	8.26446e-05	4.13223e-05	0.997934	0.884298	0.00190083	0.00194215	0.605634	0
	0.589	4.13223e-05	0	0.997934	0.882231	0.00216942	0.00202479	0.603774	0
	0.59	2.06612e-05	2.06612e-05	0.997934	0.882231	0.00194215	0.0025	0.603774	0
	0.591	4.13223e-05	6.19835e-05	0.997934	0.882231	0.00208678	0.00146694	0.601896	0
	0.592	2.06612e-05	2.06612e-05	0.997934	0.880165	0.00200413	0.00196281	0.602871	0
	0.593	0	0	0.997934	0.880165	0.00210744	0.00188017	0.596154	0
	0.594	6.19835e-05	4.13223e-05	0.997934	0.880165	0.00258264	0.00198347	0.594203	0
	0.595	0	2.06612e-05	0.997934	0.880165	0.00219008	0.00144628	0.6	0
	0.596	2.06612e-05	2.06612e-05	0.997934	0.880165	0.00239669	0.00171488	0.605911	0
	0.597	0	0	0.997934	0.880165	0.00252066	0.00177686	0.600985	0
	0.598	6.19835e-05	2.06612e-05	0.997934	0.880165	0.00225207	0.00231405	0.600985	0
	0.599	2.06612e-05	2.06612e-05	0.997934	0.880165	0.0025	0.00179752	0.596059	0
	0.6	2.06612e-05	2.06612e-05	0.997934	0.878099	0.00206612	0.00233471	0.59901	0
	0.601	2.06612e-05	0	0.997934	0.878099	0.00252066	0.00206612	0.594059	0
	0.602	2.06612e-05	0	0.997934	0.878099	0.00241736	0.00183884	0.59204	0
	0.603	0	2.06612e-05	0.997934	0.878099	0.00229339	0.0018595	0.595	0
	0.604	2.06612e-05	6.19835e-05	0.997934	0.878099	0.00202479	0.00154959	0.59596	0
	0.605	2.06612e-05	0	0.997934	0.878099	0.0025	0.00188017	0.59596	0
	0.606	0	0	0.997934	0.878099	0.0025	0.00192149	0.598985	0
	0.607	4.13223e-05	0	0.997934	0.878099	0.00202479	0.00165289	0.598958	0
	0.608	0	2.06612e-05	0.995868	0.878099	0.00254132	0.00169421	0.605263	0
	0.609	0	2.06612e-05	0.995868	0.876033	0.00233471	0.00165289	0.609626	0
	0.61	0	4.13223e-05	0.995868	0.873967	0.00206612	0.00206612	0.612903	0
	0.611	0	0	0.995868	0.871901	0.00200413	0.00159091	0.612903	0
	0.612	0	0	0.995868	0.871901	0.00231405	0.00198347	0.605405	0
	0.613	0	2.06612e-05	0.995868	0.871901	0.00231405	0.00173554	0.605405	0
	0.614	0	0	0.995868	0.871901	0.00247934	0.0017562	0.6	0
	0.615	0	2.06612e-05	0.995868	0.871901	0.0021281	0.00198347	0.583784	0
	0.616	0	2.06612e-05	0.995868	0.871901	0.00188017	0.00200413	0.583784	0
	0.617	2.06612e-05	2.06612e-05	0.995868	0.871901	0.00229339	0.00183884	0.576087	0
	0.618	0	2.06612e-05	0.995868	0.869835	0.00225207	0.00204545	0.582418	0
	0.619	2.06612e-05	0	0.995868	0.869835	0.00216942	0.00177686	0.56044	0
	0.62	0	2.06612e-05	0.99793	0.869835	0.00204545	0.00225207	0.564246	0
	0.621	2.06612e-05	4.13223e-05	0.99793	0.869835	0.00235537	0.00177686	0.561798	0
	0.622	0	4.13223e-05	0.99793	0.867769	0.00183884	0.00188017	0.565714	0
	0.623	2.06612e-05	2.06612e-05	0.99793	0.867769	0.00196281	0.0014876	0.563218	0
	0.624	0	0	0.99793	0.867769	0.00169421	0.00206612	0.549133	0
	0.625	0	4.13223e-05	0.99793	0.867769	0.00225207	0.00210744	0.543353	0
	0.626	0	2.06612e-05	0.99793	0.867769	0.00183884	0.00183884	0.549708	0
	0.627	4.13223e-05	2.06612e-05	0.99793	0.865702	0.0021281	0.00161157	0.549708	0
	0.628	2.06612e-05	2.06612e-05	0.99793	0.863636	0.00202479	0.00183884	0.54386	0
	0.629	0	4.13223e-05	0.99793	0.86157	0.0017562	0.00177686	0.550296	0
	0.63	0	2.06612e-05	0.99793	0.86157	0.00167355	0.00198347	0.538462	0
	0.631	2.06612e-05	2.06612e-05	0.99793	0.86157	0.00183884	0.00202479	0.532544	0
	0.632	6.19835e-05	2.06612e-05	0.99793	0.859504	0.00200413	0.00190083	0.526627	0
	0.633	2.06612e-05	4.13223e-05	0.99793	0.857438	0.0017562	0.00188017	0.524096	0
	0.634	6.19835e-05	6.19835e-05	0.99793	0.857438	0.00188017	0.00150826	0.530488	0
	0.635	0	4.13223e-05	0.99793	0.855372	0.00194215	0.00192149	0.540373	0
	0.636	2.06612e-05	4.13223e-05	0.99793	0.855372	0.00167355	0.00214876	0.525	0
	0.637	2.06612e-05	2.06612e-05	0.99793	0.855372	0.00179752	0.00179752	0.525	0
	0.638	6.19835e-05	2.06612e-05	0.99793	0.855372	0.00179752	0.00179752	0.525	0
	0.639	0	6.19835e-05	0.99793	0.853306	0.00216942	0.00163223	0.525	0
	0.64	0.000123967	0.000103306	0.99793	0.853306	0.0021281	0.00208678	0.528662	0
	0.641	4.13223e-05	0	0.99793	0.85124	0.00235537	0.00183884	0.522581	0
	0.642	6.19835e-05	8.26446e-05	0.99793	0.85124	0.00198347	0.00190083	0.525974	0
	0.643	0.000123967	0	0.99793	0.849174	0.00177686	0.00181818	0.525974	0
	0.644	2.06612e-05	0	0.99793	0.849174	0.00177686	0.0022314	0.522876	0
	0.645	8.26446e-05	0.000103306	0.99793	0.849174	0.00210744	0.00188017	0.523179	0
	0.646	2.06612e-05	4.13223e-05	0.99793	0.849174	0.00188017	0.00194215	0.516556	0
	0.647	4.13223e-05	4.13223e-05	0.99793	0.847107	0.00237603	0.00200413	0.503356	0
	0.648	4.13223e-05	2.06612e-05	0.99793	0.847107	0.00181818	0.00159091	0.489933	0
	0.649	6.19835e-05	4.13223e-05	0.99793	0.847107	0.00216942	0.00165289	0.483221	0
	0.65	0	8.26446e-05	0.99793	0.847107	0.00167355	0.00171488	0.486301	0
	0.651	6.19835e-05	4.13223e-05	0.99793	0.842975	0.0021281	0.00181818	0.489655	0
	0.652	4.13223e-05	4.13223e-05	0.99793	0.842975	0.00192149	0.00210744	0.493056	0
	0.653	8.26446e-05	0	0.99793	0.842975	0.00179752	0.00204545	0.507143	0
	0.654	4.13223e-05	0	0.99793	0.842975	0.00210744	0.00177686	0.514493	0
	0.655	4.13223e-05	4.13223e-05	0.99793	0.842975	0.00219008	0.00169421	0.50365	0
	0.656	8.26446e-05	6.19835e-05	0.99793	0.842975	0.00154959	0.00231405	0.49635	0
	0.657	6.19835e-05	4.13223e-05	0.99793	0.840909	0.00225207	0.00198347	0.507463	0
	0.658	8.26446e-05	4.13223e-05	0.99793	0.840909	0.00221074	0.00190083	0.507463	0
	0.659	4.13223e-05	2.06612e-05	0.99793	0.840909	0.00208678	0.0017562	0.492537	0
	0.66	2.06612e-05	2.06612e-05	0.99793	0.840909	0.0018595	0.00183884	0.488722	0
	0.661	2.06612e-05	4.13223e-05	0.99793	0.840909	0.00233471	0.00169421	0.473684	0
	0.662	2.06612e-05	2.06612e-05	0.99793	0.838843	0.00169421	0.00208678	0.473684	0
	0.663	4.13223e-05	6.19835e-05	0.99793	0.838843	0.00216942	0.00181818	0.466165	0
	0.664	2.06612e-05	0.000103306	0.99793	0.838843	0.00171488	0.0018595	0.454545	0
	0.665	2.06612e-05	6.19835e-05	0.99793	0.838843	0.00219008	0.0021281	0.450382	0
	0.666	2.06612e-05	6.19835e-05	0.99793	0.836777	0.00192149	0.00152893	0.460938	0
	0.667	4.13223e-05	0	0.99793	0.836777	0.00163223	0.00194215	0.460317	0
	0.668	6.19835e-05	2.06612e-05	0.99793	0.836777	0.00200413	0.00171488	0.467742	0
	0.669	4.13223e-05	6.19835e-05	0.99793	0.836777	0.00200413	0.00181818	0.467742	0
	0.67	4.13223e-05	6.19835e-05	0.99793	0.836777	0.00167355	0.0018595	0.459677	0
	0.671	0	4.13223e-05	0.99793	0.836777	0.00208678	0.00171488	0.455285	0
	0.672	2.06612e-05	0.000144628	0.99793	0.834711	0.00227273	0.00200413	0.459016	0
	0.673	2.06612e-05	6.19835e-05	0.99793	0.832645	0.00167355	0.00190083	0.454545	0
	0.674	0	6.19835e-05	0.99793	0.832645	0.0018595	0.00192149	0.441667	0
	0.675	0	2.06612e-05	0.99793	0.830579	0.00179752	0.00206612	0.445378	0
	0.676	0	2.06612e-05	0.99793	0.830579	0.00188017	0.00210744	0.436975	0
	0.677	0	6.19835e-05	0.99793	0.830579	0.00202479	0.00194215	0.432203	0
	0.678	0	0.000123967	0.99793	0.828512	0.00173554	0.00169421	0.439655	0
	0.679	0	6.19835e-05	0.99793	0.826446	0.00177686	0.00159091	0.438596	0
	0.68	0	0	0.99793	0.826446	0.0021281	0.00173554	0.438596	0
	0.681	0	6.19835e-05	0.99793	0.826446	0.00192149	0.00200413	0.438596	0
	0.682	2.06612e-05	2.06612e-05	0.99793	0.822314	0.00221074	0.00208678	0.419643	0
	0.683	0	4.13223e-05	0.99793	0.822314	0.00206612	0.00188017	0.414414	0
	0.684	2.06612e-05	6.19835e-05	0.99793	0.822314	0.00219008	0.00169421	0.418182	0
	0.685	2.06612e-05	6.19835e-05	0.99793	0.822314	0.0018595	0.00179752	0.418182	0
	0.686	0	8.26446e-05	0.99793	0.820248	0.00210744	0.00219008	0.416667	0
	0.687	0	0.000103306	0.99793	0.820248	0.00188017	0.00177686	0.407407	0
	0.688	4.13223e-05	4.13223e-05	0.99793	0.818182	0.00190083	0.00188017	0.401869	0
	0.689	0	8.26446e-05	0.99793	0.816116	0.00144628	0.00177686	0.392523	0
	0.69	0	0.000103306	0.99793	0.816116	0.00196281	0.00163223	0.367925	0
	0.691	2.06612e-05	0	0.99793	0.816116	0.00179752	0.00188017	0.361905	0
	0.692	0	2.06612e-05	1	0.816116	0.00171488	0.0017562	0.355769	0
	0.693	0	8.26446e-05	1	0.816116	0.00177686	0.00198347	0.349515	0
	0.694	0	8.26446e-05	1	0.816116	0.00181818	0.00173554	0.330097	0
	0.695	2.06612e-05	8.26446e-05	1	0.81405	0.0018595	0.00188017	0.330097	0
	0.696	0	8.26446e-05	0.997925	0.81405	0.00200413	0.00167355	0.323529	0
	0.697	0	6.19835e-05	0.997925	0.81405	0.0018595	0.0017562	0.326733	0
	0.698	0	2.06612e-05	0.997925	0.811983	0.00173554	0.00173554	0.333333	0
	0.699	0	0.000103306	0.997925	0.809917	0.00169421	0.00119835	0.326531	0
	0.7	0	4.13223e-05	0.997925	0.809917	0.00169421	0.00163223	0.319588	0
	0.701	2.06612e-05	8.26446e-05	0.997925	0.809917	0.00167355	0.00150826	0.315789	0
	0.702	0	2.06612e-05	0.997925	0.807851	0.00216942	0.00157025	0.315789	0
	0.703	0	0.000144628	0.997925	0.807851	0.00183884	0.00177686	0.319149	0
	0.704	0	6.19835e-05	0.997925	0.805785	0.00165289	0.00154959	0.322581	0
	0.705	2.06612e-05	0.000123967	0.997925	0.805785	0.00171488	0.00194215	0.322581	0
	0.706	0	8.26446e-05	0.997925	0.803719	0.00136364	0.00154959	0.326087	0
	0.707	2.06612e-05	0.000103306	0.997925	0.803719	0.00171488	0.00183884	0.32967	0
	0.708	2.06612e-05	6.19835e-05	0.997925	0.801653	0.00167355	0.00161157	0.32967	0
	0.709	0	0.000103306	0.997925	0.801653	0.0018595	0.00171488	0.322222	0
	0.71	2.06612e-05	8.26446e-05	0.997925	0.797521	0.00192149	0.0017562	0.325843	0
	0.711	2.06612e-05	0.000103306	0.997925	0.797521	0.00181818	0.00181818	0.318182	0
	0.712	6.19835e-05	6.19835e-05	0.997925	0.795455	0.00192149	0.00161157	0.310345	0
	0.713	0	8.26446e-05	0.997925	0.793388	0.00167355	0.00169421	0.313953	0
	0.714	4.13223e-05	0.000144628	0.997925	0.791322	0.00173554	0.0014876	0.313953	0
	0.715	8.26446e-05	0	0.997925	0.791322	0.00181818	0.00140496	0.317647	0
	0.716	4.13223e-05	0.000206612	0.997925	0.791322	0.00146694	0.00154959	0.297619	0
	0.717	0	6.19835e-05	0.997925	0.791322	0.00154959	0.00183884	0.301205	0
	0.718	6.19835e-05	0.000144628	0.997925	0.789256	0.0014876	0.00181818	0.296296	0
	0.719	2.06612e-05	0.000103306	0.997925	0.78719	0.00154959	0.00163223	0.283951	0
	0.72	4.13223e-05	6.19835e-05	0.997925	0.783058	0.00157025	0.0018595	0.278481	0
	0.721	4.13223e-05	0.000103306	0.997925	0.783058	0.0014876	0.00130165	0.272727	0
	0.722	2.06612e-05	0.000103306	0.997925	0.783058	0.00140496	0.00177686	0.276316	0
	0.723	8.26446e-05	6.19835e-05	0.997925	0.780992	0.00161157	0.00173554	0.291667	0
	0.724	8.26446e-05	8.26446e-05	0.997925	0.780992	0.00157025	0.00173554	0.28169	0
	0.725	6.19835e-05	6.19835e-05	0.997925	0.780992	0.00171488	0.00188017	0.285714	0
	0.726	0	4.13223e-05	0.997925	0.780992	0.00152893	0.00181818	0.294118	0
	0.727	8.26446e-05	0.000165289	0.997925	0.780992	0.00132231	0.00177686	0.294118	0
	0.728	0.000103306	2.06612e-05	0.997925	0.778926	0.00173554	0.00163223	0.292308	0
	0.729	2.06612e-05	0.000206612	0.997925	0.778926	0.00121901	0.00190083	0.292308	0
	0.73	4.13223e-05	0.000103306	0.997925	0.778926	0.00171488	0.00150826	0.301587	0
	0.731	0	0.000165289	0.997925	0.77686	0.00140496	0.00144628	0.290323	0
	0.732	4.13223e-05	6.19835e-05	0.997925	0.772727	0.00157025	0.00140496	0.290323	0
	0.733	0	4.13223e-05	0.997925	0.772727	0.00134298	0.00183884	0.274194	0
	0.734	8.26446e-05	0.000123967	0.997925	0.770661	0.00128099	0.00161157	0.278689	0
	0.735	0.000103306	4.13223e-05	0.997925	0.766529	0.00132231	0.00177686	0.283333	0
	0.736	8.26446e-05	0.000144628	0.997925	0.762397	0.00121901	0.00165289	0.283333	0
	0.737	0.000123967	0.000123967	0.997925	0.760331	0.00130165	0.00140496	0.283333	0
	0.738	8.26446e-05	0.000103306	0.997925	0.758264	0.00123967	0.00165289	0.283333	0
	0.739	8.26446e-05	0.000165289	0.997925	0.754132	0.00136364	0.00169421	0.283333	0
	0.74	4.13223e-05	0.000103306	0.997925	0.754132	0.000991736	0.00167355	0.283333	0
	0.741	2.06612e-05	6.19835e-05	0.997925	0.752066	0.0011157	0.00159091	0.288136	0
	0.742	4.13223e-05	0.000123967	0.997925	0.75	0.000991736	0.00157025	0.293103	0
	0.743	2.06612e-05	8.26446e-05	0.997925	0.75	0.00132231	0.00169421	0.298246	0
	0.744	4.13223e-05	0.000103306	0.997925	0.747934	0.000991736	0.0013843	0.296296	0
	0.745	6.19835e-05	4.13223e-05	0.995851	0.745868	0.00113636	0.00157025	0.307692	0
	0.746	4.13223e-05	2.06612e-05	0.995851	0.745868	0.000867769	0.00128099	0.288462	0
	0.747	4.13223e-05	0.000144628	0.995851	0.745868	0.00119835	0.00130165	0.269231	0
	0.748	8.26446e-05	0.000103306	0.995851	0.745868	0.00113636	0.00161157	0.27451	0
	0.749	4.13223e-05	0.000165289	0.993776	0.743802	0.000847107	0.00144628	0.285714	0
	0.75	2.06612e-05	0.000103306	0.993776	0.741736	0.000764463	0.00109504	0.270833	0
	0.751	4.13223e-05	0.000206612	0.993776	0.739669	0.0010124	0.00142562	0.276596	0
	0.752	2.06612e-05	0.000103306	0.993776	0.735537	0.000929752	0.00150826	0.282609	0
	0.753	4.13223e-05	4.13223e-05	0.993776	0.733471	0.000847107	0.00119835	0.282609	0
	0.754	6.19835e-05	0.000103306	0.993776	0.731405	0.000785124	0.00146694	0.26087	0
	0.755	4.13223e-05	0.000103306	0.993776	0.729339	0.00103306	0.00142562	0.26087	0
	0.756	4.13223e-05	0.000165289	0.993776	0.72314	0.000991736	0.00134298	0.266667	0
	0.757	4.13223e-05	0.000103306	0.993776	0.721074	0.00103306	0.00165289	0.266667	0
	0.758	4.13223e-05	0.000103306	0.993776	0.721074	0.000785124	0.00119835	0.272727	0
	0.759	4.13223e-05	0.00018595	0.993776	0.719008	0.000640496	0.0013843	0.285714	0
	0.76	6.19835e-05	0.000123967	0.993776	0.719008	0.000764463	0.0013843	0.292683	0
	0.761	0.000103306	0.000144628	0.993776	0.716942	0.000661157	0.00165289	0.292683	0
	0.762	4.13223e-05	0.00018595	0.995842	0.716942	0.000847107	0.00146694	0.275	0
	0.763	0.000123967	2.06612e-05	0.995842	0.710744	0.000619835	0.00159091	0.282051	0
	0.764	0.000103306	0.000123967	0.995842	0.710744	0.000619835	0.00130165	0.263158	0
	0.765	8.26446e-05	0.000247934	0.995842	0.708678	0.000599174	0.000971074	0.277778	0
	0.766	0.000103306	0.000123967	0.995842	0.702479	0.000785124	0.00144628	0.25	0
	0.767	4.13223e-05	0.000144628	0.995842	0.700413	0.000557851	0.00146694	0.264706	0
	0.768	0.000144628	4.13223e-05	0.995842	0.700413	0.000950413	0.0013843	0.272727	0
	0.769	0.00018595	2.06612e-05	0.993763	0.700413	0.000475207	0.00132231	0.290323	0
	0.77	0.00018595	0.000123967	0.993763	0.700413	0.000971074	0.00119835	0.3	0
	0.771	0.000123967	0.000165289	0.993763	0.700413	0.00072314	0.00134298	0.3	0
	0.772	8.26446e-05	0.000206612	0.993763	0.698347	0.000867769	0.0014876	0.241379	0
	0.773	0.000103306	4.13223e-05	0.993763	0.696281	0.000619835	0.00117769	0.214286	0
	0.774	8.26446e-05	0.000165289	0.993763	0.694215	0.000578512	0.00121901	0.214286	0
	0.775	8.26446e-05	8.26446e-05	0.993763	0.690083	0.00072314	0.00103306	0.230769	0
	0.776	0.000103306	0.000206612	0.993763	0.688017	0.000454545	0.0010124	0.230769	0
	0.777	0.000123967	0.000144628	0.993763	0.683884	0.000516529	0.00140496	0.230769	0
	0.778	4.13223e-05	0.000227273	0.993763	0.681818	0.000578512	0.0011157	0.24	0
	0.779	0.000206612	8.26446e-05	0.993763	0.679752	0.000661157	0.00121901	0.24	0
	0.78	0.000123967	0.00018595	0.993763	0.677686	0.000516529	0.00128099	0.24	0
	0.781	0.000123967	0.000144628	0.993763	0.673554	0.000516529	0.00123967	0.24	0
	0.782	0.000103306	0.000330579	0.993763	0.671488	0.000619835	0.00105372	0.24	0
	0.783	0.00018595	0.000144628	0.993763	0.669421	0.000557851	0.0010124	0.24	0
	0.784	0.000165289	0.000247934	0.993763	0.669421	0.000619835	0.0010124	0.25	0
	0.785	0.000227273	0.000123967	0.993763	0.667355	0.00053719	0.0013843	0.26087	0
	0.786	0.000123967	0.000165289	0.993763	0.665289	0.000619835	0.00115702	0.272727	0
	0.787	6.19835e-05	0.000247934	0.993763	0.665289	0.000433884	0.00105372	0.272727	0
	0.788	0.00018595	0.000268595	0.993763	0.661157	0.000516529	0.0011157	0.272727	0
	0.789	0.000103306	0.000103306	0.993763	0.659091	0.000702479	0.00117769	0.272727	0
	0.79	8.26446e-05	0.000227273	0.993763	0.659091	0.000681818	0.000847107	0.272727	0
	0.791	2.06612e-05	0.000268595	0.993763	0.654959	0.000578512	0.00121901	0.285714	0
	0.792	0.000144628	0.000227273	0.993763	0.650826	0.000661157	0.000929752	0.25	0
	0.793	6.19835e-05	0.000144628	0.993763	0.646694	0.000640496	0.00130165	0.25	0
	0.794	0.000144628	8.26446e-05	0.993763	0.646694	0.000516529	0.00119835	0.277778	0
	0.795	0.000103306	0.000165289	0.993763	0.644628	0.000330579	0.000702479	0.277778	0
	0.796	0.000144628	0.000103306	0.993763	0.644628	0.000557851	0.000826446	0.277778	0
	0.797	0.000103306	0.000123967	0.993763	0.644628	0.000702479	0.000785124	0.277778	0
	0.798	6.19835e-05	0.000227273	0.993763	0.644628	0.000475207	0.00103306	0.277778	0
	0.799	0.000144628	0.00018595	0.993763	0.640496	0.000516529	0.00105372	0.277778	0
	0.8	4.13223e-05	0.00018595	0.993763	0.63843	0.000764463	0.00123967	0.277778	0
	0.801	8.26446e-05	0.000165289	0.993763	0.634298	0.000413223	0.00105372	0.277778	0
	0.802	4.13223e-05	0.000268595	0.993763	0.634298	0.000599174	0.000929752	0.277778	0
	0.803	8.26446e-05	6.19835e-05	0.995833	0.630165	0.00035124	0.00132231	0.277778	0
	0.804	0.000123967	0.00018595	0.995833	0.630165	0.000475207	0.00103306	0.235294	0
	0.805	4.13223e-05	6.19835e-05	0.995833	0.628099	0.000578512	0.000971074	0.235294	0
	0.806	8.26446e-05	0.000227273	0.995833	0.628099	0.000392562	0.00103306	0.235294	0
	0.807	4.13223e-05	0.000165289	0.995833	0.623967	0.000268595	0.00072314	0.235294	0
	0.808	8.26446e-05	0.000247934	0.995833	0.621901	0.000371901	0.000847107	0.235294	0
	0.809	0	0.000330579	0.995833	0.621901	0.000247934	0.00109504	0.25	0
	0.81	6.19835e-05	0.000227273	0.995833	0.619835	0.000433884	0.000681818	0.25	0
	0.811	0.000103306	0.000247934	0.995833	0.615702	0.000454545	0.00117769	0.25	0
	0.812	8.26446e-05	0.00018595	0.995833	0.61157	0.000268595	0.00107438	0.25	0
	0.813	2.06612e-05	0.000247934	0.995833	0.609504	0.000371901	0.000681818	0.266667	0
	0.814	2.06612e-05	0.000165289	0.995833	0.607438	0.000227273	0.00130165	0.266667	0
	0.815	8.26446e-05	0.000309917	0.99375	0.607438	0.00035124	0.000805785	0.214286	0
	0.816	0	0.000330579	0.99375	0.599174	0.000309917	0.000929752	0.214286	0
	0.817	2.06612e-05	0.000227273	0.99375	0.599174	0.000165289	0.000681818	0.214286	0
	0.818	4.13223e-05	0.000247934	0.99375	0.595041	0.000227273	0.000909091	0.214286	0
	0.819	4.13223e-05	0.000227273	0.99375	0.588843	0.000330579	0.000681818	0.214286	0
	0.82	0	0.000247934	0.995825	0.584711	0.000144628	0.000847107	0.214286	0
	0.821	0.000123967	0.000268595	0.995825	0.584711	0.000123967	0.000991736	0.214286	0
	0.822	2.06612e-05	0.000227273	0.995825	0.580579	0.000103306	0.000847107	0.214286	0
	0.823	4.13223e-05	0.000206612	0.995825	0.572314	0.000247934	0.000681818	0.214286	0
	0.824	0	0.000268595	0.995825	0.570248	0.000247934	0.000640496	0.230769	0
	0.825	4.13223e-05	0.000268595	0.995825	0.568182	0.000289256	0.000991736	0.25	0
	0.826	2.06612e-05	0.00018595	0.993737	0.559917	8.26446e-05	0.000681818	0.272727	0
	0.827	8.26446e-05	0.00035124	0.993737	0.557851	0.000144628	0.000971074	0.272727	0
	0.828	2.06612e-05	0.000227273	0.993737	0.549587	0.000206612	0.000661157	0.272727	0
	0.829	8.26446e-05	0.000392562	0.993737	0.547521	0.000123967	0.000847107	0.3	0
	0.83	6.19835e-05	0.000330579	0.993737	0.539256	0.000103306	0.000661157	0.3	0
	0.831	2.06612e-05	0.00035124	0.991649	0.535124	0.000103306	0.00088843	0.3	0
	0.832	4.13223e-05	0.00035124	0.991649	0.533058	0.000103306	0.000681818	0.333333	0
	0.833	0.000123967	0.000289256	0.991649	0.528926	0.000165289	0.000785124	0.333333	0
	0.834	8.26446e-05	0.000309917	0.989562	0.524793	0.000144628	0.000805785	0.333333	0
	0.835	2.06612e-05	0.000309917	0.991632	0.520661	0.000227273	0.000495868	0.333333	0
	0.836	8.26446e-05	0.000309917	0.991632	0.512397	0.000103306	0.000867769	0.375	0
	0.837	0.000165289	0.00035124	0.991632	0.508264	0.000103306	0.00053719	0.5	0
	0.838	0.000103306	0.000289256	0.991632	0.504132	0.000103306	0.000702479	0.333333	0
	0.839	0.000206612	0.000309917	0.991632	0.502066	0.000123967	0.000578512	0.333333	0
	0.84	0.00018595	0.000268595	0.98954	0.497934	0.000227273	0.000702479	0.333333	0
	0.841	0.000144628	0.000309917	0.987448	0.495868	0.000144628	0.000640496	0.333333	0
	0.842	0.000165289	0.000330579	0.985356	0.495868	0.00018595	0.000805785	0.333333	0
	0.843	0.000144628	0.00035124	0.985356	0.487603	0.00018595	0.000392562	0.333333	0
	0.844	0.000309917	0.000309917	0.985356	0.483471	0.000165289	0.000619835	0.333333	0
	0.845	0.000268595	0.000413223	0.983264	0.481405	0.000165289	0.000805785	0.333333	0
	0.846	0.00018595	0.00035124	0.983264	0.481405	0.000144628	0.000640496	0.333333	0
	0.847	0.000123967	0.000495868	0.983264	0.47314	0.000165289	0.000454545	0.4	0
	0.848	0.000289256	0.00035124	0.983264	0.469008	0.000227273	0.000599174	0.4	0
	0.849	0.000227273	0.000309917	0.983264	0.46281	0.000144628	0.000805785	0.2	0
	0.85	0.000330579	0.000433884	0.981172	0.460744	0.00018595	0.000475207	0.2	0
	0.851	0.000227273	0.000413223	0.981172	0.454545	0.00018595	0.000516529	0.2	0
	0.852	0.000227273	0.000578512	0.981172	0.448347	0.000165289	0.000475207	0.2	0
	0.853	0.000433884	0.000557851	0.981172	0.438017	8.26446e-05	0.000599174	0.2	0
	0.854	0.000413223	0.000392562	0.981172	0.427686	0.000103306	0.000557851	0.2	0
	0.855	0.000433884	0.000413223	0.981172	0.417355	0.000144628	0.00072314	0.2	0
	0.856	0.000371901	0.000413223	0.981172	0.411157	0.000165289	0.000454545	0.2	0
	0.857	0.000495868	0.000557851	0.981172	0.407025	0.000103306	0.000661157	0.2	0
	0.858	0.000454545	0.000433884	0.979079	0.402893	0.00018595	0.000516529	0.2	0
	0.859	0.000475207	0.000247934	0.979079	0.396694	0.000165289	0.000413223	0.2	0
	0.86	0.00053719	0.000640496	0.976987	0.390496	6.19835e-05	0.000599174	0.2	0
	0.861	0.000454545	0.000454545	0.976987	0.384298	0.000227273	0.000764463	0.2	0
	0.862	0.000619835	0.00053719	0.976987	0.373967	0.00018595	0.000454545	0.2	0
	0.863	0.000599174	0.000247934	0.974895	0.36157	0.000103306	0.00053719	0.2	0
	0.864	0.000413223	0.000454545	0.976939	0.359504	0.000227273	0.000392562	0.2	0
	0.865	0.000475207	0.00053719	0.976939	0.353306	0.000371901	0.000454545	0.2	0
	0.866	0.000516529	0.000516529	0.976939	0.347107	0.000123967	0.000392562	0.25	0
	0.867	0.000578512	0.000475207	0.976939	0.342975	8.26446e-05	0.000516529	0.25	0
	0.868	0.000516529	0.000433884	0.976939	0.336777	4.13223e-05	0.000640496	0.25	0
	0.869	0.000495868	0.000413223	0.972746	0.334711	0.000123967	0.000454545	0.25	0
	0.87	0.000599174	0.000495868	0.972746	0.328512	0.000247934	0.000557851	0.25	0
	0.871	0.000516529	0.000495868	0.97065	0.322314	0.000144628	0.000413223	0.25	0
	0.872	0.000578512	0.000557851	0.97065	0.318182	0.000144628	0.000392562	0.25	0
	0.873	0.000516529	0.000475207	0.968553	0.318182	0.000123967	0.000392562	0.25	0
	0.874	0.000413223	0.000413223	0.968553	0.31405	8.26446e-05	0.000309917	0.25	0
	0.875	0.000495868	0.000475207	0.968553	0.305785	0.000165289	0.000330579	0.25	0
	0.876	0.00072314	0.000805785	0.968553	0.299587	0.00018595	0.000392562	0.333333	0
	0.877	0.000495868	0.000764463	0.968553	0.293388	6.19835e-05	0.000392562	0.333333	0
	0.878	0.000392562	0.000495868	0.968553	0.285124	0.000165289	0.000371901	0.333333	0
	0.879	0.000392562	0.000495868	0.968553	0.280992	6.19835e-05	0.000227273	0.333333	0
	0.88	0.000599174	0.00072314	0.968553	0.270661	4.13223e-05	0.000371901	0.333333	0
	0.881	0.000702479	0.000619835	0.968553	0.268595	2.06612e-05	0.000330579	0.333333	0
	0.882	0.000268595	0.000681818	0.966457	0.262397	6.19835e-05	0.000268595	0.333333	0
	0.883	0.000557851	0.000516529	0.968487	0.254132	4.13223e-05	0.000371901	0.333333	0
	0.884	0.000599174	0.000764463	0.968487	0.252066	6.19835e-05	0.000268595	0.333333	0
	0.885	0.000433884	0.000909091	0.966387	0.241736	8.26446e-05	0.000371901	0.333333	0
	0.886	0.00053719	0.000661157	0.966387	0.235537	6.19835e-05	0.000289256	0.333333	0
	0.887	0.000702479	0.000847107	0.966316	0.231405	4.13223e-05	0.000330579	0.333333	0
	0.888	0.000599174	0.000764463	0.966316	0.221074	6.19835e-05	0.000330579	0.333333	0
	0.889	0.000785124	0.000599174	0.966316	0.219008	6.19835e-05	0.000289256	0.333333	0
	0.89	0.000681818	0.000909091	0.964211	0.21281	2.06612e-05	0.000413223	0.333333	0
	0.891	0.000661157	0.00072314	0.964211	0.206612	2.06612e-05	0.000392562	0.333333	0
	0.892	0.000661157	0.000805785	0.966245	0.204545	0	0.000268595	0.5	0
	0.893	0.000867769	0.000805785	0.966245	0.200413	2.06612e-05	0.000309917	0.5	0
	0.894	0.000950413	0.000785124	0.966245	0.198347	0	0.000330579	0.5	0
	0.895	0.000681818	0.00088843	0.970276	0.192149	0	0.000309917	0.5	0
	0.896	0.000619835	0.000805785	0.970276	0.18595	2.06612e-05	0.00018595	0.5	0
	0.897	0.000764463	0.000785124	0.970276	0.179752	0	0.000330579	0.5	0
	0.898	0.000805785	0.000599174	0.970276	0.177686	2.06612e-05	0.000289256	0.5	0
	0.899	0.00088843	0.000867769	0.970276	0.173554	0	0.000227273	0.5	0
	0.9	0.000826446	0.00103306	0.965957	0.163223	2.06612e-05	0.000247934	0.5	0
	0.901	0.000909091	0.000909091	0.968017	0.161157	0	0.000309917	1	0
	0.902	0.000950413	0.000826446	0.968017	0.154959	0	0.000206612	1	0
	0.903	0.000867769	0.000991736	0.963753	0.150826	0	0.000227273	1	0
	0.904	0.000847107	0.000929752	0.96162	0.14876	0	0.000268595	1	0
	0.905	0.000847107	0.00134298	0.96162	0.142562	0	0.000227273	1	0
	0.906	0.000557851	0.0011157	0.96162	0.13843	0	0.000206612	1	0
	0.907	0.000785124	0.000991736	0.959488	0.134298	0	0.00018595	1	0
	0.908	0.000764463	0.00109504	0.959488	0.130165	0	0.00018595	1	0
	0.909	0.000805785	0.00115702	0.961538	0.130165	0	8.26446e-05	1	0
	0.91	0.0010124	0.00159091	0.959402	0.121901	0	8.26446e-05	1	0
	0.911	0.000785124	0.00113636	0.957265	0.115702	0	0.000247934	1	0
	0.912	0.000764463	0.00109504	0.957265	0.109504	0	0.00018595	1	0
	0.913	0.00072314	0.000950413	0.957265	0.103306	0	0.000227273	1	0
	0.914	0.00088843	0.00119835	0.957265	0.0971074	0	0.000165289	1	0
	0.915	0.000661157	0.00119835	0.959315	0.0950413	0	8.26446e-05	1	0
	0.916	0.000826446	0.00109504	0.955032	0.0929752	0	0.000165289	1	0
	0.917	0.000971074	0.00123967	0.955032	0.0929752	0	0.000165289	1	0
	0.918	0.00107438	0.00123967	0.955032	0.0929752	0	0.000247934	1	0
	0.919	0.000785124	0.0013843	0.955032	0.088843	0	0.000165289	1	0
	0.92	0.000661157	0.00192149	0.957082	0.088843	0	6.19835e-05	1	0
	0.921	0.00119835	0.00142562	0.95914	0.0805785	0	6.19835e-05	1	0
	0.922	0.000867769	0.00144628	0.95914	0.0764463	0	0.000103306	1	0
	0.923	0.000971074	0.00103306	0.961207	0.0764463	0	0.00018595	1	0
	0.924	0.00121901	0.00167355	0.959052	0.072314	0	8.26446e-05	1	0
	0.925	0.00128099	0.00159091	0.959052	0.0702479	0	8.26446e-05	1	0
	0.926	0.0011157	0.0014876	0.958963	0.0702479	0	8.26446e-05	1	0
	0.927	0.00072314	0.00132231	0.958963	0.0681818	0	0.000165289	1	0
	0.928	0.00088843	0.00169421	0.963124	0.0661157	0	6.19835e-05	1	0
	0.929	0.000971074	0.00188017	0.963043	0.0661157	0	0.000206612	1	0
	0.93	0.00105372	0.0017562	0.963043	0.0619835	2.06612e-05	0.000144628	1	0
	0.931	0.000929752	0.00183884	0.963043	0.0599174	0	6.19835e-05	0	0
	0.932	0.000661157	0.00159091	0.967249	0.0578512	4.13223e-05	0.000123967	0	0
	0.933	0.000847107	0.00198347	0.967249	0.0578512	2.06612e-05	6.19835e-05	0	0
	0.934	0.000557851	0.00177686	0.967249	0.0557851	2.06612e-05	0.000165289	0	0
	0.935	0.000743802	0.00233471	0.967249	0.0516529	6.19835e-05	2.06612e-05	0	0
	0.936	0.000681818	0.00192149	0.967249	0.0516529	0	6.19835e-05	0	0
	0.937	0.000805785	0.00163223	0.965066	0.0516529	2.06612e-05	0.000103306	0	0
	0.938	0.000619835	0.00219008	0.964989	0.0475207	4.13223e-05	4.13223e-05	0	0
	0.939	0.000909091	0.00219008	0.964835	0.0475207	8.26446e-05	0.000123967	0	0
	0.94	0.000909091	0.00243802	0.964835	0.0475207	2.06612e-05	6.19835e-05	0	0
	0.941	0.000619835	0.00245868	0.962637	0.0454545	8.26446e-05	6.19835e-05	0	0
	0.942	0.000785124	0.00245868	0.962555	0.0413223	0.000144628	2.06612e-05	0	0
	0.943	0.000702479	0.00202479	0.962555	0.0392562	6.19835e-05	2.06612e-05	0	0
	0.944	0.000909091	0.00241736	0.962472	0.0392562	0.000144628	6.19835e-05	0	0
	0.945	0.000909091	0.00237603	0.962472	0.0371901	0.000144628	4.13223e-05	0	0
	0.946	0.000743802	0.00258264	0.960177	0.0371901	0.000123967	2.06612e-05	0	0
	0.947	0.00088843	0.00283058	0.960177	0.0330579	0.000103306	2.06612e-05	0	0
	0.948	0.000867769	0.00283058	0.964365	0.0330579	0.000123967	0	0	0
	0.949	0.00126033	0.00301653	0.964365	0.0330579	0.000144628	4.13223e-05	0	0
	0.95	0.000929752	0.00318182	0.957684	0.0309917	6.19835e-05	6.19835e-05	0	0
	0.951	0.00107438	0.00316116	0.955457	0.0289256	0.000103306	2.06612e-05	0	0
	0.952	0.00103306	0.00371901	0.953229	0.0247934	6.19835e-05	2.06612e-05	0	0
	0.953	0.00134298	0.00349174	0.955357	0.0227273	8.26446e-05	0	0	0
	0.954	0.00146694	0.00301653	0.955357	0.0227273	8.26446e-05	0	0	0
	0.955	0.00128099	0.00373967	0.950893	0.0206612	8.26446e-05	0	0	0
	0.956	0.000971074	0.00369835	0.946429	0.018595	2.06612e-05	2.06612e-05	0	0
	0.957	0.00123967	0.00411157	0.946309	0.018595	4.13223e-05	4.13223e-05	0	0
	0.958	0.00144628	0.00404959	0.941834	0.0165289	2.06612e-05	0	0	0
	0.959	0.00142562	0.00378099	0.93736	0.0165289	0	0	0	0
	0.96	0.00177686	0.00419421	0.934978	0.0165289	4.13223e-05	0	0	0
	0.961	0.00177686	0.00378099	0.927928	0.0165289	2.06612e-05	2.06612e-05	0	0
	0.962	0.00210744	0.00415289	0.923423	0.0165289	4.13223e-05	6.19835e-05	0	0
	0.963	0.00227273	0.00440083	0.918919	0.0165289	0	0	0	0
	0.964	0.00301653	0.00491736	0.909707	0.0144628	0	2.06612e-05	0	0
	0.965	0.00299587	0.00502066	0.902935	0.0123967	0	4.13223e-05	0	0
	0.966	0.00305785	0.00584711	0.900677	0.0123967	0	4.13223e-05	0	0
	0.967	0.00340909	0.00557851	0.893905	0.0123967	0	0	0	0
	0.968	0.00444215	0.00619835	0.891648	0.0103306	0	0	0	0
	0.969	0.0039876	0.00613636	0.886878	0.0103306	0	0	0	0
	0.97	0.00454545	0.00667355	0.886621	0.0103306	0	2.06612e-05	0	0
	0.971	0.00491736	0.00774793	0.881279	0.00826446	0	2.06612e-05	0	0
	0.972	0.00510331	0.00785124	0.867277	0.00413223	0	0	0	0
	0.973	0.00524793	0.00778926	0.858124	0.00413223	0	2.06612e-05	0	0
	0.974	0.00698347	0.00816116	0.84897	0.00413223	0	0	0	0
	0.975	0.00626033	0.00946281	0.834862	0.00206612	0	0	0	0
	0.976	0.00694215	0.00987603	0.829493	0.00206612	0	0	0	0
	0.977	0.0075	0.0104752	0.827189	0	0	0	0	0
	0.978	0.00733471	0.0103099	0.822581	0	0	0	0	0
	0.979	0.00842975	0.0113843	0.81106	0	0	0	0	0
	0.98	0.00853306	0.0117149	0.80787	0	0	0	0	0
	0.981	0.00840909	0.0122314	0.797674	0	0	0	0	0
	0.982	0.00938017	0.0138017	0.78972	0	0	2.06612e-05	0	0
	0.983	0.00997934	0.0146901	0.772834	0	0	0	0	0
	0.984	0.00971074	0.0150413	0.770686	0	0	0	0	0
	0.985	0.0104545	0.0172521	0.760192	0	0	0	0	0
	0.986	0.00995868	0.0172107	0.755448	0	0	0	0	0
	0.987	0.0113843	0.0190083	0.743276	0	0	0	0	0
	0.988	0.0115496	0.0207438	0.73201	0	0	0	0	0
	0.989	0.0133471	0.0225	0.7	0	0	0	0	0
	0.99	0.014876	0.0241942	0.68262	0	0	0	0	0
	0.991	0.017624	0.0260331	0.647815	0	0	0	0	0
	0.992	0.0208884	0.0283264	0.616188	0	0	0	0	0
	0.993	0.0247107	0.0286157	0.596817	0	0	0	0	0
	0.994	0.0301033	0.0347314	0.579515	0	0	0	0	0
	0.995	0.0355372	0.0384298	0.539726	0	0	0	0	0
	0.996	0.0422727	0.0421901	0.492997	0	0	0	0	0
	0.997	0.0504959	0.0530372	0.416667	0	0	0	0	0
	0.998	0.0751653	0.0633058	0.239394	0	0	0	0	0
	0.999	0.128161	0.0820248	0.0923567	0	0	0	0	0
	1	0.267004	0.0941322	0	0	0	0	0	0


#	yrange	sparsity	# links	zeta	support at cross	fraction FP	support at cross2	fraction FP2
	0	0	0	0.000269145	0.997	0.561607	0.997	0.561607
	0.3	0	0	0.000269145	0.997	0.561607	0.997	0.561607
