#	Frequencies and overlap
#	bins	MYC	shuffle	overlap_MYC	overlap_shuffle	SIGN_MYC	SIGNshuffle	SIGNoverlap_MYC	SIGNoverlap_shuffle
	0	0	0	1	1	0.422665	0.389711	0.74375	0
	0.001	0	0	1	1	0	0	0.74375	0
	0.002	0	0	1	1	0	0	0.74375	0
	0.003	0	0	1	1	0	0	0.74375	0
	0.004	0	0	1	1	0	0	0.74375	0
	0.005	0	0	1	1	0	0	0.74375	0
	0.006	0	0	1	1	0	0	0.74375	0
	0.007	0	0	1	1	0	0	0.74375	0
	0.008	0	0	1	1	0	0	0.74375	0
	0.009	0	0	1	1	0	0	0.74375	0
	0.01	0	0	1	1	0	0	0.74375	0
	0.011	0	0	1	1	0	0	0.74375	0
	0.012	0	0	1	1	0	0	0.74375	0
	0.013	0	0	1	1	0	0	0.74375	0
	0.014	0	0	1	1	0	0	0.74375	0
	0.015	0	0	1	1	0	0	0.74375	0
	0.016	0	0	1	1	0	0	0.74375	0
	0.017	0	0	1	1	0	0	0.74375	0
	0.018	0	0	1	1	0	0	0.74375	0
	0.019	0	0	1	1	0	0	0.74375	0
	0.02	0	0	1	1	0	0	0.74375	0
	0.021	0	0	1	1	0	0	0.74375	0
	0.022	0	0	1	1	0	0	0.74375	0
	0.023	0	0	1	1	0	0	0.74375	0
	0.024	0	0	1	1	0	0	0.74375	0
	0.025	0	0	1	1	0	0	0.74375	0
	0.026	0	0	1	1	0	0	0.74375	0
	0.027	0	0	1	1	0	0	0.74375	0
	0.028	0	0	1	1	0	0	0.74375	0
	0.029	0	0	1	1	0	0	0.74375	0
	0.03	0	0	1	1	0	0	0.74375	0
	0.031	0	0	1	1	0	0	0.74375	0
	0.032	0	0	1	1	0	0	0.74375	0
	0.033	0	0	1	1	0	0	0.74375	0
	0.034	0	0	1	1	0	0	0.74375	0
	0.035	0	0	1	1	0	0	0.74375	0
	0.036	0	0	1	1	0	0	0.74375	0
	0.037	0	0	1	1	0	0	0.74375	0
	0.038	0	0	1	1	0	0	0.74375	0
	0.039	0	0	1	1	0	0	0.74375	0
	0.04	0	0	1	1	0	0	0.74375	0
	0.041	0	0	1	1	0	0	0.74375	0
	0.042	0	0	1	1	0	0	0.74375	0
	0.043	0	0	1	1	0	0	0.74375	0
	0.044	0	0	1	1	0	0	0.74375	0
	0.045	0	0	1	1	0	0	0.74375	0
	0.046	0	0	1	1	0	0	0.74375	0
	0.047	0	0	1	1	0	0	0.74375	0
	0.048	0	0	1	1	0	0	0.74375	0
	0.049	0	0	1	1	0	0	0.74375	0
	0.05	0	0	1	1	0	0	0.74375	0
	0.051	0	0	1	1	0	0	0.74375	0
	0.052	0	0	1	1	0	0	0.74375	0
	0.053	0	0	1	1	0	0	0.74375	0
	0.054	0	0	1	1	0	0	0.74375	0
	0.055	0	0	1	1	0	0	0.74375	0
	0.056	0	0	1	1	0	0	0.74375	0
	0.057	0	0	1	1	0	0	0.74375	0
	0.058	0	0	1	1	0	0	0.74375	0
	0.059	0	0	1	1	0	0	0.74375	0
	0.06	0	0	1	1	0	0	0.74375	0
	0.061	0	0	1	1	0	0	0.74375	0
	0.062	0	0	1	1	0	0	0.74375	0
	0.063	0	0	1	1	0	0	0.74375	0
	0.064	0	0	1	1	0	0	0.74375	0
	0.065	0	0	1	1	0	0	0.74375	0
	0.066	0	0	1	1	0	0	0.74375	0
	0.067	0	0	1	1	0	0	0.74375	0
	0.068	0	0	1	1	0	0	0.74375	0
	0.069	0	0	1	1	0	0	0.74375	0
	0.07	0	0	1	1	0	0	0.74375	0
	0.071	0	0	1	1	0	0	0.74375	0
	0.072	0	0	1	1	0	0	0.74375	0
	0.073	0	0	1	1	0	0	0.74375	0
	0.074	0	0	1	1	0	0	0.74375	0
	0.075	0	0	1	1	0	0	0.74375	0
	0.076	0	0	1	1	0	0	0.74375	0
	0.077	0	0	1	1	0	0	0.74375	0
	0.078	0	0	1	1	0	0	0.74375	0
	0.079	0	0	1	1	0	0	0.74375	0
	0.08	0	0	1	1	0	0	0.74375	0
	0.081	0	0	1	1	0	0	0.74375	0
	0.082	0	0	1	1	0	0	0.74375	0
	0.083	0	0	1	1	0	0	0.74375	0
	0.084	0	0	1	1	0	0	0.74375	0
	0.085	0	0	1	1	0	0	0.74375	0
	0.086	0	0	1	1	0	0	0.74375	0
	0.087	0	0	1	1	0	0	0.74375	0
	0.088	0	0	1	1	0	0	0.74375	0
	0.089	0	0	1	1	0	0	0.74375	0
	0.09	0	0	1	1	0	0	0.74375	0
	0.091	0	0	1	1	0	0	0.74375	0
	0.092	0	0	1	1	0	0	0.74375	0
	0.093	0	0	1	1	0	0	0.74375	0
	0.094	0	0	1	1	0	0	0.74375	0
	0.095	0	0	1	1	0	0	0.74375	0
	0.096	0	0	1	1	0	0	0.74375	0
	0.097	0	0	1	1	0	0	0.74375	0
	0.098	0	0	1	1	0	0	0.74375	0
	0.099	0	0	1	1	0	2.06612e-05	0.74375	0
	0.1	0	0	1	1	0	2.06612e-05	0.74375	0
	0.101	0	0	1	1	0	0	0.74375	0
	0.102	0	0	1	1	0	0	0.74375	0
	0.103	0	0	1	1	0	0	0.74375	0
	0.104	0	0	1	1	0	0	0.74375	0
	0.105	0	0	1	1	0	0	0.74375	0
	0.106	0	0	1	1	0	2.06612e-05	0.74375	0
	0.107	0	0	1	1	0	0	0.74375	0
	0.108	0	0	1	1	0	0	0.74375	0
	0.109	0	0	1	1	0	0	0.74375	0
	0.11	0	0	1	1	0	0	0.74375	0
	0.111	0	0	1	1	0	0	0.74375	0
	0.112	0	0	1	1	0	0	0.74375	0
	0.113	0	0	1	1	0	0	0.74375	0
	0.114	0	0	1	1	0	0	0.74375	0
	0.115	0	0	1	1	0	0	0.74375	0
	0.116	0	0	1	1	0	0	0.74375	0
	0.117	0	0	1	1	0	0	0.74375	0
	0.118	0	0	1	1	0	0	0.74375	0
	0.119	0	0	1	1	0	0	0.74375	0
	0.12	0	0	1	1	0	0	0.74375	0
	0.121	0	0	1	1	0	0	0.74375	0
	0.122	0	0	1	1	0	0	0.74375	0
	0.123	0	0	1	1	0	0	0.74375	0
	0.124	0	0	1	1	0	0	0.74375	0
	0.125	0	0	1	1	0	0	0.74375	0
	0.126	0	0	1	1	0	0	0.74375	0
	0.127	0	0	1	1	0	0	0.74375	0
	0.128	0	2.06612e-05	1	1	0	0	0.74375	0
	0.129	0	0	1	0.997934	0	0	0.74375	0
	0.13	0	0	1	0.997934	0	0	0.74375	0
	0.131	0	0	1	0.997934	0	0	0.74375	0
	0.132	0	0	1	0.997934	0	0	0.74375	0
	0.133	0	0	1	0.997934	0	0	0.74375	0
	0.134	0	0	1	0.997934	0	0	0.74375	0
	0.135	0	0	1	0.997934	0	0	0.74375	0
	0.136	0	0	1	0.997934	0	0	0.74375	0
	0.137	0	0	1	0.997934	0	0	0.74375	0
	0.138	0	0	1	0.997934	0	0	0.74375	0
	0.139	0	0	1	0.997934	0	2.06612e-05	0.74375	0
	0.14	0	0	1	0.997934	0	0	0.74375	0
	0.141	0	0	1	0.997934	0	0	0.74375	0
	0.142	0	0	1	0.997934	0	0	0.74375	0
	0.143	0	0	1	0.997934	0	0	0.74375	0
	0.144	0	0	1	0.997934	0	0	0.74375	0
	0.145	0	0	1	0.997934	0	0	0.74375	0
	0.146	0	0	1	0.997934	0	0	0.74375	0
	0.147	0	0	1	0.997934	0	0	0.74375	0
	0.148	0	0	1	0.997934	0	0	0.74375	0
	0.149	0	0	1	0.997934	0	0	0.74375	0
	0.15	0	0	1	0.997934	0	0	0.74375	0
	0.151	0	2.06612e-05	1	0.997934	0	0	0.74375	0
	0.152	0	0	1	0.995868	0	4.13223e-05	0.74375	0
	0.153	0	0	1	0.995868	0	0	0.74375	0
	0.154	0	0	1	0.995868	0	0	0.74375	0
	0.155	0	0	1	0.995868	0	0	0.74375	0
	0.156	0	0	1	0.995868	0	0	0.74375	0
	0.157	0	0	1	0.995868	0	0	0.74375	0
	0.158	0	0	1	0.995868	0	0	0.74375	0
	0.159	0	0	1	0.995868	0	0	0.74375	0
	0.16	0	0	1	0.995868	0	0	0.74375	0
	0.161	0	0	1	0.995868	0	0	0.74375	0
	0.162	0	0	1	0.995868	0	0	0.74375	0
	0.163	0	0	1	0.995868	0	0	0.74375	0
	0.164	0	0	1	0.995868	0	0	0.74375	0
	0.165	0	0	1	0.995868	0	0	0.74375	0
	0.166	0	0	1	0.995868	0	2.06612e-05	0.74375	0
	0.167	0	0	1	0.995868	0	2.06612e-05	0.74375	0
	0.168	0	0	1	0.995868	0	0	0.74375	0
	0.169	0	2.06612e-05	1	0.995868	0	0	0.74375	0
	0.17	0	0	1	0.993802	0	0	0.74375	0
	0.171	0	0	1	0.993802	0	0	0.74375	0
	0.172	0	0	1	0.993802	0	0	0.74375	0
	0.173	0	0	1	0.993802	0	0	0.74375	0
	0.174	0	0	1	0.993802	0	2.06612e-05	0.74375	0
	0.175	0	0	1	0.993802	0	0	0.74375	0
	0.176	0	0	1	0.993802	0	0	0.74375	0
	0.177	0	0	1	0.993802	0	2.06612e-05	0.74375	0
	0.178	0	0	1	0.993802	0	0	0.74375	0
	0.179	0	0	1	0.993802	0	0	0.74375	0
	0.18	0	0	1	0.993802	0	0	0.74375	0
	0.181	0	0	1	0.993802	0	0	0.74375	0
	0.182	0	0	1	0.993802	0	0	0.74375	0
	0.183	0	4.13223e-05	1	0.993802	0	0	0.74375	0
	0.184	0	0	1	0.989669	0	0	0.74375	0
	0.185	0	0	1	0.989669	0	0	0.74375	0
	0.186	0	0	1	0.989669	0	0	0.74375	0
	0.187	0	0	1	0.989669	0	0	0.74375	0
	0.188	0	0	1	0.989669	0	0	0.74375	0
	0.189	0	0	1	0.989669	0	0	0.74375	0
	0.19	0	0	1	0.989669	0	0	0.74375	0
	0.191	0	0	1	0.989669	0	0	0.74375	0
	0.192	0	0	1	0.989669	0	2.06612e-05	0.74375	0
	0.193	0	0	1	0.989669	0	2.06612e-05	0.74375	0
	0.194	0	0	1	0.989669	0	0	0.74375	0
	0.195	0	0	1	0.989669	0	0	0.74375	0
	0.196	0	0	1	0.989669	0	0	0.74375	0
	0.197	0	0	1	0.989669	0	0	0.74375	0
	0.198	0	0	1	0.989669	0	0	0.74375	0
	0.199	0	0	1	0.989669	0	0	0.74375	0
	0.2	0	0	1	0.989669	0	0	0.74375	0
	0.201	0	0	1	0.989669	0	0	0.74375	0
	0.202	0	0	1	0.989669	0	0	0.74375	0
	0.203	0	0	1	0.989669	0	0	0.74375	0
	0.204	0	0	1	0.989669	0	0	0.74375	0
	0.205	0	0	1	0.989669	0	2.06612e-05	0.74375	0
	0.206	0	0	1	0.989669	0	2.06612e-05	0.74375	0
	0.207	0	0	1	0.989669	0	0	0.74375	0
	0.208	0	0	1	0.989669	0	0	0.74375	0
	0.209	0	0	1	0.989669	0	0	0.74375	0
	0.21	0	0	1	0.989669	0	0	0.74375	0
	0.211	0	0	1	0.989669	0	0	0.74375	0
	0.212	0	0	1	0.989669	0	0	0.74375	0
	0.213	0	0	1	0.989669	0	2.06612e-05	0.74375	0
	0.214	0	0	1	0.989669	0	2.06612e-05	0.74375	0
	0.215	0	0	1	0.989669	0	0	0.74375	0
	0.216	0	0	1	0.989669	0	2.06612e-05	0.74375	0
	0.217	0	0	1	0.989669	0	0	0.74375	0
	0.218	0	0	1	0.989669	0	0	0.74375	0
	0.219	0	0	1	0.989669	0	4.13223e-05	0.74375	0
	0.22	0	0	1	0.989669	0	0	0.74375	0
	0.221	0	0	1	0.989669	0	0	0.74375	0
	0.222	0	0	1	0.989669	0	0	0.74375	0
	0.223	0	0	1	0.989669	0	2.06612e-05	0.74375	0
	0.224	0	0	1	0.989669	0	0	0.74375	0
	0.225	0	0	1	0.989669	0	0	0.74375	0
	0.226	0	0	1	0.989669	0	0	0.74375	0
	0.227	0	0	1	0.989669	0	4.13223e-05	0.74375	0
	0.228	0	0	1	0.989669	0	2.06612e-05	0.74375	0
	0.229	0	0	1	0.989669	0	0	0.74375	0
	0.23	0	0	1	0.989669	0	0	0.74375	0
	0.231	0	0	1	0.989669	0	4.13223e-05	0.74375	0
	0.232	0	0	1	0.989669	0	2.06612e-05	0.74375	0
	0.233	0	2.06612e-05	1	0.989669	0	0	0.74375	0
	0.234	0	0	1	0.987603	0	0	0.74375	0
	0.235	0	2.06612e-05	1	0.987603	0	0	0.74375	0
	0.236	0	0	1	0.985537	0	0	0.74375	0
	0.237	0	0	1	0.985537	0	2.06612e-05	0.74375	0
	0.238	0	0	1	0.985537	0	0	0.74375	0
	0.239	0	0	1	0.985537	0	4.13223e-05	0.74375	0
	0.24	0	0	1	0.985537	0	0	0.74375	0
	0.241	0	0	1	0.985537	0	0	0.74375	0
	0.242	0	0	1	0.985537	0	2.06612e-05	0.74375	0
	0.243	0	0	1	0.985537	0	0	0.74375	0
	0.244	0	2.06612e-05	1	0.985537	0	4.13223e-05	0.74375	0
	0.245	0	0	1	0.983471	0	2.06612e-05	0.74375	0
	0.246	0	0	1	0.983471	0	0	0.74375	0
	0.247	0	0	1	0.983471	0	0	0.74375	0
	0.248	0	0	1	0.983471	0	0	0.74375	0
	0.249	0	0	1	0.983471	0	2.06612e-05	0.74375	0
	0.25	0	0	1	0.983471	0	0	0.74375	0
	0.251	0	0	1	0.983471	0	6.19835e-05	0.74375	0
	0.252	0	0	1	0.983471	0	2.06612e-05	0.74375	0
	0.253	0	0	1	0.983471	0	0	0.74375	0
	0.254	0	0	1	0.983471	0	4.13223e-05	0.74375	0
	0.255	0	0	1	0.983471	0	2.06612e-05	0.74375	0
	0.256	0	0	1	0.983471	0	0	0.74375	0
	0.257	0	0	1	0.983471	0	0	0.74375	0
	0.258	0	0	1	0.983471	0	0	0.74375	0
	0.259	0	2.06612e-05	1	0.983471	0	0	0.74375	0
	0.26	0	0	1	0.981405	0	0	0.74375	0
	0.261	0	0	1	0.981405	0	2.06612e-05	0.74375	0
	0.262	0	0	1	0.981405	0	0	0.74375	0
	0.263	0	0	1	0.981405	0	2.06612e-05	0.74375	0
	0.264	0	0	1	0.981405	0	0	0.74375	0
	0.265	0	0	1	0.981405	0	0	0.74375	0
	0.266	0	0	1	0.981405	0	4.13223e-05	0.74375	0
	0.267	0	0	1	0.981405	0	2.06612e-05	0.74375	0
	0.268	0	0	1	0.981405	0	0	0.74375	0
	0.269	0	0	1	0.981405	0	0	0.74375	0
	0.27	0	0	1	0.981405	0	0	0.74375	0
	0.271	0	0	1	0.981405	0	0	0.74375	0
	0.272	0	0	1	0.981405	0	0	0.74375	0
	0.273	0	0	1	0.981405	0	4.13223e-05	0.74375	0
	0.274	0	0	1	0.981405	0	4.13223e-05	0.74375	0
	0.275	0	0	1	0.981405	0	0	0.74375	0
	0.276	0	0	1	0.981405	0	0	0.74375	0
	0.277	0	0	1	0.981405	0	2.06612e-05	0.74375	0
	0.278	0	0	1	0.981405	0	2.06612e-05	0.74375	0
	0.279	0	0	1	0.981405	0	4.13223e-05	0.74375	0
	0.28	0	0	1	0.981405	0	2.06612e-05	0.74375	0
	0.281	0	2.06612e-05	1	0.981405	0	4.13223e-05	0.74375	0
	0.282	0	0	1	0.979339	0	8.26446e-05	0.74375	0
	0.283	0	0	1	0.979339	0	2.06612e-05	0.74375	0
	0.284	0	0	1	0.979339	0	2.06612e-05	0.74375	0
	0.285	0	0	1	0.979339	0	4.13223e-05	0.74375	0
	0.286	0	0	1	0.979339	0	2.06612e-05	0.74375	0
	0.287	0	0	1	0.979339	0	0	0.74375	0
	0.288	0	0	1	0.979339	0	2.06612e-05	0.74375	0
	0.289	0	0	1	0.979339	0	0	0.74375	0
	0.29	0	0	1	0.979339	0	0	0.74375	0
	0.291	0	0	1	0.979339	0	0	0.74375	0
	0.292	0	2.06612e-05	1	0.979339	0	8.26446e-05	0.74375	0
	0.293	0	0	1	0.977273	0	2.06612e-05	0.74375	0
	0.294	0	2.06612e-05	1	0.977273	0	0.000103306	0.74375	0
	0.295	0	0	1	0.975207	0	2.06612e-05	0.74375	0
	0.296	0	2.06612e-05	1	0.975207	0	4.13223e-05	0.74375	0
	0.297	0	0	1	0.97314	0	2.06612e-05	0.74375	0
	0.298	0	0	1	0.97314	0	4.13223e-05	0.74375	0
	0.299	0	0	1	0.97314	0	0.000103306	0.74375	0
	0.3	0	0	1	0.97314	0	2.06612e-05	0.74375	0
	0.301	0	0	1	0.97314	0	4.13223e-05	0.74375	0
	0.302	0	4.13223e-05	1	0.97314	0	2.06612e-05	0.74375	0
	0.303	0	2.06612e-05	1	0.971074	0	8.26446e-05	0.74375	0
	0.304	0	2.06612e-05	1	0.971074	0	2.06612e-05	0.74375	0
	0.305	0	0	1	0.969008	0	4.13223e-05	0.74375	0
	0.306	0	0	1	0.969008	0	4.13223e-05	0.74375	0
	0.307	0	0	1	0.969008	0	0	0.74375	0
	0.308	0	0	1	0.969008	0	2.06612e-05	0.74375	0
	0.309	0	2.06612e-05	1	0.969008	0	2.06612e-05	0.74375	0
	0.31	0	0	1	0.966942	0	0	0.74375	0
	0.311	0	0	1	0.966942	0	0	0.74375	0
	0.312	0	0	1	0.966942	0	4.13223e-05	0.74375	0
	0.313	0	0	1	0.966942	0	0	0.74375	0
	0.314	0	0	1	0.966942	0	2.06612e-05	0.74375	0
	0.315	0	0	1	0.966942	0	8.26446e-05	0.74375	0
	0.316	0	0	1	0.966942	0	2.06612e-05	0.74375	0
	0.317	0	0	1	0.966942	0	4.13223e-05	0.74375	0
	0.318	0	0	1	0.966942	0	2.06612e-05	0.74375	0
	0.319	0	0	1	0.966942	0	0	0.74375	0
	0.32	0	0	1	0.966942	0	6.19835e-05	0.74375	0
	0.321	0	0	1	0.966942	0	0	0.74375	0
	0.322	0	0	1	0.966942	0	4.13223e-05	0.74375	0
	0.323	0	0	1	0.966942	0	2.06612e-05	0.74375	0
	0.324	0	0	1	0.966942	0	2.06612e-05	0.74375	0
	0.325	0	2.06612e-05	1	0.966942	0	4.13223e-05	0.74375	0
	0.326	0	2.06612e-05	1	0.964876	2.06612e-05	2.06612e-05	0.74375	0
	0.327	0	0	1	0.964876	0	6.19835e-05	0.740625	0
	0.328	0	2.06612e-05	1	0.964876	0	0	0.740625	0
	0.329	0	0	1	0.964876	0	2.06612e-05	0.740625	0
	0.33	0	0	1	0.964876	0	0	0.740625	0
	0.331	0	2.06612e-05	1	0.964876	0	0	0.740625	0
	0.332	0	0	1	0.96281	0	2.06612e-05	0.740625	0
	0.333	0	2.06612e-05	1	0.96281	0	0	0.740625	0
	0.334	0	0	1	0.96281	0	4.13223e-05	0.740625	0
	0.335	0	0	1	0.96281	0	6.19835e-05	0.740625	0
	0.336	0	0	1	0.96281	0	6.19835e-05	0.740625	0
	0.337	0	0	1	0.96281	2.06612e-05	2.06612e-05	0.740625	0
	0.338	0	0	1	0.96281	0	6.19835e-05	0.740625	0
	0.339	0	0	1	0.96281	0	8.26446e-05	0.740625	0
	0.34	0	0	1	0.96281	0	2.06612e-05	0.740625	0
	0.341	0	0	1	0.96281	2.06612e-05	2.06612e-05	0.740625	0
	0.342	0	0	1	0.96281	4.13223e-05	0.000103306	0.7375	0
	0.343	0	2.06612e-05	1	0.96281	2.06612e-05	4.13223e-05	0.7375	0
	0.344	0	0	1	0.960744	4.13223e-05	4.13223e-05	0.7375	0
	0.345	0	0	1	0.960744	0	0.000103306	0.7375	0
	0.346	0	0	1	0.960744	0	4.13223e-05	0.7375	0
	0.347	0	2.06612e-05	1	0.960744	0	4.13223e-05	0.7375	0
	0.348	0	0	1	0.960744	0	4.13223e-05	0.7375	0
	0.349	0	2.06612e-05	1	0.960744	2.06612e-05	4.13223e-05	0.7375	0
	0.35	0	0	1	0.958678	0	8.26446e-05	0.7375	0
	0.351	0	0	1	0.958678	4.13223e-05	4.13223e-05	0.7375	0
	0.352	0	2.06612e-05	1	0.958678	2.06612e-05	4.13223e-05	0.7375	0
	0.353	0	2.06612e-05	1	0.956612	4.13223e-05	0	0.7375	0
	0.354	0	4.13223e-05	1	0.956612	2.06612e-05	2.06612e-05	0.7375	0
	0.355	0	0	1	0.954545	8.26446e-05	0.000123967	0.7375	0
	0.356	0	2.06612e-05	1	0.954545	6.19835e-05	6.19835e-05	0.7375	0
	0.357	0	0	1	0.952479	0.000103306	4.13223e-05	0.7375	0
	0.358	0	2.06612e-05	1	0.952479	4.13223e-05	0.000123967	0.7375	0
	0.359	0	0	1	0.952479	2.06612e-05	0.000123967	0.7375	0
	0.36	0	2.06612e-05	1	0.952479	6.19835e-05	4.13223e-05	0.7375	0
	0.361	0	0	1	0.950413	4.13223e-05	2.06612e-05	0.7375	0
	0.362	0	2.06612e-05	1	0.950413	6.19835e-05	2.06612e-05	0.7375	0
	0.363	0	0	1	0.950413	4.13223e-05	8.26446e-05	0.7375	0
	0.364	0	0	1	0.950413	0.000103306	8.26446e-05	0.7375	0
	0.365	0	2.06612e-05	1	0.950413	8.26446e-05	4.13223e-05	0.7375	0
	0.366	0	4.13223e-05	1	0.948347	0.000103306	6.19835e-05	0.7375	0
	0.367	0	0	1	0.946281	2.06612e-05	0.000103306	0.7375	0
	0.368	0	0	1	0.946281	4.13223e-05	8.26446e-05	0.7375	0
	0.369	0	2.06612e-05	1	0.946281	0.000123967	0	0.7375	0
	0.37	0	2.06612e-05	1	0.944215	0.000103306	8.26446e-05	0.7375	0
	0.371	0	0	1	0.942149	8.26446e-05	0.000123967	0.7375	0
	0.372	0	0	1	0.942149	0.000103306	8.26446e-05	0.7375	0
	0.373	0	0	1	0.942149	4.13223e-05	2.06612e-05	0.7375	0
	0.374	0	0	1	0.942149	6.19835e-05	6.19835e-05	0.7375	0
	0.375	0	4.13223e-05	1	0.942149	8.26446e-05	6.19835e-05	0.7375	0
	0.376	0	0	1	0.938017	0.000123967	0.000123967	0.7375	0
	0.377	0	0	1	0.938017	2.06612e-05	4.13223e-05	0.7375	0
	0.378	0	2.06612e-05	1	0.938017	0.000123967	6.19835e-05	0.7375	0
	0.379	0	0	1	0.938017	8.26446e-05	4.13223e-05	0.7375	0
	0.38	0	2.06612e-05	1	0.938017	4.13223e-05	0.000123967	0.7375	0
	0.381	0	0	1	0.93595	0.000165289	4.13223e-05	0.7375	0
	0.382	0	2.06612e-05	1	0.93595	8.26446e-05	6.19835e-05	0.7375	0
	0.383	0	0	1	0.933884	0.000144628	4.13223e-05	0.7375	0
	0.384	0	2.06612e-05	1	0.933884	0.000103306	6.19835e-05	0.7375	0
	0.385	0	0	1	0.933884	6.19835e-05	0	0.7375	0
	0.386	0	2.06612e-05	1	0.933884	6.19835e-05	0.000103306	0.7375	0
	0.387	0	2.06612e-05	1	0.931818	0.00018595	0.000103306	0.7375	0
	0.388	0	2.06612e-05	1	0.931818	0.000144628	0.000103306	0.7375	0
	0.389	0	2.06612e-05	1	0.931818	0.000123967	8.26446e-05	0.7375	0
	0.39	0	4.13223e-05	1	0.929752	8.26446e-05	8.26446e-05	0.7375	0
	0.391	0	0	1	0.92562	0.000123967	0.00018595	0.7375	0
	0.392	0	2.06612e-05	1	0.92562	2.06612e-05	0.000144628	0.7375	0
	0.393	0	0	1	0.92562	4.13223e-05	6.19835e-05	0.7375	0
	0.394	0	2.06612e-05	1	0.92562	8.26446e-05	8.26446e-05	0.7375	0
	0.395	0	4.13223e-05	1	0.923554	8.26446e-05	0.000144628	0.7375	0
	0.396	0	0	1	0.923554	4.13223e-05	4.13223e-05	0.7375	0
	0.397	0	2.06612e-05	1	0.923554	2.06612e-05	0.000206612	0.7375	0
	0.398	0	2.06612e-05	1	0.921488	6.19835e-05	6.19835e-05	0.7375	0
	0.399	0	2.06612e-05	1	0.921488	2.06612e-05	0.000123967	0.7375	0
	0.4	0	2.06612e-05	1	0.919421	4.13223e-05	0.000227273	0.7375	0
	0.401	0	2.06612e-05	1	0.919421	2.06612e-05	0.000144628	0.7375	0
	0.402	0	2.06612e-05	1	0.919421	0	0.000144628	0.734375	0
	0.403	0	4.13223e-05	1	0.917355	4.13223e-05	0.000103306	0.734375	0
	0.404	0	2.06612e-05	1	0.917355	0.000123967	0.000206612	0.734375	0
	0.405	0	0	1	0.917355	2.06612e-05	2.06612e-05	0.734375	0
	0.406	0	2.06612e-05	1	0.917355	6.19835e-05	0.000206612	0.734375	0
	0.407	0	0	1	0.915289	6.19835e-05	0.000103306	0.734375	0
	0.408	0	4.13223e-05	1	0.915289	4.13223e-05	0.000206612	0.73125	0
	0.409	0	6.19835e-05	1	0.915289	8.26446e-05	0.000206612	0.73125	0
	0.41	0	0	1	0.913223	6.19835e-05	0.000268595	0.73125	0
	0.411	0	2.06612e-05	1	0.913223	0.000123967	0.000103306	0.73125	0
	0.412	0	0	1	0.913223	6.19835e-05	0.000144628	0.73125	0
	0.413	0	4.13223e-05	1	0.913223	0.00018595	0.000206612	0.73125	0
	0.414	0	4.13223e-05	1	0.909091	0.000206612	0.000123967	0.733542	0
	0.415	0	2.06612e-05	1	0.909091	0.000165289	0.000103306	0.733542	0
	0.416	0	2.06612e-05	1	0.909091	0.000227273	0.000123967	0.733542	0
	0.417	0	2.06612e-05	1	0.909091	0.000165289	0.000247934	0.733542	0
	0.418	0	0	1	0.907025	0.000123967	0.00018595	0.733542	0
	0.419	0	0	1	0.907025	0.000227273	0.000144628	0.733542	0
	0.42	0	0	1	0.907025	0.000268595	0.000165289	0.733542	0
	0.421	0	0	1	0.907025	0.000268595	0.000206612	0.733542	0
	0.422	0	0	1	0.907025	0.000289256	0.000144628	0.733542	0
	0.423	0	0	1	0.907025	0.000268595	0.000165289	0.733542	0
	0.424	0	0	1	0.907025	0.000392562	0.000227273	0.733542	0
	0.425	0	0	1	0.907025	0.000309917	0.00018595	0.733542	0
	0.426	0	4.13223e-05	1	0.907025	0.000227273	0.00018595	0.733542	0
	0.427	0	0	1	0.904959	0.00035124	0.000165289	0.733542	0
	0.428	0	6.19835e-05	1	0.904959	0.000247934	0.000309917	0.733542	0
	0.429	0	2.06612e-05	1	0.904959	0.000371901	0.000227273	0.733542	0
	0.43	0	4.13223e-05	1	0.902893	0.000268595	0.000165289	0.733542	0
	0.431	0	0	1	0.89876	0.000371901	0.000144628	0.733542	0
	0.432	0	2.06612e-05	1	0.89876	0.000247934	0.000289256	0.735849	0
	0.433	2.06612e-05	2.06612e-05	1	0.89876	0.000371901	0.000227273	0.735849	0
	0.434	0	0	0.997934	0.89876	0.000227273	0.000247934	0.735849	0
	0.435	2.06612e-05	0	0.997934	0.89876	0.000392562	0.000289256	0.735849	0
	0.436	0	4.13223e-05	0.997934	0.89876	0.000392562	0.000144628	0.735849	0
	0.437	0	2.06612e-05	0.997934	0.89876	0.000371901	0.000289256	0.735849	0
	0.438	2.06612e-05	4.13223e-05	0.997934	0.896694	0.000227273	0.00035124	0.735849	0
	0.439	0	6.19835e-05	0.997934	0.892562	0.000268595	0.00018595	0.735849	0
	0.44	2.06612e-05	0	0.997934	0.88843	0.000309917	0.000330579	0.735849	0
	0.441	0	0	0.997934	0.88843	0.00018595	0.000165289	0.73817	0
	0.442	0	2.06612e-05	0.997934	0.88843	0.000289256	0.000123967	0.73817	0
	0.443	2.06612e-05	4.13223e-05	0.997934	0.88843	0.000165289	0.000289256	0.731861	0
	0.444	4.13223e-05	4.13223e-05	0.997934	0.886364	0.000206612	0.000309917	0.731861	0
	0.445	0	0	0.997934	0.884298	0.000144628	0.000165289	0.731861	0
	0.446	0	2.06612e-05	0.997934	0.884298	0.00018595	0.000330579	0.731861	0
	0.447	2.06612e-05	2.06612e-05	0.997934	0.884298	0.000247934	0.00035124	0.731861	0
	0.448	4.13223e-05	0	0.997934	0.884298	0.00018595	0.000289256	0.731861	0
	0.449	2.06612e-05	4.13223e-05	0.997934	0.884298	0.000144628	0.000165289	0.731861	0
	0.45	2.06612e-05	2.06612e-05	0.997934	0.880165	0.000165289	0.000289256	0.731861	0
	0.451	2.06612e-05	4.13223e-05	0.997934	0.880165	8.26446e-05	0.000247934	0.728707	0
	0.452	2.06612e-05	8.26446e-05	0.997934	0.878099	0.00018595	0.000268595	0.731013	0
	0.453	4.13223e-05	8.26446e-05	0.997934	0.876033	0.000165289	0.000247934	0.731013	0
	0.454	0	0	0.997934	0.876033	0.000206612	0.000309917	0.731013	0
	0.455	2.06612e-05	0	0.997934	0.876033	0.000165289	0.00035124	0.733333	0
	0.456	2.06612e-05	2.06612e-05	0.997934	0.876033	0.000123967	0.000268595	0.735669	0
	0.457	2.06612e-05	2.06612e-05	0.997934	0.873967	0.000165289	0.000475207	0.735669	0
	0.458	4.13223e-05	0	0.997934	0.873967	0.000123967	0.00035124	0.735669	0
	0.459	0.000103306	2.06612e-05	0.997934	0.873967	0.00018595	0.000392562	0.735669	0
	0.46	2.06612e-05	2.06612e-05	0.997934	0.873967	0.000206612	0.000392562	0.735669	0
	0.461	4.13223e-05	4.13223e-05	0.997934	0.873967	0.00018595	0.000454545	0.735669	0
	0.462	4.13223e-05	4.13223e-05	0.997934	0.873967	0.000103306	0.000392562	0.732484	0
	0.463	2.06612e-05	6.19835e-05	0.997934	0.871901	0.000144628	0.000454545	0.732484	0
	0.464	4.13223e-05	2.06612e-05	0.997934	0.869835	0.000165289	0.000516529	0.734824	0
	0.465	2.06612e-05	2.06612e-05	0.997934	0.867769	0.000392562	0.000557851	0.731629	0
	0.466	4.13223e-05	6.19835e-05	0.997934	0.867769	8.26446e-05	0.000495868	0.731629	0
	0.467	2.06612e-05	0	0.997934	0.865702	0.000289256	0.000475207	0.731629	0
	0.468	6.19835e-05	4.13223e-05	0.997934	0.865702	0.000309917	0.000309917	0.731629	0
	0.469	4.13223e-05	0	0.997934	0.865702	0.000247934	0.000433884	0.731629	0
	0.47	0	4.13223e-05	0.997934	0.865702	0.00035124	0.000516529	0.731629	0
	0.471	8.26446e-05	0	0.997934	0.863636	0.000268595	0.000475207	0.736334	0
	0.472	4.13223e-05	0	0.997934	0.863636	0.00018595	0.000619835	0.736334	0
	0.473	4.13223e-05	4.13223e-05	0.997934	0.863636	0.000268595	0.000268595	0.736334	0
	0.474	2.06612e-05	4.13223e-05	0.997934	0.86157	0.000392562	0.000640496	0.736334	0
	0.475	8.26446e-05	0	0.997934	0.86157	0.00035124	0.000392562	0.736334	0
	0.476	2.06612e-05	0	0.997934	0.86157	0.000413223	0.000578512	0.737864	0
	0.477	6.19835e-05	6.19835e-05	0.997934	0.86157	0.000392562	0.000681818	0.737864	0
	0.478	0.000123967	4.13223e-05	0.997934	0.859504	0.00053719	0.000599174	0.734628	0
	0.479	4.13223e-05	2.06612e-05	0.997934	0.859504	0.000433884	0.000516529	0.731392	0
	0.48	4.13223e-05	0	0.997934	0.859504	0.000516529	0.000640496	0.731392	0
	0.481	0	0	0.997934	0.859504	0.000557851	0.00072314	0.731392	0
	0.482	4.13223e-05	2.06612e-05	0.997934	0.859504	0.000681818	0.000681818	0.731392	0
	0.483	0	4.13223e-05	0.997934	0.859504	0.000681818	0.000640496	0.733766	0
	0.484	4.13223e-05	2.06612e-05	0.997934	0.859504	0.000599174	0.000743802	0.733766	0
	0.485	2.06612e-05	6.19835e-05	0.997934	0.857438	0.000867769	0.00088843	0.730519	0
	0.486	6.19835e-05	0	0.997934	0.853306	0.000681818	0.000743802	0.727273	0
	0.487	4.13223e-05	2.06612e-05	0.997934	0.853306	0.000661157	0.000743802	0.727273	0
	0.488	4.13223e-05	2.06612e-05	0.997934	0.853306	0.00072314	0.0010124	0.727273	0
	0.489	2.06612e-05	2.06612e-05	0.997934	0.853306	0.000805785	0.000826446	0.727273	0
	0.49	0	2.06612e-05	0.997934	0.85124	0.00053719	0.00105372	0.724026	0
	0.491	4.13223e-05	2.06612e-05	0.997934	0.85124	0.000909091	0.00126033	0.720779	0
	0.492	0	2.06612e-05	0.997934	0.849174	0.000971074	0.000681818	0.720779	0
	0.493	6.19835e-05	2.06612e-05	0.997934	0.847107	0.000909091	0.00134298	0.71987	0
	0.494	2.06612e-05	2.06612e-05	0.997934	0.847107	0.000847107	0.00123967	0.71987	0
	0.495	0	2.06612e-05	0.997934	0.847107	0.00107438	0.00132231	0.722222	0
	0.496	2.06612e-05	2.06612e-05	0.997934	0.845041	0.00105372	0.00103306	0.722222	0
	0.497	0	0	0.997934	0.845041	0.00144628	0.00173554	0.722222	0
	0.498	2.06612e-05	4.13223e-05	0.997934	0.845041	0.00161157	0.00142562	0.722222	0
	0.499	2.06612e-05	2.06612e-05	0.997934	0.845041	0.0014876	0.0013843	0.722222	0
	0.5	0	2.06612e-05	0.997934	0.845041	0.00221074	0.00161157	0.715686	0
	0.501	0	4.13223e-05	0.997934	0.845041	0.00216942	0.00200413	0.705882	0
	0.502	4.13223e-05	2.06612e-05	0.997934	0.845041	0.00243802	0.00190083	0.704918	0
	0.503	4.13223e-05	4.13223e-05	0.997934	0.845041	0.00254132	0.00173554	0.688525	0
	0.504	0	4.13223e-05	0.997934	0.845041	0.00227273	0.0014876	0.686469	0
	0.505	2.06612e-05	4.13223e-05	0.997934	0.845041	0.0025	0.00202479	0.682119	0
	0.506	0	2.06612e-05	0.997934	0.845041	0.00252066	0.00177686	0.678808	0
	0.507	0	2.06612e-05	0.997934	0.845041	0.00196281	0.00183884	0.683333	0
	0.508	2.06612e-05	2.06612e-05	0.997934	0.842975	0.00229339	0.00161157	0.684564	0
	0.509	0	0	0.997934	0.842975	0.00221074	0.0017562	0.681208	0
	0.51	0	6.19835e-05	0.997934	0.842975	0.00241736	0.00183884	0.676768	0
	0.511	0	0	0.997934	0.840909	0.00254132	0.00154959	0.684932	0
	0.512	2.06612e-05	2.06612e-05	0.997934	0.840909	0.00243802	0.00157025	0.685121	0
	0.513	0	2.06612e-05	0.997934	0.840909	0.00247934	0.00181818	0.681661	0
	0.514	2.06612e-05	2.06612e-05	0.997934	0.840909	0.0021281	0.00179752	0.680556	0
	0.515	0	8.26446e-05	1	0.840909	0.00264463	0.00190083	0.673611	0
	0.516	0	4.13223e-05	1	0.840909	0.00200413	0.00179752	0.670139	0
	0.517	0	0	1	0.838843	0.00233471	0.00173554	0.670139	0
	0.518	0	2.06612e-05	1	0.838843	0.00210744	0.0017562	0.671329	0
	0.519	2.06612e-05	2.06612e-05	1	0.838843	0.00204545	0.00152893	0.673684	0
	0.52	0	2.06612e-05	0.99793	0.838843	0.00198347	0.00157025	0.672535	0
	0.521	0	2.06612e-05	0.99793	0.838843	0.00219008	0.0018595	0.669014	0
	0.522	0	0	0.99793	0.838843	0.00221074	0.0014876	0.667845	0
	0.523	0	2.06612e-05	0.99793	0.838843	0.00206612	0.00173554	0.675	0
	0.524	2.06612e-05	2.06612e-05	0.99793	0.838843	0.00239669	0.00192149	0.672662	0
	0.525	0	6.19835e-05	0.99793	0.838843	0.00210744	0.00200413	0.673913	0
	0.526	4.13223e-05	0	0.99793	0.836777	0.00177686	0.00171488	0.669091	0
	0.527	0	4.13223e-05	0.99793	0.836777	0.00208678	0.00163223	0.671533	0
	0.528	0	2.06612e-05	0.99793	0.836777	0.00254132	0.00173554	0.671533	0
	0.529	0	0	0.99793	0.834711	0.00196281	0.00194215	0.673993	0
	0.53	2.06612e-05	6.19835e-05	0.99793	0.834711	0.00285124	0.0018595	0.678967	0
	0.531	0	8.26446e-05	0.99793	0.832645	0.00231405	0.00159091	0.67037	0
	0.532	2.06612e-05	4.13223e-05	0.99793	0.832645	0.00264463	0.00154959	0.669145	0
	0.533	0	8.26446e-05	0.99793	0.832645	0.00266529	0.00196281	0.66791	0
	0.534	2.06612e-05	4.13223e-05	0.99793	0.830579	0.00219008	0.00190083	0.671698	0
	0.535	0	2.06612e-05	0.99793	0.828512	0.00206612	0.00188017	0.667925	0
	0.536	4.13223e-05	4.13223e-05	0.99793	0.828512	0.00231405	0.00206612	0.673004	0
	0.537	2.06612e-05	6.19835e-05	0.99793	0.828512	0.00247934	0.00165289	0.671756	0
	0.538	0	4.13223e-05	0.99793	0.828512	0.00243802	0.00210744	0.670498	0
	0.539	4.13223e-05	6.19835e-05	0.99793	0.828512	0.00227273	0.00202479	0.666667	0
	0.54	0	6.19835e-05	0.99793	0.828512	0.00233471	0.0021281	0.670543	0
	0.541	8.26446e-05	8.26446e-05	0.99793	0.826446	0.00243802	0.00181818	0.666667	0
	0.542	4.13223e-05	6.19835e-05	0.99793	0.820248	0.00252066	0.00181818	0.662791	0
	0.543	0	4.13223e-05	0.99793	0.820248	0.00270661	0.00183884	0.662791	0
	0.544	6.19835e-05	8.26446e-05	0.99793	0.820248	0.00239669	0.00181818	0.653696	0
	0.545	6.19835e-05	2.06612e-05	0.99793	0.820248	0.00237603	0.00190083	0.664032	0
	0.546	2.06612e-05	0.000103306	0.99793	0.820248	0.0027686	0.00142562	0.662698	0
	0.547	4.13223e-05	4.13223e-05	0.99793	0.820248	0.00247934	0.00177686	0.661355	0
	0.548	2.06612e-05	6.19835e-05	0.99793	0.820248	0.00216942	0.00167355	0.656	0
	0.549	4.13223e-05	8.26446e-05	0.99793	0.820248	0.00243802	0.00204545	0.650602	0
	0.55	6.19835e-05	0.00018595	0.99793	0.818182	0.00247934	0.00200413	0.64257	0
	0.551	4.13223e-05	2.06612e-05	0.99793	0.818182	0.00241736	0.00200413	0.64257	0
	0.552	2.06612e-05	2.06612e-05	0.99793	0.818182	0.00264463	0.00192149	0.64257	0
	0.553	6.19835e-05	4.13223e-05	0.99793	0.818182	0.00204545	0.00190083	0.650407	0
	0.554	6.19835e-05	0	0.99793	0.816116	0.00237603	0.0014876	0.650407	0
	0.555	0.000103306	4.13223e-05	0.99793	0.816116	0.00233471	0.00210744	0.655738	0
	0.556	6.19835e-05	6.19835e-05	0.99793	0.816116	0.00256198	0.00173554	0.654321	0
	0.557	6.19835e-05	6.19835e-05	0.99793	0.816116	0.00227273	0.0018595	0.650206	0
	0.558	4.13223e-05	6.19835e-05	0.99793	0.816116	0.00229339	0.0018595	0.646091	0
	0.559	0.000103306	4.13223e-05	0.99793	0.81405	0.00231405	0.00157025	0.644628	0
	0.56	4.13223e-05	6.19835e-05	0.99793	0.81405	0.00192149	0.0018595	0.639004	0
	0.561	2.06612e-05	0.000123967	0.99793	0.811983	0.00210744	0.00179752	0.633333	0
	0.562	8.26446e-05	0.000103306	0.99793	0.807851	0.00239669	0.00144628	0.623431	0
	0.563	2.06612e-05	8.26446e-05	0.99793	0.805785	0.0022314	0.00188017	0.622881	0
	0.564	2.06612e-05	2.06612e-05	0.99793	0.805785	0.00219008	0.00154959	0.625532	0
	0.565	6.19835e-05	0	0.99793	0.805785	0.00208678	0.00183884	0.625532	0
	0.566	8.26446e-05	0.000103306	0.99793	0.805785	0.00219008	0.00157025	0.630901	0
	0.567	6.19835e-05	8.26446e-05	0.99793	0.805785	0.00171488	0.00183884	0.633621	0
	0.568	4.13223e-05	8.26446e-05	0.99793	0.803719	0.0018595	0.00173554	0.633621	0
	0.569	0	8.26446e-05	0.99793	0.803719	0.0017562	0.00200413	0.634783	0
	0.57	0	6.19835e-05	0.99793	0.803719	0.00196281	0.00214876	0.635965	0
	0.571	2.06612e-05	0	0.99793	0.803719	0.00179752	0.00200413	0.631579	0
	0.572	2.06612e-05	4.13223e-05	0.99793	0.803719	0.00188017	0.00161157	0.632743	0
	0.573	2.06612e-05	8.26446e-05	0.99793	0.803719	0.0022314	0.0014876	0.628319	0
	0.574	4.13223e-05	6.19835e-05	0.99793	0.801653	0.00227273	0.00179752	0.626667	0
	0.575	2.06612e-05	4.13223e-05	0.99793	0.801653	0.00208678	0.00190083	0.622222	0
	0.576	4.13223e-05	4.13223e-05	0.99793	0.801653	0.00140496	0.00200413	0.616071	0
	0.577	4.13223e-05	0.000103306	0.995859	0.801653	0.00235537	0.00202479	0.621622	0
	0.578	8.26446e-05	2.06612e-05	0.995859	0.797521	0.00204545	0.00206612	0.617117	0
	0.579	0	4.13223e-05	0.995859	0.797521	0.00231405	0.00165289	0.603604	0
	0.58	4.13223e-05	6.19835e-05	0.995859	0.797521	0.0018595	0.00173554	0.609091	0
	0.581	0	0.000123967	0.995859	0.793388	0.00225207	0.00214876	0.598174	0
	0.582	0	6.19835e-05	0.995859	0.791322	0.00210744	0.00192149	0.591743	0
	0.583	2.06612e-05	4.13223e-05	0.995859	0.789256	0.00204545	0.00179752	0.602804	0
	0.584	6.19835e-05	0.000144628	0.995859	0.789256	0.00204545	0.00157025	0.603774	0
	0.585	2.06612e-05	6.19835e-05	0.995859	0.789256	0.00235537	0.0018595	0.603774	0
	0.586	0	4.13223e-05	0.995859	0.789256	0.0021281	0.00179752	0.610577	0
	0.587	4.13223e-05	0.000103306	0.995859	0.789256	0.00181818	0.00183884	0.608696	0
	0.588	0	4.13223e-05	0.995859	0.789256	0.00179752	0.00146694	0.603865	0
	0.589	2.06612e-05	4.13223e-05	0.995859	0.789256	0.00200413	0.0017562	0.603865	0
	0.59	2.06612e-05	0.000103306	0.995859	0.78719	0.00225207	0.00219008	0.606796	0
	0.591	2.06612e-05	8.26446e-05	0.995859	0.785124	0.00183884	0.00161157	0.604878	0
	0.592	6.19835e-05	2.06612e-05	0.995859	0.785124	0.00254132	0.00227273	0.608911	0
	0.593	2.06612e-05	8.26446e-05	0.995859	0.783058	0.0022314	0.00165289	0.594059	0
	0.594	0	6.19835e-05	0.995859	0.783058	0.00233471	0.00169421	0.597015	0
	0.595	4.13223e-05	0.000103306	0.995859	0.783058	0.00183884	0.00173554	0.603015	0
	0.596	4.13223e-05	8.26446e-05	0.995859	0.783058	0.00225207	0.00136364	0.606061	0
	0.597	0	8.26446e-05	0.997925	0.780992	0.00243802	0.00194215	0.607143	0
	0.598	4.13223e-05	6.19835e-05	0.997925	0.778926	0.00200413	0.00239669	0.613402	0
	0.599	6.19835e-05	6.19835e-05	0.997925	0.77686	0.00179752	0.00152893	0.611399	0
	0.6	0	8.26446e-05	0.997925	0.77686	0.00188017	0.00196281	0.609375	0
	0.601	2.06612e-05	6.19835e-05	0.997925	0.772727	0.00233471	0.00210744	0.604167	0
	0.602	6.19835e-05	0.000103306	0.997925	0.772727	0.00200413	0.00181818	0.613757	0
	0.603	4.13223e-05	6.19835e-05	0.997925	0.772727	0.00233471	0.00161157	0.613757	0
	0.604	4.13223e-05	8.26446e-05	0.997925	0.772727	0.00188017	0.00179752	0.606383	0
	0.605	6.19835e-05	4.13223e-05	0.997925	0.770661	0.00200413	0.00196281	0.604278	0
	0.606	8.26446e-05	4.13223e-05	0.997925	0.770661	0.00243802	0.00159091	0.604278	0
	0.607	4.13223e-05	8.26446e-05	0.997925	0.770661	0.00225207	0.00173554	0.606557	0
	0.608	6.19835e-05	4.13223e-05	0.997925	0.770661	0.00194215	0.00202479	0.60989	0
	0.609	4.13223e-05	0.000206612	0.997925	0.770661	0.00245868	0.00165289	0.61326	0
	0.61	8.26446e-05	4.13223e-05	0.997925	0.768595	0.00219008	0.00196281	0.605556	0
	0.611	6.19835e-05	0.000103306	0.997925	0.768595	0.00169421	0.00169421	0.606742	0
	0.612	0.000103306	6.19835e-05	0.997925	0.762397	0.00225207	0.00177686	0.606742	0
	0.613	2.06612e-05	6.19835e-05	0.997925	0.762397	0.0022314	0.00196281	0.601124	0
	0.614	2.06612e-05	8.26446e-05	0.997925	0.762397	0.00202479	0.00161157	0.601124	0
	0.615	0.000123967	0.000103306	0.997925	0.758264	0.0021281	0.00225207	0.60452	0
	0.616	4.13223e-05	8.26446e-05	0.995851	0.756198	0.00183884	0.00165289	0.59887	0
	0.617	8.26446e-05	0.000144628	0.995851	0.754132	0.00216942	0.00190083	0.588571	0
	0.618	4.13223e-05	0.000206612	0.995851	0.752066	0.00214876	0.00198347	0.588571	0
	0.619	6.19835e-05	0.000123967	0.995851	0.745868	0.0018595	0.00192149	0.581395	0
	0.62	4.13223e-05	0.000103306	0.995851	0.743802	0.00214876	0.00188017	0.569767	0
	0.621	0	2.06612e-05	0.995851	0.741736	0.00188017	0.00181818	0.561404	0
	0.622	0.000103306	6.19835e-05	0.995851	0.741736	0.00152893	0.0017562	0.564706	0
	0.623	4.13223e-05	8.26446e-05	0.995851	0.739669	0.0017562	0.00152893	0.552941	0
	0.624	2.06612e-05	4.13223e-05	0.995851	0.739669	0.0022314	0.00167355	0.556213	0
	0.625	6.19835e-05	0.000103306	0.995851	0.739669	0.00200413	0.00219008	0.54491	0
	0.626	6.19835e-05	0.000165289	0.995851	0.735537	0.00194215	0.00173554	0.548193	0
	0.627	0	0.000123967	0.995851	0.733471	0.00204545	0.00165289	0.536145	0
	0.628	2.06612e-05	0.000103306	0.995851	0.733471	0.00190083	0.00181818	0.539394	0
	0.629	6.19835e-05	6.19835e-05	0.995851	0.731405	0.00183884	0.00152893	0.542683	0
	0.63	8.26446e-05	6.19835e-05	0.995851	0.729339	0.0017562	0.0018595	0.512195	0
	0.631	4.13223e-05	4.13223e-05	0.995851	0.729339	0.00190083	0.00179752	0.518519	0
	0.632	2.06612e-05	6.19835e-05	0.995851	0.729339	0.0021281	0.00235537	0.515528	0
	0.633	4.13223e-05	0.000123967	0.995851	0.727273	0.00169421	0.00192149	0.51875	0
	0.634	4.13223e-05	8.26446e-05	0.995851	0.727273	0.00196281	0.00202479	0.5125	0
	0.635	4.13223e-05	0.000103306	0.995851	0.725207	0.0022314	0.00192149	0.512658	0
	0.636	6.19835e-05	6.19835e-05	0.995851	0.72314	0.0017562	0.00200413	0.512821	0
	0.637	4.13223e-05	0.000206612	0.995851	0.72314	0.00177686	0.00161157	0.512821	0
	0.638	6.19835e-05	2.06612e-05	0.995851	0.72314	0.00202479	0.00150826	0.509677	0
	0.639	4.13223e-05	8.26446e-05	0.995851	0.72314	0.0022314	0.00192149	0.512987	0
	0.64	4.13223e-05	0.000144628	0.995851	0.716942	0.00198347	0.00190083	0.519737	0
	0.641	6.19835e-05	0	0.995851	0.716942	0.00208678	0.0017562	0.52	0
	0.642	2.06612e-05	0.000103306	0.995851	0.716942	0.0018595	0.00177686	0.52027	0
	0.643	2.06612e-05	0.000103306	0.995851	0.716942	0.00192149	0.00173554	0.520548	0
	0.644	2.06612e-05	2.06612e-05	0.995851	0.71281	0.00198347	0.00171488	0.517241	0
	0.645	8.26446e-05	8.26446e-05	0.995851	0.71281	0.00183884	0.00169421	0.503497	0
	0.646	4.13223e-05	0.000165289	0.995851	0.710744	0.00167355	0.00179752	0.507042	0
	0.647	4.13223e-05	6.19835e-05	0.995851	0.706612	0.00200413	0.00225207	0.5	0
	0.648	8.26446e-05	4.13223e-05	0.995851	0.704545	0.00219008	0.00206612	0.503546	0
	0.649	6.19835e-05	0.000123967	0.995851	0.704545	0.00219008	0.00159091	0.5	0
	0.65	0.000103306	4.13223e-05	0.995851	0.702479	0.00200413	0.00152893	0.492857	0
	0.651	0.000123967	0.000123967	0.993776	0.702479	0.00206612	0.0018595	0.489209	0
	0.652	8.26446e-05	2.06612e-05	0.995842	0.700413	0.00179752	0.00208678	0.49635	0
	0.653	6.19835e-05	0.000103306	0.995842	0.700413	0.0017562	0.00190083	0.503704	0
	0.654	8.26446e-05	8.26446e-05	0.995842	0.698347	0.00243802	0.00173554	0.507463	0
	0.655	8.26446e-05	0.000165289	0.995842	0.698347	0.00177686	0.00167355	0.5	0
	0.656	0.000144628	0.000103306	0.995842	0.694215	0.00171488	0.00200413	0.5	0
	0.657	4.13223e-05	0.000123967	0.995842	0.688017	0.00229339	0.00171488	0.507576	0
	0.658	2.06612e-05	0.000103306	0.995842	0.679752	0.0022314	0.00192149	0.5	0
	0.659	4.13223e-05	0.000123967	0.995842	0.679752	0.00196281	0.00202479	0.480916	0
	0.66	6.19835e-05	0.00018595	0.995842	0.677686	0.00196281	0.00179752	0.469231	0
	0.661	0.000123967	0.000123967	0.995842	0.677686	0.0021281	0.00198347	0.461538	0
	0.662	0.000144628	4.13223e-05	0.995842	0.673554	0.00159091	0.00179752	0.457364	0
	0.663	4.13223e-05	0.000103306	0.993763	0.671488	0.0021281	0.00181818	0.460938	0
	0.664	0	0.00018595	0.993763	0.671488	0.00216942	0.00163223	0.460938	0
	0.665	6.19835e-05	0.000165289	0.993763	0.671488	0.00204545	0.00146694	0.460317	0
	0.666	4.13223e-05	8.26446e-05	0.993763	0.671488	0.0017562	0.00200413	0.467742	0
	0.667	8.26446e-05	0.000165289	0.993763	0.671488	0.00206612	0.00181818	0.471545	0
	0.668	4.13223e-05	0.000123967	0.993763	0.667355	0.00188017	0.00181818	0.47541	0
	0.669	2.06612e-05	2.06612e-05	0.993763	0.667355	0.00188017	0.00181818	0.47541	0
	0.67	4.13223e-05	0.000227273	0.993763	0.667355	0.00181818	0.00159091	0.46281	0
	0.671	4.13223e-05	0.000123967	0.993763	0.667355	0.00198347	0.00167355	0.454545	0
	0.672	6.19835e-05	0.000103306	0.993763	0.667355	0.00190083	0.00198347	0.453782	0
	0.673	4.13223e-05	0.000227273	0.993763	0.667355	0.00183884	0.00194215	0.452991	0
	0.674	0.000103306	0.000123967	0.993763	0.665289	0.00173554	0.00200413	0.444444	0
	0.675	2.06612e-05	0.00018595	0.993763	0.663223	0.00196281	0.00165289	0.444444	0
	0.676	0.000123967	0.000144628	0.993763	0.661157	0.00196281	0.00177686	0.435897	0
	0.677	8.26446e-05	0.000247934	0.993763	0.659091	0.00204545	0.00177686	0.438596	0
	0.678	4.13223e-05	0.000123967	0.993763	0.659091	0.00206612	0.0014876	0.4375	0
	0.679	4.13223e-05	0.000144628	0.993763	0.657025	0.00163223	0.00173554	0.432432	0
	0.68	8.26446e-05	0.000103306	0.993763	0.652893	0.00177686	0.00198347	0.432432	0
	0.681	0.000144628	0.000103306	0.993763	0.64876	0.00200413	0.00198347	0.440367	0
	0.682	0.000144628	0.000103306	0.993763	0.64876	0.00210744	0.00192149	0.422018	0
	0.683	6.19835e-05	0.000144628	0.993763	0.646694	0.00167355	0.00165289	0.416667	0
	0.684	6.19835e-05	2.06612e-05	0.993763	0.644628	0.0018595	0.00192149	0.420561	0
	0.685	0.000227273	0.000165289	0.993763	0.644628	0.00152893	0.00173554	0.428571	0
	0.686	6.19835e-05	0.00018595	0.993763	0.640496	0.00157025	0.00181818	0.423077	0
	0.687	6.19835e-05	0.000144628	0.995833	0.636364	0.00169421	0.00177686	0.403846	0
	0.688	4.13223e-05	0.000144628	0.995833	0.634298	0.0018595	0.00142562	0.384615	0
	0.689	0.000144628	0.000165289	0.995833	0.632231	0.00165289	0.00188017	0.384615	0
	0.69	0.000103306	0.000123967	0.995833	0.628099	0.00169421	0.00150826	0.359223	0
	0.691	0.000123967	0.00018595	0.995833	0.628099	0.00161157	0.0018595	0.362745	0
	0.692	0.000103306	0.000268595	0.995833	0.628099	0.00157025	0.00167355	0.36	0
	0.693	8.26446e-05	0.000206612	0.995833	0.628099	0.00152893	0.00181818	0.353535	0
	0.694	0.000103306	0.000123967	0.995833	0.626033	0.00140496	0.00159091	0.343434	0
	0.695	0.000123967	0.000227273	0.995833	0.626033	0.0018595	0.0017562	0.343434	0
	0.696	0.000103306	0.00018595	0.995833	0.619835	0.00163223	0.00157025	0.329897	0
	0.697	0.000144628	0.000165289	0.995833	0.619835	0.00173554	0.00177686	0.333333	0
	0.698	0.000103306	0.000123967	0.995833	0.613636	0.00142562	0.00144628	0.336842	0
	0.699	0.000144628	0.000206612	0.995833	0.61157	0.00169421	0.00152893	0.329787	0
	0.7	0.000144628	2.06612e-05	0.995833	0.609504	0.00188017	0.00165289	0.333333	0
	0.701	0.000165289	0.000144628	0.995833	0.609504	0.00165289	0.0014876	0.322581	0
	0.702	2.06612e-05	0.000144628	0.995833	0.607438	0.00157025	0.00179752	0.326087	0
	0.703	8.26446e-05	0.000123967	0.995833	0.60124	0.00161157	0.00142562	0.333333	0
	0.704	0.000103306	0.000247934	0.995833	0.599174	0.00154959	0.00165289	0.333333	0
	0.705	0	0.000268595	0.99375	0.595041	0.00144628	0.00190083	0.333333	0
	0.706	0.000123967	0.000123967	0.99375	0.588843	0.00103306	0.00173554	0.340909	0
	0.707	8.26446e-05	0.000268595	0.99375	0.582645	0.00190083	0.00150826	0.340909	0
	0.708	0.000103306	0.00018595	0.99375	0.582645	0.00157025	0.0018595	0.337209	0
	0.709	2.06612e-05	0.000144628	0.99375	0.580579	0.00200413	0.00123967	0.341176	0
	0.71	6.19835e-05	0.000165289	0.99375	0.57438	0.00181818	0.00165289	0.341176	0
	0.711	4.13223e-05	0.000144628	0.99375	0.572314	0.00163223	0.00150826	0.337349	0
	0.712	4.13223e-05	0.000227273	0.99375	0.572314	0.00173554	0.0014876	0.329268	0
	0.713	2.06612e-05	8.26446e-05	0.99375	0.570248	0.00179752	0.0013843	0.333333	0
	0.714	4.13223e-05	0.000165289	0.99375	0.570248	0.00152893	0.00146694	0.333333	0
	0.715	0.000103306	0.00018595	0.99375	0.570248	0.00150826	0.00134298	0.341772	0
	0.716	6.19835e-05	0.00018595	0.99375	0.568182	0.00173554	0.00171488	0.303797	0
	0.717	2.06612e-05	0.000144628	0.99375	0.566116	0.00128099	0.00206612	0.298701	0
	0.718	8.26446e-05	0.000165289	0.99375	0.566116	0.00157025	0.00167355	0.289474	0
	0.719	6.19835e-05	0.000123967	0.99375	0.56405	0.00152893	0.00146694	0.283784	0
	0.72	0.000144628	0.000227273	0.99375	0.561983	0.00144628	0.00173554	0.285714	0
	0.721	6.19835e-05	0.000165289	0.995825	0.561983	0.00119835	0.00169421	0.285714	0
	0.722	6.19835e-05	0.00018595	0.995825	0.559917	0.0013843	0.00123967	0.289855	0
	0.723	6.19835e-05	0.000289256	0.995825	0.557851	0.00171488	0.00167355	0.289855	0
	0.724	8.26446e-05	0.000206612	0.995825	0.555785	0.00144628	0.00159091	0.279412	0
	0.725	0.000123967	0.000144628	0.995825	0.553719	0.00177686	0.00177686	0.268657	0
	0.726	8.26446e-05	0.000247934	0.995825	0.553719	0.00128099	0.0014876	0.272727	0
	0.727	0	0.000289256	0.995825	0.551653	0.00132231	0.00165289	0.272727	0
	0.728	6.19835e-05	0.000144628	0.995825	0.543388	0.00154959	0.00171488	0.28125	0
	0.729	8.26446e-05	0.000371901	0.995825	0.543388	0.0014876	0.00157025	0.285714	0
	0.73	2.06612e-05	0.000227273	0.995825	0.539256	0.00152893	0.00165289	0.274194	0
	0.731	2.06612e-05	0.000268595	0.997908	0.533058	0.00115702	0.00134298	0.278689	0
	0.732	4.13223e-05	0.000330579	0.997908	0.528926	0.00157025	0.00140496	0.283333	0
	0.733	0	0.00018595	0.997908	0.522727	0.00136364	0.00173554	0.266667	0
	0.734	8.26446e-05	0.000103306	0.997908	0.518595	0.0011157	0.00140496	0.266667	0
	0.735	8.26446e-05	0.000330579	0.993724	0.516529	0.00119835	0.00154959	0.266667	0
	0.736	2.06612e-05	0.000289256	0.993724	0.512397	0.00126033	0.00161157	0.266667	0
	0.737	0.000103306	0.000206612	0.991632	0.508264	0.0014876	0.00163223	0.266667	0
	0.738	8.26446e-05	0.000330579	0.991632	0.508264	0.000929752	0.00177686	0.25	0
	0.739	4.13223e-05	0.00018595	0.991632	0.497934	0.00128099	0.00136364	0.25	0
	0.74	4.13223e-05	0.000206612	0.991632	0.495868	0.00088843	0.00177686	0.25	0
	0.741	0.000123967	0.000268595	0.991632	0.489669	0.00113636	0.00115702	0.241379	0
	0.742	8.26446e-05	0.000247934	0.98954	0.489669	0.00115702	0.00140496	0.25	0
	0.743	0.00018595	0.00018595	0.98954	0.489669	0.00126033	0.00134298	0.254545	0
	0.744	6.19835e-05	0.000330579	0.98954	0.487603	0.00123967	0.00117769	0.264151	0
	0.745	6.19835e-05	0.000206612	0.98954	0.479339	0.00107438	0.00136364	0.27451	0
	0.746	0.000103306	0.000309917	0.98954	0.477273	0.000971074	0.00119835	0.254902	0
	0.747	0.000123967	0.00018595	0.98954	0.469008	0.00117769	0.00134298	0.26	0
	0.748	0.000123967	0.000392562	0.98954	0.469008	0.00117769	0.0013843	0.26	0
	0.749	0.000165289	0.000165289	0.98954	0.464876	0.000847107	0.00128099	0.270833	0
	0.75	4.13223e-05	0.000330579	0.98954	0.460744	0.000847107	0.00123967	0.276596	0
	0.751	0.000103306	0.000309917	0.98954	0.456612	0.000950413	0.00154959	0.282609	0
	0.752	0.00018595	0.000268595	0.987448	0.452479	0.00088843	0.000971074	0.295455	0
	0.753	0.000227273	0.000144628	0.985356	0.448347	0.000619835	0.0013843	0.295455	0
	0.754	0.000165289	0.000165289	0.985356	0.448347	0.000785124	0.0013843	0.272727	0
	0.755	0.000103306	0.000206612	0.985356	0.448347	0.000991736	0.00128099	0.272727	0
	0.756	0.000103306	0.000371901	0.985356	0.446281	0.000971074	0.00142562	0.27907	0
	0.757	0.00018595	0.000165289	0.985356	0.433884	0.00113636	0.00134298	0.27907	0
	0.758	0.000123967	0.00035124	0.985356	0.433884	0.000681818	0.00130165	0.285714	0
	0.759	0.000144628	0.000330579	0.985356	0.429752	0.000909091	0.00173554	0.268293	0
	0.76	0.00018595	0.000247934	0.985356	0.421488	0.000743802	0.00128099	0.275	0
	0.761	0.000227273	0.000206612	0.985356	0.421488	0.000619835	0.00163223	0.275	0
	0.762	0.000103306	0.00035124	0.983264	0.415289	0.000661157	0.00126033	0.282051	0
	0.763	0.000289256	0.000227273	0.983264	0.411157	0.000661157	0.00159091	0.289474	0
	0.764	0.00018595	0.000268595	0.985325	0.407025	0.000764463	0.00126033	0.27027	0
	0.765	0.000268595	0.000309917	0.985325	0.402893	0.000764463	0.00117769	0.277778	0
	0.766	0.000247934	0.000413223	0.985325	0.396694	0.000599174	0.00134298	0.257143	0
	0.767	0.000206612	0.000268595	0.985325	0.38843	0.000950413	0.00105372	0.264706	0
	0.768	0.000247934	0.000475207	0.985325	0.38843	0.00072314	0.00132231	0.290323	0
	0.769	0.000289256	0.000268595	0.985325	0.382231	0.00053719	0.00113636	0.290323	0
	0.77	0.000206612	0.000289256	0.985325	0.378099	0.000826446	0.000764463	0.3	0
	0.771	0.000454545	0.000413223	0.985325	0.371901	0.000578512	0.00107438	0.233333	0
	0.772	0.000309917	0.000247934	0.983229	0.359504	0.00072314	0.00103306	0.241379	0
	0.773	0.000371901	0.000309917	0.983229	0.357438	0.000681818	0.00107438	0.214286	0
	0.774	0.000227273	0.000413223	0.983229	0.355372	0.00053719	0.00107438	0.214286	0
	0.775	0.000392562	0.000495868	0.981132	0.347107	0.000557851	0.00088843	0.230769	0
	0.776	0.000247934	0.000289256	0.981132	0.342975	0.000454545	0.00128099	0.230769	0
	0.777	0.000371901	0.000247934	0.981132	0.338843	0.00072314	0.00123967	0.230769	0
	0.778	0.000454545	0.000206612	0.981132	0.332645	0.000640496	0.00113636	0.24	0
	0.779	0.000289256	0.000371901	0.981132	0.332645	0.000578512	0.00107438	0.24	0
	0.78	0.000433884	0.000247934	0.981132	0.332645	0.000702479	0.0010124	0.24	0
	0.781	0.000454545	0.000371901	0.981132	0.330579	0.000578512	0.00119835	0.24	0
	0.782	0.000309917	0.000289256	0.981132	0.328512	0.000475207	0.00107438	0.25	0
	0.783	0.000413223	0.000392562	0.981132	0.326446	0.000557851	0.00142562	0.217391	0
	0.784	0.000309917	0.000268595	0.981132	0.32438	0.000619835	0.00128099	0.217391	0
	0.785	0.000392562	0.000413223	0.979036	0.322314	0.000619835	0.00113636	0.227273	0
	0.786	0.000330579	0.000413223	0.979036	0.318182	0.000516529	0.000847107	0.227273	0
	0.787	0.00035124	0.000330579	0.979036	0.316116	0.000516529	0.0011157	0.227273	0
	0.788	0.00035124	0.000371901	0.976939	0.311983	0.000599174	0.00119835	0.227273	0
	0.789	0.000495868	0.000516529	0.976939	0.303719	0.000640496	0.0011157	0.227273	0
	0.79	0.000330579	0.000268595	0.976939	0.293388	0.000702479	0.000950413	0.227273	0
	0.791	0.000557851	0.000516529	0.976939	0.293388	0.000599174	0.000847107	0.25	0
	0.792	0.000330579	0.000392562	0.976939	0.28719	0.000578512	0.0011157	0.25	0
	0.793	0.000289256	0.000454545	0.976939	0.283058	0.000578512	0.000826446	0.25	0
	0.794	0.000371901	0.00053719	0.974843	0.27686	0.000475207	0.00105372	0.277778	0
	0.795	0.000433884	0.000268595	0.972746	0.268595	0.000475207	0.000764463	0.277778	0
	0.796	0.000413223	0.000433884	0.972746	0.268595	0.000743802	0.000950413	0.277778	0
	0.797	0.00018595	0.000516529	0.972746	0.266529	0.00053719	0.000681818	0.277778	0
	0.798	0.000371901	0.000289256	0.972746	0.262397	0.000330579	0.00103306	0.277778	0
	0.799	0.000247934	0.000454545	0.972689	0.254132	0.000702479	0.00126033	0.277778	0
	0.8	0.000268595	0.00035124	0.974737	0.254132	0.000495868	0.00103306	0.277778	0
	0.801	0.000268595	0.000433884	0.974737	0.245868	0.000309917	0.000909091	0.294118	0
	0.802	0.000413223	0.000640496	0.974737	0.243802	0.000495868	0.000991736	0.3125	0
	0.803	0.000392562	0.000392562	0.974737	0.243802	0.00035124	0.00119835	0.3125	0
	0.804	0.000433884	0.000516529	0.972632	0.241736	0.000516529	0.000785124	0.25	0
	0.805	0.000475207	0.000578512	0.972632	0.239669	0.000557851	0.0010124	0.266667	0
	0.806	0.000413223	0.000371901	0.972632	0.235537	0.00018595	0.000867769	0.266667	0
	0.807	0.000495868	0.000475207	0.970526	0.231405	0.000516529	0.000640496	0.266667	0
	0.808	0.000144628	0.000413223	0.970526	0.221074	0.000268595	0.00088843	0.266667	0
	0.809	0.000289256	0.000392562	0.970526	0.219008	0.000289256	0.00105372	0.2	0
	0.81	0.000330579	0.000557851	0.972574	0.216942	0.00035124	0.000661157	0.2	0
	0.811	0.000371901	0.000371901	0.972574	0.216942	0.000247934	0.000909091	0.2	0
	0.812	0.000392562	0.000599174	0.97463	0.214876	0.000289256	0.00109504	0.2	0
	0.813	0.000392562	0.000475207	0.972516	0.21281	0.000268595	0.000991736	0.2	0
	0.814	0.000309917	0.00053719	0.974576	0.208678	0.000247934	0.000743802	0.2	0
	0.815	0.000247934	0.000516529	0.974576	0.202479	0.00035124	0.00088843	0.214286	0
	0.816	0.000392562	0.000640496	0.974576	0.200413	0.000289256	0.00072314	0.214286	0
	0.817	0.000454545	0.000433884	0.974576	0.194215	0.000206612	0.000640496	0.214286	0
	0.818	0.000454545	0.000578512	0.976645	0.194215	0.000206612	0.000971074	0.214286	0
	0.819	0.000495868	0.00053719	0.976645	0.192149	0.000206612	0.000785124	0.214286	0
	0.82	0.00053719	0.000681818	0.974522	0.190083	0.000123967	0.00053719	0.214286	0
	0.821	0.000557851	0.000578512	0.974522	0.188017	0.000144628	0.0010124	0.214286	0
	0.822	0.000681818	0.000413223	0.972399	0.183884	0.000144628	0.000702479	0.230769	0
	0.823	0.000599174	0.000557851	0.972399	0.183884	0.000268595	0.000805785	0.230769	0
	0.824	0.000599174	0.000475207	0.974468	0.181818	0.00018595	0.000847107	0.230769	0
	0.825	0.000661157	0.000557851	0.974468	0.17562	0.000227273	0.000826446	0.25	0
	0.826	0.000640496	0.000578512	0.97234	0.173554	0.000103306	0.000764463	0.3	0
	0.827	0.000557851	0.000557851	0.97234	0.169421	0.000144628	0.00072314	0.3	0
	0.828	0.000392562	0.000619835	0.97234	0.167355	0.000144628	0.000661157	0.3	0
	0.829	0.000702479	0.000578512	0.97234	0.167355	4.13223e-05	0.000619835	0.333333	0
	0.83	0.000599174	0.000599174	0.97234	0.165289	0.000103306	0.000826446	0.333333	0
	0.831	0.000619835	0.000702479	0.970213	0.159091	0.000103306	0.000640496	0.333333	0
	0.832	0.000495868	0.000640496	0.970213	0.154959	0.000103306	0.000702479	0.333333	0
	0.833	0.000578512	0.00053719	0.970213	0.14876	2.06612e-05	0.000681818	0.333333	0
	0.834	0.000619835	0.000640496	0.970213	0.142562	0.000165289	0.00072314	0.333333	0
	0.835	0.000495868	0.00072314	0.968085	0.140496	0.000165289	0.000495868	0.333333	0
	0.836	0.000454545	0.000640496	0.968085	0.136364	0.000144628	0.00072314	0.375	0
	0.837	0.000516529	0.000599174	0.968085	0.132231	6.19835e-05	0.000433884	0.4	0
	0.838	0.000599174	0.000516529	0.968085	0.132231	0.000144628	0.00053719	0.4	0
	0.839	0.000413223	0.000805785	0.968085	0.130165	0.000103306	0.000681818	0.4	0
	0.84	0.000557851	0.000557851	0.968085	0.128099	0.00018595	0.000640496	0.4	0
	0.841	0.000743802	0.000743802	0.965957	0.128099	0.000268595	0.000764463	0.4	0
	0.842	0.000475207	0.000805785	0.96383	0.126033	0.000206612	0.000785124	0.4	0
	0.843	0.000516529	0.000847107	0.961702	0.121901	0.000123967	0.00053719	0.4	0
	0.844	0.00053719	0.000557851	0.965812	0.117769	0.000123967	0.000702479	0.4	0
	0.845	0.000413223	0.000805785	0.965812	0.117769	0.000227273	0.000640496	0.4	0
	0.846	0.00053719	0.000743802	0.963675	0.113636	0.000123967	0.000557851	0.4	0
	0.847	0.000371901	0.000681818	0.965739	0.107438	0.000165289	0.000433884	0.2	0
	0.848	0.000433884	0.000909091	0.965739	0.107438	0.00018595	0.00053719	0.2	0
	0.849	0.000454545	0.000702479	0.965739	0.105372	0.000144628	0.000433884	0.2	0
	0.85	0.000433884	0.000764463	0.965739	0.105372	0.000227273	0.00035124	0.2	0
	0.851	0.000681818	0.000971074	0.965739	0.105372	0.000165289	0.000495868	0.2	0
	0.852	0.000371901	0.000785124	0.963597	0.103306	8.26446e-05	0.000495868	0.2	0
	0.853	0.000557851	0.000950413	0.963597	0.0991736	0.000123967	0.000619835	0.2	0
	0.854	0.000599174	0.000785124	0.963597	0.0991736	0.000165289	0.000805785	0.2	0
	0.855	0.000578512	0.00105372	0.965665	0.0971074	0.000165289	0.000640496	0.2	0
	0.856	0.000557851	0.000702479	0.967742	0.0950413	0.000165289	0.00053719	0.2	0
	0.857	0.000433884	0.000805785	0.967742	0.0950413	4.13223e-05	0.000516529	0.2	0
	0.858	0.000599174	0.000826446	0.967742	0.0929752	0.000206612	0.00053719	0.2	0
	0.859	0.000557851	0.000516529	0.967672	0.088843	0.000123967	0.000495868	0.2	0
	0.86	0.000599174	0.000805785	0.967672	0.0867769	0.000227273	0.000495868	0.2	0
	0.861	0.000516529	0.00107438	0.969762	0.0826446	0.000227273	0.000433884	0.2	0
	0.862	0.000475207	0.000785124	0.971861	0.0785124	4.13223e-05	0.000433884	0.25	0
	0.863	0.000516529	0.000950413	0.971861	0.0764463	0.000289256	0.000516529	0.25	0
	0.864	0.00053719	0.000805785	0.971861	0.0764463	0.00018595	0.000330579	0.25	0
	0.865	0.000392562	0.000909091	0.971861	0.0743802	0.000227273	0.00053719	0.25	0
	0.866	0.000454545	0.000847107	0.976087	0.0743802	0.000103306	0.000433884	0.25	0
	0.867	0.000764463	0.000599174	0.973913	0.072314	0.000144628	0.000578512	0.25	0
	0.868	0.000413223	0.00115702	0.971739	0.072314	0.000123967	0.000392562	0.25	0
	0.869	0.000495868	0.00072314	0.971678	0.072314	0.000165289	0.000619835	0.25	0
	0.87	0.000702479	0.00072314	0.971678	0.0702479	0.000165289	0.000661157	0.25	0
	0.871	0.00072314	0.000867769	0.971678	0.0681818	0.000123967	0.000309917	0.25	0
	0.872	0.000743802	0.000867769	0.971678	0.0681818	0.000103306	0.000371901	0.25	0
	0.873	0.000743802	0.000909091	0.971678	0.0681818	8.26446e-05	0.000309917	0.25	0
	0.874	0.000516529	0.000950413	0.971678	0.0661157	0.000206612	0.000268595	0.25	0
	0.875	0.000433884	0.00072314	0.971678	0.0619835	0.000123967	0.000309917	0.25	0
	0.876	0.000516529	0.0011157	0.973799	0.0619835	8.26446e-05	0.00035124	0.333333	0
	0.877	0.00053719	0.000929752	0.973799	0.0578512	0.000103306	0.00035124	0.333333	0
	0.878	0.000433884	0.00107438	0.971616	0.0578512	6.19835e-05	0.000268595	0.333333	0
	0.879	0.00053719	0.000743802	0.973742	0.0557851	6.19835e-05	0.000165289	0.333333	0
	0.88	0.000475207	0.000785124	0.973742	0.0557851	2.06612e-05	0.000371901	0.333333	0
	0.881	0.000454545	0.0011157	0.973742	0.0557851	8.26446e-05	0.000330579	0.333333	0
	0.882	0.000433884	0.00121901	0.971554	0.0516529	2.06612e-05	0.000206612	0.333333	0
	0.883	0.00035124	0.00123967	0.971554	0.0516529	6.19835e-05	0.000475207	0.333333	0
	0.884	0.000619835	0.00132231	0.971554	0.0495868	2.06612e-05	0.000309917	0.333333	0
	0.885	0.000392562	0.00134298	0.971554	0.0475207	6.19835e-05	0.000206612	0.333333	0
	0.886	0.000475207	0.00123967	0.969365	0.0413223	8.26446e-05	0.000309917	0.333333	0
	0.887	0.000268595	0.00128099	0.971491	0.0413223	0	0.000268595	0.333333	0
	0.888	0.000599174	0.00103306	0.973626	0.0413223	8.26446e-05	0.000413223	0.333333	0
	0.889	0.000392562	0.00115702	0.973626	0.0413223	0	0.000309917	0.5	0
	0.89	0.000454545	0.00105372	0.973626	0.0413223	0	0.00035124	0.5	0
	0.891	0.000516529	0.00134298	0.973626	0.0413223	0	0.000289256	0.5	0
	0.892	0.000640496	0.00117769	0.973626	0.0413223	0	0.000330579	0.5	0
	0.893	0.000619835	0.00113636	0.975771	0.0413223	2.06612e-05	0.000227273	0.5	0
	0.894	0.000557851	0.00140496	0.973568	0.0413223	4.13223e-05	0.000330579	0.5	0
	0.895	0.000289256	0.00154959	0.971366	0.0413223	0	0.000206612	0.5	0
	0.896	0.000330579	0.00130165	0.971366	0.0413223	0	0.000227273	0.5	0
	0.897	0.00053719	0.000991736	0.973451	0.0413223	0	0.000289256	0.5	0
	0.898	0.000661157	0.00134298	0.973392	0.0413223	2.06612e-05	0.000309917	0.5	0
	0.899	0.000433884	0.00109504	0.973392	0.0413223	0	0.00018595	1	0
	0.9	0.000392562	0.00103306	0.975556	0.0413223	0	0.000268595	1	0
	0.901	0.000661157	0.00136364	0.973333	0.0413223	0	0.000247934	1	0
	0.902	0.000557851	0.00115702	0.973333	0.0413223	0	0.00035124	1	0
	0.903	0.000557851	0.00154959	0.971111	0.0413223	0	8.26446e-05	1	0
	0.904	0.000702479	0.00163223	0.968889	0.0392562	0	0.000309917	1	0
	0.905	0.000578512	0.00130165	0.968889	0.0392562	0	0.000227273	1	0
	0.906	0.000516529	0.00152893	0.968889	0.0371901	0	8.26446e-05	1	0
	0.907	0.00053719	0.00181818	0.968889	0.0371901	0	0.000144628	1	0
	0.908	0.000578512	0.00204545	0.968889	0.0371901	0	0.000144628	1	0
	0.909	0.00072314	0.00183884	0.968889	0.0371901	0	0.000123967	1	0
	0.91	0.000516529	0.00177686	0.971047	0.0309917	0	0.000165289	1	0
	0.911	0.000681818	0.00157025	0.971047	0.0268595	0	0.000309917	1	0
	0.912	0.000640496	0.00183884	0.96882	0.0268595	0	8.26446e-05	1	0
	0.913	0.00072314	0.00181818	0.96882	0.0268595	0	0.000206612	1	0
	0.914	0.000640496	0.0017562	0.96882	0.0268595	0	0.000165289	1	0
	0.915	0.000619835	0.00210744	0.96875	0.0247934	0	4.13223e-05	1	0
	0.916	0.000681818	0.00206612	0.966518	0.0247934	0	0.000268595	1	0
	0.917	0.000950413	0.00190083	0.966518	0.0247934	0	0.000144628	1	0
	0.918	0.000764463	0.00239669	0.96868	0.0247934	0	0.000206612	1	0
	0.919	0.000681818	0.00179752	0.970787	0.0227273	0	8.26446e-05	1	0
	0.92	0.000991736	0.0021281	0.970787	0.0227273	0	6.19835e-05	1	0
	0.921	0.000516529	0.00204545	0.968539	0.0227273	0	0.000103306	1	0
	0.922	0.000702479	0.00225207	0.966292	0.0227273	0	0.000144628	1	0
	0.923	0.000847107	0.00190083	0.966292	0.0206612	0	0.000165289	1	0
	0.924	0.000743802	0.00194215	0.964045	0.018595	0	0.000123967	1	0
	0.925	0.00072314	0.00208678	0.961798	0.018595	0	0.000123967	1	0
	0.926	0.000599174	0.00237603	0.959551	0.018595	0	6.19835e-05	1	0
	0.927	0.000950413	0.00214876	0.959551	0.018595	0	6.19835e-05	1	0
	0.928	0.000805785	0.00229339	0.955056	0.018595	0	8.26446e-05	1	0
	0.929	0.000764463	0.0021281	0.952809	0.018595	0	0.00018595	1	0
	0.93	0.000971074	0.00274793	0.95045	0.018595	2.06612e-05	0.000103306	1	0
	0.931	0.000826446	0.00216942	0.950339	0.0165289	0	0.000103306	0	0
	0.932	0.00109504	0.00309917	0.948081	0.0165289	6.19835e-05	6.19835e-05	0	0
	0.933	0.000971074	0.00256198	0.945824	0.0165289	0	0.000123967	0	0
	0.934	0.000950413	0.00229339	0.939052	0.0165289	4.13223e-05	0.000103306	0	0
	0.935	0.00115702	0.00285124	0.936795	0.0165289	4.13223e-05	4.13223e-05	0	0
	0.936	0.00126033	0.00283058	0.936652	0.0165289	0	8.26446e-05	0	0
	0.937	0.00126033	0.00303719	0.934389	0.0165289	2.06612e-05	6.19835e-05	0	0
	0.938	0.0011157	0.00299587	0.93424	0.0165289	4.13223e-05	0.000103306	0	0
	0.939	0.00157025	0.00326446	0.931663	0.0165289	8.26446e-05	0.000103306	0	0
	0.94	0.00204545	0.00299587	0.922551	0.0144628	2.06612e-05	4.13223e-05	0	0
	0.941	0.00196281	0.00309917	0.920091	0.0123967	0.000103306	2.06612e-05	0	0
	0.942	0.00194215	0.00289256	0.917808	0.00826446	0.000165289	2.06612e-05	0	0
	0.943	0.00241736	0.00413223	0.915332	0.00619835	8.26446e-05	2.06612e-05	0	0
	0.944	0.00241736	0.00318182	0.913043	0.00619835	0.000123967	6.19835e-05	0	0
	0.945	0.00270661	0.00328512	0.912844	0.00619835	0.00018595	4.13223e-05	0	0
	0.946	0.00258264	0.00390496	0.91055	0.00413223	4.13223e-05	4.13223e-05	0	0
	0.947	0.00283058	0.00349174	0.908257	0.00413223	0.000123967	2.06612e-05	0	0
	0.948	0.00266529	0.00429752	0.905963	0.00413223	0.000103306	0	0	0
	0.949	0.00293388	0.00413223	0.901376	0.00413223	0.000144628	2.06612e-05	0	0
	0.95	0.00299587	0.0046281	0.896789	0.00413223	6.19835e-05	6.19835e-05	0	0
	0.951	0.00338843	0.00402893	0.889908	0.00413223	0.000144628	4.13223e-05	0	0
	0.952	0.00289256	0.00417355	0.882759	0.00413223	4.13223e-05	0	0	0
	0.953	0.0036157	0.00489669	0.873563	0.00413223	8.26446e-05	0	0	0
	0.954	0.00365702	0.00528926	0.873272	0.00206612	6.19835e-05	0	0	0
	0.955	0.00353306	0.00495868	0.87067	0.00206612	8.26446e-05	0	0	0
	0.956	0.00345041	0.0056405	0.87067	0.00206612	4.13223e-05	2.06612e-05	0	0
	0.957	0.00417355	0.00547521	0.865741	0	2.06612e-05	4.13223e-05	0	0
	0.958	0.00415289	0.00520661	0.858796	0	2.06612e-05	0	0	0
	0.959	0.00390496	0.00539256	0.851852	0	0	0	0	0
	0.96	0.00514463	0.00568182	0.851163	0	6.19835e-05	0	0	0
	0.961	0.0036157	0.00599174	0.848485	0	0	2.06612e-05	0	0
	0.962	0.00479339	0.00584711	0.843823	0	4.13223e-05	6.19835e-05	0	0
	0.963	0.00460744	0.00688017	0.838785	0	0	0	0	0
	0.964	0.00493802	0.00628099	0.840749	0	0	2.06612e-05	0	0
	0.965	0.00504132	0.00754132	0.835681	0	0	4.13223e-05	0	0
	0.966	0.00578512	0.00698347	0.830189	0	0	4.13223e-05	0	0
	0.967	0.0052686	0.00702479	0.830189	0	0	0	0	0
	0.968	0.00516529	0.00758264	0.835322	0	0	0	0	0
	0.969	0.00597107	0.00816116	0.842615	0	0	0	0	0
	0.97	0.00561983	0.00832645	0.832524	0	0	2.06612e-05	0	0
	0.971	0.00559917	0.00840909	0.834146	0	0	2.06612e-05	0	0
	0.972	0.0060124	0.00981405	0.82598	0	0	0	0	0
	0.973	0.00599174	0.0093595	0.823821	0	0	2.06612e-05	0	0
	0.974	0.00518595	0.00871901	0.818408	0	0	0	0	0
	0.975	0.00570248	0.0100826	0.805486	0	0	0	0	0
	0.976	0.0060124	0.00987603	0.807018	0	0	0	0	0
	0.977	0.0056405	0.0109711	0.807595	0	0	0	0	0
	0.978	0.00621901	0.0115496	0.791878	0	0	0	0	0
	0.979	0.00626033	0.0128306	0.792308	0	0	0	0	0
	0.98	0.00698347	0.0126033	0.792208	0	0	0	0	0
	0.981	0.00669421	0.0139256	0.778646	0	0	0	0	0
	0.982	0.00836777	0.0128926	0.765789	0	0	2.06612e-05	0	0
	0.983	0.00946281	0.0134298	0.764706	0	0	0	0	0
	0.984	0.0101446	0.0148347	0.747967	0	0	0	0	0
	0.985	0.0101446	0.0154752	0.731507	0	0	0	0	0
	0.986	0.0117562	0.0166116	0.699725	0	0	0	0	0
	0.987	0.0132851	0.0171488	0.686981	0	0	0	0	0
	0.988	0.0143802	0.0179752	0.657382	0	0	0	0	0
	0.989	0.0171488	0.0189463	0.647887	0	0	0	0	0
	0.99	0.0193595	0.0202273	0.625	0	0	0	0	0
	0.991	0.0207645	0.0220868	0.609195	0	0	0	0	0
	0.992	0.0228719	0.0231612	0.591837	0	0	0	0	0
	0.993	0.0242769	0.023905	0.57485	0	0	0	0	0
	0.994	0.0275207	0.026281	0.552469	0	0	0	0	0
	0.995	0.0292355	0.0298347	0.496875	0	0	0	0	0
	0.996	0.0355165	0.0352273	0.42492	0	0	0	0	0
	0.997	0.0472107	0.0414876	0.288591	0	0	0	0	0
	0.998	0.0715289	0.0502479	0.182456	0	0	0	0	0
	0.999	0.121674	0.0581405	0.0501931	0	0	0	0	0
	1	0.192335	0.0529132	0	0	0	0	0	0


#	yrange	sparsity	# links	zeta	support at cross	fraction FP	support at cross2	fraction FP2
	0	0	0	0.000477848	0.995	0.538394	0.995	0.538394
	0.2	0	0	0.000477848	0.995	0.538394	0.995	0.538394
