#	Frequencies and overlap
#	bins	MYC	shuffle	overlap_MYC	overlap_shuffle	SIGN_MYC	SIGNshuffle	SIGNoverlap_MYC	SIGNoverlap_shuffle
	0	0.267645	0.394835	1	1	0.678017	0.74593	0.00831601	0
	0.001	0.13436	0.232748	0.386364	0.00206612	0.0679752	0.115351	0.00625	0
	0.002	0.0803926	0.119132	0.360087	0	0.0405785	0.0544008	0.00705882	0
	0.003	0.0555165	0.0709917	0.36983	0	0.0258264	0.0306198	0.00833333	0
	0.004	0.0393595	0.0461364	0.380435	0	0.0202479	0.0171488	0.0100334	0
	0.005	0.0308058	0.0315083	0.389058	0	0.0160744	0.0106818	0.011194	0
	0.006	0.0260744	0.0206818	0.373377	0	0.0131198	0.00677686	0.0132159	0
	0.007	0.0225207	0.0159091	0.375912	0	0.0116942	0.00452479	0.0145631	0
	0.008	0.0195041	0.0108884	0.379447	0	0.0107025	0.00291322	0.0157068	0
	0.009	0.0178926	0.00865702	0.399142	0	0.00977273	0.00247934	0.0169492	0
	0.01	0.0167562	0.00654959	0.418605	0	0.00816116	0.00165289	0.0185185	0
	0.011	0.0146694	0.00634298	0.42439	0	0.00731405	0.00142562	0.0192308	0
	0.012	0.0147521	0.0039876	0.408163	0	0.00566116	0.000805785	0.0214286	0
	0.013	0.0138843	0.00349174	0.432432	0	0.00508264	0.000867769	0.0229008	0
	0.014	0.0127273	0.0032438	0.425414	0	0.00454545	0.00053719	0.025641	0
	0.015	0.0115289	0.00268595	0.426036	0	0.00363636	0.00035124	0.0272727	0
	0.016	0.00958678	0.0021281	0.421687	0	0.00363636	0.000392562	0.0283019	0
	0.017	0.00921488	0.00196281	0.440252	0	0.0036157	0.000330579	0.029703	0
	0.018	0.00882231	0.00177686	0.422078	0	0.00274793	0.00035124	0.032967	0
	0.019	0.00760331	0.00165289	0.417219	0	0.00266529	0.000371901	0.0348837	0
	0.02	0.00644628	0.0011157	0.413793	0	0.00239669	0.000247934	0.037037	0
	0.021	0.00646694	0.00132231	0.431655	0	0.00309917	4.13223e-05	0.0384615	0
	0.022	0.0056405	0.000971074	0.44697	0	0.0022314	0.00018595	0.0405405	0
	0.023	0.00495868	0.000743802	0.460317	0	0.00219008	0.000123967	0.0416667	0
	0.024	0.00469008	0.000743802	0.475	0	0.00272727	0.000144628	0.0428571	0
	0.025	0.00570248	0.00035124	0.491228	0	0.00245868	8.26446e-05	0.0447761	0
	0.026	0.005	0.000743802	0.504762	0	0.00227273	4.13223e-05	0.047619	0
	0.027	0.00376033	0.000516529	0.514851	0	0.00258264	8.26446e-05	0.047619	0
	0.028	0.00394628	0.000681818	0.530612	0	0.00274793	8.26446e-05	0.05	0
	0.029	0.00392562	0.000330579	0.531915	0	0.00216942	8.26446e-05	0.0517241	0
	0.03	0.0032438	0.000495868	0.51087	0	0.00216942	2.06612e-05	0.0545455	0
	0.031	0.00357438	0.000475207	0.494382	0	0.00188017	0.000103306	0.0576923	0
	0.032	0.00289256	0.000392562	0.477273	0	0.00198347	8.26446e-05	0.0588235	0
	0.033	0.00278926	0.000330579	0.470588	0	0.00165289	0.000144628	0.0588235	0
	0.034	0.00285124	0.00035124	0.447059	0	0.00163223	0.000144628	0.06	0
	0.035	0.00241736	0.000454545	0.428571	0	0.00142562	6.19835e-05	0.0625	0
	0.036	0.00227273	0.000247934	0.426829	0	0.00130165	2.06612e-05	0.0681818	0
	0.037	0.00258264	0.00018595	0.419753	0	0.00128099	4.13223e-05	0.0714286	0
	0.038	0.00243802	0.00018595	0.417722	0	0.00107438	0	0.075	0
	0.039	0.00243802	0.000144628	0.423077	0	0.000805785	0	0.0810811	0
	0.04	0.00241736	0.000144628	0.432432	0	0.00128099	0	0.0857143	0
	0.041	0.00272727	0.00018595	0.416667	0	0.00121901	0	0.1	0
	0.042	0.00258264	0.000206612	0.441176	0	0.000929752	2.06612e-05	0.107143	0
	0.043	0.00293388	0.000165289	0.4375	0	0.000950413	2.06612e-05	0.115385	0
	0.044	0.00216942	0.000123967	0.428571	0	0.000661157	4.13223e-05	0.130435	0
	0.045	0.0031405	6.19835e-05	0.396825	0	0.000702479	4.13223e-05	0.130435	0
	0.046	0.00272727	0.000165289	0.396825	0	0.000619835	0	0.130435	0
	0.047	0.00272727	0.000103306	0.387097	0	0.000516529	0	0.142857	0
	0.048	0.00231405	0.000144628	0.387097	0	0.000557851	2.06612e-05	0.142857	0
	0.049	0.00280992	0.000103306	0.393443	0	0.000702479	0	0.157895	0
	0.05	0.00239669	0.000165289	0.389831	0	0.000392562	0	0.157895	0
	0.051	0.00239669	8.26446e-05	0.372881	0	0.000371901	2.06612e-05	0.157895	0
	0.052	0.00237603	2.06612e-05	0.355932	0	0.000206612	2.06612e-05	0.1875	0
	0.053	0.0022314	0.000144628	0.350877	0	0.000268595	2.06612e-05	0.1875	0
	0.054	0.0022314	2.06612e-05	0.315789	0	0.000330579	2.06612e-05	0.1875	0
	0.055	0.0017562	0.000103306	0.309091	0	0.000309917	0	0.2	0
	0.056	0.00198347	6.19835e-05	0.314815	0	0.000371901	2.06612e-05	0.214286	0
	0.057	0.00221074	0.00018595	0.314815	0	0.000227273	0	0.230769	0
	0.058	0.00171488	0.000144628	0.333333	0	0.000330579	0	0.25	0
	0.059	0.00157025	0.000144628	0.32	0	0.000206612	0	0.272727	0
	0.06	0.00183884	6.19835e-05	0.306122	0	0.000206612	0	0.3	0
	0.061	0.00194215	0.000103306	0.306122	0	0.000165289	2.06612e-05	0.3	0
	0.062	0.00163223	0.000103306	0.3125	0	0.000165289	0	0.3	0
	0.063	0.00169421	6.19835e-05	0.326087	0	0.000144628	2.06612e-05	0.3	0
	0.064	0.00150826	6.19835e-05	0.357143	0	0.000165289	0	0.3	0
	0.065	0.00165289	2.06612e-05	0.357143	0	0.000123967	2.06612e-05	0.3	0
	0.066	0.00144628	4.13223e-05	0.341463	0	8.26446e-05	0	0.428571	0
	0.067	0.00144628	4.13223e-05	0.35	0	0	0	0.428571	0
	0.068	0.00117769	0	0.315789	0	4.13223e-05	0	0.428571	0
	0.069	0.00146694	0	0.324324	0	0	0	0.5	0
	0.07	0.00144628	2.06612e-05	0.324324	0	2.06612e-05	0	0.5	0
	0.071	0.00171488	2.06612e-05	0.333333	0	2.06612e-05	0	0.5	0
	0.072	0.00107438	4.13223e-05	0.305556	0	0	0	0.6	0
	0.073	0.00128099	4.13223e-05	0.323529	0	0	0	0.6	0
	0.074	0.00103306	0	0.333333	0	0	2.06612e-05	0.6	0
	0.075	0.00103306	4.13223e-05	0.30303	0	0	0	0.6	0
	0.076	0.0010124	6.19835e-05	0.30303	0	0	0	0.6	0
	0.077	0.000785124	0	0.322581	0	0	0	0.6	0
	0.078	0.000929752	4.13223e-05	0.333333	0	0	0	0.6	0
	0.079	0.000826446	2.06612e-05	0.344828	0	0	0	0.6	0
	0.08	0.00117769	0	0.344828	0	0	0	0.6	0
	0.081	0.000929752	0	0.357143	0	2.06612e-05	0	0.6	0
	0.082	0.000495868	2.06612e-05	0.357143	0	0	0	0.75	0
	0.083	0.000805785	2.06612e-05	0.37037	0	0	0	0.75	0
	0.084	0.000950413	0	0.37037	0	0	0	0.75	0
	0.085	0.000743802	2.06612e-05	0.384615	0	0	0	0.75	0
	0.086	0.000599174	0	0.384615	0	2.06612e-05	0	0.75	0
	0.087	0.000475207	0	0.384615	0	0	0	0.75	0
	0.088	0.000702479	2.06612e-05	0.384615	0	0	0	0.75	0
	0.089	0.000702479	4.13223e-05	0.36	0	2.06612e-05	0	0.75	0
	0.09	0.000475207	0	0.391304	0	0	0	0.75	0
	0.091	0.000619835	0	0.409091	0	0	0	0.75	0
	0.092	0.000640496	2.06612e-05	0.409091	0	2.06612e-05	0	0.75	0
	0.093	0.000495868	0	0.363636	0	0	0	0.75	0
	0.094	0.000475207	2.06612e-05	0.380952	0	0	0	0.75	0
	0.095	0.000413223	2.06612e-05	0.380952	0	0	0	0.75	0
	0.096	0.000371901	0	0.380952	0	0	0	0.75	0
	0.097	0.000619835	0	0.4	0	0	0	0.75	0
	0.098	0.000309917	4.13223e-05	0.444444	0	2.06612e-05	0	0.75	0
	0.099	0.000247934	4.13223e-05	0.470588	0	6.19835e-05	0	0.75	0
	0.1	0.000330579	2.06612e-05	0.470588	0	0	0	0.75	0
	0.101	0.000144628	2.06612e-05	0.5	0	2.06612e-05	0	0.75	0
	0.102	0.000247934	2.06612e-05	0.5	0	2.06612e-05	0	0.75	0
	0.103	0.000165289	2.06612e-05	0.5	0	0	0	0.75	0
	0.104	0.000289256	2.06612e-05	0.533333	0	0	0	0.75	0
	0.105	0.000165289	0	0.533333	0	2.06612e-05	0	0.75	0
	0.106	0.000227273	0	0.533333	0	2.06612e-05	0	0.75	0
	0.107	0.000309917	0	0.571429	0	2.06612e-05	0	0.75	0
	0.108	0.000206612	0	0.615385	0	6.19835e-05	0	0.75	0
	0.109	0.000206612	0	0.666667	0	0	2.06612e-05	0.5	0
	0.11	0.000227273	2.06612e-05	0.666667	0	2.06612e-05	0	0.5	0
	0.111	0.000165289	2.06612e-05	0.666667	0	0	0	0.5	0
	0.112	0.000144628	4.13223e-05	0.666667	0	0	0	0.5	0
	0.113	0.000206612	2.06612e-05	0.666667	0	4.13223e-05	0	0.5	0
	0.114	8.26446e-05	0	0.666667	0	0	0	0.666667	0
	0.115	0.00018595	0	0.666667	0	4.13223e-05	0	0.666667	0
	0.116	0.000144628	2.06612e-05	0.666667	0	2.06612e-05	0	0.666667	0
	0.117	8.26446e-05	0	0.583333	0	0	0	0.666667	0
	0.118	8.26446e-05	0	0.583333	0	0	0	0.666667	0
	0.119	0.000206612	0	0.583333	0	2.06612e-05	0	0.666667	0
	0.12	0.000206612	2.06612e-05	0.583333	0	4.13223e-05	0	0.666667	0
	0.121	8.26446e-05	0	0.636364	0	2.06612e-05	0	0.666667	0
	0.122	0.00018595	2.06612e-05	0.7	0	4.13223e-05	0	0.666667	0
	0.123	2.06612e-05	0	0.7	0	2.06612e-05	0	0.666667	0
	0.124	0.000144628	0	0.7	0	4.13223e-05	0	0.666667	0
	0.125	0.000103306	0	0.7	0	2.06612e-05	0	0.666667	0
	0.126	6.19835e-05	0	0.7	0	0	0	0.666667	0
	0.127	0.000144628	0	0.7	0	8.26446e-05	0	0.666667	0
	0.128	0.000144628	4.13223e-05	0.7	0	6.19835e-05	0	0.666667	0
	0.129	0.00018595	0	0.7	0	6.19835e-05	0	0.666667	0
	0.13	0.00018595	2.06612e-05	0.7	0	4.13223e-05	0	0.666667	0
	0.131	0.000123967	0	0.777778	0	0.000144628	0	0.333333	0
	0.132	0.000123967	0	0.777778	0	0.000103306	0	0.333333	0
	0.133	2.06612e-05	0	0.777778	0	0.000123967	0	0.333333	0
	0.134	6.19835e-05	0	0.777778	0	0.000165289	0	0.333333	0
	0.135	0.00018595	0	0.777778	0	6.19835e-05	0	0.333333	0
	0.136	0.000103306	0	0.777778	0	8.26446e-05	0	0.333333	0
	0.137	6.19835e-05	0	0.777778	0	0.000165289	0	0.333333	0
	0.138	4.13223e-05	0	0.777778	0	2.06612e-05	0	0.333333	0
	0.139	0.000123967	0	0.777778	0	0.000165289	0	0.333333	0
	0.14	8.26446e-05	0	0.777778	0	0.000144628	0	0.333333	0
	0.141	0.000123967	0	0.777778	0	0.000123967	0	0.333333	0
	0.142	6.19835e-05	0	0.777778	0	6.19835e-05	0	0.333333	0
	0.143	0.000144628	0	0.777778	0	0	0	0.333333	0
	0.144	6.19835e-05	0	0.777778	0	4.13223e-05	0	0.333333	0
	0.145	4.13223e-05	0	0.777778	0	0.000103306	0	0.333333	0
	0.146	8.26446e-05	0	0.777778	0	0	0	0.333333	0
	0.147	8.26446e-05	0	0.777778	0	8.26446e-05	0	0.333333	0
	0.148	2.06612e-05	0	0.777778	0	8.26446e-05	0	0.333333	0
	0.149	6.19835e-05	0	0.777778	0	0.000103306	0	0.333333	0
	0.15	6.19835e-05	2.06612e-05	0.777778	0	0.000123967	0	0.333333	0
	0.151	6.19835e-05	0	0.777778	0	0.000165289	0	0.333333	0
	0.152	4.13223e-05	0	0.875	0	0.000144628	0	0.333333	0
	0.153	2.06612e-05	0	0.875	0	0.000103306	0	0.333333	0
	0.154	2.06612e-05	0	0.875	0	0.000103306	0	0.333333	0
	0.155	2.06612e-05	0	0.875	0	6.19835e-05	0	0.333333	0
	0.156	2.06612e-05	0	0.875	0	0.000103306	0	0.333333	0
	0.157	4.13223e-05	0	0.875	0	0.000123967	0	0.333333	0
	0.158	2.06612e-05	0	0.875	0	4.13223e-05	0	0.333333	0
	0.159	0	0	0.875	0	0.000123967	0	0.5	0
	0.16	0	0	0.875	0	4.13223e-05	0	0.5	0
	0.161	0	0	0.875	0	2.06612e-05	0	0.5	0
	0.162	4.13223e-05	0	0.875	0	4.13223e-05	0	0.5	0
	0.163	4.13223e-05	0	0.75	0	4.13223e-05	0	0.5	0
	0.164	2.06612e-05	0	0.857143	0	8.26446e-05	0	0.5	0
	0.165	4.13223e-05	0	0.857143	0	4.13223e-05	0	0.5	0
	0.166	0	0	0.857143	0	4.13223e-05	0	0.5	0
	0.167	0	0	0.857143	0	2.06612e-05	0	0.5	0
	0.168	4.13223e-05	0	0.857143	0	2.06612e-05	0	0.5	0
	0.169	0	0	0.714286	0	0.000103306	0	0.5	0
	0.17	4.13223e-05	0	0.714286	0	4.13223e-05	0	0.5	0
	0.171	0	0	0.714286	0	2.06612e-05	0	0.5	0
	0.172	2.06612e-05	0	0.714286	0	4.13223e-05	0	0.5	0
	0.173	2.06612e-05	0	0.714286	0	4.13223e-05	0	0.5	0
	0.174	2.06612e-05	0	0.714286	0	0	0	0	0
	0.175	6.19835e-05	0	0.714286	0	4.13223e-05	0	0	0
	0.176	2.06612e-05	2.06612e-05	0.714286	0	2.06612e-05	0	0	0
	0.177	0	0	0.714286	0	8.26446e-05	0	0	0
	0.178	8.26446e-05	0	0.714286	0	0	0	0	0
	0.179	6.19835e-05	0	0.714286	0	2.06612e-05	0	0	0
	0.18	0.000103306	0	0.714286	0	0	0	0	0
	0.181	8.26446e-05	0	0.571429	0	4.13223e-05	0	0	0
	0.182	0	0	0.571429	0	0.000103306	0	0	0
	0.183	4.13223e-05	0	0.571429	0	6.19835e-05	0	0	0
	0.184	8.26446e-05	0	0.571429	0	2.06612e-05	0	0	0
	0.185	0.000123967	0	0.571429	0	2.06612e-05	0	0	0
	0.186	4.13223e-05	0	0.571429	0	6.19835e-05	0	0	0
	0.187	0.000103306	0	0.571429	0	2.06612e-05	0	0	0
	0.188	6.19835e-05	0	0.571429	0	6.19835e-05	0	0	0
	0.189	6.19835e-05	0	0.571429	0	2.06612e-05	0	0	0
	0.19	0.000103306	0	0.571429	0	8.26446e-05	0	0	0
	0.191	0.000123967	0	0.571429	0	6.19835e-05	0	0	0
	0.192	8.26446e-05	0	0.571429	0	2.06612e-05	0	0	0
	0.193	6.19835e-05	0	0.571429	0	4.13223e-05	0	0	0
	0.194	0.000144628	0	0.571429	0	4.13223e-05	0	0	0
	0.195	0.000206612	0	0.571429	0	2.06612e-05	0	0	0
	0.196	0.000227273	0	0.571429	0	6.19835e-05	0	0	0
	0.197	0.000165289	0	0.571429	0	2.06612e-05	0	0	0
	0.198	0.000247934	0	0.571429	0	6.19835e-05	0	0	0
	0.199	0.000206612	0	0.571429	0	0.000103306	0	0	0
	0.2	0.000144628	0	0.571429	0	0.000103306	0	0	0
	0.201	0.000123967	0	0.428571	0	4.13223e-05	0	0	0
	0.202	8.26446e-05	0	0.428571	0	0.000103306	0	0	0
	0.203	8.26446e-05	0	0.428571	0	4.13223e-05	0	0	0
	0.204	0.00018595	0	0.428571	0	0.000103306	0	0	0
	0.205	0.000165289	0	0.428571	0	2.06612e-05	0	0	0
	0.206	0.00018595	0	0.428571	0	6.19835e-05	0	0	0
	0.207	0.000123967	0	0.428571	0	2.06612e-05	0	0	0
	0.208	8.26446e-05	0	0.428571	0	8.26446e-05	0	0	0
	0.209	0.000103306	0	0.428571	0	0	0	0	0
	0.21	0.000123967	0	0.428571	0	8.26446e-05	0	0	0
	0.211	0.000227273	0	0.428571	0	6.19835e-05	0	0	0
	0.212	0.000206612	0	0.428571	0	6.19835e-05	0	0	0
	0.213	0.000123967	0	0.428571	0	4.13223e-05	0	0	0
	0.214	0.000165289	0	0.428571	0	0	0	0	0
	0.215	0.000123967	0	0.428571	0	4.13223e-05	0	0	0
	0.216	0.000123967	0	0.285714	0	6.19835e-05	0	0	0
	0.217	0.000247934	0	0.285714	0	2.06612e-05	0	0	0
	0.218	0.000103306	0	0.285714	0	0	0	0	0
	0.219	6.19835e-05	0	0.285714	0	4.13223e-05	0	0	0
	0.22	0.000165289	0	0.142857	0	0	0	0	0
	0.221	4.13223e-05	0	0.142857	0	2.06612e-05	0	0	0
	0.222	0.000123967	0	0.142857	0	0	0	0	0
	0.223	8.26446e-05	0	0.142857	0	4.13223e-05	0	0	0
	0.224	0.000103306	0	0.142857	0	2.06612e-05	0	0	0
	0.225	0.000123967	0	0.142857	0	0	0	0	0
	0.226	0.000227273	0	0.142857	0	0	0	0	0
	0.227	0.000144628	0	0.142857	0	0	0	0	0
	0.228	8.26446e-05	0	0.142857	0	0	0	0	0
	0.229	0.00018595	0	0.142857	0	0	0	0	0
	0.23	6.19835e-05	0	0.142857	0	0	0	0	0
	0.231	6.19835e-05	0	0.142857	0	0	0	0	0
	0.232	6.19835e-05	0	0.142857	0	0	0	0	0
	0.233	0.000103306	0	0.142857	0	0	0	0	0
	0.234	0.000123967	0	0.142857	0	0	0	0	0
	0.235	0.000144628	0	0.142857	0	0	0	0	0
	0.236	0.000144628	0	0.142857	0	0	0	0	0
	0.237	0.000144628	0	0.142857	0	0	0	0	0
	0.238	0.00018595	0	0.142857	0	0	0	0	0
	0.239	0.000144628	0	0.142857	0	0	0	0	0
	0.24	0.000144628	0	0.142857	0	0	0	0	0
	0.241	0.000165289	0	0.166667	0	0	0	0	0
	0.242	8.26446e-05	0	0.166667	0	0	0	0	0
	0.243	0.000165289	0	0.166667	0	0	0	0	0
	0.244	0.000247934	0	0.166667	0	0	0	0	0
	0.245	0.000103306	0	0.166667	0	0	0	0	0
	0.246	0.000165289	0	0.2	0	0	0	0	0
	0.247	8.26446e-05	0	0.2	0	0	0	0	0
	0.248	0.000227273	0	0.25	0	0	0	0	0
	0.249	2.06612e-05	0	0.25	0	0	0	0	0
	0.25	0.000165289	0	0.25	0	0	0	0	0
	0.251	0.000123967	0	0.25	0	0	0	0	0
	0.252	8.26446e-05	0	0.25	0	0	0	0	0
	0.253	0.000103306	0	0.25	0	0	0	0	0
	0.254	6.19835e-05	0	0.25	0	0	0	0	0
	0.255	0.000103306	0	0.25	0	0	0	0	0
	0.256	8.26446e-05	0	0.25	0	0	0	0	0
	0.257	0.000123967	0	0.25	0	0	0	0	0
	0.258	0.000268595	0	0.25	0	0	0	0	0
	0.259	0.000103306	0	0.25	0	0	0	0	0
	0.26	0.000103306	0	0.25	0	0	0	0	0
	0.261	0.000123967	0	0.25	0	0	0	0	0
	0.262	0.000144628	0	0.25	0	0	0	0	0
	0.263	0.00018595	0	0.25	0	0	0	0	0
	0.264	0.000123967	0	0.25	0	0	0	0	0
	0.265	0.000165289	0	0.25	0	0	0	0	0
	0.266	8.26446e-05	0	0.25	0	0	0	0	0
	0.267	0.000123967	0	0.25	0	0	0	0	0
	0.268	8.26446e-05	0	0.25	0	0	0	0	0
	0.269	6.19835e-05	0	0.25	0	0	0	0	0
	0.27	2.06612e-05	0	0.25	0	0	0	0	0
	0.271	0.000103306	0	0.25	0	0	0	0	0
	0.272	2.06612e-05	0	0.25	0	0	0	0	0
	0.273	0	0	0.25	0	0	0	0	0
	0.274	6.19835e-05	0	0.25	0	0	0	0	0
	0.275	6.19835e-05	0	0.333333	0	0	0	0	0
	0.276	4.13223e-05	0	0.333333	0	0	0	0	0
	0.277	6.19835e-05	0	0.333333	0	0	0	0	0
	0.278	4.13223e-05	0	0.333333	0	0	0	0	0
	0.279	2.06612e-05	0	0.333333	0	0	0	0	0
	0.28	0	0	0.333333	0	0	0	0	0
	0.281	0	0	0.333333	0	0	0	0	0
	0.282	4.13223e-05	0	0.333333	0	0	0	0	0
	0.283	0	0	0.333333	0	0	0	0	0
	0.284	0	0	0.333333	0	0	0	0	0
	0.285	0	0	0.333333	0	0	0	0	0
	0.286	0	0	0.333333	0	0	0	0	0
	0.287	4.13223e-05	0	0.333333	0	0	0	0	0
	0.288	4.13223e-05	0	0.333333	0	0	0	0	0
	0.289	2.06612e-05	0	0.5	0	0	0	0	0
	0.29	0	0	0.5	0	0	0	0	0
	0.291	0	0	0.5	0	0	0	0	0
	0.292	2.06612e-05	0	0.5	0	0	0	0	0
	0.293	0	0	1	0	0	0	0	0
	0.294	0	0	1	0	0	0	0	0
	0.295	0	0	1	0	0	0	0	0
	0.296	0	0	1	0	0	0	0	0
	0.297	0	0	1	0	0	0	0	0
	0.298	0	0	1	0	0	0	0	0
	0.299	0	0	1	0	0	0	0	0
	0.3	0	0	1	0	0	0	0	0
	0.301	0	0	1	0	0	0	0	0
	0.302	0	0	1	0	0	0	0	0
	0.303	0	0	1	0	0	0	0	0
	0.304	0	0	1	0	0	0	0	0
	0.305	0	0	1	0	0	0	0	0
	0.306	0	0	1	0	0	0	0	0
	0.307	0	0	1	0	0	0	0	0
	0.308	0	0	1	0	0	0	0	0
	0.309	0	0	1	0	0	0	0	0
	0.31	0	0	1	0	0	0	0	0
	0.311	0	0	1	0	0	0	0	0
	0.312	0	0	1	0	0	0	0	0
	0.313	0	0	1	0	0	0	0	0
	0.314	0	0	1	0	0	0	0	0
	0.315	0	0	1	0	0	0	0	0
	0.316	0	0	1	0	0	0	0	0
	0.317	0	0	1	0	0	0	0	0
	0.318	0	0	1	0	0	0	0	0
	0.319	0	0	1	0	0	0	0	0
	0.32	0	0	1	0	0	0	0	0
	0.321	0	0	1	0	0	0	0	0
	0.322	2.06612e-05	0	1	0	0	0	0	0
	0.323	0	0	0	0	0	0	0	0
	0.324	0	0	0	0	0	0	0	0
	0.325	0	0	0	0	0	0	0	0
	0.326	0	0	0	0	0	0	0	0
	0.327	0	0	0	0	0	0	0	0
	0.328	0	0	0	0	0	0	0	0
	0.329	0	0	0	0	0	0	0	0
	0.33	0	0	0	0	0	0	0	0
	0.331	0	0	0	0	0	0	0	0
	0.332	0	0	0	0	0	0	0	0
	0.333	4.13223e-05	0	0	0	0	0	0	0
	0.334	0	0	0	0	0	0	0	0
	0.335	0	0	0	0	0	0	0	0
	0.336	2.06612e-05	0	0	0	0	0	0	0
	0.337	4.13223e-05	0	0	0	0	0	0	0
	0.338	2.06612e-05	0	0	0	0	0	0	0
	0.339	6.19835e-05	0	0	0	0	0	0	0
	0.34	4.13223e-05	0	0	0	0	0	0	0
	0.341	4.13223e-05	0	0	0	0	0	0	0
	0.342	2.06612e-05	0	0	0	0	0	0	0
	0.343	2.06612e-05	0	0	0	0	0	0	0
	0.344	2.06612e-05	0	0	0	0	0	0	0
	0.345	4.13223e-05	0	0	0	0	0	0	0
	0.346	4.13223e-05	0	0	0	0	0	0	0
	0.347	4.13223e-05	0	0	0	0	0	0	0
	0.348	2.06612e-05	0	0	0	0	0	0	0
	0.349	4.13223e-05	0	0	0	0	0	0	0
	0.35	4.13223e-05	0	0	0	0	0	0	0
	0.351	0	0	0	0	0	0	0	0
	0.352	4.13223e-05	0	0	0	0	0	0	0
	0.353	0	0	0	0	0	0	0	0
	0.354	4.13223e-05	0	0	0	0	0	0	0
	0.355	2.06612e-05	0	0	0	0	0	0	0
	0.356	4.13223e-05	0	0	0	0	0	0	0
	0.357	2.06612e-05	0	0	0	0	0	0	0
	0.358	6.19835e-05	0	0	0	0	0	0	0
	0.359	6.19835e-05	0	0	0	0	0	0	0
	0.36	8.26446e-05	0	0	0	0	0	0	0
	0.361	0	0	0	0	0	0	0	0
	0.362	0	0	0	0	0	0	0	0
	0.363	0.000103306	0	0	0	0	0	0	0
	0.364	0.000165289	0	0	0	0	0	0	0
	0.365	0	0	0	0	0	0	0	0
	0.366	2.06612e-05	0	0	0	0	0	0	0
	0.367	4.13223e-05	0	0	0	0	0	0	0
	0.368	2.06612e-05	0	0	0	0	0	0	0
	0.369	4.13223e-05	0	0	0	0	0	0	0
	0.37	8.26446e-05	0	0	0	0	0	0	0
	0.371	4.13223e-05	0	0	0	0	0	0	0
	0.372	2.06612e-05	0	0	0	0	0	0	0
	0.373	4.13223e-05	0	0	0	0	0	0	0
	0.374	4.13223e-05	0	0	0	0	0	0	0
	0.375	2.06612e-05	0	0	0	0	0	0	0
	0.376	0	0	0	0	0	0	0	0
	0.377	2.06612e-05	0	0	0	0	0	0	0
	0.378	0	0	0	0	0	0	0	0
	0.379	2.06612e-05	0	0	0	0	0	0	0
	0.38	4.13223e-05	0	0	0	0	0	0	0
	0.381	4.13223e-05	0	0	0	0	0	0	0
	0.382	4.13223e-05	0	0	0	0	0	0	0
	0.383	8.26446e-05	0	0	0	0	0	0	0
	0.384	0	0	0	0	0	0	0	0
	0.385	4.13223e-05	0	0	0	0	0	0	0
	0.386	0	0	0	0	0	0	0	0
	0.387	2.06612e-05	0	0	0	0	0	0	0
	0.388	0	0	0	0	0	0	0	0
	0.389	2.06612e-05	0	0	0	0	0	0	0
	0.39	6.19835e-05	0	0	0	0	0	0	0
	0.391	0	0	0	0	0	0	0	0
	0.392	0	0	0	0	0	0	0	0
	0.393	0	0	0	0	0	0	0	0
	0.394	2.06612e-05	0	0	0	0	0	0	0
	0.395	0	0	0	0	0	0	0	0
	0.396	0	0	0	0	0	0	0	0
	0.397	0	0	0	0	0	0	0	0
	0.398	0	0	0	0	0	0	0	0
	0.399	0	0	0	0	0	0	0	0
	0.4	0	0	0	0	0	0	0	0
	0.401	2.06612e-05	0	0	0	0	0	0	0
	0.402	2.06612e-05	0	0	0	0	0	0	0
	0.403	2.06612e-05	0	0	0	0	0	0	0
	0.404	0	0	0	0	0	0	0	0
	0.405	0	0	0	0	0	0	0	0
	0.406	0	0	0	0	0	0	0	0
	0.407	0	0	0	0	0	0	0	0
	0.408	0	0	0	0	0	0	0	0
	0.409	0	0	0	0	0	0	0	0
	0.41	0	0	0	0	0	0	0	0
	0.411	0	0	0	0	0	0	0	0
	0.412	0	0	0	0	0	0	0	0
	0.413	0	0	0	0	0	0	0	0
	0.414	0	0	0	0	0	0	0	0
	0.415	0	0	0	0	0	0	0	0
	0.416	0	0	0	0	0	0	0	0
	0.417	0	0	0	0	0	0	0	0
	0.418	0	0	0	0	0	0	0	0
	0.419	0	0	0	0	0	0	0	0
	0.42	0	0	0	0	0	0	0	0
	0.421	0	0	0	0	0	0	0	0
	0.422	0	0	0	0	0	0	0	0
	0.423	0	0	0	0	0	0	0	0
	0.424	0	0	0	0	0	0	0	0
	0.425	0	0	0	0	0	0	0	0
	0.426	0	0	0	0	0	0	0	0
	0.427	0	0	0	0	0	0	0	0
	0.428	0	0	0	0	0	0	0	0
	0.429	0	0	0	0	0	0	0	0
	0.43	0	0	0	0	0	0	0	0
	0.431	0	0	0	0	0	0	0	0
	0.432	0	0	0	0	0	0	0	0
	0.433	0	0	0	0	0	0	0	0
	0.434	0	0	0	0	0	0	0	0
	0.435	0	0	0	0	0	0	0	0
	0.436	0	0	0	0	0	0	0	0
	0.437	0	0	0	0	0	0	0	0
	0.438	0	0	0	0	0	0	0	0
	0.439	0	0	0	0	0	0	0	0
	0.44	0	0	0	0	0	0	0	0
	0.441	0	0	0	0	0	0	0	0
	0.442	0	0	0	0	0	0	0	0
	0.443	0	0	0	0	0	0	0	0
	0.444	0	0	0	0	0	0	0	0
	0.445	0	0	0	0	0	0	0	0
	0.446	0	0	0	0	0	0	0	0
	0.447	0	0	0	0	0	0	0	0
	0.448	0	0	0	0	0	0	0	0
	0.449	0	0	0	0	0	0	0	0
	0.45	0	0	0	0	0	0	0	0
	0.451	0	0	0	0	0	0	0	0
	0.452	0	0	0	0	0	0	0	0
	0.453	0	0	0	0	0	0	0	0
	0.454	0	0	0	0	0	0	0	0
	0.455	0	0	0	0	0	0	0	0
	0.456	0	0	0	0	0	0	0	0
	0.457	0	0	0	0	0	0	0	0
	0.458	0	0	0	0	0	0	0	0
	0.459	0	0	0	0	0	0	0	0
	0.46	0	0	0	0	0	0	0	0
	0.461	0	0	0	0	0	0	0	0
	0.462	0	0	0	0	0	0	0	0
	0.463	0	0	0	0	0	0	0	0
	0.464	0	0	0	0	0	0	0	0
	0.465	0	0	0	0	0	0	0	0
	0.466	0	0	0	0	0	0	0	0
	0.467	0	0	0	0	0	0	0	0
	0.468	0	0	0	0	0	0	0	0
	0.469	0	0	0	0	0	0	0	0
	0.47	0	0	0	0	0	0	0	0
	0.471	0	0	0	0	0	0	0	0
	0.472	0	0	0	0	0	0	0	0
	0.473	0	0	0	0	0	0	0	0
	0.474	0	0	0	0	0	0	0	0
	0.475	0	0	0	0	0	0	0	0
	0.476	0	0	0	0	0	0	0	0
	0.477	0	0	0	0	0	0	0	0
	0.478	0	0	0	0	0	0	0	0
	0.479	0	0	0	0	0	0	0	0
	0.48	0	0	0	0	0	0	0	0
	0.481	0	0	0	0	0	0	0	0
	0.482	0	0	0	0	0	0	0	0
	0.483	0	0	0	0	0	0	0	0
	0.484	0	0	0	0	0	0	0	0
	0.485	0	0	0	0	0	0	0	0
	0.486	0	0	0	0	0	0	0	0
	0.487	0	0	0	0	0	0	0	0
	0.488	0	0	0	0	0	0	0	0
	0.489	0	0	0	0	0	0	0	0
	0.49	0	0	0	0	0	0	0	0
	0.491	0	0	0	0	0	0	0	0
	0.492	0	0	0	0	0	0	0	0
	0.493	0	0	0	0	0	0	0	0
	0.494	0	0	0	0	0	0	0	0
	0.495	0	0	0	0	0	0	0	0
	0.496	0	0	0	0	0	0	0	0
	0.497	0	0	0	0	0	0	0	0
	0.498	0	0	0	0	0	0	0	0
	0.499	0	0	0	0	0	0	0	0
	0.5	0	0	0	0	0	0	0	0
	0.501	0	0	0	0	0	0	0	0
	0.502	0	0	0	0	0	0	0	0
	0.503	0	0	0	0	0	0	0	0
	0.504	0	0	0	0	0	0	0	0
	0.505	0	0	0	0	0	0	0	0
	0.506	0	0	0	0	0	0	0	0
	0.507	0	0	0	0	0	0	0	0
	0.508	0	0	0	0	0	0	0	0
	0.509	0	0	0	0	0	0	0	0
	0.51	0	0	0	0	0	0	0	0
	0.511	0	0	0	0	0	0	0	0
	0.512	0	0	0	0	0	0	0	0
	0.513	0	0	0	0	0	0	0	0
	0.514	0	0	0	0	0	0	0	0
	0.515	0	0	0	0	0	0	0	0
	0.516	0	0	0	0	0	0	0	0
	0.517	0	0	0	0	0	0	0	0
	0.518	0	0	0	0	0	0	0	0
	0.519	0	0	0	0	0	0	0	0
	0.52	0	0	0	0	0	0	0	0
	0.521	0	0	0	0	0	0	0	0
	0.522	0	0	0	0	0	0	0	0
	0.523	0	0	0	0	0	0	0	0
	0.524	0	0	0	0	0	0	0	0
	0.525	0	0	0	0	0	0	0	0
	0.526	0	0	0	0	0	0	0	0
	0.527	0	0	0	0	0	0	0	0
	0.528	0	0	0	0	0	0	0	0
	0.529	0	0	0	0	0	0	0	0
	0.53	0	0	0	0	0	0	0	0
	0.531	0	0	0	0	0	0	0	0
	0.532	0	0	0	0	0	0	0	0
	0.533	0	0	0	0	0	0	0	0
	0.534	0	0	0	0	0	0	0	0
	0.535	0	0	0	0	0	0	0	0
	0.536	0	0	0	0	0	0	0	0
	0.537	0	0	0	0	0	0	0	0
	0.538	0	0	0	0	0	0	0	0
	0.539	0	0	0	0	0	0	0	0
	0.54	0	0	0	0	0	0	0	0
	0.541	0	0	0	0	0	0	0	0
	0.542	0	0	0	0	0	0	0	0
	0.543	0	0	0	0	0	0	0	0
	0.544	0	0	0	0	0	0	0	0
	0.545	0	0	0	0	0	0	0	0
	0.546	0	0	0	0	0	0	0	0
	0.547	0	0	0	0	0	0	0	0
	0.548	0	0	0	0	0	0	0	0
	0.549	0	0	0	0	0	0	0	0
	0.55	0	0	0	0	0	0	0	0
	0.551	0	0	0	0	0	0	0	0
	0.552	0	0	0	0	0	0	0	0
	0.553	0	0	0	0	0	0	0	0
	0.554	0	0	0	0	0	0	0	0
	0.555	0	0	0	0	0	0	0	0
	0.556	0	0	0	0	0	0	0	0
	0.557	0	0	0	0	0	0	0	0
	0.558	0	0	0	0	0	0	0	0
	0.559	0	0	0	0	0	0	0	0
	0.56	0	0	0	0	0	0	0	0
	0.561	0	0	0	0	0	0	0	0
	0.562	0	0	0	0	0	0	0	0
	0.563	0	0	0	0	0	0	0	0
	0.564	0	0	0	0	0	0	0	0
	0.565	0	0	0	0	0	0	0	0
	0.566	0	0	0	0	0	0	0	0
	0.567	0	0	0	0	0	0	0	0
	0.568	0	0	0	0	0	0	0	0
	0.569	0	0	0	0	0	0	0	0
	0.57	0	0	0	0	0	0	0	0
	0.571	0	0	0	0	0	0	0	0
	0.572	0	0	0	0	0	0	0	0
	0.573	0	0	0	0	0	0	0	0
	0.574	0	0	0	0	0	0	0	0
	0.575	0	0	0	0	0	0	0	0
	0.576	0	0	0	0	0	0	0	0
	0.577	0	0	0	0	0	0	0	0
	0.578	0	0	0	0	0	0	0	0
	0.579	0	0	0	0	0	0	0	0
	0.58	0	0	0	0	0	0	0	0
	0.581	0	0	0	0	0	0	0	0
	0.582	0	0	0	0	0	0	0	0
	0.583	0	0	0	0	0	0	0	0
	0.584	0	0	0	0	0	0	0	0
	0.585	0	0	0	0	0	0	0	0
	0.586	0	0	0	0	0	0	0	0
	0.587	0	0	0	0	0	0	0	0
	0.588	0	0	0	0	0	0	0	0
	0.589	0	0	0	0	0	0	0	0
	0.59	0	0	0	0	0	0	0	0
	0.591	0	0	0	0	0	0	0	0
	0.592	0	0	0	0	0	0	0	0
	0.593	0	0	0	0	0	0	0	0
	0.594	0	0	0	0	0	0	0	0
	0.595	0	0	0	0	0	0	0	0
	0.596	0	0	0	0	0	0	0	0
	0.597	0	0	0	0	0	0	0	0
	0.598	0	0	0	0	0	0	0	0
	0.599	0	0	0	0	0	0	0	0
	0.6	0	0	0	0	0	0	0	0
	0.601	0	0	0	0	0	0	0	0
	0.602	0	0	0	0	0	0	0	0
	0.603	0	0	0	0	0	0	0	0
	0.604	0	0	0	0	0	0	0	0
	0.605	0	0	0	0	0	0	0	0
	0.606	0	0	0	0	0	0	0	0
	0.607	0	0	0	0	0	0	0	0
	0.608	0	0	0	0	0	0	0	0
	0.609	0	0	0	0	0	0	0	0
	0.61	0	0	0	0	0	0	0	0
	0.611	0	0	0	0	0	0	0	0
	0.612	0	0	0	0	0	0	0	0
	0.613	0	0	0	0	0	0	0	0
	0.614	0	0	0	0	0	0	0	0
	0.615	0	0	0	0	0	0	0	0
	0.616	0	0	0	0	0	0	0	0
	0.617	0	0	0	0	0	0	0	0
	0.618	0	0	0	0	0	0	0	0
	0.619	0	0	0	0	0	0	0	0
	0.62	0	0	0	0	0	0	0	0
	0.621	0	0	0	0	0	0	0	0
	0.622	0	0	0	0	0	0	0	0
	0.623	0	0	0	0	0	0	0	0
	0.624	0	0	0	0	0	0	0	0
	0.625	0	0	0	0	0	0	0	0
	0.626	0	0	0	0	0	0	0	0
	0.627	0	0	0	0	0	0	0	0
	0.628	0	0	0	0	0	0	0	0
	0.629	0	0	0	0	0	0	0	0
	0.63	0	0	0	0	0	0	0	0
	0.631	0	0	0	0	0	0	0	0
	0.632	0	0	0	0	0	0	0	0
	0.633	0	0	0	0	0	0	0	0
	0.634	0	0	0	0	0	0	0	0
	0.635	0	0	0	0	0	0	0	0
	0.636	0	0	0	0	0	0	0	0
	0.637	0	0	0	0	0	0	0	0
	0.638	0	0	0	0	0	0	0	0
	0.639	0	0	0	0	0	0	0	0
	0.64	0	0	0	0	0	0	0	0
	0.641	0	0	0	0	0	0	0	0
	0.642	0	0	0	0	0	0	0	0
	0.643	0	0	0	0	0	0	0	0
	0.644	0	0	0	0	0	0	0	0
	0.645	0	0	0	0	0	0	0	0
	0.646	0	0	0	0	0	0	0	0
	0.647	0	0	0	0	0	0	0	0
	0.648	0	0	0	0	0	0	0	0
	0.649	0	0	0	0	0	0	0	0
	0.65	0	0	0	0	0	0	0	0
	0.651	0	0	0	0	0	0	0	0
	0.652	0	0	0	0	0	0	0	0
	0.653	0	0	0	0	0	0	0	0
	0.654	0	0	0	0	0	0	0	0
	0.655	0	0	0	0	0	0	0	0
	0.656	0	0	0	0	0	0	0	0
	0.657	0	0	0	0	0	0	0	0
	0.658	0	0	0	0	0	0	0	0
	0.659	0	0	0	0	0	0	0	0
	0.66	0	0	0	0	0	0	0	0
	0.661	0	0	0	0	0	0	0	0
	0.662	0	0	0	0	0	0	0	0
	0.663	0	0	0	0	0	0	0	0
	0.664	0	0	0	0	0	0	0	0
	0.665	0	0	0	0	0	0	0	0
	0.666	0	0	0	0	0	0	0	0
	0.667	0	0	0	0	0	0	0	0
	0.668	0	0	0	0	0	0	0	0
	0.669	0	0	0	0	0	0	0	0
	0.67	0	0	0	0	0	0	0	0
	0.671	0	0	0	0	0	0	0	0
	0.672	0	0	0	0	0	0	0	0
	0.673	0	0	0	0	0	0	0	0
	0.674	0	0	0	0	0	0	0	0
	0.675	0	0	0	0	0	0	0	0
	0.676	0	0	0	0	0	0	0	0
	0.677	0	0	0	0	0	0	0	0
	0.678	0	0	0	0	0	0	0	0
	0.679	0	0	0	0	0	0	0	0
	0.68	0	0	0	0	0	0	0	0
	0.681	0	0	0	0	0	0	0	0
	0.682	0	0	0	0	0	0	0	0
	0.683	0	0	0	0	0	0	0	0
	0.684	0	0	0	0	0	0	0	0
	0.685	0	0	0	0	0	0	0	0
	0.686	0	0	0	0	0	0	0	0
	0.687	0	0	0	0	0	0	0	0
	0.688	0	0	0	0	0	0	0	0
	0.689	0	0	0	0	0	0	0	0
	0.69	0	0	0	0	0	0	0	0
	0.691	0	0	0	0	0	0	0	0
	0.692	0	0	0	0	0	0	0	0
	0.693	0	0	0	0	0	0	0	0
	0.694	0	0	0	0	0	0	0	0
	0.695	0	0	0	0	0	0	0	0
	0.696	0	0	0	0	0	0	0	0
	0.697	0	0	0	0	0	0	0	0
	0.698	0	0	0	0	0	0	0	0
	0.699	0	0	0	0	0	0	0	0
	0.7	0	0	0	0	0	0	0	0
	0.701	0	0	0	0	0	0	0	0
	0.702	0	0	0	0	0	0	0	0
	0.703	0	0	0	0	0	0	0	0
	0.704	0	0	0	0	0	0	0	0
	0.705	0	0	0	0	0	0	0	0
	0.706	0	0	0	0	0	0	0	0
	0.707	0	0	0	0	0	0	0	0
	0.708	0	0	0	0	0	0	0	0
	0.709	0	0	0	0	0	0	0	0
	0.71	0	0	0	0	0	0	0	0
	0.711	0	0	0	0	0	0	0	0
	0.712	0	0	0	0	0	0	0	0
	0.713	0	0	0	0	0	0	0	0
	0.714	0	0	0	0	0	0	0	0
	0.715	0	0	0	0	0	0	0	0
	0.716	0	0	0	0	0	0	0	0
	0.717	0	0	0	0	0	0	0	0
	0.718	0	0	0	0	0	0	0	0
	0.719	0	0	0	0	0	0	0	0
	0.72	0	0	0	0	0	0	0	0
	0.721	0	0	0	0	0	0	0	0
	0.722	0	0	0	0	0	0	0	0
	0.723	0	0	0	0	0	0	0	0
	0.724	0	0	0	0	0	0	0	0
	0.725	0	0	0	0	0	0	0	0
	0.726	0	0	0	0	0	0	0	0
	0.727	0	0	0	0	0	0	0	0
	0.728	0	0	0	0	0	0	0	0
	0.729	0	0	0	0	0	0	0	0
	0.73	0	0	0	0	0	0	0	0
	0.731	0	0	0	0	0	0	0	0
	0.732	0	0	0	0	0	0	0	0
	0.733	0	0	0	0	0	0	0	0
	0.734	0	0	0	0	0	0	0	0
	0.735	0	0	0	0	0	0	0	0
	0.736	0	0	0	0	0	0	0	0
	0.737	0	0	0	0	0	0	0	0
	0.738	0	0	0	0	0	0	0	0
	0.739	0	0	0	0	0	0	0	0
	0.74	0	0	0	0	0	0	0	0
	0.741	0	0	0	0	0	0	0	0
	0.742	0	0	0	0	0	0	0	0
	0.743	0	0	0	0	0	0	0	0
	0.744	0	0	0	0	0	0	0	0
	0.745	0	0	0	0	0	0	0	0
	0.746	0	0	0	0	0	0	0	0
	0.747	0	0	0	0	0	0	0	0
	0.748	0	0	0	0	0	0	0	0
	0.749	0	0	0	0	0	0	0	0
	0.75	0	0	0	0	0	0	0	0
	0.751	0	0	0	0	0	0	0	0
	0.752	0	0	0	0	0	0	0	0
	0.753	0	0	0	0	0	0	0	0
	0.754	0	0	0	0	0	0	0	0
	0.755	0	0	0	0	0	0	0	0
	0.756	0	0	0	0	0	0	0	0
	0.757	0	0	0	0	0	0	0	0
	0.758	0	0	0	0	0	0	0	0
	0.759	0	0	0	0	0	0	0	0
	0.76	0	0	0	0	0	0	0	0
	0.761	0	0	0	0	0	0	0	0
	0.762	0	0	0	0	0	0	0	0
	0.763	0	0	0	0	0	0	0	0
	0.764	0	0	0	0	0	0	0	0
	0.765	0	0	0	0	0	0	0	0
	0.766	0	0	0	0	0	0	0	0
	0.767	0	0	0	0	0	0	0	0
	0.768	0	0	0	0	0	0	0	0
	0.769	0	0	0	0	0	0	0	0
	0.77	0	0	0	0	0	0	0	0
	0.771	0	0	0	0	0	0	0	0
	0.772	0	0	0	0	0	0	0	0
	0.773	0	0	0	0	0	0	0	0
	0.774	0	0	0	0	0	0	0	0
	0.775	0	0	0	0	0	0	0	0
	0.776	0	0	0	0	0	0	0	0
	0.777	0	0	0	0	0	0	0	0
	0.778	0	0	0	0	0	0	0	0
	0.779	0	0	0	0	0	0	0	0
	0.78	0	0	0	0	0	0	0	0
	0.781	0	0	0	0	0	0	0	0
	0.782	0	0	0	0	0	0	0	0
	0.783	0	0	0	0	0	0	0	0
	0.784	0	0	0	0	0	0	0	0
	0.785	0	0	0	0	0	0	0	0
	0.786	0	0	0	0	0	0	0	0
	0.787	0	0	0	0	0	0	0	0
	0.788	0	0	0	0	0	0	0	0
	0.789	0	0	0	0	0	0	0	0
	0.79	0	0	0	0	0	0	0	0
	0.791	0	0	0	0	0	0	0	0
	0.792	0	0	0	0	0	0	0	0
	0.793	0	0	0	0	0	0	0	0
	0.794	0	0	0	0	0	0	0	0
	0.795	0	0	0	0	0	0	0	0
	0.796	0	0	0	0	0	0	0	0
	0.797	0	0	0	0	0	0	0	0
	0.798	0	0	0	0	0	0	0	0
	0.799	0	0	0	0	0	0	0	0
	0.8	0	0	0	0	0	0	0	0
	0.801	0	0	0	0	0	0	0	0
	0.802	0	0	0	0	0	0	0	0
	0.803	0	0	0	0	0	0	0	0
	0.804	0	0	0	0	0	0	0	0
	0.805	0	0	0	0	0	0	0	0
	0.806	0	0	0	0	0	0	0	0
	0.807	0	0	0	0	0	0	0	0
	0.808	0	0	0	0	0	0	0	0
	0.809	0	0	0	0	0	0	0	0
	0.81	0	0	0	0	0	0	0	0
	0.811	0	0	0	0	0	0	0	0
	0.812	0	0	0	0	0	0	0	0
	0.813	0	0	0	0	0	0	0	0
	0.814	0	0	0	0	0	0	0	0
	0.815	0	0	0	0	0	0	0	0
	0.816	0	0	0	0	0	0	0	0
	0.817	0	0	0	0	0	0	0	0
	0.818	0	0	0	0	0	0	0	0
	0.819	0	0	0	0	0	0	0	0
	0.82	0	0	0	0	0	0	0	0
	0.821	0	0	0	0	0	0	0	0
	0.822	0	0	0	0	0	0	0	0
	0.823	0	0	0	0	0	0	0	0
	0.824	0	0	0	0	0	0	0	0
	0.825	0	0	0	0	0	0	0	0
	0.826	0	0	0	0	0	0	0	0
	0.827	0	0	0	0	0	0	0	0
	0.828	0	0	0	0	0	0	0	0
	0.829	0	0	0	0	0	0	0	0
	0.83	0	0	0	0	0	0	0	0
	0.831	0	0	0	0	0	0	0	0
	0.832	0	0	0	0	0	0	0	0
	0.833	0	0	0	0	0	0	0	0
	0.834	0	0	0	0	0	0	0	0
	0.835	0	0	0	0	0	0	0	0
	0.836	0	0	0	0	0	0	0	0
	0.837	0	0	0	0	0	0	0	0
	0.838	0	0	0	0	0	0	0	0
	0.839	0	0	0	0	0	0	0	0
	0.84	0	0	0	0	0	0	0	0
	0.841	0	0	0	0	0	0	0	0
	0.842	0	0	0	0	0	0	0	0
	0.843	0	0	0	0	0	0	0	0
	0.844	0	0	0	0	0	0	0	0
	0.845	0	0	0	0	0	0	0	0
	0.846	0	0	0	0	0	0	0	0
	0.847	0	0	0	0	0	0	0	0
	0.848	0	0	0	0	0	0	0	0
	0.849	0	0	0	0	0	0	0	0
	0.85	0	0	0	0	0	0	0	0
	0.851	0	0	0	0	0	0	0	0
	0.852	0	0	0	0	0	0	0	0
	0.853	0	0	0	0	0	0	0	0
	0.854	0	0	0	0	0	0	0	0
	0.855	0	0	0	0	0	0	0	0
	0.856	0	0	0	0	0	0	0	0
	0.857	0	0	0	0	0	0	0	0
	0.858	0	0	0	0	0	0	0	0
	0.859	0	0	0	0	0	0	0	0
	0.86	0	0	0	0	0	0	0	0
	0.861	0	0	0	0	0	0	0	0
	0.862	0	0	0	0	0	0	0	0
	0.863	0	0	0	0	0	0	0	0
	0.864	0	0	0	0	0	0	0	0
	0.865	0	0	0	0	0	0	0	0
	0.866	0	0	0	0	0	0	0	0
	0.867	0	0	0	0	0	0	0	0
	0.868	0	0	0	0	0	0	0	0
	0.869	0	0	0	0	0	0	0	0
	0.87	0	0	0	0	0	0	0	0
	0.871	0	0	0	0	0	0	0	0
	0.872	0	0	0	0	0	0	0	0
	0.873	0	0	0	0	0	0	0	0
	0.874	0	0	0	0	0	0	0	0
	0.875	0	0	0	0	0	0	0	0
	0.876	0	0	0	0	0	0	0	0
	0.877	0	0	0	0	0	0	0	0
	0.878	0	0	0	0	0	0	0	0
	0.879	0	0	0	0	0	0	0	0
	0.88	0	0	0	0	0	0	0	0
	0.881	0	0	0	0	0	0	0	0
	0.882	0	0	0	0	0	0	0	0
	0.883	0	0	0	0	0	0	0	0
	0.884	0	0	0	0	0	0	0	0
	0.885	0	0	0	0	0	0	0	0
	0.886	0	0	0	0	0	0	0	0
	0.887	0	0	0	0	0	0	0	0
	0.888	0	0	0	0	0	0	0	0
	0.889	0	0	0	0	0	0	0	0
	0.89	0	0	0	0	0	0	0	0
	0.891	0	0	0	0	0	0	0	0
	0.892	0	0	0	0	0	0	0	0
	0.893	0	0	0	0	0	0	0	0
	0.894	0	0	0	0	0	0	0	0
	0.895	0	0	0	0	0	0	0	0
	0.896	0	0	0	0	0	0	0	0
	0.897	0	0	0	0	0	0	0	0
	0.898	0	0	0	0	0	0	0	0
	0.899	0	0	0	0	0	0	0	0
	0.9	0	0	0	0	0	0	0	0
	0.901	0	0	0	0	0	0	0	0
	0.902	0	0	0	0	0	0	0	0
	0.903	0	0	0	0	0	0	0	0
	0.904	0	0	0	0	0	0	0	0
	0.905	0	0	0	0	0	0	0	0
	0.906	0	0	0	0	0	0	0	0
	0.907	0	0	0	0	0	0	0	0
	0.908	0	0	0	0	0	0	0	0
	0.909	0	0	0	0	0	0	0	0
	0.91	0	0	0	0	0	0	0	0
	0.911	0	0	0	0	0	0	0	0
	0.912	0	0	0	0	0	0	0	0
	0.913	0	0	0	0	0	0	0	0
	0.914	0	0	0	0	0	0	0	0
	0.915	0	0	0	0	0	0	0	0
	0.916	0	0	0	0	0	0	0	0
	0.917	0	0	0	0	0	0	0	0
	0.918	0	0	0	0	0	0	0	0
	0.919	0	0	0	0	0	0	0	0
	0.92	0	0	0	0	0	0	0	0
	0.921	0	0	0	0	0	0	0	0
	0.922	0	0	0	0	0	0	0	0
	0.923	0	0	0	0	0	0	0	0
	0.924	0	0	0	0	0	0	0	0
	0.925	0	0	0	0	0	0	0	0
	0.926	0	0	0	0	0	0	0	0
	0.927	0	0	0	0	0	0	0	0
	0.928	0	0	0	0	0	0	0	0
	0.929	0	0	0	0	0	0	0	0
	0.93	0	0	0	0	0	0	0	0
	0.931	0	0	0	0	0	0	0	0
	0.932	0	0	0	0	0	0	0	0
	0.933	0	0	0	0	0	0	0	0
	0.934	0	0	0	0	0	0	0	0
	0.935	0	0	0	0	0	0	0	0
	0.936	0	0	0	0	0	0	0	0
	0.937	0	0	0	0	0	0	0	0
	0.938	0	0	0	0	0	0	0	0
	0.939	0	0	0	0	0	0	0	0
	0.94	0	0	0	0	0	0	0	0
	0.941	0	0	0	0	0	0	0	0
	0.942	0	0	0	0	0	0	0	0
	0.943	0	0	0	0	0	0	0	0
	0.944	0	0	0	0	0	0	0	0
	0.945	0	0	0	0	0	0	0	0
	0.946	0	0	0	0	0	0	0	0
	0.947	0	0	0	0	0	0	0	0
	0.948	0	0	0	0	0	0	0	0
	0.949	0	0	0	0	0	0	0	0
	0.95	0	0	0	0	0	0	0	0
	0.951	0	0	0	0	0	0	0	0
	0.952	0	0	0	0	0	0	0	0
	0.953	0	0	0	0	0	0	0	0
	0.954	0	0	0	0	0	0	0	0
	0.955	0	0	0	0	0	0	0	0
	0.956	0	0	0	0	0	0	0	0
	0.957	0	0	0	0	0	0	0	0
	0.958	0	0	0	0	0	0	0	0
	0.959	0	0	0	0	0	0	0	0
	0.96	0	0	0	0	0	0	0	0
	0.961	0	0	0	0	0	0	0	0
	0.962	0	0	0	0	0	0	0	0
	0.963	0	0	0	0	0	0	0	0
	0.964	0	0	0	0	0	0	0	0
	0.965	0	0	0	0	0	0	0	0
	0.966	0	0	0	0	0	0	0	0
	0.967	0	0	0	0	0	0	0	0
	0.968	0	0	0	0	0	0	0	0
	0.969	0	0	0	0	0	0	0	0
	0.97	0	0	0	0	0	0	0	0
	0.971	0	0	0	0	0	0	0	0
	0.972	0	0	0	0	0	0	0	0
	0.973	0	0	0	0	0	0	0	0
	0.974	0	0	0	0	0	0	0	0
	0.975	0	0	0	0	0	0	0	0
	0.976	0	0	0	0	0	0	0	0
	0.977	0	0	0	0	0	0	0	0
	0.978	0	0	0	0	0	0	0	0
	0.979	0	0	0	0	0	0	0	0
	0.98	0	0	0	0	0	0	0	0
	0.981	0	0	0	0	0	0	0	0
	0.982	0	0	0	0	0	0	0	0
	0.983	0	0	0	0	0	0	0	0
	0.984	0	0	0	0	0	0	0	0
	0.985	0	0	0	0	0	0	0	0
	0.986	0	0	0	0	0	0	0	0
	0.987	0	0	0	0	0	0	0	0
	0.988	0	0	0	0	0	0	0	0
	0.989	0	0	0	0	0	0	0	0
	0.99	0	0	0	0	0	0	0	0
	0.991	0	0	0	0	0	0	0	0
	0.992	0	0	0	0	0	0	0	0
	0.993	0	0	0	0	0	0	0	0
	0.994	0	0	0	0	0	0	0	0
	0.995	0	0	0	0	0	0	0	0
	0.996	0	0	0	0	0	0	0	0
	0.997	0	0	0	0	0	0	0	0
	0.998	0	0	0	0	0	0	0	0
	0.999	0	0	0	0	0	0	0	0
	1	0	0	0	0	0	0	0	0


#	yrange	sparsity	# links	zeta	support at cross	fraction FP	support at cross2	fraction FP2
	0	0	0	15.3191	0.005	0.322092	0.005	0.322092
	0.4	0	0	15.3191	0.005	0.322092	0.005	0.322092
