#	Frequencies and overlap
#	bins	MYC	shuffle	overlap_MYC	overlap_shuffle	SIGN_MYC	SIGNshuffle	SIGNoverlap_MYC	SIGNoverlap_shuffle
	0	0	0	1	1	0.423223	0.389669	0.735202	0
	0.001	0	0	1	1	0	0	0.735202	0
	0.002	0	0	1	1	0	0	0.735202	0
	0.003	0	0	1	1	0	0	0.735202	0
	0.004	0	0	1	1	0	0	0.735202	0
	0.005	0	0	1	1	0	0	0.735202	0
	0.006	0	0	1	1	0	0	0.735202	0
	0.007	0	0	1	1	0	0	0.735202	0
	0.008	0	0	1	1	0	0	0.735202	0
	0.009	0	0	1	1	0	0	0.735202	0
	0.01	0	0	1	1	0	0	0.735202	0
	0.011	0	0	1	1	0	0	0.735202	0
	0.012	0	0	1	1	0	0	0.735202	0
	0.013	0	0	1	1	0	0	0.735202	0
	0.014	0	0	1	1	0	0	0.735202	0
	0.015	0	0	1	1	0	0	0.735202	0
	0.016	0	0	1	1	0	0	0.735202	0
	0.017	0	0	1	1	0	0	0.735202	0
	0.018	0	0	1	1	0	0	0.735202	0
	0.019	0	0	1	1	0	0	0.735202	0
	0.02	0	0	1	1	0	0	0.735202	0
	0.021	0	0	1	1	0	0	0.735202	0
	0.022	0	0	1	1	0	0	0.735202	0
	0.023	0	0	1	1	0	0	0.735202	0
	0.024	0	0	1	1	0	0	0.735202	0
	0.025	0	0	1	1	0	0	0.735202	0
	0.026	0	0	1	1	0	0	0.735202	0
	0.027	0	0	1	1	0	0	0.735202	0
	0.028	0	0	1	1	0	0	0.735202	0
	0.029	0	0	1	1	0	0	0.735202	0
	0.03	0	0	1	1	0	0	0.735202	0
	0.031	0	0	1	1	0	0	0.735202	0
	0.032	0	0	1	1	0	0	0.735202	0
	0.033	0	0	1	1	0	0	0.735202	0
	0.034	0	0	1	1	0	0	0.735202	0
	0.035	0	0	1	1	0	0	0.735202	0
	0.036	0	0	1	1	0	0	0.735202	0
	0.037	0	0	1	1	0	0	0.735202	0
	0.038	0	0	1	1	0	0	0.735202	0
	0.039	0	0	1	1	0	0	0.735202	0
	0.04	0	0	1	1	0	0	0.735202	0
	0.041	0	0	1	1	0	0	0.735202	0
	0.042	0	0	1	1	0	0	0.735202	0
	0.043	0	0	1	1	0	0	0.735202	0
	0.044	0	0	1	1	0	0	0.735202	0
	0.045	0	0	1	1	0	0	0.735202	0
	0.046	0	0	1	1	0	0	0.735202	0
	0.047	0	0	1	1	0	0	0.735202	0
	0.048	0	0	1	1	0	0	0.735202	0
	0.049	0	0	1	1	0	0	0.735202	0
	0.05	0	0	1	1	0	0	0.735202	0
	0.051	0	0	1	1	0	0	0.735202	0
	0.052	0	0	1	1	0	0	0.735202	0
	0.053	0	0	1	1	0	0	0.735202	0
	0.054	0	0	1	1	0	0	0.735202	0
	0.055	0	0	1	1	0	0	0.735202	0
	0.056	0	0	1	1	0	0	0.735202	0
	0.057	0	0	1	1	0	0	0.735202	0
	0.058	0	0	1	1	0	0	0.735202	0
	0.059	0	0	1	1	0	0	0.735202	0
	0.06	0	0	1	1	0	0	0.735202	0
	0.061	0	0	1	1	0	0	0.735202	0
	0.062	0	0	1	1	0	0	0.735202	0
	0.063	0	0	1	1	0	0	0.735202	0
	0.064	0	0	1	1	0	0	0.735202	0
	0.065	0	0	1	1	0	0	0.735202	0
	0.066	0	0	1	1	0	0	0.735202	0
	0.067	0	0	1	1	0	0	0.735202	0
	0.068	0	0	1	1	0	0	0.735202	0
	0.069	0	0	1	1	0	0	0.735202	0
	0.07	0	0	1	1	0	0	0.735202	0
	0.071	0	0	1	1	0	0	0.735202	0
	0.072	0	0	1	1	0	0	0.735202	0
	0.073	0	0	1	1	0	0	0.735202	0
	0.074	0	0	1	1	0	0	0.735202	0
	0.075	0	0	1	1	0	0	0.735202	0
	0.076	0	0	1	1	0	0	0.735202	0
	0.077	0	0	1	1	0	0	0.735202	0
	0.078	0	0	1	1	0	0	0.735202	0
	0.079	0	0	1	1	0	0	0.735202	0
	0.08	0	0	1	1	0	0	0.735202	0
	0.081	0	0	1	1	0	0	0.735202	0
	0.082	0	0	1	1	0	0	0.735202	0
	0.083	0	0	1	1	0	0	0.735202	0
	0.084	0	0	1	1	0	0	0.735202	0
	0.085	0	0	1	1	0	0	0.735202	0
	0.086	0	0	1	1	0	0	0.735202	0
	0.087	0	0	1	1	0	0	0.735202	0
	0.088	0	0	1	1	0	0	0.735202	0
	0.089	0	0	1	1	0	0	0.735202	0
	0.09	0	0	1	1	0	0	0.735202	0
	0.091	0	0	1	1	0	0	0.735202	0
	0.092	0	0	1	1	0	0	0.735202	0
	0.093	0	0	1	1	0	0	0.735202	0
	0.094	0	0	1	1	0	0	0.735202	0
	0.095	0	0	1	1	0	0	0.735202	0
	0.096	0	0	1	1	0	0	0.735202	0
	0.097	0	0	1	1	0	0	0.735202	0
	0.098	0	0	1	1	0	0	0.735202	0
	0.099	0	0	1	1	0	0	0.735202	0
	0.1	0	0	1	1	0	0	0.735202	0
	0.101	0	0	1	1	0	0	0.735202	0
	0.102	0	0	1	1	0	0	0.735202	0
	0.103	0	0	1	1	0	0	0.735202	0
	0.104	0	0	1	1	0	0	0.735202	0
	0.105	0	0	1	1	0	0	0.735202	0
	0.106	0	0	1	1	0	0	0.735202	0
	0.107	0	0	1	1	0	0	0.735202	0
	0.108	0	0	1	1	0	0	0.735202	0
	0.109	0	0	1	1	0	0	0.735202	0
	0.11	0	0	1	1	0	0	0.735202	0
	0.111	0	0	1	1	0	0	0.735202	0
	0.112	0	0	1	1	0	0	0.735202	0
	0.113	0	0	1	1	0	0	0.735202	0
	0.114	0	0	1	1	0	0	0.735202	0
	0.115	0	0	1	1	0	0	0.735202	0
	0.116	0	0	1	1	0	0	0.735202	0
	0.117	0	0	1	1	0	0	0.735202	0
	0.118	0	0	1	1	0	0	0.735202	0
	0.119	0	0	1	1	0	0	0.735202	0
	0.12	0	0	1	1	0	0	0.735202	0
	0.121	0	0	1	1	0	0	0.735202	0
	0.122	0	0	1	1	0	0	0.735202	0
	0.123	0	0	1	1	0	0	0.735202	0
	0.124	0	0	1	1	0	0	0.735202	0
	0.125	0	0	1	1	0	0	0.735202	0
	0.126	0	0	1	1	0	0	0.735202	0
	0.127	0	0	1	1	0	0	0.735202	0
	0.128	0	0	1	1	0	0	0.735202	0
	0.129	0	0	1	1	0	0	0.735202	0
	0.13	0	0	1	1	0	0	0.735202	0
	0.131	0	0	1	1	0	0	0.735202	0
	0.132	0	0	1	1	0	0	0.735202	0
	0.133	0	0	1	1	0	0	0.735202	0
	0.134	0	0	1	1	0	0	0.735202	0
	0.135	0	0	1	1	0	0	0.735202	0
	0.136	0	0	1	1	0	0	0.735202	0
	0.137	0	0	1	1	0	0	0.735202	0
	0.138	0	0	1	1	0	0	0.735202	0
	0.139	0	0	1	1	0	0	0.735202	0
	0.14	0	0	1	1	0	0	0.735202	0
	0.141	0	0	1	1	0	0	0.735202	0
	0.142	0	0	1	1	0	0	0.735202	0
	0.143	0	0	1	1	0	0	0.735202	0
	0.144	0	0	1	1	0	0	0.735202	0
	0.145	0	0	1	1	0	0	0.735202	0
	0.146	0	0	1	1	0	0	0.735202	0
	0.147	0	0	1	1	0	0	0.735202	0
	0.148	0	0	1	1	0	0	0.735202	0
	0.149	0	0	1	1	0	0	0.735202	0
	0.15	0	0	1	1	0	0	0.735202	0
	0.151	0	0	1	1	0	0	0.735202	0
	0.152	0	0	1	1	0	0	0.735202	0
	0.153	0	0	1	1	0	0	0.735202	0
	0.154	0	0	1	1	0	0	0.735202	0
	0.155	0	0	1	1	0	0	0.735202	0
	0.156	0	0	1	1	0	0	0.735202	0
	0.157	0	0	1	1	0	0	0.735202	0
	0.158	0	0	1	1	0	0	0.735202	0
	0.159	0	0	1	1	0	0	0.735202	0
	0.16	0	0	1	1	0	0	0.735202	0
	0.161	0	0	1	1	0	0	0.735202	0
	0.162	0	0	1	1	0	0	0.735202	0
	0.163	0	0	1	1	0	0	0.735202	0
	0.164	0	0	1	1	0	0	0.735202	0
	0.165	0	0	1	1	0	0	0.735202	0
	0.166	0	0	1	1	0	0	0.735202	0
	0.167	0	0	1	1	0	0	0.735202	0
	0.168	0	0	1	1	0	0	0.735202	0
	0.169	0	0	1	1	0	0	0.735202	0
	0.17	0	0	1	1	0	0	0.735202	0
	0.171	0	0	1	1	0	0	0.735202	0
	0.172	0	0	1	1	0	0	0.735202	0
	0.173	0	0	1	1	0	0	0.735202	0
	0.174	0	0	1	1	0	0	0.735202	0
	0.175	0	0	1	1	0	0	0.735202	0
	0.176	0	0	1	1	0	0	0.735202	0
	0.177	0	0	1	1	0	0	0.735202	0
	0.178	0	0	1	1	0	0	0.735202	0
	0.179	0	0	1	1	0	0	0.735202	0
	0.18	0	0	1	1	0	0	0.735202	0
	0.181	0	0	1	1	0	0	0.735202	0
	0.182	0	0	1	1	0	0	0.735202	0
	0.183	0	0	1	1	0	0	0.735202	0
	0.184	0	0	1	1	0	0	0.735202	0
	0.185	0	0	1	1	0	0	0.735202	0
	0.186	0	0	1	1	0	0	0.735202	0
	0.187	0	0	1	1	0	0	0.735202	0
	0.188	0	0	1	1	0	0	0.735202	0
	0.189	0	0	1	1	0	0	0.735202	0
	0.19	0	0	1	1	0	0	0.735202	0
	0.191	0	0	1	1	0	0	0.735202	0
	0.192	0	0	1	1	0	0	0.735202	0
	0.193	0	0	1	1	0	0	0.735202	0
	0.194	0	0	1	1	0	0	0.735202	0
	0.195	0	0	1	1	0	0	0.735202	0
	0.196	0	0	1	1	0	0	0.735202	0
	0.197	0	0	1	1	0	0	0.735202	0
	0.198	0	0	1	1	0	0	0.735202	0
	0.199	0	0	1	1	0	0	0.735202	0
	0.2	0	0	1	1	0	0	0.735202	0
	0.201	0	0	1	1	0	0	0.735202	0
	0.202	0	0	1	1	0	0	0.735202	0
	0.203	0	0	1	1	0	0	0.735202	0
	0.204	0	0	1	1	0	0	0.735202	0
	0.205	0	0	1	1	0	0	0.735202	0
	0.206	0	0	1	1	0	0	0.735202	0
	0.207	0	0	1	1	0	0	0.735202	0
	0.208	0	0	1	1	0	0	0.735202	0
	0.209	0	0	1	1	0	0	0.735202	0
	0.21	0	0	1	1	0	0	0.735202	0
	0.211	0	0	1	1	0	0	0.735202	0
	0.212	0	0	1	1	0	0	0.735202	0
	0.213	0	0	1	1	0	0	0.735202	0
	0.214	0	0	1	1	0	0	0.735202	0
	0.215	0	0	1	1	0	0	0.735202	0
	0.216	0	0	1	1	0	0	0.735202	0
	0.217	0	0	1	1	0	0	0.735202	0
	0.218	0	0	1	1	0	0	0.735202	0
	0.219	0	0	1	1	0	0	0.735202	0
	0.22	0	0	1	1	0	0	0.735202	0
	0.221	0	0	1	1	0	0	0.735202	0
	0.222	0	0	1	1	0	0	0.735202	0
	0.223	0	0	1	1	0	0	0.735202	0
	0.224	0	0	1	1	0	0	0.735202	0
	0.225	0	0	1	1	0	0	0.735202	0
	0.226	0	0	1	1	0	0	0.735202	0
	0.227	0	0	1	1	0	0	0.735202	0
	0.228	0	0	1	1	0	0	0.735202	0
	0.229	0	0	1	1	0	0	0.735202	0
	0.23	0	0	1	1	0	0	0.735202	0
	0.231	0	0	1	1	0	0	0.735202	0
	0.232	0	0	1	1	0	0	0.735202	0
	0.233	0	0	1	1	0	0	0.735202	0
	0.234	0	0	1	1	0	0	0.735202	0
	0.235	0	0	1	1	0	0	0.735202	0
	0.236	0	0	1	1	0	0	0.735202	0
	0.237	0	0	1	1	0	0	0.735202	0
	0.238	0	0	1	1	0	0	0.735202	0
	0.239	0	0	1	1	0	0	0.735202	0
	0.24	0	0	1	1	0	0	0.735202	0
	0.241	0	0	1	1	0	0	0.735202	0
	0.242	0	0	1	1	0	0	0.735202	0
	0.243	0	0	1	1	0	0	0.735202	0
	0.244	0	0	1	1	0	0	0.735202	0
	0.245	0	0	1	1	0	0	0.735202	0
	0.246	0	0	1	1	0	0	0.735202	0
	0.247	0	0	1	1	0	0	0.735202	0
	0.248	0	0	1	1	0	0	0.735202	0
	0.249	0	0	1	1	0	0	0.735202	0
	0.25	0	0	1	1	0	0	0.735202	0
	0.251	0	0	1	1	0	0	0.735202	0
	0.252	0	0	1	1	0	0	0.735202	0
	0.253	0	0	1	1	0	0	0.735202	0
	0.254	0	0	1	1	0	0	0.735202	0
	0.255	0	0	1	1	0	0	0.735202	0
	0.256	0	0	1	1	0	0	0.735202	0
	0.257	0	0	1	1	0	0	0.735202	0
	0.258	0	0	1	1	0	0	0.735202	0
	0.259	0	0	1	1	0	0	0.735202	0
	0.26	0	0	1	1	0	0	0.735202	0
	0.261	0	0	1	1	0	0	0.735202	0
	0.262	0	0	1	1	0	0	0.735202	0
	0.263	0	0	1	1	0	0	0.735202	0
	0.264	0	0	1	1	0	0	0.735202	0
	0.265	0	0	1	1	0	0	0.735202	0
	0.266	0	0	1	1	0	0	0.735202	0
	0.267	0	0	1	1	0	0	0.735202	0
	0.268	0	0	1	1	0	0	0.735202	0
	0.269	0	0	1	1	0	0	0.735202	0
	0.27	0	0	1	1	0	0	0.735202	0
	0.271	0	0	1	1	0	0	0.735202	0
	0.272	0	0	1	1	0	0	0.735202	0
	0.273	0	0	1	1	0	0	0.735202	0
	0.274	0	0	1	1	0	0	0.735202	0
	0.275	0	0	1	1	0	0	0.735202	0
	0.276	0	0	1	1	0	0	0.735202	0
	0.277	0	0	1	1	0	0	0.735202	0
	0.278	0	0	1	1	0	0	0.735202	0
	0.279	0	0	1	1	0	0	0.735202	0
	0.28	0	0	1	1	0	0	0.735202	0
	0.281	0	0	1	1	0	0	0.735202	0
	0.282	0	0	1	1	0	0	0.735202	0
	0.283	0	0	1	1	0	0	0.735202	0
	0.284	0	0	1	1	0	0	0.735202	0
	0.285	0	0	1	1	0	0	0.735202	0
	0.286	0	0	1	1	0	0	0.735202	0
	0.287	0	0	1	1	0	0	0.735202	0
	0.288	0	0	1	1	0	0	0.735202	0
	0.289	0	0	1	1	0	0	0.735202	0
	0.29	0	0	1	1	0	0	0.735202	0
	0.291	0	0	1	1	0	0	0.735202	0
	0.292	0	0	1	1	0	0	0.735202	0
	0.293	0	0	1	1	0	0	0.735202	0
	0.294	0	0	1	1	0	0	0.735202	0
	0.295	0	0	1	1	0	2.06612e-05	0.735202	0
	0.296	0	0	1	1	0	0	0.735202	0
	0.297	0	0	1	1	0	0	0.735202	0
	0.298	0	0	1	1	0	0	0.735202	0
	0.299	0	0	1	1	0	0	0.735202	0
	0.3	0	0	1	1	0	0	0.735202	0
	0.301	0	0	1	1	0	0	0.735202	0
	0.302	0	0	1	1	0	0	0.735202	0
	0.303	0	0	1	1	0	0	0.735202	0
	0.304	0	0	1	1	0	0	0.735202	0
	0.305	0	0	1	1	0	0	0.735202	0
	0.306	0	0	1	1	0	0	0.735202	0
	0.307	0	0	1	1	0	0	0.735202	0
	0.308	0	0	1	1	0	0	0.735202	0
	0.309	0	0	1	1	0	0	0.735202	0
	0.31	0	0	1	1	0	0	0.735202	0
	0.311	0	0	1	1	0	0	0.735202	0
	0.312	0	0	1	1	0	0	0.735202	0
	0.313	0	0	1	1	0	0	0.735202	0
	0.314	0	0	1	1	0	0	0.735202	0
	0.315	0	0	1	1	0	0	0.735202	0
	0.316	0	0	1	1	0	0	0.735202	0
	0.317	0	0	1	1	0	2.06612e-05	0.735202	0
	0.318	0	0	1	1	0	0	0.735202	0
	0.319	0	0	1	1	0	0	0.735202	0
	0.32	0	0	1	1	0	0	0.735202	0
	0.321	0	0	1	1	0	0	0.735202	0
	0.322	0	0	1	1	0	0	0.735202	0
	0.323	0	0	1	1	0	0	0.735202	0
	0.324	0	0	1	1	0	0	0.735202	0
	0.325	0	0	1	1	0	2.06612e-05	0.735202	0
	0.326	0	0	1	1	0	0	0.735202	0
	0.327	0	0	1	1	0	0	0.735202	0
	0.328	0	0	1	1	0	0	0.735202	0
	0.329	0	0	1	1	0	0	0.735202	0
	0.33	0	0	1	1	0	0	0.735202	0
	0.331	0	0	1	1	0	0	0.735202	0
	0.332	0	0	1	1	0	0	0.735202	0
	0.333	0	0	1	1	0	2.06612e-05	0.735202	0
	0.334	0	0	1	1	0	2.06612e-05	0.735202	0
	0.335	0	0	1	1	0	0	0.735202	0
	0.336	0	0	1	1	0	0	0.735202	0
	0.337	0	0	1	1	0	0	0.735202	0
	0.338	0	0	1	1	0	2.06612e-05	0.735202	0
	0.339	0	0	1	1	0	0	0.735202	0
	0.34	0	0	1	1	0	0	0.735202	0
	0.341	0	0	1	1	0	2.06612e-05	0.735202	0
	0.342	0	0	1	1	0	0	0.735202	0
	0.343	0	0	1	1	0	2.06612e-05	0.735202	0
	0.344	0	0	1	1	0	0	0.735202	0
	0.345	0	0	1	1	0	0	0.735202	0
	0.346	0	0	1	1	0	0	0.735202	0
	0.347	0	0	1	1	0	0	0.735202	0
	0.348	0	0	1	1	0	0	0.735202	0
	0.349	0	0	1	1	0	0	0.735202	0
	0.35	0	0	1	1	0	0	0.735202	0
	0.351	0	0	1	1	0	0	0.735202	0
	0.352	0	0	1	1	0	0	0.735202	0
	0.353	0	2.06612e-05	1	1	0	0	0.735202	0
	0.354	0	0	1	0.997934	0	0	0.735202	0
	0.355	0	0	1	0.997934	0	0	0.735202	0
	0.356	0	0	1	0.997934	0	0	0.735202	0
	0.357	0	0	1	0.997934	0	0	0.735202	0
	0.358	0	0	1	0.997934	0	0	0.735202	0
	0.359	0	0	1	0.997934	0	0	0.735202	0
	0.36	0	0	1	0.997934	0	0	0.735202	0
	0.361	0	0	1	0.997934	0	2.06612e-05	0.735202	0
	0.362	0	0	1	0.997934	0	0	0.735202	0
	0.363	0	0	1	0.997934	0	0	0.735202	0
	0.364	0	0	1	0.997934	0	2.06612e-05	0.735202	0
	0.365	0	0	1	0.997934	0	0	0.735202	0
	0.366	0	0	1	0.997934	0	2.06612e-05	0.735202	0
	0.367	0	0	1	0.997934	0	2.06612e-05	0.735202	0
	0.368	0	0	1	0.997934	0	0	0.735202	0
	0.369	0	0	1	0.997934	0	2.06612e-05	0.735202	0
	0.37	0	0	1	0.997934	0	0	0.735202	0
	0.371	0	0	1	0.997934	0	0	0.735202	0
	0.372	0	0	1	0.997934	0	0	0.735202	0
	0.373	0	0	1	0.997934	0	0	0.735202	0
	0.374	0	2.06612e-05	1	0.997934	0	2.06612e-05	0.735202	0
	0.375	0	0	1	0.995868	0	4.13223e-05	0.735202	0
	0.376	0	0	1	0.995868	0	2.06612e-05	0.735202	0
	0.377	0	0	1	0.995868	0	2.06612e-05	0.735202	0
	0.378	0	0	1	0.995868	0	2.06612e-05	0.735202	0
	0.379	0	0	1	0.995868	0	0	0.735202	0
	0.38	0	0	1	0.995868	0	2.06612e-05	0.735202	0
	0.381	0	0	1	0.995868	0	0	0.735202	0
	0.382	0	0	1	0.995868	0	4.13223e-05	0.735202	0
	0.383	0	0	1	0.995868	2.06612e-05	0	0.735202	0
	0.384	0	0	1	0.995868	0	2.06612e-05	0.7375	0
	0.385	0	0	1	0.995868	0	0	0.7375	0
	0.386	0	0	1	0.995868	0	0	0.7375	0
	0.387	0	0	1	0.995868	0	0	0.7375	0
	0.388	0	0	1	0.995868	0	0	0.7375	0
	0.389	0	0	1	0.995868	0	0	0.7375	0
	0.39	0	0	1	0.995868	0	0	0.7375	0
	0.391	0	0	1	0.995868	0	0	0.7375	0
	0.392	0	0	1	0.995868	0	0	0.7375	0
	0.393	0	0	1	0.995868	0	2.06612e-05	0.7375	0
	0.394	0	0	1	0.995868	0	4.13223e-05	0.7375	0
	0.395	0	0	1	0.995868	0	4.13223e-05	0.7375	0
	0.396	0	0	1	0.995868	0	0	0.7375	0
	0.397	0	0	1	0.995868	0	0	0.7375	0
	0.398	0	0	1	0.995868	0	0	0.7375	0
	0.399	0	0	1	0.995868	0	2.06612e-05	0.7375	0
	0.4	0	0	1	0.995868	0	2.06612e-05	0.7375	0
	0.401	0	0	1	0.995868	0	2.06612e-05	0.7375	0
	0.402	0	0	1	0.995868	0	2.06612e-05	0.7375	0
	0.403	0	0	1	0.995868	0	2.06612e-05	0.7375	0
	0.404	0	0	1	0.995868	0	2.06612e-05	0.7375	0
	0.405	0	0	1	0.995868	0	0	0.7375	0
	0.406	0	0	1	0.995868	0	2.06612e-05	0.7375	0
	0.407	0	0	1	0.995868	0	2.06612e-05	0.7375	0
	0.408	0	0	1	0.995868	0	0	0.7375	0
	0.409	0	0	1	0.995868	0	0	0.7375	0
	0.41	0	0	1	0.995868	0	2.06612e-05	0.7375	0
	0.411	0	0	1	0.995868	0	2.06612e-05	0.7375	0
	0.412	0	0	1	0.995868	0	0	0.7375	0
	0.413	0	0	1	0.995868	0	2.06612e-05	0.7375	0
	0.414	0	0	1	0.995868	0	0	0.7375	0
	0.415	0	0	1	0.995868	0	4.13223e-05	0.7375	0
	0.416	0	0	1	0.995868	0	0	0.7375	0
	0.417	0	0	1	0.995868	0	4.13223e-05	0.7375	0
	0.418	0	0	1	0.995868	0	2.06612e-05	0.7375	0
	0.419	0	0	1	0.995868	0	6.19835e-05	0.7375	0
	0.42	0	0	1	0.995868	0	4.13223e-05	0.7375	0
	0.421	0	0	1	0.995868	0	4.13223e-05	0.7375	0
	0.422	0	0	1	0.995868	0	6.19835e-05	0.7375	0
	0.423	0	0	1	0.995868	0	6.19835e-05	0.7375	0
	0.424	0	0	1	0.995868	0	0	0.7375	0
	0.425	0	0	1	0.995868	0	0	0.7375	0
	0.426	0	0	1	0.995868	0	2.06612e-05	0.7375	0
	0.427	0	0	1	0.995868	0	4.13223e-05	0.7375	0
	0.428	0	0	1	0.995868	0	2.06612e-05	0.7375	0
	0.429	0	0	1	0.995868	0	4.13223e-05	0.7375	0
	0.43	0	0	1	0.995868	0	0	0.7375	0
	0.431	0	0	1	0.995868	0	2.06612e-05	0.7375	0
	0.432	0	0	1	0.995868	0	0	0.7375	0
	0.433	0	0	1	0.995868	0	2.06612e-05	0.7375	0
	0.434	0	0	1	0.995868	0	2.06612e-05	0.7375	0
	0.435	0	0	1	0.995868	0	4.13223e-05	0.7375	0
	0.436	0	0	1	0.995868	0	8.26446e-05	0.7375	0
	0.437	0	0	1	0.995868	0	0	0.7375	0
	0.438	0	0	1	0.995868	0	8.26446e-05	0.7375	0
	0.439	0	0	1	0.995868	0	6.19835e-05	0.7375	0
	0.44	0	0	1	0.995868	0	2.06612e-05	0.7375	0
	0.441	0	0	1	0.995868	0	8.26446e-05	0.7375	0
	0.442	0	0	1	0.995868	0	4.13223e-05	0.7375	0
	0.443	0	0	1	0.995868	0	8.26446e-05	0.7375	0
	0.444	0	0	1	0.995868	0	2.06612e-05	0.7375	0
	0.445	0	0	1	0.995868	0	0.000103306	0.7375	0
	0.446	0	0	1	0.995868	0	4.13223e-05	0.7375	0
	0.447	0	0	1	0.995868	0	4.13223e-05	0.7375	0
	0.448	0	0	1	0.995868	0	2.06612e-05	0.7375	0
	0.449	0	0	1	0.995868	0	0	0.7375	0
	0.45	0	0	1	0.995868	0	4.13223e-05	0.7375	0
	0.451	0	0	1	0.995868	0	6.19835e-05	0.7375	0
	0.452	0	2.06612e-05	1	0.995868	0	0.000103306	0.7375	0
	0.453	0	0	1	0.993802	0	4.13223e-05	0.7375	0
	0.454	0	0	1	0.993802	0	0.000165289	0.7375	0
	0.455	0	0	1	0.993802	0	8.26446e-05	0.7375	0
	0.456	0	0	1	0.993802	0	2.06612e-05	0.7375	0
	0.457	0	0	1	0.993802	0	4.13223e-05	0.7375	0
	0.458	0	0	1	0.993802	0	8.26446e-05	0.7375	0
	0.459	0	0	1	0.993802	0	6.19835e-05	0.7375	0
	0.46	0	0	1	0.993802	0	0.000103306	0.7375	0
	0.461	0	0	1	0.993802	0	6.19835e-05	0.7375	0
	0.462	0	0	1	0.993802	0	0.000144628	0.7375	0
	0.463	0	0	1	0.993802	2.06612e-05	0.000144628	0.7375	0
	0.464	0	0	1	0.993802	2.06612e-05	0.000123967	0.7375	0
	0.465	0	0	1	0.993802	8.26446e-05	0.000144628	0.7375	0
	0.466	0	0	1	0.993802	2.06612e-05	0.000144628	0.7375	0
	0.467	0	0	1	0.993802	0	4.13223e-05	0.7375	0
	0.468	0	0	1	0.993802	6.19835e-05	0.000144628	0.7375	0
	0.469	0	0	1	0.993802	6.19835e-05	0.000144628	0.7375	0
	0.47	0	0	1	0.993802	0.000103306	0.000123967	0.7375	0
	0.471	0	0	1	0.993802	0.000103306	0.000123967	0.7375	0
	0.472	0	0	1	0.993802	8.26446e-05	0.000227273	0.7375	0
	0.473	0	0	1	0.993802	0.000144628	0.000123967	0.7375	0
	0.474	0	0	1	0.993802	6.19835e-05	0.000144628	0.7375	0
	0.475	0	0	1	0.993802	0.000123967	0.000103306	0.7375	0
	0.476	0	0	1	0.993802	0.000206612	0.000123967	0.7375	0
	0.477	0	2.06612e-05	1	0.993802	0.000206612	0.00018595	0.7375	0
	0.478	0	0	1	0.991736	0.000247934	0.000206612	0.7375	0
	0.479	0	0	1	0.991736	0.000103306	0.000165289	0.734375	0
	0.48	0	0	1	0.991736	0.00018595	0.000227273	0.73125	0
	0.481	0	0	1	0.991736	0.00018595	0.000103306	0.73125	0
	0.482	0	0	1	0.991736	0.00035124	0.000206612	0.73125	0
	0.483	0	0	1	0.991736	0.000309917	0.000330579	0.73125	0
	0.484	0	0	1	0.991736	0.000289256	0.000371901	0.73125	0
	0.485	0	0	1	0.991736	0.000289256	0.000206612	0.73125	0
	0.486	0	0	1	0.991736	0.000309917	0.000268595	0.73125	0
	0.487	0	0	1	0.991736	0.000289256	0.000495868	0.728125	0
	0.488	0	0	1	0.991736	0.000433884	0.000227273	0.728125	0
	0.489	0	0	1	0.991736	0.00018595	0.000413223	0.725	0
	0.49	0	0	1	0.991736	0.000227273	0.000371901	0.725	0
	0.491	0	2.06612e-05	1	0.991736	0.000247934	0.000371901	0.725	0
	0.492	0	0	1	0.989669	0.000454545	0.000433884	0.725	0
	0.493	0	0	1	0.989669	0.000392562	0.000557851	0.725	0
	0.494	0	0	1	0.989669	0.00053719	0.000433884	0.725	0
	0.495	0	0	1	0.989669	0.000640496	0.000619835	0.71875	0
	0.496	0	0	1	0.989669	0.000929752	0.000681818	0.71875	0
	0.497	0	0	1	0.989669	0.000805785	0.000847107	0.721003	0
	0.498	0	0	1	0.989669	0.00072314	0.00126033	0.721003	0
	0.499	0	0	1	0.989669	0.0011157	0.00105372	0.721003	0
	0.5	0	0	1	0.989669	0.00152893	0.0018595	0.717868	0
	0.501	0	0	1	0.989669	0.00221074	0.00173554	0.717868	0
	0.502	0	0	1	0.989669	0.00237603	0.00221074	0.719243	0
	0.503	0	0	1	0.989669	0.00231405	0.00183884	0.712025	0
	0.504	0	0	1	0.989669	0.00245868	0.00146694	0.702532	0
	0.505	0	0	1	0.989669	0.00219008	0.00154959	0.699681	0
	0.506	0	0	1	0.989669	0.00221074	0.00183884	0.690096	0
	0.507	0	0	1	0.989669	0.00256198	0.00204545	0.692308	0
	0.508	0	0	1	0.989669	0.00227273	0.00183884	0.695793	0
	0.509	0	0	1	0.989669	0.0018595	0.00159091	0.698052	0
	0.51	0	0	1	0.989669	0.0022314	0.00154959	0.693811	0
	0.511	0	0	1	0.989669	0.00258264	0.00159091	0.69967	0
	0.512	0	0	1	0.989669	0.00245868	0.00179752	0.700997	0
	0.513	0	0	1	0.989669	0.00256198	0.00167355	0.695652	0
	0.514	0	0	1	0.989669	0.00219008	0.00171488	0.692308	0
	0.515	0	0	1	0.989669	0.00254132	0.00192149	0.693603	0
	0.516	0	0	1	0.989669	0.00258264	0.00194215	0.692568	0
	0.517	0	0	1	0.989669	0.00241736	0.00183884	0.689189	0
	0.518	0	0	1	0.989669	0.00233471	0.00163223	0.688136	0
	0.519	0	0	1	0.989669	0.00221074	0.00163223	0.688136	0
	0.52	0	0	1	0.989669	0.00233471	0.00113636	0.683673	0
	0.521	0	0	1	0.989669	0.00225207	0.00171488	0.680272	0
	0.522	0	0	1	0.989669	0.00219008	0.00173554	0.680272	0
	0.523	0	0	1	0.989669	0.00227273	0.00227273	0.680272	0
	0.524	0	0	1	0.989669	0.00237603	0.00169421	0.683849	0
	0.525	0	0	1	0.989669	0.00227273	0.00154959	0.685121	0
	0.526	0	0	1	0.989669	0.00216942	0.00167355	0.680556	0
	0.527	0	0	1	0.989669	0.00196281	0.0017562	0.681818	0
	0.528	0	0	1	0.989669	0.00229339	0.00146694	0.681818	0
	0.529	0	0	1	0.989669	0.00243802	0.00169421	0.678322	0
	0.53	0	0	1	0.989669	0.00243802	0.00188017	0.677193	0
	0.531	0	0	1	0.989669	0.00219008	0.00173554	0.673684	0
	0.532	0	0	1	0.989669	0.00303719	0.00183884	0.676056	0
	0.533	0	0	1	0.989669	0.00266529	0.00169421	0.678445	0
	0.534	0	2.06612e-05	1	0.989669	0.00241736	0.0017562	0.682143	0
	0.535	0	0	1	0.987603	0.00254132	0.00165289	0.678571	0
	0.536	0	0	1	0.987603	0.00262397	0.00204545	0.677419	0
	0.537	0	0	1	0.987603	0.00252066	0.00190083	0.676259	0
	0.538	0	0	1	0.987603	0.00210744	0.00171488	0.67509	0
	0.539	0	0	1	0.987603	0.00289256	0.0021281	0.67509	0
	0.54	0	0	1	0.987603	0.00260331	0.00179752	0.677656	0
	0.541	0	0	1	0.987603	0.00243802	0.00142562	0.677656	0
	0.542	0	2.06612e-05	1	0.987603	0.00258264	0.00194215	0.673993	0
	0.543	0	0	1	0.985537	0.00237603	0.00210744	0.673993	0
	0.544	0	0	1	0.985537	0.00237603	0.00192149	0.677778	0
	0.545	0	0	1	0.985537	0.00243802	0.00194215	0.682836	0
	0.546	0	2.06612e-05	1	0.985537	0.00262397	0.00208678	0.682836	0
	0.547	0	0	1	0.983471	0.00264463	0.00173554	0.684211	0
	0.548	0	0	1	0.983471	0.00280992	0.00159091	0.675472	0
	0.549	0	0	1	0.983471	0.00268595	0.00194215	0.665399	0
	0.55	0	0	1	0.983471	0.00235537	0.00163223	0.661597	0
	0.551	0	0	1	0.983471	0.00202479	0.0018595	0.656489	0
	0.552	0	0	1	0.983471	0.00245868	0.00216942	0.659004	0
	0.553	0	0	1	0.983471	0.0027686	0.00157025	0.659004	0
	0.554	0	0	1	0.983471	0.00264463	0.00200413	0.664093	0
	0.555	0	2.06612e-05	1	0.983471	0.00239669	0.00200413	0.662791	0
	0.556	0	2.06612e-05	1	0.981405	0.0027686	0.00227273	0.660156	0
	0.557	0	0	1	0.979339	0.00243802	0.0018595	0.660156	0
	0.558	0	0	1	0.979339	0.00183884	0.00196281	0.654902	0
	0.559	0	0	1	0.979339	0.00227273	0.00194215	0.65748	0
	0.56	0	0	1	0.979339	0.00233471	0.00157025	0.652174	0
	0.561	0	0	1	0.979339	0.00241736	0.00181818	0.654762	0
	0.562	0	0	1	0.979339	0.00237603	0.00208678	0.653386	0
	0.563	0	0	1	0.979339	0.00225207	0.00183884	0.644	0
	0.564	0	0	1	0.979339	0.00192149	0.00171488	0.636	0
	0.565	0	0	1	0.979339	0.00214876	0.00146694	0.62	0
	0.566	0	0	1	0.979339	0.00233471	0.0017562	0.62	0
	0.567	0	2.06612e-05	1	0.979339	0.00202479	0.0021281	0.620968	0
	0.568	0	0	1	0.977273	0.00235537	0.00194215	0.621951	0
	0.569	0	0	1	0.977273	0.00179752	0.00204545	0.625514	0
	0.57	0	0	1	0.977273	0.00214876	0.00214876	0.625514	0
	0.571	0	2.06612e-05	1	0.977273	0.00173554	0.00188017	0.623967	0
	0.572	0	0	1	0.975207	0.0021281	0.00231405	0.616667	0
	0.573	0	0	1	0.975207	0.00219008	0.00196281	0.617647	0
	0.574	0	0	1	0.975207	0.00177686	0.00216942	0.611814	0
	0.575	0	0	1	0.975207	0.00225207	0.00177686	0.614407	0
	0.576	0	0	1	0.975207	0.00192149	0.00221074	0.611111	0
	0.577	0	0	1	0.975207	0.00188017	0.00179752	0.613734	0
	0.578	0	0	1	0.975207	0.00208678	0.00169421	0.612069	0
	0.579	0	0	1	0.975207	0.00192149	0.00183884	0.607759	0
	0.58	0	0	1	0.975207	0.00204545	0.00190083	0.607759	0
	0.581	0	0	1	0.975207	0.00208678	0.00198347	0.606061	0
	0.582	0	0	1	0.975207	0.00221074	0.00183884	0.606987	0
	0.583	0	0	1	0.975207	0.00206612	0.00183884	0.609649	0
	0.584	0	0	1	0.975207	0.00231405	0.00183884	0.615044	0
	0.585	0	0	1	0.975207	0.00221074	0.00208678	0.617778	0
	0.586	0	0	1	0.975207	0.00256198	0.00190083	0.615385	0
	0.587	0	0	1	0.975207	0.00181818	0.0018595	0.619266	0
	0.588	0	0	1	0.975207	0.00208678	0.00190083	0.614679	0
	0.589	0	0	1	0.975207	0.00225207	0.00214876	0.612903	0
	0.59	0	0	1	0.975207	0.00177686	0.00210744	0.612903	0
	0.591	0	0	1	0.975207	0.00210744	0.00177686	0.612903	0
	0.592	0	2.06612e-05	1	0.975207	0.00206612	0.00200413	0.611111	0
	0.593	0	0	1	0.975207	0.0022314	0.0017562	0.595349	0
	0.594	0	0	1	0.975207	0.00192149	0.00221074	0.588785	0
	0.595	0	0	1	0.975207	0.00239669	0.00177686	0.59434	0
	0.596	0	0	1	0.975207	0.00256198	0.00159091	0.6	0
	0.597	0	0	1	0.975207	0.00241736	0.00229339	0.605769	0
	0.598	0	0	1	0.975207	0.00225207	0.00165289	0.605769	0
	0.599	0	0	1	0.975207	0.00239669	0.00177686	0.596154	0
	0.6	0	0	1	0.975207	0.00241736	0.00181818	0.599034	0
	0.601	0	0	1	0.975207	0.00245868	0.00214876	0.597087	0
	0.602	0	0	1	0.975207	0.00256198	0.00216942	0.598039	0
	0.603	0	0	1	0.975207	0.00237603	0.0018595	0.596059	0
	0.604	0	0	1	0.975207	0.00210744	0.00208678	0.596059	0
	0.605	0	0	1	0.975207	0.0022314	0.00206612	0.594059	0
	0.606	0	4.13223e-05	1	0.975207	0.00252066	0.00179752	0.594059	0
	0.607	0	0	1	0.97314	0.0025	0.00177686	0.592965	0
	0.608	0	0	1	0.97314	0.00210744	0.00219008	0.602041	0
	0.609	0	2.06612e-05	1	0.97314	0.00264463	0.00173554	0.596939	0
	0.61	0	0	1	0.971074	0.00239669	0.00188017	0.603093	0
	0.611	0	2.06612e-05	1	0.971074	0.00221074	0.00177686	0.604167	0
	0.612	0	2.06612e-05	1	0.971074	0.00258264	0.00194215	0.60733	0
	0.613	0	0	1	0.969008	0.00206612	0.0018595	0.611702	0
	0.614	0	2.06612e-05	1	0.969008	0.00260331	0.00198347	0.614973	0
	0.615	0	0	1	0.966942	0.00210744	0.00188017	0.609626	0
	0.616	0	4.13223e-05	1	0.966942	0.00208678	0.00202479	0.604278	0
	0.617	0	0	1	0.964876	0.00206612	0.00163223	0.602151	0
	0.618	0	0	1	0.964876	0.00219008	0.00196281	0.589189	0
	0.619	0	2.06612e-05	1	0.964876	0.00227273	0.00219008	0.583784	0
	0.62	0	0	1	0.964876	0.00192149	0.00171488	0.565217	0
	0.621	0	0	1	0.964876	0.00243802	0.0013843	0.557377	0
	0.622	0	0	1	0.964876	0.00202479	0.00229339	0.558011	0
	0.623	0	0	1	0.964876	0.00206612	0.00179752	0.552486	0
	0.624	0	0	1	0.964876	0.00206612	0.00171488	0.544444	0
	0.625	0	2.06612e-05	1	0.964876	0.00200413	0.00239669	0.536313	0
	0.626	0	0	1	0.96281	0.00200413	0.00210744	0.542373	0
	0.627	0	0	1	0.96281	0.00216942	0.00167355	0.542373	0
	0.628	0	0	1	0.96281	0.00194215	0.00221074	0.536723	0
	0.629	0	2.06612e-05	1	0.96281	0.00206612	0.0018595	0.534091	0
	0.63	0	0	1	0.96281	0.00200413	0.0018595	0.534483	0
	0.631	0	0	1	0.96281	0.00163223	0.0017562	0.522989	0
	0.632	0	0	1	0.96281	0.00221074	0.00202479	0.522989	0
	0.633	0	0	1	0.96281	0.00194215	0.00192149	0.514451	0
	0.634	0	0	1	0.96281	0.00167355	0.00167355	0.517647	0
	0.635	0	2.06612e-05	1	0.96281	0.0018595	0.00192149	0.520958	0
	0.636	0	0	1	0.96281	0.00202479	0.0018595	0.533742	0
	0.637	0	0	1	0.96281	0.00169421	0.00190083	0.533742	0
	0.638	0	2.06612e-05	1	0.96281	0.00179752	0.00227273	0.524691	0
	0.639	0	0	1	0.96281	0.00202479	0.00190083	0.524691	0
	0.64	0	4.13223e-05	1	0.96281	0.00192149	0.00200413	0.528302	0
	0.641	0	0	1	0.958678	0.00237603	0.00161157	0.525316	0
	0.642	0	2.06612e-05	1	0.958678	0.00198347	0.0017562	0.535484	0
	0.643	0	0	1	0.956612	0.00204545	0.00177686	0.535484	0
	0.644	0	2.06612e-05	1	0.956612	0.00177686	0.00206612	0.532468	0
	0.645	0	4.13223e-05	1	0.954545	0.00198347	0.00204545	0.522876	0
	0.646	0	2.06612e-05	1	0.954545	0.00198347	0.0017562	0.522876	0
	0.647	0	0	1	0.954545	0.0021281	0.0021281	0.513158	0
	0.648	0	0	1	0.954545	0.00225207	0.00179752	0.5	0
	0.649	0	0	1	0.954545	0.00214876	0.00165289	0.503311	0
	0.65	0	0	1	0.954545	0.00188017	0.00196281	0.490066	0
	0.651	0	2.06612e-05	1	0.954545	0.00235537	0.00181818	0.493333	0
	0.652	0	0	1	0.952479	0.00183884	0.00171488	0.5	0
	0.653	0	0	1	0.952479	0.00206612	0.00198347	0.506849	0
	0.654	0	0	1	0.952479	0.00200413	0.0021281	0.513889	0
	0.655	0	2.06612e-05	1	0.952479	0.00208678	0.00200413	0.517483	0
	0.656	0	0	1	0.950413	0.00204545	0.00198347	0.521429	0
	0.657	0	0	1	0.950413	0.00208678	0.0021281	0.528986	0
	0.658	0	0	1	0.950413	0.00167355	0.00194215	0.521739	0
	0.659	0	0	1	0.950413	0.00239669	0.0017562	0.5	0
	0.66	0	0	1	0.950413	0.00214876	0.00194215	0.49635	0
	0.661	0	4.13223e-05	1	0.950413	0.00243802	0.00190083	0.481752	0
	0.662	0	0	1	0.950413	0.00161157	0.00196281	0.467153	0
	0.663	0	0	1	0.950413	0.00239669	0.00194215	0.467153	0
	0.664	0	2.06612e-05	1	0.950413	0.00183884	0.00221074	0.455882	0
	0.665	0	0	1	0.948347	0.0021281	0.00179752	0.451852	0
	0.666	0	0	1	0.948347	0.00219008	0.00202479	0.462121	0
	0.667	0	0	1	0.948347	0.00183884	0.00196281	0.469231	0
	0.668	0	0	1	0.948347	0.00202479	0.00177686	0.472868	0
	0.669	0	0	1	0.948347	0.00183884	0.00188017	0.472868	0
	0.67	2.06612e-05	0	1	0.948347	0.00194215	0.00190083	0.465116	0
	0.671	4.13223e-05	0	0.997934	0.948347	0.00192149	0.00198347	0.456693	0
	0.672	2.06612e-05	0	0.997934	0.948347	0.00206612	0.00194215	0.460317	0
	0.673	0	0	0.997934	0.948347	0.00198347	0.00204545	0.452381	0
	0.674	2.06612e-05	2.06612e-05	0.997934	0.948347	0.00190083	0.00177686	0.44	0
	0.675	0	4.13223e-05	0.997934	0.946281	0.00200413	0.00206612	0.447154	0
	0.676	0	0	0.997934	0.944215	0.00144628	0.00190083	0.434426	0
	0.677	0	2.06612e-05	0.997934	0.944215	0.00196281	0.00190083	0.429752	0
	0.678	2.06612e-05	2.06612e-05	0.997934	0.942149	0.00183884	0.00165289	0.433333	0
	0.679	2.06612e-05	0	0.997934	0.940083	0.00194215	0.00208678	0.423729	0
	0.68	2.06612e-05	2.06612e-05	0.997934	0.940083	0.00173554	0.0018595	0.423729	0
	0.681	6.19835e-05	2.06612e-05	0.997934	0.940083	0.00192149	0.00198347	0.423729	0
	0.682	4.13223e-05	0	0.997934	0.940083	0.00219008	0.00165289	0.410256	0
	0.683	4.13223e-05	4.13223e-05	0.997934	0.940083	0.00208678	0.00208678	0.408696	0
	0.684	4.13223e-05	4.13223e-05	0.997934	0.940083	0.00225207	0.00219008	0.408696	0
	0.685	2.06612e-05	0	0.997934	0.938017	0.00181818	0.00200413	0.412281	0
	0.686	4.13223e-05	2.06612e-05	0.997934	0.938017	0.00202479	0.00181818	0.414414	0
	0.687	2.06612e-05	2.06612e-05	0.997934	0.93595	0.0018595	0.00179752	0.396396	0
	0.688	4.13223e-05	2.06612e-05	0.997934	0.933884	0.00188017	0.00196281	0.390909	0
	0.689	4.13223e-05	0	0.997934	0.931818	0.00198347	0.00192149	0.385321	0
	0.69	0.000123967	2.06612e-05	0.997934	0.931818	0.00188017	0.00179752	0.361111	0
	0.691	2.06612e-05	0	0.997934	0.931818	0.00154959	0.00183884	0.361111	0
	0.692	0.000103306	0	0.997934	0.931818	0.00152893	0.00163223	0.351852	0
	0.693	0.000103306	4.13223e-05	0.997934	0.931818	0.00179752	0.00204545	0.349057	0
	0.694	0.000103306	4.13223e-05	0.997934	0.927686	0.00192149	0.00179752	0.333333	0
	0.695	0	0	0.997934	0.927686	0.0022314	0.00229339	0.333333	0
	0.696	6.19835e-05	0	0.997934	0.927686	0.0021281	0.00200413	0.330097	0
	0.697	6.19835e-05	2.06612e-05	0.997934	0.927686	0.00163223	0.00192149	0.333333	0
	0.698	8.26446e-05	0	0.997934	0.927686	0.00154959	0.00154959	0.326733	0
	0.699	0	4.13223e-05	0.997934	0.927686	0.00169421	0.00190083	0.326733	0
	0.7	4.13223e-05	8.26446e-05	0.997934	0.927686	0.00179752	0.00167355	0.323232	0
	0.701	0	2.06612e-05	0.997934	0.921488	0.00179752	0.00154959	0.319588	0
	0.702	0.000103306	0	0.997934	0.919421	0.00210744	0.00167355	0.309278	0
	0.703	2.06612e-05	0	0.997934	0.919421	0.00192149	0.00167355	0.309278	0
	0.704	2.06612e-05	2.06612e-05	0.997934	0.919421	0.00210744	0.00157025	0.3125	0
	0.705	4.13223e-05	2.06612e-05	0.997934	0.919421	0.00179752	0.00157025	0.3125	0
	0.706	2.06612e-05	4.13223e-05	0.997934	0.917355	0.0017562	0.00171488	0.319149	0
	0.707	4.13223e-05	0	0.997934	0.915289	0.00161157	0.00165289	0.322581	0
	0.708	0	2.06612e-05	0.997934	0.915289	0.00190083	0.00171488	0.326087	0
	0.709	4.13223e-05	2.06612e-05	0.997934	0.915289	0.00204545	0.00161157	0.32967	0
	0.71	6.19835e-05	4.13223e-05	0.997934	0.913223	0.00214876	0.00167355	0.322222	0
	0.711	0	6.19835e-05	0.997934	0.913223	0.00192149	0.00183884	0.314607	0
	0.712	2.06612e-05	0	0.997934	0.911157	0.00190083	0.00179752	0.303371	0
	0.713	4.13223e-05	2.06612e-05	0.997934	0.911157	0.00192149	0.00169421	0.313953	0
	0.714	2.06612e-05	6.19835e-05	0.997934	0.911157	0.00202479	0.00163223	0.313953	0
	0.715	4.13223e-05	6.19835e-05	0.997934	0.909091	0.00194215	0.00157025	0.317647	0
	0.716	8.26446e-05	2.06612e-05	0.997934	0.907025	0.00165289	0.00159091	0.309524	0
	0.717	6.19835e-05	2.06612e-05	0.995868	0.907025	0.00181818	0.00165289	0.301205	0
	0.718	0	6.19835e-05	0.995868	0.904959	0.00173554	0.00169421	0.292683	0
	0.719	0	4.13223e-05	0.995868	0.900826	0.00157025	0.00179752	0.292683	0
	0.72	2.06612e-05	2.06612e-05	0.995868	0.900826	0.00154959	0.00167355	0.283951	0
	0.721	0	4.13223e-05	0.995868	0.900826	0.00163223	0.00163223	0.265823	0
	0.722	4.13223e-05	8.26446e-05	0.995868	0.900826	0.00130165	0.0018595	0.269231	0
	0.723	2.06612e-05	0	0.995868	0.900826	0.0017562	0.00190083	0.269231	0
	0.724	2.06612e-05	4.13223e-05	0.995868	0.900826	0.0017562	0.00165289	0.25974	0
	0.725	2.06612e-05	2.06612e-05	0.995868	0.900826	0.00165289	0.00204545	0.25974	0
	0.726	2.06612e-05	0	0.995868	0.89876	0.00161157	0.00198347	0.266667	0
	0.727	0	4.13223e-05	0.995868	0.89876	0.00152893	0.00188017	0.27027	0
	0.728	0	0	0.995868	0.896694	0.00171488	0.00140496	0.289855	0
	0.729	2.06612e-05	2.06612e-05	0.995868	0.896694	0.00123967	0.00202479	0.289855	0
	0.73	2.06612e-05	0	0.995868	0.896694	0.00159091	0.00183884	0.298507	0
	0.731	4.13223e-05	4.13223e-05	0.995868	0.896694	0.00179752	0.00132231	0.268657	0
	0.732	4.13223e-05	0	0.995868	0.894628	0.0014876	0.00167355	0.276923	0
	0.733	2.06612e-05	4.13223e-05	0.995868	0.894628	0.00134298	0.00173554	0.261538	0
	0.734	0	4.13223e-05	0.995868	0.894628	0.00150826	0.0017562	0.261538	0
	0.735	4.13223e-05	2.06612e-05	0.995868	0.894628	0.00134298	0.00128099	0.269841	0
	0.736	0	6.19835e-05	0.995868	0.894628	0.00126033	0.00161157	0.269841	0
	0.737	0	0	0.995868	0.892562	0.00150826	0.00167355	0.269841	0
	0.738	6.19835e-05	6.19835e-05	0.995868	0.892562	0.00121901	0.00159091	0.269841	0
	0.739	0.000103306	0	0.995868	0.892562	0.0013843	0.00140496	0.269841	0
	0.74	4.13223e-05	6.19835e-05	0.99793	0.892562	0.00119835	0.00177686	0.269841	0
	0.741	4.13223e-05	2.06612e-05	0.99793	0.890496	0.0010124	0.00188017	0.274194	0
	0.742	0	4.13223e-05	0.99793	0.890496	0.000950413	0.00171488	0.288136	0
	0.743	8.26446e-05	4.13223e-05	0.99793	0.890496	0.00123967	0.00165289	0.288136	0
	0.744	2.06612e-05	2.06612e-05	0.99793	0.88843	0.00126033	0.00136364	0.290909	0
	0.745	0	6.19835e-05	0.99793	0.88843	0.00115702	0.00173554	0.301887	0
	0.746	8.26446e-05	0	0.99793	0.884298	0.000847107	0.00157025	0.283019	0
	0.747	2.06612e-05	4.13223e-05	0.99793	0.884298	0.00109504	0.00130165	0.283019	0
	0.748	2.06612e-05	4.13223e-05	0.99793	0.880165	0.00115702	0.0014876	0.288462	0
	0.749	6.19835e-05	4.13223e-05	0.99793	0.880165	0.000847107	0.00159091	0.294118	0
	0.75	8.26446e-05	0	0.99793	0.878099	0.000785124	0.00144628	0.306122	0
	0.751	4.13223e-05	6.19835e-05	0.99793	0.878099	0.000971074	0.00159091	0.319149	0
	0.752	6.19835e-05	4.13223e-05	0.99793	0.876033	0.00103306	0.00146694	0.326087	0
	0.753	6.19835e-05	2.06612e-05	0.99793	0.876033	0.000847107	0.00146694	0.304348	0
	0.754	4.13223e-05	2.06612e-05	0.99793	0.876033	0.000847107	0.00177686	0.282609	0
	0.755	0.000123967	4.13223e-05	0.99793	0.876033	0.00109504	0.00128099	0.282609	0
	0.756	4.13223e-05	6.19835e-05	0.99793	0.876033	0.000826446	0.00165289	0.26087	0
	0.757	6.19835e-05	4.13223e-05	0.99793	0.873967	0.00113636	0.00119835	0.26087	0
	0.758	8.26446e-05	0	0.99793	0.871901	0.000785124	0.00159091	0.266667	0
	0.759	6.19835e-05	6.19835e-05	0.99793	0.871901	0.000702479	0.00123967	0.272727	0
	0.76	2.06612e-05	2.06612e-05	0.99793	0.867769	0.000640496	0.00152893	0.27907	0
	0.761	8.26446e-05	6.19835e-05	0.99793	0.865702	0.000702479	0.00179752	0.27907	0
	0.762	4.13223e-05	6.19835e-05	0.99793	0.865702	0.000785124	0.00136364	0.292683	0
	0.763	2.06612e-05	6.19835e-05	0.99793	0.863636	0.000619835	0.0017562	0.282051	0
	0.764	4.13223e-05	4.13223e-05	0.99793	0.863636	0.000599174	0.0014876	0.282051	0
	0.765	4.13223e-05	2.06612e-05	0.99793	0.86157	0.000681818	0.00130165	0.289474	0
	0.766	8.26446e-05	0	0.99793	0.86157	0.000661157	0.00132231	0.263158	0
	0.767	2.06612e-05	0	0.99793	0.86157	0.000702479	0.00140496	0.277778	0
	0.768	4.13223e-05	6.19835e-05	0.99793	0.86157	0.000785124	0.00136364	0.264706	0
	0.769	0	2.06612e-05	0.99793	0.86157	0.000454545	0.00113636	0.272727	0
	0.77	0	0	0.99793	0.859504	0.000826446	0.00161157	0.28125	0
	0.771	2.06612e-05	2.06612e-05	0.99793	0.859504	0.000805785	0.00107438	0.290323	0
	0.772	0	6.19835e-05	0.99793	0.859504	0.000785124	0.00123967	0.266667	0
	0.773	6.19835e-05	6.19835e-05	0.99793	0.857438	0.000743802	0.00159091	0.241379	0
	0.774	4.13223e-05	4.13223e-05	0.99793	0.855372	0.000557851	0.00121901	0.206897	0
	0.775	4.13223e-05	6.19835e-05	0.99793	0.855372	0.000764463	0.00144628	0.230769	0
	0.776	0	4.13223e-05	0.99793	0.855372	0.000454545	0.00119835	0.230769	0
	0.777	4.13223e-05	4.13223e-05	0.99793	0.853306	0.000557851	0.00140496	0.230769	0
	0.778	0	8.26446e-05	0.99793	0.853306	0.000702479	0.0011157	0.24	0
	0.779	4.13223e-05	8.26446e-05	0.99793	0.853306	0.00072314	0.00121901	0.24	0
	0.78	4.13223e-05	6.19835e-05	0.99793	0.853306	0.00053719	0.00117769	0.24	0
	0.781	0	0.000103306	0.99793	0.853306	0.000495868	0.00130165	0.24	0
	0.782	0	6.19835e-05	0.99793	0.853306	0.000495868	0.00113636	0.24	0
	0.783	0	8.26446e-05	0.99793	0.853306	0.000557851	0.00121901	0.24	0
	0.784	0	6.19835e-05	0.99793	0.85124	0.000599174	0.00117769	0.25	0
	0.785	2.06612e-05	6.19835e-05	0.99793	0.849174	0.000640496	0.00121901	0.25	0
	0.786	2.06612e-05	0	0.99793	0.849174	0.000578512	0.00119835	0.26087	0
	0.787	2.06612e-05	0.000103306	0.99793	0.849174	0.000516529	0.00132231	0.26087	0
	0.788	0	8.26446e-05	0.99793	0.845041	0.00053719	0.00103306	0.272727	0
	0.789	0	4.13223e-05	0.99793	0.845041	0.000702479	0.00119835	0.272727	0
	0.79	0	2.06612e-05	0.99793	0.845041	0.000640496	0.00107438	0.272727	0
	0.791	0	8.26446e-05	0.99793	0.845041	0.00053719	0.00109504	0.285714	0
	0.792	0	6.19835e-05	0.99793	0.845041	0.00053719	0.00126033	0.3	0
	0.793	0	2.06612e-05	0.99793	0.845041	0.000619835	0.00121901	0.3	0
	0.794	0	4.13223e-05	0.99793	0.845041	0.000475207	0.00130165	0.333333	0
	0.795	2.06612e-05	2.06612e-05	0.99793	0.842975	0.00053719	0.000785124	0.333333	0
	0.796	0	4.13223e-05	1	0.842975	0.000433884	0.00088843	0.333333	0
	0.797	0	0.000123967	1	0.842975	0.000950413	0.000929752	0.333333	0
	0.798	0	8.26446e-05	1	0.842975	0.000475207	0.000764463	0.277778	0
	0.799	0	8.26446e-05	1	0.840909	0.000495868	0.000929752	0.277778	0
	0.8	0	6.19835e-05	1	0.840909	0.000475207	0.000909091	0.277778	0
	0.801	0	2.06612e-05	1	0.840909	0.000619835	0.00119835	0.277778	0
	0.802	0	0.000144628	1	0.840909	0.000495868	0.000991736	0.277778	0
	0.803	0	4.13223e-05	1	0.838843	0.00035124	0.00128099	0.277778	0
	0.804	0	0.000144628	1	0.836777	0.000475207	0.000991736	0.222222	0
	0.805	0	6.19835e-05	1	0.834711	0.000578512	0.000971074	0.222222	0
	0.806	0	8.26446e-05	1	0.834711	0.000495868	0.00103306	0.235294	0
	0.807	0	8.26446e-05	1	0.830579	0.000330579	0.00109504	0.235294	0
	0.808	0	8.26446e-05	1	0.828512	0.000392562	0.00107438	0.235294	0
	0.809	0	0.000123967	1	0.828512	0.000433884	0.0010124	0.235294	0
	0.81	0	6.19835e-05	1	0.828512	0.000268595	0.00105372	0.235294	0
	0.811	0	8.26446e-05	1	0.828512	0.000475207	0.00121901	0.235294	0
	0.812	0	8.26446e-05	1	0.826446	0.000289256	0.000950413	0.235294	0
	0.813	0	4.13223e-05	1	0.826446	0.000289256	0.00107438	0.235294	0
	0.814	0	0.000144628	1	0.826446	0.000268595	0.000909091	0.25	0
	0.815	0	0.000103306	1	0.826446	0.000309917	0.00107438	0.266667	0
	0.816	0	0.000123967	1	0.826446	0.000247934	0.000847107	0.266667	0
	0.817	0	0.000227273	1	0.826446	0.000309917	0.000909091	0.266667	0
	0.818	0	6.19835e-05	1	0.822314	0.000206612	0.00105372	0.285714	0
	0.819	0	0.000103306	1	0.822314	0.000433884	0.000640496	0.214286	0
	0.82	0	6.19835e-05	1	0.820248	0.00035124	0.000971074	0.214286	0
	0.821	2.06612e-05	8.26446e-05	1	0.820248	0.000103306	0.0010124	0.214286	0
	0.822	0	0.000123967	0.997925	0.818182	0.000227273	0.000805785	0.214286	0
	0.823	0	6.19835e-05	0.997925	0.818182	0.000247934	0.000805785	0.214286	0
	0.824	0	0.000206612	0.997925	0.818182	0.000103306	0.000847107	0.230769	0
	0.825	0	2.06612e-05	0.997925	0.81405	0.000289256	0.000867769	0.230769	0
	0.826	4.13223e-05	0.000103306	0.997925	0.81405	0.000165289	0.000702479	0.272727	0
	0.827	0	0.000206612	0.997925	0.809917	0.00018595	0.000743802	0.272727	0
	0.828	8.26446e-05	6.19835e-05	0.997925	0.803719	0.000123967	0.000805785	0.272727	0
	0.829	0	8.26446e-05	0.997925	0.801653	0.000123967	0.000785124	0.3	0
	0.83	2.06612e-05	0.000206612	0.997925	0.797521	6.19835e-05	0.000785124	0.3	0
	0.831	2.06612e-05	0.000123967	0.997925	0.793388	6.19835e-05	0.00072314	0.3	0
	0.832	4.13223e-05	0.000123967	0.997925	0.791322	0.000144628	0.000785124	0.3	0
	0.833	2.06612e-05	0.000103306	0.997925	0.791322	0.000165289	0.000847107	0.3	0
	0.834	0	0.00018595	0.997925	0.78719	0.000247934	0.000743802	0.3	0
	0.835	0	0.000165289	0.997925	0.785124	0.000247934	0.000640496	0.3	0
	0.836	2.06612e-05	0.000123967	0.997925	0.783058	0.000144628	0.000681818	0.333333	0
	0.837	8.26446e-05	8.26446e-05	0.995851	0.778926	0.000123967	0.000681818	0.428571	0
	0.838	4.13223e-05	0.000103306	0.995851	0.77686	0.000103306	0.000599174	0.285714	0
	0.839	0	0.000103306	0.995851	0.77686	0.00018595	0.000578512	0.333333	0
	0.84	6.19835e-05	8.26446e-05	0.995851	0.774793	0.000123967	0.000950413	0.333333	0
	0.841	0.000103306	8.26446e-05	0.995851	0.772727	0.000144628	0.000805785	0.333333	0
	0.842	0.000103306	8.26446e-05	0.993776	0.768595	0.000206612	0.000640496	0.333333	0
	0.843	0.000123967	0.000144628	0.993776	0.768595	0.000165289	0.000495868	0.333333	0
	0.844	0.000123967	0.00018595	0.993776	0.766529	0.000165289	0.000640496	0.333333	0
	0.845	0.000227273	0.000206612	0.993776	0.764463	0.000247934	0.000929752	0.333333	0
	0.846	0.000103306	0.00018595	0.993776	0.758264	0.000123967	0.000557851	0.333333	0
	0.847	8.26446e-05	6.19835e-05	0.993776	0.758264	0.000165289	0.000475207	0.333333	0
	0.848	8.26446e-05	0.000144628	0.993776	0.758264	0.000268595	0.000495868	0.333333	0
	0.849	0.000103306	0.000227273	0.993776	0.756198	0.000123967	0.000847107	0.4	0
	0.85	0.000165289	0.000227273	0.993776	0.754132	0.000268595	0.000640496	0.4	0
	0.851	0.000144628	6.19835e-05	0.993776	0.752066	0.000123967	0.000702479	0.2	0
	0.852	8.26446e-05	0.000144628	0.993776	0.75	0.000123967	0.000516529	0.2	0
	0.853	0.000123967	0.000123967	0.993776	0.75	0.000103306	0.000640496	0.2	0
	0.854	0.000103306	0.000206612	0.993776	0.745868	0.000123967	0.000495868	0.2	0
	0.855	8.26446e-05	8.26446e-05	0.993776	0.743802	0.00018595	0.000516529	0.2	0
	0.856	0.000123967	0.000103306	0.993776	0.741736	0.000165289	0.000681818	0.2	0
	0.857	0.00018595	0.000103306	0.993776	0.741736	6.19835e-05	0.00053719	0.2	0
	0.858	8.26446e-05	0.000165289	0.993776	0.737603	0.000123967	0.000640496	0.2	0
	0.859	0.000103306	0.000144628	0.993776	0.733471	0.000144628	0.000413223	0.2	0
	0.86	0.000206612	0.00018595	0.991701	0.731405	0.000144628	0.000599174	0.2	0
	0.861	8.26446e-05	0.000144628	0.991701	0.729339	0.00018595	0.00072314	0.2	0
	0.862	0.000165289	0.000227273	0.991701	0.725207	0.00018595	0.000454545	0.2	0
	0.863	0.000206612	0.000206612	0.991701	0.719008	0.000103306	0.000495868	0.2	0
	0.864	0.000144628	0.000330579	0.991701	0.714876	0.00018595	0.000371901	0.2	0
	0.865	0.000103306	0.000227273	0.991701	0.71281	0.00018595	0.000413223	0.2	0
	0.866	0.000144628	0.00018595	0.991701	0.708678	0.000247934	0.000557851	0.2	0
	0.867	0.000165289	0.000206612	0.991701	0.704545	0.00018595	0.000516529	0.2	0
	0.868	8.26446e-05	0.000144628	0.991701	0.700413	0.000103306	0.00072314	0.25	0
	0.869	8.26446e-05	0.000268595	0.991701	0.698347	8.26446e-05	0.000681818	0.25	0
	0.87	0.000165289	0.000247934	0.991701	0.694215	0.000103306	0.000454545	0.25	0
	0.871	0.000247934	0.000165289	0.991701	0.692149	0.00018595	0.000413223	0.25	0
	0.872	0.000144628	0.000227273	0.993763	0.690083	0.00018595	0.000495868	0.25	0
	0.873	0.000123967	0.000206612	0.993763	0.690083	0.000165289	0.000330579	0.25	0
	0.874	0.000123967	0.000247934	0.993763	0.690083	8.26446e-05	0.000392562	0.25	0
	0.875	0.000123967	0.000309917	0.993763	0.68595	0.000123967	0.000392562	0.25	0
	0.876	0.000103306	0.000165289	0.993763	0.683884	0.000165289	0.000330579	0.333333	0
	0.877	0.00018595	0.000268595	0.993763	0.679752	8.26446e-05	0.000247934	0.333333	0
	0.878	0.000227273	0.000227273	0.993763	0.673554	0.000123967	0.000392562	0.333333	0
	0.879	0.000123967	0.000144628	0.993763	0.671488	0.000144628	0.000433884	0.333333	0
	0.88	0.000144628	0.000206612	0.993763	0.667355	8.26446e-05	0.000289256	0.333333	0
	0.881	0.00018595	0.000330579	0.993763	0.667355	8.26446e-05	0.000371901	0.333333	0
	0.882	8.26446e-05	0.000227273	0.995833	0.663223	4.13223e-05	0.000268595	0.333333	0
	0.883	8.26446e-05	0.000289256	0.995833	0.659091	8.26446e-05	0.000454545	0.333333	0
	0.884	0.00018595	0.000289256	0.995833	0.659091	2.06612e-05	0.00035124	0.333333	0
	0.885	0.000227273	0.000330579	0.995833	0.64876	0.000103306	0.000330579	0.333333	0
	0.886	0.000123967	0.00035124	0.995833	0.646694	4.13223e-05	0.000289256	0.333333	0
	0.887	6.19835e-05	0.000433884	0.995833	0.644628	4.13223e-05	0.000289256	0.333333	0
	0.888	6.19835e-05	0.000165289	0.995833	0.640496	8.26446e-05	0.000413223	0.333333	0
	0.889	0.00018595	0.000268595	0.995833	0.634298	2.06612e-05	0.000289256	0.333333	0
	0.89	0.000103306	0.00035124	0.995833	0.632231	6.19835e-05	0.000330579	0.333333	0
	0.891	0.000144628	0.000268595	0.995833	0.628099	4.13223e-05	0.000433884	0.333333	0
	0.892	0.000103306	0.000247934	0.995833	0.623967	2.06612e-05	0.000413223	0.5	0
	0.893	6.19835e-05	0.000289256	0.995833	0.617769	0	0.00018595	0.5	0
	0.894	0.000144628	0.000495868	0.995833	0.613636	0	0.000433884	0.5	0
	0.895	8.26446e-05	0.000371901	0.99375	0.613636	0	0.00035124	0.5	0
	0.896	6.19835e-05	0.000495868	0.99375	0.607438	2.06612e-05	0.000247934	0.5	0
	0.897	0.000103306	0.000247934	0.99375	0.597107	0	0.000268595	0.5	0
	0.898	8.26446e-05	0.000268595	0.991667	0.590909	0	0.00035124	0.5	0
	0.899	6.19835e-05	0.000475207	0.989583	0.588843	2.06612e-05	0.000206612	0.5	0
	0.9	8.26446e-05	0.000247934	0.989583	0.584711	2.06612e-05	0.000227273	0.5	0
	0.901	8.26446e-05	0.000309917	0.989583	0.584711	2.06612e-05	0.000227273	0.5	0
	0.902	0.000103306	0.000392562	0.989583	0.582645	0	0.000268595	1	0
	0.903	8.26446e-05	0.000392562	0.991649	0.576446	0	0.000144628	1	0
	0.904	8.26446e-05	0.000433884	0.991649	0.57438	0	0.000206612	1	0
	0.905	0.000123967	0.000309917	0.989562	0.570248	0	0.000289256	1	0
	0.906	0.000165289	0.000433884	0.989562	0.561983	0	0.000289256	1	0
	0.907	8.26446e-05	0.000495868	0.985386	0.561983	0	0.000206612	1	0
	0.908	0.000103306	0.00053719	0.985386	0.551653	0	0.000268595	1	0
	0.909	0.00018595	0.000454545	0.985386	0.535124	0	0.000123967	1	0
	0.91	0.000144628	0.000599174	0.985386	0.530992	0	0.000103306	1	0
	0.911	0.000309917	0.000516529	0.983299	0.520661	0	0.000268595	1	0
	0.912	0.000289256	0.000516529	0.983299	0.512397	0	0.000123967	1	0
	0.913	0.000433884	0.000557851	0.981211	0.504132	0	0.000144628	1	0
	0.914	0.000392562	0.000661157	0.983264	0.495868	0	0.000227273	1	0
	0.915	0.000330579	0.00053719	0.983264	0.489669	0	0.000144628	1	0
	0.916	0.000371901	0.00053719	0.983264	0.485537	0	0.00018595	1	0
	0.917	0.000557851	0.00072314	0.981172	0.477273	0	0.000165289	1	0
	0.918	0.000516529	0.000826446	0.981172	0.466942	0	0.000206612	1	0
	0.919	0.000495868	0.000619835	0.976987	0.458678	0	0.000144628	1	0
	0.92	0.000578512	0.000702479	0.974895	0.452479	0	0.000144628	1	0
	0.921	0.000640496	0.000867769	0.974895	0.438017	0	8.26446e-05	1	0
	0.922	0.000557851	0.000785124	0.974895	0.431818	0	0.000103306	1	0
	0.923	0.000785124	0.000702479	0.974895	0.42562	0	0.000165289	1	0
	0.924	0.00072314	0.000764463	0.974895	0.413223	0	0.000123967	1	0
	0.925	0.000867769	0.000640496	0.974895	0.39876	0	8.26446e-05	1	0
	0.926	0.000847107	0.000826446	0.972803	0.394628	0	6.19835e-05	1	0
	0.927	0.00088843	0.00088843	0.968619	0.380165	0	8.26446e-05	1	0
	0.928	0.00072314	0.000640496	0.968619	0.365702	0	6.19835e-05	1	0
	0.929	0.000867769	0.000681818	0.966527	0.355372	0	0.000165289	1	0
	0.93	0.000661157	0.000929752	0.964435	0.349174	2.06612e-05	0.000206612	1	0
	0.931	0.000929752	0.00128099	0.964435	0.338843	0	8.26446e-05	0	0
	0.932	0.000847107	0.000785124	0.964435	0.320248	4.13223e-05	0.000144628	0	0
	0.933	0.000867769	0.00107438	0.964435	0.301653	0	6.19835e-05	0	0
	0.934	0.000950413	0.00107438	0.964435	0.285124	4.13223e-05	0.000123967	0	0
	0.935	0.00103306	0.00105372	0.962343	0.270661	4.13223e-05	6.19835e-05	0	0
	0.936	0.00103306	0.00117769	0.962343	0.262397	2.06612e-05	8.26446e-05	0	0
	0.937	0.00072314	0.00121901	0.960168	0.256198	2.06612e-05	0.000123967	0	0
	0.938	0.00123967	0.00132231	0.958071	0.243802	4.13223e-05	4.13223e-05	0	0
	0.939	0.0011157	0.00119835	0.955975	0.233471	6.19835e-05	0.000103306	0	0
	0.94	0.00123967	0.00126033	0.957983	0.221074	4.13223e-05	8.26446e-05	0	0
	0.941	0.00128099	0.00152893	0.955882	0.216942	6.19835e-05	4.13223e-05	0	0
	0.942	0.00128099	0.00132231	0.955882	0.208678	0.000165289	4.13223e-05	0	0
	0.943	0.00121901	0.00140496	0.953782	0.202479	4.13223e-05	0	0	0
	0.944	0.00117769	0.00152893	0.953782	0.196281	0.000123967	6.19835e-05	0	0
	0.945	0.00150826	0.00150826	0.955789	0.183884	0.000144628	6.19835e-05	0	0
	0.946	0.00171488	0.00165289	0.951579	0.17562	0.000144628	2.06612e-05	0	0
	0.947	0.00140496	0.00167355	0.949474	0.169421	0.000123967	2.06612e-05	0	0
	0.948	0.00142562	0.00161157	0.949367	0.157025	0.000103306	0	0	0
	0.949	0.00181818	0.00165289	0.951374	0.154959	0.000165289	2.06612e-05	0	0
	0.95	0.00154959	0.00173554	0.94926	0.146694	4.13223e-05	6.19835e-05	0	0
	0.951	0.00144628	0.00196281	0.947146	0.128099	0.000123967	2.06612e-05	0	0
	0.952	0.00152893	0.00190083	0.949045	0.121901	4.13223e-05	2.06612e-05	0	0
	0.953	0.00165289	0.00208678	0.949045	0.119835	8.26446e-05	0	0	0
	0.954	0.00157025	0.00200413	0.946921	0.11157	0.000103306	0	0	0
	0.955	0.0017562	0.00225207	0.946921	0.105372	8.26446e-05	0	0	0
	0.956	0.00183884	0.00233471	0.944681	0.0971074	2.06612e-05	4.13223e-05	0	0
	0.957	0.00177686	0.00235537	0.948718	0.0929752	4.13223e-05	4.13223e-05	0	0
	0.958	0.00167355	0.00274793	0.948718	0.0785124	2.06612e-05	0	0	0
	0.959	0.00179752	0.00297521	0.950749	0.0743802	0	0	0	0
	0.96	0.00161157	0.00245868	0.95279	0.072314	4.13223e-05	0	0	0
	0.961	0.00154959	0.00274793	0.954839	0.0702479	2.06612e-05	2.06612e-05	0	0
	0.962	0.0017562	0.00340909	0.954741	0.0661157	4.13223e-05	6.19835e-05	0	0
	0.963	0.00121901	0.00305785	0.952484	0.0619835	0	0	0	0
	0.964	0.0017562	0.00328512	0.950324	0.0599174	0	2.06612e-05	0	0
	0.965	0.00134298	0.00340909	0.946004	0.053719	0	2.06612e-05	0	0
	0.966	0.00142562	0.00392562	0.941685	0.0516529	0	6.19835e-05	0	0
	0.967	0.00123967	0.00402893	0.941558	0.0495868	0	0	0	0
	0.968	0.00136364	0.00392562	0.941558	0.0454545	0	0	0	0
	0.969	0.00150826	0.00444215	0.945652	0.0433884	0	0	0	0
	0.97	0.00103306	0.0047314	0.947712	0.0392562	0	2.06612e-05	0	0
	0.971	0.00179752	0.00504132	0.947598	0.0392562	0	2.06612e-05	0	0
	0.972	0.00194215	0.00510331	0.940919	0.0330579	0	0	0	0
	0.973	0.00183884	0.00551653	0.940659	0.0330579	0	2.06612e-05	0	0
	0.974	0.0018595	0.00613636	0.942605	0.0309917	0	0	0	0
	0.975	0.00221074	0.00584711	0.937916	0.0309917	0	0	0	0
	0.976	0.00252066	0.00607438	0.924612	0.0268595	0	0	0	0
	0.977	0.00289256	0.00708678	0.917778	0.0227273	0	0	0	0
	0.978	0.00342975	0.00774793	0.908482	0.018595	0	0	0	0
	0.979	0.00328512	0.0075	0.897321	0.0165289	0	0	0	0
	0.98	0.00452479	0.00882231	0.890625	0.0165289	0	0	0	0
	0.981	0.00520661	0.00979339	0.868304	0.0165289	0	0	0	0
	0.982	0.00607438	0.0105785	0.859375	0.0144628	0	2.06612e-05	0	0
	0.983	0.00679752	0.0120248	0.853933	0.0103306	0	0	0	0
	0.984	0.0078719	0.0119215	0.835586	0.00413223	0	0	0	0
	0.985	0.00902893	0.0139463	0.817568	0.00413223	0	0	0	0
	0.986	0.0105165	0.0154545	0.803612	0.00206612	0	0	0	0
	0.987	0.0121901	0.0177893	0.794989	0.00206612	0	0	0	0
	0.988	0.0130372	0.0197727	0.781321	0	0	0	0	0
	0.989	0.0150207	0.0207438	0.769932	0	0	0	0	0
	0.99	0.0158884	0.0227686	0.744292	0	0	0	0	0
	0.991	0.0180165	0.0272521	0.722477	0	0	0	0	0
	0.992	0.0197314	0.0294215	0.705336	0	0	0	0	0
	0.993	0.0219835	0.0352273	0.680751	0	0	0	0	0
	0.994	0.0239463	0.0397107	0.635714	0	0	0	0	0
	0.995	0.0317355	0.0480992	0.569007	0	0	0	0	0
	0.996	0.0424587	0.0516529	0.525799	0	0	0	0	0
	0.997	0.0557231	0.0652893	0.489691	0	0	0	0	0
	0.998	0.0805372	0.0824174	0.360963	0	0	0	0	0
	0.999	0.139917	0.114607	0.156164	0	0	0	0	0
	1	0.357645	0.158079	0.00877193	0	0	0	0	0


#	yrange	sparsity	# links	zeta	support at cross	fraction FP	support at cross2	fraction FP2
	0	0	0	0.000139524	0.998	0.61426	0.998	0.61426
	0.4	0	0	0.000139524	0.998	0.61426	0.998	0.61426
