#	Frequencies and overlap
#	bins	MYC	shuffle	overlap_MYC	overlap_shuffle	SIGN_MYC	SIGNshuffle	SIGNoverlap_MYC	SIGNoverlap_shuffle
	0	0	0	1	1	0.419029	0.390351	0.740741	0
	0.001	0	0	1	1	0	0	0.740741	0
	0.002	0	0	1	1	0	0	0.740741	0
	0.003	0	0	1	1	0	0	0.740741	0
	0.004	0	0	1	1	0	0	0.740741	0
	0.005	0	0	1	1	0	0	0.740741	0
	0.006	0	0	1	1	0	0	0.740741	0
	0.007	0	0	1	1	0	0	0.740741	0
	0.008	0	0	1	1	0	0	0.740741	0
	0.009	0	0	1	1	0	0	0.740741	0
	0.01	0	0	1	1	0	0	0.740741	0
	0.011	0	0	1	1	0	0	0.740741	0
	0.012	0	0	1	1	0	0	0.740741	0
	0.013	0	0	1	1	0	0	0.740741	0
	0.014	0	0	1	1	0	0	0.740741	0
	0.015	0	0	1	1	0	0	0.740741	0
	0.016	0	0	1	1	0	0	0.740741	0
	0.017	0	0	1	1	0	0	0.740741	0
	0.018	0	0	1	1	0	0	0.740741	0
	0.019	0	0	1	1	0	0	0.740741	0
	0.02	0	0	1	1	0	0	0.740741	0
	0.021	0	0	1	1	0	0	0.740741	0
	0.022	0	0	1	1	0	0	0.740741	0
	0.023	0	2.06612e-05	1	1	0	0	0.740741	0
	0.024	0	0	1	0.997934	0	0	0.740741	0
	0.025	0	0	1	0.997934	0	0	0.740741	0
	0.026	0	0	1	0.997934	0	0	0.740741	0
	0.027	0	0	1	0.997934	0	0	0.740741	0
	0.028	0	0	1	0.997934	0	0	0.740741	0
	0.029	0	0	1	0.997934	0	0	0.740741	0
	0.03	0	0	1	0.997934	0	0	0.740741	0
	0.031	0	0	1	0.997934	0	0	0.740741	0
	0.032	0	0	1	0.997934	0	0	0.740741	0
	0.033	0	0	1	0.997934	0	0	0.740741	0
	0.034	0	0	1	0.997934	0	0	0.740741	0
	0.035	0	0	1	0.997934	0	0	0.740741	0
	0.036	0	0	1	0.997934	0	0	0.740741	0
	0.037	0	0	1	0.997934	0	0	0.740741	0
	0.038	0	0	1	0.997934	0	0	0.740741	0
	0.039	0	0	1	0.997934	0	0	0.740741	0
	0.04	0	0	1	0.997934	0	0	0.740741	0
	0.041	0	0	1	0.997934	0	2.06612e-05	0.740741	0
	0.042	0	0	1	0.997934	0	0	0.740741	0
	0.043	0	0	1	0.997934	0	0	0.740741	0
	0.044	0	0	1	0.997934	0	0	0.740741	0
	0.045	0	0	1	0.997934	0	0	0.740741	0
	0.046	0	0	1	0.997934	0	0	0.740741	0
	0.047	0	0	1	0.997934	0	0	0.740741	0
	0.048	0	0	1	0.997934	0	0	0.740741	0
	0.049	0	0	1	0.997934	0	0	0.740741	0
	0.05	0	0	1	0.997934	0	0	0.740741	0
	0.051	0	0	1	0.997934	0	2.06612e-05	0.740741	0
	0.052	0	0	1	0.997934	0	2.06612e-05	0.740741	0
	0.053	0	0	1	0.997934	0	0	0.740741	0
	0.054	0	0	1	0.997934	0	0	0.740741	0
	0.055	0	0	1	0.997934	0	0	0.740741	0
	0.056	0	0	1	0.997934	0	0	0.740741	0
	0.057	0	0	1	0.997934	0	2.06612e-05	0.740741	0
	0.058	0	0	1	0.997934	0	0	0.740741	0
	0.059	0	0	1	0.997934	0	0	0.740741	0
	0.06	0	0	1	0.997934	0	0	0.740741	0
	0.061	0	0	1	0.997934	0	0	0.740741	0
	0.062	0	0	1	0.997934	0	0	0.740741	0
	0.063	0	0	1	0.997934	0	0	0.740741	0
	0.064	0	0	1	0.997934	0	0	0.740741	0
	0.065	0	0	1	0.997934	0	0	0.740741	0
	0.066	0	0	1	0.997934	0	0	0.740741	0
	0.067	0	0	1	0.997934	0	0	0.740741	0
	0.068	0	0	1	0.997934	0	0	0.740741	0
	0.069	0	0	1	0.997934	0	0	0.740741	0
	0.07	0	0	1	0.997934	0	0	0.740741	0
	0.071	0	0	1	0.997934	0	0	0.740741	0
	0.072	0	0	1	0.997934	0	0	0.740741	0
	0.073	0	0	1	0.997934	0	0	0.740741	0
	0.074	0	2.06612e-05	1	0.997934	0	2.06612e-05	0.740741	0
	0.075	0	2.06612e-05	1	0.995868	0	0	0.740741	0
	0.076	0	0	1	0.993802	0	2.06612e-05	0.740741	0
	0.077	0	0	1	0.993802	0	0	0.740741	0
	0.078	0	0	1	0.993802	0	0	0.740741	0
	0.079	0	2.06612e-05	1	0.993802	0	0	0.740741	0
	0.08	0	0	1	0.991736	0	0	0.740741	0
	0.081	0	0	1	0.991736	0	2.06612e-05	0.740741	0
	0.082	0	0	1	0.991736	0	2.06612e-05	0.740741	0
	0.083	0	0	1	0.991736	0	0	0.740741	0
	0.084	0	0	1	0.991736	0	0	0.740741	0
	0.085	0	0	1	0.991736	0	0	0.740741	0
	0.086	0	0	1	0.991736	0	2.06612e-05	0.740741	0
	0.087	0	0	1	0.991736	0	0	0.740741	0
	0.088	0	0	1	0.991736	0	2.06612e-05	0.740741	0
	0.089	0	0	1	0.991736	0	0	0.740741	0
	0.09	0	0	1	0.991736	0	0	0.740741	0
	0.091	0	0	1	0.991736	0	0	0.740741	0
	0.092	0	0	1	0.991736	0	0	0.740741	0
	0.093	0	2.06612e-05	1	0.991736	0	0	0.740741	0
	0.094	0	0	1	0.989669	0	0	0.740741	0
	0.095	0	0	1	0.989669	0	0	0.740741	0
	0.096	0	0	1	0.989669	0	4.13223e-05	0.740741	0
	0.097	0	0	1	0.989669	0	0	0.740741	0
	0.098	0	0	1	0.989669	0	0	0.740741	0
	0.099	0	0	1	0.989669	0	2.06612e-05	0.740741	0
	0.1	0	0	1	0.989669	0	0	0.740741	0
	0.101	0	0	1	0.989669	0	0	0.740741	0
	0.102	0	0	1	0.989669	0	2.06612e-05	0.740741	0
	0.103	0	2.06612e-05	1	0.989669	0	2.06612e-05	0.740741	0
	0.104	0	0	1	0.987603	0	0	0.740741	0
	0.105	0	2.06612e-05	1	0.987603	0	6.19835e-05	0.740741	0
	0.106	0	0	1	0.987603	0	2.06612e-05	0.740741	0
	0.107	0	0	1	0.987603	0	4.13223e-05	0.740741	0
	0.108	0	0	1	0.987603	0	2.06612e-05	0.740741	0
	0.109	0	0	1	0.987603	0	0	0.740741	0
	0.11	0	0	1	0.987603	0	0	0.740741	0
	0.111	0	0	1	0.987603	0	6.19835e-05	0.740741	0
	0.112	0	0	1	0.987603	0	0	0.740741	0
	0.113	0	0	1	0.987603	0	0	0.740741	0
	0.114	0	0	1	0.987603	0	0	0.740741	0
	0.115	0	0	1	0.987603	0	0	0.740741	0
	0.116	0	0	1	0.987603	0	2.06612e-05	0.740741	0
	0.117	0	2.06612e-05	1	0.987603	0	2.06612e-05	0.740741	0
	0.118	0	0	1	0.985537	0	0	0.740741	0
	0.119	0	0	1	0.985537	0	8.26446e-05	0.740741	0
	0.12	0	0	1	0.985537	0	0	0.740741	0
	0.121	0	0	1	0.985537	0	0	0.740741	0
	0.122	0	0	1	0.985537	0	0	0.740741	0
	0.123	0	0	1	0.985537	0	2.06612e-05	0.740741	0
	0.124	0	2.06612e-05	1	0.985537	0	0	0.740741	0
	0.125	0	0	1	0.983471	0	0	0.740741	0
	0.126	0	0	1	0.983471	0	0	0.740741	0
	0.127	0	0	1	0.983471	0	0	0.740741	0
	0.128	0	2.06612e-05	1	0.983471	0	4.13223e-05	0.740741	0
	0.129	0	0	1	0.983471	0	2.06612e-05	0.740741	0
	0.13	0	0	1	0.983471	0	0	0.740741	0
	0.131	0	0	1	0.983471	0	0	0.740741	0
	0.132	0	2.06612e-05	1	0.983471	0	0	0.740741	0
	0.133	0	0	1	0.981405	0	0	0.740741	0
	0.134	0	2.06612e-05	1	0.981405	0	0	0.740741	0
	0.135	0	0	1	0.979339	0	0	0.740741	0
	0.136	0	0	1	0.979339	0	0	0.740741	0
	0.137	0	0	1	0.979339	0	0	0.740741	0
	0.138	0	0	1	0.979339	0	4.13223e-05	0.740741	0
	0.139	0	0	1	0.979339	0	2.06612e-05	0.740741	0
	0.14	0	0	1	0.979339	0	0	0.740741	0
	0.141	0	0	1	0.979339	0	2.06612e-05	0.740741	0
	0.142	0	0	1	0.979339	0	2.06612e-05	0.740741	0
	0.143	0	4.13223e-05	1	0.979339	0	6.19835e-05	0.740741	0
	0.144	0	0	1	0.975207	0	0	0.740741	0
	0.145	0	0	1	0.975207	0	0	0.740741	0
	0.146	0	0	1	0.975207	0	2.06612e-05	0.740741	0
	0.147	0	0	1	0.975207	0	0	0.740741	0
	0.148	0	0	1	0.975207	0	2.06612e-05	0.740741	0
	0.149	0	0	1	0.975207	0	0	0.740741	0
	0.15	0	4.13223e-05	1	0.975207	0	2.06612e-05	0.740741	0
	0.151	0	0	1	0.971074	0	0	0.740741	0
	0.152	0	0	1	0.971074	0	0	0.740741	0
	0.153	0	0	1	0.971074	0	0	0.740741	0
	0.154	0	0	1	0.971074	0	0	0.740741	0
	0.155	0	0	1	0.971074	0	2.06612e-05	0.740741	0
	0.156	0	4.13223e-05	1	0.971074	0	2.06612e-05	0.740741	0
	0.157	0	0	1	0.969008	0	4.13223e-05	0.740741	0
	0.158	0	0	1	0.969008	0	0	0.740741	0
	0.159	0	0	1	0.969008	0	4.13223e-05	0.740741	0
	0.16	0	2.06612e-05	1	0.969008	0	6.19835e-05	0.740741	0
	0.161	0	0	1	0.966942	0	2.06612e-05	0.740741	0
	0.162	0	2.06612e-05	1	0.966942	0	0	0.740741	0
	0.163	0	6.19835e-05	1	0.966942	0	0	0.740741	0
	0.164	0	0	1	0.964876	0	0	0.740741	0
	0.165	0	4.13223e-05	1	0.964876	0	4.13223e-05	0.740741	0
	0.166	0	0	1	0.96281	0	0	0.740741	0
	0.167	0	2.06612e-05	1	0.96281	0	0	0.740741	0
	0.168	0	2.06612e-05	1	0.960744	0	0	0.740741	0
	0.169	0	0	1	0.958678	0	4.13223e-05	0.740741	0
	0.17	0	0	1	0.958678	0	2.06612e-05	0.740741	0
	0.171	0	0	1	0.958678	0	0	0.740741	0
	0.172	0	0	1	0.958678	0	4.13223e-05	0.740741	0
	0.173	0	0	1	0.958678	0	2.06612e-05	0.740741	0
	0.174	0	0	1	0.958678	0	0	0.740741	0
	0.175	0	2.06612e-05	1	0.958678	0	2.06612e-05	0.740741	0
	0.176	0	0	1	0.958678	0	4.13223e-05	0.740741	0
	0.177	0	4.13223e-05	1	0.958678	0	2.06612e-05	0.740741	0
	0.178	0	2.06612e-05	1	0.954545	0	2.06612e-05	0.740741	0
	0.179	0	2.06612e-05	1	0.954545	0	0	0.740741	0
	0.18	0	0	1	0.952479	0	2.06612e-05	0.740741	0
	0.181	0	6.19835e-05	1	0.952479	0	2.06612e-05	0.740741	0
	0.182	0	4.13223e-05	1	0.948347	0	2.06612e-05	0.740741	0
	0.183	0	2.06612e-05	1	0.946281	0	6.19835e-05	0.740741	0
	0.184	0	4.13223e-05	1	0.944215	0	0	0.740741	0
	0.185	0	4.13223e-05	1	0.940083	0	4.13223e-05	0.740741	0
	0.186	0	0	1	0.938017	0	4.13223e-05	0.740741	0
	0.187	0	0	1	0.938017	0	2.06612e-05	0.740741	0
	0.188	0	2.06612e-05	1	0.938017	0	8.26446e-05	0.740741	0
	0.189	0	0	1	0.93595	0	4.13223e-05	0.740741	0
	0.19	0	6.19835e-05	1	0.93595	0	2.06612e-05	0.740741	0
	0.191	0	2.06612e-05	1	0.931818	0	4.13223e-05	0.740741	0
	0.192	0	4.13223e-05	1	0.931818	0	4.13223e-05	0.740741	0
	0.193	0	0	1	0.929752	0	0.000103306	0.740741	0
	0.194	0	0	1	0.929752	0	0	0.740741	0
	0.195	0	2.06612e-05	1	0.929752	0	6.19835e-05	0.740741	0
	0.196	0	4.13223e-05	1	0.929752	0	6.19835e-05	0.740741	0
	0.197	0	0	1	0.927686	0	8.26446e-05	0.740741	0
	0.198	0	0	1	0.927686	0	4.13223e-05	0.740741	0
	0.199	0	0	1	0.927686	0	4.13223e-05	0.740741	0
	0.2	0	0	1	0.927686	0	0	0.740741	0
	0.201	0	0	1	0.927686	0	6.19835e-05	0.740741	0
	0.202	0	0	1	0.927686	0	8.26446e-05	0.740741	0
	0.203	0	2.06612e-05	1	0.927686	0	4.13223e-05	0.740741	0
	0.204	0	4.13223e-05	1	0.927686	2.06612e-05	4.13223e-05	0.740741	0
	0.205	0	0	1	0.92562	0	4.13223e-05	0.737654	0
	0.206	0	0	1	0.92562	0	4.13223e-05	0.737654	0
	0.207	0	0	1	0.92562	0	2.06612e-05	0.737654	0
	0.208	0	4.13223e-05	1	0.92562	2.06612e-05	6.19835e-05	0.737654	0
	0.209	0	0	1	0.921488	0	4.13223e-05	0.737654	0
	0.21	0	2.06612e-05	1	0.921488	2.06612e-05	4.13223e-05	0.737654	0
	0.211	0	0	1	0.921488	4.13223e-05	4.13223e-05	0.737654	0
	0.212	0	2.06612e-05	1	0.921488	4.13223e-05	6.19835e-05	0.737654	0
	0.213	0	2.06612e-05	1	0.921488	4.13223e-05	0.000103306	0.737654	0
	0.214	0	2.06612e-05	1	0.921488	0	8.26446e-05	0.737654	0
	0.215	0	2.06612e-05	1	0.921488	0	6.19835e-05	0.737654	0
	0.216	0	0	1	0.921488	0	0	0.737654	0
	0.217	0	2.06612e-05	1	0.921488	4.13223e-05	8.26446e-05	0.737654	0
	0.218	0	2.06612e-05	1	0.921488	4.13223e-05	0.000103306	0.737654	0
	0.219	0	0	1	0.921488	2.06612e-05	8.26446e-05	0.737654	0
	0.22	0	2.06612e-05	1	0.921488	0.000103306	0	0.737654	0
	0.221	0	0	1	0.921488	0.000103306	0.000103306	0.737654	0
	0.222	0	0	1	0.921488	6.19835e-05	8.26446e-05	0.737654	0
	0.223	0	2.06612e-05	1	0.921488	0	2.06612e-05	0.737654	0
	0.224	0	2.06612e-05	1	0.919421	0.000123967	0	0.737654	0
	0.225	0	6.19835e-05	1	0.919421	0.000123967	4.13223e-05	0.737654	0
	0.226	0	4.13223e-05	1	0.917355	0.000165289	2.06612e-05	0.737654	0
	0.227	0	2.06612e-05	1	0.913223	8.26446e-05	6.19835e-05	0.737654	0
	0.228	0	4.13223e-05	1	0.911157	8.26446e-05	6.19835e-05	0.737654	0
	0.229	0	8.26446e-05	1	0.909091	0.000144628	0.000103306	0.737654	0
	0.23	0	2.06612e-05	1	0.909091	4.13223e-05	6.19835e-05	0.737654	0
	0.231	0	2.06612e-05	1	0.909091	0.000123967	2.06612e-05	0.737654	0
	0.232	0	0	1	0.909091	0.000123967	0.00018595	0.737654	0
	0.233	0	4.13223e-05	1	0.909091	0.00018595	8.26446e-05	0.737654	0
	0.234	0	6.19835e-05	1	0.904959	0.000165289	4.13223e-05	0.737654	0
	0.235	0	0	1	0.89876	0.000123967	4.13223e-05	0.737654	0
	0.236	0	4.13223e-05	1	0.89876	0.000123967	6.19835e-05	0.737654	0
	0.237	0	4.13223e-05	1	0.896694	0.000144628	0.000103306	0.737654	0
	0.238	0	2.06612e-05	1	0.894628	0.000144628	6.19835e-05	0.739938	0
	0.239	0	2.06612e-05	1	0.892562	6.19835e-05	6.19835e-05	0.739938	0
	0.24	0	2.06612e-05	1	0.892562	0.000144628	6.19835e-05	0.739938	0
	0.241	0	2.06612e-05	1	0.892562	8.26446e-05	0	0.739938	0
	0.242	0	2.06612e-05	1	0.892562	0.000123967	0.000123967	0.739938	0
	0.243	0	0	1	0.890496	0.000103306	6.19835e-05	0.739938	0
	0.244	0	4.13223e-05	1	0.890496	0	2.06612e-05	0.739938	0
	0.245	0	2.06612e-05	1	0.890496	8.26446e-05	0.000103306	0.739938	0
	0.246	0	2.06612e-05	1	0.890496	8.26446e-05	0.000103306	0.739938	0
	0.247	0	0	1	0.890496	6.19835e-05	8.26446e-05	0.739938	0
	0.248	0	2.06612e-05	1	0.890496	0.000103306	8.26446e-05	0.739938	0
	0.249	0	2.06612e-05	1	0.890496	0.000123967	6.19835e-05	0.739938	0
	0.25	0	4.13223e-05	1	0.890496	4.13223e-05	8.26446e-05	0.739938	0
	0.251	0	2.06612e-05	1	0.890496	4.13223e-05	6.19835e-05	0.739938	0
	0.252	0	0	1	0.890496	6.19835e-05	6.19835e-05	0.736842	0
	0.253	0	0	1	0.890496	4.13223e-05	0.000103306	0.736842	0
	0.254	0	2.06612e-05	1	0.890496	2.06612e-05	4.13223e-05	0.736842	0
	0.255	0	4.13223e-05	1	0.890496	8.26446e-05	6.19835e-05	0.736842	0
	0.256	0	0	1	0.88843	4.13223e-05	0.000144628	0.736842	0
	0.257	0	0	1	0.88843	0.000103306	0.000123967	0.736842	0
	0.258	0	2.06612e-05	1	0.88843	4.13223e-05	0	0.736842	0
	0.259	0	2.06612e-05	1	0.88843	0.000103306	2.06612e-05	0.736842	0
	0.26	4.13223e-05	0	1	0.88843	4.13223e-05	0.000123967	0.736842	0
	0.261	0	2.06612e-05	0.997934	0.88843	2.06612e-05	0.00018595	0.736842	0
	0.262	2.06612e-05	2.06612e-05	0.997934	0.886364	2.06612e-05	0.000144628	0.736842	0
	0.263	0	4.13223e-05	0.997934	0.884298	4.13223e-05	0.000144628	0.736842	0
	0.264	0	0.000103306	0.997934	0.882231	4.13223e-05	2.06612e-05	0.736842	0
	0.265	0	0	0.997934	0.878099	4.13223e-05	4.13223e-05	0.736842	0
	0.266	0	2.06612e-05	0.997934	0.878099	0.000103306	0.000123967	0.736842	0
	0.267	0	0	0.997934	0.878099	8.26446e-05	6.19835e-05	0.73913	0
	0.268	0	4.13223e-05	0.997934	0.878099	8.26446e-05	0.000103306	0.73913	0
	0.269	2.06612e-05	2.06612e-05	0.997934	0.876033	2.06612e-05	0.000123967	0.73913	0
	0.27	0	2.06612e-05	0.997934	0.876033	2.06612e-05	4.13223e-05	0.73913	0
	0.271	2.06612e-05	0	0.997934	0.876033	6.19835e-05	0.00018595	0.73913	0
	0.272	2.06612e-05	0.000144628	0.997934	0.876033	8.26446e-05	0.000144628	0.73913	0
	0.273	2.06612e-05	6.19835e-05	0.997934	0.871901	2.06612e-05	8.26446e-05	0.73913	0
	0.274	4.13223e-05	8.26446e-05	0.997934	0.869835	0.000103306	0.000103306	0.73913	0
	0.275	4.13223e-05	4.13223e-05	0.997934	0.867769	0	0.000103306	0.741433	0
	0.276	8.26446e-05	8.26446e-05	0.997934	0.867769	2.06612e-05	0.000103306	0.741433	0
	0.277	4.13223e-05	6.19835e-05	0.997934	0.865702	2.06612e-05	0.000206612	0.741433	0
	0.278	0.000123967	2.06612e-05	0.997934	0.86157	2.06612e-05	8.26446e-05	0.741433	0
	0.279	8.26446e-05	2.06612e-05	0.997934	0.86157	4.13223e-05	0.000123967	0.741433	0
	0.28	4.13223e-05	2.06612e-05	0.997934	0.86157	8.26446e-05	0.000144628	0.741433	0
	0.281	4.13223e-05	6.19835e-05	0.997934	0.86157	6.19835e-05	0.000123967	0.741433	0
	0.282	2.06612e-05	2.06612e-05	0.997934	0.859504	2.06612e-05	0.000103306	0.741433	0
	0.283	6.19835e-05	6.19835e-05	0.997934	0.859504	6.19835e-05	0.00018595	0.741433	0
	0.284	0.000103306	0	0.997934	0.857438	4.13223e-05	0.000103306	0.741433	0
	0.285	0	2.06612e-05	0.997934	0.857438	6.19835e-05	0.00018595	0.741433	0
	0.286	8.26446e-05	0	0.997934	0.855372	8.26446e-05	6.19835e-05	0.741433	0
	0.287	8.26446e-05	4.13223e-05	0.997934	0.855372	2.06612e-05	0.000165289	0.738318	0
	0.288	2.06612e-05	0	0.997934	0.853306	0.000165289	0.000144628	0.738318	0
	0.289	4.13223e-05	4.13223e-05	0.997934	0.853306	0.000103306	0.000206612	0.738318	0
	0.29	6.19835e-05	2.06612e-05	0.997934	0.853306	6.19835e-05	0.000144628	0.735202	0
	0.291	0	2.06612e-05	0.997934	0.853306	6.19835e-05	0.000103306	0.735202	0
	0.292	4.13223e-05	2.06612e-05	0.997934	0.853306	4.13223e-05	0.000206612	0.735202	0
	0.293	2.06612e-05	6.19835e-05	0.997934	0.853306	2.06612e-05	0.00018595	0.735202	0
	0.294	8.26446e-05	6.19835e-05	0.997934	0.853306	0.000103306	0.000123967	0.735202	0
	0.295	4.13223e-05	2.06612e-05	0.997934	0.85124	0.00018595	8.26446e-05	0.735202	0
	0.296	4.13223e-05	6.19835e-05	0.997934	0.85124	6.19835e-05	0.000144628	0.735202	0
	0.297	0.000103306	6.19835e-05	0.997934	0.85124	0.000103306	0.000123967	0.735202	0
	0.298	4.13223e-05	4.13223e-05	0.997934	0.849174	4.13223e-05	0.000206612	0.735202	0
	0.299	6.19835e-05	4.13223e-05	0.997934	0.849174	0.000123967	8.26446e-05	0.735202	0
	0.3	4.13223e-05	8.26446e-05	0.997934	0.847107	0.000206612	0.000227273	0.735202	0
	0.301	2.06612e-05	2.06612e-05	0.997934	0.847107	0.000123967	0.000165289	0.735202	0
	0.302	0	8.26446e-05	0.997934	0.847107	0.000144628	0.000247934	0.735202	0
	0.303	2.06612e-05	6.19835e-05	0.997934	0.847107	8.26446e-05	8.26446e-05	0.735202	0
	0.304	0.000103306	2.06612e-05	0.997934	0.847107	0.00018595	0.000123967	0.735202	0
	0.305	4.13223e-05	2.06612e-05	0.997934	0.847107	0.000144628	0.000103306	0.735202	0
	0.306	2.06612e-05	6.19835e-05	0.997934	0.847107	0.000103306	0.000227273	0.735202	0
	0.307	6.19835e-05	4.13223e-05	0.997934	0.842975	0.000123967	8.26446e-05	0.735202	0
	0.308	0	6.19835e-05	0.997934	0.840909	0.000206612	0.00018595	0.7375	0
	0.309	0	8.26446e-05	0.997934	0.838843	0.000289256	0.000206612	0.7375	0
	0.31	4.13223e-05	2.06612e-05	0.997934	0.834711	0.000123967	0.000165289	0.7375	0
	0.311	0	6.19835e-05	0.997934	0.834711	0.00018595	0.000206612	0.7375	0
	0.312	0	4.13223e-05	0.997934	0.830579	0.000144628	0.000206612	0.7375	0
	0.313	2.06612e-05	6.19835e-05	0.997934	0.830579	8.26446e-05	0.000206612	0.739812	0
	0.314	2.06612e-05	4.13223e-05	0.995868	0.830579	0.000247934	0.000206612	0.739812	0
	0.315	4.13223e-05	4.13223e-05	0.995868	0.828512	0.000206612	0.000144628	0.739812	0
	0.316	4.13223e-05	2.06612e-05	0.995868	0.826446	0.000103306	0.000227273	0.739812	0
	0.317	0	2.06612e-05	0.995868	0.826446	0.000227273	0.000206612	0.739812	0
	0.318	6.19835e-05	4.13223e-05	0.995868	0.82438	0.000123967	0.000227273	0.739812	0
	0.319	0	6.19835e-05	0.995868	0.82438	0.000123967	0.000144628	0.739812	0
	0.32	2.06612e-05	2.06612e-05	0.995868	0.82438	0.000206612	0.000268595	0.739812	0
	0.321	4.13223e-05	2.06612e-05	0.995868	0.82438	0.000165289	0.000123967	0.739812	0
	0.322	2.06612e-05	2.06612e-05	0.995868	0.82438	0.000247934	0.000247934	0.739812	0
	0.323	0	0.000103306	0.995868	0.82438	0.000123967	0.000247934	0.736677	0
	0.324	0	4.13223e-05	0.995868	0.820248	0.000227273	0.000103306	0.736677	0
	0.325	2.06612e-05	4.13223e-05	0.995868	0.820248	0.000206612	0.000165289	0.736677	0
	0.326	0	2.06612e-05	0.99793	0.820248	0.00018595	0.000206612	0.736677	0
	0.327	4.13223e-05	8.26446e-05	0.99793	0.820248	0.000227273	0.000227273	0.736677	0
	0.328	4.13223e-05	8.26446e-05	0.99793	0.818182	8.26446e-05	0.000227273	0.736677	0
	0.329	2.06612e-05	8.26446e-05	0.99793	0.818182	0.000165289	0.000247934	0.736677	0
	0.33	4.13223e-05	0.000123967	0.99793	0.818182	0.000165289	0.000206612	0.736677	0
	0.331	6.19835e-05	2.06612e-05	0.99793	0.818182	0.000123967	0.000268595	0.736677	0
	0.332	2.06612e-05	4.13223e-05	0.99793	0.818182	0.000247934	0.000123967	0.736677	0
	0.333	0.000123967	8.26446e-05	0.99793	0.818182	0.000247934	0.000268595	0.736677	0
	0.334	0	0.000123967	0.99793	0.818182	0.000289256	0.000227273	0.736677	0
	0.335	4.13223e-05	2.06612e-05	0.99793	0.816116	0.00018595	0.000247934	0.730408	0
	0.336	4.13223e-05	6.19835e-05	0.99793	0.816116	0.000227273	0.000289256	0.730408	0
	0.337	2.06612e-05	0.000123967	0.99793	0.816116	0.000103306	0.00018595	0.730408	0
	0.338	2.06612e-05	4.13223e-05	0.99793	0.81405	0.000103306	0.000289256	0.730408	0
	0.339	0.000123967	6.19835e-05	0.995859	0.81405	0.000144628	0.00018595	0.730408	0
	0.34	4.13223e-05	4.13223e-05	0.995859	0.81405	0.000227273	0.000268595	0.727273	0
	0.341	6.19835e-05	4.13223e-05	0.995859	0.81405	8.26446e-05	0.000206612	0.727273	0
	0.342	6.19835e-05	2.06612e-05	0.995859	0.811983	0.000123967	0.000268595	0.727273	0
	0.343	8.26446e-05	8.26446e-05	0.995859	0.811983	0.000206612	0.000309917	0.727273	0
	0.344	6.19835e-05	2.06612e-05	0.995859	0.811983	0.000144628	0.000371901	0.727273	0
	0.345	2.06612e-05	6.19835e-05	0.995859	0.811983	0.00018595	0.000268595	0.727273	0
	0.346	4.13223e-05	2.06612e-05	0.995859	0.807851	0.000144628	0.000123967	0.727273	0
	0.347	6.19835e-05	8.26446e-05	0.995859	0.807851	0.000227273	0.000268595	0.727273	0
	0.348	8.26446e-05	8.26446e-05	0.995859	0.807851	0.000227273	0.000144628	0.727273	0
	0.349	8.26446e-05	6.19835e-05	0.995859	0.807851	0.000206612	0.00018595	0.727273	0
	0.35	0.000123967	4.13223e-05	0.995859	0.803719	0.000165289	0.000289256	0.72956	0
	0.351	8.26446e-05	8.26446e-05	0.995859	0.801653	0.00018595	0.000289256	0.72956	0
	0.352	6.19835e-05	0	0.995859	0.801653	0.000165289	0.000371901	0.72956	0
	0.353	2.06612e-05	8.26446e-05	0.995859	0.801653	0.00018595	0.000227273	0.72956	0
	0.354	0.000103306	6.19835e-05	0.995859	0.801653	0.000123967	0.000206612	0.731861	0
	0.355	6.19835e-05	8.26446e-05	0.995859	0.799587	0.000103306	0.000206612	0.734177	0
	0.356	6.19835e-05	4.13223e-05	0.995859	0.799587	0.000165289	0.000330579	0.734177	0
	0.357	4.13223e-05	6.19835e-05	0.995859	0.799587	0.000227273	0.000227273	0.734177	0
	0.358	4.13223e-05	0.000144628	0.995859	0.797521	0.00018595	0.000206612	0.736508	0
	0.359	6.19835e-05	2.06612e-05	0.995859	0.78719	0.000165289	0.000247934	0.736508	0
	0.36	6.19835e-05	4.13223e-05	0.995859	0.78719	0.000144628	0.000227273	0.733333	0
	0.361	6.19835e-05	0.000103306	0.995859	0.785124	0.000227273	0.000227273	0.733333	0
	0.362	6.19835e-05	4.13223e-05	0.995859	0.785124	0.000103306	0.000227273	0.733333	0
	0.363	8.26446e-05	0.000103306	0.995859	0.785124	0.000144628	0.000330579	0.733333	0
	0.364	6.19835e-05	0.000103306	0.995859	0.783058	0.000247934	0.000268595	0.733333	0
	0.365	8.26446e-05	6.19835e-05	0.995859	0.778926	0.000247934	0.000309917	0.733333	0
	0.366	2.06612e-05	8.26446e-05	0.995859	0.77686	0.000206612	0.000309917	0.733333	0
	0.367	0.000123967	8.26446e-05	0.995859	0.77686	0.00018595	0.000309917	0.733333	0
	0.368	2.06612e-05	8.26446e-05	0.995859	0.77686	0.000165289	0.000247934	0.733333	0
	0.369	0.000123967	8.26446e-05	0.995859	0.772727	0.000165289	0.000165289	0.733333	0
	0.37	0.000123967	0.000165289	0.995859	0.770661	0.000247934	0.000268595	0.733333	0
	0.371	8.26446e-05	8.26446e-05	0.995859	0.768595	0.000371901	0.000268595	0.733333	0
	0.372	6.19835e-05	0.000123967	0.995859	0.768595	0.000165289	0.000413223	0.735669	0
	0.373	6.19835e-05	6.19835e-05	0.995859	0.764463	0.000227273	0.000247934	0.735669	0
	0.374	6.19835e-05	6.19835e-05	0.995859	0.764463	0.000227273	0.000309917	0.735669	0
	0.375	2.06612e-05	8.26446e-05	0.993789	0.764463	0.000268595	0.000247934	0.735669	0
	0.376	0	6.19835e-05	0.993789	0.760331	0.000330579	0.000165289	0.735669	0
	0.377	4.13223e-05	6.19835e-05	0.993789	0.756198	0.000371901	0.000206612	0.732484	0
	0.378	4.13223e-05	4.13223e-05	0.993789	0.756198	0.000165289	0.000309917	0.732484	0
	0.379	4.13223e-05	6.19835e-05	0.993789	0.756198	0.000227273	0.000309917	0.732484	0
	0.38	6.19835e-05	0.000165289	0.993789	0.756198	0.000268595	0.000227273	0.732484	0
	0.381	6.19835e-05	0.000123967	0.993789	0.75	0.000268595	0.000289256	0.729299	0
	0.382	8.26446e-05	6.19835e-05	0.993789	0.745868	0.000165289	0.000165289	0.729299	0
	0.383	8.26446e-05	8.26446e-05	0.993789	0.745868	0.000330579	0.000309917	0.729299	0
	0.384	2.06612e-05	4.13223e-05	0.993789	0.745868	0.00018595	0.00035124	0.729299	0
	0.385	6.19835e-05	8.26446e-05	0.993789	0.745868	0.000268595	0.000289256	0.729299	0
	0.386	4.13223e-05	2.06612e-05	0.993789	0.743802	0.000206612	0.000309917	0.726115	0
	0.387	4.13223e-05	4.13223e-05	0.993789	0.743802	0.00035124	0.000289256	0.726115	0
	0.388	4.13223e-05	4.13223e-05	0.993789	0.743802	0.000144628	0.000289256	0.728435	0
	0.389	8.26446e-05	0.000103306	0.993789	0.743802	0.000103306	0.000516529	0.728435	0
	0.39	0	0.000144628	0.993789	0.739669	0.000247934	0.000475207	0.728435	0
	0.391	0.000103306	8.26446e-05	0.993789	0.739669	0.000227273	0.00035124	0.728435	0
	0.392	8.26446e-05	4.13223e-05	0.993789	0.737603	0.000206612	0.000454545	0.728435	0
	0.393	0.000123967	0.000123967	0.993789	0.737603	0.000247934	0.000330579	0.728435	0
	0.394	4.13223e-05	8.26446e-05	0.993789	0.735537	0.000144628	0.00035124	0.72524	0
	0.395	6.19835e-05	0.000247934	0.993789	0.731405	0.000309917	0.000289256	0.722045	0
	0.396	4.13223e-05	4.13223e-05	0.993789	0.729339	0.000144628	0.000413223	0.722045	0
	0.397	2.06612e-05	0.000103306	0.993789	0.727273	0.000206612	0.000495868	0.722045	0
	0.398	0.000103306	0.000144628	0.993789	0.725207	0.000433884	0.000289256	0.722045	0
	0.399	8.26446e-05	0.000123967	0.995851	0.72314	0.00035124	0.000309917	0.722045	0
	0.4	2.06612e-05	0.000123967	0.995851	0.721074	0.000247934	0.000619835	0.722045	0
	0.401	0	0.000103306	0.995851	0.719008	0.000247934	0.000371901	0.722045	0
	0.402	8.26446e-05	6.19835e-05	0.995851	0.719008	0.000289256	0.000413223	0.722045	0
	0.403	2.06612e-05	0.000103306	0.993776	0.716942	0.00035124	0.000392562	0.722045	0
	0.404	2.06612e-05	6.19835e-05	0.993776	0.71281	0.000268595	0.000371901	0.715655	0
	0.405	8.26446e-05	8.26446e-05	0.993776	0.71281	0.000268595	0.000247934	0.715655	0
	0.406	6.19835e-05	4.13223e-05	0.993776	0.710744	0.00035124	0.000516529	0.715655	0
	0.407	0.000165289	4.13223e-05	0.993776	0.708678	0.000268595	0.000371901	0.715655	0
	0.408	0.000103306	0.000103306	0.995842	0.708678	0.000392562	0.000392562	0.715655	0
	0.409	6.19835e-05	0.000123967	0.995842	0.706612	0.000413223	0.000433884	0.714744	0
	0.41	4.13223e-05	0.000103306	0.995842	0.704545	0.000454545	0.000619835	0.717042	0
	0.411	2.06612e-05	8.26446e-05	0.995842	0.702479	0.000289256	0.000495868	0.713826	0
	0.412	0	8.26446e-05	0.995842	0.702479	0.000475207	0.000392562	0.713826	0
	0.413	8.26446e-05	0.000123967	0.995842	0.702479	0.000495868	0.000392562	0.713826	0
	0.414	6.19835e-05	0.000103306	0.995842	0.702479	0.000433884	0.000433884	0.713826	0
	0.415	0.000103306	0.000227273	0.995842	0.702479	0.000371901	0.00053719	0.716129	0
	0.416	6.19835e-05	4.13223e-05	0.995842	0.696281	0.000289256	0.000454545	0.716129	0
	0.417	0.000165289	0.000206612	0.995842	0.696281	0.000309917	0.000309917	0.71521	0
	0.418	8.26446e-05	4.13223e-05	0.995842	0.690083	0.00035124	0.000495868	0.71521	0
	0.419	0	8.26446e-05	0.995842	0.690083	0.000309917	0.000557851	0.71521	0
	0.42	2.06612e-05	0.000165289	0.995842	0.688017	0.000516529	0.000557851	0.71521	0
	0.421	0.000103306	0.000123967	0.995842	0.68595	0.000578512	0.000516529	0.71521	0
	0.422	4.13223e-05	8.26446e-05	0.995842	0.679752	0.000433884	0.000413223	0.71521	0
	0.423	4.13223e-05	6.19835e-05	0.993763	0.67562	0.000309917	0.000413223	0.71521	0
	0.424	6.19835e-05	0.000206612	0.993763	0.67562	0.000433884	0.000433884	0.71521	0
	0.425	0	0.000123967	0.993763	0.67562	0.000495868	0.000433884	0.71521	0
	0.426	2.06612e-05	0.000123967	0.993763	0.67562	0.00035124	0.000495868	0.71987	0
	0.427	0.000123967	0.000103306	0.993763	0.671488	0.000289256	0.000392562	0.71987	0
	0.428	8.26446e-05	0.000206612	0.993763	0.669421	0.000475207	0.00053719	0.71987	0
	0.429	2.06612e-05	8.26446e-05	0.993763	0.663223	0.00035124	0.000433884	0.71987	0
	0.43	4.13223e-05	0.00018595	0.993763	0.663223	0.000640496	0.000475207	0.71987	0
	0.431	4.13223e-05	4.13223e-05	0.993763	0.663223	0.000516529	0.000867769	0.71987	0
	0.432	6.19835e-05	0.000165289	0.993763	0.663223	0.000433884	0.000557851	0.71987	0
	0.433	2.06612e-05	0.000247934	0.993763	0.663223	0.000433884	0.000516529	0.71987	0
	0.434	0.000103306	0.000144628	0.993763	0.657025	0.000413223	0.000371901	0.71987	0
	0.435	8.26446e-05	6.19835e-05	0.993763	0.654959	0.000619835	0.000475207	0.71987	0
	0.436	8.26446e-05	0.000123967	0.993763	0.652893	0.000557851	0.000516529	0.71987	0
	0.437	4.13223e-05	0.000144628	0.993763	0.652893	0.000619835	0.000495868	0.71987	0
	0.438	8.26446e-05	4.13223e-05	0.993763	0.650826	0.000661157	0.000247934	0.71987	0
	0.439	0.000165289	0.000144628	0.993763	0.64876	0.000495868	0.000681818	0.722222	0
	0.44	0.000123967	8.26446e-05	0.993763	0.64876	0.000516529	0.000454545	0.722222	0
	0.441	0.000103306	0.000103306	0.993763	0.646694	0.000619835	0.000557851	0.722222	0
	0.442	0.000123967	0.000144628	0.993763	0.646694	0.000557851	0.000599174	0.722222	0
	0.443	0.000123967	4.13223e-05	0.993763	0.644628	0.000785124	0.00088843	0.722222	0
	0.444	8.26446e-05	0.00035124	0.993763	0.644628	0.000454545	0.000475207	0.72459	0
	0.445	6.19835e-05	0.000123967	0.993763	0.636364	0.000516529	0.000785124	0.72459	0
	0.446	4.13223e-05	8.26446e-05	0.993763	0.636364	0.000495868	0.000702479	0.72459	0
	0.447	8.26446e-05	0.000165289	0.993763	0.634298	0.000826446	0.000516529	0.72459	0
	0.448	0.000123967	0.000165289	0.993763	0.632231	0.000702479	0.000619835	0.72459	0
	0.449	8.26446e-05	8.26446e-05	0.993763	0.632231	0.000371901	0.000640496	0.72459	0
	0.45	6.19835e-05	0.000123967	0.993763	0.630165	0.000681818	0.000743802	0.72459	0
	0.451	0.000165289	6.19835e-05	0.993763	0.630165	0.000578512	0.000743802	0.72459	0
	0.452	0.000103306	0.000103306	0.993763	0.630165	0.000516529	0.000764463	0.72459	0
	0.453	0	8.26446e-05	0.995833	0.628099	0.000454545	0.000599174	0.729373	0
	0.454	0.000123967	0.000144628	0.995833	0.626033	0.000495868	0.000929752	0.729373	0
	0.455	4.13223e-05	6.19835e-05	0.995833	0.623967	0.000371901	0.000557851	0.731788	0
	0.456	2.06612e-05	0.000144628	0.995833	0.623967	0.000495868	0.000661157	0.731788	0
	0.457	4.13223e-05	0.000123967	0.995833	0.619835	0.000475207	0.000764463	0.734219	0
	0.458	4.13223e-05	0.000103306	0.995833	0.619835	0.00053719	0.000847107	0.734219	0
	0.459	0.000103306	0.000103306	0.995833	0.619835	0.00053719	0.000764463	0.730897	0
	0.46	8.26446e-05	0.000123967	0.995833	0.615702	0.000619835	0.000702479	0.735786	0
	0.461	8.26446e-05	0.000103306	0.995833	0.613636	0.000454545	0.000847107	0.740741	0
	0.462	8.26446e-05	0.000165289	0.995833	0.613636	0.000578512	0.00130165	0.739865	0
	0.463	4.13223e-05	0.000103306	0.995833	0.61157	0.000681818	0.000909091	0.736486	0
	0.464	6.19835e-05	0.000144628	0.995833	0.607438	0.000867769	0.000599174	0.733108	0
	0.465	0.000103306	0.000103306	0.995833	0.605372	0.000599174	0.000805785	0.733108	0
	0.466	0.000103306	0.000247934	0.995833	0.603306	0.000495868	0.000847107	0.72973	0
	0.467	2.06612e-05	0.00018595	0.995833	0.60124	0.000743802	0.000454545	0.726351	0
	0.468	0.000206612	0.000144628	0.995833	0.599174	0.000392562	0.0010124	0.726351	0
	0.469	0.000103306	0.00018595	0.995833	0.595041	0.00035124	0.000991736	0.726351	0
	0.47	6.19835e-05	0.000165289	0.995833	0.592975	0.00053719	0.0010124	0.726351	0
	0.471	0.000103306	0.000123967	0.995833	0.590909	0.00035124	0.00107438	0.726351	0
	0.472	0.000103306	0.000165289	0.995833	0.584711	0.000661157	0.000867769	0.722973	0
	0.473	4.13223e-05	0.000165289	0.995833	0.582645	0.00072314	0.000743802	0.719595	0
	0.474	4.13223e-05	0.000227273	0.995833	0.580579	0.000640496	0.0011157	0.718644	0
	0.475	2.06612e-05	0.00018595	0.995833	0.576446	0.000475207	0.00103306	0.718644	0
	0.476	2.06612e-05	0.000227273	0.995833	0.57438	0.000516529	0.00117769	0.715254	0
	0.477	4.13223e-05	0.000206612	0.995833	0.570248	0.000785124	0.0010124	0.715254	0
	0.478	6.19835e-05	0.000123967	0.995833	0.568182	0.000640496	0.00117769	0.711864	0
	0.479	2.06612e-05	0.000227273	0.995833	0.566116	0.000661157	0.0011157	0.711864	0
	0.48	4.13223e-05	0.000103306	0.995833	0.559917	0.00072314	0.00126033	0.714286	0
	0.481	4.13223e-05	8.26446e-05	0.995833	0.557851	0.000743802	0.00105372	0.714286	0
	0.482	4.13223e-05	0.000123967	0.99375	0.553719	0.000702479	0.0013843	0.714286	0
	0.483	8.26446e-05	0.00018595	0.99375	0.549587	0.000681818	0.00119835	0.714286	0
	0.484	4.13223e-05	0.00018595	0.991667	0.545455	0.000661157	0.00142562	0.719178	0
	0.485	0	0.000206612	0.991667	0.545455	0.000743802	0.00119835	0.712329	0
	0.486	0	0.000165289	0.991667	0.539256	0.000743802	0.00130165	0.712329	0
	0.487	0	6.19835e-05	0.991667	0.535124	0.000743802	0.00119835	0.717241	0
	0.488	4.13223e-05	0.000206612	0.991667	0.533058	0.000991736	0.00107438	0.719723	0
	0.489	2.06612e-05	0.000123967	0.991667	0.528926	0.0011157	0.00144628	0.719723	0
	0.49	4.13223e-05	0.000144628	0.991667	0.528926	0.00103306	0.00142562	0.719723	0
	0.491	2.06612e-05	0.000247934	0.993737	0.522727	0.000929752	0.00107438	0.719723	0
	0.492	8.26446e-05	0.000165289	0.993737	0.512397	0.00128099	0.00123967	0.724739	0
	0.493	2.06612e-05	0.000165289	0.993737	0.510331	0.00119835	0.00126033	0.721254	0
	0.494	0	0.000247934	0.993737	0.508264	0.00109504	0.00152893	0.72028	0
	0.495	4.13223e-05	0.000206612	0.993737	0.506198	0.000991736	0.0013843	0.722807	0
	0.496	6.19835e-05	0.000330579	0.995816	0.504132	0.00152893	0.00115702	0.712281	0
	0.497	4.13223e-05	0.000289256	0.995816	0.495868	0.00123967	0.00130165	0.711268	0
	0.498	4.13223e-05	0.000144628	0.995816	0.493802	0.00171488	0.00163223	0.710247	0
	0.499	2.06612e-05	0.000165289	0.995816	0.489669	0.00167355	0.00167355	0.70318	0
	0.5	2.06612e-05	0.000289256	0.995816	0.489669	0.00173554	0.00150826	0.696113	0
	0.501	0.000103306	0.000247934	0.995816	0.485537	0.00206612	0.00150826	0.695035	0
	0.502	2.06612e-05	0.000165289	0.995816	0.483471	0.00216942	0.00150826	0.690391	0
	0.503	0	0.00018595	0.995816	0.479339	0.00198347	0.00179752	0.679715	0
	0.504	2.06612e-05	0.000144628	0.995816	0.477273	0.00252066	0.00173554	0.682143	0
	0.505	2.06612e-05	0.000123967	0.995816	0.477273	0.00188017	0.00154959	0.679856	0
	0.506	0.000123967	0.000144628	0.995816	0.477273	0.0021281	0.00159091	0.68231	0
	0.507	6.19835e-05	0.000103306	0.995816	0.477273	0.0021281	0.00188017	0.683824	0
	0.508	0	0.000206612	0.995816	0.477273	0.00235537	0.00150826	0.676471	0
	0.509	4.13223e-05	0.00018595	0.995816	0.47314	0.00200413	0.00144628	0.677778	0
	0.51	0	0.000144628	0.995816	0.469008	0.00194215	0.0017562	0.685393	0
	0.511	6.19835e-05	0.000165289	0.995816	0.466942	0.00225207	0.00177686	0.68797	0
	0.512	0.000123967	0.000289256	0.995816	0.466942	0.0018595	0.00171488	0.686792	0
	0.513	0.000103306	0.000206612	0.995816	0.466942	0.00188017	0.00169421	0.683019	0
	0.514	0.000123967	0.000165289	0.995816	0.46281	0.00204545	0.00183884	0.683019	0
	0.515	6.19835e-05	0.000144628	0.995816	0.460744	0.0021281	0.00163223	0.680608	0
	0.516	6.19835e-05	0.000289256	0.995816	0.460744	0.0022314	0.00146694	0.679389	0
	0.517	0.000103306	0.000330579	0.995816	0.456612	0.0021281	0.00179752	0.681992	0
	0.518	0.000103306	0.00018595	0.993724	0.454545	0.00227273	0.00154959	0.676923	0
	0.519	8.26446e-05	0.000268595	0.993724	0.452479	0.00183884	0.00157025	0.682171	0
	0.52	0.000123967	0.000165289	0.993724	0.450413	0.00167355	0.00196281	0.682171	0
	0.521	0.000206612	0.000165289	0.993724	0.446281	0.0022314	0.00126033	0.682171	0
	0.522	8.26446e-05	0.000144628	0.993724	0.446281	0.00210744	0.00216942	0.680934	0
	0.523	0.000123967	0.000289256	0.993724	0.444215	0.00216942	0.00167355	0.683594	0
	0.524	8.26446e-05	0.000309917	0.993724	0.442149	0.00188017	0.0017562	0.678431	0
	0.525	0.000165289	0.000165289	0.993724	0.440083	0.00181818	0.00132231	0.677165	0
	0.526	0.000165289	0.000330579	0.991632	0.43595	0.00198347	0.00206612	0.669291	0
	0.527	4.13223e-05	0.000206612	0.991632	0.42562	0.00233471	0.0018595	0.669291	0
	0.528	0.000103306	0.000165289	0.991632	0.421488	0.0022314	0.0013843	0.664032	0
	0.529	0.000123967	0.000227273	0.991632	0.421488	0.00233471	0.00198347	0.660079	0
	0.53	8.26446e-05	0.000165289	0.991632	0.411157	0.00266529	0.00144628	0.660079	0
	0.531	0.000144628	0.000227273	0.991632	0.407025	0.00233471	0.00140496	0.656	0
	0.532	2.06612e-05	0.000289256	0.98954	0.404959	0.00239669	0.00188017	0.662602	0
	0.533	0.000144628	0.000144628	0.98954	0.404959	0.00202479	0.00169421	0.658537	0
	0.534	0.000123967	0.000165289	0.98954	0.400826	0.00202479	0.00204545	0.659836	0
	0.535	6.19835e-05	0.000268595	0.98954	0.39876	0.00239669	0.00188017	0.661157	0
	0.536	0.000144628	0.000247934	0.98954	0.39876	0.00219008	0.00200413	0.661157	0
	0.537	0.000103306	0.000206612	0.98954	0.394628	0.00202479	0.00179752	0.661157	0
	0.538	8.26446e-05	0.00018595	0.98954	0.394628	0.00208678	0.00210744	0.661157	0
	0.539	0.000123967	0.000247934	0.98954	0.384298	0.00243802	0.00169421	0.661157	0
	0.54	8.26446e-05	0.000227273	0.98954	0.380165	0.00247934	0.00144628	0.666667	0
	0.541	6.19835e-05	0.000206612	0.98954	0.371901	0.00210744	0.00142562	0.665272	0
	0.542	0.000103306	0.000289256	0.98954	0.367769	0.00225207	0.00173554	0.668067	0
	0.543	0.000165289	0.000247934	0.98954	0.36157	0.00210744	0.00132231	0.663866	0
	0.544	0.000123967	0.000227273	0.98954	0.357438	0.00268595	0.00169421	0.662447	0
	0.545	8.26446e-05	0.000289256	0.98954	0.355372	0.00266529	0.00183884	0.669528	0
	0.546	4.13223e-05	0.000206612	0.98954	0.353306	0.00252066	0.00146694	0.669528	0
	0.547	0.000103306	0.000206612	0.987448	0.353306	0.00214876	0.00157025	0.668103	0
	0.548	0.000123967	0.000206612	0.985356	0.35124	0.00200413	0.00150826	0.658009	0
	0.549	0.00018595	0.000289256	0.987421	0.349174	0.00241736	0.0018595	0.656522	0
	0.55	0.000103306	0.000309917	0.987421	0.342975	0.00202479	0.00161157	0.647826	0
	0.551	0.000144628	0.000309917	0.987421	0.338843	0.00204545	0.00169421	0.63913	0
	0.552	0.000144628	0.00018595	0.987421	0.334711	0.00229339	0.0013843	0.640351	0
	0.553	8.26446e-05	0.000227273	0.987421	0.332645	0.00210744	0.00167355	0.641593	0
	0.554	0.000103306	0.00018595	0.987421	0.332645	0.00225207	0.00177686	0.644444	0
	0.555	0.000103306	0.000206612	0.987421	0.330579	0.00225207	0.00190083	0.647321	0
	0.556	0.000144628	0.000247934	0.985325	0.330579	0.00227273	0.00161157	0.638393	0
	0.557	0.000227273	0.000289256	0.985325	0.328512	0.00206612	0.00177686	0.638393	0
	0.558	2.06612e-05	0.000227273	0.985325	0.322314	0.00183884	0.00146694	0.636771	0
	0.559	0.000268595	0.000247934	0.985325	0.316116	0.00196281	0.00177686	0.635135	0
	0.56	8.26446e-05	0.000123967	0.985325	0.311983	0.00188017	0.00177686	0.633484	0
	0.561	0.000144628	0.00018595	0.985325	0.309917	0.00169421	0.00192149	0.627273	0
	0.562	0.00018595	0.000227273	0.985325	0.309917	0.0018595	0.00150826	0.613636	0
	0.563	0.000247934	0.000392562	0.985325	0.307851	0.00227273	0.00152893	0.616438	0
	0.564	0.00018595	0.000289256	0.985325	0.301653	0.00181818	0.00181818	0.616438	0
	0.565	0.000206612	0.00035124	0.985325	0.297521	0.00202479	0.00161157	0.619266	0
	0.566	0.000289256	0.000392562	0.983229	0.291322	0.0017562	0.00208678	0.62037	0
	0.567	0.000227273	0.000454545	0.983229	0.289256	0.0018595	0.00167355	0.616822	0
	0.568	0.000227273	0.000247934	0.983229	0.28719	0.00235537	0.00177686	0.622642	0
	0.569	0.000206612	0.000289256	0.981132	0.283058	0.0018595	0.00190083	0.622642	0
	0.57	0.00018595	0.000289256	0.981132	0.280992	0.0017562	0.00157025	0.620853	0
	0.571	0.000165289	0.000309917	0.981132	0.272727	0.00219008	0.00169421	0.62201	0
	0.572	0.000227273	0.000247934	0.981132	0.272727	0.00196281	0.00204545	0.617225	0
	0.573	0.000268595	0.000289256	0.981132	0.272727	0.00239669	0.00177686	0.61244	0
	0.574	0.000227273	0.000371901	0.981132	0.268595	0.00204545	0.00208678	0.602871	0
	0.575	0.000268595	0.000227273	0.981132	0.264463	0.00190083	0.00194215	0.600962	0
	0.576	0.00018595	0.000289256	0.981132	0.262397	0.00159091	0.00177686	0.603865	0
	0.577	0.000165289	0.000289256	0.981132	0.260331	0.00231405	0.00146694	0.603865	0
	0.578	0.000392562	0.000227273	0.981132	0.258264	0.00231405	0.00183884	0.587379	0
	0.579	0.00018595	0.000247934	0.983193	0.256198	0.00216942	0.00188017	0.585366	0
	0.58	0.000330579	0.00035124	0.983193	0.256198	0.00206612	0.00167355	0.580488	0
	0.581	0.00035124	0.000206612	0.981092	0.247934	0.00188017	0.00146694	0.583333	0
	0.582	0.00035124	0.00035124	0.981092	0.245868	0.00208678	0.00142562	0.595	0
	0.583	0.000247934	0.000206612	0.981092	0.243802	0.00202479	0.00183884	0.607143	0
	0.584	0.000557851	0.000247934	0.981092	0.241736	0.00188017	0.00179752	0.623037	0
	0.585	0.000371901	0.000392562	0.978992	0.239669	0.00210744	0.00167355	0.626316	0
	0.586	0.000371901	0.00018595	0.978992	0.237603	0.00198347	0.00194215	0.62963	0
	0.587	0.00035124	0.000309917	0.978992	0.237603	0.00154959	0.00163223	0.632979	0
	0.588	0.000330579	0.000289256	0.978992	0.237603	0.00200413	0.00154959	0.636364	0
	0.589	0.000371901	0.000247934	0.978992	0.235537	0.0021281	0.00177686	0.631016	0
	0.59	0.000268595	0.000268595	0.978992	0.231405	0.00171488	0.0013843	0.632432	0
	0.591	0.000268595	0.00018595	0.978992	0.227273	0.00179752	0.00173554	0.627027	0
	0.592	0.000371901	0.000330579	0.978992	0.227273	0.00202479	0.00134298	0.616216	0
	0.593	0.000165289	0.000309917	0.976891	0.227273	0.00190083	0.00154959	0.61413	0
	0.594	0.000289256	0.000309917	0.976891	0.225207	0.00190083	0.00173554	0.620879	0
	0.595	0.000289256	0.000495868	0.976891	0.221074	0.00190083	0.0014876	0.618785	0
	0.596	0.000268595	0.000268595	0.976891	0.221074	0.00239669	0.0014876	0.622222	0
	0.597	0.000268595	0.000103306	0.976891	0.216942	0.00152893	0.00171488	0.627119	0
	0.598	0.000206612	0.000330579	0.976891	0.216942	0.00179752	0.00167355	0.615819	0
	0.599	0.000268595	0.000392562	0.976891	0.214876	0.00219008	0.00196281	0.607955	0
	0.6	0.000330579	0.000309917	0.976891	0.214876	0.00204545	0.00200413	0.614943	0
	0.601	0.000247934	0.00035124	0.97479	0.21281	0.00231405	0.00161157	0.609195	0
	0.602	0.00035124	0.000309917	0.97479	0.208678	0.0018595	0.00221074	0.606936	0
	0.603	0.000371901	0.00035124	0.97479	0.204545	0.00183884	0.00163223	0.601156	0
	0.604	0.000227273	0.000247934	0.976842	0.204545	0.00188017	0.00188017	0.595376	0
	0.605	0.000289256	0.000495868	0.976842	0.202479	0.00163223	0.00173554	0.595376	0
	0.606	0.000392562	0.000330579	0.976842	0.196281	0.00225207	0.00161157	0.602339	0
	0.607	0.000289256	0.000330579	0.976842	0.196281	0.00171488	0.00179752	0.597633	0
	0.608	0.000289256	0.000227273	0.976842	0.194215	0.00202479	0.00119835	0.585799	0
	0.609	0.000268595	0.000371901	0.974737	0.192149	0.00196281	0.00157025	0.585799	0
	0.61	0.000144628	0.000371901	0.974737	0.190083	0.00167355	0.00167355	0.589286	0
	0.611	0.000330579	0.000330579	0.974737	0.188017	0.0018595	0.00167355	0.586826	0
	0.612	0.000206612	0.000227273	0.974737	0.188017	0.00210744	0.00177686	0.580838	0
	0.613	0.00018595	0.000309917	0.974737	0.18595	0.00221074	0.0017562	0.566265	0
	0.614	0.000330579	0.00035124	0.974737	0.183884	0.00177686	0.00173554	0.567073	0
	0.615	0.000165289	0.000392562	0.976793	0.179752	0.00165289	0.0014876	0.560976	0
	0.616	0.00018595	0.000413223	0.976793	0.17562	0.00163223	0.00165289	0.56875	0
	0.617	0.000392562	0.000268595	0.976793	0.173554	0.00210744	0.00171488	0.559748	0
	0.618	0.000247934	0.00035124	0.978858	0.171488	0.00169421	0.00152893	0.570513	0
	0.619	0.000247934	0.000206612	0.978858	0.165289	0.00179752	0.00159091	0.567742	0
	0.62	0.000227273	0.000309917	0.978858	0.161157	0.00173554	0.00188017	0.571429	0
	0.621	0.000454545	0.000475207	0.978858	0.159091	0.00190083	0.00157025	0.564935	0
	0.622	0.000330579	0.000371901	0.980932	0.154959	0.00192149	0.00159091	0.562092	0
	0.623	0.000247934	0.000330579	0.980932	0.14876	0.00154959	0.00169421	0.552632	0
	0.624	0.000268595	0.00035124	0.980932	0.146694	0.00154959	0.00154959	0.546053	0
	0.625	0.000289256	0.000309917	0.980932	0.146694	0.00192149	0.00159091	0.539474	0
	0.626	0.000227273	0.000433884	0.978814	0.146694	0.00163223	0.00167355	0.543046	0
	0.627	0.000309917	0.000433884	0.978769	0.144628	0.00206612	0.00152893	0.536424	0
	0.628	0.000206612	0.000413223	0.978769	0.142562	0.0014876	0.00165289	0.536913	0
	0.629	0.000309917	0.000392562	0.978769	0.142562	0.00183884	0.00181818	0.541096	0
	0.63	0.000289256	0.00035124	0.978769	0.140496	0.00190083	0.0017562	0.527397	0
	0.631	0.000268595	0.000516529	0.980851	0.136364	0.00173554	0.00177686	0.524138	0
	0.632	0.00018595	0.000289256	0.980851	0.134298	0.00181818	0.00163223	0.520833	0
	0.633	0.00035124	0.000454545	0.980851	0.134298	0.00167355	0.00159091	0.520833	0
	0.634	0.000309917	0.000495868	0.976596	0.132231	0.00173554	0.0017562	0.528169	0
	0.635	0.000268595	0.000289256	0.974468	0.130165	0.00163223	0.0018595	0.51773	0
	0.636	0.000247934	0.000413223	0.974468	0.128099	0.00188017	0.00150826	0.51773	0
	0.637	0.000289256	0.000619835	0.974468	0.126033	0.00177686	0.00123967	0.51773	0
	0.638	0.000289256	0.000413223	0.974468	0.119835	0.00206612	0.00171488	0.517986	0
	0.639	0.000330579	0.000516529	0.974468	0.115702	0.00221074	0.00140496	0.514493	0
	0.64	0.000227273	0.000247934	0.974468	0.113636	0.0021281	0.0013843	0.518519	0
	0.641	0.000309917	0.000371901	0.974468	0.113636	0.00177686	0.00154959	0.5	0
	0.642	0.000413223	0.000371901	0.974468	0.11157	0.00225207	0.00169421	0.5	0
	0.643	0.000371901	0.000371901	0.974468	0.105372	0.0018595	0.0014876	0.485075	0
	0.644	0.000433884	0.000309917	0.97234	0.105372	0.0022314	0.00121901	0.488722	0
	0.645	0.000309917	0.000309917	0.970213	0.105372	0.00196281	0.00183884	0.492424	0
	0.646	0.000371901	0.000454545	0.972281	0.103306	0.00198347	0.00183884	0.484848	0
	0.647	0.000371901	0.000247934	0.972281	0.103306	0.00192149	0.00157025	0.477273	0
	0.648	0.000268595	0.000330579	0.974359	0.103306	0.00165289	0.00165289	0.477273	0
	0.649	0.000165289	0.000475207	0.974359	0.0991736	0.00183884	0.00183884	0.477273	0
	0.65	0.00035124	0.000433884	0.974359	0.0991736	0.00198347	0.00171488	0.477273	0
	0.651	0.000268595	0.000392562	0.974359	0.0991736	0.00202479	0.00154959	0.492188	0
	0.652	0.000268595	0.000268595	0.976445	0.0991736	0.0017562	0.00181818	0.488189	0
	0.653	0.00035124	0.000454545	0.976445	0.0991736	0.00173554	0.00192149	0.484127	0
	0.654	0.000268595	0.000433884	0.976445	0.0991736	0.0022314	0.00157025	0.484127	0
	0.655	0.000371901	0.000475207	0.976445	0.0991736	0.0017562	0.00171488	0.488	0
	0.656	0.000268595	0.000516529	0.976445	0.0971074	0.0021281	0.00177686	0.487805	0
	0.657	0.000392562	0.000454545	0.976445	0.0971074	0.00221074	0.00144628	0.47541	0
	0.658	0.000433884	0.000392562	0.976445	0.0971074	0.00190083	0.00157025	0.47541	0
	0.659	0.000413223	0.000413223	0.976445	0.0950413	0.00219008	0.00130165	0.479339	0
	0.66	0.000392562	0.000454545	0.974304	0.0950413	0.00192149	0.00150826	0.46281	0
	0.661	0.000392562	0.000495868	0.972163	0.0929752	0.00208678	0.00144628	0.46281	0
	0.662	0.00035124	0.000475207	0.970021	0.0909091	0.00194215	0.00161157	0.458333	0
	0.663	0.00035124	0.000454545	0.970021	0.0909091	0.00196281	0.00152893	0.462185	0
	0.664	0.000433884	0.000392562	0.972103	0.0909091	0.00181818	0.00202479	0.462185	0
	0.665	0.000371901	0.000371901	0.972103	0.0867769	0.00161157	0.00150826	0.465517	0
	0.666	0.000475207	0.000516529	0.972103	0.0867769	0.00159091	0.00169421	0.477876	0
	0.667	0.000557851	0.000413223	0.972103	0.0847107	0.00169421	0.00163223	0.473214	0
	0.668	0.000330579	0.000640496	0.972103	0.0847107	0.00167355	0.00171488	0.464286	0
	0.669	0.000495868	0.000413223	0.972103	0.0826446	0.00171488	0.0014876	0.455357	0
	0.67	0.000392562	0.000413223	0.972103	0.0826446	0.00194215	0.00167355	0.45045	0
	0.671	0.000227273	0.000475207	0.972103	0.0805785	0.00163223	0.00142562	0.45045	0
	0.672	0.000413223	0.000413223	0.972103	0.0785124	0.00225207	0.00169421	0.445455	0
	0.673	0.000330579	0.00035124	0.974194	0.0764463	0.00173554	0.00161157	0.449541	0
	0.674	0.00053719	0.000681818	0.974194	0.0743802	0.0013843	0.00181818	0.449541	0
	0.675	0.00018595	0.000578512	0.976293	0.0743802	0.00210744	0.0018595	0.440367	0
	0.676	0.000495868	0.00072314	0.976293	0.0743802	0.00183884	0.00154959	0.435185	0
	0.677	0.000371901	0.000599174	0.976293	0.0743802	0.00134298	0.00181818	0.443396	0
	0.678	0.000330579	0.000392562	0.976293	0.0702479	0.00136364	0.00167355	0.442308	0
	0.679	0.000330579	0.000330579	0.976293	0.0681818	0.00150826	0.00136364	0.455446	0
	0.68	0.000433884	0.000330579	0.976293	0.0681818	0.00154959	0.00157025	0.455446	0
	0.681	0.000413223	0.000454545	0.976293	0.0681818	0.00154959	0.00150826	0.444444	0
	0.682	0.000433884	0.000578512	0.976293	0.0661157	0.00144628	0.00123967	0.434343	0
	0.683	0.000413223	0.000516529	0.976293	0.0661157	0.00146694	0.00126033	0.434343	0
	0.684	0.000371901	0.000516529	0.976293	0.0661157	0.00136364	0.00150826	0.428571	0
	0.685	0.000330579	0.000454545	0.976293	0.0661157	0.00167355	0.00105372	0.42268	0
	0.686	0.000268595	0.000454545	0.976293	0.0661157	0.0013843	0.00150826	0.395833	0
	0.687	0.000268595	0.00072314	0.976293	0.0661157	0.00146694	0.00144628	0.404255	0
	0.688	0.000330579	0.000557851	0.976293	0.0640496	0.00128099	0.0013843	0.404255	0
	0.689	0.000330579	0.000413223	0.978402	0.0640496	0.00130165	0.00169421	0.402174	0
	0.69	0.00035124	0.00035124	0.978402	0.0640496	0.00123967	0.0013843	0.369565	0
	0.691	0.000413223	0.000619835	0.976242	0.0640496	0.00103306	0.00136364	0.362637	0
	0.692	0.000330579	0.000475207	0.978355	0.0640496	0.00103306	0.00167355	0.362637	0
	0.693	0.000247934	0.000330579	0.978355	0.0619835	0.00130165	0.00146694	0.351648	0
	0.694	0.000289256	0.000392562	0.97619	0.0599174	0.00103306	0.00123967	0.348315	0
	0.695	0.000413223	0.000433884	0.97619	0.0599174	0.00161157	0.0013843	0.348315	0
	0.696	0.000165289	0.000516529	0.97619	0.0599174	0.00134298	0.00157025	0.344828	0
	0.697	0.000330579	0.000557851	0.97619	0.0599174	0.00128099	0.0014876	0.337209	0
	0.698	0.00018595	0.000557851	0.97619	0.0599174	0.00119835	0.00154959	0.345238	0
	0.699	0.000247934	0.000764463	0.97619	0.0599174	0.0010124	0.00177686	0.349398	0
	0.7	0.00035124	0.000475207	0.974026	0.0578512	0.00154959	0.00128099	0.349398	0
	0.701	0.000247934	0.000454545	0.976139	0.0578512	0.00152893	0.00144628	0.333333	0
	0.702	0.000123967	0.000619835	0.976139	0.0578512	0.0014876	0.00117769	0.3375	0
	0.703	0.000268595	0.000702479	0.976139	0.0578512	0.00130165	0.0011157	0.341772	0
	0.704	6.19835e-05	0.000516529	0.978261	0.0578512	0.0013843	0.00167355	0.346154	0
	0.705	0.000103306	0.000661157	0.978261	0.0557851	0.00152893	0.00117769	0.350649	0
	0.706	0.000227273	0.000516529	0.978261	0.0557851	0.00173554	0.00123967	0.36	0
	0.707	0.00018595	0.000599174	0.982533	0.053719	0.00128099	0.00134298	0.356164	0
	0.708	0.00018595	0.000413223	0.982533	0.053719	0.00150826	0.00130165	0.356164	0
	0.709	0.000206612	0.000475207	0.980349	0.053719	0.00171488	0.00146694	0.361111	0
	0.71	0.00018595	0.00053719	0.980349	0.0516529	0.00167355	0.00128099	0.371429	0
	0.711	0.000289256	0.000433884	0.980349	0.0516529	0.00140496	0.0018595	0.333333	0
	0.712	0.000289256	0.000516529	0.980349	0.0516529	0.00130165	0.00128099	0.333333	0
	0.713	0.000206612	0.000557851	0.980349	0.0516529	0.00144628	0.00154959	0.333333	0
	0.714	0.000123967	0.000475207	0.980349	0.0516529	0.00128099	0.00105372	0.333333	0
	0.715	0.000206612	0.000495868	0.980349	0.0516529	0.0017562	0.0013843	0.328125	0
	0.716	8.26446e-05	0.000475207	0.980349	0.0516529	0.00136364	0.00119835	0.28125	0
	0.717	0.000103306	0.000516529	0.980349	0.0516529	0.00113636	0.0010124	0.285714	0
	0.718	0.000206612	0.000557851	0.980349	0.0516529	0.00152893	0.00134298	0.285714	0
	0.719	6.19835e-05	0.000475207	0.980349	0.0516529	0.0014876	0.00154959	0.285714	0
	0.72	0.000227273	0.000392562	0.980349	0.0516529	0.00113636	0.00152893	0.274194	0
	0.721	0.00018595	0.000475207	0.982495	0.0516529	0.00128099	0.00130165	0.274194	0
	0.722	0.000165289	0.000640496	0.980306	0.0516529	0.00134298	0.00152893	0.274194	0
	0.723	0.000289256	0.000661157	0.982456	0.0516529	0.00171488	0.00144628	0.274194	0
	0.724	0.000206612	0.000433884	0.982456	0.0516529	0.00173554	0.00113636	0.262295	0
	0.725	0.000268595	0.000475207	0.982456	0.0516529	0.00142562	0.0013843	0.262295	0
	0.726	0.000268595	0.000764463	0.982456	0.0495868	0.00142562	0.00132231	0.262295	0
	0.727	0.000165289	0.000392562	0.980263	0.0495868	0.00142562	0.00146694	0.266667	0
	0.728	0.000227273	0.00072314	0.980263	0.0495868	0.00130165	0.00136364	0.275862	0
	0.729	0.00035124	0.00035124	0.980263	0.0495868	0.00126033	0.00152893	0.280702	0
	0.73	0.000289256	0.000681818	0.980263	0.0475207	0.00134298	0.0013843	0.280702	0
	0.731	0.000268595	0.000599174	0.980263	0.0475207	0.00126033	0.0011157	0.280702	0
	0.732	0.000227273	0.000661157	0.982418	0.0475207	0.00142562	0.00173554	0.267857	0
	0.733	0.000268595	0.000681818	0.982418	0.0475207	0.00126033	0.0013843	0.267857	0
	0.734	0.000268595	0.000743802	0.98022	0.0475207	0.00103306	0.00117769	0.267857	0
	0.735	0.000227273	0.000557851	0.98022	0.0475207	0.00130165	0.00115702	0.267857	0
	0.736	0.000268595	0.000619835	0.98022	0.0454545	0.00150826	0.0011157	0.25	0
	0.737	0.000392562	0.000640496	0.98022	0.0454545	0.00132231	0.00130165	0.232143	0
	0.738	0.000268595	0.000516529	0.984547	0.0454545	0.00103306	0.00115702	0.236364	0
	0.739	0.000165289	0.000847107	0.984547	0.0454545	0.00128099	0.00123967	0.236364	0
	0.74	0.000289256	0.000599174	0.984547	0.0433884	0.000867769	0.00128099	0.240741	0
	0.741	0.000413223	0.000557851	0.98234	0.0433884	0.00109504	0.00113636	0.245283	0
	0.742	0.000227273	0.000661157	0.980132	0.0433884	0.00117769	0.00105372	0.245283	0
	0.743	0.000289256	0.000826446	0.980132	0.0433884	0.00109504	0.000991736	0.26	0
	0.744	0.000227273	0.000557851	0.980132	0.0433884	0.000929752	0.00107438	0.276596	0
	0.745	0.00018595	0.000557851	0.977925	0.0433884	0.00126033	0.00119835	0.276596	0
	0.746	0.000371901	0.000557851	0.977925	0.0433884	0.000599174	0.00128099	0.255319	0
	0.747	0.00035124	0.000392562	0.977925	0.0413223	0.00115702	0.00117769	0.26087	0
	0.748	0.000247934	0.000681818	0.977925	0.0413223	0.0010124	0.0010124	0.26087	0
	0.749	0.000206612	0.00072314	0.977925	0.0413223	0.000950413	0.00119835	0.272727	0
	0.75	0.000371901	0.000702479	0.975717	0.0413223	0.0010124	0.00109504	0.285714	0
	0.751	0.000247934	0.000764463	0.975717	0.0392562	0.000826446	0.000847107	0.268293	0
	0.752	0.000268595	0.000971074	0.975717	0.0392562	0.00053719	0.0013843	0.275	0
	0.753	0.000227273	0.00103306	0.975717	0.0392562	0.00072314	0.0011157	0.275	0
	0.754	0.000371901	0.000681818	0.975717	0.0392562	0.00115702	0.00113636	0.25	0
	0.755	0.000309917	0.000619835	0.975717	0.0392562	0.000785124	0.00144628	0.25641	0
	0.756	0.000123967	0.000578512	0.975717	0.0392562	0.000971074	0.00128099	0.25641	0
	0.757	0.000247934	0.000743802	0.975717	0.0392562	0.000991736	0.00113636	0.25641	0
	0.758	0.000309917	0.000433884	0.975717	0.0392562	0.000743802	0.00105372	0.277778	0
	0.759	0.000433884	0.000702479	0.975717	0.0392562	0.00072314	0.00103306	0.294118	0
	0.76	0.000247934	0.000929752	0.975717	0.0392562	0.000599174	0.0010124	0.294118	0
	0.761	0.000309917	0.000826446	0.97351	0.0392562	0.00053719	0.00130165	0.264706	0
	0.762	0.000475207	0.000702479	0.97351	0.0392562	0.000785124	0.00117769	0.264706	0
	0.763	0.000330579	0.000743802	0.97351	0.0392562	0.000454545	0.00088843	0.272727	0
	0.764	0.000309917	0.000929752	0.971302	0.0392562	0.00053719	0.000826446	0.272727	0
	0.765	0.000413223	0.000909091	0.971302	0.0392562	0.000764463	0.000805785	0.290323	0
	0.766	0.000309917	0.000495868	0.969095	0.0392562	0.000599174	0.000867769	0.275862	0
	0.767	0.000371901	0.000599174	0.969095	0.0392562	0.000681818	0.00103306	0.275862	0
	0.768	0.000247934	0.000785124	0.966887	0.0392562	0.000578512	0.000950413	0.25	0
	0.769	0.000289256	0.00072314	0.966814	0.0392562	0.000826446	0.000929752	0.214286	0
	0.77	0.000392562	0.000826446	0.966814	0.0392562	0.000805785	0.000805785	0.222222	0
	0.771	0.000330579	0.000929752	0.966814	0.0371901	0.000640496	0.000929752	0.230769	0
	0.772	0.000268595	0.000764463	0.964602	0.0371901	0.000743802	0.00117769	0.230769	0
	0.773	0.000289256	0.000785124	0.966741	0.0371901	0.000557851	0.000929752	0.208333	0
	0.774	0.000413223	0.000764463	0.968889	0.0371901	0.000475207	0.00130165	0.208333	0
	0.775	0.000371901	0.000826446	0.971047	0.0371901	0.000516529	0.00105372	0.217391	0
	0.776	0.000371901	0.000743802	0.971047	0.035124	0.000475207	0.000929752	0.217391	0
	0.777	0.000413223	0.000743802	0.971047	0.035124	0.000516529	0.000847107	0.227273	0
	0.778	0.000433884	0.000661157	0.96882	0.035124	0.000785124	0.00107438	0.227273	0
	0.779	0.000599174	0.000867769	0.96882	0.035124	0.000681818	0.000867769	0.238095	0
	0.78	0.00053719	0.000743802	0.96882	0.035124	0.000433884	0.00107438	0.238095	0
	0.781	0.00053719	0.000764463	0.96882	0.035124	0.000433884	0.00109504	0.238095	0
	0.782	0.000454545	0.000826446	0.96882	0.035124	0.000516529	0.00103306	0.238095	0
	0.783	0.000702479	0.000847107	0.96882	0.035124	0.000681818	0.00107438	0.238095	0
	0.784	0.000640496	0.000929752	0.96882	0.035124	0.000433884	0.00103306	0.238095	0
	0.785	0.000413223	0.000764463	0.96882	0.035124	0.000599174	0.000826446	0.25	0
	0.786	0.000867769	0.000743802	0.96882	0.035124	0.000330579	0.000578512	0.25	0
	0.787	0.000619835	0.000826446	0.96882	0.035124	0.000413223	0.000847107	0.25	0
	0.788	0.00072314	0.000661157	0.96882	0.035124	0.000392562	0.000764463	0.263158	0
	0.789	0.00072314	0.000785124	0.96882	0.035124	0.000454545	0.00088843	0.263158	0
	0.79	0.000619835	0.00105372	0.96882	0.035124	0.000619835	0.000950413	0.263158	0
	0.791	0.000743802	0.000950413	0.96882	0.035124	0.000557851	0.00072314	0.294118	0
	0.792	0.000619835	0.000847107	0.96882	0.035124	0.000413223	0.00072314	0.3125	0
	0.793	0.000454545	0.00103306	0.96882	0.035124	0.000475207	0.00088843	0.3125	0
	0.794	0.000330579	0.000867769	0.970982	0.035124	0.000413223	0.000805785	0.333333	0
	0.795	0.000578512	0.000929752	0.973154	0.035124	0.00053719	0.000867769	0.333333	0
	0.796	0.00072314	0.00103306	0.973154	0.0330579	0.000413223	0.000702479	0.333333	0
	0.797	0.000578512	0.000909091	0.973154	0.0330579	0.000371901	0.000743802	0.333333	0
	0.798	0.000433884	0.000805785	0.973154	0.0289256	0.000475207	0.000764463	0.357143	0
	0.799	0.00035124	0.000743802	0.973154	0.0268595	0.000433884	0.000847107	0.285714	0
	0.8	0.000392562	0.000867769	0.973154	0.0268595	0.000289256	0.000785124	0.285714	0
	0.801	0.00053719	0.000599174	0.973154	0.0268595	0.000206612	0.000991736	0.285714	0
	0.802	0.000330579	0.000826446	0.975336	0.0247934	0.000330579	0.000599174	0.285714	0
	0.803	0.000702479	0.000826446	0.973094	0.0247934	0.000289256	0.000661157	0.285714	0
	0.804	0.000392562	0.000950413	0.973094	0.0247934	0.000330579	0.000475207	0.214286	0
	0.805	0.000371901	0.0010124	0.973094	0.0247934	0.000206612	0.000785124	0.214286	0
	0.806	0.000413223	0.0010124	0.973094	0.0247934	0.000309917	0.000640496	0.230769	0
	0.807	0.00035124	0.00113636	0.973094	0.0227273	0.000227273	0.000702479	0.230769	0
	0.808	0.000454545	0.00109504	0.975281	0.0206612	0.000227273	0.000661157	0.230769	0
	0.809	0.000247934	0.00109504	0.975225	0.0206612	0.000330579	0.000867769	0.230769	0
	0.81	0.000557851	0.0010124	0.975225	0.018595	0.000371901	0.00103306	0.230769	0
	0.811	0.000247934	0.0010124	0.975169	0.018595	0.000227273	0.000847107	0.230769	0
	0.812	0.000247934	0.000971074	0.975169	0.018595	0.000144628	0.000681818	0.25	0
	0.813	0.000144628	0.000867769	0.975169	0.018595	0.000103306	0.000578512	0.25	0
	0.814	0.00018595	0.000805785	0.975169	0.018595	0.000289256	0.000640496	0.25	0
	0.815	0.000247934	0.000929752	0.975169	0.018595	0.000227273	0.000743802	0.272727	0
	0.816	0.000144628	0.000991736	0.975169	0.018595	0.000144628	0.000578512	0.272727	0
	0.817	6.19835e-05	0.00105372	0.972912	0.018595	0.00018595	0.000702479	0.272727	0
	0.818	0.000247934	0.00109504	0.972912	0.018595	0.000144628	0.000599174	0.272727	0
	0.819	0.000227273	0.00119835	0.970655	0.018595	0.000227273	0.000661157	0.272727	0
	0.82	0.000165289	0.000909091	0.970655	0.018595	0.000103306	0.000785124	0.272727	0
	0.821	0.000123967	0.000764463	0.972851	0.018595	6.19835e-05	0.000681818	0.272727	0
	0.822	8.26446e-05	0.00146694	0.972851	0.018595	6.19835e-05	0.00053719	0.272727	0
	0.823	0.00018595	0.00107438	0.972851	0.018595	0.00018595	0.000619835	0.272727	0
	0.824	0.000268595	0.0011157	0.972789	0.018595	0.000144628	0.000805785	0.3	0
	0.825	0.000165289	0.00130165	0.972789	0.018595	0.000144628	0.000516529	0.3	0
	0.826	0.000206612	0.000847107	0.975	0.018595	6.19835e-05	0.000578512	0.222222	0
	0.827	0.000289256	0.00109504	0.977221	0.018595	0.000144628	0.000661157	0.222222	0
	0.828	0.00018595	0.00109504	0.977169	0.018595	0.00018595	0.000640496	0.222222	0
	0.829	0.000268595	0.00115702	0.977169	0.0165289	0.000144628	0.000640496	0.25	0
	0.83	0.000227273	0.000991736	0.977169	0.0165289	0.00018595	0.000619835	0.25	0
	0.831	0.000206612	0.00113636	0.979405	0.0144628	6.19835e-05	0.000557851	0.25	0
	0.832	0.00035124	0.0011157	0.977117	0.0144628	0.000103306	0.000640496	0.285714	0
	0.833	0.000289256	0.00121901	0.977117	0.0144628	0.000144628	0.000661157	0.333333	0
	0.834	0.000309917	0.00132231	0.977117	0.0144628	0.000123967	0.000309917	0.333333	0
	0.835	0.000392562	0.00121901	0.977117	0.0144628	0.000206612	0.00035124	0.333333	0
	0.836	0.000454545	0.00130165	0.977064	0.0144628	8.26446e-05	0.000475207	0.2	0
	0.837	0.000433884	0.00115702	0.974771	0.0123967	0.000103306	0.00035124	0.2	0
	0.838	0.000227273	0.00105372	0.972477	0.0123967	0.000123967	0.000495868	0.2	0
	0.839	0.000433884	0.00130165	0.970183	0.0123967	0.000289256	0.000454545	0.2	0
	0.84	0.000495868	0.00134298	0.972414	0.0103306	0.000103306	0.000867769	0.2	0
	0.841	0.000557851	0.00126033	0.970115	0.0103306	0.000227273	0.000640496	0.2	0
	0.842	0.000475207	0.00165289	0.965517	0.0103306	0.000165289	0.000557851	0.2	0
	0.843	0.000413223	0.0014876	0.965517	0.0103306	0.000144628	0.00035124	0.2	0
	0.844	0.000330579	0.0013843	0.96092	0.00619835	0.000123967	0.000495868	0.2	0
	0.845	0.000702479	0.00121901	0.96092	0.00619835	0.000144628	0.000371901	0.2	0
	0.846	0.000454545	0.00161157	0.958621	0.00619835	0.000123967	0.00053719	0.2	0
	0.847	0.000661157	0.00123967	0.956322	0.00619835	0.000165289	0.000557851	0.2	0
	0.848	0.000640496	0.0014876	0.954023	0.00619835	0.000227273	0.000619835	0.2	0
	0.849	0.000702479	0.00107438	0.954023	0.00619835	0.00018595	0.000392562	0.2	0
	0.85	0.000826446	0.00142562	0.949425	0.00619835	0.00018595	0.000392562	0.2	0
	0.851	0.000909091	0.00171488	0.944828	0.00619835	0.00018595	0.000413223	0.2	0
	0.852	0.000805785	0.00146694	0.942529	0.00619835	0.000206612	0.000743802	0.2	0
	0.853	0.000826446	0.00130165	0.942529	0.00619835	0.000123967	0.00035124	0.25	0
	0.854	0.000909091	0.00136364	0.937931	0.00413223	0.000309917	0.000516529	0.25	0
	0.855	0.000950413	0.00202479	0.935632	0.00413223	0.000206612	0.000371901	0.25	0
	0.856	0.000867769	0.00128099	0.933333	0.00413223	0.000247934	0.000433884	0.25	0
	0.857	0.000743802	0.00146694	0.931034	0.00413223	0.000144628	0.000433884	0.25	0
	0.858	0.00113636	0.00150826	0.931034	0.00413223	0.000227273	0.000495868	0.25	0
	0.859	0.0013843	0.00157025	0.931034	0.00413223	0.000165289	0.000371901	0.25	0
	0.86	0.000929752	0.00134298	0.93318	0.00413223	0.00018595	0.00018595	0.25	0
	0.861	0.0011157	0.00146694	0.93318	0.00413223	0.000247934	0.000599174	0.25	0
	0.862	0.00150826	0.00128099	0.93318	0.00413223	0.000103306	0.000392562	0.25	0
	0.863	0.00109504	0.00165289	0.928571	0.00413223	0.000165289	0.000289256	0.25	0
	0.864	0.0013843	0.00169421	0.928571	0.00413223	6.19835e-05	0.000475207	0.25	0
	0.865	0.00115702	0.00181818	0.928571	0.00413223	8.26446e-05	0.000247934	0.25	0
	0.866	0.00142562	0.00157025	0.926267	0.00413223	8.26446e-05	0.000433884	0.25	0
	0.867	0.00123967	0.00163223	0.926097	0.00413223	8.26446e-05	0.000371901	0.25	0
	0.868	0.00130165	0.00165289	0.926097	0.00413223	8.26446e-05	0.000433884	0.25	0
	0.869	0.00177686	0.00192149	0.926097	0.00413223	0.000103306	0.000371901	0.25	0
	0.87	0.00167355	0.00159091	0.923788	0.00413223	4.13223e-05	0.000495868	0.25	0
	0.871	0.00150826	0.00169421	0.923788	0.00413223	6.19835e-05	0.000392562	0.25	0
	0.872	0.00157025	0.00188017	0.923788	0.00413223	6.19835e-05	0.000227273	0.25	0
	0.873	0.00134298	0.00190083	0.919169	0.00413223	6.19835e-05	0.000330579	0.25	0
	0.874	0.00163223	0.00161157	0.916859	0.00206612	6.19835e-05	0.00018595	0.25	0
	0.875	0.00157025	0.00177686	0.916667	0.00206612	2.06612e-05	0.000123967	0.25	0
	0.876	0.00161157	0.00210744	0.916667	0.00206612	4.13223e-05	0.000289256	0.333333	0
	0.877	0.00190083	0.00243802	0.92093	0.00206612	2.06612e-05	0.00018595	0.333333	0
	0.878	0.0014876	0.0014876	0.92093	0.00206612	0	0.000268595	0.5	0
	0.879	0.0017562	0.00167355	0.916279	0.00206612	0	0.000227273	0.5	0
	0.88	0.0017562	0.00190083	0.916279	0.00206612	0	0.000289256	0.5	0
	0.881	0.00142562	0.0022314	0.913953	0	2.06612e-05	0.000289256	0.5	0
	0.882	0.00163223	0.00219008	0.916084	0	2.06612e-05	0.00035124	0.5	0
	0.883	0.00181818	0.00202479	0.913551	0	0	0.000289256	0.5	0
	0.884	0.00169421	0.00204545	0.911215	0	2.06612e-05	0.000144628	0.5	0
	0.885	0.00152893	0.00225207	0.911215	0	0	0.000330579	0.5	0
	0.886	0.00144628	0.00202479	0.911215	0	2.06612e-05	0.000289256	0.5	0
	0.887	0.00157025	0.00243802	0.913349	0	0	0.000268595	1	0
	0.888	0.00140496	0.00204545	0.913146	0	0	0.000247934	1	0
	0.889	0.00190083	0.00202479	0.910798	0	0	0.000247934	1	0
	0.89	0.00163223	0.00245868	0.908235	0	0	0.00035124	1	0
	0.891	0.00150826	0.0022314	0.905882	0	0	0.000103306	1	0
	0.892	0.00159091	0.00179752	0.903529	0	0	0.00018595	1	0
	0.893	0.00136364	0.00210744	0.900943	0	0	0.000268595	1	0
	0.894	0.00130165	0.00214876	0.900943	0	0	0.000289256	1	0
	0.895	0.00159091	0.00233471	0.902844	0	0	0.000268595	1	0
	0.896	0.00152893	0.00206612	0.897862	0	0	0.000206612	1	0
	0.897	0.00144628	0.0028719	0.899522	0	0	0.000289256	1	0
	0.898	0.00154959	0.0025	0.897129	0	0	0.000206612	1	0
	0.899	0.00130165	0.00225207	0.894737	0	0	0.000206612	1	0
	0.9	0.00157025	0.00239669	0.896882	0	0	0.000227273	1	0
	0.901	0.00192149	0.00241736	0.896882	0	0	0.000247934	1	0
	0.902	0.00179752	0.00264463	0.891304	0	0	0.000206612	1	0
	0.903	0.00161157	0.00221074	0.890777	0	0	8.26446e-05	1	0
	0.904	0.00152893	0.00258264	0.888078	0	0	0.000103306	1	0
	0.905	0.00177686	0.00285124	0.888078	0	0	0.000144628	1	0
	0.906	0.00177686	0.00214876	0.889706	0	0	0.00018595	1	0
	0.907	0.00214876	0.00299587	0.889706	0	0	0.000247934	1	0
	0.908	0.0017562	0.00237603	0.889435	0	0	0.000123967	1	0
	0.909	0.00239669	0.00237603	0.886978	0	0	0.000123967	1	0
	0.91	0.00208678	0.00266529	0.884521	0	0	0.000144628	1	0
	0.911	0.00235537	0.00272727	0.884521	0	0	0.000206612	1	0
	0.912	0.00237603	0.00280992	0.882064	0	0	0.000206612	1	0
	0.913	0.00237603	0.00330579	0.884236	0	0	0.000144628	1	0
	0.914	0.00247934	0.0027686	0.881773	0	0	0.000103306	1	0
	0.915	0.00245868	0.00295455	0.883663	0	0	0.000123967	1	0
	0.916	0.00252066	0.00270661	0.885856	0	0	0.000165289	1	0
	0.917	0.00254132	0.0032438	0.88806	0	0	0.000144628	1	0
	0.918	0.00237603	0.00378099	0.885572	0	0	4.13223e-05	1	0
	0.919	0.00258264	0.0035124	0.887781	0	0	0.000165289	1	0
	0.92	0.00241736	0.00322314	0.887781	0	0	0.000123967	1	0
	0.921	0.00291322	0.00373967	0.894472	0	0	4.13223e-05	1	0
	0.922	0.00258264	0.00363636	0.894472	0	0	4.13223e-05	1	0
	0.923	0.00227273	0.00295455	0.894207	0	0	0.000103306	1	0
	0.924	0.00216942	0.00336777	0.893939	0	0	8.26446e-05	1	0
	0.925	0.00233471	0.00347107	0.898477	0	0	0.000103306	1	0
	0.926	0.00274793	0.00371901	0.898477	0	0	8.26446e-05	1	0
	0.927	0.00210744	0.00353306	0.902813	0	0	2.06612e-05	1	0
	0.928	0.00219008	0.00347107	0.897436	0	0	0.000103306	1	0
	0.929	0.00229339	0.00320248	0.894872	0	2.06612e-05	0.000165289	1	0
	0.93	0.00229339	0.00396694	0.892308	0	2.06612e-05	8.26446e-05	0	0
	0.931	0.00202479	0.00400826	0.892031	0	2.06612e-05	0.000103306	0	0
	0.932	0.00200413	0.00363636	0.891753	0	2.06612e-05	0.000103306	0	0
	0.933	0.00183884	0.00417355	0.886598	0	2.06612e-05	2.06612e-05	0	0
	0.934	0.00202479	0.00419421	0.88342	0	4.13223e-05	0.000123967	0	0
	0.935	0.0017562	0.00394628	0.882812	0	2.06612e-05	6.19835e-05	0	0
	0.936	0.00179752	0.00384298	0.882812	0	0	0.000103306	0	0
	0.937	0.00171488	0.00384298	0.884817	0	6.19835e-05	4.13223e-05	0	0
	0.938	0.00161157	0.00386364	0.884514	0	4.13223e-05	4.13223e-05	0	0
	0.939	0.00154959	0.00386364	0.881579	0	6.19835e-05	0.000103306	0	0
	0.94	0.0013843	0.00384298	0.883598	0	8.26446e-05	0	0	0
	0.941	0.00183884	0.00466942	0.882979	0	0.000103306	8.26446e-05	0	0
	0.942	0.00235537	0.00448347	0.889488	0	0.000144628	0	0	0
	0.943	0.0022314	0.00423554	0.886486	0	0.000165289	2.06612e-05	0	0
	0.944	0.00196281	0.00429752	0.883784	0	0.000123967	6.19835e-05	0	0
	0.945	0.00229339	0.00444215	0.881081	0	0.000103306	0	0	0
	0.946	0.00256198	0.00514463	0.878049	0	4.13223e-05	2.06612e-05	0	0
	0.947	0.00272727	0.00485537	0.882834	0	0.000123967	2.06612e-05	0	0
	0.948	0.00299587	0.00431818	0.879781	0	0.000103306	0	0	0
	0.949	0.00318182	0.0052686	0.871585	0	0.000123967	4.13223e-05	0	0
	0.95	0.00326446	0.00475207	0.871233	0	8.26446e-05	6.19835e-05	0	0
	0.951	0.00340909	0.00497934	0.880886	0	0.000123967	2.06612e-05	0	0
	0.952	0.0031405	0.00561983	0.883008	0	4.13223e-05	0	0	0
	0.953	0.00342975	0.00543388	0.882682	0	6.19835e-05	2.06612e-05	0	0
	0.954	0.00338843	0.00495868	0.874302	0	8.26446e-05	2.06612e-05	0	0
	0.955	0.00357438	0.00619835	0.865546	0	8.26446e-05	0	0	0
	0.956	0.00355372	0.00599174	0.854342	0	4.13223e-05	2.06612e-05	0	0
	0.957	0.00357438	0.00539256	0.848315	0	0	0	0	0
	0.958	0.00404959	0.00549587	0.839437	0	0	0	0	0
	0.959	0.00305785	0.00590909	0.819718	0	4.13223e-05	0	0	0
	0.96	0.00386364	0.00559917	0.819209	0	2.06612e-05	0	0	0
	0.961	0.00402893	0.00566116	0.818697	0	0	4.13223e-05	0	0
	0.962	0.00394628	0.0057438	0.8125	0	4.13223e-05	4.13223e-05	0	0
	0.963	0.00396694	0.00586777	0.811966	0	0	2.06612e-05	0	0
	0.964	0.0039876	0.00599174	0.816092	0	0	2.06612e-05	0	0
	0.965	0.00446281	0.00721074	0.795977	0	0	2.06612e-05	0	0
	0.966	0.00495868	0.00690083	0.786744	0	0	4.13223e-05	0	0
	0.967	0.00485537	0.00694215	0.786744	0	0	0	0	0
	0.968	0.00524793	0.00681818	0.77971	0	0	0	0	0
	0.969	0.00520661	0.00741736	0.777126	0	0	4.13223e-05	0	0
	0.97	0.00592975	0.0078719	0.757396	0	0	0	0	0
	0.971	0.00621901	0.00747934	0.753754	0	0	2.06612e-05	0	0
	0.972	0.00688017	0.00735537	0.755287	0	0	0	0	0
	0.973	0.00708678	0.00770661	0.74772	0	0	0	0	0
	0.974	0.00818182	0.00741736	0.739264	0	0	0	0	0
	0.975	0.00836777	0.00803719	0.736842	0	0	0	0	0
	0.976	0.00911157	0.00770661	0.732087	0	0	0	0	0
	0.977	0.00890496	0.0085124	0.73125	0	0	0	0	0
	0.978	0.00969008	0.00894628	0.71875	0	0	0	0	0
	0.979	0.00997934	0.00865702	0.712934	0	0	0	0	0
	0.98	0.00975207	0.00933884	0.700315	0	0	0	0	0
	0.981	0.0104545	0.0085124	0.686709	0	0	0	0	0
	0.982	0.00995868	0.00942149	0.686901	0	0	2.06612e-05	0	0
	0.983	0.0105785	0.00919421	0.660256	0	0	0	0	0
	0.984	0.00977273	0.00942149	0.669967	0	0	0	0	0
	0.985	0.00995868	0.0103512	0.662162	0	0	0	0	0
	0.986	0.00969008	0.0108264	0.64966	0	0	0	0	0
	0.987	0.0109504	0.0121488	0.650519	0	0	0	0	0
	0.988	0.0114669	0.0112603	0.639576	0	0	0	0	0
	0.989	0.0117149	0.0132438	0.631387	0	0	0	0	0
	0.99	0.0124587	0.0142149	0.62406	0	0	0	0	0
	0.991	0.0147727	0.0148967	0.598456	0	0	0	0	0
	0.992	0.0164669	0.0165909	0.537549	0	0	0	0	0
	0.993	0.0182231	0.0173347	0.47541	0	0	0	0	0
	0.994	0.0228099	0.0195041	0.404167	0	0	0	0	0
	0.995	0.0303719	0.02	0.341991	0	0	0	0	0
	0.996	0.0385331	0.0241736	0.251101	0	0	0	0	0
	0.997	0.052686	0.0246074	0.178899	0	0	0	0	0
	0.998	0.0665702	0.0249587	0.0788177	0	0	0	0	0
	0.999	0.0814669	0.0227273	0.0105263	0	0	0	0	0
	1	0.0921694	0.0156198	0	0	0	0	0	0


#	yrange	sparsity	# links	zeta	support at cross	fraction FP	support at cross2	fraction FP2
	0	0	0	0.00127611	0.992	0.442446	0.992	0.442446
	0.1	0	0	0.00127611	0.992	0.442446	0.992	0.442446
