#	Frequencies and overlap
#	bins	MYC	shuffle	overlap_MYC	overlap_shuffle	SIGN_MYC	SIGNshuffle	SIGNoverlap_MYC	SIGNoverlap_shuffle
	0	0	2.06612e-05	1	1	0.43405	0.414752	0.63142	0
	0.001	0	0	1	0.997934	0	0	0.63142	0
	0.002	0	4.13223e-05	1	0.997934	0	2.06612e-05	0.63142	0
	0.003	0	0	1	0.993802	0	2.06612e-05	0.63142	0
	0.004	0	6.19835e-05	1	0.993802	2.06612e-05	6.19835e-05	0.63142	0
	0.005	0	6.19835e-05	1	0.987603	8.26446e-05	0.000103306	0.63142	0
	0.006	4.13223e-05	6.19835e-05	1	0.983471	0.000206612	0.000206612	0.63142	0
	0.007	0.000123967	0.000103306	0.997934	0.981405	0.00035124	0.000268595	0.63142	0
	0.008	0.000144628	0.000123967	0.997934	0.97314	0.000392562	0.000227273	0.63142	0
	0.009	0.00018595	0.000227273	0.995868	0.96281	0.000330579	4.13223e-05	0.63142	0
	0.01	0.000268595	0.000247934	0.995868	0.950413	0.00018595	0.000206612	0.63142	0
	0.011	0.000309917	0.000165289	0.995868	0.927686	0.000268595	0.00018595	0.63142	0
	0.012	0.000371901	0.000268595	0.995868	0.913223	0.000123967	0.000206612	0.63142	0
	0.013	0.000289256	0.000227273	0.995868	0.902893	0.000289256	0.000268595	0.63142	0
	0.014	0.000392562	0.000144628	0.993802	0.892562	0.000103306	0.000206612	0.63142	0
	0.015	0.000371901	0.000165289	0.993802	0.88843	0.000206612	0.000289256	0.633333	0
	0.016	0.000330579	0.000227273	0.993802	0.882231	0.000289256	0.000227273	0.633333	0
	0.017	0.000227273	0.000227273	0.993802	0.867769	6.19835e-05	0.000309917	0.635258	0
	0.018	0.000309917	0.000309917	0.993802	0.863636	0.000247934	0.00035124	0.635258	0
	0.019	0.000206612	0.000309917	0.993802	0.853306	0.000144628	0.000227273	0.635258	0
	0.02	0.000227273	0.000206612	0.993802	0.838843	0.00035124	0.000247934	0.635258	0
	0.021	0.000247934	0.000268595	0.993802	0.834711	0.000268595	0.000247934	0.635258	0
	0.022	0.000144628	0.000371901	0.995859	0.82438	0.000289256	0.000371901	0.635258	0
	0.023	0.000165289	0.000330579	0.995859	0.811983	0.000413223	0.000330579	0.635258	0
	0.024	0.000206612	0.000392562	0.995859	0.805785	0.000268595	0.000330579	0.635258	0
	0.025	0.000289256	0.000371901	0.993789	0.797521	0.000206612	0.000309917	0.637195	0
	0.026	0.000247934	0.000330579	0.991718	0.791322	0.000413223	0.000557851	0.637195	0
	0.027	0.000165289	0.000227273	0.991718	0.785124	0.000330579	0.000413223	0.637195	0
	0.028	0.000309917	0.000454545	0.991701	0.77686	0.000495868	0.000475207	0.637195	0
	0.029	0.00035124	0.000371901	0.991701	0.764463	0.000454545	0.000392562	0.639144	0
	0.03	0.000330579	0.000371901	0.991701	0.752066	0.000516529	0.00035124	0.639144	0
	0.031	0.000371901	0.000330579	0.991701	0.739669	0.000227273	0.000413223	0.639144	0
	0.032	0.000289256	0.000309917	0.991701	0.729339	0.000516529	0.00035124	0.639144	0
	0.033	0.000268595	0.000268595	0.989627	0.72314	0.000516529	0.000475207	0.639144	0
	0.034	0.000495868	0.000330579	0.987552	0.719008	0.000475207	0.000557851	0.641104	0
	0.035	0.000599174	0.000247934	0.987552	0.706612	0.000661157	0.000495868	0.643077	0
	0.036	0.000413223	0.000371901	0.987552	0.698347	0.000413223	0.000475207	0.643077	0
	0.037	0.000743802	0.000475207	0.985477	0.690083	0.000475207	0.000392562	0.641975	0
	0.038	0.000413223	0.000392562	0.985477	0.679752	0.000557851	0.000578512	0.641975	0
	0.039	0.000516529	0.000330579	0.985477	0.671488	0.000599174	0.000475207	0.645963	0
	0.04	0.000640496	0.000413223	0.983402	0.661157	0.000640496	0.00053719	0.647975	0
	0.041	0.000599174	0.000475207	0.983402	0.654959	0.00035124	0.000454545	0.647975	0
	0.042	0.00053719	0.000578512	0.979253	0.644628	0.000495868	0.000413223	0.647975	0
	0.043	0.000516529	0.00053719	0.981289	0.636364	0.000392562	0.000847107	0.647975	0
	0.044	0.000413223	0.000599174	0.981289	0.623967	0.000371901	0.000371901	0.65	0
	0.045	0.000371901	0.000433884	0.981289	0.609504	0.000247934	0.000495868	0.652038	0
	0.046	0.000495868	0.000413223	0.97921	0.605372	0.000371901	0.000578512	0.652038	0
	0.047	0.00053719	0.000454545	0.97921	0.60124	0.000392562	0.000475207	0.652038	0
	0.048	0.000661157	0.000516529	0.97921	0.586777	0.000454545	0.000516529	0.656151	0
	0.049	0.000640496	0.000309917	0.975052	0.576446	0.000495868	0.000702479	0.652997	0
	0.05	0.000743802	0.000516529	0.975052	0.572314	0.000392562	0.000475207	0.652997	0
	0.051	0.000764463	0.000619835	0.975052	0.557851	0.000227273	0.000619835	0.652997	0
	0.052	0.00072314	0.000309917	0.972973	0.547521	0.000227273	0.000702479	0.652997	0
	0.053	0.000413223	0.000578512	0.975	0.543388	0.000330579	0.000805785	0.652997	0
	0.054	0.000681818	0.000413223	0.975	0.541322	0.000309917	0.000495868	0.652997	0
	0.055	0.000640496	0.000619835	0.972917	0.53719	0.000227273	0.000764463	0.652997	0
	0.056	0.000557851	0.000516529	0.970833	0.520661	0.000289256	0.000516529	0.651899	0
	0.057	0.000578512	0.000309917	0.970833	0.516529	0.00035124	0.000661157	0.651899	0
	0.058	0.000867769	0.000495868	0.97286	0.512397	0.000206612	0.000640496	0.651899	0
	0.059	0.000867769	0.00072314	0.974895	0.504132	0.00035124	0.000578512	0.648734	0
	0.06	0.000557851	0.000475207	0.974895	0.493802	0.000247934	0.000681818	0.64557	0
	0.061	0.000743802	0.000826446	0.974895	0.489669	0.000309917	0.00088843	0.647619	0
	0.062	0.000909091	0.000495868	0.974895	0.477273	0.000371901	0.000619835	0.647619	0
	0.063	0.000847107	0.000578512	0.972803	0.469008	0.000289256	0.000578512	0.649682	0
	0.064	0.000619835	0.000454545	0.972746	0.458678	0.000392562	0.000826446	0.649682	0
	0.065	0.000661157	0.000702479	0.97479	0.454545	0.000495868	0.000826446	0.649682	0
	0.066	0.00072314	0.000475207	0.97479	0.444215	0.00035124	0.000764463	0.649682	0
	0.067	0.000578512	0.000413223	0.97479	0.442149	0.00035124	0.000764463	0.649682	0
	0.068	0.000661157	0.000909091	0.97479	0.43595	0.000578512	0.000681818	0.649682	0
	0.069	0.00072314	0.000702479	0.97479	0.417355	0.000371901	0.000661157	0.646497	0
	0.07	0.000640496	0.000619835	0.97479	0.409091	0.000557851	0.000764463	0.646497	0
	0.071	0.000599174	0.000599174	0.97479	0.396694	0.000702479	0.000640496	0.648562	0
	0.072	0.000971074	0.000764463	0.97479	0.392562	0.000578512	0.00072314	0.648562	0
	0.073	0.000619835	0.000516529	0.97479	0.378099	0.000661157	0.000764463	0.648562	0
	0.074	0.000702479	0.000495868	0.97479	0.369835	0.000681818	0.00072314	0.648562	0
	0.075	0.00072314	0.000433884	0.976842	0.353306	0.000619835	0.000950413	0.650641	0
	0.076	0.000826446	0.000454545	0.974737	0.345041	0.000619835	0.000847107	0.652733	0
	0.077	0.000702479	0.000578512	0.972632	0.340909	0.000661157	0.000847107	0.652733	0
	0.078	0.000392562	0.00072314	0.974684	0.334711	0.000743802	0.000702479	0.652733	0
	0.079	0.000619835	0.000619835	0.976744	0.326446	0.000640496	0.00117769	0.652733	0
	0.08	0.000619835	0.00072314	0.976695	0.322314	0.000743802	0.0010124	0.652733	0
	0.081	0.000516529	0.000661157	0.976695	0.309917	0.000743802	0.000764463	0.646302	0
	0.082	0.000557851	0.000495868	0.976695	0.303719	0.000578512	0.0010124	0.643087	0
	0.083	0.000764463	0.000599174	0.974576	0.295455	0.000681818	0.000909091	0.643087	0
	0.084	0.000495868	0.000743802	0.974576	0.28719	0.00053719	0.00109504	0.643087	0
	0.085	0.000413223	0.000847107	0.974576	0.285124	0.000785124	0.000805785	0.639871	0
	0.086	0.000413223	0.000950413	0.974576	0.280992	0.000909091	0.000950413	0.639871	0
	0.087	0.000289256	0.00115702	0.974576	0.272727	0.000743802	0.0010124	0.639871	0
	0.088	0.00035124	0.000826446	0.974576	0.264463	0.00053719	0.000743802	0.639871	0
	0.089	0.000309917	0.000826446	0.978723	0.258264	0.000743802	0.000971074	0.639871	0
	0.09	0.000578512	0.000785124	0.978723	0.25	0.00053719	0.00107438	0.639871	0
	0.091	0.000206612	0.000661157	0.978723	0.247934	0.000599174	0.000847107	0.641935	0
	0.092	0.000392562	0.00072314	0.976596	0.241736	0.000433884	0.000578512	0.644013	0
	0.093	0.000289256	0.000826446	0.976546	0.239669	0.000847107	0.000847107	0.646104	0
	0.094	0.000289256	0.000909091	0.976546	0.233471	0.000661157	0.000826446	0.646104	0
	0.095	0.000433884	0.000785124	0.974414	0.229339	0.00105372	0.000743802	0.646104	0
	0.096	0.000433884	0.000599174	0.976496	0.22314	0.000619835	0.000805785	0.646104	0
	0.097	0.000371901	0.000619835	0.976496	0.221074	0.000495868	0.000805785	0.646104	0
	0.098	0.000247934	0.000640496	0.978587	0.219008	0.000929752	0.00103306	0.646104	0
	0.099	0.000413223	0.000867769	0.978587	0.214876	0.000516529	0.000867769	0.648208	0
	0.1	0.000433884	0.000826446	0.980687	0.210744	0.000557851	0.000847107	0.648208	0
	0.101	0.000413223	0.000619835	0.978541	0.204545	0.000909091	0.000929752	0.648208	0
	0.102	0.000268595	0.000702479	0.978541	0.202479	0.000619835	0.000991736	0.648208	0
	0.103	0.000454545	0.000826446	0.978541	0.200413	0.000599174	0.000702479	0.650327	0
	0.104	0.000413223	0.000909091	0.978541	0.198347	0.000764463	0.000702479	0.650327	0
	0.105	0.00053719	0.00088843	0.978541	0.198347	0.000516529	0.000929752	0.656766	0
	0.106	0.000330579	0.000640496	0.980645	0.196281	0.000475207	0.000764463	0.65894	0
	0.107	0.000289256	0.000805785	0.978495	0.194215	0.00053719	0.00109504	0.655629	0
	0.108	0.000475207	0.000702479	0.978495	0.190083	0.00053719	0.00105372	0.655629	0
	0.109	0.000557851	0.00128099	0.978495	0.188017	0.000578512	0.000909091	0.657807	0
	0.11	0.000557851	0.000847107	0.978495	0.181818	0.000475207	0.00109504	0.657807	0
	0.111	0.000309917	0.000785124	0.978495	0.181818	0.000495868	0.00123967	0.657807	0
	0.112	0.000227273	0.000909091	0.978495	0.173554	0.000516529	0.000847107	0.654485	0
	0.113	0.000599174	0.000764463	0.978495	0.169421	0.000495868	0.000826446	0.651163	0
	0.114	0.000433884	0.000661157	0.978495	0.161157	0.000433884	0.000867769	0.651163	0
	0.115	0.000557851	0.000867769	0.980603	0.159091	0.000433884	0.00103306	0.653333	0
	0.116	0.00053719	0.000929752	0.978448	0.154959	0.000599174	0.000847107	0.655518	0
	0.117	0.000413223	0.00113636	0.978448	0.146694	0.000516529	0.00121901	0.655518	0
	0.118	0.000309917	0.000950413	0.978402	0.13843	0.000392562	0.00105372	0.655518	0
	0.119	0.000454545	0.000805785	0.978402	0.13843	0.000557851	0.000971074	0.652174	0
	0.12	0.000371901	0.000826446	0.978402	0.134298	0.000578512	0.00105372	0.652174	0
	0.121	0.000371901	0.000826446	0.978402	0.132231	0.000475207	0.000764463	0.652174	0
	0.122	0.000495868	0.000971074	0.978402	0.128099	0.000867769	0.00107438	0.652174	0
	0.123	0.000475207	0.000971074	0.976242	0.123967	0.000516529	0.000867769	0.654362	0
	0.124	0.000516529	0.0010124	0.976242	0.119835	0.000785124	0.000805785	0.654362	0
	0.125	0.000475207	0.000867769	0.976242	0.115702	0.000805785	0.000991736	0.654362	0
	0.126	0.000371901	0.00105372	0.978355	0.113636	0.000578512	0.00121901	0.654362	0
	0.127	0.000392562	0.000950413	0.97619	0.113636	0.000495868	0.000929752	0.658784	0
	0.128	0.000454545	0.00103306	0.97619	0.113636	0.000454545	0.000847107	0.658784	0
	0.129	0.000330579	0.000991736	0.978308	0.11157	0.000661157	0.00130165	0.657627	0
	0.13	0.000330579	0.000950413	0.978308	0.105372	0.000557851	0.00103306	0.654237	0
	0.131	0.000392562	0.000909091	0.978308	0.103306	0.000681818	0.000867769	0.658703	0
	0.132	0.000454545	0.00088843	0.978261	0.0971074	0.000433884	0.000847107	0.660959	0
	0.133	0.000309917	0.00115702	0.978261	0.0950413	0.00072314	0.00121901	0.660959	0
	0.134	0.000433884	0.000785124	0.976087	0.0929752	0.000681818	0.00117769	0.657534	0
	0.135	0.000371901	0.00072314	0.973913	0.0909091	0.000640496	0.00107438	0.657534	0
	0.136	0.000557851	0.00103306	0.973913	0.088843	0.000681818	0.00117769	0.657534	0
	0.137	0.000392562	0.0011157	0.973913	0.088843	0.000640496	0.00109504	0.662069	0
	0.138	0.00035124	0.000909091	0.973913	0.0867769	0.000640496	0.0010124	0.662069	0
	0.139	0.000371901	0.00105372	0.973913	0.0867769	0.000805785	0.00103306	0.662069	0
	0.14	0.000475207	0.000826446	0.973913	0.0805785	0.000661157	0.000847107	0.655172	0
	0.141	0.000289256	0.000950413	0.973913	0.0805785	0.000743802	0.00107438	0.651724	0
	0.142	0.000516529	0.00134298	0.973913	0.0785124	0.000847107	0.000971074	0.651724	0
	0.143	0.000475207	0.000661157	0.971739	0.0743802	0.000743802	0.00123967	0.651724	0
	0.144	0.000371901	0.000991736	0.971739	0.0743802	0.000764463	0.000971074	0.653979	0
	0.145	0.000495868	0.000785124	0.971739	0.0743802	0.00072314	0.000743802	0.65625	0
	0.146	0.000433884	0.00107438	0.973799	0.072314	0.000681818	0.00119835	0.65625	0
	0.147	0.00053719	0.00126033	0.973799	0.0681818	0.000785124	0.00117769	0.65625	0
	0.148	0.00035124	0.000826446	0.971616	0.0681818	0.000578512	0.00113636	0.65625	0
	0.149	0.000433884	0.00107438	0.969432	0.0661157	0.000681818	0.000950413	0.652778	0
	0.15	0.000454545	0.000929752	0.967249	0.0661157	0.000557851	0.0013843	0.655052	0
	0.151	0.000433884	0.00113636	0.965066	0.0599174	0.000599174	0.000847107	0.655052	0
	0.152	0.000578512	0.000971074	0.967177	0.0557851	0.000681818	0.00132231	0.655052	0
	0.153	0.000392562	0.00088843	0.964989	0.0557851	0.000557851	0.00109504	0.657343	0
	0.154	0.000392562	0.000991736	0.964989	0.053719	0.00053719	0.000867769	0.657343	0
	0.155	0.000413223	0.000950413	0.964989	0.053719	0.000764463	0.00126033	0.653846	0
	0.156	0.000661157	0.00117769	0.964989	0.0516529	0.00053719	0.00113636	0.653846	0
	0.157	0.000330579	0.00088843	0.967105	0.0516529	0.000661157	0.00105372	0.653846	0
	0.158	0.000578512	0.00128099	0.967105	0.0516529	0.000950413	0.0010124	0.652632	0
	0.159	0.000475207	0.00105372	0.964912	0.0516529	0.000557851	0.00146694	0.65493	0
	0.16	0.000743802	0.000764463	0.964912	0.0516529	0.000557851	0.00121901	0.65493	0
	0.161	0.000764463	0.000929752	0.964835	0.0516529	0.00072314	0.00105372	0.651408	0
	0.162	0.000681818	0.000950413	0.964835	0.0516529	0.000557851	0.00113636	0.651408	0
	0.163	0.000764463	0.000909091	0.964835	0.0516529	0.000681818	0.00103306	0.65371	0
	0.164	0.000619835	0.000847107	0.962637	0.0516529	0.000661157	0.0011157	0.656028	0
	0.165	0.000661157	0.00115702	0.962637	0.0495868	0.000433884	0.00113636	0.656028	0
	0.166	0.000847107	0.000929752	0.962637	0.0475207	0.000433884	0.00119835	0.656028	0
	0.167	0.000950413	0.00072314	0.962637	0.0475207	0.000619835	0.00113636	0.652482	0
	0.168	0.000578512	0.00113636	0.962637	0.0475207	0.00053719	0.0011157	0.654804	0
	0.169	0.000557851	0.00088843	0.958242	0.0454545	0.000661157	0.00144628	0.654804	0
	0.17	0.000991736	0.00107438	0.958242	0.0454545	0.000681818	0.00123967	0.654804	0
	0.171	0.000578512	0.000950413	0.958242	0.0454545	0.000516529	0.00088843	0.653571	0
	0.172	0.000702479	0.00113636	0.958242	0.0454545	0.000640496	0.00132231	0.653571	0
	0.173	0.00072314	0.000867769	0.958242	0.0454545	0.000681818	0.00117769	0.658273	0
	0.174	0.000661157	0.00107438	0.960352	0.0454545	0.000640496	0.00103306	0.65704	0
	0.175	0.000702479	0.000805785	0.960352	0.0454545	0.000764463	0.00103306	0.65704	0
	0.176	0.000847107	0.0011157	0.960352	0.0454545	0.000557851	0.0013843	0.65942	0
	0.177	0.000640496	0.00107438	0.960352	0.0433884	0.000640496	0.00123967	0.664234	0
	0.178	0.000640496	0.00109504	0.964602	0.0433884	0.000578512	0.0014876	0.664234	0
	0.179	0.000578512	0.000826446	0.964602	0.0433884	0.000702479	0.00130165	0.660584	0
	0.18	0.000805785	0.00113636	0.964602	0.0433884	0.00072314	0.00121901	0.660584	0
	0.181	0.000702479	0.00109504	0.964602	0.0433884	0.000971074	0.0010124	0.660584	0
	0.182	0.000785124	0.00105372	0.964602	0.0433884	0.000929752	0.00126033	0.660584	0
	0.183	0.00053719	0.00109504	0.960177	0.0433884	0.000805785	0.00146694	0.665441	0
	0.184	0.000578512	0.00113636	0.960177	0.0433884	0.000785124	0.00117769	0.664207	0
	0.185	0.000516529	0.00103306	0.960177	0.0433884	0.000909091	0.0011157	0.662963	0
	0.186	0.000599174	0.00123967	0.957965	0.0433884	0.00072314	0.00121901	0.662963	0
	0.187	0.000516529	0.00103306	0.960089	0.0413223	0.000599174	0.0014876	0.662963	0
	0.188	0.000681818	0.00130165	0.957871	0.0392562	0.000909091	0.00109504	0.662963	0
	0.189	0.00072314	0.00109504	0.955654	0.0392562	0.00088843	0.00123967	0.662963	0
	0.19	0.000475207	0.0013843	0.955654	0.0392562	0.00103306	0.00123967	0.662963	0
	0.191	0.00053719	0.0010124	0.955654	0.0371901	0.000909091	0.000991736	0.662963	0
	0.192	0.000516529	0.00119835	0.955654	0.0371901	0.0010124	0.00140496	0.662963	0
	0.193	0.000516529	0.00103306	0.955654	0.0371901	0.000826446	0.00123967	0.662963	0
	0.194	0.000578512	0.00126033	0.953437	0.0371901	0.000785124	0.00117769	0.659259	0
	0.195	0.00035124	0.000950413	0.95122	0.0371901	0.000661157	0.00132231	0.657993	0
	0.196	0.000289256	0.00123967	0.953333	0.0371901	0.000785124	0.0010124	0.660448	0
	0.197	0.000681818	0.00126033	0.953333	0.0371901	0.000681818	0.00115702	0.660448	0
	0.198	0.000289256	0.000929752	0.953333	0.0371901	0.000764463	0.00146694	0.660448	0
	0.199	0.000475207	0.00130165	0.953333	0.0371901	0.000867769	0.0013843	0.660448	0
	0.2	0.000433884	0.00117769	0.953333	0.0371901	0.000991736	0.00144628	0.656716	0
	0.201	0.000413223	0.00119835	0.955457	0.0371901	0.000702479	0.000991736	0.661654	0
	0.202	0.000578512	0.00109504	0.953125	0.035124	0.000826446	0.00117769	0.664151	0
	0.203	0.000661157	0.00121901	0.950893	0.035124	0.000909091	0.00105372	0.660377	0
	0.204	0.000578512	0.00107438	0.95302	0.035124	0.000805785	0.00130165	0.660377	0
	0.205	0.000433884	0.00109504	0.955157	0.035124	0.000805785	0.00152893	0.660377	0
	0.206	0.000681818	0.000971074	0.957303	0.0330579	0.000681818	0.00142562	0.660377	0
	0.207	0.000661157	0.00107438	0.957303	0.0330579	0.00105372	0.00130165	0.660377	0
	0.208	0.000433884	0.00132231	0.957111	0.0330579	0.00107438	0.00132231	0.660377	0
	0.209	0.000413223	0.0011157	0.959276	0.0330579	0.000764463	0.00115702	0.659091	0
	0.21	0.000557851	0.00126033	0.956916	0.0330579	0.000619835	0.00115702	0.661597	0
	0.211	0.000702479	0.00105372	0.956916	0.0309917	0.000929752	0.00136364	0.661597	0
	0.212	0.000433884	0.000909091	0.956916	0.0309917	0.00103306	0.00105372	0.661597	0
	0.213	0.000557851	0.00126033	0.952381	0.0309917	0.000826446	0.00119835	0.664122	0
	0.214	0.000619835	0.00113636	0.952273	0.0309917	0.000619835	0.00121901	0.662835	0
	0.215	0.000909091	0.00121901	0.95	0.0309917	0.000743802	0.00134298	0.665385	0
	0.216	0.00053719	0.00132231	0.943182	0.0309917	0.000681818	0.0010124	0.665385	0
	0.217	0.000557851	0.00134298	0.943182	0.0268595	0.000785124	0.0010124	0.665385	0
	0.218	0.000681818	0.00105372	0.943182	0.0268595	0.000619835	0.00121901	0.667954	0
	0.219	0.000764463	0.00130165	0.940909	0.0268595	0.000826446	0.00154959	0.670543	0
	0.22	0.000702479	0.000867769	0.940909	0.0268595	0.000764463	0.0011157	0.666667	0
	0.221	0.000743802	0.00117769	0.940909	0.0268595	0.00072314	0.00121901	0.666667	0
	0.222	0.000640496	0.00117769	0.940909	0.0268595	0.000661157	0.00130165	0.669261	0
	0.223	0.000867769	0.0013843	0.940909	0.0268595	0.000847107	0.00154959	0.669261	0
	0.224	0.000743802	0.0010124	0.940909	0.0268595	0.000578512	0.00109504	0.667969	0
	0.225	0.000681818	0.0011157	0.940909	0.0268595	0.000454545	0.00115702	0.670588	0
	0.226	0.00088843	0.00121901	0.943052	0.0268595	0.000764463	0.00126033	0.670588	0
	0.227	0.000785124	0.000909091	0.945205	0.0247934	0.000661157	0.00126033	0.666667	0
	0.228	0.000681818	0.00142562	0.945205	0.0247934	0.000826446	0.00121901	0.666667	0
	0.229	0.000785124	0.00119835	0.94508	0.0247934	0.00072314	0.00121901	0.671937	0
	0.23	0.000950413	0.00144628	0.94508	0.0247934	0.000495868	0.000971074	0.671937	0
	0.231	0.000785124	0.00123967	0.94508	0.0247934	0.000681818	0.000991736	0.667984	0
	0.232	0.000867769	0.00132231	0.942792	0.0247934	0.00072314	0.00119835	0.667984	0
	0.233	0.000971074	0.00117769	0.940503	0.0247934	0.000557851	0.0010124	0.670635	0
	0.234	0.000661157	0.000805785	0.940503	0.0247934	0.000640496	0.00105372	0.673307	0
	0.235	0.000743802	0.00146694	0.940503	0.0247934	0.000495868	0.00115702	0.673307	0
	0.236	0.000991736	0.00134298	0.940503	0.0247934	0.000557851	0.00128099	0.672	0
	0.237	0.000764463	0.00117769	0.940503	0.0247934	0.000619835	0.00121901	0.672	0
	0.238	0.000847107	0.00105372	0.938215	0.0247934	0.00072314	0.00113636	0.672	0
	0.239	0.000867769	0.00140496	0.935927	0.0247934	0.000681818	0.0011157	0.677419	0
	0.24	0.00107438	0.00121901	0.935927	0.0247934	0.00053719	0.00123967	0.680162	0
	0.241	0.00121901	0.00136364	0.938073	0.0247934	0.000743802	0.00123967	0.680162	0
	0.242	0.00088843	0.00121901	0.93578	0.0247934	0.000475207	0.00128099	0.680162	0
	0.243	0.00132231	0.00130165	0.93578	0.0247934	0.000661157	0.000867769	0.680162	0
	0.244	0.00113636	0.00128099	0.937931	0.0247934	0.000599174	0.00109504	0.680162	0
	0.245	0.000785124	0.00146694	0.937931	0.0247934	0.000516529	0.00107438	0.680162	0
	0.246	0.00088843	0.00128099	0.937931	0.0247934	0.000640496	0.00088843	0.680162	0
	0.247	0.00088843	0.00142562	0.935632	0.0247934	0.000433884	0.00159091	0.680162	0
	0.248	0.00107438	0.00136364	0.935632	0.0227273	0.000578512	0.00123967	0.680162	0
	0.249	0.000929752	0.00128099	0.935632	0.0227273	0.000475207	0.00088843	0.682927	0
	0.25	0.000950413	0.00142562	0.935632	0.0206612	0.000413223	0.000929752	0.685714	0
	0.251	0.000971074	0.00146694	0.935484	0.0206612	0.000557851	0.00117769	0.685714	0
	0.252	0.00105372	0.00150826	0.93318	0.0206612	0.000413223	0.00123967	0.684426	0
	0.253	0.000929752	0.00128099	0.93318	0.0206612	0.000433884	0.00128099	0.684426	0
	0.254	0.000619835	0.00126033	0.93318	0.0206612	0.000475207	0.00126033	0.684426	0
	0.255	0.000785124	0.00132231	0.935335	0.0206612	0.000495868	0.00113636	0.684426	0
	0.256	0.000867769	0.00157025	0.935335	0.0206612	0.000330579	0.00126033	0.684426	0
	0.257	0.000619835	0.00126033	0.930716	0.0206612	0.000495868	0.0011157	0.690083	0
	0.258	0.000640496	0.00128099	0.93287	0.018595	0.000516529	0.00107438	0.692946	0
	0.259	0.000805785	0.00130165	0.935035	0.018595	0.000433884	0.00142562	0.695833	0
	0.26	0.000785124	0.00105372	0.932715	0.018595	0.000392562	0.0011157	0.694561	0
	0.261	0.000702479	0.0013843	0.932715	0.018595	0.000247934	0.00113636	0.690377	0
	0.262	0.000599174	0.00171488	0.932715	0.018595	0.000495868	0.00109504	0.690377	0
	0.263	0.000847107	0.00144628	0.932715	0.018595	0.000475207	0.00123967	0.690377	0
	0.264	0.00072314	0.00150826	0.934884	0.018595	0.000371901	0.00117769	0.690377	0
	0.265	0.000454545	0.00134298	0.934884	0.018595	0.00035124	0.00119835	0.686192	0
	0.266	0.00072314	0.00177686	0.934884	0.018595	0.000330579	0.00107438	0.686192	0
	0.267	0.000702479	0.00142562	0.934884	0.018595	0.000289256	0.000867769	0.686192	0
	0.268	0.000743802	0.00140496	0.934884	0.018595	0.000392562	0.000743802	0.689076	0
	0.269	0.000433884	0.00136364	0.937063	0.018595	0.000309917	0.00130165	0.691983	0
	0.27	0.000950413	0.00119835	0.934732	0.018595	0.000371901	0.0011157	0.691983	0
	0.271	0.000640496	0.00130165	0.934732	0.018595	0.000454545	0.000847107	0.691983	0
	0.272	0.00053719	0.00115702	0.932401	0.0165289	0.000309917	0.000929752	0.691983	0
	0.273	0.000681818	0.00146694	0.932401	0.0165289	0.000268595	0.000950413	0.691983	0
	0.274	0.000619835	0.00146694	0.932401	0.0165289	0.00035124	0.00107438	0.694915	0
	0.275	0.000516529	0.00126033	0.934579	0.0165289	0.000330579	0.000971074	0.690678	0
	0.276	0.000619835	0.00132231	0.936768	0.0165289	0.000289256	0.00107438	0.682203	0
	0.277	0.000516529	0.00146694	0.938967	0.0165289	0.000206612	0.00117769	0.680851	0
	0.278	0.000495868	0.00157025	0.93662	0.0165289	0.00035124	0.00105372	0.680851	0
	0.279	0.000702479	0.00128099	0.93662	0.0165289	0.000309917	0.000971074	0.676596	0
	0.28	0.00053719	0.0014876	0.93662	0.0165289	0.000371901	0.00130165	0.676596	0
	0.281	0.00053719	0.00165289	0.938824	0.0165289	0.000268595	0.000991736	0.676596	0
	0.282	0.00053719	0.00144628	0.941038	0.0165289	0.000433884	0.000785124	0.676596	0
	0.283	0.000743802	0.00165289	0.943262	0.0165289	0.000289256	0.00107438	0.676596	0
	0.284	0.000681818	0.00121901	0.947619	0.0165289	0.00053719	0.000950413	0.679487	0
	0.285	0.000557851	0.00146694	0.949881	0.0144628	0.000268595	0.00107438	0.678112	0
	0.286	0.00053719	0.0013843	0.952153	0.0144628	0.00035124	0.0011157	0.669528	0
	0.287	0.000599174	0.00146694	0.949761	0.0123967	0.000516529	0.000867769	0.672414	0
	0.288	0.000619835	0.00146694	0.952038	0.0123967	0.00053719	0.00103306	0.668103	0
	0.289	0.000640496	0.00165289	0.94964	0.0123967	0.000371901	0.00103306	0.668103	0
	0.29	0.000661157	0.0011157	0.94964	0.0123967	0.000578512	0.000991736	0.668103	0
	0.291	0.000599174	0.00152893	0.94964	0.0103306	0.000433884	0.00113636	0.668103	0
	0.292	0.000743802	0.00123967	0.94964	0.00826446	0.000433884	0.00088843	0.668103	0
	0.293	0.000619835	0.00103306	0.94964	0.00826446	0.000454545	0.000847107	0.668103	0
	0.294	0.000578512	0.00128099	0.949519	0.00826446	0.000475207	0.000909091	0.670996	0
	0.295	0.000578512	0.00165289	0.954106	0.00826446	0.000495868	0.000971074	0.670996	0
	0.296	0.000557851	0.00152893	0.953995	0.00826446	0.000392562	0.00109504	0.673913	0
	0.297	0.000599174	0.00152893	0.949153	0.00826446	0.000413223	0.000826446	0.673913	0
	0.298	0.000743802	0.00173554	0.949153	0.00826446	0.000330579	0.000785124	0.673913	0
	0.299	0.000557851	0.00152893	0.949153	0.00826446	0.000557851	0.000847107	0.676856	0
	0.3	0.00053719	0.00144628	0.946731	0.00826446	0.000619835	0.0010124	0.675439	0
	0.301	0.000702479	0.00146694	0.94431	0.00826446	0.000640496	0.000929752	0.675439	0
	0.302	0.00053719	0.00163223	0.941889	0.00826446	0.00072314	0.00088843	0.678414	0
	0.303	0.000516529	0.00161157	0.941889	0.00826446	0.000578512	0.00134298	0.678414	0
	0.304	0.000702479	0.00134298	0.939467	0.00826446	0.00072314	0.000929752	0.678414	0
	0.305	0.000516529	0.00132231	0.936893	0.00619835	0.000557851	0.00088843	0.674009	0
	0.306	0.000743802	0.00134298	0.939173	0.00619835	0.000764463	0.000847107	0.674009	0
	0.307	0.000805785	0.00126033	0.939173	0.00619835	0.000578512	0.00103306	0.674009	0
	0.308	0.000743802	0.00128099	0.939173	0.00619835	0.00072314	0.000909091	0.669604	0
	0.309	0.000764463	0.00152893	0.93674	0.00413223	0.000743802	0.000867769	0.665198	0
	0.31	0.000475207	0.00136364	0.936585	0.00413223	0.000826446	0.00103306	0.665198	0
	0.311	0.000702479	0.00119835	0.936585	0.00413223	0.000971074	0.000785124	0.665198	0
	0.312	0.000640496	0.0014876	0.934146	0.00413223	0.000805785	0.000661157	0.660793	0
	0.313	0.000433884	0.00109504	0.929268	0.00413223	0.000599174	0.000826446	0.660793	0
	0.314	0.000702479	0.00128099	0.929268	0.00413223	0.000516529	0.00088843	0.660793	0
	0.315	0.000909091	0.00179752	0.929268	0.00413223	0.000929752	0.000950413	0.660793	0
	0.316	0.000764463	0.00140496	0.921951	0.00413223	0.00105372	0.000929752	0.660793	0
	0.317	0.000661157	0.00146694	0.921951	0.00413223	0.000929752	0.000826446	0.656388	0
	0.318	0.000661157	0.00136364	0.917073	0.00413223	0.000950413	0.000764463	0.651982	0
	0.319	0.000557851	0.00117769	0.914634	0.00413223	0.000805785	0.00105372	0.651982	0
	0.32	0.000764463	0.00142562	0.914634	0.00413223	0.00107438	0.00072314	0.654867	0
	0.321	0.000764463	0.00109504	0.912195	0.00413223	0.000826446	0.00088843	0.654867	0
	0.322	0.000640496	0.00130165	0.912195	0.00206612	0.00117769	0.000971074	0.654867	0
	0.323	0.000991736	0.00115702	0.912195	0.00206612	0.00105372	0.000991736	0.654867	0
	0.324	0.00103306	0.00142562	0.912195	0.00206612	0.00072314	0.000743802	0.654867	0
	0.325	0.000640496	0.00150826	0.914216	0.00206612	0.000640496	0.000743802	0.657778	0
	0.326	0.000909091	0.00144628	0.914216	0.00206612	0.000764463	0.000557851	0.657778	0
	0.327	0.000785124	0.0014876	0.914005	0.00206612	0.000909091	0.000929752	0.657778	0
	0.328	0.000619835	0.0014876	0.913793	0.00206612	0.000929752	0.00088843	0.660714	0
	0.329	0.000826446	0.0013843	0.913793	0.00206612	0.000805785	0.00072314	0.660714	0
	0.33	0.00123967	0.00117769	0.91133	0.00206612	0.000847107	0.000847107	0.660714	0
	0.331	0.000619835	0.00128099	0.911111	0.00206612	0.000847107	0.00115702	0.663677	0
	0.332	0.000971074	0.00167355	0.911111	0.00206612	0.000867769	0.000971074	0.663677	0
	0.333	0.00103306	0.00115702	0.910891	0.00206612	0.000950413	0.000702479	0.663677	0
	0.334	0.000867769	0.00123967	0.910891	0.00206612	0.000909091	0.000661157	0.663677	0
	0.335	0.000867769	0.00130165	0.913151	0.00206612	0.000929752	0.000950413	0.663677	0
	0.336	0.00121901	0.00150826	0.913151	0.00206612	0.000764463	0.000950413	0.659193	0
	0.337	0.000929752	0.00132231	0.913151	0.00206612	0.000702479	0.00088843	0.662162	0
	0.338	0.000847107	0.00128099	0.908189	0.00206612	0.000702479	0.000929752	0.657658	0
	0.339	0.00113636	0.00161157	0.905473	0.00206612	0.000805785	0.000764463	0.657658	0
	0.34	0.00117769	0.00188017	0.902985	0.00206612	0.000909091	0.000805785	0.660633	0
	0.341	0.00140496	0.0014876	0.900498	0.00206612	0.000847107	0.000764463	0.663636	0
	0.342	0.000847107	0.00117769	0.900498	0.00206612	0.000909091	0.000599174	0.663636	0
	0.343	0.00126033	0.00123967	0.900498	0.00206612	0.000971074	0.000950413	0.666667	0
	0.344	0.00105372	0.0014876	0.900498	0.00206612	0.000785124	0.000599174	0.666667	0
	0.345	0.00119835	0.00140496	0.900249	0.00206612	0.00088843	0.00072314	0.666667	0
	0.346	0.0010124	0.00157025	0.900249	0.00206612	0.00072314	0.000599174	0.672811	0
	0.347	0.00144628	0.00132231	0.900249	0.00206612	0.000661157	0.00072314	0.672811	0
	0.348	0.00136364	0.00152893	0.89	0.00206612	0.000764463	0.0011157	0.675926	0
	0.349	0.00109504	0.00159091	0.89	0.00206612	0.000826446	0.000764463	0.675926	0
	0.35	0.00119835	0.00121901	0.89	0.00206612	0.000640496	0.000991736	0.675926	0
	0.351	0.00126033	0.00165289	0.892231	0.00206612	0.00072314	0.000640496	0.666667	0
	0.352	0.00142562	0.00150826	0.892231	0.00206612	0.000557851	0.00105372	0.662037	0
	0.353	0.00142562	0.00144628	0.887218	0.00206612	0.000557851	0.000619835	0.665116	0
	0.354	0.00146694	0.00167355	0.887218	0.00206612	0.000826446	0.000805785	0.665116	0
	0.355	0.00136364	0.00136364	0.887218	0.00206612	0.000785124	0.000619835	0.654206	0
	0.356	0.00161157	0.00150826	0.889447	0.00206612	0.000578512	0.000764463	0.657277	0
	0.357	0.00142562	0.00128099	0.889447	0.00206612	0.000516529	0.000681818	0.657277	0
	0.358	0.00146694	0.00134298	0.891688	0.00206612	0.000619835	0.000702479	0.657277	0
	0.359	0.00126033	0.00150826	0.891688	0.00206612	0.000433884	0.000495868	0.660377	0
	0.36	0.00157025	0.00140496	0.891688	0.00206612	0.00053719	0.000702479	0.65566	0
	0.361	0.00132231	0.00109504	0.889169	0.00206612	0.000599174	0.000847107	0.65566	0
	0.362	0.00132231	0.00142562	0.888889	0.00206612	0.000661157	0.000640496	0.661905	0
	0.363	0.00128099	0.00154959	0.886364	0.00206612	0.000247934	0.00107438	0.660287	0
	0.364	0.00121901	0.00130165	0.886364	0.00206612	0.000557851	0.000681818	0.660287	0
	0.365	0.00146694	0.00165289	0.886364	0.00206612	0.000578512	0.000785124	0.660287	0
	0.366	0.00140496	0.00107438	0.886364	0.00206612	0.000475207	0.000702479	0.660287	0
	0.367	0.00134298	0.00150826	0.886364	0.00206612	0.000557851	0.000681818	0.660287	0
	0.368	0.00128099	0.00107438	0.886364	0.00206612	0.00053719	0.000991736	0.655502	0
	0.369	0.0013843	0.00117769	0.888608	0.00206612	0.000454545	0.000619835	0.650718	0
	0.37	0.00130165	0.00123967	0.890863	0.00206612	0.000578512	0.000991736	0.650718	0
	0.371	0.00128099	0.00136364	0.890863	0.00206612	0.00072314	0.000929752	0.657005	0
	0.372	0.00126033	0.00121901	0.895408	0.00206612	0.000557851	0.000661157	0.658537	0
	0.373	0.00113636	0.00140496	0.897698	0.00206612	0.000516529	0.000764463	0.64878	0
	0.374	0.00128099	0.00130165	0.897698	0.00206612	0.000516529	0.000826446	0.655172	0
	0.375	0.00161157	0.00117769	0.897698	0.00206612	0.000599174	0.000681818	0.658416	0
	0.376	0.00136364	0.00128099	0.897698	0.00206612	0.000599174	0.00053719	0.661692	0
	0.377	0.00103306	0.00136364	0.9	0.00206612	0.000433884	0.000743802	0.665	0
	0.378	0.00119835	0.00136364	0.892308	0.00206612	0.000619835	0.000867769	0.66	0
	0.379	0.00146694	0.00109504	0.896907	0.00206612	0.00053719	0.000847107	0.653266	0
	0.38	0.0011157	0.00142562	0.896641	0.00206612	0.000805785	0.00072314	0.656566	0
	0.381	0.0011157	0.00134298	0.896641	0.00206612	0.000681818	0.000743802	0.656566	0
	0.382	0.000971074	0.00152893	0.896373	0.00206612	0.000599174	0.00072314	0.656566	0
	0.383	0.00117769	0.00128099	0.896373	0.00206612	0.000785124	0.00072314	0.651515	0
	0.384	0.00119835	0.00140496	0.896104	0.00206612	0.000619835	0.000847107	0.649746	0
	0.385	0.00117769	0.00115702	0.896104	0.00206612	0.000805785	0.000826446	0.64467	0
	0.386	0.00105372	0.0011157	0.898438	0.00206612	0.000702479	0.000847107	0.647959	0
	0.387	0.000929752	0.00130165	0.900783	0.00206612	0.000743802	0.000950413	0.646154	0
	0.388	0.000826446	0.00115702	0.900783	0.00206612	0.000640496	0.000702479	0.649485	0
	0.389	0.000826446	0.00142562	0.903141	0.00206612	0.000805785	0.000847107	0.649485	0
	0.39	0.000909091	0.00117769	0.905512	0.00206612	0.000702479	0.000826446	0.649485	0
	0.391	0.00107438	0.00109504	0.905512	0.00206612	0.00072314	0.000702479	0.64433	0
	0.392	0.000971074	0.00130165	0.905512	0.00206612	0.000785124	0.000847107	0.64433	0
	0.393	0.000867769	0.00121901	0.907895	0.00206612	0.000681818	0.00088843	0.639175	0
	0.394	0.000826446	0.00150826	0.912698	0.00206612	0.000702479	0.00088843	0.642487	0
	0.395	0.000929752	0.00113636	0.910053	0.00206612	0.000640496	0.000743802	0.642487	0
	0.396	0.000619835	0.000950413	0.912467	0.00206612	0.000909091	0.000847107	0.642487	0
	0.397	0.000702479	0.00171488	0.912467	0.00206612	0.000847107	0.000826446	0.637306	0
	0.398	0.000743802	0.00132231	0.912467	0.00206612	0.000826446	0.000599174	0.637306	0
	0.399	0.000681818	0.00119835	0.912467	0.00206612	0.000681818	0.000702479	0.637306	0
	0.4	0.000847107	0.0011157	0.914894	0.00206612	0.0010124	0.00072314	0.637306	0
	0.401	0.000619835	0.0011157	0.917333	0.00206612	0.000681818	0.000702479	0.637306	0
	0.402	0.000743802	0.00115702	0.917112	0.00206612	0.00113636	0.00072314	0.637306	0
	0.403	0.000785124	0.00128099	0.917112	0.00206612	0.0010124	0.00072314	0.632124	0
	0.404	0.000599174	0.00107438	0.917112	0.00206612	0.00088843	0.000557851	0.635417	0
	0.405	0.000557851	0.00134298	0.917112	0.00206612	0.00088843	0.000743802	0.635417	0
	0.406	0.000702479	0.00119835	0.917112	0.00206612	0.000785124	0.000599174	0.635417	0
	0.407	0.000702479	0.0011157	0.922043	0.00206612	0.000991736	0.00103306	0.635417	0
	0.408	0.000661157	0.00115702	0.927027	0.00206612	0.0011157	0.000599174	0.635417	0
	0.409	0.000743802	0.00126033	0.929348	0.00206612	0.000764463	0.00072314	0.642105	0
	0.41	0.000454545	0.00126033	0.929155	0.00206612	0.000826446	0.000785124	0.642105	0
	0.411	0.000619835	0.00123967	0.926431	0.00206612	0.00113636	0.00088843	0.642105	0
	0.412	0.00072314	0.00140496	0.928962	0.00206612	0.000950413	0.000764463	0.642105	0
	0.413	0.000578512	0.00119835	0.928767	0.00206612	0.00123967	0.000702479	0.642105	0
	0.414	0.00072314	0.0011157	0.931319	0.00206612	0.0010124	0.000764463	0.642105	0
	0.415	0.000702479	0.00121901	0.931319	0.00206612	0.000826446	0.0010124	0.642105	0
	0.416	0.000495868	0.0011157	0.928571	0.00206612	0.0010124	0.000640496	0.642105	0
	0.417	0.000475207	0.0010124	0.928571	0.00206612	0.0011157	0.000661157	0.642105	0
	0.418	0.000557851	0.00123967	0.928571	0.00206612	0.000991736	0.000743802	0.636842	0
	0.419	0.000516529	0.00103306	0.931129	0.00206612	0.000867769	0.000702479	0.640212	0
	0.42	0.000702479	0.00126033	0.933702	0.00206612	0.0011157	0.000805785	0.634921	0
	0.421	0.000516529	0.00107438	0.941504	0.00206612	0.00072314	0.000495868	0.638298	0
	0.422	0.000495868	0.000971074	0.946779	0.00206612	0.000847107	0.000599174	0.641711	0
	0.423	0.000681818	0.00105372	0.938375	0	0.000805785	0.000661157	0.645161	0
	0.424	0.00053719	0.000826446	0.941011	0	0.000785124	0.000764463	0.645161	0
	0.425	0.000433884	0.00123967	0.941011	0	0.000867769	0.000516529	0.652174	0
	0.426	0.000433884	0.00121901	0.941011	0	0.0010124	0.000619835	0.646739	0
	0.427	0.000578512	0.0010124	0.941011	0	0.000743802	0.000929752	0.641304	0
	0.428	0.000599174	0.00123967	0.943662	0	0.000702479	0.000681818	0.641304	0
	0.429	0.000578512	0.0010124	0.940845	0	0.000950413	0.00053719	0.641304	0
	0.43	0.000433884	0.0011157	0.943503	0	0.000909091	0.000557851	0.648352	0
	0.431	0.000557851	0.000950413	0.943503	0	0.000681818	0.000826446	0.642857	0
	0.432	0.000578512	0.0011157	0.943503	0	0.000743802	0.000743802	0.642857	0
	0.433	0.000371901	0.0010124	0.937853	0	0.000702479	0.000661157	0.642857	0
	0.434	0.000433884	0.00126033	0.937677	0	0.000826446	0.000785124	0.642857	0
	0.435	0.000475207	0.00103306	0.934844	0	0.0011157	0.000743802	0.642857	0
	0.436	0.000475207	0.000909091	0.934844	0	0.000826446	0.000578512	0.646409	0
	0.437	0.000413223	0.00126033	0.934844	0	0.000805785	0.000764463	0.646409	0
	0.438	0.00053719	0.000991736	0.934844	0	0.000702479	0.000764463	0.646409	0
	0.439	0.000578512	0.00088843	0.934844	0	0.000764463	0.000743802	0.646409	0
	0.44	0.000413223	0.00105372	0.934844	0	0.000826446	0.000661157	0.646409	0
	0.441	0.000371901	0.000991736	0.934844	0	0.000702479	0.000743802	0.640884	0
	0.442	0.000702479	0.00130165	0.934844	0	0.000867769	0.000557851	0.640884	0
	0.443	0.00035124	0.0010124	0.934844	0	0.000764463	0.00053719	0.644444	0
	0.444	0.000516529	0.00115702	0.934844	0	0.00072314	0.000661157	0.644444	0
	0.445	0.000392562	0.00109504	0.934844	0	0.000785124	0.000619835	0.648045	0
	0.446	0.000454545	0.00119835	0.934844	0	0.000661157	0.000681818	0.648045	0
	0.447	0.000516529	0.00115702	0.934844	0	0.000764463	0.000971074	0.659091	0
	0.448	0.000702479	0.000909091	0.9375	0	0.000619835	0.000785124	0.653409	0
	0.449	0.000413223	0.000805785	0.9375	0	0.000557851	0.000619835	0.657143	0
	0.45	0.000392562	0.0011157	0.9375	0	0.000702479	0.000805785	0.66092	0
	0.451	0.000867769	0.00115702	0.9375	0	0.000557851	0.000950413	0.662791	0
	0.452	0.000619835	0.00119835	0.934659	0	0.00072314	0.000516529	0.662791	0
	0.453	0.000495868	0.0011157	0.94	0	0.000599174	0.000764463	0.662791	0
	0.454	0.000454545	0.000867769	0.94	0	0.000785124	0.000681818	0.666667	0
	0.455	0.000330579	0.00105372	0.94	0	0.000847107	0.000764463	0.664706	0
	0.456	0.000619835	0.000764463	0.942693	0	0.000702479	0.000475207	0.666667	0
	0.457	0.000330579	0.000971074	0.945402	0	0.000475207	0.000681818	0.670659	0
	0.458	0.000578512	0.00109504	0.948127	0	0.000599174	0.00072314	0.674699	0
	0.459	0.000433884	0.000785124	0.948127	0	0.000743802	0.000599174	0.672727	0
	0.46	0.000681818	0.000785124	0.948127	0	0.000743802	0.000599174	0.676829	0
	0.461	0.000764463	0.000991736	0.945245	0	0.00072314	0.000661157	0.676829	0
	0.462	0.000433884	0.00088843	0.947977	0	0.000661157	0.000475207	0.680982	0
	0.463	0.000454545	0.000950413	0.947977	0	0.000495868	0.000599174	0.685185	0
	0.464	0.00053719	0.000909091	0.947977	0	0.000702479	0.000826446	0.685185	0
	0.465	0.000475207	0.00109504	0.947977	0	0.000599174	0.000640496	0.685185	0
	0.466	0.000516529	0.000971074	0.947977	0	0.000578512	0.000785124	0.685185	0
	0.467	0.000371901	0.000929752	0.945087	0	0.000681818	0.000743802	0.679012	0
	0.468	0.000475207	0.000847107	0.945087	0	0.000557851	0.000681818	0.679012	0
	0.469	0.000516529	0.000516529	0.947826	0	0.000681818	0.000557851	0.677019	0
	0.47	0.000599174	0.000991736	0.947826	0	0.000702479	0.000661157	0.68125	0
	0.471	0.000413223	0.0010124	0.950581	0	0.000847107	0.000991736	0.68125	0
	0.472	0.000619835	0.000950413	0.950581	0	0.000661157	0.00072314	0.677215	0
	0.473	0.000640496	0.000867769	0.950581	0	0.00072314	0.000785124	0.681529	0
	0.474	0.000392562	0.0011157	0.953353	0	0.00088843	0.000743802	0.681529	0
	0.475	0.000371901	0.00121901	0.953353	0	0.000702479	0.000743802	0.675159	0
	0.476	0.000392562	0.00113636	0.953353	0	0.000743802	0.000640496	0.675159	0
	0.477	0.000475207	0.000764463	0.953353	0	0.0010124	0.000847107	0.66879	0
	0.478	0.000495868	0.0011157	0.953353	0	0.000619835	0.000805785	0.66242	0
	0.479	0.000413223	0.000785124	0.950437	0	0.00117769	0.000640496	0.66242	0
	0.48	0.000433884	0.000847107	0.950437	0	0.000929752	0.000599174	0.66242	0
	0.481	0.000392562	0.00109504	0.950437	0	0.00105372	0.00072314	0.66242	0
	0.482	0.000413223	0.00109504	0.947522	0	0.000702479	0.000702479	0.670968	0
	0.483	0.000578512	0.00072314	0.953079	0	0.000805785	0.000785124	0.675325	0
	0.484	0.000454545	0.000909091	0.953079	0	0.00117769	0.000743802	0.668831	0
	0.485	0.000268595	0.00113636	0.953079	0	0.000805785	0.000516529	0.662338	0
	0.486	0.000289256	0.000909091	0.950147	0	0.00109504	0.000826446	0.662338	0
	0.487	0.000371901	0.000867769	0.955752	0	0.00119835	0.000805785	0.649351	0
	0.488	0.000330579	0.0010124	0.95858	0	0.00103306	0.000764463	0.642857	0
	0.489	0.000289256	0.00072314	0.95858	0	0.00130165	0.000578512	0.649007	0
	0.49	0.000330579	0.00088843	0.95858	0	0.000929752	0.000743802	0.649007	0
	0.491	0.000392562	0.00109504	0.95858	0	0.00072314	0.000743802	0.649007	0
	0.492	0.000289256	0.0011157	0.95858	0	0.0011157	0.000661157	0.649007	0
	0.493	0.000475207	0.00109504	0.95858	0	0.00113636	0.000909091	0.629139	0
	0.494	0.00053719	0.00072314	0.95858	0	0.00107438	0.000661157	0.633333	0
	0.495	0.000495868	0.000826446	0.95858	0	0.00134298	0.000785124	0.630872	0
	0.496	0.000227273	0.000743802	0.955621	0	0.00132231	0.000991736	0.635135	0
	0.497	0.000309917	0.000909091	0.949704	0	0.00103306	0.000929752	0.643836	0
	0.498	0.000330579	0.0010124	0.949704	0	0.00130165	0.000743802	0.645833	0
	0.499	0.000371901	0.000929752	0.946746	0	0.00126033	0.000909091	0.65035	0
	0.5	0.000268595	0.000971074	0.946746	0	0.00150826	0.000619835	0.65493	0
	0.501	0.000247934	0.00107438	0.946746	0	0.00109504	0.000743802	0.638298	0
	0.502	0.00035124	0.000909091	0.949555	0	0.00121901	0.000805785	0.647482	0
	0.503	0.000371901	0.000991736	0.949555	0	0.00128099	0.000764463	0.652174	0
	0.504	0.000413223	0.000743802	0.952381	0	0.00132231	0.000764463	0.656934	0
	0.505	0.000371901	0.000785124	0.955224	0	0.00113636	0.000475207	0.661765	0
	0.506	0.00035124	0.000826446	0.958084	0	0.00146694	0.000661157	0.666667	0
	0.507	0.000289256	0.000681818	0.958084	0	0.00117769	0.000702479	0.664179	0
	0.508	0.000247934	0.00113636	0.958084	0	0.0011157	0.00088843	0.664179	0
	0.509	0.000330579	0.000867769	0.95509	0	0.00136364	0.00088843	0.664179	0
	0.51	0.000289256	0.000950413	0.95509	0	0.000929752	0.000681818	0.674242	0
	0.511	0.000165289	0.000991736	0.952096	0	0.00107438	0.000847107	0.671756	0
	0.512	0.00053719	0.000909091	0.949102	0	0.00146694	0.00053719	0.676923	0
	0.513	0.000371901	0.00109504	0.943114	0	0.0011157	0.000640496	0.676923	0
	0.514	0.000557851	0.000826446	0.945946	0	0.00123967	0.000599174	0.676923	0
	0.515	0.000392562	0.00103306	0.945946	0	0.00123967	0.000557851	0.653846	0
	0.516	0.000392562	0.000826446	0.945946	0	0.000950413	0.00072314	0.653846	0
	0.517	0.000454545	0.000991736	0.948795	0	0.00115702	0.000743802	0.638462	0
	0.518	0.000454545	0.000909091	0.948795	0	0.000971074	0.000805785	0.638462	0
	0.519	0.000578512	0.000909091	0.948795	0	0.00117769	0.000743802	0.638462	0
	0.52	0.000578512	0.00109504	0.948795	0	0.00128099	0.000929752	0.643411	0
	0.521	0.00035124	0.000826446	0.948795	0	0.00126033	0.000516529	0.643411	0
	0.522	0.000413223	0.000826446	0.948795	0	0.00140496	0.000826446	0.635659	0
	0.523	0.000516529	0.00107438	0.948795	0	0.0013843	0.000743802	0.635659	0
	0.524	0.000475207	0.000991736	0.948795	0	0.00154959	0.000640496	0.635659	0
	0.525	0.000330579	0.000640496	0.945783	0	0.00154959	0.000867769	0.629921	0
	0.526	0.00053719	0.000847107	0.945783	0	0.00140496	0.0010124	0.629921	0
	0.527	0.00053719	0.000702479	0.945783	0	0.00136364	0.000661157	0.629921	0
	0.528	0.000454545	0.000764463	0.945783	0	0.00140496	0.000805785	0.629921	0
	0.529	0.00053719	0.000826446	0.945783	0	0.00123967	0.000785124	0.626984	0
	0.53	0.000578512	0.000950413	0.945783	0	0.0013843	0.00072314	0.624	0
	0.531	0.000413223	0.0010124	0.94864	0	0.00105372	0.000557851	0.620968	0
	0.532	0.000516529	0.000847107	0.94864	0	0.00115702	0.000619835	0.617886	0
	0.533	0.000330579	0.000785124	0.94864	0	0.00144628	0.000702479	0.622951	0
	0.534	0.000578512	0.00088843	0.94864	0	0.0011157	0.00088843	0.628099	0
	0.535	0.000743802	0.000826446	0.94864	0	0.00107438	0.000847107	0.628099	0
	0.536	0.000495868	0.000971074	0.948485	0	0.00140496	0.000681818	0.628099	0
	0.537	0.000516529	0.000867769	0.945455	0	0.00123967	0.000785124	0.619835	0
	0.538	0.000578512	0.000867769	0.945455	0	0.00136364	0.000599174	0.621849	0
	0.539	0.00053719	0.000619835	0.942424	0	0.00128099	0.00072314	0.621849	0
	0.54	0.000516529	0.000971074	0.939394	0	0.00134298	0.000991736	0.618644	0
	0.541	0.000640496	0.00072314	0.939394	0	0.00117769	0.00053719	0.62931	0
	0.542	0.000495868	0.00088843	0.939394	0	0.00126033	0.000578512	0.62069	0
	0.543	0.000619835	0.000702479	0.939394	0	0.0010124	0.00053719	0.612069	0
	0.544	0.000516529	0.000640496	0.939394	0	0.00107438	0.000681818	0.612069	0
	0.545	0.000619835	0.000785124	0.939394	0	0.0010124	0.000764463	0.617391	0
	0.546	0.00053719	0.00088843	0.93921	0	0.00117769	0.000475207	0.628319	0
	0.547	0.000743802	0.000764463	0.93921	0	0.0010124	0.000433884	0.610619	0
	0.548	0.000578512	0.00107438	0.942073	0	0.00121901	0.000578512	0.610619	0
	0.549	0.000392562	0.00088843	0.942073	0	0.00130165	0.000743802	0.621622	0
	0.55	0.000454545	0.000826446	0.942073	0	0.000991736	0.000619835	0.618182	0
	0.551	0.000392562	0.000743802	0.942073	0	0.00134298	0.000681818	0.618182	0
	0.552	0.000495868	0.00072314	0.939024	0	0.00115702	0.00088843	0.6	0
	0.553	0.000371901	0.000991736	0.941896	0	0.00103306	0.000681818	0.605505	0
	0.554	0.000433884	0.00072314	0.941896	0	0.00126033	0.000702479	0.59633	0
	0.555	0.000413223	0.000640496	0.938838	0	0.000826446	0.000661157	0.59633	0
	0.556	0.000495868	0.000909091	0.938838	0	0.0010124	0.000475207	0.587156	0
	0.557	0.000454545	0.000826446	0.932722	0	0.00107438	0.000743802	0.592593	0
	0.558	0.000557851	0.000785124	0.932722	0	0.00119835	0.000702479	0.588785	0
	0.559	0.000640496	0.0010124	0.926606	0	0.00088843	0.000578512	0.588785	0
	0.56	0.000475207	0.000743802	0.926606	0	0.00140496	0.00072314	0.59434	0
	0.561	0.000433884	0.00053719	0.926606	0	0.000950413	0.000557851	0.605769	0
	0.562	0.000413223	0.00088843	0.926606	0	0.00121901	0.000950413	0.61165	0
	0.563	0.00053719	0.00088843	0.926606	0	0.000929752	0.000557851	0.63	0
	0.564	0.000495868	0.000867769	0.92638	0	0.00126033	0.000702479	0.62	0
	0.565	0.000578512	0.000847107	0.932099	0	0.00107438	0.000619835	0.62	0
	0.566	0.000475207	0.000661157	0.929012	0	0.00132231	0.000557851	0.62	0
	0.567	0.000495868	0.00103306	0.929012	0	0.000847107	0.000516529	0.622449	0
	0.568	0.00072314	0.000826446	0.929012	0	0.00130165	0.000413223	0.622449	0
	0.569	0.00053719	0.00072314	0.92284	0	0.00103306	0.000661157	0.622449	0
	0.57	0.000516529	0.000805785	0.92284	0	0.000929752	0.000681818	0.612245	0
	0.571	0.000475207	0.000971074	0.92284	0	0.00121901	0.00053719	0.581633	0
	0.572	0.000371901	0.000764463	0.92284	0	0.00107438	0.000619835	0.57732	0
	0.573	0.000661157	0.000909091	0.925697	0	0.000929752	0.000475207	0.57732	0
	0.574	0.000702479	0.000950413	0.931464	0	0.00103306	0.000640496	0.583333	0
	0.575	0.000557851	0.000826446	0.934375	0	0.000971074	0.000578512	0.552083	0
	0.576	0.000599174	0.000971074	0.934375	0	0.00103306	0.000619835	0.552083	0
	0.577	0.000454545	0.000785124	0.93125	0	0.000971074	0.000681818	0.552083	0
	0.578	0.000495868	0.000764463	0.93125	0	0.00115702	0.000599174	0.541667	0
	0.579	0.000578512	0.000743802	0.931034	0	0.00115702	0.000661157	0.547368	0
	0.58	0.000661157	0.000950413	0.931034	0	0.000971074	0.000578512	0.553191	0
	0.581	0.000681818	0.000847107	0.931034	0	0.00117769	0.00053719	0.55914	0
	0.582	0.000743802	0.000826446	0.933962	0	0.000847107	0.000330579	0.554348	0
	0.583	0.000826446	0.00109504	0.933962	0	0.00123967	0.000578512	0.554348	0
	0.584	0.000599174	0.000867769	0.933962	0	0.000867769	0.000847107	0.554348	0
	0.585	0.00072314	0.000805785	0.933962	0	0.00109504	0.000309917	0.56044	0
	0.586	0.000516529	0.000991736	0.930818	0	0.00103306	0.000557851	0.555556	0
	0.587	0.000495868	0.00105372	0.930818	0	0.000950413	0.000661157	0.561798	0
	0.588	0.000516529	0.0010124	0.936709	0	0.00105372	0.000661157	0.561798	0
	0.589	0.000557851	0.00072314	0.936709	0	0.00126033	0.000640496	0.561798	0
	0.59	0.000743802	0.000785124	0.93038	0	0.00088843	0.00053719	0.556818	0
	0.591	0.000516529	0.000805785	0.927215	0	0.00119835	0.000681818	0.545455	0
	0.592	0.000909091	0.000785124	0.927215	0	0.000805785	0.000578512	0.55814	0
	0.593	0.000681818	0.000867769	0.927215	0	0.00123967	0.000413223	0.564706	0
	0.594	0.000681818	0.000867769	0.924051	0	0.00113636	0.000475207	0.564706	0
	0.595	0.000826446	0.000681818	0.920886	0	0.000743802	0.000599174	0.564706	0
	0.596	0.000785124	0.00107438	0.920886	0	0.00136364	0.000640496	0.552941	0
	0.597	0.000661157	0.000929752	0.917722	0	0.00119835	0.000619835	0.541176	0
	0.598	0.000557851	0.000929752	0.917722	0	0.000991736	0.000557851	0.547619	0
	0.599	0.00072314	0.00072314	0.917722	0	0.00105372	0.00053719	0.560976	0
	0.6	0.000578512	0.000909091	0.917722	0	0.00113636	0.000557851	0.560976	0
	0.601	0.00072314	0.000764463	0.914557	0	0.000971074	0.00053719	0.567901	0
	0.602	0.000640496	0.000785124	0.91746	0	0.00105372	0.000599174	0.567901	0
	0.603	0.000867769	0.000826446	0.91746	0	0.00103306	0.000392562	0.575	0
	0.604	0.000640496	0.000991736	0.914286	0	0.00088843	0.000599174	0.575	0
	0.605	0.000785124	0.00088843	0.914286	0	0.00105372	0.000681818	0.5625	0
	0.606	0.000619835	0.00121901	0.914286	0	0.00117769	0.000681818	0.5625	0
	0.607	0.000661157	0.000847107	0.917197	0	0.000847107	0.000785124	0.5625	0
	0.608	0.000557851	0.000805785	0.917197	0	0.000971074	0.000516529	0.55	0
	0.609	0.000619835	0.000847107	0.920128	0	0.0011157	0.00053719	0.556962	0
	0.61	0.00088843	0.000847107	0.920128	0	0.000867769	0.000599174	0.564103	0
	0.611	0.000950413	0.000847107	0.916933	0	0.000991736	0.000454545	0.571429	0
	0.612	0.000702479	0.000805785	0.919872	0	0.00132231	0.000557851	0.578947	0
	0.613	0.000495868	0.000578512	0.919872	0	0.000867769	0.000433884	0.594595	0
	0.614	0.000661157	0.000929752	0.919872	0	0.000991736	0.000454545	0.594595	0
	0.615	0.00072314	0.000764463	0.919872	0	0.00105372	0.000619835	0.589041	0
	0.616	0.000475207	0.000991736	0.919872	0	0.000929752	0.000557851	0.597222	0
	0.617	0.000640496	0.000847107	0.919872	0	0.000950413	0.000516529	0.597222	0
	0.618	0.000640496	0.000743802	0.919872	0	0.000971074	0.000640496	0.597222	0
	0.619	0.000392562	0.000599174	0.922581	0	0.000867769	0.000557851	0.583333	0
	0.62	0.000764463	0.0010124	0.92233	0	0.000991736	0.000475207	0.583333	0
	0.621	0.000785124	0.000847107	0.925325	0	0.00088843	0.000640496	0.583333	0
	0.622	0.000743802	0.00072314	0.925325	0	0.00088843	0.000578512	0.591549	0
	0.623	0.000764463	0.0010124	0.921824	0	0.000847107	0.000454545	0.591549	0
	0.624	0.000433884	0.000661157	0.921824	0	0.000950413	0.000578512	0.591549	0
	0.625	0.000599174	0.000640496	0.921824	0	0.000661157	0.000454545	0.591549	0
	0.626	0.000909091	0.000929752	0.918567	0	0.000661157	0.000702479	0.591549	0
	0.627	0.000495868	0.00088843	0.918567	0	0.000495868	0.000475207	0.591549	0
	0.628	0.000599174	0.000743802	0.92459	0	0.00072314	0.000640496	0.6	0
	0.629	0.000516529	0.000599174	0.92459	0	0.000661157	0.000578512	0.585714	0
	0.63	0.000743802	0.000764463	0.92459	0	0.000516529	0.000516529	0.585714	0
	0.631	0.000867769	0.000847107	0.921311	0	0.000661157	0.000661157	0.585714	0
	0.632	0.000702479	0.000826446	0.918033	0	0.000475207	0.000330579	0.571429	0
	0.633	0.000640496	0.000619835	0.918033	0	0.000454545	0.000578512	0.565217	0
	0.634	0.000557851	0.000661157	0.914754	0	0.00053719	0.000413223	0.550725	0
	0.635	0.000475207	0.00088843	0.911475	0	0.000516529	0.000454545	0.550725	0
	0.636	0.000578512	0.000619835	0.911475	0	0.000681818	0.000454545	0.558824	0
	0.637	0.000640496	0.000826446	0.914474	0	0.000557851	0.00053719	0.575758	0
	0.638	0.00088843	0.00072314	0.911184	0	0.000557851	0.000268595	0.569231	0
	0.639	0.000764463	0.000764463	0.907895	0	0.000661157	0.000475207	0.587302	0
	0.64	0.000805785	0.000764463	0.904605	0	0.000392562	0.00035124	0.587302	0
	0.641	0.000681818	0.000909091	0.907591	0	0.000392562	0.000454545	0.587302	0
	0.642	0.000661157	0.000867769	0.907591	0	0.000392562	0.000413223	0.590164	0
	0.643	0.000661157	0.000785124	0.90429	0	0.000557851	0.000392562	0.590164	0
	0.644	0.000764463	0.000805785	0.90429	0	0.000475207	0.000413223	0.6	0
	0.645	0.000599174	0.000640496	0.907285	0	0.00053719	0.000475207	0.6	0
	0.646	0.0010124	0.00107438	0.910299	0	0.000764463	0.000475207	0.59322	0
	0.647	0.000661157	0.000805785	0.906977	0	0.000702479	0.000413223	0.54386	0
	0.648	0.000764463	0.000599174	0.91	0	0.000640496	0.000516529	0.553571	0
	0.649	0.000475207	0.000805785	0.906667	0	0.000330579	0.00035124	0.563636	0
	0.65	0.00072314	0.000785124	0.906667	0	0.000495868	0.000433884	0.563636	0
	0.651	0.000661157	0.00072314	0.906667	0	0.00053719	0.000433884	0.574074	0
	0.652	0.000764463	0.000826446	0.903333	0	0.000516529	0.000619835	0.574074	0
	0.653	0.000785124	0.000619835	0.903333	0	0.00053719	0.000413223	0.584906	0
	0.654	0.00072314	0.000578512	0.903333	0	0.000371901	0.000371901	0.566038	0
	0.655	0.000743802	0.000971074	0.9	0	0.000475207	0.000433884	0.566038	0
	0.656	0.000971074	0.000785124	0.9	0	0.000516529	0.000495868	0.54717	0
	0.657	0.00105372	0.000785124	0.896667	0	0.000557851	0.000330579	0.568627	0
	0.658	0.000661157	0.000971074	0.896667	0	0.000619835	0.00053719	0.54902	0
	0.659	0.000826446	0.000847107	0.899666	0	0.000681818	0.000578512	0.55102	0
	0.66	0.00088843	0.000909091	0.905724	0	0.000433884	0.000413223	0.5625	0
	0.661	0.000991736	0.000950413	0.89899	0	0.000640496	0.000454545	0.5	0
	0.662	0.00088843	0.000826446	0.895623	0	0.000702479	0.000516529	0.510638	0
	0.663	0.00107438	0.000578512	0.895623	0	0.000371901	0.000392562	0.510638	0
	0.664	0.000702479	0.00088843	0.898649	0	0.000578512	0.000557851	0.510638	0
	0.665	0.000847107	0.000950413	0.898649	0	0.000805785	0.000599174	0.521739	0
	0.666	0.00103306	0.000785124	0.898649	0	0.000578512	0.000516529	0.5	0
	0.667	0.00088843	0.000929752	0.894915	0	0.00072314	0.000495868	0.5	0
	0.668	0.0010124	0.000826446	0.894915	0	0.000557851	0.000371901	0.5	0
	0.669	0.000950413	0.000681818	0.894915	0	0.000702479	0.000516529	0.5	0
	0.67	0.000909091	0.000764463	0.891525	0	0.000805785	0.000599174	0.5	0
	0.671	0.000950413	0.00072314	0.888136	0	0.000702479	0.000454545	0.5	0
	0.672	0.000785124	0.000805785	0.891156	0	0.000661157	0.000268595	0.478261	0
	0.673	0.000909091	0.000785124	0.891156	0	0.000785124	0.000330579	0.456522	0
	0.674	0.000599174	0.000702479	0.891156	0	0.000971074	0.000475207	0.456522	0
	0.675	0.000785124	0.000805785	0.890785	0	0.00109504	0.000475207	0.434783	0
	0.676	0.000867769	0.000764463	0.890785	0	0.000681818	0.000433884	0.434783	0
	0.677	0.000826446	0.000743802	0.890785	0	0.000785124	0.000557851	0.444444	0
	0.678	0.00088843	0.000991736	0.887372	0	0.000785124	0.000371901	0.422222	0
	0.679	0.000867769	0.000764463	0.890411	0	0.0011157	0.000413223	0.4	0
	0.68	0.000950413	0.000743802	0.890034	0	0.000764463	0.00035124	0.377778	0
	0.681	0.000909091	0.000785124	0.886598	0	0.000826446	0.00035124	0.333333	0
	0.682	0.00119835	0.000640496	0.886598	0	0.000681818	0.000371901	0.333333	0
	0.683	0.000681818	0.000909091	0.889655	0	0.000867769	0.000413223	0.333333	0
	0.684	0.000909091	0.000867769	0.889655	0	0.000764463	0.000392562	0.333333	0
	0.685	0.000826446	0.000909091	0.889655	0	0.000991736	0.000247934	0.333333	0
	0.686	0.00103306	0.00109504	0.886207	0	0.00105372	0.000309917	0.340909	0
	0.687	0.000991736	0.000661157	0.889273	0	0.000826446	0.000413223	0.325581	0
	0.688	0.00107438	0.00072314	0.885417	0	0.000764463	0.000433884	0.309524	0
	0.689	0.00105372	0.000826446	0.888502	0	0.00088843	0.000495868	0.309524	0
	0.69	0.000909091	0.000867769	0.888502	0	0.00121901	0.000268595	0.309524	0
	0.691	0.000764463	0.000661157	0.888502	0	0.000805785	0.000289256	0.285714	0
	0.692	0.00107438	0.000640496	0.888502	0	0.00105372	0.00035124	0.285714	0
	0.693	0.0011157	0.000764463	0.881533	0	0.0010124	0.000413223	0.285714	0
	0.694	0.00128099	0.000805785	0.877622	0	0.00103306	0.000475207	0.285714	0
	0.695	0.00107438	0.000805785	0.874126	0	0.00113636	0.000227273	0.285714	0
	0.696	0.000867769	0.000805785	0.877193	0	0.000909091	0.000454545	0.285714	0
	0.697	0.00119835	0.000599174	0.880282	0	0.000702479	0.000454545	0.285714	0
	0.698	0.000867769	0.000619835	0.876761	0	0.000743802	0.000371901	0.292683	0
	0.699	0.000929752	0.000702479	0.879859	0	0.00105372	0.000206612	0.3	0
	0.7	0.000929752	0.000785124	0.879859	0	0.000909091	0.000433884	0.282051	0
	0.701	0.00088843	0.000681818	0.876325	0	0.000950413	0.000289256	0.282051	0
	0.702	0.000702479	0.000764463	0.876325	0	0.000971074	0.000413223	0.282051	0
	0.703	0.00119835	0.000578512	0.879433	0	0.000847107	0.000247934	0.27027	0
	0.704	0.000681818	0.000929752	0.882562	0	0.000971074	0.000309917	0.243243	0
	0.705	0.000764463	0.0010124	0.882562	0	0.000971074	0.00035124	0.243243	0
	0.706	0.00107438	0.000681818	0.882562	0	0.000929752	0.00035124	0.243243	0
	0.707	0.000929752	0.000702479	0.885714	0	0.000950413	0.00035124	0.243243	0
	0.708	0.00088843	0.000661157	0.878571	0	0.0011157	0.000309917	0.25	0
	0.709	0.000867769	0.000826446	0.878571	0	0.000929752	0.000454545	0.257143	0
	0.71	0.0010124	0.000847107	0.88172	0	0.000909091	0.000165289	0.257143	0
	0.711	0.000950413	0.000909091	0.88172	0	0.000867769	0.000330579	0.257143	0
	0.712	0.000909091	0.000805785	0.880866	0	0.0011157	0.000475207	0.257143	0
	0.713	0.000785124	0.000929752	0.880866	0	0.000764463	0.000330579	0.264706	0
	0.714	0.000847107	0.000743802	0.880866	0	0.000619835	0.000454545	0.264706	0
	0.715	0.000785124	0.00072314	0.880435	0	0.000681818	0.000289256	0.264706	0
	0.716	0.000909091	0.00053719	0.876812	0	0.000826446	0.000454545	0.264706	0
	0.717	0.00115702	0.000599174	0.873188	0	0.000826446	0.000371901	0.264706	0
	0.718	0.0011157	0.000702479	0.876364	0	0.000743802	0.000371901	0.235294	0
	0.719	0.00103306	0.000454545	0.879562	0	0.000702479	0.000516529	0.235294	0
	0.72	0.000991736	0.000950413	0.879562	0	0.000867769	0.000289256	0.235294	0
	0.721	0.0010124	0.000785124	0.882784	0	0.000805785	0.000289256	0.242424	0
	0.722	0.000702479	0.000805785	0.882784	0	0.000619835	0.000247934	0.242424	0
	0.723	0.000764463	0.000661157	0.882784	0	0.000764463	0.00035124	0.212121	0
	0.724	0.000929752	0.000826446	0.882784	0	0.000578512	0.000371901	0.212121	0
	0.725	0.000909091	0.000681818	0.882353	0	0.000909091	0.000392562	0.21875	0
	0.726	0.000826446	0.000971074	0.882353	0	0.000661157	0.000330579	0.1875	0
	0.727	0.00103306	0.000867769	0.875	0	0.000619835	0.000144628	0.1875	0
	0.728	0.00105372	0.000950413	0.878229	0	0.000619835	0.000289256	0.2	0
	0.729	0.00088843	0.00072314	0.878229	0	0.000619835	0.00035124	0.206897	0
	0.73	0.0014876	0.000785124	0.881041	0	0.000495868	0.000289256	0.206897	0
	0.731	0.000991736	0.000929752	0.884328	0	0.000516529	0.000227273	0.214286	0
	0.732	0.000805785	0.000805785	0.890977	0	0.000702479	0.000268595	0.214286	0
	0.733	0.000909091	0.000826446	0.890977	0	0.000578512	0.000309917	0.222222	0
	0.734	0.000743802	0.000909091	0.890566	0	0.000640496	0.000227273	0.222222	0
	0.735	0.00105372	0.000785124	0.886792	0	0.000557851	0.00035124	0.222222	0
	0.736	0.000867769	0.000867769	0.886792	0	0.000599174	0.000309917	0.208333	0
	0.737	0.00105372	0.000971074	0.889734	0	0.000475207	0.000289256	0.217391	0
	0.738	0.00107438	0.00107438	0.885932	0	0.000247934	0.000268595	0.217391	0
	0.739	0.00088843	0.000929752	0.885932	0	0.000371901	0.00035124	0.227273	0
	0.74	0.000826446	0.000619835	0.889313	0	0.000413223	0.000247934	0.227273	0
	0.741	0.00109504	0.000599174	0.889313	0	0.000309917	0.000289256	0.227273	0
	0.742	0.00072314	0.00072314	0.885496	0	0.00035124	0.000206612	0.227273	0
	0.743	0.00109504	0.000826446	0.888889	0	0.000413223	0.000289256	0.238095	0
	0.744	0.00119835	0.000661157	0.892308	0	0.000495868	0.000392562	0.238095	0
	0.745	0.000929752	0.000785124	0.892308	0	0.000371901	0.000309917	0.238095	0
	0.746	0.000909091	0.000785124	0.892308	0	0.000516529	0.000227273	0.25	0
	0.747	0.000764463	0.000929752	0.895753	0	0.000640496	0.000309917	0.263158	0
	0.748	0.000805785	0.000743802	0.895753	0	0.000392562	0.000309917	0.294118	0
	0.749	0.000929752	0.000681818	0.895753	0	0.000309917	0.000247934	0.235294	0
	0.75	0.000847107	0.000826446	0.895753	0	0.00035124	0.000268595	0.235294	0
	0.751	0.000702479	0.000785124	0.895753	0	0.000495868	0.000330579	0.25	0
	0.752	0.00109504	0.000867769	0.895753	0	0.000247934	0.000227273	0.25	0
	0.753	0.000909091	0.000929752	0.895753	0	0.000475207	0.000433884	0.1875	0
	0.754	0.000909091	0.000867769	0.891892	0	0.000289256	0.000309917	0.1875	0
	0.755	0.000764463	0.000764463	0.891892	0	0.000371901	0.000144628	0.1875	0
	0.756	0.000826446	0.000495868	0.891892	0	0.00035124	0.000227273	0.1875	0
	0.757	0.000826446	0.000971074	0.898833	0	0.000433884	0.00035124	0.153846	0
	0.758	0.00107438	0.00105372	0.902344	0	0.00035124	0.000227273	0.166667	0
	0.759	0.000743802	0.000661157	0.913043	0	0.000247934	0.000392562	0.166667	0
	0.76	0.00088843	0.000578512	0.912698	0	0.000392562	0.000206612	0.166667	0
	0.761	0.00107438	0.00072314	0.912698	0	0.000371901	0.000268595	0.166667	0
	0.762	0.000764463	0.00088843	0.912698	0	0.000268595	0.000247934	0.166667	0
	0.763	0.000847107	0.000847107	0.916335	0	0.000371901	0.000247934	0.181818	0
	0.764	0.000681818	0.000867769	0.916335	0	0.00035124	0.000289256	0.181818	0
	0.765	0.000867769	0.000847107	0.912351	0	0.000227273	0.000227273	0.181818	0
	0.766	0.00053719	0.00121901	0.912351	0	0.000247934	0.00018595	0.181818	0
	0.767	0.000599174	0.000743802	0.916	0	0.000330579	0.000227273	0.181818	0
	0.768	0.000475207	0.000702479	0.912	0	0.000247934	0.000206612	0.181818	0
	0.769	0.000702479	0.00107438	0.915663	0	0.00035124	0.000227273	0.181818	0
	0.77	0.000454545	0.00072314	0.915663	0	0.000413223	0.000289256	0.2	0
	0.771	0.000619835	0.000785124	0.919355	0	0.000330579	0.000206612	0.2	0
	0.772	0.000475207	0.000661157	0.915323	0	0.000165289	0.000165289	0.2	0
	0.773	0.000681818	0.000826446	0.915323	0	0.000206612	0.000144628	0.2	0
	0.774	0.000661157	0.000785124	0.915323	0	0.000309917	0.00035124	0.2	0
	0.775	0.00053719	0.000909091	0.919028	0	0.000268595	0.000144628	0.2	0
	0.776	0.000433884	0.000702479	0.91498	0	0.000371901	0.00018595	0.2	0
	0.777	0.000516529	0.000578512	0.91498	0	0.000309917	0.000123967	0.222222	0
	0.778	0.000661157	0.000805785	0.914634	0	0.000206612	0.00018595	0.222222	0
	0.779	0.000702479	0.000847107	0.910569	0	0.000309917	0.000247934	0.222222	0
	0.78	0.000309917	0.000971074	0.914286	0	0.000227273	0.000227273	0.222222	0
	0.781	0.000516529	0.000805785	0.914286	0	0.000268595	0.000227273	0.222222	0
	0.782	0.000619835	0.000826446	0.910204	0	0.00018595	0.000206612	0.222222	0
	0.783	0.000557851	0.000826446	0.917695	0	0.000227273	0.000268595	0.25	0
	0.784	0.000640496	0.000743802	0.917695	0	6.19835e-05	0.00018595	0.25	0
	0.785	0.000495868	0.000495868	0.917355	0	0.000144628	0.00018595	0.25	0
	0.786	0.000557851	0.000971074	0.921162	0	0.000268595	0.000268595	0.25	0
	0.787	0.000433884	0.000826446	0.921162	0	0.000206612	0.000289256	0.285714	0
	0.788	0.000433884	0.000909091	0.921162	0	0.000103306	0.000227273	0.333333	0
	0.789	0.000371901	0.000743802	0.917012	0	0.000103306	0.000206612	0.333333	0
	0.79	0.000619835	0.000681818	0.920833	0	0.00018595	0.000206612	0.333333	0
	0.791	0.000661157	0.0010124	0.928571	0	0.000144628	0.000268595	0.333333	0
	0.792	0.000516529	0.000867769	0.92437	0	6.19835e-05	0.00018595	0.333333	0
	0.793	0.00053719	0.000764463	0.92437	0	0.000144628	0.000309917	0.333333	0
	0.794	0.000702479	0.000909091	0.920168	0	0.000144628	0.000206612	0.333333	0
	0.795	0.000640496	0.0010124	0.920168	0	0.000103306	0.000206612	0.333333	0
	0.796	0.000495868	0.0011157	0.920168	0	0.000165289	0.000165289	0.333333	0
	0.797	0.000661157	0.000909091	0.920168	0	0.000144628	0.000165289	0.333333	0
	0.798	0.000681818	0.000909091	0.920168	0	0.000103306	0.000144628	0.333333	0
	0.799	0.000433884	0.000743802	0.920168	0	8.26446e-05	0.000206612	0.333333	0
	0.8	0.000702479	0.000867769	0.920168	0	6.19835e-05	0.00018595	0.333333	0
	0.801	0.000557851	0.000867769	0.924051	0	4.13223e-05	0.000247934	0.333333	0
	0.802	0.000619835	0.000805785	0.931915	0	2.06612e-05	0.000206612	0.166667	0
	0.803	0.000661157	0.00072314	0.931915	0	2.06612e-05	0.000144628	0.166667	0
	0.804	0.000599174	0.00088843	0.931624	0	8.26446e-05	0.000247934	0.166667	0
	0.805	0.000826446	0.000909091	0.931624	0	0	0.000165289	0.2	0
	0.806	0.000599174	0.000991736	0.935622	0	8.26446e-05	0.000123967	0.2	0
	0.807	0.000557851	0.000681818	0.927039	0	4.13223e-05	0.000206612	0.2	0
	0.808	0.000599174	0.00072314	0.927039	0	6.19835e-05	0.000103306	0.2	0
	0.809	0.000516529	0.000702479	0.927039	0	0.000103306	0.000144628	0.2	0
	0.81	0.000743802	0.000681818	0.931034	0	2.06612e-05	0.000206612	0.25	0
	0.811	0.000681818	0.000805785	0.931034	0	0	0.000309917	0.25	0
	0.812	0.000495868	0.000826446	0.931034	0	2.06612e-05	0.00018595	0.25	0
	0.813	0.000619835	0.000909091	0.926724	0	2.06612e-05	0.000144628	0.25	0
	0.814	0.00072314	0.000971074	0.922414	0	0	0.000206612	0.25	0
	0.815	0.000516529	0.000950413	0.922414	0	0	0.00018595	0.25	0
	0.816	0.000578512	0.000785124	0.918103	0	0	0.000103306	0.25	0
	0.817	0.000454545	0.000909091	0.917749	0	0	4.13223e-05	0.25	0
	0.818	0.000454545	0.000681818	0.91342	0	0	0.000227273	0.25	0
	0.819	0.000475207	0.000867769	0.908696	0	2.06612e-05	0.000206612	0.25	0
	0.82	0.000681818	0.000971074	0.908297	0	4.13223e-05	0.00018595	0.25	0
	0.821	0.000433884	0.000929752	0.90393	0	2.06612e-05	0.000206612	0.25	0
	0.822	0.000785124	0.00088843	0.90393	0	8.26446e-05	0.000165289	0.333333	0
	0.823	0.000557851	0.000909091	0.90393	0	4.13223e-05	6.19835e-05	0.5	0
	0.824	0.000557851	0.000909091	0.90393	0	0	0.000268595	0.5	0
	0.825	0.000619835	0.000743802	0.90393	0	4.13223e-05	0.00018595	0.5	0
	0.826	0.000681818	0.000805785	0.899563	0	0	0.000103306	0.5	0
	0.827	0.000743802	0.00103306	0.895197	0	2.06612e-05	0.000103306	0.5	0
	0.828	0.000599174	0.000867769	0.89083	0	2.06612e-05	0.000123967	0.5	0
	0.829	0.000764463	0.000785124	0.89083	0	4.13223e-05	0.000165289	0.5	0
	0.83	0.000619835	0.000929752	0.890351	0	0	0.000268595	0.5	0
	0.831	0.000785124	0.0010124	0.889868	0	6.19835e-05	0.000123967	0.5	0
	0.832	0.000764463	0.00088843	0.885463	0	6.19835e-05	8.26446e-05	0.5	0
	0.833	0.000681818	0.00109504	0.881057	0	2.06612e-05	0.000103306	0.5	0
	0.834	0.000743802	0.000971074	0.881057	0	4.13223e-05	0.00018595	0.5	0
	0.835	0.000785124	0.000826446	0.884956	0	4.13223e-05	0.000103306	0.5	0
	0.836	0.00107438	0.000867769	0.884956	0	0.000103306	6.19835e-05	0.5	0
	0.837	0.000991736	0.00117769	0.880531	0	6.19835e-05	6.19835e-05	0.5	0
	0.838	0.000950413	0.00107438	0.884444	0	8.26446e-05	0.00018595	0.5	0
	0.839	0.000847107	0.000909091	0.888393	0	2.06612e-05	0.000123967	0.5	0
	0.84	0.000909091	0.000929752	0.888393	0	4.13223e-05	0.000103306	0.5	0
	0.841	0.000909091	0.000971074	0.883408	0	6.19835e-05	0.000144628	0.5	0
	0.842	0.0010124	0.000971074	0.883408	0	4.13223e-05	6.19835e-05	0.5	0
	0.843	0.00113636	0.00088843	0.878924	0	8.26446e-05	0.000165289	0.5	0
	0.844	0.000971074	0.000743802	0.878924	0	8.26446e-05	0.000144628	0.5	0
	0.845	0.000971074	0.00105372	0.878924	0	6.19835e-05	8.26446e-05	0.5	0
	0.846	0.00130165	0.0010124	0.878378	0	0.000123967	6.19835e-05	0.5	0
	0.847	0.00103306	0.0010124	0.869369	0	8.26446e-05	0.00018595	0.5	0
	0.848	0.00121901	0.00105372	0.868778	0	6.19835e-05	8.26446e-05	0.5	0
	0.849	0.00123967	0.000991736	0.868778	0	4.13223e-05	8.26446e-05	0.5	0
	0.85	0.00132231	0.00109504	0.863636	0	6.19835e-05	4.13223e-05	0.5	0
	0.851	0.00103306	0.000950413	0.863636	0	2.06612e-05	0.000165289	0.5	0
	0.852	0.00157025	0.000743802	0.863636	0	8.26446e-05	0.000103306	0.5	0
	0.853	0.00088843	0.000929752	0.863636	0	6.19835e-05	0.000103306	0.5	0
	0.854	0.00134298	0.00109504	0.859091	0	4.13223e-05	0.00018595	0.5	0
	0.855	0.00134298	0.000826446	0.859091	0	6.19835e-05	6.19835e-05	0.5	0
	0.856	0.00132231	0.00113636	0.85	0	4.13223e-05	0.000103306	0.5	0
	0.857	0.00130165	0.0013843	0.85	0	2.06612e-05	2.06612e-05	0.5	0
	0.858	0.00128099	0.000950413	0.85	0	0	0.000123967	0.5	0
	0.859	0.00144628	0.00103306	0.853881	0	8.26446e-05	0.000123967	0.5	0
	0.86	0.00150826	0.000867769	0.853881	0	0	8.26446e-05	0.5	0
	0.861	0.00117769	0.00105372	0.853881	0	0	0.000165289	0.5	0
	0.862	0.00144628	0.000991736	0.853881	0	0	4.13223e-05	0.5	0
	0.863	0.00130165	0.00119835	0.857798	0	0	0.000144628	0.5	0
	0.864	0.00144628	0.00115702	0.857798	0	0	6.19835e-05	0.5	0
	0.865	0.00140496	0.00103306	0.853211	0	4.13223e-05	4.13223e-05	0.5	0
	0.866	0.00121901	0.00109504	0.848624	0	0	0	0.5	0
	0.867	0.00128099	0.0011157	0.852535	0	0	6.19835e-05	0.5	0
	0.868	0.00121901	0.00119835	0.852535	0	0	8.26446e-05	0.5	0
	0.869	0.00126033	0.000909091	0.860465	0	0	8.26446e-05	0.5	0
	0.87	0.0010124	0.00123967	0.855814	0	0	6.19835e-05	0.5	0
	0.871	0.00117769	0.00115702	0.859813	0	0	0.000144628	0.5	0
	0.872	0.00146694	0.00105372	0.86385	0	0	6.19835e-05	0.5	0
	0.873	0.000950413	0.000971074	0.86385	0	2.06612e-05	0	0.5	0
	0.874	0.00117769	0.0011157	0.867299	0	0	6.19835e-05	1	0
	0.875	0.00105372	0.00130165	0.871429	0	0	0.000103306	1	0
	0.876	0.00119835	0.00123967	0.875598	0	0	0.000103306	1	0
	0.877	0.000909091	0.00103306	0.866029	0	0	0.000103306	1	0
	0.878	0.000909091	0.000971074	0.866029	0	0	8.26446e-05	1	0
	0.879	0.000971074	0.00117769	0.870192	0	0	0.000103306	1	0
	0.88	0.00121901	0.0010124	0.865385	0	0	2.06612e-05	1	0
	0.881	0.000929752	0.0010124	0.865385	0	0	8.26446e-05	1	0
	0.882	0.0010124	0.00126033	0.860577	0	0	8.26446e-05	1	0
	0.883	0.000929752	0.0010124	0.864078	0	0	0.000144628	1	0
	0.884	0.0010124	0.00113636	0.864078	0	0	4.13223e-05	1	0
	0.885	0.000826446	0.00117769	0.868293	0	0	4.13223e-05	1	0
	0.886	0.000971074	0.0011157	0.881188	0	0	6.19835e-05	1	0
	0.887	0.00109504	0.00113636	0.885572	0	0	8.26446e-05	1	0
	0.888	0.00103306	0.00115702	0.875622	0	0	4.13223e-05	1	0
	0.889	0.0010124	0.000991736	0.875622	0	2.06612e-05	8.26446e-05	1	0
	0.89	0.000929752	0.00126033	0.875622	0	0	6.19835e-05	0	0
	0.891	0.000785124	0.00117769	0.875622	0	4.13223e-05	8.26446e-05	0	0
	0.892	0.000971074	0.00154959	0.875622	0	2.06612e-05	0.000103306	0	0
	0.893	0.000991736	0.000826446	0.875	0	2.06612e-05	0.000103306	0	0
	0.894	0.000867769	0.00109504	0.878788	0	2.06612e-05	4.13223e-05	0	0
	0.895	0.00088843	0.00117769	0.873737	0	2.06612e-05	8.26446e-05	0	0
	0.896	0.000743802	0.00121901	0.873096	0	0	2.06612e-05	0	0
	0.897	0.000847107	0.00123967	0.872449	0	2.06612e-05	2.06612e-05	0	0
	0.898	0.00088843	0.00115702	0.871795	0	2.06612e-05	2.06612e-05	0	0
	0.899	0.000971074	0.00144628	0.876289	0	2.06612e-05	4.13223e-05	0	0
	0.9	0.0010124	0.00117769	0.880829	0	2.06612e-05	2.06612e-05	0	0
	0.901	0.000805785	0.0011157	0.865285	0	2.06612e-05	6.19835e-05	0	0
	0.902	0.000764463	0.00128099	0.869792	0	4.13223e-05	2.06612e-05	0	0
	0.903	0.000909091	0.00117769	0.869792	0	2.06612e-05	2.06612e-05	0	0
	0.904	0.000764463	0.00115702	0.86911	0	6.19835e-05	4.13223e-05	0	0
	0.905	0.0010124	0.00121901	0.878307	0	6.19835e-05	4.13223e-05	0	0
	0.906	0.000805785	0.00121901	0.878307	0	0.000103306	2.06612e-05	0	0
	0.907	0.000743802	0.00130165	0.873016	0	4.13223e-05	4.13223e-05	0	0
	0.908	0.00113636	0.0014876	0.873016	0	0.000103306	8.26446e-05	0	0
	0.909	0.00105372	0.00140496	0.873016	0	8.26446e-05	8.26446e-05	0	0
	0.91	0.0010124	0.00117769	0.867021	0	4.13223e-05	4.13223e-05	0	0
	0.911	0.00103306	0.0011157	0.86631	0	4.13223e-05	0	0	0
	0.912	0.00107438	0.00130165	0.860963	0	0.000123967	0	0	0
	0.913	0.000929752	0.00134298	0.850267	0	0.000165289	2.06612e-05	0	0
	0.914	0.00142562	0.00171488	0.839572	0	6.19835e-05	0.000103306	0	0
	0.915	0.00157025	0.00109504	0.818182	0	0.000103306	4.13223e-05	0	0
	0.916	0.00113636	0.00119835	0.811828	0	2.06612e-05	4.13223e-05	0	0
	0.917	0.00144628	0.00163223	0.820652	0	8.26446e-05	2.06612e-05	0	0
	0.918	0.0017562	0.00134298	0.819672	0	4.13223e-05	6.19835e-05	0	0
	0.919	0.00152893	0.00126033	0.797814	0	8.26446e-05	6.19835e-05	0	0
	0.92	0.00150826	0.00126033	0.786885	0	8.26446e-05	0	0	0
	0.921	0.0017562	0.00144628	0.775956	0	4.13223e-05	4.13223e-05	0	0
	0.922	0.00157025	0.00128099	0.765027	0	4.13223e-05	8.26446e-05	0	0
	0.923	0.00190083	0.00154959	0.759563	0	6.19835e-05	0	0	0
	0.924	0.00190083	0.00169421	0.752747	0	2.06612e-05	4.13223e-05	0	0
	0.925	0.0022314	0.00119835	0.736264	0	6.19835e-05	0	0	0
	0.926	0.00247934	0.00169421	0.725275	0	8.26446e-05	6.19835e-05	0	0
	0.927	0.00233471	0.00165289	0.731844	0	2.06612e-05	0	0	0
	0.928	0.00262397	0.00161157	0.726257	0	4.13223e-05	4.13223e-05	0	0
	0.929	0.00258264	0.00169421	0.715084	0	4.13223e-05	0	0	0
	0.93	0.00330579	0.00136364	0.703911	0	0	4.13223e-05	0	0
	0.931	0.00311983	0.00140496	0.691011	0	0	2.06612e-05	0	0
	0.932	0.0032438	0.00179752	0.685393	0	2.06612e-05	2.06612e-05	0	0
	0.933	0.00326446	0.00117769	0.674157	0	0	0	0	0
	0.934	0.00382231	0.00165289	0.662921	0	0	0	0	0
	0.935	0.00340909	0.00132231	0.655367	0	0	0	0	0
	0.936	0.0039876	0.0018595	0.655367	0	0	2.06612e-05	0	0
	0.937	0.00386364	0.00121901	0.647727	0	2.06612e-05	4.13223e-05	0	0
	0.938	0.00411157	0.00179752	0.645714	0	0	0	0	0
	0.939	0.00365702	0.00198347	0.635838	0	0	2.06612e-05	0	0
	0.94	0.00371901	0.00171488	0.639535	0	0	0	0	0
	0.941	0.00392562	0.0014876	0.622093	0	0	0	0	0
	0.942	0.00378099	0.0013843	0.616279	0	0	0	0	0
	0.943	0.0047314	0.0014876	0.611765	0	0	4.13223e-05	0	0
	0.944	0.0043595	0.00159091	0.60119	0	0	6.19835e-05	0	0
	0.945	0.00502066	0.00198347	0.598802	0	0	2.06612e-05	0	0
	0.946	0.00471074	0.00144628	0.580838	0	0	0	0	0
	0.947	0.00508264	0.00181818	0.580838	0	0	0	0	0
	0.948	0.00442149	0.0018595	0.569697	0	0	0	0	0
	0.949	0.00355372	0.00190083	0.574074	0	0	0	0	0
	0.95	0.00454545	0.0017562	0.571429	0	0	0	0	0
	0.951	0.00427686	0.00221074	0.553459	0	0	2.06612e-05	0	0
	0.952	0.00506198	0.00188017	0.556962	0	0	0	0	0
	0.953	0.00380165	0.0017562	0.55414	0	0	0	0	0
	0.954	0.00419421	0.00157025	0.558442	0	0	0	0	0
	0.955	0.00386364	0.00188017	0.555556	0	0	0	0	0
	0.956	0.0039876	0.00188017	0.562914	0	0	0	0	0
	0.957	0.00396694	0.00179752	0.567568	0	0	0	0	0
	0.958	0.00429752	0.00173554	0.565517	0	0	0	0	0
	0.959	0.00384298	0.00190083	0.559441	0	0	2.06612e-05	0	0
	0.96	0.00384298	0.00163223	0.55	0	0	4.13223e-05	0	0
	0.961	0.00359504	0.00204545	0.550725	0	0	2.06612e-05	0	0
	0.962	0.00390496	0.00159091	0.544776	0	0	2.06612e-05	0	0
	0.963	0.00369835	0.00154959	0.553846	0	0	0	0	0
	0.964	0.00363636	0.00152893	0.527559	0	0	2.06612e-05	0	0
	0.965	0.00347107	0.00169421	0.527559	0	0	2.06612e-05	0	0
	0.966	0.0035124	0.0017562	0.512	0	0	0	0	0
	0.967	0.00347107	0.00154959	0.512195	0	0	0	0	0
	0.968	0.00419421	0.00152893	0.504132	0	0	0	0	0
	0.969	0.00355372	0.00142562	0.5	0	0	0	0	0
	0.97	0.00373967	0.00179752	0.483051	0	0	0	0	0
	0.971	0.00450413	0.00136364	0.470085	0	0	2.06612e-05	0	0
	0.972	0.00475207	0.000991736	0.428571	0	0	0	0	0
	0.973	0.0039876	0.00146694	0.425926	0	0	0	0	0
	0.974	0.00479339	0.0018595	0.407767	0	0	0	0	0
	0.975	0.00508264	0.00132231	0.4	0	0	0	0	0
	0.976	0.00555785	0.00123967	0.383838	0	0	0	0	0
	0.977	0.00533058	0.00130165	0.364583	0	0	0	0	0
	0.978	0.00547521	0.00159091	0.368421	0	0	0	0	0
	0.979	0.00599174	0.00132231	0.361702	0	0	0	0	0
	0.98	0.00609504	0.00136364	0.333333	0	0	0	0	0
	0.981	0.00628099	0.00126033	0.301075	0	0	2.06612e-05	0	0
	0.982	0.00636364	0.00123967	0.277778	0	0	0	0	0
	0.983	0.00737603	0.00109504	0.27381	0	0	0	0	0
	0.984	0.00679752	0.00117769	0.246914	0	0	0	0	0
	0.985	0.00690083	0.000971074	0.2375	0	0	0	0	0
	0.986	0.00657025	0.00130165	0.236842	0	0	0	0	0
	0.987	0.0067562	0.000929752	0.253521	0	0	0	0	0
	0.988	0.00576446	0.00105372	0.220588	0	0	0	0	0
	0.989	0.00642562	0.000702479	0.184615	0	0	0	0	0
	0.99	0.0060124	0.00072314	0.16129	0	0	0	0	0
	0.991	0.00663223	0.000661157	0.15	0	0	0	0	0
	0.992	0.00566116	0.000475207	0.132075	0	0	0	0	0
	0.993	0.00543388	0.000681818	0.06	0	0	0	0	0
	0.994	0.0063843	0.000413223	0.0454545	0	0	0	0	0
	0.995	0.00721074	0.000330579	0.0263158	0	0	0	0	0
	0.996	0.00630165	0.000268595	0.0294118	0	0	0	0	0
	0.997	0.00628099	0.00035124	0	0	0	0	0	0
	0.998	0.00572314	0.000330579	0	0	0	0	0	0
	0.999	0.0031405	0.000268595	0	0	0	0	0	0
	1	0.00245868	0.00018595	0	0	0	0	0	0


#	yrange	sparsity	# links	zeta	support at cross	fraction FP	support at cross2	fraction FP2
	0	0	0	0.0217126	0.917	0.323709	0.917	0.323709
	0.008	0	0	0.0217126	0.917	0.323709	0.917	0.323709
