#	Frequencies and overlap
#	bins	MYC	shuffle	overlap_MYC	overlap_shuffle	SIGN_MYC	SIGNshuffle	SIGNoverlap_MYC	SIGNoverlap_shuffle
	0	0.00115702	0.00159091	1	1	0.479793	0.476054	0.378016	0
	0.001	0.00227273	0.0031405	0.983471	0.896694	0.00107438	0.00159091	0.378016	0
	0.002	0.00297521	0.00355372	0.966942	0.807851	0.00231405	0.00204545	0.378016	0
	0.003	0.00423554	0.00417355	0.956612	0.731405	0.00345041	0.00266529	0.378016	0
	0.004	0.00458678	0.0042562	0.950413	0.657025	0.00367769	0.00291322	0.379032	0
	0.005	0.00549587	0.00431818	0.948347	0.576446	0.0038843	0.00334711	0.380054	0
	0.006	0.00576446	0.00446281	0.942149	0.522727	0.00340909	0.00359504	0.381081	0
	0.007	0.00549587	0.00466942	0.941909	0.458678	0.00297521	0.00396694	0.384196	0
	0.008	0.00541322	0.00442149	0.939709	0.402893	0.00320248	0.00371901	0.387363	0
	0.009	0.005	0.00524793	0.927235	0.367769	0.00369835	0.00380165	0.390582	0
	0.01	0.00419421	0.00481405	0.920998	0.309917	0.00402893	0.00456612	0.393855	0
	0.011	0.00415289	0.00514463	0.920668	0.283058	0.00376033	0.0035124	0.398305	0
	0.012	0.00454545	0.00502066	0.916143	0.245868	0.00378099	0.00394628	0.404011	0
	0.013	0.00404959	0.00477273	0.915966	0.216942	0.00431818	0.00402893	0.404011	0
	0.014	0.00396694	0.00502066	0.911579	0.202479	0.00363636	0.00373967	0.405172	0
	0.015	0.00477273	0.00516529	0.909283	0.171488	0.00407025	0.00411157	0.408696	0
	0.016	0.00431818	0.00524793	0.905983	0.159091	0.00444215	0.00411157	0.411079	0
	0.017	0.00417355	0.00493802	0.911828	0.140496	0.0043595	0.00433884	0.414706	0
	0.018	0.00448347	0.00510331	0.905376	0.123967	0.0036157	0.00429752	0.422156	0
	0.019	0.00423554	0.00506198	0.909091	0.109504	0.00421488	0.00438017	0.424699	0
	0.02	0.00450413	0.00493802	0.906522	0.088843	0.00365702	0.0043595	0.427273	0
	0.021	0.00452479	0.00551653	0.897603	0.0826446	0.00382231	0.0046281	0.428571	0
	0.022	0.00452479	0.00541322	0.891068	0.072314	0.0031405	0.00338843	0.433846	0
	0.023	0.00458678	0.00510331	0.886463	0.0702479	0.00297521	0.00378099	0.439252	0
	0.024	0.00485537	0.00524793	0.884279	0.0661157	0.00233471	0.00411157	0.443038	0
	0.025	0.00460744	0.00460744	0.875546	0.0640496	0.00278926	0.00392562	0.44586	0
	0.026	0.00427686	0.00469008	0.868709	0.0619835	0.00210744	0.00367769	0.447284	0
	0.027	0.00460744	0.00576446	0.871965	0.0557851	0.00208678	0.00380165	0.451613	0
	0.028	0.0039876	0.00578512	0.871681	0.053719	0.00200413	0.00421488	0.453074	0
	0.029	0.00450413	0.00520661	0.866962	0.0475207	0.00179752	0.00382231	0.463576	0
	0.03	0.00419421	0.00506198	0.868009	0.0433884	0.00161157	0.00336777	0.468013	0
	0.031	0.00423554	0.00442149	0.868009	0.0413223	0.00177686	0.00338843	0.471186	0
	0.032	0.0043595	0.00533058	0.867416	0.0413223	0.0014876	0.00353306	0.484321	0
	0.033	0.00506198	0.00559917	0.869074	0.0413223	0.00126033	0.00355372	0.492908	0
	0.034	0.00458678	0.00497934	0.868778	0.0413223	0.00171488	0.00318182	0.5	0
	0.035	0.00450413	0.00530992	0.868481	0.0392562	0.0013843	0.00369835	0.505455	0
	0.036	0.00491736	0.00466942	0.868182	0.0371901	0.00136364	0.00394628	0.505455	0
	0.037	0.00402893	0.00458678	0.875862	0.035124	0.00130165	0.0036157	0.507299	0
	0.038	0.00394628	0.00471074	0.873272	0.0330579	0.00159091	0.00307851	0.509158	0
	0.039	0.00419421	0.00483471	0.881395	0.0330579	0.00152893	0.00322314	0.511029	0
	0.04	0.00450413	0.00520661	0.880841	0.0309917	0.00130165	0.00342975	0.511029	0
	0.041	0.0039876	0.00493802	0.882904	0.0309917	0.000991736	0.00299587	0.513011	0
	0.042	0.00396694	0.00419421	0.888889	0.0309917	0.00132231	0.0031405	0.520755	0
	0.043	0.00386364	0.00466942	0.881517	0.0268595	0.00146694	0.00342975	0.526718	0
	0.044	0.00326446	0.00440083	0.881235	0.0268595	0.00126033	0.00334711	0.530769	0
	0.045	0.00295455	0.00423554	0.880952	0.0268595	0.00157025	0.00311983	0.530769	0
	0.046	0.00295455	0.00460744	0.884892	0.0268595	0.00130165	0.00293388	0.523256	0
	0.047	0.0027686	0.00423554	0.884892	0.0247934	0.00134298	0.00295455	0.525292	0
	0.048	0.0025	0.00497934	0.884615	0.0227273	0.00171488	0.00293388	0.525292	0
	0.049	0.00258264	0.00400826	0.882212	0.0206612	0.00136364	0.00268595	0.527344	0
	0.05	0.0021281	0.00458678	0.881643	0.018595	0.00126033	0.00268595	0.529412	0
	0.051	0.00221074	0.00479339	0.876513	0.0165289	0.00121901	0.00268595	0.527559	0
	0.052	0.0022314	0.00444215	0.874092	0.0144628	0.00132231	0.00270661	0.529644	0
	0.053	0.00198347	0.00396694	0.882353	0.0144628	0.00128099	0.00311983	0.529644	0
	0.054	0.00208678	0.00400826	0.888889	0.0144628	0.00150826	0.00307851	0.531746	0
	0.055	0.00208678	0.00495868	0.8933	0.0144628	0.00152893	0.00254132	0.536	0
	0.056	0.00177686	0.00433884	0.895	0.0144628	0.00130165	0.00283058	0.544715	0
	0.057	0.00210744	0.00394628	0.901763	0.0144628	0.00140496	0.00221074	0.538776	0
	0.058	0.00200413	0.00469008	0.903797	0.0144628	0.00119835	0.00274793	0.538776	0
	0.059	0.00233471	0.00363636	0.913043	0.0144628	0.00157025	0.0025	0.54321	0
	0.06	0.0018595	0.0039876	0.907692	0.0144628	0.0013843	0.00219008	0.539095	0
	0.061	0.00198347	0.00392562	0.910026	0.0123967	0.00128099	0.00297521	0.539095	0
	0.062	0.00173554	0.00400826	0.912371	0.0123967	0.00136364	0.00247934	0.539095	0
	0.063	0.00177686	0.00444215	0.912371	0.0103306	0.00167355	0.0025	0.543568	0
	0.064	0.00202479	0.00355372	0.912371	0.0103306	0.00140496	0.00219008	0.535565	0
	0.065	0.00177686	0.0038843	0.906736	0.0103306	0.00146694	0.00254132	0.540084	0
	0.066	0.00206612	0.00400826	0.901554	0.00826446	0.00177686	0.0027686	0.540084	0
	0.067	0.00177686	0.00355372	0.901554	0.00826446	0.00190083	0.00258264	0.542373	0
	0.068	0.00192149	0.0036157	0.903896	0.00826446	0.00188017	0.00245868	0.538136	0
	0.069	0.00181818	0.00390496	0.898701	0.00826446	0.0014876	0.00214876	0.542735	0
	0.07	0.00196281	0.00386364	0.900783	0.00826446	0.00196281	0.00216942	0.534188	0
	0.071	0.00208678	0.00390496	0.898172	0.00619835	0.00154959	0.00237603	0.534188	0
	0.072	0.00173554	0.00402893	0.900524	0.00619835	0.00173554	0.00268595	0.538793	0
	0.073	0.00171488	0.00376033	0.902887	0.00619835	0.0017562	0.0022314	0.538793	0
	0.074	0.00150826	0.0038843	0.905263	0.00619835	0.00146694	0.00243802	0.536797	0
	0.075	0.00167355	0.00345041	0.905013	0.00619835	0.00183884	0.00227273	0.536797	0
	0.076	0.00173554	0.00382231	0.902375	0.00619835	0.00167355	0.0014876	0.532468	0
	0.077	0.00157025	0.00278926	0.889182	0.00619835	0.00157025	0.00192149	0.532751	0
	0.078	0.0018595	0.00380165	0.889182	0.00413223	0.00181818	0.00214876	0.528384	0
	0.079	0.00165289	0.00320248	0.893899	0.00413223	0.00140496	0.00198347	0.530702	0
	0.08	0.00231405	0.00371901	0.896277	0.00206612	0.00157025	0.00150826	0.53304	0
	0.081	0.00140496	0.00347107	0.897849	0.00206612	0.00183884	0.00221074	0.535398	0
	0.082	0.0021281	0.00359504	0.90027	0.00206612	0.00190083	0.00163223	0.537778	0
	0.083	0.00204545	0.00355372	0.897297	0.00206612	0.00165289	0.00210744	0.542601	0
	0.084	0.00171488	0.00347107	0.899729	0.00206612	0.0018595	0.00200413	0.542601	0
	0.085	0.0021281	0.00353306	0.897019	0.00206612	0.00165289	0.00210744	0.542601	0
	0.086	0.00146694	0.00365702	0.894309	0.00206612	0.00165289	0.00206612	0.542601	0
	0.087	0.00214876	0.00307851	0.894022	0.00206612	0.00171488	0.00219008	0.547511	0
	0.088	0.00219008	0.00353306	0.896458	0.00206612	0.00146694	0.00163223	0.552995	0
	0.089	0.00188017	0.00311983	0.898907	0.00206612	0.00179752	0.00219008	0.556075	0
	0.09	0.00208678	0.00307851	0.893443	0.00206612	0.00154959	0.00167355	0.558685	0
	0.091	0.0021281	0.00355372	0.885246	0.00206612	0.00142562	0.00183884	0.553991	0
	0.092	0.00154959	0.00305785	0.885246	0.00206612	0.00123967	0.0021281	0.553991	0
	0.093	0.00204545	0.00363636	0.887671	0.00206612	0.0014876	0.00171488	0.559242	0
	0.094	0.00179752	0.00266529	0.887363	0.00206612	0.00121901	0.00216942	0.564593	0
	0.095	0.00171488	0.00357438	0.889503	0.00206612	0.00142562	0.00152893	0.567308	0
	0.096	0.00192149	0.00320248	0.896936	0	0.00152893	0.00163223	0.570048	0
	0.097	0.00198347	0.00295455	0.896936	0	0.0014876	0.00196281	0.572816	0
	0.098	0.00177686	0.00320248	0.891365	0	0.0013843	0.00161157	0.57561	0
	0.099	0.00154959	0.0032438	0.896359	0	0.00132231	0.00210744	0.578431	0
	0.1	0.00194215	0.00266529	0.898876	0	0.00123967	0.00157025	0.578431	0
	0.101	0.0018595	0.00326446	0.898876	0	0.00119835	0.00179752	0.581281	0
	0.102	0.00169421	0.00299587	0.898876	0	0.00140496	0.00169421	0.579208	0
	0.103	0.00163223	0.00295455	0.895775	0	0.00107438	0.00177686	0.577889	0
	0.104	0.00167355	0.00272727	0.898305	0	0.00142562	0.00157025	0.577889	0
	0.105	0.0013843	0.00309917	0.898305	0	0.00142562	0.00157025	0.577889	0
	0.106	0.00144628	0.00264463	0.89548	0	0.00103306	0.00140496	0.580808	0
	0.107	0.0014876	0.00289256	0.897727	0	0.00117769	0.0014876	0.583756	0
	0.108	0.00136364	0.00258264	0.897436	0	0.00136364	0.00157025	0.583756	0
	0.109	0.00142562	0.00301653	0.897436	0	0.00088843	0.00157025	0.583756	0
	0.11	0.00136364	0.00258264	0.893983	0	0.00115702	0.00177686	0.581633	0
	0.111	0.00140496	0.00295455	0.890805	0	0.00105372	0.00136364	0.584615	0
	0.112	0.00163223	0.00258264	0.89049	0	0.00130165	0.00169421	0.587629	0
	0.113	0.00152893	0.0022314	0.892754	0	0.00115702	0.0014876	0.588542	0
	0.114	0.00144628	0.00254132	0.889535	0	0.000867769	0.00140496	0.594737	0
	0.115	0.00146694	0.00297521	0.889535	0	0.000991736	0.00157025	0.597884	0
	0.116	0.00132231	0.00266529	0.889535	0	0.00115702	0.00140496	0.597884	0
	0.117	0.0014876	0.00227273	0.889535	0	0.000950413	0.0018595	0.601064	0
	0.118	0.00140496	0.00270661	0.886628	0	0.000909091	0.00121901	0.61413	0
	0.119	0.00121901	0.00266529	0.886297	0	0.000929752	0.0013843	0.61413	0
	0.12	0.00109504	0.00274793	0.886297	0	0.000619835	0.00119835	0.617486	0
	0.121	0.00140496	0.00258264	0.883382	0	0.000764463	0.00159091	0.615385	0
	0.122	0.00128099	0.00254132	0.883382	0	0.000929752	0.00134298	0.618785	0
	0.123	0.00123967	0.00241736	0.891176	0	0.000785124	0.00126033	0.622222	0
	0.124	0.0011157	0.00256198	0.891176	0	0.000847107	0.00121901	0.625698	0
	0.125	0.00177686	0.00278926	0.893805	0	0.000619835	0.00144628	0.623596	0
	0.126	0.00169421	0.00247934	0.887906	0	0.000867769	0.00136364	0.623596	0
	0.127	0.00132231	0.00219008	0.890533	0	0.00053719	0.00115702	0.627119	0
	0.128	0.00123967	0.0027686	0.890208	0	0.000785124	0.00103306	0.630682	0
	0.129	0.00121901	0.00254132	0.895522	0	0.000681818	0.00123967	0.630682	0
	0.13	0.00130165	0.00219008	0.89521	0	0.000640496	0.00142562	0.630682	0
	0.131	0.00150826	0.00254132	0.89521	0	0.000743802	0.00152893	0.625	0
	0.132	0.00157025	0.00233471	0.894895	0	0.000661157	0.00128099	0.625	0
	0.133	0.00128099	0.00247934	0.900302	0	0.000516529	0.00157025	0.625	0
	0.134	0.00132231	0.00219008	0.897281	0	0.000702479	0.00119835	0.628571	0
	0.135	0.00159091	0.00214876	0.9	0	0.000640496	0.00115702	0.639535	0
	0.136	0.00144628	0.00241736	0.893939	0	0.000599174	0.00165289	0.639535	0
	0.137	0.00130165	0.00243802	0.890909	0	0.000454545	0.00132231	0.643275	0
	0.138	0.00154959	0.00202479	0.890909	0	0.000516529	0.00109504	0.643275	0
	0.139	0.00157025	0.00225207	0.890578	0	0.000599174	0.0011157	0.637427	0
	0.14	0.00123967	0.00229339	0.887195	0	0.000495868	0.00132231	0.637427	0
	0.141	0.00154959	0.0022314	0.88685	0	0.000433884	0.0011157	0.641176	0
	0.142	0.00130165	0.00179752	0.880734	0	0.000578512	0.00107438	0.64497	0
	0.143	0.00157025	0.00245868	0.88	0	0.000454545	0.00113636	0.656627	0
	0.144	0.00119835	0.0017562	0.876923	0	0.000433884	0.00140496	0.660606	0
	0.145	0.00173554	0.0022314	0.870769	0	0.000702479	0.00115702	0.662577	0
	0.146	0.00171488	0.00229339	0.873457	0	0.000640496	0.00142562	0.650307	0
	0.147	0.00132231	0.00262397	0.861111	0	0.000516529	0.0010124	0.654321	0
	0.148	0.00117769	0.00208678	0.857585	0	0.000433884	0.00119835	0.658385	0
	0.149	0.00152893	0.00190083	0.854489	0	0.000516529	0.00113636	0.658385	0
	0.15	0.00142562	0.00231405	0.857143	0	0.00053719	0.00126033	0.666667	0
	0.151	0.00103306	0.00233471	0.854037	0	0.000599174	0.00109504	0.660377	0
	0.152	0.0010124	0.00181818	0.854037	0	0.000640496	0.00119835	0.660377	0
	0.153	0.00123967	0.00163223	0.856698	0	0.000454545	0.000867769	0.658228	0
	0.154	0.00136364	0.00229339	0.856698	0	0.00035124	0.00105372	0.658228	0
	0.155	0.00159091	0.00194215	0.859375	0	0.000847107	0.00130165	0.658228	0
	0.156	0.00167355	0.00210744	0.859375	0	0.00053719	0.00117769	0.66242	0
	0.157	0.00196281	0.00179752	0.858934	0	0.000929752	0.000950413	0.66242	0
	0.158	0.00146694	0.00239669	0.858491	0	0.000867769	0.000971074	0.656051	0
	0.159	0.00154959	0.00196281	0.863492	0	0.000785124	0.00103306	0.656051	0
	0.16	0.0014876	0.00177686	0.866242	0	0.000661157	0.00105372	0.649682	0
	0.161	0.00140496	0.00188017	0.871795	0	0.000826446	0.0011157	0.649682	0
	0.162	0.00169421	0.00190083	0.871795	0	0.000640496	0.00107438	0.649682	0
	0.163	0.00154959	0.00210744	0.871795	0	0.000681818	0.000929752	0.653846	0
	0.164	0.00204545	0.0021281	0.865385	0	0.000640496	0.00088843	0.641026	0
	0.165	0.00146694	0.00196281	0.858974	0	0.000764463	0.00107438	0.641026	0
	0.166	0.00171488	0.00171488	0.852564	0	0.000764463	0.000950413	0.641026	0
	0.167	0.00163223	0.00219008	0.858065	0	0.00088843	0.000991736	0.641026	0
	0.168	0.00173554	0.00188017	0.854839	0	0.000640496	0.000743802	0.645161	0
	0.169	0.00157025	0.00173554	0.854839	0	0.000909091	0.000764463	0.645161	0
	0.17	0.0018595	0.00202479	0.857605	0	0.000991736	0.00113636	0.645161	0
	0.171	0.00154959	0.00221074	0.85342	0	0.000661157	0.0010124	0.645161	0
	0.172	0.00183884	0.00179752	0.850163	0	0.000785124	0.00126033	0.645161	0
	0.173	0.0013843	0.00200413	0.846906	0	0.000847107	0.000991736	0.649351	0
	0.174	0.0013843	0.00208678	0.849673	0	0.000785124	0.000950413	0.649351	0
	0.175	0.00169421	0.00177686	0.852459	0	0.000661157	0.000909091	0.653595	0
	0.176	0.00165289	0.00163223	0.855263	0	0.000640496	0.0011157	0.657895	0
	0.177	0.00169421	0.00206612	0.851974	0	0.000475207	0.000847107	0.657895	0
	0.178	0.00154959	0.00173554	0.851974	0	0.00088843	0.000764463	0.657895	0
	0.179	0.00150826	0.00188017	0.854785	0	0.000516529	0.00107438	0.657895	0
	0.18	0.00140496	0.00167355	0.854305	0	0.000640496	0.000826446	0.657895	0
	0.181	0.00157025	0.00123967	0.854305	0	0.000578512	0.000661157	0.657895	0
	0.182	0.00167355	0.00150826	0.857143	0	0.000578512	0.000785124	0.657895	0
	0.183	0.00157025	0.00152893	0.857143	0	0.000495868	0.00088843	0.662252	0
	0.184	0.0013843	0.00152893	0.86	0	0.000681818	0.00072314	0.662252	0
	0.185	0.00142562	0.00202479	0.86	0	0.000702479	0.000847107	0.671141	0
	0.186	0.00163223	0.00173554	0.86	0	0.000495868	0.000847107	0.671141	0
	0.187	0.00130165	0.00192149	0.856667	0	0.000516529	0.00107438	0.671141	0
	0.188	0.00159091	0.0018595	0.856187	0	0.000640496	0.000950413	0.671141	0
	0.189	0.00154959	0.00181818	0.852843	0	0.000826446	0.000991736	0.675676	0
	0.19	0.00128099	0.00192149	0.855705	0	0.000516529	0.00088843	0.675676	0
	0.191	0.00121901	0.00154959	0.858586	0	0.000681818	0.000743802	0.680272	0
	0.192	0.00115702	0.00204545	0.858586	0	0.000578512	0.00072314	0.680272	0
	0.193	0.00134298	0.00117769	0.851852	0	0.000516529	0.000805785	0.680272	0
	0.194	0.00140496	0.00161157	0.854237	0	0.000330579	0.00072314	0.680272	0
	0.195	0.00113636	0.00169421	0.857143	0	0.00053719	0.000661157	0.680272	0
	0.196	0.00123967	0.00181818	0.868966	0	0.000268595	0.000681818	0.680272	0
	0.197	0.00126033	0.00177686	0.875	0	0.000371901	0.000950413	0.684932	0
	0.198	0.00134298	0.00210744	0.875	0	0.000289256	0.000681818	0.675862	0
	0.199	0.00109504	0.00192149	0.875	0	0.000330579	0.000847107	0.680556	0
	0.2	0.00136364	0.00152893	0.871528	0	0.000495868	0.00072314	0.680556	0
	0.201	0.000991736	0.00194215	0.871528	0	0.000454545	0.000661157	0.685315	0
	0.202	0.00109504	0.00161157	0.87108	0	0.000413223	0.000909091	0.685315	0
	0.203	0.00126033	0.00181818	0.867596	0	0.000309917	0.000681818	0.685315	0
	0.204	0.00105372	0.00173554	0.864111	0	0.000413223	0.00088843	0.685315	0
	0.205	0.00109504	0.00198347	0.866667	0	0.000330579	0.00053719	0.690141	0
	0.206	0.000971074	0.00152893	0.866667	0	0.000330579	0.000805785	0.690141	0
	0.207	0.00103306	0.00190083	0.866667	0	0.000227273	0.000640496	0.690141	0
	0.208	0.00113636	0.00146694	0.869718	0	0.000289256	0.000847107	0.690141	0
	0.209	0.00132231	0.00171488	0.879004	0	0.000433884	0.000661157	0.695035	0
	0.21	0.0010124	0.0018595	0.878571	0	0.000289256	0.000599174	0.692857	0
	0.211	0.000826446	0.00179752	0.878571	0	0.00018595	0.000743802	0.697842	0
	0.212	0.000929752	0.00154959	0.878571	0	0.000454545	0.00053719	0.690647	0
	0.213	0.00088843	0.00152893	0.875	0	0.000227273	0.000702479	0.676259	0
	0.214	0.000847107	0.00134298	0.874552	0	0.000309917	0.00072314	0.681159	0
	0.215	0.000950413	0.00140496	0.874101	0	0.00035124	0.000681818	0.681159	0
	0.216	0.000909091	0.00165289	0.874101	0	0.00035124	0.000661157	0.681159	0
	0.217	0.000785124	0.00167355	0.877256	0	0.000454545	0.000454545	0.681159	0
	0.218	0.000929752	0.00152893	0.883636	0	0.000309917	0.000619835	0.681159	0
	0.219	0.00113636	0.00167355	0.886861	0	0.00035124	0.000599174	0.686131	0
	0.22	0.000702479	0.00161157	0.886447	0	0.000309917	0.000495868	0.686131	0
	0.221	0.000847107	0.00150826	0.889706	0	0.000475207	0.000475207	0.686131	0
	0.222	0.000826446	0.00152893	0.889706	0	0.000371901	0.000516529	0.686131	0
	0.223	0.000805785	0.00179752	0.886029	0	0.000371901	0.000557851	0.691176	0
	0.224	0.000847107	0.00132231	0.886029	0	0.000392562	0.000516529	0.691176	0
	0.225	0.000619835	0.00123967	0.888889	0	0.000578512	0.000661157	0.683824	0
	0.226	0.000681818	0.00154959	0.888889	0	0.00053719	0.000619835	0.683824	0
	0.227	0.000743802	0.00142562	0.888889	0	0.000599174	0.000557851	0.686567	0
	0.228	0.0010124	0.00140496	0.888889	0	0.000516529	0.000599174	0.686567	0
	0.229	0.00088843	0.00159091	0.892193	0	0.000495868	0.000661157	0.686567	0
	0.23	0.000929752	0.00146694	0.895522	0	0.00072314	0.000743802	0.686567	0
	0.231	0.00088843	0.00140496	0.895131	0	0.000289256	0.000661157	0.686567	0
	0.232	0.000785124	0.00157025	0.901887	0	0.000454545	0.00053719	0.686567	0
	0.233	0.000785124	0.00136364	0.901141	0	0.000619835	0.00053719	0.691729	0
	0.234	0.000599174	0.00146694	0.901141	0	0.000516529	0.000495868	0.684211	0
	0.235	0.000805785	0.00126033	0.901141	0	0.000661157	0.000619835	0.684211	0
	0.236	0.000847107	0.0013843	0.90458	0	0.000661157	0.000661157	0.689394	0
	0.237	0.00072314	0.00152893	0.908046	0	0.000516529	0.00053719	0.674242	0
	0.238	0.000764463	0.00119835	0.904215	0	0.000454545	0.000619835	0.674242	0
	0.239	0.000847107	0.00152893	0.904215	0	0.000599174	0.000661157	0.674242	0
	0.24	0.000661157	0.00161157	0.904215	0	0.000495868	0.000578512	0.674242	0
	0.241	0.000847107	0.00177686	0.904215	0	0.000557851	0.000495868	0.674242	0
	0.242	0.000785124	0.00126033	0.907692	0	0.000413223	0.000578512	0.674242	0
	0.243	0.0010124	0.00150826	0.903846	0	0.000516529	0.000516529	0.674242	0
	0.244	0.000826446	0.00126033	0.903846	0	0.000475207	0.000495868	0.674242	0
	0.245	0.000578512	0.00132231	0.9	0	0.000702479	0.000578512	0.666667	0
	0.246	0.000950413	0.00146694	0.895753	0	0.00053719	0.000454545	0.671756	0
	0.247	0.000681818	0.00126033	0.891892	0	0.000640496	0.00072314	0.671756	0
	0.248	0.000702479	0.00140496	0.891892	0	0.000371901	0.000495868	0.671756	0
	0.249	0.000950413	0.00123967	0.891473	0	0.000475207	0.000578512	0.671756	0
	0.25	0.000495868	0.00140496	0.894942	0	0.000475207	0.000247934	0.671756	0
	0.251	0.000785124	0.00117769	0.891051	0	0.000495868	0.000495868	0.671756	0
	0.252	0.000847107	0.00117769	0.891051	0	0.000454545	0.000454545	0.671756	0
	0.253	0.000764463	0.00117769	0.883268	0	0.000578512	0.000681818	0.671756	0
	0.254	0.000661157	0.00136364	0.886719	0	0.000495868	0.000289256	0.676923	0
	0.255	0.0010124	0.00132231	0.886719	0	0.000454545	0.000475207	0.676923	0
	0.256	0.000743802	0.00130165	0.882812	0	0.000330579	0.000475207	0.676923	0
	0.257	0.000661157	0.00146694	0.882812	0	0.000661157	0.000371901	0.676923	0
	0.258	0.000929752	0.00144628	0.882812	0	0.000392562	0.000433884	0.669231	0
	0.259	0.000805785	0.00113636	0.886275	0	0.000516529	0.000640496	0.669231	0
	0.26	0.00088843	0.00128099	0.886275	0	0.00053719	0.000454545	0.669231	0
	0.261	0.00107438	0.00144628	0.886275	0	0.000371901	0.000516529	0.674419	0
	0.262	0.000867769	0.000991736	0.885827	0	0.000392562	0.000330579	0.679688	0
	0.263	0.000743802	0.00115702	0.885827	0	0.000433884	0.000413223	0.679688	0
	0.264	0.000971074	0.0010124	0.88189	0	0.000392562	0.000392562	0.671875	0
	0.265	0.00072314	0.00132231	0.88189	0	0.000454545	0.00035124	0.671875	0
	0.266	0.000950413	0.00113636	0.88189	0	0.00053719	0.000371901	0.671875	0
	0.267	0.000826446	0.00136364	0.874016	0	0.000371901	0.00035124	0.671875	0
	0.268	0.000867769	0.00105372	0.869565	0	0.000578512	0.000392562	0.677165	0
	0.269	0.000950413	0.00140496	0.865613	0	0.000433884	0.000619835	0.68254	0
	0.27	0.00109504	0.00150826	0.865613	0	0.000454545	0.000599174	0.68254	0
	0.271	0.00088843	0.00105372	0.87251	0	0.000392562	0.00035124	0.68254	0
	0.272	0.000826446	0.00134298	0.879518	0	0.000475207	0.000433884	0.68254	0
	0.273	0.000702479	0.00144628	0.879518	0	0.000516529	0.000495868	0.674603	0
	0.274	0.000991736	0.00121901	0.879518	0	0.000454545	0.00035124	0.68	0
	0.275	0.00107438	0.00115702	0.879518	0	0.000413223	0.000619835	0.685484	0
	0.276	0.00107438	0.000867769	0.875502	0	0.000392562	0.000289256	0.691057	0
	0.277	0.000867769	0.00144628	0.875502	0	0.000557851	0.000454545	0.691057	0
	0.278	0.00088843	0.00117769	0.879032	0	0.000475207	0.000392562	0.691057	0
	0.279	0.000681818	0.00119835	0.879032	0	0.000454545	0.000475207	0.696721	0
	0.28	0.00107438	0.000991736	0.875	0	0.000433884	0.000247934	0.688525	0
	0.281	0.000929752	0.00126033	0.870968	0	0.00035124	0.000433884	0.688525	0
	0.282	0.00107438	0.00088843	0.870968	0	0.00035124	0.00035124	0.688525	0
	0.283	0.000847107	0.00123967	0.874494	0	0.000557851	0.000330579	0.688525	0
	0.284	0.000867769	0.00105372	0.874494	0	0.000475207	0.000413223	0.688525	0
	0.285	0.000826446	0.000950413	0.874494	0	0.000599174	0.000454545	0.694215	0
	0.286	0.000950413	0.00142562	0.873984	0	0.00053719	0.000330579	0.691667	0
	0.287	0.00103306	0.000826446	0.873984	0	0.000371901	0.000309917	0.691667	0
	0.288	0.000909091	0.000909091	0.869919	0	0.00053719	0.000454545	0.691667	0
	0.289	0.000764463	0.000929752	0.869919	0	0.000454545	0.000475207	0.691667	0
	0.29	0.000909091	0.000991736	0.873469	0	0.000371901	0.000433884	0.691667	0
	0.291	0.00088843	0.00115702	0.873469	0	0.000619835	0.00035124	0.691667	0
	0.292	0.0010124	0.00126033	0.877049	0	0.000392562	0.000309917	0.691667	0
	0.293	0.00115702	0.0011157	0.884298	0	0.000516529	0.000392562	0.691667	0
	0.294	0.000805785	0.00088843	0.884298	0	0.00035124	0.000413223	0.691667	0
	0.295	0.00105372	0.000971074	0.884298	0	0.000578512	0.000392562	0.691667	0
	0.296	0.000909091	0.000909091	0.880165	0	0.00035124	0.000454545	0.691667	0
	0.297	0.000909091	0.0010124	0.876033	0	0.00035124	0.00053719	0.683333	0
	0.298	0.00072314	0.000950413	0.879668	0	0.000309917	0.000413223	0.689076	0
	0.299	0.000764463	0.000991736	0.879668	0	0.000392562	0.00053719	0.689076	0
	0.3	0.000950413	0.00105372	0.875519	0	0.000289256	0.000392562	0.692308	0
	0.301	0.000805785	0.000867769	0.879167	0	0.000289256	0.000392562	0.692308	0
	0.302	0.00088843	0.000991736	0.879167	0	0.000454545	0.000268595	0.683761	0
	0.303	0.0010124	0.000805785	0.870833	0	0.000392562	0.000371901	0.683761	0
	0.304	0.00072314	0.000909091	0.870833	0	0.000557851	0.000165289	0.683761	0
	0.305	0.000805785	0.000909091	0.874477	0	0.000371901	0.000309917	0.689655	0
	0.306	0.000640496	0.000909091	0.874477	0	0.000433884	0.000227273	0.689655	0
	0.307	0.000929752	0.000950413	0.874477	0	0.000330579	0.000392562	0.695652	0
	0.308	0.000619835	0.000847107	0.878151	0	0.000330579	0.00018595	0.695652	0
	0.309	0.00088843	0.00088843	0.873418	0	0.000433884	0.000371901	0.695652	0
	0.31	0.00072314	0.000929752	0.877119	0	0.000475207	0.000268595	0.686957	0
	0.311	0.000640496	0.000743802	0.884615	0	0.000619835	0.000309917	0.686957	0
	0.312	0.000681818	0.0010124	0.884615	0	0.000454545	0.000454545	0.678261	0
	0.313	0.00053719	0.000743802	0.880342	0	0.000805785	0.00018595	0.684211	0
	0.314	0.000867769	0.00072314	0.88412	0	0.000495868	0.000371901	0.675439	0
	0.315	0.000826446	0.000640496	0.887931	0	0.000516529	0.000433884	0.681416	0
	0.316	0.000743802	0.00105372	0.887931	0	0.000413223	0.000371901	0.681416	0
	0.317	0.000661157	0.000826446	0.887931	0	0.000475207	0.00035124	0.681416	0
	0.318	0.000681818	0.000909091	0.883117	0	0.000516529	0.00035124	0.6875	0
	0.319	0.000516529	0.0010124	0.886957	0	0.000454545	0.000330579	0.6875	0
	0.32	0.000516529	0.00088843	0.882609	0	0.000413223	0.000413223	0.6875	0
	0.321	0.000640496	0.000909091	0.882609	0	0.000392562	0.000309917	0.6875	0
	0.322	0.000681818	0.000909091	0.882609	0	0.000599174	0.000247934	0.6875	0
	0.323	0.000578512	0.000971074	0.882609	0	0.000330579	0.000227273	0.678571	0
	0.324	0.000785124	0.00088843	0.882609	0	0.000433884	0.000392562	0.669643	0
	0.325	0.000661157	0.00088843	0.886463	0	0.000867769	0.000371901	0.669643	0
	0.326	0.000475207	0.000950413	0.890351	0	0.000454545	0.000371901	0.675676	0
	0.327	0.000516529	0.000867769	0.889868	0	0.000661157	0.00018595	0.675676	0
	0.328	0.000619835	0.00072314	0.885463	0	0.000516529	0.000433884	0.675676	0
	0.329	0.000743802	0.000681818	0.885463	0	0.000392562	0.000103306	0.688073	0
	0.33	0.00072314	0.000826446	0.885463	0	0.000681818	0.000330579	0.694444	0
	0.331	0.00072314	0.000785124	0.885463	0	0.000330579	0.00018595	0.700935	0
	0.332	0.000619835	0.00072314	0.885463	0	0.000495868	0.000289256	0.700935	0
	0.333	0.000805785	0.000764463	0.889381	0	0.000433884	0.000227273	0.700935	0
	0.334	0.000557851	0.00088843	0.889381	0	0.000454545	0.000392562	0.682243	0
	0.335	0.00088843	0.000557851	0.884956	0	0.000433884	0.000227273	0.682243	0
	0.336	0.000578512	0.000681818	0.888889	0	0.000433884	0.000289256	0.672897	0
	0.337	0.000619835	0.00053719	0.888889	0	0.000578512	0.000371901	0.672897	0
	0.338	0.000619835	0.000619835	0.888889	0	0.000330579	0.00018595	0.663551	0
	0.339	0.000743802	0.000578512	0.892857	0	0.000640496	0.000289256	0.663551	0
	0.34	0.000847107	0.000764463	0.892377	0	0.000371901	0.000433884	0.654206	0
	0.341	0.000557851	0.000764463	0.891892	0	0.000454545	0.000206612	0.64486	0
	0.342	0.000764463	0.000702479	0.9	0	0.000557851	0.000289256	0.635514	0
	0.343	0.000516529	0.00105372	0.9	0	0.00053719	0.00018595	0.635514	0
	0.344	0.000764463	0.000681818	0.895455	0	0.00035124	0.000309917	0.626168	0
	0.345	0.000681818	0.000454545	0.890909	0	0.000599174	0.000227273	0.622642	0
	0.346	0.000929752	0.000805785	0.890909	0	0.000330579	0.000268595	0.622642	0
	0.347	0.000619835	0.000743802	0.890909	0	0.000433884	0.000330579	0.622642	0
	0.348	0.000826446	0.000433884	0.886364	0	0.000599174	0.000227273	0.622642	0
	0.349	0.000909091	0.000640496	0.890411	0	0.000475207	0.000413223	0.622642	0
	0.35	0.000557851	0.000599174	0.894495	0	0.000557851	0.000330579	0.628571	0
	0.351	0.000702479	0.000743802	0.894495	0	0.000578512	0.000371901	0.634615	0
	0.352	0.000599174	0.000681818	0.894495	0	0.000516529	0.000309917	0.640777	0
	0.353	0.000495868	0.000661157	0.889908	0	0.00072314	0.00018595	0.640777	0
	0.354	0.000640496	0.000557851	0.894009	0	0.000578512	0.000413223	0.647059	0
	0.355	0.00053719	0.000764463	0.894009	0	0.000475207	0.000289256	0.647059	0
	0.356	0.000681818	0.000681818	0.898148	0	0.000619835	0.000392562	0.647059	0
	0.357	0.000661157	0.000599174	0.898148	0	0.000557851	0.000309917	0.637255	0
	0.358	0.00072314	0.000578512	0.902326	0	0.000619835	0.000247934	0.637255	0
	0.359	0.000557851	0.000681818	0.902326	0	0.000599174	0.000289256	0.637255	0
	0.36	0.000805785	0.000826446	0.902326	0	0.000640496	0.000392562	0.637255	0
	0.361	0.000433884	0.000516529	0.897674	0	0.000495868	0.000165289	0.637255	0
	0.362	0.000702479	0.000702479	0.893023	0	0.00072314	0.000227273	0.637255	0
	0.363	0.00053719	0.000599174	0.893023	0	0.000681818	0.000309917	0.65	0
	0.364	0.000640496	0.000413223	0.897196	0	0.000681818	0.00035124	0.65	0
	0.365	0.000454545	0.000413223	0.897196	0	0.000805785	0.000227273	0.65	0
	0.366	0.000454545	0.000557851	0.897196	0	0.00072314	0.00018595	0.65	0
	0.367	0.000599174	0.000454545	0.897196	0	0.000661157	0.000227273	0.65	0
	0.368	0.000681818	0.000516529	0.897196	0	0.00072314	0.000392562	0.65	0
	0.369	0.000578512	0.000371901	0.897196	0	0.000867769	0.000289256	0.656566	0
	0.37	0.000661157	0.000661157	0.897196	0	0.000971074	0.000268595	0.656566	0
	0.371	0.000433884	0.000495868	0.90566	0	0.000805785	0.000227273	0.670103	0
	0.372	0.000557851	0.000599174	0.90566	0	0.000909091	0.000227273	0.670103	0
	0.373	0.000516529	0.000516529	0.909953	0	0.000702479	0.000206612	0.670103	0
	0.374	0.000495868	0.00072314	0.905213	0	0.000619835	0.00018595	0.670103	0
	0.375	0.000392562	0.000661157	0.900474	0	0.000867769	0.000247934	0.659794	0
	0.376	0.000413223	0.000578512	0.900474	0	0.00103306	0.000309917	0.666667	0
	0.377	0.000516529	0.00053719	0.904762	0	0.000867769	0.000123967	0.645833	0
	0.378	0.00072314	0.000661157	0.904762	0	0.000702479	0.000206612	0.635417	0
	0.379	0.000392562	0.000475207	0.904762	0	0.000661157	0.000268595	0.642105	0
	0.38	0.00053719	0.000433884	0.909091	0	0.000847107	0.00018595	0.642105	0
	0.381	0.000413223	0.00053719	0.904306	0	0.000599174	0.000247934	0.631579	0
	0.382	0.000557851	0.000557851	0.904306	0	0.00072314	0.000392562	0.638298	0
	0.383	0.000413223	0.000743802	0.904306	0	0.000475207	0.000206612	0.638298	0
	0.384	0.00053719	0.000743802	0.908654	0	0.000785124	0.000247934	0.645161	0
	0.385	0.000309917	0.000433884	0.908654	0	0.000702479	0.000227273	0.634409	0
	0.386	0.000371901	0.000371901	0.913043	0	0.000681818	0.00018595	0.623656	0
	0.387	0.00053719	0.000454545	0.913043	0	0.000785124	0.000330579	0.623656	0
	0.388	0.000454545	0.000495868	0.913043	0	0.000640496	0.000289256	0.637363	0
	0.389	0.00035124	0.000516529	0.913043	0	0.000681818	0.000227273	0.637363	0
	0.39	0.000309917	0.000578512	0.913043	0	0.000578512	0.000165289	0.626374	0
	0.391	0.000640496	0.00053719	0.917476	0	0.000289256	0.000144628	0.626374	0
	0.392	0.000640496	0.000475207	0.912621	0	0.000516529	0.000289256	0.626374	0
	0.393	0.000371901	0.000619835	0.898058	0	0.000640496	0.000227273	0.626374	0
	0.394	0.000640496	0.000619835	0.898058	0	0.000619835	0.000330579	0.626374	0
	0.395	0.000433884	0.000578512	0.902439	0	0.000578512	0.000289256	0.626374	0
	0.396	0.000371901	0.000578512	0.897561	0	0.000371901	0.000144628	0.626374	0
	0.397	0.000330579	0.000599174	0.901961	0	0.000640496	0.000268595	0.615385	0
	0.398	0.000330579	0.000702479	0.897059	0	0.000557851	0.000227273	0.622222	0
	0.399	0.00035124	0.000516529	0.892157	0	0.000392562	0.000309917	0.622222	0
	0.4	0.000371901	0.000392562	0.892157	0	0.000392562	0.000268595	0.622222	0
	0.401	0.000433884	0.000309917	0.892157	0	0.000392562	0.000103306	0.622222	0
	0.402	0.000330579	0.000433884	0.892157	0	0.000599174	0.00035124	0.622222	0
	0.403	0.000433884	0.000330579	0.896552	0	0.000495868	0.000268595	0.617978	0
	0.404	0.000433884	0.000454545	0.896552	0	0.000578512	0.000165289	0.606742	0
	0.405	0.000433884	0.000516529	0.896552	0	0.000475207	0.000227273	0.613636	0
	0.406	0.000309917	0.00053719	0.896552	0	0.000495868	0.000227273	0.613636	0
	0.407	0.000371901	0.000599174	0.896552	0	0.000578512	0.000289256	0.635294	0
	0.408	0.000495868	0.000495868	0.896552	0	0.000475207	0.000165289	0.650602	0
	0.409	0.000371901	0.000371901	0.896552	0	0.000599174	8.26446e-05	0.650602	0
	0.41	0.000433884	0.000454545	0.896552	0	0.00035124	0.000309917	0.638554	0
	0.411	0.000475207	0.000495868	0.896552	0	0.000702479	0.000268595	0.634146	0
	0.412	0.000475207	0.000413223	0.89604	0	0.000330579	0.000206612	0.641975	0
	0.413	0.000371901	0.000413223	0.89604	0	0.00053719	0.000206612	0.641975	0
	0.414	0.000454545	0.000475207	0.89604	0	0.000557851	0.000247934	0.641975	0
	0.415	0.00053719	0.000371901	0.905	0	0.000578512	0.000289256	0.641975	0
	0.416	0.000433884	0.000661157	0.9	0	0.000764463	0.000289256	0.641975	0
	0.417	0.000681818	0.000433884	0.899497	0	0.000495868	0.000247934	0.65	0
	0.418	0.00053719	0.000495868	0.899497	0	0.00072314	0.000123967	0.6375	0
	0.419	0.000495868	0.000392562	0.899497	0	0.000557851	0.000289256	0.6375	0
	0.42	0.000640496	0.000392562	0.899497	0	0.000557851	0.000144628	0.620253	0
	0.421	0.000495868	0.000495868	0.899497	0	0.000475207	0.000289256	0.620253	0
	0.422	0.000661157	0.000413223	0.899497	0	0.00088843	0.000227273	0.615385	0
	0.423	0.00053719	0.000433884	0.899497	0	0.000661157	0.000165289	0.615385	0
	0.424	0.000433884	0.000413223	0.90404	0	0.000785124	0.000330579	0.589744	0
	0.425	0.00053719	0.000227273	0.913265	0	0.000805785	0.000206612	0.597403	0
	0.426	0.000619835	0.000640496	0.908163	0	0.000578512	0.000289256	0.597403	0
	0.427	0.000475207	0.000413223	0.912821	0	0.000495868	0.000144628	0.584416	0
	0.428	0.000619835	0.000289256	0.917526	0	0.000785124	0.000309917	0.584416	0
	0.429	0.000495868	0.000454545	0.917526	0	0.000764463	8.26446e-05	0.592105	0
	0.43	0.00035124	0.000413223	0.917526	0	0.000661157	0.000206612	0.565789	0
	0.431	0.000599174	0.000413223	0.917526	0	0.000847107	0.000165289	0.565789	0
	0.432	0.000599174	0.000495868	0.912371	0	0.000785124	0.000227273	0.56	0
	0.433	0.000764463	0.000206612	0.912371	0	0.000764463	0.000165289	0.56	0
	0.434	0.000599174	0.000289256	0.912371	0	0.000785124	0.000371901	0.546667	0
	0.435	0.000640496	0.000640496	0.912371	0	0.000619835	0.00018595	0.546667	0
	0.436	0.000413223	0.000516529	0.912371	0	0.00088843	0.000227273	0.554054	0
	0.437	0.000599174	0.000495868	0.912371	0	0.000785124	0.000227273	0.561644	0
	0.438	0.000599174	0.000433884	0.912371	0	0.000847107	0.000227273	0.561644	0
	0.439	0.000495868	0.000495868	0.917098	0	0.000826446	0.00018595	0.561644	0
	0.44	0.000475207	0.000454545	0.917098	0	0.000805785	0.000206612	0.561644	0
	0.441	0.000433884	0.000557851	0.911917	0	0.00088843	0.000144628	0.561644	0
	0.442	0.000289256	0.000475207	0.911917	0	0.000867769	0.000206612	0.561644	0
	0.443	0.000557851	0.000516529	0.911917	0	0.000640496	0.000206612	0.561644	0
	0.444	0.000475207	0.000413223	0.911917	0	0.000867769	0.000165289	0.561644	0
	0.445	0.000454545	0.000227273	0.911917	0	0.000785124	0.000123967	0.561644	0
	0.446	0.000619835	0.000413223	0.911917	0	0.000991736	0.000144628	0.561644	0
	0.447	0.000640496	0.000413223	0.911917	0	0.00103306	0.000144628	0.561644	0
	0.448	0.000371901	0.000454545	0.911917	0	0.000867769	0.000268595	0.561644	0
	0.449	0.000495868	0.000289256	0.916667	0	0.000805785	0.00035124	0.555556	0
	0.45	0.00035124	0.000475207	0.911458	0	0.000578512	0.00018595	0.56338	0
	0.451	0.00035124	0.00035124	0.90625	0	0.000640496	0.000247934	0.56338	0
	0.452	0.000433884	0.000578512	0.90625	0	0.000805785	0.000227273	0.56338	0
	0.453	0.000268595	0.000371901	0.90625	0	0.00115702	0.000206612	0.56338	0
	0.454	0.000495868	0.000268595	0.90625	0	0.000681818	0.00018595	0.549296	0
	0.455	0.000413223	0.00035124	0.910995	0	0.00072314	0.000144628	0.549296	0
	0.456	0.000454545	0.000557851	0.910995	0	0.000743802	0.000309917	0.549296	0
	0.457	0.000289256	0.000475207	0.905759	0	0.000805785	0.000206612	0.549296	0
	0.458	0.000371901	0.000413223	0.900524	0	0.000764463	0.000289256	0.557143	0
	0.459	0.00018595	0.000371901	0.900524	0	0.000702479	8.26446e-05	0.557143	0
	0.46	0.000227273	0.000495868	0.900524	0	0.000805785	0.000309917	0.565217	0
	0.461	0.000371901	0.000413223	0.905263	0	0.000950413	0.000268595	0.565217	0
	0.462	0.000392562	0.000413223	0.905263	0	0.000743802	0.000309917	0.573529	0
	0.463	0.000371901	0.00053719	0.9	0	0.000681818	0.000289256	0.573529	0
	0.464	0.000268595	0.000309917	0.9	0	0.000681818	0.000206612	0.573529	0
	0.465	0.000330579	0.00053719	0.9	0	0.000743802	0.000206612	0.58209	0
	0.466	0.000371901	0.000640496	0.904762	0	0.000826446	0.000144628	0.6	0
	0.467	0.000289256	0.000330579	0.909574	0	0.000578512	0.00018595	0.6	0
	0.468	0.000309917	0.000309917	0.914439	0	0.000661157	0.000289256	0.6	0
	0.469	0.000371901	0.000413223	0.914439	0	0.000826446	0.000165289	0.584615	0
	0.47	0.000309917	0.00035124	0.914439	0	0.00072314	0.000227273	0.569231	0
	0.471	0.000309917	0.000413223	0.914439	0	0.000599174	0.000123967	0.546875	0
	0.472	0.000371901	0.000516529	0.919355	0	0.000661157	0.000144628	0.555556	0
	0.473	0.00018595	0.000475207	0.918919	0	0.000661157	8.26446e-05	0.555556	0
	0.474	0.000330579	0.000371901	0.918919	0	0.000661157	0.000227273	0.564516	0
	0.475	0.000371901	0.00035124	0.923913	0	0.000640496	0.000206612	0.548387	0
	0.476	0.000330579	0.00035124	0.923913	0	0.000475207	0.000165289	0.557377	0
	0.477	0.000227273	0.00035124	0.928962	0	0.000764463	0.000144628	0.557377	0
	0.478	0.000371901	0.000433884	0.928962	0	0.000826446	8.26446e-05	0.576271	0
	0.479	0.000309917	0.000330579	0.928962	0	0.000433884	8.26446e-05	0.586207	0
	0.48	0.00035124	0.000475207	0.928962	0	0.000392562	0.000165289	0.586207	0
	0.481	0.000268595	0.000516529	0.928962	0	0.000681818	0.000165289	0.586207	0
	0.482	0.00035124	0.000516529	0.923497	0	0.000640496	0.00018595	0.586207	0
	0.483	0.00035124	0.000371901	0.918033	0	0.000557851	0.000123967	0.586207	0
	0.484	0.000454545	0.00035124	0.918033	0	0.000495868	0.000165289	0.568966	0
	0.485	0.000206612	0.00053719	0.918033	0	0.000495868	0.000123967	0.578947	0
	0.486	0.000413223	0.000330579	0.918033	0	0.000495868	0.000123967	0.571429	0
	0.487	0.000413223	0.000309917	0.918033	0	0.000702479	0.000268595	0.571429	0
	0.488	0.000247934	0.000330579	0.918033	0	0.000578512	0.000123967	0.563636	0
	0.489	0.000392562	0.000268595	0.923077	0	0.000413223	6.19835e-05	0.574074	0
	0.49	0.00053719	0.000392562	0.923077	0	0.00053719	0.000165289	0.574074	0
	0.491	0.000454545	0.000371901	0.923077	0	0.000330579	6.19835e-05	0.584906	0
	0.492	0.000413223	0.000454545	0.923077	0	0.000433884	0.000144628	0.584906	0
	0.493	0.000516529	0.000433884	0.917582	0	0.000433884	0.000103306	0.596154	0
	0.494	0.000247934	0.000330579	0.917582	0	0.000330579	0.000123967	0.596154	0
	0.495	0.000433884	0.000433884	0.922652	0	0.000309917	0.000103306	0.596154	0
	0.496	0.000371901	0.00035124	0.916667	0	0.000330579	0.000123967	0.596154	0
	0.497	0.000454545	0.000247934	0.916667	0	0.000309917	6.19835e-05	0.607843	0
	0.498	0.000475207	0.000371901	0.916667	0	0.000371901	0.000144628	0.607843	0
	0.499	0.000309917	0.000309917	0.921788	0	0.000330579	0.00018595	0.607843	0
	0.5	0.000433884	0.00018595	0.921788	0	0.000454545	0.000227273	0.6	0
	0.501	0.000516529	0.000454545	0.910615	0	0.000413223	0.000165289	0.6	0
	0.502	0.00053719	0.000392562	0.910615	0	0.000454545	0.000165289	0.612245	0
	0.503	0.000495868	0.000413223	0.910615	0	0.000454545	0.000227273	0.612245	0
	0.504	0.000475207	0.000371901	0.910615	0	0.000330579	0.000123967	0.625	0
	0.505	0.000165289	0.00035124	0.910615	0	0.000475207	0.000206612	0.617021	0
	0.506	0.000309917	0.00053719	0.91573	0	0.000413223	0.000103306	0.630435	0
	0.507	0.000454545	0.000454545	0.910112	0	0.000578512	0.000103306	0.630435	0
	0.508	0.000433884	0.000433884	0.910112	0	0.000433884	0.000144628	0.608696	0
	0.509	0.000433884	0.000413223	0.915254	0	0.000557851	0.000144628	0.608696	0
	0.51	0.000495868	0.000433884	0.909605	0	0.000454545	0.000144628	0.586957	0
	0.511	0.000330579	0.000289256	0.898305	0	0.000557851	0.000144628	0.577778	0
	0.512	0.000454545	0.000475207	0.898305	0	0.000557851	4.13223e-05	0.590909	0
	0.513	0.000433884	0.00053719	0.892655	0	0.000392562	0.000165289	0.604651	0
	0.514	0.000413223	0.000454545	0.892655	0	0.000475207	0.000144628	0.604651	0
	0.515	0.000330579	0.000247934	0.892655	0	0.000454545	0.000123967	0.604651	0
	0.516	0.000475207	0.000433884	0.892655	0	0.000454545	0.00018595	0.604651	0
	0.517	0.000309917	0.000413223	0.892655	0	0.000495868	8.26446e-05	0.604651	0
	0.518	0.000371901	0.000371901	0.892655	0	0.000640496	0.000227273	0.604651	0
	0.519	0.00035124	0.000371901	0.892655	0	0.000454545	0.000123967	0.604651	0
	0.52	0.000413223	0.000475207	0.892655	0	0.000475207	6.19835e-05	0.604651	0
	0.521	0.000392562	0.000330579	0.892655	0	0.000268595	0.000206612	0.619048	0
	0.522	0.000268595	0.000309917	0.892655	0	0.00035124	0.000144628	0.619048	0
	0.523	0.000392562	0.000309917	0.892655	0	0.000330579	0.000165289	0.619048	0
	0.524	0.000681818	0.000392562	0.892655	0	0.000371901	0.00018595	0.619048	0
	0.525	0.000433884	0.000475207	0.892045	0	0.000475207	0.000227273	0.619048	0
	0.526	0.000433884	0.000268595	0.892045	0	0.000640496	8.26446e-05	0.619048	0
	0.527	0.000413223	0.00035124	0.892045	0	0.000475207	0.000123967	0.619048	0
	0.528	0.000413223	0.000413223	0.892045	0	0.000495868	0.000144628	0.619048	0
	0.529	0.000309917	0.000227273	0.891429	0	0.000475207	8.26446e-05	0.619048	0
	0.53	0.000330579	0.000495868	0.891429	0	0.000392562	0.000144628	0.619048	0
	0.531	0.000371901	0.000268595	0.885714	0	0.00053719	0.000103306	0.634146	0
	0.532	0.000640496	0.000413223	0.885714	0	0.00035124	0.000123967	0.65	0
	0.533	0.000557851	0.000289256	0.885714	0	0.000309917	0.000123967	0.65	0
	0.534	0.000557851	0.000330579	0.885714	0	0.000475207	0.000227273	0.666667	0
	0.535	0.000433884	0.000309917	0.895954	0	0.000309917	4.13223e-05	0.641026	0
	0.536	0.000392562	0.000371901	0.895954	0	0.000495868	6.19835e-05	0.641026	0
	0.537	0.00072314	0.000330579	0.895954	0	0.000227273	0.000165289	0.641026	0
	0.538	0.000454545	0.000309917	0.890173	0	0.000392562	0.000206612	0.641026	0
	0.539	0.000578512	0.000268595	0.890173	0	0.00035124	0.000206612	0.641026	0
	0.54	0.000495868	0.000268595	0.890173	0	0.000309917	0.000123967	0.641026	0
	0.541	0.000557851	0.000309917	0.890173	0	0.000578512	0.000165289	0.641026	0
	0.542	0.000557851	0.000516529	0.890173	0	0.000433884	0.000144628	0.648649	0
	0.543	0.000661157	0.000371901	0.900585	0	0.000289256	0.000103306	0.648649	0
	0.544	0.00035124	0.000495868	0.900585	0	0.000454545	2.06612e-05	0.621622	0
	0.545	0.000599174	0.000392562	0.9	0	0.000392562	0.000103306	0.621622	0
	0.546	0.000475207	0.000227273	0.9	0	0.000495868	6.19835e-05	0.621622	0
	0.547	0.000805785	0.000330579	0.9	0	0.000330579	0.000123967	0.621622	0
	0.548	0.000847107	0.00035124	0.9	0	0.000392562	0.000123967	0.621622	0
	0.549	0.000516529	0.000433884	0.899408	0	0.000371901	6.19835e-05	0.621622	0
	0.55	0.000599174	0.000413223	0.899408	0	0.000392562	6.19835e-05	0.638889	0
	0.551	0.000847107	0.000289256	0.899408	0	0.000475207	8.26446e-05	0.657143	0
	0.552	0.000516529	0.000309917	0.899408	0	0.000289256	0.000103306	0.647059	0
	0.553	0.000557851	0.000144628	0.899408	0	0.000371901	0.000206612	0.647059	0
	0.554	0.000557851	0.00035124	0.893491	0	0.000309917	0.000123967	0.647059	0
	0.555	0.000599174	0.000413223	0.893491	0	0.000413223	0.000144628	0.647059	0
	0.556	0.000557851	0.000413223	0.887574	0	0.000247934	4.13223e-05	0.647059	0
	0.557	0.000661157	0.000247934	0.887574	0	0.000247934	0.000144628	0.647059	0
	0.558	0.000640496	0.000475207	0.887574	0	0.000392562	8.26446e-05	0.647059	0
	0.559	0.000702479	0.000289256	0.887574	0	0.000247934	0.000123967	0.617647	0
	0.56	0.000495868	0.000413223	0.887574	0	0.000165289	0.000103306	0.588235	0
	0.561	0.000661157	0.000289256	0.881657	0	0.000227273	0.000123967	0.588235	0
	0.562	0.000681818	0.000268595	0.881657	0	0.000289256	0.00018595	0.529412	0
	0.563	0.000599174	0.000392562	0.881657	0	0.000330579	0.000123967	0.529412	0
	0.564	0.000454545	0.000433884	0.87574	0	0.000289256	0.000165289	0.545455	0
	0.565	0.000599174	0.000330579	0.87574	0	0.000371901	0.000206612	0.515152	0
	0.566	0.000702479	0.000516529	0.87574	0	0.000268595	0.000144628	0.484848	0
	0.567	0.000475207	0.000330579	0.87574	0	0.00035124	4.13223e-05	0.484848	0
	0.568	0.000516529	0.000206612	0.869822	0	0.000227273	0.000123967	0.484848	0
	0.569	0.000413223	0.000144628	0.869822	0	0.000289256	8.26446e-05	0.484848	0
	0.57	0.000516529	0.000309917	0.869048	0	0.000289256	0.000144628	0.484848	0
	0.571	0.000371901	0.000227273	0.869048	0	0.000330579	0.000123967	0.484848	0
	0.572	0.000557851	0.000330579	0.869048	0	0.000268595	6.19835e-05	0.5	0
	0.573	0.00053719	0.000330579	0.869048	0	0.000433884	0.000103306	0.46875	0
	0.574	0.000681818	0.000309917	0.874251	0	0.000289256	6.19835e-05	0.46875	0
	0.575	0.000413223	0.000371901	0.874251	0	0.000392562	6.19835e-05	0.46875	0
	0.576	0.000475207	0.000392562	0.879518	0	0.000247934	0.000123967	0.483871	0
	0.577	0.000475207	0.000227273	0.884848	0	0.000206612	6.19835e-05	0.483871	0
	0.578	0.000413223	0.000309917	0.878788	0	0.000371901	0.000103306	0.483871	0
	0.579	0.000475207	0.000309917	0.884146	0	0.000413223	0.000103306	0.451613	0
	0.58	0.000495868	0.000330579	0.871951	0	0.000309917	2.06612e-05	0.451613	0
	0.581	0.000330579	0.000371901	0.865854	0	0.000330579	0.000165289	0.451613	0
	0.582	0.000702479	0.000371901	0.859756	0	0.000247934	0.000103306	0.451613	0
	0.583	0.00053719	0.000392562	0.858896	0	0.000454545	2.06612e-05	0.451613	0
	0.584	0.000475207	0.000475207	0.858896	0	0.00035124	8.26446e-05	0.419355	0
	0.585	0.000495868	0.000247934	0.851852	0	0.000454545	0.000103306	0.433333	0
	0.586	0.000599174	0.000165289	0.851852	0	0.00035124	0.000123967	0.433333	0
	0.587	0.000475207	0.000309917	0.851852	0	0.000392562	4.13223e-05	0.448276	0
	0.588	0.000433884	0.000309917	0.845679	0	0.000475207	8.26446e-05	0.464286	0
	0.589	0.000619835	0.000268595	0.84472	0	0.000454545	0.000123967	0.464286	0
	0.59	0.000599174	0.000392562	0.85	0	0.000454545	0.000103306	0.464286	0
	0.591	0.000495868	0.00035124	0.8375	0	0.000495868	8.26446e-05	0.464286	0
	0.592	0.000661157	0.000433884	0.8375	0	0.000495868	0.00018595	0.464286	0
	0.593	0.000578512	0.000268595	0.836478	0	0.000413223	8.26446e-05	0.464286	0
	0.594	0.000454545	0.000309917	0.830189	0	0.00053719	0.000103306	0.481481	0
	0.595	0.000433884	0.000123967	0.823899	0	0.000289256	6.19835e-05	0.481481	0
	0.596	0.000413223	0.000247934	0.823899	0	0.000475207	8.26446e-05	0.481481	0
	0.597	0.000289256	0.000392562	0.823899	0	0.000495868	8.26446e-05	0.481481	0
	0.598	0.000764463	0.000433884	0.829114	0	0.00035124	0.000123967	0.5	0
	0.599	0.000785124	0.000268595	0.829114	0	0.000454545	0.000103306	0.52	0
	0.6	0.000516529	0.000433884	0.829114	0	0.000516529	0.000227273	0.52	0
	0.601	0.000702479	0.000330579	0.834395	0	0.000371901	0.000103306	0.52	0
	0.602	0.000557851	0.000433884	0.839744	0	0.000289256	4.13223e-05	0.52	0
	0.603	0.000578512	0.00035124	0.839744	0	0.000702479	2.06612e-05	0.52	0
	0.604	0.000681818	0.000330579	0.833333	0	0.000619835	0.000103306	0.52	0
	0.605	0.000454545	0.000433884	0.833333	0	0.000619835	0.000165289	0.52	0
	0.606	0.000640496	0.000330579	0.833333	0	0.000516529	0.000103306	0.48	0
	0.607	0.000847107	0.000289256	0.826923	0	0.000392562	4.13223e-05	0.48	0
	0.608	0.000764463	0.000330579	0.832258	0	0.000475207	8.26446e-05	0.48	0
	0.609	0.000578512	0.00053719	0.832258	0	0.000413223	8.26446e-05	0.48	0
	0.61	0.000743802	0.000289256	0.832258	0	0.000309917	4.13223e-05	0.48	0
	0.611	0.000640496	0.000289256	0.832258	0	0.000392562	2.06612e-05	0.48	0
	0.612	0.000743802	0.000330579	0.825806	0	0.000599174	8.26446e-05	0.5	0
	0.613	0.000785124	0.000247934	0.825806	0	0.000454545	0.000103306	0.5	0
	0.614	0.000764463	0.000330579	0.819355	0	0.00053719	8.26446e-05	0.416667	0
	0.615	0.000826446	0.000289256	0.819355	0	0.000371901	4.13223e-05	0.416667	0
	0.616	0.000971074	0.00035124	0.8	0	0.000309917	4.13223e-05	0.416667	0
	0.617	0.0010124	0.000268595	0.8	0	0.000371901	0.000103306	0.416667	0
	0.618	0.000847107	0.000433884	0.8	0	0.000516529	0.000123967	0.416667	0
	0.619	0.000764463	0.000433884	0.8	0	0.00035124	4.13223e-05	0.416667	0
	0.62	0.000991736	0.000206612	0.787097	0	0.000371901	0.000103306	0.416667	0
	0.621	0.000909091	0.000206612	0.792208	0	0.000289256	8.26446e-05	0.416667	0
	0.622	0.000661157	0.000392562	0.792208	0	0.000371901	0.000103306	0.434783	0
	0.623	0.00103306	0.000227273	0.792208	0	0.000309917	4.13223e-05	0.454545	0
	0.624	0.0010124	0.00035124	0.792208	0	0.000268595	0.000123967	0.454545	0
	0.625	0.000743802	0.000206612	0.784314	0	0.000578512	0.000144628	0.454545	0
	0.626	0.000991736	0.000330579	0.784314	0	0.00018595	8.26446e-05	0.380952	0
	0.627	0.00088843	0.000413223	0.789474	0	0.000413223	2.06612e-05	0.380952	0
	0.628	0.00115702	0.000371901	0.789474	0	0.000268595	4.13223e-05	0.380952	0
	0.629	0.000950413	0.000206612	0.789474	0	0.000330579	4.13223e-05	0.380952	0
	0.63	0.000991736	0.000309917	0.789474	0	0.000330579	0.000123967	0.380952	0
	0.631	0.000805785	0.000433884	0.782895	0	0.000330579	0	0.285714	0
	0.632	0.00088843	0.000247934	0.776316	0	0.000309917	0.000123967	0.285714	0
	0.633	0.000971074	0.000247934	0.776316	0	0.000227273	4.13223e-05	0.285714	0
	0.634	0.00103306	0.000371901	0.781457	0	0.000330579	0.000123967	0.3	0
	0.635	0.00105372	0.000454545	0.78	0	0.000516529	0.000144628	0.25	0
	0.636	0.00109504	0.000309917	0.78	0	0.000309917	8.26446e-05	0.25	0
	0.637	0.000805785	0.000330579	0.778523	0	0.000227273	0.000123967	0.25	0
	0.638	0.000909091	0.000268595	0.771812	0	0.00018595	4.13223e-05	0.2	0
	0.639	0.000743802	0.000309917	0.777027	0	0.000371901	4.13223e-05	0.2	0
	0.64	0.000516529	0.000475207	0.777027	0	0.000289256	4.13223e-05	0.210526	0
	0.641	0.00103306	0.000123967	0.777027	0	0.000330579	4.13223e-05	0.222222	0
	0.642	0.000950413	0.000247934	0.77027	0	0.000330579	8.26446e-05	0.166667	0
	0.643	0.000867769	0.000227273	0.77027	0	0.000413223	4.13223e-05	0.166667	0
	0.644	0.000909091	0.000289256	0.77551	0	0.000371901	8.26446e-05	0.166667	0
	0.645	0.000971074	0.000123967	0.768707	0	0.000289256	0.000103306	0.166667	0
	0.646	0.00113636	0.000309917	0.768707	0	0.000413223	0	0.111111	0
	0.647	0.000929752	0.00035124	0.768707	0	0.000309917	8.26446e-05	0.111111	0
	0.648	0.00072314	0.000268595	0.768707	0	0.000495868	2.06612e-05	0.111111	0
	0.649	0.00121901	0.000330579	0.761905	0	0.000227273	4.13223e-05	0.117647	0
	0.65	0.000826446	0.000268595	0.767123	0	0.000433884	6.19835e-05	0.117647	0
	0.651	0.000847107	0.000330579	0.760274	0	0.00035124	0.000103306	0.125	0
	0.652	0.00088843	0.000268595	0.760274	0	0.000330579	4.13223e-05	0.133333	0
	0.653	0.000991736	0.00035124	0.760274	0	0.00035124	4.13223e-05	0.142857	0
	0.654	0.000929752	0.000289256	0.753425	0	0.000495868	6.19835e-05	0.142857	0
	0.655	0.000950413	0.000495868	0.763889	0	0.000371901	6.19835e-05	0.142857	0
	0.656	0.00107438	0.000227273	0.756944	0	0.00035124	4.13223e-05	0.142857	0
	0.657	0.00107438	0.000413223	0.756944	0	0.000578512	0.000165289	0.142857	0
	0.658	0.000805785	0.000268595	0.756944	0	0.000433884	6.19835e-05	0.142857	0
	0.659	0.000805785	0.000247934	0.756944	0	0.000619835	8.26446e-05	0.142857	0
	0.66	0.000950413	0.000247934	0.77305	0	0.000433884	4.13223e-05	0.142857	0
	0.661	0.000702479	0.000206612	0.758865	0	0.000392562	4.13223e-05	0.142857	0
	0.662	0.00105372	0.000330579	0.764286	0	0.000516529	2.06612e-05	0.142857	0
	0.663	0.00113636	0.00035124	0.757143	0	0.000454545	0.000103306	0.153846	0
	0.664	0.00088843	0.000392562	0.75	0	0.000392562	4.13223e-05	0.153846	0
	0.665	0.000929752	0.00035124	0.742857	0	0.000578512	4.13223e-05	0.153846	0
	0.666	0.000619835	0.000413223	0.741007	0	0.00035124	8.26446e-05	0.153846	0
	0.667	0.000991736	0.000330579	0.746377	0	0.000454545	6.19835e-05	0.153846	0
	0.668	0.00072314	0.000165289	0.746377	0	0.000516529	6.19835e-05	0.153846	0
	0.669	0.00103306	0.00035124	0.746377	0	0.000619835	6.19835e-05	0.166667	0
	0.67	0.000929752	0.000206612	0.744526	0	0.000413223	2.06612e-05	0.166667	0
	0.671	0.000661157	0.000475207	0.755556	0	0.000475207	4.13223e-05	0.166667	0
	0.672	0.000681818	0.000330579	0.748148	0	0.000309917	0	0.166667	0
	0.673	0.000909091	0.000309917	0.748148	0	0.000495868	4.13223e-05	0.166667	0
	0.674	0.000743802	0.000247934	0.748148	0	0.000392562	0	0.166667	0
	0.675	0.000805785	8.26446e-05	0.753731	0	0.000289256	4.13223e-05	0.166667	0
	0.676	0.000785124	0.000309917	0.75188	0	0.00035124	6.19835e-05	0.166667	0
	0.677	0.000929752	0.000433884	0.736842	0	0.000454545	0.000123967	0.166667	0
	0.678	0.000764463	0.000289256	0.729323	0	0.000330579	0	0.166667	0
	0.679	0.00107438	0.000392562	0.727273	0	0.000268595	4.13223e-05	0.166667	0
	0.68	0.0010124	0.000289256	0.725191	0	0.000371901	8.26446e-05	0.166667	0
	0.681	0.00113636	0.00035124	0.725191	0	0.000454545	8.26446e-05	0.166667	0
	0.682	0.000847107	0.000227273	0.730769	0	0.000309917	6.19835e-05	0.181818	0
	0.683	0.000929752	0.000247934	0.736434	0	0.000289256	4.13223e-05	0.181818	0
	0.684	0.000991736	0.000206612	0.728682	0	0.00018595	6.19835e-05	0.181818	0
	0.685	0.00107438	0.000371901	0.734375	0	0.000247934	4.13223e-05	0.181818	0
	0.686	0.000785124	0.000227273	0.734375	0	0.00018595	8.26446e-05	0.181818	0
	0.687	0.00119835	0.000268595	0.734375	0	0.000144628	2.06612e-05	0.181818	0
	0.688	0.000971074	0.000309917	0.734375	0	0.00035124	0.000103306	0.181818	0
	0.689	0.000991736	0.000330579	0.734375	0	0.000247934	4.13223e-05	0.181818	0
	0.69	0.000950413	0.000268595	0.734375	0	0.000165289	6.19835e-05	0.181818	0
	0.691	0.000805785	0.000227273	0.734375	0	0.000165289	8.26446e-05	0.2	0
	0.692	0.000764463	0.000227273	0.734375	0	0.000165289	8.26446e-05	0.222222	0
	0.693	0.000826446	0.000392562	0.734375	0	0.000144628	2.06612e-05	0.222222	0
	0.694	0.000971074	0.000309917	0.740157	0	0.000247934	4.13223e-05	0.25	0
	0.695	0.00107438	0.000433884	0.738095	0	6.19835e-05	2.06612e-05	0.25	0
	0.696	0.000826446	0.000165289	0.738095	0	8.26446e-05	6.19835e-05	0.25	0
	0.697	0.000805785	0.000289256	0.741935	0	2.06612e-05	4.13223e-05	0.25	0
	0.698	0.000826446	0.000289256	0.741935	0	6.19835e-05	4.13223e-05	0.25	0
	0.699	0.000950413	0.000371901	0.747967	0	4.13223e-05	8.26446e-05	0.25	0
	0.7	0.000867769	0.00035124	0.739837	0	0.000103306	0	0.25	0
	0.701	0.000950413	0.000371901	0.739837	0	2.06612e-05	6.19835e-05	0.285714	0
	0.702	0.000785124	0.000289256	0.739837	0	8.26446e-05	0	0.285714	0
	0.703	0.000785124	0.000330579	0.731707	0	6.19835e-05	6.19835e-05	0.333333	0
	0.704	0.00088843	0.000268595	0.731707	0	4.13223e-05	4.13223e-05	0.333333	0
	0.705	0.000847107	0.00035124	0.737705	0	0	2.06612e-05	0.4	0
	0.706	0.00088843	0.000309917	0.735537	0	2.06612e-05	6.19835e-05	0.4	0
	0.707	0.000847107	0.000371901	0.735537	0	2.06612e-05	4.13223e-05	0.4	0
	0.708	0.000847107	0.000268595	0.735537	0	2.06612e-05	4.13223e-05	0.4	0
	0.709	0.00115702	0.000247934	0.741667	0	2.06612e-05	6.19835e-05	0.4	0
	0.71	0.000805785	0.000392562	0.733333	0	2.06612e-05	2.06612e-05	0.5	0
	0.711	0.000929752	0.000413223	0.733333	0	4.13223e-05	0	0.5	0
	0.712	0.000640496	0.000289256	0.733333	0	0	0	0.5	0
	0.713	0.00088843	0.000289256	0.733333	0	2.06612e-05	6.19835e-05	0.5	0
	0.714	0.000764463	0.000206612	0.745763	0	0	4.13223e-05	0.666667	0
	0.715	0.000950413	0.000268595	0.745763	0	0	4.13223e-05	0.666667	0
	0.716	0.00088843	0.000309917	0.752137	0	0	0	0.666667	0
	0.717	0.000743802	0.000330579	0.752137	0	0	4.13223e-05	0.666667	0
	0.718	0.000867769	0.000289256	0.765217	0	0	2.06612e-05	0.666667	0
	0.719	0.000516529	0.000268595	0.765217	0	0	0	0.666667	0
	0.72	0.000805785	0.000392562	0.77193	0	0	2.06612e-05	0.666667	0
	0.721	0.000702479	0.000227273	0.77193	0	0	2.06612e-05	0.666667	0
	0.722	0.000909091	0.000227273	0.77193	0	0	6.19835e-05	0.666667	0
	0.723	0.000909091	0.000227273	0.761062	0	0	2.06612e-05	0.666667	0
	0.724	0.000599174	0.000268595	0.765766	0	0	8.26446e-05	0.666667	0
	0.725	0.000599174	0.000371901	0.765766	0	4.13223e-05	2.06612e-05	0.666667	0
	0.726	0.000929752	0.000206612	0.763636	0	0	0	1	0
	0.727	0.000599174	0.000247934	0.754545	0	0	4.13223e-05	1	0
	0.728	0.000599174	0.000206612	0.752294	0	0	6.19835e-05	1	0
	0.729	0.000557851	0.000268595	0.743119	0	2.06612e-05	4.13223e-05	1	0
	0.73	0.000991736	0.000309917	0.757009	0	0	4.13223e-05	0.5	0
	0.731	0.000764463	0.000289256	0.747664	0	0	0	0.5	0
	0.732	0.000909091	0.000227273	0.747664	0	2.06612e-05	6.19835e-05	0.5	0
	0.733	0.000702479	0.000309917	0.738318	0	0	4.13223e-05	0.5	0
	0.734	0.000433884	0.000268595	0.738318	0	0	6.19835e-05	0.5	0
	0.735	0.000702479	0.000268595	0.728972	0	4.13223e-05	0	0.5	0
	0.736	0.000640496	0.00035124	0.728972	0	4.13223e-05	0	0.5	0
	0.737	0.000578512	0.000433884	0.728972	0	0	2.06612e-05	0.5	0
	0.738	0.000516529	0.000247934	0.742857	0	4.13223e-05	0	0.5	0
	0.739	0.000516529	0.000309917	0.742857	0	6.19835e-05	4.13223e-05	0.5	0
	0.74	0.000495868	0.000165289	0.75	0	2.06612e-05	2.06612e-05	0.5	0
	0.741	0.000640496	0.00035124	0.75	0	2.06612e-05	0	0.5	0
	0.742	0.00053719	0.000309917	0.740385	0	0	0	0.5	0
	0.743	0.000805785	0.000268595	0.740385	0	2.06612e-05	2.06612e-05	0.5	0
	0.744	0.000805785	0.000309917	0.740385	0	2.06612e-05	2.06612e-05	0.5	0
	0.745	0.000661157	0.00018595	0.747573	0	0	0	0.5	0
	0.746	0.000557851	0.000206612	0.747573	0	4.13223e-05	2.06612e-05	0.5	0
	0.747	0.000681818	0.000371901	0.747573	0	2.06612e-05	2.06612e-05	0.5	0
	0.748	0.000619835	0.000123967	0.747573	0	6.19835e-05	0	0.5	0
	0.749	0.000971074	0.000227273	0.747573	0	2.06612e-05	0	0.5	0
	0.75	0.000785124	0.000144628	0.728155	0	4.13223e-05	2.06612e-05	0.5	0
	0.751	0.000454545	0.000371901	0.742574	0	8.26446e-05	2.06612e-05	0.5	0
	0.752	0.000743802	0.000330579	0.742574	0	2.06612e-05	0	0.5	0
	0.753	0.000909091	0.000268595	0.742574	0	4.13223e-05	4.13223e-05	0.5	0
	0.754	0.000785124	0.000454545	0.75	0	4.13223e-05	0	0.5	0
	0.755	0.000681818	0.000268595	0.757576	0	6.19835e-05	2.06612e-05	0.5	0
	0.756	0.000805785	0.00018595	0.755102	0	0.000123967	0	0.5	0
	0.757	0.000619835	0.000330579	0.755102	0	6.19835e-05	0	0.5	0
	0.758	0.000764463	0.000206612	0.770833	0	0.000165289	0	0.5	0
	0.759	0.000743802	0.000144628	0.770833	0	4.13223e-05	2.06612e-05	0.5	0
	0.76	0.00072314	0.000227273	0.778947	0	6.19835e-05	4.13223e-05	0.5	0
	0.761	0.000764463	0.000247934	0.778947	0	4.13223e-05	0	0.5	0
	0.762	0.000909091	0.000289256	0.776596	0	4.13223e-05	0	0.5	0
	0.763	0.000785124	0.000247934	0.776596	0	6.19835e-05	2.06612e-05	0.5	0
	0.764	0.000661157	0.000144628	0.776596	0	0.000123967	0	0.5	0
	0.765	0.00088843	0.000289256	0.776596	0	6.19835e-05	2.06612e-05	0.5	0
	0.766	0.000826446	0.000227273	0.782609	0	0	0	0.5	0
	0.767	0.000847107	0.000268595	0.782609	0	2.06612e-05	6.19835e-05	0.5	0
	0.768	0.000785124	0.000227273	0.771739	0	2.06612e-05	4.13223e-05	0.5	0
	0.769	0.000805785	0.00018595	0.771739	0	6.19835e-05	0	0.5	0
	0.77	0.000867769	0.000392562	0.771739	0	2.06612e-05	6.19835e-05	0.5	0
	0.771	0.000702479	0.000123967	0.771739	0	2.06612e-05	4.13223e-05	0.5	0
	0.772	0.000764463	0.000144628	0.771739	0	0	0	0.5	0
	0.773	0.000826446	0.000206612	0.76087	0	8.26446e-05	2.06612e-05	0.5	0
	0.774	0.000764463	0.000165289	0.76087	0	6.19835e-05	2.06612e-05	0.5	0
	0.775	0.000681818	0.000330579	0.76087	0	2.06612e-05	0	0	0
	0.776	0.000661157	0.000165289	0.75	0	4.13223e-05	4.13223e-05	0	0
	0.777	0.00088843	0.000247934	0.75	0	4.13223e-05	0	0	0
	0.778	0.000743802	0.000165289	0.758242	0	2.06612e-05	2.06612e-05	0	0
	0.779	0.000805785	0.000371901	0.747253	0	4.13223e-05	0	0	0
	0.78	0.000661157	0.000103306	0.736264	0	0	0	0	0
	0.781	0.00072314	0.000206612	0.744444	0	2.06612e-05	2.06612e-05	0	0
	0.782	0.00072314	0.000247934	0.744444	0	0	2.06612e-05	0	0
	0.783	0.000867769	0.000165289	0.733333	0	0	4.13223e-05	0	0
	0.784	0.000702479	0.000144628	0.722222	0	0	6.19835e-05	0	0
	0.785	0.000640496	0.000268595	0.719101	0	0	2.06612e-05	0	0
	0.786	0.000516529	0.000309917	0.719101	0	4.13223e-05	2.06612e-05	0	0
	0.787	0.000578512	0.000247934	0.719101	0	2.06612e-05	2.06612e-05	0	0
	0.788	0.000454545	0.000123967	0.715909	0	2.06612e-05	2.06612e-05	0	0
	0.789	0.000557851	0.000309917	0.689655	0	0	6.19835e-05	0	0
	0.79	0.000640496	0.000247934	0.686047	0	0	0	0	0
	0.791	0.000743802	0.000206612	0.694118	0	0	0	0	0
	0.792	0.000640496	0.000165289	0.694118	0	0	0	0	0
	0.793	0.000681818	0.000165289	0.702381	0	0	2.06612e-05	0	0
	0.794	0.000578512	0.000123967	0.690476	0	4.13223e-05	0	0	0
	0.795	0.000599174	0.000454545	0.690476	0	0	0	0	0
	0.796	0.000661157	0.000165289	0.690476	0	2.06612e-05	0	0	0
	0.797	0.00072314	0.000123967	0.707317	0	2.06612e-05	2.06612e-05	0	0
	0.798	0.000661157	0.00018595	0.707317	0	4.13223e-05	0	0	0
	0.799	0.000661157	0.00018595	0.707317	0	0	4.13223e-05	0	0
	0.8	0.000847107	0.000247934	0.716049	0	0.000103306	0	0	0
	0.801	0.00072314	0.000227273	0.716049	0	2.06612e-05	0	0	0
	0.802	0.000826446	0.000144628	0.7	0	4.13223e-05	0	0	0
	0.803	0.000991736	0.00018595	0.6875	0	6.19835e-05	0	0	0
	0.804	0.000743802	0.000165289	0.6875	0	4.13223e-05	4.13223e-05	0	0
	0.805	0.000702479	0.000206612	0.6875	0	0	4.13223e-05	0	0
	0.806	0.000743802	0.000268595	0.705128	0	2.06612e-05	2.06612e-05	0	0
	0.807	0.000764463	0.000103306	0.714286	0	2.06612e-05	0	0	0
	0.808	0.000764463	0.000268595	0.710526	0	4.13223e-05	2.06612e-05	0	0
	0.809	0.000702479	0.000123967	0.710526	0	4.13223e-05	2.06612e-05	0	0
	0.81	0.000805785	0.00018595	0.710526	0	0	4.13223e-05	0	0
	0.811	0.00103306	0.000206612	0.710526	0	6.19835e-05	4.13223e-05	0	0
	0.812	0.000909091	0.000123967	0.710526	0	0.000123967	0	0	0
	0.813	0.000971074	0.000206612	0.710526	0	6.19835e-05	0	0	0
	0.814	0.000805785	0.000206612	0.684211	0	4.13223e-05	2.06612e-05	0	0
	0.815	0.000785124	0.000123967	0.684211	0	4.13223e-05	2.06612e-05	0	0
	0.816	0.000805785	0.000227273	0.684211	0	4.13223e-05	2.06612e-05	0	0
	0.817	0.000826446	0.000206612	0.684211	0	6.19835e-05	0	0	0
	0.818	0.00088843	0.000227273	0.693333	0	6.19835e-05	0	0	0
	0.819	0.000805785	0.000268595	0.689189	0	0.000103306	2.06612e-05	0	0
	0.82	0.00105372	0.000268595	0.689189	0	4.13223e-05	0	0	0
	0.821	0.000929752	0.000206612	0.689189	0	4.13223e-05	0	0	0
	0.822	0.000971074	0.000144628	0.689189	0	0.000123967	0	0	0
	0.823	0.00117769	0.000330579	0.69863	0	0.000103306	0	0	0
	0.824	0.000847107	0.000103306	0.69863	0	0	2.06612e-05	0	0
	0.825	0.000764463	0.000227273	0.684932	0	6.19835e-05	0	0	0
	0.826	0.000950413	0.000123967	0.671233	0	0.000103306	2.06612e-05	0	0
	0.827	0.0011157	0.000227273	0.666667	0	2.06612e-05	0	0	0
	0.828	0.000991736	0.000206612	0.638889	0	4.13223e-05	0	0	0
	0.829	0.000929752	0.000206612	0.638889	0	6.19835e-05	2.06612e-05	0	0
	0.83	0.000867769	0.000309917	0.638889	0	4.13223e-05	2.06612e-05	0	0
	0.831	0.000909091	0.000227273	0.625	0	2.06612e-05	2.06612e-05	0	0
	0.832	0.00107438	0.000103306	0.625	0	6.19835e-05	0	0	0
	0.833	0.000826446	0.000227273	0.625	0	2.06612e-05	0	0	0
	0.834	0.000826446	0.000165289	0.625	0	2.06612e-05	0	0	0
	0.835	0.000661157	0.000123967	0.619718	0	4.13223e-05	0	0	0
	0.836	0.000971074	0.000123967	0.619718	0	0	0	0	0
	0.837	0.000785124	0.000165289	0.6	0	2.06612e-05	0	0	0
	0.838	0.0010124	0.000165289	0.6	0	2.06612e-05	2.06612e-05	0	0
	0.839	0.000764463	0.000165289	0.608696	0	2.06612e-05	2.06612e-05	0	0
	0.84	0.00103306	8.26446e-05	0.617647	0	0	0	0	0
	0.841	0.000702479	0.000206612	0.626866	0	0	2.06612e-05	0	0
	0.842	0.000950413	0.000206612	0.626866	0	0	2.06612e-05	0	0
	0.843	0.000805785	0.000206612	0.646154	0	2.06612e-05	0	0	0
	0.844	0.000785124	0.000144628	0.646154	0	2.06612e-05	2.06612e-05	0	0
	0.845	0.000743802	0.000247934	0.65625	0	2.06612e-05	0	0	0
	0.846	0.000702479	0.000144628	0.666667	0	0	0	0	0
	0.847	0.000764463	0.000103306	0.666667	0	0	2.06612e-05	0	0
	0.848	0.000805785	0.000123967	0.645161	0	0	0	0	0
	0.849	0.000847107	0.000247934	0.612903	0	0	2.06612e-05	0	0
	0.85	0.000826446	0.000144628	0.590164	0	0	2.06612e-05	0	0
	0.851	0.000764463	0.000123967	0.583333	0	0	0	0	0
	0.852	0.000661157	0.00018595	0.59322	0	0	0	0	0
	0.853	0.00103306	0.000144628	0.586207	0	0	0	0	0
	0.854	0.000826446	6.19835e-05	0.586207	0	0	0	0	0
	0.855	0.000619835	0.00018595	0.568966	0	0	2.06612e-05	0	0
	0.856	0.000909091	0.000165289	0.568966	0	0	0	0	0
	0.857	0.000619835	0.000144628	0.568966	0	0	0	0	0
	0.858	0.000764463	4.13223e-05	0.568966	0	0	0	0	0
	0.859	0.000805785	0.000206612	0.551724	0	0	2.06612e-05	0	0
	0.86	0.000950413	8.26446e-05	0.551724	0	0	0	0	0
	0.861	0.000909091	0.00018595	0.551724	0	0	0	0	0
	0.862	0.000805785	0.000103306	0.561404	0	0	0	0	0
	0.863	0.00103306	6.19835e-05	0.581818	0	0	0	0	0
	0.864	0.0010124	8.26446e-05	0.581818	0	0	0	0	0
	0.865	0.000991736	0.000144628	0.592593	0	0	0	0	0
	0.866	0.0011157	6.19835e-05	0.603774	0	0	0	0	0
	0.867	0.00105372	0.000227273	0.584906	0	0	0	0	0
	0.868	0.000867769	6.19835e-05	0.584906	0	0	2.06612e-05	0	0
	0.869	0.000785124	0.000165289	0.566038	0	0	2.06612e-05	0	0
	0.87	0.0011157	0.000206612	0.566038	0	0	0	0	0
	0.871	0.00088843	0.000103306	0.576923	0	0	0	0	0
	0.872	0.00107438	0.00018595	0.576923	0	0	0	0	0
	0.873	0.000950413	8.26446e-05	0.576923	0	0	0	0	0
	0.874	0.000805785	8.26446e-05	0.588235	0	0	0	0	0
	0.875	0.000847107	0.000165289	0.6	0	0	0	0	0
	0.876	0.00088843	0.000227273	0.6	0	0	0	0	0
	0.877	0.000785124	8.26446e-05	0.6	0	0	4.13223e-05	0	0
	0.878	0.00109504	0.000103306	0.58	0	0	0	0	0
	0.879	0.000909091	0.000103306	0.58	0	0	2.06612e-05	0	0
	0.88	0.000826446	0.000123967	0.571429	0	0	0	0	0
	0.881	0.000764463	0.000206612	0.583333	0	0	0	0	0
	0.882	0.000557851	0.000103306	0.583333	0	0	0	0	0
	0.883	0.000867769	0.000144628	0.541667	0	0	2.06612e-05	0	0
	0.884	0.000702479	8.26446e-05	0.541667	0	0	0	0	0
	0.885	0.000805785	0.000144628	0.541667	0	0	2.06612e-05	0	0
	0.886	0.000929752	0.000103306	0.5	0	0	0	0	0
	0.887	0.000929752	0.000144628	0.533333	0	0	0	0	0
	0.888	0.000805785	8.26446e-05	0.545455	0	0	0	0	0
	0.889	0.00072314	0.000144628	0.522727	0	0	0	0	0
	0.89	0.000764463	6.19835e-05	0.522727	0	0	2.06612e-05	0	0
	0.891	0.000826446	0.000103306	0.5	0	0	0	0	0
	0.892	0.00088843	0.000144628	0.477273	0	0	2.06612e-05	0	0
	0.893	0.000681818	0.000144628	0.477273	0	0	0	0	0
	0.894	0.000764463	0.00018595	0.477273	0	0	2.06612e-05	0	0
	0.895	0.0011157	6.19835e-05	0.477273	0	0	0	0	0
	0.896	0.000805785	0.000144628	0.488372	0	0	0	0	0
	0.897	0.00113636	4.13223e-05	0.5	0	0	0	0	0
	0.898	0.000516529	0.000103306	0.512195	0	0	2.06612e-05	0	0
	0.899	0.00105372	0.000123967	0.525	0	0	0	0	0
	0.9	0.00115702	2.06612e-05	0.525	0	0	0	0	0
	0.901	0.000867769	6.19835e-05	0.5	0	0	0	0	0
	0.902	0.000785124	8.26446e-05	0.5	0	0	0	0	0
	0.903	0.000909091	8.26446e-05	0.513514	0	0	0	0	0
	0.904	0.000867769	0.000103306	0.527778	0	0	0	0	0
	0.905	0.000867769	6.19835e-05	0.542857	0	0	0	0	0
	0.906	0.00103306	6.19835e-05	0.558824	0	0	0	0	0
	0.907	0.000991736	0.000103306	0.558824	0	0	0	0	0
	0.908	0.000764463	6.19835e-05	0.558824	0	0	0	0	0
	0.909	0.000743802	2.06612e-05	0.545455	0	0	0	0	0
	0.91	0.000619835	0	0.545455	0	0	0	0	0
	0.911	0.00105372	6.19835e-05	0.545455	0	0	0	0	0
	0.912	0.000826446	8.26446e-05	0.515152	0	0	0	0	0
	0.913	0.000640496	0.00018595	0.5	0	0	0	0	0
	0.914	0.000867769	2.06612e-05	0.5	0	0	0	0	0
	0.915	0.00053719	0	0.5	0	0	0	0	0
	0.916	0.000785124	0.000144628	0.5	0	0	0	0	0
	0.917	0.000661157	4.13223e-05	0.46875	0	0	0	0	0
	0.918	0.000640496	8.26446e-05	0.483871	0	0	0	0	0
	0.919	0.000743802	8.26446e-05	0.483871	0	0	0	0	0
	0.92	0.000661157	0.000103306	0.451613	0	0	0	0	0
	0.921	0.000867769	0.000123967	0.482759	0	0	2.06612e-05	0	0
	0.922	0.000785124	4.13223e-05	0.448276	0	0	0	0	0
	0.923	0.000640496	4.13223e-05	0.448276	0	0	2.06612e-05	0	0
	0.924	0.00072314	4.13223e-05	0.448276	0	0	0	0	0
	0.925	0.000475207	6.19835e-05	0.448276	0	0	0	0	0
	0.926	0.000516529	6.19835e-05	0.448276	0	0	0	0	0
	0.927	0.000619835	0	0.464286	0	0	0	0	0
	0.928	0.000433884	4.13223e-05	0.481481	0	0	0	0	0
	0.929	0.000826446	8.26446e-05	0.5	0	0	0	0	0
	0.93	0.000681818	2.06612e-05	0.52	0	0	0	0	0
	0.931	0.000516529	6.19835e-05	0.541667	0	0	0	0	0
	0.932	0.000681818	0.000103306	0.545455	0	0	0	0	0
	0.933	0.000433884	4.13223e-05	0.545455	0	0	0	0	0
	0.934	0.000516529	4.13223e-05	0.545455	0	0	0	0	0
	0.935	0.000681818	6.19835e-05	0.545455	0	0	0	0	0
	0.936	0.000475207	6.19835e-05	0.454545	0	0	0	0	0
	0.937	0.00053719	4.13223e-05	0.454545	0	0	0	0	0
	0.938	0.000661157	6.19835e-05	0.454545	0	0	0	0	0
	0.939	0.000743802	4.13223e-05	0.47619	0	0	0	0	0
	0.94	0.000475207	6.19835e-05	0.47619	0	0	0	0	0
	0.941	0.000785124	4.13223e-05	0.428571	0	0	0	0	0
	0.942	0.000433884	2.06612e-05	0.428571	0	0	0	0	0
	0.943	0.000495868	4.13223e-05	0.380952	0	0	0	0	0
	0.944	0.000640496	4.13223e-05	0.380952	0	0	2.06612e-05	0	0
	0.945	0.000640496	0	0.380952	0	0	2.06612e-05	0	0
	0.946	0.000640496	6.19835e-05	0.421053	0	0	0	0	0
	0.947	0.000392562	2.06612e-05	0.421053	0	0	0	0	0
	0.948	0.000516529	6.19835e-05	0.368421	0	0	0	0	0
	0.949	0.000805785	0	0.368421	0	0	0	0	0
	0.95	0.000764463	4.13223e-05	0.388889	0	0	0	0	0
	0.951	0.00072314	4.13223e-05	0.388889	0	0	0	0	0
	0.952	0.000681818	2.06612e-05	0.411765	0	0	0	0	0
	0.953	0.000619835	6.19835e-05	0.4375	0	0	0	0	0
	0.954	0.000640496	8.26446e-05	0.5	0	0	0	0	0
	0.955	0.000929752	0	0.5	0	0	0	0	0
	0.956	0.000867769	4.13223e-05	0.428571	0	0	0	0	0
	0.957	0.000681818	4.13223e-05	0.428571	0	0	0	0	0
	0.958	0.000826446	2.06612e-05	0.357143	0	0	0	0	0
	0.959	0.000578512	0	0.285714	0	0	0	0	0
	0.96	0.000619835	2.06612e-05	0.285714	0	0	0	0	0
	0.961	0.00072314	0	0.285714	0	0	0	0	0
	0.962	0.000619835	0	0.285714	0	0	0	0	0
	0.963	0.000743802	0	0.214286	0	0	0	0	0
	0.964	0.000681818	2.06612e-05	0.214286	0	0	0	0	0
	0.965	0.00072314	6.19835e-05	0.153846	0	0	0	0	0
	0.966	0.000702479	2.06612e-05	0.166667	0	0	0	0	0
	0.967	0.000640496	2.06612e-05	0.166667	0	0	0	0	0
	0.968	0.000743802	6.19835e-05	0.0833333	0	0	0	0	0
	0.969	0.000640496	0	0.1	0	0	0	0	0
	0.97	0.000702479	4.13223e-05	0.1	0	0	0	0	0
	0.971	0.000847107	0.000103306	0.1	0	0	0	0	0
	0.972	0.000681818	0	0.1	0	0	0	0	0
	0.973	0.000847107	2.06612e-05	0.111111	0	0	0	0	0
	0.974	0.000454545	0	0.111111	0	0	0	0	0
	0.975	0.000743802	0	0.111111	0	0	0	0	0
	0.976	0.000805785	8.26446e-05	0.111111	0	0	0	0	0
	0.977	0.000640496	2.06612e-05	0.111111	0	0	0	0	0
	0.978	0.000702479	0	0.142857	0	0	0	0	0
	0.979	0.000330579	0	0.2	0	0	0	0	0
	0.98	0.000495868	0	0.25	0	0	0	0	0
	0.981	0.000371901	2.06612e-05	0.25	0	0	0	0	0
	0.982	0.00035124	4.13223e-05	0.25	0	0	0	0	0
	0.983	0.000268595	0	0.25	0	0	0	0	0
	0.984	0.000165289	2.06612e-05	0.25	0	0	0	0	0
	0.985	0.000123967	2.06612e-05	0.25	0	0	0	0	0
	0.986	0.000103306	2.06612e-05	0.333333	0	0	0	0	0
	0.987	2.06612e-05	2.06612e-05	0.333333	0	0	0	0	0
	0.988	4.13223e-05	0	0.333333	0	0	0	0	0
	0.989	4.13223e-05	0	0.5	0	0	0	0	0
	0.99	0	2.06612e-05	0	0	0	0	0	0
	0.991	2.06612e-05	2.06612e-05	0	0	0	0	0	0
	0.992	0.000206612	2.06612e-05	0	0	0	0	0	0
	0.993	0.000103306	0	0	0	0	0	0	0
	0.994	0.000206612	2.06612e-05	0	0	0	0	0	0
	0.995	0.000433884	0	0	0	0	0	0	0
	0.996	0.000330579	4.13223e-05	0	0	0	0	0	0
	0.997	0.000392562	2.06612e-05	0	0	0	0	0	0
	0.998	0.000206612	2.06612e-05	0	0	0	0	0	0
	0.999	0.000123967	0	0	0	0	0	0	0
	1	2.06612e-05	0	0	0	0	0	0	0


#	yrange	sparsity	# links	zeta	support at cross	fraction FP	support at cross2	fraction FP2
	0	0	0	0.171956	0.99	0.0808081	0.99	0.0808081
	0.006	0	0	0.171956	0.99	0.0808081	0.99	0.0808081
