#	Frequencies and overlap
#	bins	MYC	shuffle	overlap_MYC	overlap_shuffle	SIGN_MYC	SIGNshuffle	SIGNoverlap_MYC	SIGNoverlap_shuffle
	0	0	2.06612e-05	1	1	0.423822	0.403388	0.668675	0
	0.001	0	0	1	0.997934	0	0	0.668675	0
	0.002	0	0	1	0.997934	0	0	0.668675	0
	0.003	0	0	1	0.997934	0	0	0.668675	0
	0.004	0	0	1	0.997934	0	0	0.668675	0
	0.005	0	0	1	0.997934	0	4.13223e-05	0.668675	0
	0.006	0	0	1	0.997934	0	2.06612e-05	0.668675	0
	0.007	0	4.13223e-05	1	0.997934	0	2.06612e-05	0.668675	0
	0.008	0	2.06612e-05	1	0.993802	0	2.06612e-05	0.668675	0
	0.009	0	0	1	0.991736	0	8.26446e-05	0.668675	0
	0.01	0	0	1	0.991736	0	0.000103306	0.668675	0
	0.011	0	8.26446e-05	1	0.991736	0	6.19835e-05	0.668675	0
	0.012	0	4.13223e-05	1	0.983471	4.13223e-05	4.13223e-05	0.668675	0
	0.013	0	6.19835e-05	1	0.979339	4.13223e-05	6.19835e-05	0.668675	0
	0.014	0	0.000103306	1	0.975207	8.26446e-05	0.000103306	0.668675	0
	0.015	0	4.13223e-05	1	0.969008	0.000165289	6.19835e-05	0.668675	0
	0.016	0	4.13223e-05	1	0.966942	0.00018595	8.26446e-05	0.668675	0
	0.017	0	2.06612e-05	1	0.96281	0.000268595	0.000103306	0.668675	0
	0.018	0	6.19835e-05	1	0.960744	0.000309917	8.26446e-05	0.668675	0
	0.019	6.19835e-05	6.19835e-05	1	0.954545	0.000289256	0.000103306	0.668675	0
	0.02	0	8.26446e-05	0.995868	0.954545	0.000206612	6.19835e-05	0.668675	0
	0.021	0	6.19835e-05	0.995868	0.948347	0.000206612	6.19835e-05	0.668675	0
	0.022	8.26446e-05	6.19835e-05	0.995868	0.942149	0.00018595	8.26446e-05	0.668675	0
	0.023	0.000123967	6.19835e-05	0.995868	0.940083	0.000144628	0.000103306	0.668675	0
	0.024	0.000165289	8.26446e-05	0.995868	0.93595	0.00018595	0.000123967	0.668675	0
	0.025	0.000165289	4.13223e-05	0.995868	0.929752	0.000103306	4.13223e-05	0.668675	0
	0.026	0.000165289	0.000103306	0.995868	0.929752	0.000144628	8.26446e-05	0.668675	0
	0.027	0.000206612	0	0.995868	0.92562	0.000123967	8.26446e-05	0.668675	0
	0.028	0.00018595	8.26446e-05	0.995868	0.92562	0.000103306	6.19835e-05	0.670695	0
	0.029	0.000371901	6.19835e-05	0.995868	0.921488	0.000144628	0.000165289	0.670695	0
	0.03	0.000123967	6.19835e-05	0.995868	0.919421	6.19835e-05	8.26446e-05	0.670695	0
	0.031	0.000227273	0.000144628	0.995868	0.915289	6.19835e-05	0.000165289	0.672727	0
	0.032	0.000309917	0.000103306	0.995868	0.911157	0.00018595	0.000144628	0.672727	0
	0.033	0.000289256	0.000144628	0.995868	0.907025	0.000165289	8.26446e-05	0.672727	0
	0.034	0.000247934	0.00018595	0.995868	0.904959	0.000144628	0.000123967	0.672727	0
	0.035	0.000247934	0.000103306	0.993802	0.894628	0.000165289	0.000103306	0.672727	0
	0.036	0.000144628	0.000103306	0.993802	0.892562	4.13223e-05	0.000227273	0.672727	0
	0.037	0.000289256	0.000165289	0.993802	0.88843	4.13223e-05	0.000103306	0.672727	0
	0.038	0.000247934	0.000165289	0.993802	0.884298	0.000123967	0.000103306	0.672727	0
	0.039	0.000103306	0.000103306	0.993802	0.876033	8.26446e-05	0.000165289	0.672727	0
	0.04	8.26446e-05	0.000206612	0.993802	0.873967	8.26446e-05	0.000206612	0.672727	0
	0.041	4.13223e-05	0.000206612	0.993802	0.865702	0.000103306	0.00018595	0.672727	0
	0.042	8.26446e-05	8.26446e-05	0.993802	0.853306	0.000144628	0.000123967	0.672727	0
	0.043	0.000165289	8.26446e-05	0.993802	0.85124	4.13223e-05	0.000144628	0.672727	0
	0.044	4.13223e-05	0.000123967	0.995859	0.847107	8.26446e-05	0.000206612	0.672727	0
	0.045	4.13223e-05	0.000103306	0.995859	0.845041	0.000309917	0.000103306	0.672727	0
	0.046	0	0.000103306	0.995859	0.842975	0.000144628	0.00035124	0.674772	0
	0.047	4.13223e-05	0.000103306	0.995859	0.842975	0.00018595	0.000309917	0.674772	0
	0.048	4.13223e-05	0.000123967	0.995859	0.838843	0.000206612	0.000165289	0.674772	0
	0.049	0.000103306	8.26446e-05	0.995859	0.832645	0.000268595	0.000227273	0.674772	0
	0.05	4.13223e-05	0.000206612	0.995859	0.832645	0.000227273	0.000206612	0.674772	0
	0.051	8.26446e-05	0.00018595	0.995859	0.832645	0.000165289	0.000227273	0.674772	0
	0.052	0.000123967	0.000123967	0.995859	0.826446	0.000371901	0.000123967	0.674772	0
	0.053	4.13223e-05	0.000165289	0.997925	0.822314	0.000206612	0.000123967	0.674772	0
	0.054	0.000123967	0.00018595	0.997925	0.818182	0.00018595	0.000206612	0.676829	0
	0.055	0.000144628	0.000165289	0.997925	0.81405	0.000206612	0.00018595	0.676829	0
	0.056	8.26446e-05	0.000227273	0.997925	0.809917	0.000268595	0.00018595	0.676829	0
	0.057	0.000103306	0.000268595	0.997925	0.807851	0.00018595	0.000309917	0.676829	0
	0.058	6.19835e-05	0.000206612	0.997925	0.793388	0.000206612	0.000227273	0.676829	0
	0.059	0.000123967	0.000206612	0.997925	0.793388	0.000103306	0.000289256	0.678899	0
	0.06	0.000123967	0.000206612	0.995851	0.789256	0.000103306	0.000247934	0.678899	0
	0.061	0.000103306	0.000144628	0.995851	0.785124	0.000247934	0.000144628	0.678899	0
	0.062	0.000103306	8.26446e-05	0.995851	0.778926	0.000144628	0.000144628	0.678899	0
	0.063	6.19835e-05	0.000123967	0.995851	0.77686	0.000247934	0.000227273	0.678899	0
	0.064	0.000103306	0.000103306	0.995851	0.774793	0.000206612	0.000227273	0.678899	0
	0.065	0.000144628	0.000123967	0.993776	0.770661	0.000165289	0.00018595	0.680982	0
	0.066	8.26446e-05	0.000268595	0.993776	0.768595	0.000123967	0.000371901	0.680982	0
	0.067	4.13223e-05	0.00018595	0.993776	0.756198	0.000206612	0.000206612	0.680982	0
	0.068	0.000123967	0.000227273	0.993776	0.752066	0.000123967	0.000206612	0.683077	0
	0.069	0.000103306	0.000268595	0.993776	0.747934	0.000103306	0.000247934	0.683077	0
	0.07	2.06612e-05	0.000309917	0.991701	0.741736	0.00018595	0.000206612	0.683077	0
	0.071	6.19835e-05	0.000268595	0.991701	0.733471	0.000123967	0.000330579	0.683077	0
	0.072	0.000103306	0.000123967	0.991701	0.727273	0.000144628	0.000309917	0.683077	0
	0.073	0.000103306	0.000227273	0.991701	0.721074	0.000144628	0.00035124	0.683077	0
	0.074	0.000206612	0.000289256	0.993763	0.719008	0.000165289	0.000227273	0.683077	0
	0.075	0.000144628	0.000309917	0.991684	0.716942	8.26446e-05	0.000268595	0.68	0
	0.076	0.000103306	0.000309917	0.991684	0.710744	0.000103306	0.000371901	0.68	0
	0.077	0.000206612	0.000268595	0.991684	0.704545	0.000165289	0.000454545	0.68	0
	0.078	0.000123967	0.000268595	0.989605	0.696281	0.000103306	0.000247934	0.682099	0
	0.079	0.000206612	0.00018595	0.989605	0.696281	6.19835e-05	0.000309917	0.682099	0
	0.08	0.000247934	0.000247934	0.989605	0.694215	6.19835e-05	0.00018595	0.682099	0
	0.081	0.000165289	0.00035124	0.989605	0.692149	0.000103306	0.00035124	0.684211	0
	0.082	0.000206612	0.000144628	0.987526	0.68595	6.19835e-05	0.000165289	0.684211	0
	0.083	0.000371901	0.00018595	0.987526	0.681818	4.13223e-05	0.00035124	0.684211	0
	0.084	0.000206612	0.000413223	0.987526	0.679752	8.26446e-05	0.000227273	0.684211	0
	0.085	0.000330579	0.000103306	0.987526	0.663223	4.13223e-05	0.000371901	0.686335	0
	0.086	0.000330579	0.000247934	0.987526	0.661157	4.13223e-05	0.000289256	0.686335	0
	0.087	0.000392562	0.000247934	0.987526	0.652893	0.000144628	0.000371901	0.686335	0
	0.088	0.000433884	0.000330579	0.987526	0.650826	0.00018595	0.000392562	0.686335	0
	0.089	0.000454545	0.000165289	0.987526	0.646694	8.26446e-05	0.000413223	0.68323	0
	0.09	0.000413223	0.000206612	0.987526	0.646694	0.000247934	0.00035124	0.68323	0
	0.091	0.000475207	0.000330579	0.987526	0.640496	0.000206612	0.00035124	0.68323	0
	0.092	0.000268595	0.000165289	0.985447	0.634298	0.00018595	0.000289256	0.685358	0
	0.093	0.000371901	0.000289256	0.985447	0.630165	0.000227273	0.000206612	0.685358	0
	0.094	0.000454545	0.000268595	0.985447	0.621901	0.000206612	0.00035124	0.685358	0
	0.095	0.000330579	0.000289256	0.985447	0.613636	0.000289256	0.000392562	0.685358	0
	0.096	0.000289256	0.000227273	0.985447	0.609504	0.000268595	0.000433884	0.685358	0
	0.097	0.000433884	0.000268595	0.985447	0.607438	0.000247934	0.000681818	0.685358	0
	0.098	0.000557851	0.000309917	0.985447	0.607438	0.000227273	0.000330579	0.685358	0
	0.099	0.000454545	0.000289256	0.985447	0.60124	0.00018595	0.000413223	0.685358	0
	0.1	0.000371901	0.000268595	0.985447	0.597107	0.000247934	0.000516529	0.685358	0
	0.101	0.000371901	0.000206612	0.985447	0.595041	0.000289256	0.000454545	0.685358	0
	0.102	0.000227273	0.000268595	0.983368	0.592975	0.000206612	0.000289256	0.685358	0
	0.103	0.000227273	0.000330579	0.983368	0.590909	0.000247934	0.00035124	0.685358	0
	0.104	0.000227273	0.000289256	0.983368	0.584711	0.000309917	0.000289256	0.685358	0
	0.105	0.000289256	0.000268595	0.983368	0.584711	0.000371901	0.000475207	0.685358	0
	0.106	0.000309917	0.000289256	0.983368	0.578512	0.000268595	0.000495868	0.685358	0
	0.107	0.000433884	0.000433884	0.985417	0.572314	0.000144628	0.000475207	0.685358	0
	0.108	0.000371901	0.000206612	0.985417	0.566116	0.000268595	0.000475207	0.685358	0
	0.109	0.000268595	0.000289256	0.987474	0.56405	0.000144628	0.000392562	0.685358	0
	0.11	0.000247934	0.00035124	0.987474	0.561983	0.000227273	0.00053719	0.685358	0
	0.111	0.000123967	0.000227273	0.987474	0.559917	0.000268595	0.000309917	0.685358	0
	0.112	0.000247934	0.00035124	0.985386	0.559917	8.26446e-05	0.000371901	0.685358	0
	0.113	0.00018595	0.000330579	0.983299	0.551653	0.000309917	0.00053719	0.685358	0
	0.114	0.000227273	0.000289256	0.983299	0.543388	0.00018595	0.00035124	0.685358	0
	0.115	0.000268595	0.00035124	0.983299	0.541322	0.000144628	0.000661157	0.685358	0
	0.116	0.000268595	0.00035124	0.983299	0.535124	0.000227273	0.000516529	0.682243	0
	0.117	0.000206612	0.000247934	0.983299	0.530992	0.000144628	0.00035124	0.682243	0
	0.118	0.000227273	0.000516529	0.983299	0.522727	0.00018595	0.000578512	0.684375	0
	0.119	0.000309917	0.000227273	0.985356	0.514463	0.000103306	0.000413223	0.684375	0
	0.12	0.000309917	0.000309917	0.983264	0.510331	0.000144628	0.00053719	0.684375	0
	0.121	0.000330579	0.000289256	0.983264	0.506198	0.000165289	0.000433884	0.68652	0
	0.122	0.000268595	0.000289256	0.983264	0.506198	0.000123967	0.000619835	0.68652	0
	0.123	0.000206612	0.000247934	0.983264	0.504132	6.19835e-05	0.000413223	0.68652	0
	0.124	0.000309917	0.000371901	0.983264	0.495868	6.19835e-05	0.000495868	0.683386	0
	0.125	0.000123967	0.000165289	0.983264	0.485537	6.19835e-05	0.000516529	0.683386	0
	0.126	0.000289256	0.000268595	0.983264	0.483471	0.000144628	0.000516529	0.685535	0
	0.127	0.000268595	0.000268595	0.985325	0.479339	2.06612e-05	0.000578512	0.685535	0
	0.128	0.00035124	0.000454545	0.985325	0.469008	0.000123967	0.00053719	0.685535	0
	0.129	0.000413223	0.000433884	0.983229	0.458678	6.19835e-05	0.000599174	0.685535	0
	0.13	0.000392562	0.000433884	0.985294	0.450413	4.13223e-05	0.000289256	0.687697	0
	0.131	0.000433884	0.000371901	0.987368	0.446281	6.19835e-05	0.000599174	0.687697	0
	0.132	0.000330579	0.000247934	0.985263	0.444215	0.00018595	0.00053719	0.687697	0
	0.133	0.000475207	0.00035124	0.985263	0.442149	0.000206612	0.000557851	0.687697	0
	0.134	0.000227273	0.000475207	0.983158	0.440083	0.000123967	0.000392562	0.687697	0
	0.135	0.000433884	0.000309917	0.983158	0.438017	0.000123967	0.000619835	0.686709	0
	0.136	0.00035124	0.000516529	0.983158	0.433884	0.00018595	0.000371901	0.683544	0
	0.137	0.000268595	0.000268595	0.983158	0.431818	0.000227273	0.000454545	0.683544	0
	0.138	0.000247934	0.000454545	0.983158	0.429752	0.000144628	0.000433884	0.683544	0
	0.139	0.000268595	0.000413223	0.983158	0.429752	0.000227273	0.000495868	0.683544	0
	0.14	0.000309917	0.00053719	0.983158	0.42562	0.000330579	0.000392562	0.683544	0
	0.141	0.000330579	0.000454545	0.981053	0.419421	0.000268595	0.00053719	0.68038	0
	0.142	0.000309917	0.000454545	0.981053	0.409091	0.000330579	0.000578512	0.68038	0
	0.143	0.000371901	0.000516529	0.981053	0.407025	0.00035124	0.000599174	0.68038	0
	0.144	0.000165289	0.000206612	0.981053	0.39876	0.000516529	0.000557851	0.68038	0
	0.145	0.000227273	0.00035124	0.981053	0.394628	0.00053719	0.000516529	0.68038	0
	0.146	0.000330579	0.000578512	0.981053	0.38843	0.00035124	0.00053719	0.68038	0
	0.147	0.000371901	0.000413223	0.981053	0.384298	0.000433884	0.00072314	0.68038	0
	0.148	0.000309917	0.000371901	0.981053	0.376033	0.000578512	0.000495868	0.68038	0
	0.149	0.00018595	0.00053719	0.981053	0.367769	0.000392562	0.000681818	0.677215	0
	0.15	0.000433884	0.000433884	0.981053	0.359504	0.000578512	0.000619835	0.677215	0
	0.151	0.000289256	0.000371901	0.981053	0.357438	0.00053719	0.000743802	0.677215	0
	0.152	0.000206612	0.000289256	0.981053	0.353306	0.000495868	0.000702479	0.677215	0
	0.153	0.00035124	0.000330579	0.981053	0.353306	0.000785124	0.000805785	0.677215	0
	0.154	0.000392562	0.000454545	0.981053	0.35124	0.000599174	0.000681818	0.677215	0
	0.155	0.000475207	0.000454545	0.983122	0.345041	0.000619835	0.000702479	0.677215	0
	0.156	0.000330579	0.000371901	0.983122	0.336777	0.000991736	0.00072314	0.674051	0
	0.157	0.000268595	0.00035124	0.983122	0.330579	0.000805785	0.000578512	0.674051	0
	0.158	0.000309917	0.000268595	0.983122	0.322314	0.000599174	0.000640496	0.674051	0
	0.159	0.000330579	0.000371901	0.983122	0.322314	0.000578512	0.00072314	0.67619	0
	0.16	0.000392562	0.000330579	0.981013	0.31405	0.00072314	0.00088843	0.67619	0
	0.161	0.000206612	0.000454545	0.983087	0.307851	0.000661157	0.000557851	0.67619	0
	0.162	0.000330579	0.000413223	0.983087	0.299587	0.00053719	0.000826446	0.678344	0
	0.163	0.00035124	0.000557851	0.983087	0.293388	0.000847107	0.000764463	0.678344	0
	0.164	0.000247934	0.000433884	0.985169	0.283058	0.000475207	0.000619835	0.678344	0
	0.165	0.000165289	0.000661157	0.985169	0.278926	0.000867769	0.000681818	0.678344	0
	0.166	0.000227273	0.000413223	0.985169	0.266529	0.000681818	0.000681818	0.680511	0
	0.167	0.000206612	0.000599174	0.985169	0.258264	0.000743802	0.000619835	0.680511	0
	0.168	0.00035124	0.000516529	0.989362	0.254132	0.000661157	0.000640496	0.680511	0
	0.169	0.000227273	0.000454545	0.989362	0.247934	0.000702479	0.000909091	0.680511	0
	0.17	0.000165289	0.000578512	0.987234	0.245868	0.000640496	0.000516529	0.680511	0
	0.171	0.000103306	0.000433884	0.985106	0.243802	0.000743802	0.000971074	0.680511	0
	0.172	0.000123967	0.000413223	0.985106	0.231405	0.000764463	0.000599174	0.684887	0
	0.173	0.000268595	0.000661157	0.985106	0.229339	0.00053719	0.000785124	0.684887	0
	0.174	0.000309917	0.000475207	0.985075	0.229339	0.000516529	0.00103306	0.684887	0
	0.175	0.000206612	0.000475207	0.985075	0.229339	0.000557851	0.000805785	0.684887	0
	0.176	0.000123967	0.000516529	0.985075	0.225207	0.000475207	0.000743802	0.684887	0
	0.177	0.000165289	0.000475207	0.982942	0.22314	0.000495868	0.000743802	0.684887	0
	0.178	0.000144628	0.000371901	0.982942	0.221074	0.000516529	0.000661157	0.684887	0
	0.179	0.000289256	0.000495868	0.985043	0.219008	0.000619835	0.000764463	0.684887	0
	0.18	0.000206612	0.000413223	0.982906	0.214876	0.000640496	0.000681818	0.681672	0
	0.181	0.000227273	0.000619835	0.982906	0.21281	0.000661157	0.000640496	0.678457	0
	0.182	0.000206612	0.000702479	0.982906	0.21281	0.000599174	0.000619835	0.677419	0
	0.183	0.000144628	0.000516529	0.982906	0.206612	0.000371901	0.000619835	0.677419	0
	0.184	0.000103306	0.000681818	0.982906	0.202479	0.000578512	0.000599174	0.677419	0
	0.185	0.000165289	0.000578512	0.982906	0.200413	0.00072314	0.000909091	0.679612	0
	0.186	0.000206612	0.00053719	0.982906	0.194215	0.00035124	0.00103306	0.684039	0
	0.187	6.19835e-05	0.000413223	0.980769	0.192149	0.000640496	0.000743802	0.684039	0
	0.188	0.000103306	0.000413223	0.980769	0.190083	0.00053719	0.000950413	0.684039	0
	0.189	0.000165289	0.000516529	0.980769	0.190083	0.000557851	0.000950413	0.686275	0
	0.19	8.26446e-05	0.00053719	0.980769	0.190083	0.000516529	0.00109504	0.686275	0
	0.191	0.000206612	0.000557851	0.980769	0.183884	0.00053719	0.000950413	0.683007	0
	0.192	0.000123967	0.000475207	0.980769	0.181818	0.000433884	0.000619835	0.683007	0
	0.193	0.000268595	0.000309917	0.980769	0.179752	0.00035124	0.000764463	0.683007	0
	0.194	0.00018595	0.000516529	0.980769	0.177686	0.000433884	0.000640496	0.683007	0
	0.195	8.26446e-05	0.000495868	0.980769	0.177686	0.000433884	0.000867769	0.685246	0
	0.196	0.000309917	0.000661157	0.980769	0.17562	0.00035124	0.00115702	0.686469	0
	0.197	0.00035124	0.000433884	0.980769	0.171488	0.000475207	0.000929752	0.683168	0
	0.198	0.000206612	0.000371901	0.980769	0.169421	0.000475207	0.000599174	0.683168	0
	0.199	0.000289256	0.000495868	0.980769	0.167355	0.000330579	0.000909091	0.683168	0
	0.2	0.000330579	0.000578512	0.982869	0.165289	0.000413223	0.000991736	0.683168	0
	0.201	0.000227273	0.000640496	0.982869	0.165289	0.000268595	0.000805785	0.679868	0
	0.202	0.000433884	0.000413223	0.982869	0.161157	0.000413223	0.00109504	0.678808	0
	0.203	0.000330579	0.000557851	0.984979	0.157025	0.00035124	0.00105372	0.678808	0
	0.204	0.000268595	0.000495868	0.984979	0.152893	0.000433884	0.000826446	0.678808	0
	0.205	0.000247934	0.000640496	0.984979	0.150826	0.000371901	0.000805785	0.678808	0
	0.206	0.000289256	0.000516529	0.984979	0.150826	0.000268595	0.000847107	0.678808	0
	0.207	0.000330579	0.000516529	0.984979	0.144628	0.000268595	0.000909091	0.678808	0
	0.208	0.000371901	0.000661157	0.984979	0.144628	0.000330579	0.000909091	0.678808	0
	0.209	0.000495868	0.000516529	0.982833	0.142562	0.000454545	0.00107438	0.685619	0
	0.21	0.000268595	0.000619835	0.982833	0.140496	0.000289256	0.000929752	0.687919	0
	0.211	0.000330579	0.000516529	0.982833	0.13843	0.000392562	0.000991736	0.690236	0
	0.212	0.000289256	0.000619835	0.982833	0.136364	0.000392562	0.000681818	0.692568	0
	0.213	0.000247934	0.000681818	0.982833	0.136364	0.00053719	0.000991736	0.692568	0
	0.214	0.000371901	0.000640496	0.982833	0.136364	0.000475207	0.00123967	0.692568	0
	0.215	0.000227273	0.000557851	0.982833	0.128099	0.000330579	0.00109504	0.692568	0
	0.216	0.000413223	0.00088843	0.982833	0.123967	0.000661157	0.00105372	0.692568	0
	0.217	0.000413223	0.000619835	0.984946	0.119835	0.000475207	0.0011157	0.694915	0
	0.218	0.000289256	0.000661157	0.984946	0.117769	0.000475207	0.000909091	0.702055	0
	0.219	0.000495868	0.000578512	0.984946	0.11157	0.000578512	0.000681818	0.702055	0
	0.22	0.000309917	0.000661157	0.984946	0.11157	0.000475207	0.00109504	0.706897	0
	0.221	0.000289256	0.000640496	0.984946	0.109504	0.00035124	0.0011157	0.709343	0
	0.222	0.00035124	0.000702479	0.984946	0.107438	0.000392562	0.000681818	0.709343	0
	0.223	0.000227273	0.000743802	0.982796	0.105372	0.000392562	0.000909091	0.709343	0
	0.224	0.00018595	0.00053719	0.982796	0.10124	0.000413223	0.0010124	0.709343	0
	0.225	0.00018595	0.000557851	0.982796	0.0991736	0.00053719	0.00107438	0.709343	0
	0.226	0.000206612	0.00072314	0.982796	0.0991736	0.000371901	0.000950413	0.709343	0
	0.227	0.000247934	0.00072314	0.982796	0.0991736	0.000433884	0.00088843	0.709343	0
	0.228	0.000268595	0.000495868	0.982796	0.0950413	0.00035124	0.000950413	0.705882	0
	0.229	0.000330579	0.000661157	0.980645	0.0950413	0.000392562	0.000929752	0.702422	0
	0.23	0.000165289	0.000805785	0.980645	0.0950413	0.000640496	0.0011157	0.702422	0
	0.231	0.00018595	0.000743802	0.980645	0.0950413	0.000454545	0.000764463	0.702422	0
	0.232	0.00035124	0.000805785	0.982759	0.0950413	0.000454545	0.00119835	0.702422	0
	0.233	0.000247934	0.000640496	0.980603	0.0950413	0.000557851	0.000971074	0.702422	0
	0.234	0.000227273	0.000661157	0.978448	0.0909091	0.000475207	0.000805785	0.702422	0
	0.235	0.000206612	0.00072314	0.978448	0.0909091	0.000681818	0.000909091	0.698962	0
	0.236	8.26446e-05	0.000578512	0.980562	0.088843	0.000392562	0.000826446	0.701389	0
	0.237	0.000206612	0.000661157	0.980562	0.0867769	0.000309917	0.000847107	0.701389	0
	0.238	0.000268595	0.000640496	0.980562	0.0867769	0.000475207	0.000764463	0.697917	0
	0.239	0.000206612	0.000557851	0.980562	0.0867769	0.000454545	0.000950413	0.697917	0
	0.24	0.000123967	0.000661157	0.976242	0.0867769	0.000289256	0.00103306	0.697917	0
	0.241	0.000289256	0.000785124	0.976242	0.0867769	0.000433884	0.000826446	0.694444	0
	0.242	0.00018595	0.000785124	0.974082	0.0805785	0.000371901	0.000991736	0.694444	0
	0.243	0.00018595	0.000826446	0.974082	0.0785124	0.000392562	0.000785124	0.694444	0
	0.244	0.000247934	0.000702479	0.97619	0.0785124	0.000454545	0.000909091	0.694444	0
	0.245	0.00018595	0.000867769	0.97619	0.0785124	0.000619835	0.0010124	0.694444	0
	0.246	0.000206612	0.000578512	0.97619	0.0743802	0.000371901	0.000847107	0.694444	0
	0.247	0.000289256	0.000619835	0.97619	0.0743802	0.00053719	0.00103306	0.694444	0
	0.248	0.000227273	0.000702479	0.969697	0.0743802	0.000454545	0.00072314	0.694444	0
	0.249	0.000268595	0.000929752	0.9718	0.0702479	0.000433884	0.000991736	0.696864	0
	0.25	0.000165289	0.000619835	0.9718	0.0702479	0.000619835	0.000764463	0.699301	0
	0.251	0.000268595	0.000681818	0.9718	0.0681818	0.000495868	0.000909091	0.695804	0
	0.252	0.000247934	0.000640496	0.973913	0.0681818	0.000557851	0.0010124	0.695804	0
	0.253	0.000289256	0.000743802	0.969565	0.0681818	0.000661157	0.000743802	0.692308	0
	0.254	0.000309917	0.000681818	0.969565	0.0681818	0.000557851	0.00109504	0.694737	0
	0.255	0.000371901	0.000785124	0.969565	0.0661157	0.000929752	0.000929752	0.694737	0
	0.256	0.000392562	0.00072314	0.967391	0.0640496	0.000516529	0.000805785	0.694737	0
	0.257	0.000392562	0.000950413	0.965217	0.0619835	0.000640496	0.00119835	0.694737	0
	0.258	0.000433884	0.000805785	0.965217	0.0619835	0.000599174	0.000909091	0.691228	0
	0.259	0.000413223	0.000764463	0.965217	0.0619835	0.000909091	0.0010124	0.687719	0
	0.26	0.000454545	0.000495868	0.965217	0.0599174	0.000557851	0.0011157	0.69258	0
	0.261	0.000557851	0.000785124	0.96732	0.0599174	0.000785124	0.00072314	0.695035	0
	0.262	0.000475207	0.000764463	0.960784	0.0599174	0.000743802	0.000785124	0.695035	0
	0.263	0.000413223	0.000847107	0.960784	0.0599174	0.000805785	0.000867769	0.69395	0
	0.264	0.00035124	0.000826446	0.958606	0.0578512	0.000743802	0.00103306	0.69395	0
	0.265	0.00053719	0.000661157	0.958606	0.0578512	0.000702479	0.00088843	0.690391	0
	0.266	0.000681818	0.000805785	0.958606	0.0578512	0.000743802	0.000971074	0.690391	0
	0.267	0.000516529	0.000826446	0.958606	0.0578512	0.000578512	0.000971074	0.686833	0
	0.268	0.000764463	0.000743802	0.958606	0.0578512	0.00088843	0.000950413	0.686833	0
	0.269	0.000495868	0.000929752	0.956427	0.0578512	0.00072314	0.00107438	0.686833	0
	0.27	0.000475207	0.00088843	0.956427	0.0578512	0.000599174	0.000764463	0.689286	0
	0.271	0.00053719	0.000743802	0.956427	0.0578512	0.000599174	0.000640496	0.689286	0
	0.272	0.000619835	0.000971074	0.956427	0.0578512	0.00053719	0.00113636	0.685714	0
	0.273	0.000578512	0.000826446	0.956427	0.0578512	0.000681818	0.00107438	0.685714	0
	0.274	0.000805785	0.000991736	0.954248	0.0578512	0.00072314	0.000805785	0.685714	0
	0.275	0.000950413	0.000681818	0.954248	0.0578512	0.000599174	0.000578512	0.685714	0
	0.276	0.000661157	0.000805785	0.954248	0.0578512	0.000599174	0.00121901	0.685714	0
	0.277	0.000826446	0.000950413	0.95207	0.0578512	0.000764463	0.000681818	0.685714	0
	0.278	0.000702479	0.000867769	0.95207	0.0578512	0.000619835	0.000867769	0.685714	0
	0.279	0.00072314	0.000764463	0.95207	0.0557851	0.000785124	0.000805785	0.685714	0
	0.28	0.000764463	0.000909091	0.949891	0.053719	0.000495868	0.000950413	0.685714	0
	0.281	0.000847107	0.000847107	0.949891	0.053719	0.000785124	0.00107438	0.685714	0
	0.282	0.000681818	0.000909091	0.951965	0.053719	0.000909091	0.000971074	0.682143	0
	0.283	0.000785124	0.000909091	0.951965	0.053719	0.000909091	0.00103306	0.68705	0
	0.284	0.00103306	0.00109504	0.951965	0.053719	0.000909091	0.000764463	0.68705	0
	0.285	0.000785124	0.000950413	0.951965	0.053719	0.000578512	0.000661157	0.68705	0
	0.286	0.000805785	0.000805785	0.951965	0.053719	0.000743802	0.00088843	0.68705	0
	0.287	0.000826446	0.000805785	0.951965	0.053719	0.000495868	0.00103306	0.68705	0
	0.288	0.000950413	0.0011157	0.951965	0.053719	0.000785124	0.000929752	0.685921	0
	0.289	0.000764463	0.000847107	0.951965	0.0516529	0.000516529	0.000867769	0.688406	0
	0.29	0.000971074	0.000950413	0.951965	0.0516529	0.000702479	0.000867769	0.688406	0
	0.291	0.000909091	0.00117769	0.951965	0.0516529	0.000826446	0.00105372	0.681159	0
	0.292	0.000619835	0.00128099	0.951965	0.0516529	0.000847107	0.000991736	0.688645	0
	0.293	0.000826446	0.000847107	0.954048	0.0495868	0.000640496	0.00103306	0.688645	0
	0.294	0.000764463	0.0011157	0.95186	0.0495868	0.000599174	0.0010124	0.688645	0
	0.295	0.000826446	0.00144628	0.95186	0.0495868	0.000867769	0.000661157	0.688645	0
	0.296	0.000640496	0.000971074	0.953947	0.0495868	0.000743802	0.00072314	0.691176	0
	0.297	0.000826446	0.000950413	0.953947	0.0495868	0.000847107	0.000847107	0.691176	0
	0.298	0.000805785	0.00088843	0.953947	0.0495868	0.000619835	0.000681818	0.683824	0
	0.299	0.000867769	0.00105372	0.953947	0.0495868	0.000764463	0.000702479	0.683824	0
	0.3	0.000805785	0.00103306	0.953947	0.0495868	0.000640496	0.000929752	0.683824	0
	0.301	0.000619835	0.00105372	0.953947	0.0495868	0.000578512	0.000971074	0.682657	0
	0.302	0.000702479	0.00105372	0.953947	0.0495868	0.000702479	0.0011157	0.684015	0
	0.303	0.000516529	0.0010124	0.953947	0.0495868	0.000599174	0.000867769	0.686567	0
	0.304	0.000557851	0.000867769	0.953947	0.0475207	0.000785124	0.000805785	0.686567	0
	0.305	0.00053719	0.000743802	0.953947	0.0475207	0.000764463	0.000991736	0.686567	0
	0.306	0.000495868	0.00103306	0.953947	0.0475207	0.000785124	0.000991736	0.686567	0
	0.307	0.000681818	0.000950413	0.956044	0.0475207	0.00053719	0.000826446	0.686567	0
	0.308	0.000681818	0.00105372	0.95815	0.0475207	0.000619835	0.000661157	0.686567	0
	0.309	0.00053719	0.000826446	0.95815	0.0475207	0.00053719	0.000867769	0.686567	0
	0.31	0.000475207	0.00107438	0.95815	0.0454545	0.000454545	0.0010124	0.686567	0
	0.311	0.000413223	0.000909091	0.960265	0.0454545	0.000619835	0.000826446	0.686567	0
	0.312	0.000475207	0.000971074	0.958057	0.0454545	0.000661157	0.000929752	0.682836	0
	0.313	0.000599174	0.00121901	0.958057	0.0454545	0.000495868	0.00088843	0.682836	0
	0.314	0.000578512	0.00113636	0.958057	0.0454545	0.000805785	0.00088843	0.682836	0
	0.315	0.000433884	0.00140496	0.958057	0.0454545	0.000516529	0.000847107	0.682836	0
	0.316	0.000330579	0.00107438	0.955752	0.0454545	0.000599174	0.0010124	0.682836	0
	0.317	0.000330579	0.00113636	0.955752	0.0433884	0.000578512	0.00103306	0.684211	0
	0.318	0.000371901	0.000909091	0.957871	0.0433884	0.000516529	0.000867769	0.686792	0
	0.319	0.000309917	0.00126033	0.955556	0.0433884	0.000578512	0.000971074	0.685606	0
	0.32	0.000475207	0.000991736	0.955556	0.0433884	0.000743802	0.00103306	0.688213	0
	0.321	0.000495868	0.000867769	0.957589	0.0433884	0.000743802	0.00103306	0.69084	0
	0.322	0.000247934	0.000826446	0.959732	0.0413223	0.000619835	0.000764463	0.688462	0
	0.323	0.000103306	0.000702479	0.959732	0.0413223	0.000661157	0.00103306	0.688462	0
	0.324	0.000227273	0.000867769	0.959732	0.0413223	0.000475207	0.00088843	0.688462	0
	0.325	0.000165289	0.00115702	0.959732	0.0413223	0.000557851	0.000847107	0.680769	0
	0.326	0.000330579	0.000805785	0.959732	0.0413223	0.000661157	0.000867769	0.683398	0
	0.327	0.000289256	0.000805785	0.959732	0.0413223	0.000413223	0.0010124	0.683398	0
	0.328	0.000309917	0.0011157	0.961883	0.0392562	0.000599174	0.000909091	0.683398	0
	0.329	0.00035124	0.00109504	0.959641	0.0392562	0.00053719	0.000847107	0.683398	0
	0.33	0.000330579	0.00109504	0.961798	0.0371901	0.000433884	0.000681818	0.683398	0
	0.331	0.000433884	0.000971074	0.961798	0.0371901	0.000557851	0.000764463	0.683398	0
	0.332	0.000413223	0.00105372	0.963964	0.0371901	0.00053719	0.000805785	0.683398	0
	0.333	0.000413223	0.000805785	0.96614	0.0371901	0.000475207	0.000805785	0.683398	0
	0.334	0.000227273	0.000991736	0.96614	0.035124	0.00035124	0.000929752	0.683398	0
	0.335	0.000433884	0.00119835	0.963883	0.035124	0.000702479	0.000743802	0.683398	0
	0.336	0.000309917	0.000929752	0.963801	0.035124	0.000516529	0.000909091	0.686047	0
	0.337	0.000454545	0.00103306	0.965909	0.0330579	0.000599174	0.000950413	0.686047	0
	0.338	0.000289256	0.00088843	0.968109	0.0330579	0.00035124	0.000847107	0.688716	0
	0.339	0.000309917	0.000867769	0.968109	0.0309917	0.000475207	0.000991736	0.688716	0
	0.34	0.000454545	0.000805785	0.965831	0.0309917	0.000516529	0.000950413	0.691406	0
	0.341	0.000516529	0.0011157	0.965831	0.0309917	0.000433884	0.00088843	0.691406	0
	0.342	0.000475207	0.00115702	0.965831	0.0309917	0.000495868	0.000950413	0.690196	0
	0.343	0.000392562	0.00117769	0.965831	0.0309917	0.000495868	0.000743802	0.690196	0
	0.344	0.000392562	0.000867769	0.963554	0.0309917	0.000392562	0.00109504	0.692913	0
	0.345	0.000371901	0.000950413	0.963554	0.0309917	0.00053719	0.000847107	0.688976	0
	0.346	0.000330579	0.000950413	0.963554	0.0309917	0.000640496	0.000805785	0.688976	0
	0.347	0.000516529	0.000971074	0.963554	0.0309917	0.000599174	0.00115702	0.6917	0
	0.348	0.00053719	0.00109504	0.965753	0.0309917	0.000661157	0.00107438	0.6917	0
	0.349	0.000454545	0.00113636	0.965753	0.0309917	0.000433884	0.000991736	0.6917	0
	0.35	0.000640496	0.000867769	0.965753	0.0268595	0.000764463	0.00105372	0.694444	0
	0.351	0.000599174	0.000805785	0.965675	0.0268595	0.000557851	0.000785124	0.694444	0
	0.352	0.000557851	0.00107438	0.965675	0.0268595	0.000495868	0.00121901	0.697211	0
	0.353	0.000454545	0.000867769	0.963387	0.0268595	0.000578512	0.000929752	0.697211	0
	0.354	0.000454545	0.00126033	0.963387	0.0268595	0.000619835	0.00115702	0.697211	0
	0.355	0.000578512	0.00109504	0.963387	0.0268595	0.000454545	0.00113636	0.697211	0
	0.356	0.000640496	0.000867769	0.963387	0.0268595	0.000661157	0.00115702	0.7	0
	0.357	0.000785124	0.000847107	0.963387	0.0268595	0.000309917	0.000991736	0.7	0
	0.358	0.000785124	0.00103306	0.963387	0.0268595	0.000557851	0.00072314	0.7	0
	0.359	0.00053719	0.00128099	0.963387	0.0268595	0.000640496	0.0010124	0.696	0
	0.36	0.000371901	0.000971074	0.963387	0.0268595	0.000661157	0.000785124	0.696	0
	0.361	0.000454545	0.00123967	0.965596	0.0268595	0.000805785	0.000826446	0.694779	0
	0.362	0.000392562	0.000847107	0.965596	0.0268595	0.000495868	0.000847107	0.694779	0
	0.363	0.000433884	0.00121901	0.965596	0.0268595	0.000640496	0.00126033	0.697581	0
	0.364	0.000413223	0.00105372	0.965596	0.0268595	0.000433884	0.0010124	0.697581	0
	0.365	0.000619835	0.000764463	0.965596	0.0268595	0.000599174	0.000909091	0.693548	0
	0.366	0.000475207	0.00105372	0.963303	0.0268595	0.000495868	0.000785124	0.696356	0
	0.367	0.000475207	0.00121901	0.963303	0.0268595	0.000557851	0.000909091	0.696356	0
	0.368	0.000475207	0.00119835	0.963303	0.0268595	0.000289256	0.00115702	0.704918	0
	0.369	0.000454545	0.000929752	0.961009	0.0268595	0.000557851	0.000826446	0.707819	0
	0.37	0.000289256	0.000991736	0.961009	0.0268595	0.000433884	0.000867769	0.707819	0
	0.371	0.000516529	0.00088843	0.961009	0.0268595	0.000413223	0.00072314	0.707819	0
	0.372	0.000330579	0.00115702	0.961009	0.0268595	0.00035124	0.000971074	0.707819	0
	0.373	0.000371901	0.000909091	0.961009	0.0268595	0.000330579	0.000743802	0.707819	0
	0.374	0.000413223	0.00103306	0.961009	0.0268595	0.000413223	0.0010124	0.707819	0
	0.375	0.000495868	0.00128099	0.961009	0.0268595	0.000392562	0.00103306	0.707819	0
	0.376	0.000433884	0.0010124	0.961009	0.0247934	0.000392562	0.00103306	0.707819	0
	0.377	0.000516529	0.00128099	0.96092	0.0247934	0.000309917	0.000764463	0.703704	0
	0.378	0.000475207	0.00109504	0.958621	0.0247934	0.000371901	0.000826446	0.703704	0
	0.379	0.00035124	0.00103306	0.958621	0.0247934	0.000392562	0.000640496	0.706612	0
	0.38	0.00053719	0.00103306	0.958621	0.0227273	0.000640496	0.000785124	0.706612	0
	0.381	0.000289256	0.00126033	0.960829	0.0227273	0.000330579	0.000909091	0.702479	0
	0.382	0.000619835	0.00088843	0.960829	0.0206612	0.000454545	0.000867769	0.701245	0
	0.383	0.000371901	0.000909091	0.960829	0.0206612	0.00053719	0.000743802	0.701245	0
	0.384	0.000289256	0.000929752	0.960829	0.0206612	0.000454545	0.000991736	0.704167	0
	0.385	0.000330579	0.00117769	0.960829	0.0206612	0.000371901	0.000640496	0.7	0
	0.386	0.000475207	0.00107438	0.960829	0.0206612	0.00053719	0.000929752	0.702929	0
	0.387	0.000475207	0.000805785	0.960829	0.0206612	0.000557851	0.00103306	0.702929	0
	0.388	0.000433884	0.00117769	0.963048	0.018595	0.000475207	0.000847107	0.702929	0
	0.389	0.000392562	0.00117769	0.963048	0.018595	0.000392562	0.000867769	0.708861	0
	0.39	0.000454545	0.000991736	0.965278	0.018595	0.000413223	0.000805785	0.704641	0
	0.391	0.000413223	0.00134298	0.965278	0.018595	0.000475207	0.000805785	0.707627	0
	0.392	0.000454545	0.000991736	0.965278	0.018595	0.00053719	0.000826446	0.699153	0
	0.393	0.000475207	0.000826446	0.967517	0.018595	0.000413223	0.000826446	0.700855	0
	0.394	0.000413223	0.00088843	0.967517	0.018595	0.000371901	0.00072314	0.696581	0
	0.395	0.000392562	0.000991736	0.967517	0.018595	0.000413223	0.000640496	0.696581	0
	0.396	0.000309917	0.00121901	0.972028	0.018595	0.000702479	0.000847107	0.692308	0
	0.397	0.000309917	0.000929752	0.969697	0.0165289	0.000578512	0.00088843	0.692308	0
	0.398	0.000475207	0.000971074	0.969697	0.0165289	0.000599174	0.000764463	0.688034	0
	0.399	0.000371901	0.000991736	0.969697	0.0144628	0.000661157	0.000764463	0.688034	0
	0.4	0.000371901	0.000991736	0.967366	0.0144628	0.000578512	0.0010124	0.688034	0
	0.401	0.000206612	0.00113636	0.969626	0.0144628	0.000578512	0.000929752	0.688034	0
	0.402	0.000268595	0.00128099	0.96729	0.0144628	0.000475207	0.000640496	0.688034	0
	0.403	0.00035124	0.000971074	0.969555	0.0144628	0.000578512	0.000950413	0.688034	0
	0.404	0.000206612	0.000950413	0.967213	0.0123967	0.000764463	0.00088843	0.688034	0
	0.405	0.00035124	0.00109504	0.967213	0.0123967	0.000495868	0.000785124	0.683761	0
	0.406	0.000289256	0.000950413	0.969484	0.0123967	0.00053719	0.000950413	0.689655	0
	0.407	0.000330579	0.000929752	0.969484	0.0123967	0.00053719	0.000619835	0.689655	0
	0.408	0.000268595	0.00132231	0.969484	0.0123967	0.000702479	0.0010124	0.689655	0
	0.409	0.000433884	0.000847107	0.967136	0.0123967	0.000495868	0.000867769	0.689655	0
	0.41	0.00035124	0.00117769	0.964789	0.0123967	0.000413223	0.000909091	0.689655	0
	0.411	0.000475207	0.00105372	0.964789	0.0123967	0.000702479	0.000867769	0.685345	0
	0.412	0.000309917	0.00113636	0.964706	0.0123967	0.000743802	0.00107438	0.681034	0
	0.413	0.00035124	0.00134298	0.962353	0.0123967	0.000785124	0.000743802	0.681034	0
	0.414	0.000433884	0.000950413	0.96	0.0123967	0.000681818	0.00088843	0.681034	0
	0.415	0.000309917	0.00121901	0.957647	0.0123967	0.000743802	0.000867769	0.681034	0
	0.416	0.00035124	0.00121901	0.957647	0.0103306	0.000640496	0.000991736	0.681034	0
	0.417	0.000309917	0.0011157	0.957647	0.0103306	0.000826446	0.000681818	0.681034	0
	0.418	0.000330579	0.00088843	0.959906	0.00413223	0.000681818	0.000847107	0.676724	0
	0.419	0.000330579	0.0011157	0.959906	0.00413223	0.000867769	0.000971074	0.676724	0
	0.42	0.000289256	0.00113636	0.955189	0.00413223	0.000681818	0.000950413	0.676724	0
	0.421	0.000371901	0.000991736	0.95283	0.00413223	0.00072314	0.000764463	0.672414	0
	0.422	0.000516529	0.00105372	0.95283	0.00413223	0.000516529	0.00072314	0.675325	0
	0.423	0.000413223	0.000785124	0.95283	0.00413223	0.00115702	0.0011157	0.675325	0
	0.424	0.000309917	0.0011157	0.95283	0.00413223	0.000702479	0.000950413	0.670996	0
	0.425	0.00053719	0.00103306	0.95283	0.00413223	0.000991736	0.000764463	0.666667	0
	0.426	0.000454545	0.00105372	0.948113	0.00413223	0.000867769	0.000867769	0.666667	0
	0.427	0.000433884	0.00115702	0.950355	0.00413223	0.000805785	0.00115702	0.666667	0
	0.428	0.000330579	0.00134298	0.950355	0.00206612	0.000805785	0.000764463	0.669565	0
	0.429	0.000557851	0.000929752	0.947991	0.00206612	0.000847107	0.000640496	0.669565	0
	0.43	0.000619835	0.000929752	0.947991	0.00206612	0.000785124	0.000971074	0.668122	0
	0.431	0.00035124	0.000929752	0.947991	0.00206612	0.000702479	0.00109504	0.668122	0
	0.432	0.00035124	0.000867769	0.950237	0.00206612	0.000929752	0.000661157	0.662281	0
	0.433	0.000475207	0.00107438	0.950237	0.00206612	0.000785124	0.00134298	0.662281	0
	0.434	0.000681818	0.0010124	0.950237	0.00206612	0.000929752	0.000785124	0.665198	0
	0.435	0.000433884	0.0011157	0.945498	0.00206612	0.00088843	0.0010124	0.663717	0
	0.436	0.000516529	0.00119835	0.945498	0.00206612	0.00107438	0.000826446	0.663717	0
	0.437	0.000578512	0.000909091	0.943128	0.00206612	0.000661157	0.000743802	0.666667	0
	0.438	0.000702479	0.000971074	0.943128	0.00206612	0.000702479	0.000681818	0.666667	0
	0.439	0.000433884	0.0010124	0.940618	0.00206612	0.000929752	0.000826446	0.666667	0
	0.44	0.000599174	0.00103306	0.940618	0.00206612	0.000909091	0.000867769	0.662222	0
	0.441	0.000661157	0.00126033	0.940618	0.00206612	0.000950413	0.000847107	0.662222	0
	0.442	0.000475207	0.00113636	0.933492	0.00206612	0.000950413	0.000909091	0.665179	0
	0.443	0.000640496	0.000991736	0.933492	0.00206612	0.00107438	0.00119835	0.665179	0
	0.444	0.000681818	0.0010124	0.933492	0.00206612	0.0011157	0.00107438	0.671171	0
	0.445	0.00053719	0.000847107	0.933492	0.00206612	0.000847107	0.0010124	0.674208	0
	0.446	0.000743802	0.000950413	0.935714	0.00206612	0.000847107	0.000950413	0.669683	0
	0.447	0.000578512	0.00105372	0.935714	0.00206612	0.000950413	0.0010124	0.669683	0
	0.448	0.000971074	0.000909091	0.935714	0.00206612	0.000847107	0.000950413	0.669683	0
	0.449	0.000867769	0.000743802	0.935561	0.00206612	0.00088843	0.00109504	0.665158	0
	0.45	0.000743802	0.000847107	0.935561	0.00206612	0.000929752	0.00088843	0.656109	0
	0.451	0.000702479	0.000743802	0.935561	0.00206612	0.00107438	0.00088843	0.656109	0
	0.452	0.000764463	0.000971074	0.935561	0.00206612	0.00113636	0.000805785	0.657534	0
	0.453	0.000826446	0.000909091	0.935561	0.00206612	0.0010124	0.000805785	0.663594	0
	0.454	0.0010124	0.00105372	0.933174	0.00206612	0.000950413	0.000847107	0.663594	0
	0.455	0.000867769	0.0011157	0.928401	0.00206612	0.00088843	0.00119835	0.663594	0
	0.456	0.00088843	0.000991736	0.928401	0.00206612	0.000743802	0.0010124	0.660465	0
	0.457	0.000847107	0.000929752	0.926014	0.00206612	0.000909091	0.000847107	0.660465	0
	0.458	0.0010124	0.000929752	0.926014	0.00206612	0.00103306	0.00103306	0.660465	0
	0.459	0.00072314	0.000805785	0.92823	0.00206612	0.000950413	0.00109504	0.655814	0
	0.46	0.000619835	0.00103306	0.92823	0.00206612	0.000950413	0.0011157	0.658879	0
	0.461	0.0011157	0.000950413	0.92823	0.00206612	0.000950413	0.000950413	0.658879	0
	0.462	0.000971074	0.000764463	0.928058	0.00206612	0.00088843	0.000826446	0.657277	0
	0.463	0.000764463	0.0011157	0.923261	0.00206612	0.000929752	0.000971074	0.660377	0
	0.464	0.000805785	0.000929752	0.923261	0.00206612	0.000909091	0.000971074	0.660377	0
	0.465	0.0011157	0.000867769	0.923261	0.00206612	0.000826446	0.000743802	0.660377	0
	0.466	0.000847107	0.0010124	0.923261	0.00206612	0.00123967	0.000826446	0.663507	0
	0.467	0.000785124	0.000909091	0.920863	0.00206612	0.00088843	0.00105372	0.669856	0
	0.468	0.00105372	0.00119835	0.920863	0.00206612	0.000971074	0.000929752	0.665072	0
	0.469	0.000991736	0.00088843	0.918465	0.00206612	0.0011157	0.000929752	0.665072	0
	0.47	0.00103306	0.00105372	0.915663	0.00206612	0.00109504	0.000785124	0.665072	0
	0.471	0.000805785	0.00103306	0.913253	0.00206612	0.0011157	0.0010124	0.668269	0
	0.472	0.00107438	0.0010124	0.913253	0.00206612	0.00119835	0.0013843	0.668269	0
	0.473	0.000764463	0.000826446	0.913253	0.00206612	0.00119835	0.000971074	0.661836	0
	0.474	0.00107438	0.000971074	0.915459	0.00206612	0.00113636	0.00088843	0.665049	0
	0.475	0.000950413	0.000991736	0.915459	0.00206612	0.00134298	0.000971074	0.665049	0
	0.476	0.000785124	0.000950413	0.913043	0.00206612	0.00119835	0.000867769	0.665049	0
	0.477	0.000950413	0.000929752	0.910628	0.00206612	0.00113636	0.000847107	0.665049	0
	0.478	0.000867769	0.00088843	0.910628	0.00206612	0.0011157	0.000929752	0.663415	0
	0.479	0.000971074	0.000785124	0.910628	0.00206612	0.00105372	0.00113636	0.663415	0
	0.48	0.0010124	0.000909091	0.912833	0.00206612	0.00119835	0.000826446	0.661765	0
	0.481	0.000847107	0.000909091	0.912621	0.00206612	0.00134298	0.0010124	0.656863	0
	0.482	0.00103306	0.000929752	0.912621	0.00206612	0.00109504	0.000743802	0.656863	0
	0.483	0.0010124	0.000971074	0.912409	0.00206612	0.00121901	0.000929752	0.660099	0
	0.484	0.00103306	0.00088843	0.912409	0.00206612	0.00109504	0.00128099	0.660099	0
	0.485	0.000971074	0.000785124	0.912409	0.00206612	0.00121901	0.000950413	0.663366	0
	0.486	0.0011157	0.000991736	0.909976	0.00206612	0.00117769	0.00117769	0.663366	0
	0.487	0.00128099	0.000929752	0.909756	0.00206612	0.00109504	0.000971074	0.666667	0
	0.488	0.000971074	0.00103306	0.909756	0.00206612	0.00159091	0.00119835	0.665	0
	0.489	0.00088843	0.00105372	0.907317	0.00206612	0.00142562	0.00105372	0.663317	0
	0.49	0.00119835	0.000785124	0.907317	0.00206612	0.00150826	0.00123967	0.666667	0
	0.491	0.00115702	0.000909091	0.907317	0.00206612	0.00128099	0.000805785	0.651515	0
	0.492	0.000909091	0.000971074	0.909535	0.00206612	0.00123967	0.00117769	0.654822	0
	0.493	0.000681818	0.000847107	0.909535	0.00206612	0.00157025	0.00119835	0.654822	0
	0.494	0.0010124	0.000743802	0.909535	0.00206612	0.00171488	0.0011157	0.653061	0
	0.495	0.000867769	0.000785124	0.909535	0.00206612	0.00167355	0.00128099	0.653061	0
	0.496	0.00088843	0.000909091	0.909535	0.00206612	0.00161157	0.0010124	0.65641	0
	0.497	0.000867769	0.000991736	0.90709	0.00206612	0.00167355	0.000640496	0.654639	0
	0.498	0.0011157	0.000991736	0.90709	0	0.00134298	0.00126033	0.658031	0
	0.499	0.000929752	0.000743802	0.909314	0	0.00165289	0.00105372	0.658031	0
	0.5	0.000991736	0.00088843	0.906863	0	0.00171488	0.000929752	0.659686	0
	0.501	0.000909091	0.000764463	0.906863	0	0.00183884	0.000991736	0.654255	0
	0.502	0.00088843	0.000909091	0.906634	0	0.00157025	0.00123967	0.648936	0
	0.503	0.00107438	0.000991736	0.910891	0	0.0017562	0.00113636	0.654054	0
	0.504	0.000950413	0.000971074	0.913151	0	0.00154959	0.00128099	0.643243	0
	0.505	0.000971074	0.000929752	0.913151	0	0.00181818	0.00123967	0.641304	0
	0.506	0.0010124	0.00109504	0.913151	0	0.00140496	0.00107438	0.642857	0
	0.507	0.000991736	0.000929752	0.912935	0	0.00183884	0.00119835	0.631868	0
	0.508	0.000991736	0.000867769	0.910448	0	0.00179752	0.00117769	0.634831	0
	0.509	0.000847107	0.000971074	0.915	0	0.00161157	0.00150826	0.634831	0
	0.51	0.00088843	0.000929752	0.917293	0	0.00128099	0.000847107	0.636364	0
	0.511	0.000640496	0.00103306	0.917293	0	0.00150826	0.000991736	0.630682	0
	0.512	0.000743802	0.00107438	0.917293	0	0.0014876	0.00105372	0.622857	0
	0.513	0.00088843	0.000785124	0.917293	0	0.00144628	0.000785124	0.626437	0
	0.514	0.00088843	0.000971074	0.917293	0	0.00140496	0.0010124	0.62069	0
	0.515	0.000867769	0.0010124	0.919598	0	0.00140496	0.0014876	0.624277	0
	0.516	0.000743802	0.000971074	0.919598	0	0.00119835	0.00105372	0.618497	0
	0.517	0.000826446	0.000991736	0.919598	0	0.00157025	0.0011157	0.622093	0
	0.518	0.000764463	0.00103306	0.921914	0	0.00163223	0.000867769	0.625731	0
	0.519	0.0011157	0.00105372	0.921914	0	0.0013843	0.0011157	0.623529	0
	0.52	0.000764463	0.00109504	0.919395	0	0.00150826	0.000950413	0.627219	0
	0.521	0.000743802	0.000805785	0.919395	0	0.00161157	0.000743802	0.625	0
	0.522	0.00088843	0.000929752	0.921717	0	0.00126033	0.00121901	0.625	0
	0.523	0.00072314	0.000764463	0.921717	0	0.00132231	0.00121901	0.625	0
	0.524	0.000867769	0.000805785	0.926396	0	0.00142562	0.00113636	0.625	0
	0.525	0.000971074	0.00113636	0.926396	0	0.00150826	0.00123967	0.616766	0
	0.526	0.000909091	0.00107438	0.926396	0	0.00123967	0.00123967	0.614458	0
	0.527	0.0011157	0.000909091	0.928753	0	0.0013843	0.0011157	0.614458	0
	0.528	0.000805785	0.000743802	0.930946	0	0.00214876	0.000640496	0.612121	0
	0.529	0.000785124	0.000991736	0.933333	0	0.00154959	0.00103306	0.615854	0
	0.53	0.000661157	0.00113636	0.933162	0	0.00154959	0.000909091	0.619632	0
	0.531	0.000764463	0.000971074	0.933162	0	0.00183884	0.000950413	0.617284	0
	0.532	0.000867769	0.000847107	0.935567	0	0.00179752	0.00113636	0.621118	0
	0.533	0.000557851	0.000950413	0.935567	0	0.00150826	0.00103306	0.628931	0
	0.534	0.000785124	0.000991736	0.93299	0	0.00161157	0.00109504	0.632911	0
	0.535	0.000578512	0.00105372	0.93299	0	0.00177686	0.000909091	0.649351	0
	0.536	0.000971074	0.000929752	0.930412	0	0.0017562	0.000805785	0.642857	0
	0.537	0.000578512	0.00130165	0.927835	0	0.0017562	0.000971074	0.636364	0
	0.538	0.000681818	0.00107438	0.927835	0	0.00198347	0.00119835	0.62987	0
	0.539	0.000867769	0.000971074	0.927835	0	0.00198347	0.0011157	0.625	0
	0.54	0.000764463	0.00109504	0.927835	0	0.00159091	0.00103306	0.625	0
	0.541	0.000681818	0.000867769	0.92268	0	0.00163223	0.00088843	0.618421	0
	0.542	0.000475207	0.00113636	0.92487	0	0.00183884	0.00072314	0.618421	0
	0.543	0.000702479	0.000929752	0.92487	0	0.00165289	0.00123967	0.611842	0
	0.544	0.000557851	0.00117769	0.927273	0	0.00171488	0.000971074	0.61745	0
	0.545	0.000640496	0.000929752	0.927273	0	0.00169421	0.00121901	0.61745	0
	0.546	0.00053719	0.000847107	0.927273	0	0.00157025	0.000950413	0.604027	0
	0.547	0.000516529	0.00072314	0.927083	0	0.00179752	0.000805785	0.604027	0
	0.548	0.000599174	0.000971074	0.929504	0	0.00181818	0.00103306	0.608108	0
	0.549	0.00053719	0.00088843	0.931937	0	0.00152893	0.000847107	0.613793	0
	0.55	0.000681818	0.000702479	0.931937	0	0.00144628	0.00117769	0.611111	0
	0.551	0.000495868	0.000971074	0.931759	0	0.00163223	0.00117769	0.608392	0
	0.552	0.000681818	0.00105372	0.931759	0	0.00190083	0.0010124	0.601399	0
	0.553	0.000661157	0.00121901	0.934211	0	0.00142562	0.000785124	0.577465	0
	0.554	0.000743802	0.0010124	0.934211	0	0.00181818	0.000826446	0.577465	0
	0.555	0.000392562	0.0010124	0.931579	0	0.00144628	0.000909091	0.574468	0
	0.556	0.000578512	0.000909091	0.931579	0	0.00159091	0.00088843	0.574468	0
	0.557	0.000475207	0.000681818	0.931398	0	0.0013843	0.00103306	0.567376	0
	0.558	0.000619835	0.000826446	0.931398	0	0.0014876	0.000929752	0.571429	0
	0.559	0.000516529	0.000950413	0.931398	0	0.00140496	0.000991736	0.571429	0
	0.56	0.000495868	0.000785124	0.933862	0	0.00152893	0.000764463	0.55	0
	0.561	0.000413223	0.000867769	0.933862	0	0.00126033	0.00107438	0.562044	0
	0.562	0.000454545	0.000826446	0.931217	0	0.00117769	0.000991736	0.558824	0
	0.563	0.000681818	0.000971074	0.928571	0	0.00142562	0.000867769	0.551471	0
	0.564	0.000599174	0.00115702	0.928571	0	0.00146694	0.000909091	0.544118	0
	0.565	0.00035124	0.00088843	0.931034	0	0.00136364	0.00113636	0.544118	0
	0.566	0.000578512	0.000929752	0.931034	0	0.00126033	0.000826446	0.548148	0
	0.567	0.000640496	0.000991736	0.931034	0	0.00109504	0.000971074	0.552239	0
	0.568	0.000805785	0.00105372	0.931034	0	0.0014876	0.00088843	0.552239	0
	0.569	0.00053719	0.00134298	0.928382	0	0.00123967	0.0011157	0.544776	0
	0.57	0.00072314	0.000661157	0.928382	0	0.00126033	0.000826446	0.545455	0
	0.571	0.000578512	0.00088843	0.930667	0	0.00130165	0.00109504	0.530303	0
	0.572	0.000847107	0.000991736	0.935657	0	0.0014876	0.00105372	0.530303	0
	0.573	0.000413223	0.000805785	0.932976	0	0.00126033	0.000805785	0.542636	0
	0.574	0.000495868	0.0010124	0.932976	0	0.00140496	0.00103306	0.546875	0
	0.575	0.00035124	0.0010124	0.932976	0	0.00130165	0.000929752	0.551181	0
	0.576	0.000599174	0.000867769	0.932796	0	0.00142562	0.000826446	0.536	0
	0.577	0.00053719	0.00103306	0.930108	0	0.00128099	0.000805785	0.532258	0
	0.578	0.000557851	0.000826446	0.924731	0	0.00161157	0.000971074	0.524194	0
	0.579	0.000599174	0.000826446	0.924731	0	0.00167355	0.000971074	0.520325	0
	0.58	0.000764463	0.00128099	0.924731	0	0.00157025	0.000743802	0.520325	0
	0.581	0.000475207	0.00103306	0.932249	0	0.00128099	0.00107438	0.52459	0
	0.582	0.000475207	0.000867769	0.932249	0	0.00179752	0.00072314	0.537815	0
	0.583	0.000661157	0.0010124	0.932249	0	0.00152893	0.000867769	0.542373	0
	0.584	0.000433884	0.000847107	0.934783	0	0.00128099	0.00123967	0.547009	0
	0.585	0.000681818	0.00109504	0.934783	0	0.00161157	0.000909091	0.551724	0
	0.586	0.000599174	0.000950413	0.934783	0	0.00134298	0.000971074	0.556522	0
	0.587	0.00053719	0.00103306	0.934783	0	0.00132231	0.000867769	0.571429	0
	0.588	0.000599174	0.000764463	0.932065	0	0.00161157	0.000743802	0.5625	0
	0.589	0.00072314	0.00107438	0.932065	0	0.00150826	0.000826446	0.54955	0
	0.59	0.000640496	0.00103306	0.932065	0	0.00161157	0.000743802	0.54955	0
	0.591	0.000619835	0.000867769	0.932065	0	0.00107438	0.0011157	0.54955	0
	0.592	0.000743802	0.000909091	0.932065	0	0.00144628	0.000764463	0.54955	0
	0.593	0.000640496	0.000971074	0.937158	0	0.00173554	0.000929752	0.559633	0
	0.594	0.000764463	0.000909091	0.934426	0	0.00179752	0.000909091	0.53211	0
	0.595	0.000702479	0.00088843	0.934426	0	0.00177686	0.000909091	0.53211	0
	0.596	0.000599174	0.00105372	0.931694	0	0.00144628	0.000661157	0.527778	0
	0.597	0.000599174	0.000929752	0.931694	0	0.00123967	0.000702479	0.528302	0
	0.598	0.000805785	0.00113636	0.928962	0	0.00163223	0.0010124	0.518868	0
	0.599	0.000578512	0.00107438	0.928767	0	0.00177686	0.000764463	0.514286	0
	0.6	0.000619835	0.000909091	0.928767	0	0.00157025	0.000867769	0.504762	0
	0.601	0.000619835	0.000991736	0.928767	0	0.00179752	0.000743802	0.509615	0
	0.602	0.000619835	0.00107438	0.928767	0	0.00163223	0.0010124	0.509615	0
	0.603	0.000764463	0.00113636	0.926027	0	0.00190083	0.000991736	0.514563	0
	0.604	0.000413223	0.000929752	0.926027	0	0.0017562	0.000785124	0.514563	0
	0.605	0.000826446	0.000847107	0.926027	0	0.00146694	0.000681818	0.509804	0
	0.606	0.000640496	0.00113636	0.926027	0	0.00109504	0.00105372	0.509804	0
	0.607	0.000826446	0.000867769	0.928571	0	0.00167355	0.000599174	0.514851	0
	0.608	0.000867769	0.000847107	0.928571	0	0.00154959	0.000578512	0.5	0
	0.609	0.000743802	0.00107438	0.925824	0	0.00146694	0.000805785	0.505051	0
	0.61	0.000661157	0.000640496	0.928375	0	0.00128099	0.000702479	0.5	0
	0.611	0.000991736	0.0010124	0.928375	0	0.00107438	0.000950413	0.5	0
	0.612	0.00088843	0.00113636	0.928177	0	0.0013843	0.000867769	0.5	0
	0.613	0.000640496	0.00113636	0.930748	0	0.00142562	0.000847107	0.5	0
	0.614	0.000640496	0.00088843	0.930748	0	0.00113636	0.000847107	0.489796	0
	0.615	0.000785124	0.000991736	0.930748	0	0.00134298	0.00105372	0.489796	0
	0.616	0.000805785	0.000785124	0.933333	0	0.00123967	0.00103306	0.479592	0
	0.617	0.000661157	0.000847107	0.933333	0	0.00150826	0.000764463	0.479592	0
	0.618	0.00053719	0.000805785	0.935933	0	0.00107438	0.000764463	0.5	0
	0.619	0.00088843	0.00136364	0.938547	0	0.00109504	0.00105372	0.505376	0
	0.62	0.000909091	0.000929752	0.938547	0	0.000991736	0.000826446	0.51087	0
	0.621	0.000661157	0.00140496	0.938547	0	0.00140496	0.000929752	0.505495	0
	0.622	0.000661157	0.00115702	0.938547	0	0.00136364	0.000764463	0.483516	0
	0.623	0.000475207	0.00088843	0.938547	0	0.00130165	0.000681818	0.488889	0
	0.624	0.000702479	0.000909091	0.938547	0	0.00126033	0.000867769	0.494382	0
	0.625	0.000681818	0.000805785	0.938375	0	0.00115702	0.000805785	0.494382	0
	0.626	0.000826446	0.000971074	0.935574	0	0.000991736	0.000516529	0.494382	0
	0.627	0.00072314	0.000950413	0.938202	0	0.000805785	0.000764463	0.494382	0
	0.628	0.000619835	0.00103306	0.935393	0	0.00088843	0.000764463	0.511628	0
	0.629	0.000847107	0.000847107	0.938028	0	0.000971074	0.000847107	0.511628	0
	0.63	0.000578512	0.00072314	0.940678	0	0.00117769	0.000971074	0.517647	0
	0.631	0.00088843	0.00105372	0.940678	0	0.0011157	0.000785124	0.52381	0
	0.632	0.000557851	0.00119835	0.937853	0	0.00115702	0.000826446	0.53012	0
	0.633	0.000826446	0.000909091	0.937853	0	0.000950413	0.000847107	0.536585	0
	0.634	0.000867769	0.000847107	0.937853	0	0.000929752	0.000681818	0.536585	0
	0.635	0.000454545	0.000971074	0.937853	0	0.000991736	0.000867769	0.536585	0
	0.636	0.000785124	0.000785124	0.935028	0	0.000847107	0.000867769	0.536585	0
	0.637	0.000557851	0.00115702	0.937677	0	0.00088843	0.000847107	0.54321	0
	0.638	0.000619835	0.000847107	0.937677	0	0.000909091	0.000929752	0.530864	0
	0.639	0.000619835	0.000867769	0.934844	0	0.000909091	0.000826446	0.551282	0
	0.64	0.000475207	0.000991736	0.934844	0	0.000785124	0.000826446	0.558442	0
	0.641	0.000495868	0.00109504	0.934844	0	0.000847107	0.000681818	0.545455	0
	0.642	0.000640496	0.0010124	0.9375	0	0.000847107	0.000805785	0.545455	0
	0.643	0.000640496	0.00088843	0.9375	0	0.000929752	0.000764463	0.545455	0
	0.644	0.00053719	0.000909091	0.937322	0	0.000805785	0.000702479	0.552632	0
	0.645	0.000495868	0.00105372	0.94	0	0.000909091	0.000826446	0.56	0
	0.646	0.000557851	0.000847107	0.94	0	0.000826446	0.000619835	0.567568	0
	0.647	0.00053719	0.00113636	0.942693	0	0.000805785	0.000991736	0.554054	0
	0.648	0.000371901	0.00088843	0.942693	0	0.000867769	0.000929752	0.561644	0
	0.649	0.00072314	0.000950413	0.942693	0	0.000867769	0.000702479	0.569444	0
	0.65	0.000619835	0.000785124	0.942693	0	0.000557851	0.000805785	0.569444	0
	0.651	0.000516529	0.000991736	0.945402	0	0.000764463	0.000516529	0.577465	0
	0.652	0.000599174	0.00123967	0.945402	0	0.000929752	0.000619835	0.602941	0
	0.653	0.000413223	0.000971074	0.945402	0	0.000867769	0.000640496	0.61194	0
	0.654	0.00035124	0.00121901	0.948127	0	0.000681818	0.00072314	0.621212	0
	0.655	0.000495868	0.000867769	0.948127	0	0.000702479	0.000661157	0.625	0
	0.656	0.00035124	0.00134298	0.948127	0	0.000847107	0.000805785	0.609375	0
	0.657	0.000206612	0.00115702	0.947977	0	0.000847107	0.000805785	0.59375	0
	0.658	0.000392562	0.000867769	0.945087	0	0.000743802	0.000785124	0.59375	0
	0.659	0.000330579	0.00119835	0.939306	0	0.000413223	0.000826446	0.59375	0
	0.66	0.000413223	0.0011157	0.939306	0	0.000640496	0.00072314	0.603175	0
	0.661	0.000268595	0.000805785	0.942029	0	0.00053719	0.000991736	0.596774	0
	0.662	0.000495868	0.00109504	0.94186	0	0.00072314	0.000681818	0.606557	0
	0.663	0.000247934	0.00088843	0.947368	0	0.000433884	0.000702479	0.6	0
	0.664	0.000309917	0.00109504	0.947368	0	0.00035124	0.000454545	0.610169	0
	0.665	0.000289256	0.00115702	0.947368	0	0.000681818	0.000681818	0.610169	0
	0.666	0.000475207	0.000681818	0.947368	0	0.000578512	0.000454545	0.603448	0
	0.667	0.000309917	0.00109504	0.947368	0	0.000309917	0.000619835	0.586207	0
	0.668	0.000413223	0.00119835	0.947368	0	0.000371901	0.000640496	0.586207	0
	0.669	0.000309917	0.0011157	0.947368	0	0.000475207	0.000764463	0.568966	0
	0.67	0.000371901	0.000929752	0.947368	0	0.000516529	0.000516529	0.568966	0
	0.671	0.000330579	0.00121901	0.947368	0	0.000640496	0.000619835	0.571429	0
	0.672	0.000516529	0.000909091	0.947368	0	0.00053719	0.000557851	0.571429	0
	0.673	0.000433884	0.0011157	0.947368	0	0.000392562	0.000661157	0.581818	0
	0.674	0.000289256	0.00105372	0.947368	0	0.000392562	0.00072314	0.574074	0
	0.675	0.000413223	0.000826446	0.950147	0	0.00053719	0.000681818	0.555556	0
	0.676	0.000433884	0.000991736	0.952941	0	0.000495868	0.000619835	0.5	0
	0.677	0.00035124	0.000867769	0.95	0	0.000599174	0.000578512	0.5	0
	0.678	0.000413223	0.00126033	0.95	0	0.000433884	0.000454545	0.5	0
	0.679	0.000392562	0.00088843	0.949853	0	0.000495868	0.000764463	0.481481	0
	0.68	0.000392562	0.0010124	0.952663	0	0.000640496	0.000557851	0.481481	0
	0.681	0.000433884	0.000950413	0.95549	0	0.00107438	0.000599174	0.461538	0
	0.682	0.000433884	0.000971074	0.949555	0	0.00053719	0.00072314	0.45098	0
	0.683	0.000557851	0.00088843	0.94362	0	0.00072314	0.000743802	0.458333	0
	0.684	0.000413223	0.00119835	0.94362	0	0.000495868	0.000702479	0.458333	0
	0.685	0.00035124	0.000929752	0.94362	0	0.000640496	0.000578512	0.4375	0
	0.686	0.000475207	0.00105372	0.94362	0	0.000599174	0.000516529	0.416667	0
	0.687	0.000392562	0.000909091	0.943452	0	0.000640496	0.000557851	0.416667	0
	0.688	0.00053719	0.000971074	0.943452	0	0.00072314	0.000619835	0.416667	0
	0.689	0.000330579	0.000785124	0.943452	0	0.000764463	0.000599174	0.416667	0
	0.69	0.000619835	0.00088843	0.943452	0	0.000764463	0.000392562	0.395833	0
	0.691	0.000599174	0.00105372	0.940476	0	0.000950413	0.000805785	0.354167	0
	0.692	0.000475207	0.000867769	0.940476	0	0.00088843	0.000785124	0.333333	0
	0.693	0.000619835	0.000743802	0.940476	0	0.000909091	0.000578512	0.333333	0
	0.694	0.000475207	0.00115702	0.9375	0	0.000847107	0.000454545	0.319149	0
	0.695	0.000785124	0.0011157	0.934524	0	0.000681818	0.000661157	0.326087	0
	0.696	0.000516529	0.000971074	0.937313	0	0.00103306	0.000743802	0.326087	0
	0.697	0.000661157	0.0011157	0.94012	0	0.000991736	0.000433884	0.326087	0
	0.698	0.000661157	0.00134298	0.94012	0	0.000743802	0.000661157	0.326087	0
	0.699	0.000702479	0.00109504	0.94012	0	0.000950413	0.000495868	0.326087	0
	0.7	0.000433884	0.00123967	0.94012	0	0.000991736	0.000661157	0.333333	0
	0.701	0.000681818	0.00109504	0.94012	0	0.000929752	0.000681818	0.333333	0
	0.702	0.000557851	0.000826446	0.937126	0	0.000867769	0.000557851	0.311111	0
	0.703	0.000702479	0.000929752	0.937126	0	0.0010124	0.000826446	0.318182	0
	0.704	0.000929752	0.00117769	0.937126	0	0.000826446	0.000867769	0.318182	0
	0.705	0.000661157	0.00136364	0.942771	0	0.00113636	0.000578512	0.318182	0
	0.706	0.000743802	0.000867769	0.939759	0	0.00128099	0.000516529	0.302326	0
	0.707	0.000826446	0.00105372	0.936747	0	0.0011157	0.000599174	0.255814	0
	0.708	0.000475207	0.00088843	0.936747	0	0.00113636	0.000599174	0.255814	0
	0.709	0.000743802	0.000909091	0.933735	0	0.00128099	0.000826446	0.232558	0
	0.71	0.000640496	0.00121901	0.933735	0	0.00115702	0.000475207	0.232558	0
	0.711	0.000764463	0.000971074	0.933735	0	0.00119835	0.000661157	0.214286	0
	0.712	0.000392562	0.00113636	0.933735	0	0.0010124	0.000578512	0.214286	0
	0.713	0.000743802	0.00113636	0.933735	0	0.00103306	0.000413223	0.214286	0
	0.714	0.000661157	0.00107438	0.930723	0	0.0011157	0.000516529	0.214286	0
	0.715	0.000661157	0.00132231	0.930723	0	0.00109504	0.000516529	0.219512	0
	0.716	0.000578512	0.00109504	0.930723	0	0.000909091	0.000557851	0.219512	0
	0.717	0.00072314	0.00126033	0.927711	0	0.00144628	0.000495868	0.219512	0
	0.718	0.000743802	0.00109504	0.924699	0	0.00105372	0.000661157	0.219512	0
	0.719	0.000743802	0.00107438	0.924699	0	0.0010124	0.000599174	0.219512	0
	0.72	0.000599174	0.00109504	0.924699	0	0.00117769	0.000578512	0.219512	0
	0.721	0.000764463	0.000991736	0.924699	0	0.00109504	0.000578512	0.195122	0
	0.722	0.000702479	0.00113636	0.924699	0	0.0011157	0.000599174	0.195122	0
	0.723	0.000702479	0.00103306	0.924699	0	0.00128099	0.000619835	0.195122	0
	0.724	0.000785124	0.000971074	0.924699	0	0.0010124	0.000309917	0.195122	0
	0.725	0.000557851	0.00142562	0.924699	0	0.000971074	0.000433884	0.195122	0
	0.726	0.000578512	0.0011157	0.924699	0	0.000867769	0.000330579	0.2	0
	0.727	0.00072314	0.00109504	0.927492	0	0.000971074	0.000619835	0.2	0
	0.728	0.000764463	0.00109504	0.924471	0	0.00142562	0.000681818	0.205128	0
	0.729	0.000826446	0.00140496	0.924471	0	0.000991736	0.000516529	0.210526	0
	0.73	0.000495868	0.00121901	0.927273	0	0.00103306	0.00035124	0.184211	0
	0.731	0.000599174	0.00152893	0.930091	0	0.000991736	0.000454545	0.184211	0
	0.732	0.000661157	0.00109504	0.930091	0	0.000909091	0.000392562	0.189189	0
	0.733	0.000743802	0.00121901	0.932927	0	0.000950413	0.000454545	0.189189	0
	0.734	0.000785124	0.00115702	0.929878	0	0.0010124	0.00053719	0.194444	0
	0.735	0.00072314	0.00136364	0.929878	0	0.000764463	0.000433884	0.2	0
	0.736	0.00053719	0.000929752	0.932722	0	0.00088843	0.000516529	0.2	0
	0.737	0.000619835	0.000991736	0.932722	0	0.000578512	0.00035124	0.212121	0
	0.738	0.000805785	0.00136364	0.932722	0	0.000702479	0.000330579	0.212121	0
	0.739	0.000743802	0.000991736	0.935385	0	0.000971074	0.000433884	0.21875	0
	0.74	0.000557851	0.0010124	0.935385	0	0.000764463	0.000454545	0.225806	0
	0.741	0.000619835	0.00126033	0.935385	0	0.00072314	0.000413223	0.241379	0
	0.742	0.000661157	0.0010124	0.935385	0	0.000661157	0.000599174	0.241379	0
	0.743	0.000578512	0.00119835	0.932308	0	0.000640496	0.00053719	0.206897	0
	0.744	0.000619835	0.00107438	0.929231	0	0.000743802	0.000433884	0.206897	0
	0.745	0.000599174	0.00123967	0.931889	0	0.000640496	0.000619835	0.206897	0
	0.746	0.000661157	0.00115702	0.931677	0	0.000702479	0.000433884	0.172414	0
	0.747	0.000640496	0.00132231	0.928571	0	0.00035124	0.000454545	0.178571	0
	0.748	0.000743802	0.00130165	0.931464	0	0.000599174	0.000475207	0.178571	0
	0.749	0.000578512	0.00105372	0.925234	0	0.000599174	0.000454545	0.192308	0
	0.75	0.000495868	0.0013843	0.925234	0	0.000516529	0.000330579	0.2	0
	0.751	0.000785124	0.00126033	0.922118	0	0.000619835	0.000371901	0.2	0
	0.752	0.000661157	0.00119835	0.919003	0	0.000661157	0.000475207	0.2	0
	0.753	0.00072314	0.00115702	0.919003	0	0.000454545	0.000454545	0.208333	0
	0.754	0.00072314	0.00117769	0.921875	0	0.000661157	0.000371901	0.166667	0
	0.755	0.000599174	0.00115702	0.921875	0	0.000433884	0.000330579	0.173913	0
	0.756	0.000475207	0.000971074	0.91875	0	0.000413223	0.00053719	0.173913	0
	0.757	0.000599174	0.00088843	0.91875	0	0.000413223	0.000309917	0.181818	0
	0.758	0.00072314	0.00113636	0.91875	0	0.000433884	0.000433884	0.190476	0
	0.759	0.000702479	0.00109504	0.92163	0	0.000516529	0.000371901	0.15	0
	0.76	0.000578512	0.000847107	0.924528	0	0.000247934	0.00035124	0.157895	0
	0.761	0.00072314	0.00113636	0.927445	0	0.000454545	0.000289256	0.157895	0
	0.762	0.000661157	0.00109504	0.927445	0	0.000289256	0.000454545	0.117647	0
	0.763	0.000764463	0.0010124	0.92429	0	0.000433884	0.00035124	0.117647	0
	0.764	0.000805785	0.00113636	0.92429	0	0.000247934	0.000578512	0.133333	0
	0.765	0.00053719	0.00134298	0.921136	0	0.000330579	0.000413223	0.133333	0
	0.766	0.00103306	0.00119835	0.917981	0	0.000392562	0.000309917	0.133333	0
	0.767	0.000764463	0.00134298	0.920886	0	0.000413223	0.000392562	0.142857	0
	0.768	0.000867769	0.000991736	0.914557	0	0.000413223	0.000413223	0.142857	0
	0.769	0.00072314	0.0011157	0.911392	0	0.000268595	0.000247934	0.142857	0
	0.77	0.000909091	0.00130165	0.905063	0	0.000516529	0.000330579	0.142857	0
	0.771	0.00072314	0.00103306	0.910828	0	0.000227273	0.000289256	0.142857	0
	0.772	0.000909091	0.00105372	0.910828	0	0.000206612	0.000454545	0.153846	0
	0.773	0.0010124	0.000971074	0.904459	0	0.000413223	0.000392562	0.166667	0
	0.774	0.000826446	0.000950413	0.907348	0	0.000309917	0.00035124	0.166667	0
	0.775	0.000743802	0.00113636	0.907348	0	0.000371901	0.000413223	0.181818	0
	0.776	0.000681818	0.00117769	0.907348	0	0.000289256	0.000247934	0.2	0
	0.777	0.000847107	0.000991736	0.907348	0	0.000247934	0.000227273	0.2	0
	0.778	0.000867769	0.0011157	0.900958	0	0.000392562	0.000495868	0.2	0
	0.779	0.00119835	0.000929752	0.900958	0	0.00035124	0.000392562	0.2	0
	0.78	0.000743802	0.00105372	0.903846	0	0.000392562	0.000309917	0.222222	0
	0.781	0.000785124	0.00121901	0.903537	0	0.000309917	0.000330579	0.222222	0
	0.782	0.00113636	0.00121901	0.900322	0	0.000330579	0.00035124	0.222222	0
	0.783	0.00105372	0.00107438	0.900322	0	0.000247934	0.000289256	0.222222	0
	0.784	0.000950413	0.000971074	0.897106	0	0.000371901	0.00053719	0.222222	0
	0.785	0.000950413	0.00107438	0.893891	0	0.000227273	0.000330579	0.222222	0
	0.786	0.00113636	0.0011157	0.890675	0	0.000206612	0.000289256	0.222222	0
	0.787	0.0010124	0.00146694	0.89644	0	0.000289256	0.00035124	0.222222	0
	0.788	0.000991736	0.000909091	0.89644	0	0.00018595	0.000309917	0.222222	0
	0.789	0.0013843	0.00105372	0.896104	0	0.000330579	0.000413223	0.25	0
	0.79	0.00109504	0.00134298	0.896104	0	0.000227273	0.000392562	0.25	0
	0.791	0.00136364	0.00134298	0.896104	0	0.00018595	0.000433884	0.285714	0
	0.792	0.0011157	0.00130165	0.892857	0	0.000247934	0.000454545	0.285714	0
	0.793	0.00119835	0.00113636	0.892857	0	8.26446e-05	0.00035124	0.285714	0
	0.794	0.00107438	0.000971074	0.892157	0	0.000206612	0.000309917	0.285714	0
	0.795	0.000909091	0.00115702	0.891803	0	0.000165289	0.000309917	0.285714	0
	0.796	0.00107438	0.00142562	0.891447	0	0.000144628	0.000413223	0.285714	0
	0.797	0.00109504	0.00117769	0.891447	0	0.00018595	0.000206612	0.285714	0
	0.798	0.000950413	0.00123967	0.891447	0	0.000123967	0.000206612	0.285714	0
	0.799	0.00115702	0.00134298	0.891447	0	0.00018595	0.00035124	0.285714	0
	0.8	0.00128099	0.00113636	0.888158	0	0.000144628	0.000206612	0.285714	0
	0.801	0.00119835	0.00105372	0.887789	0	0.000165289	0.000371901	0.285714	0
	0.802	0.00117769	0.0013843	0.884488	0	0.00018595	0.000413223	0.285714	0
	0.803	0.00126033	0.0011157	0.881188	0	0.000123967	0.000371901	0.142857	0
	0.804	0.00144628	0.00134298	0.877888	0	0.000123967	0.000227273	0.142857	0
	0.805	0.00109504	0.00130165	0.871287	0	6.19835e-05	0.000268595	0.142857	0
	0.806	0.00113636	0.00130165	0.871287	0	4.13223e-05	0.000206612	0.142857	0
	0.807	0.00140496	0.00128099	0.871287	0	4.13223e-05	0.000330579	0.142857	0
	0.808	0.00128099	0.00130165	0.871287	0	0.000123967	0.000413223	0.142857	0
	0.809	0.00113636	0.00109504	0.874172	0	6.19835e-05	0.000392562	0.166667	0
	0.81	0.00119835	0.000971074	0.870861	0	2.06612e-05	0.00018595	0.166667	0
	0.811	0.0013843	0.000971074	0.86755	0	2.06612e-05	0.000289256	0.2	0
	0.812	0.00157025	0.000909091	0.86755	0	4.13223e-05	0.000206612	0.2	0
	0.813	0.00105372	0.000847107	0.864238	0	6.19835e-05	0.000330579	0.2	0
	0.814	0.00128099	0.00157025	0.860927	0	0.000103306	0.000309917	0.2	0
	0.815	0.00173554	0.00126033	0.863333	0	4.13223e-05	0.000289256	0.2	0
	0.816	0.00152893	0.00134298	0.868687	0	8.26446e-05	0.000289256	0.2	0
	0.817	0.00150826	0.00119835	0.868687	0	2.06612e-05	0.000165289	0.2	0
	0.818	0.0011157	0.00150826	0.868687	0	0	0.000289256	0.2	0
	0.819	0.00103306	0.0013843	0.861953	0	0	0.000227273	0.2	0
	0.82	0.00152893	0.000971074	0.858586	0	4.13223e-05	0.000247934	0.2	0
	0.821	0.00144628	0.00128099	0.858108	0	0	0.000495868	0.2	0
	0.822	0.00171488	0.000909091	0.854237	0	2.06612e-05	0.00035124	0.2	0
	0.823	0.00150826	0.00107438	0.853741	0	8.26446e-05	0.00018595	0.2	0
	0.824	0.00154959	0.00115702	0.853741	0	2.06612e-05	0.00018595	0.25	0
	0.825	0.00163223	0.0011157	0.853242	0	0	0.00018595	0.25	0
	0.826	0.00136364	0.000971074	0.856164	0	6.19835e-05	0.000330579	0.25	0
	0.827	0.00142562	0.00126033	0.856164	0	4.13223e-05	0.000123967	0.333333	0
	0.828	0.00142562	0.0013843	0.85274	0	4.13223e-05	0.00018595	0.333333	0
	0.829	0.00123967	0.00128099	0.85274	0	2.06612e-05	0.000330579	0.5	0
	0.83	0.00126033	0.0011157	0.85274	0	0	0.000268595	0.5	0
	0.831	0.00146694	0.00130165	0.85274	0	0	6.19835e-05	0.5	0
	0.832	0.00161157	0.00140496	0.848276	0	6.19835e-05	0.000206612	0.5	0
	0.833	0.00163223	0.00109504	0.847751	0	4.13223e-05	0.000227273	0.5	0
	0.834	0.00157025	0.00136364	0.853659	0	2.06612e-05	0.000309917	0.5	0
	0.835	0.00181818	0.00119835	0.853659	0	2.06612e-05	0.000103306	0.5	0
	0.836	0.00144628	0.000909091	0.853147	0	4.13223e-05	0.000268595	0.5	0
	0.837	0.00165289	0.00105372	0.85614	0	6.19835e-05	0.000206612	0.5	0
	0.838	0.00140496	0.00103306	0.859155	0	8.26446e-05	0.000144628	0.5	0
	0.839	0.00165289	0.00140496	0.859155	0	0.000123967	0.000165289	0.5	0
	0.84	0.00109504	0.000950413	0.862191	0	6.19835e-05	0.000247934	0.5	0
	0.841	0.0010124	0.00121901	0.865248	0	6.19835e-05	0.000227273	0.5	0
	0.842	0.00198347	0.00146694	0.861702	0	2.06612e-05	0.000165289	0.5	0
	0.843	0.00136364	0.00128099	0.851064	0	2.06612e-05	0.000206612	0.5	0
	0.844	0.00163223	0.00132231	0.854093	0	8.26446e-05	0.000206612	0.5	0
	0.845	0.00157025	0.00142562	0.853047	0	0.000103306	0.000144628	0.5	0
	0.846	0.00152893	0.00113636	0.849462	0	4.13223e-05	0.000206612	0.5	0
	0.847	0.00144628	0.00126033	0.849462	0	0.000123967	0.000227273	0.5	0
	0.848	0.00152893	0.000950413	0.849462	0	8.26446e-05	0.000123967	0.5	0
	0.849	0.0013843	0.00128099	0.848921	0	0.000103306	0.000227273	0.5	0
	0.85	0.00109504	0.00126033	0.848921	0	2.06612e-05	0.000206612	0.5	0
	0.851	0.00165289	0.00109504	0.848921	0	8.26446e-05	0.000165289	0.5	0
	0.852	0.00150826	0.00126033	0.851449	0	0	0.000206612	0.5	0
	0.853	0.00130165	0.0010124	0.857664	0	0	0.000247934	0.5	0
	0.854	0.00123967	0.00113636	0.860294	0	0.000144628	0.000206612	0.5	0
	0.855	0.00144628	0.0011157	0.860294	0	2.06612e-05	0.000165289	0.5	0
	0.856	0.00177686	0.00134298	0.856618	0	4.13223e-05	0.000227273	0.5	0
	0.857	0.00173554	0.00123967	0.859779	0	0.000103306	0.000103306	0.5	0
	0.858	0.00117769	0.00105372	0.859779	0	0	0.000165289	0.5	0
	0.859	0.00126033	0.00123967	0.862963	0	2.06612e-05	0.000144628	0.5	0
	0.86	0.00119835	0.0011157	0.866171	0	6.19835e-05	6.19835e-05	0.5	0
	0.861	0.00119835	0.00134298	0.866171	0	2.06612e-05	0.000103306	0.5	0
	0.862	0.00140496	0.00140496	0.869403	0	0	0.000103306	0.5	0
	0.863	0.00146694	0.00128099	0.868914	0	0	0.000165289	0.5	0
	0.864	0.00126033	0.0013843	0.865169	0	0	8.26446e-05	0.5	0
	0.865	0.00134298	0.00128099	0.865169	0	2.06612e-05	0.000247934	0.5	0
	0.866	0.00128099	0.00134298	0.875	0	2.06612e-05	0.000144628	0.5	0
	0.867	0.00119835	0.00105372	0.878327	0	0	0.000123967	0.5	0
	0.868	0.00152893	0.00117769	0.881679	0	0	0.000103306	0.5	0
	0.869	0.00142562	0.00113636	0.877863	0	0	0.000227273	0.5	0
	0.87	0.00144628	0.00115702	0.877395	0	0	0.000123967	0.5	0
	0.871	0.000991736	0.00150826	0.876923	0	0	4.13223e-05	0.5	0
	0.872	0.00134298	0.0013843	0.876923	0	0	0.000144628	0.5	0
	0.873	0.00103306	0.00150826	0.869231	0	0	6.19835e-05	0.5	0
	0.874	0.00121901	0.000909091	0.868726	0	2.06612e-05	0.000123967	0.5	0
	0.875	0.00107438	0.00119835	0.868217	0	0	0.000247934	1	0
	0.876	0.00107438	0.00142562	0.871595	0	0	8.26446e-05	1	0
	0.877	0.0011157	0.00142562	0.87451	0	0	6.19835e-05	1	0
	0.878	0.000867769	0.00144628	0.87451	0	0	8.26446e-05	1	0
	0.879	0.00105372	0.00140496	0.87451	0	0	0.000123967	1	0
	0.88	0.000971074	0.00121901	0.877953	0	0	4.13223e-05	1	0
	0.881	0.000929752	0.00117769	0.881423	0	0	0.000123967	1	0
	0.882	0.00107438	0.0014876	0.87747	0	0	0.000165289	1	0
	0.883	0.0011157	0.00128099	0.87747	0	0	0.000103306	1	0
	0.884	0.00134298	0.00183884	0.876984	0	0	8.26446e-05	1	0
	0.885	0.00115702	0.00128099	0.88	0	0	0.000103306	1	0
	0.886	0.0013843	0.00123967	0.879518	0	0	4.13223e-05	1	0
	0.887	0.00117769	0.00132231	0.88664	0	0	0.000103306	1	0
	0.888	0.000971074	0.00192149	0.890244	0	0	0.000103306	1	0
	0.889	0.00113636	0.00140496	0.886179	0	0	0.000123967	1	0
	0.89	0.00119835	0.00144628	0.877551	0	0	6.19835e-05	1	0
	0.891	0.00119835	0.00128099	0.877049	0	0	0.00018595	1	0
	0.892	0.00132231	0.00132231	0.880658	0	0	2.06612e-05	1	0
	0.893	0.00119835	0.00179752	0.880658	0	0	4.13223e-05	1	0
	0.894	0.00123967	0.00113636	0.884298	0	0	0.000165289	1	0
	0.895	0.00119835	0.00152893	0.887967	0	0	0.000144628	1	0
	0.896	0.00142562	0.00126033	0.887967	0	0	0.000123967	1	0
	0.897	0.00126033	0.00115702	0.891213	0	0	0.000123967	1	0
	0.898	0.000971074	0.00134298	0.882845	0	0	0.000103306	1	0
	0.899	0.00136364	0.0017562	0.882353	0	0	8.26446e-05	1	0
	0.9	0.00134298	0.00132231	0.881857	0	0	0.000103306	1	0
	0.901	0.00152893	0.00140496	0.885593	0	0	6.19835e-05	1	0
	0.902	0.00159091	0.00173554	0.885593	0	0	8.26446e-05	1	0
	0.903	0.00113636	0.00161157	0.872881	0	0	8.26446e-05	1	0
	0.904	0.00126033	0.00121901	0.872881	0	0	6.19835e-05	1	0
	0.905	0.00119835	0.00152893	0.868644	0	0	2.06612e-05	1	0
	0.906	0.00142562	0.00165289	0.860169	0	0	0.000123967	1	0
	0.907	0.00136364	0.00169421	0.86383	0	0	2.06612e-05	1	0
	0.908	0.00130165	0.00152893	0.86383	0	0	2.06612e-05	1	0
	0.909	0.00132231	0.00154959	0.859574	0	0	0.000165289	1	0
	0.91	0.00126033	0.00146694	0.855319	0	0	0.000144628	1	0
	0.911	0.00128099	0.00188017	0.858974	0	0	4.13223e-05	1	0
	0.912	0.00134298	0.00167355	0.87013	0	0	6.19835e-05	1	0
	0.913	0.00113636	0.0014876	0.865801	0	4.13223e-05	4.13223e-05	1	0
	0.914	0.00123967	0.0017562	0.857143	0	2.06612e-05	6.19835e-05	0	0
	0.915	0.00142562	0.00181818	0.857143	0	0	2.06612e-05	0	0
	0.916	0.00152893	0.0018595	0.856522	0	2.06612e-05	4.13223e-05	0	0
	0.917	0.00121901	0.00183884	0.855263	0	4.13223e-05	0	0	0
	0.918	0.00157025	0.00173554	0.855263	0	4.13223e-05	8.26446e-05	0	0
	0.919	0.00146694	0.00177686	0.850877	0	2.06612e-05	4.13223e-05	0	0
	0.92	0.00177686	0.00152893	0.853333	0	2.06612e-05	6.19835e-05	0	0
	0.921	0.00157025	0.00142562	0.856502	0	2.06612e-05	4.13223e-05	0	0
	0.922	0.00173554	0.00177686	0.855204	0	2.06612e-05	4.13223e-05	0	0
	0.923	0.00159091	0.00208678	0.846154	0	0	0.000123967	0	0
	0.924	0.00167355	0.00190083	0.846154	0	2.06612e-05	2.06612e-05	0	0
	0.925	0.00159091	0.00200413	0.841629	0	0	4.13223e-05	0	0
	0.926	0.00221074	0.00163223	0.841629	0	4.13223e-05	6.19835e-05	0	0
	0.927	0.00200413	0.0017562	0.841629	0	4.13223e-05	2.06612e-05	0	0
	0.928	0.00202479	0.0014876	0.841629	0	0.000123967	4.13223e-05	0	0
	0.929	0.00190083	0.00214876	0.837104	0	8.26446e-05	4.13223e-05	0	0
	0.93	0.00245868	0.00283058	0.836364	0	2.06612e-05	6.19835e-05	0	0
	0.931	0.00190083	0.00200413	0.836364	0	4.13223e-05	6.19835e-05	0	0
	0.932	0.00235537	0.00169421	0.831818	0	0.000123967	2.06612e-05	0	0
	0.933	0.00183884	0.00192149	0.83105	0	0.000123967	0	0	0
	0.934	0.00245868	0.00159091	0.826484	0	0.000123967	8.26446e-05	0	0
	0.935	0.00181818	0.00169421	0.824885	0	0.000123967	0	0	0
	0.936	0.00206612	0.00192149	0.824885	0	8.26446e-05	0	0	0
	0.937	0.00256198	0.00221074	0.836449	0	0.000123967	0	0	0
	0.938	0.00200413	0.00225207	0.831776	0	0.00018595	6.19835e-05	0	0
	0.939	0.00204545	0.00194215	0.82243	0	6.19835e-05	4.13223e-05	0	0
	0.94	0.00210744	0.00231405	0.826291	0	4.13223e-05	4.13223e-05	0	0
	0.941	0.00235537	0.00219008	0.821596	0	6.19835e-05	0	0	0
	0.942	0.00171488	0.00216942	0.820755	0	2.06612e-05	0	0	0
	0.943	0.00216942	0.00214876	0.815166	0	8.26446e-05	2.06612e-05	0	0
	0.944	0.00206612	0.00231405	0.818182	0	0.000103306	0	0	0
	0.945	0.00190083	0.00219008	0.821256	0	2.06612e-05	2.06612e-05	0	0
	0.946	0.00183884	0.00239669	0.820388	0	0	4.13223e-05	0	0
	0.947	0.00167355	0.00167355	0.819512	0	2.06612e-05	2.06612e-05	0	0
	0.948	0.00194215	0.00229339	0.808824	0	4.13223e-05	0	0	0
	0.949	0.00181818	0.00229339	0.79902	0	4.13223e-05	2.06612e-05	0	0
	0.95	0.00210744	0.00266529	0.789216	0	2.06612e-05	0	0	0
	0.951	0.00198347	0.00256198	0.791045	0	0	0	0	0
	0.952	0.00196281	0.00256198	0.78	0	2.06612e-05	0	0	0
	0.953	0.00204545	0.00245868	0.786802	0	0	0	0	0
	0.954	0.00190083	0.00258264	0.78866	0	0	0	0	0
	0.955	0.0025	0.00245868	0.773196	0	2.06612e-05	0	0	0
	0.956	0.00260331	0.00270661	0.737113	0	0	0	0	0
	0.957	0.00274793	0.00216942	0.734375	0	0	0	0	0
	0.958	0.00270661	0.00289256	0.723958	0	0	0	0	0
	0.959	0.00349174	0.00278926	0.701571	0	0	2.06612e-05	0	0
	0.96	0.00316116	0.00301653	0.689474	0	0	2.06612e-05	0	0
	0.961	0.00392562	0.00289256	0.670213	0	0	2.06612e-05	0	0
	0.962	0.00442149	0.00280992	0.67027	0	0	4.13223e-05	0	0
	0.963	0.00454545	0.00301653	0.652174	0	0	2.06612e-05	0	0
	0.964	0.00516529	0.00293388	0.641304	0	0	2.06612e-05	0	0
	0.965	0.00590909	0.00264463	0.622951	0	0	0	0	0
	0.966	0.00516529	0.00340909	0.598901	0	0	4.13223e-05	0	0
	0.967	0.0068595	0.00301653	0.59116	0	0	0	0	0
	0.968	0.00661157	0.00260331	0.583333	0	0	0	0	0
	0.969	0.00626033	0.00338843	0.564246	0	0	0	0	0
	0.97	0.00669421	0.00278926	0.558659	0	0	0	0	0
	0.971	0.00704545	0.00365702	0.533708	0	0	2.06612e-05	0	0
	0.972	0.00797521	0.00355372	0.517045	0	0	0	0	0
	0.973	0.00917355	0.00347107	0.514286	0	0	0	0	0
	0.974	0.00882231	0.00400826	0.511628	0	0	0	0	0
	0.975	0.00842975	0.00363636	0.488372	0	0	0	0	0
	0.976	0.00789256	0.00376033	0.47929	0	0	0	0	0
	0.977	0.0077686	0.00303719	0.461078	0	0	0	0	0
	0.978	0.00826446	0.00373967	0.451807	0	0	0	0	0
	0.979	0.00878099	0.0036157	0.447853	0	0	0	0	0
	0.98	0.0078719	0.00347107	0.42236	0	0	0	0	0
	0.981	0.00876033	0.00347107	0.384615	0	0	0	0	0
	0.982	0.00842975	0.00326446	0.402685	0	0	2.06612e-05	0	0
	0.983	0.00737603	0.0032438	0.391608	0	0	0	0	0
	0.984	0.00762397	0.00316116	0.385714	0	0	0	0	0
	0.985	0.00878099	0.00307851	0.371212	0	0	0	0	0
	0.986	0.00859504	0.00247934	0.330645	0	0	0	0	0
	0.987	0.00950413	0.00272727	0.305785	0	0	0	0	0
	0.988	0.0100826	0.00330579	0.285714	0	0	0	0	0
	0.989	0.0112603	0.00254132	0.243478	0	0	0	0	0
	0.99	0.0117355	0.00274793	0.190909	0	0	0	0	0
	0.991	0.0120661	0.00289256	0.19	0	0	0	0	0
	0.992	0.0127479	0.00256198	0.197917	0	0	0	0	0
	0.993	0.0135537	0.0021281	0.144444	0	0	0	0	0
	0.994	0.0129752	0.00225207	0.116279	0	0	0	0	0
	0.995	0.012376	0.00165289	0.0864198	0	0	0	0	0
	0.996	0.0128926	0.000950413	0.0273973	0	0	0	0	0
	0.997	0.0135124	0.00134298	0.0147059	0	0	0	0	0
	0.998	0.0125	0.000929752	0.0188679	0	0	0	0	0
	0.999	0.0108884	0.000578512	0	0	0	0	0	0
	1	0.00716942	0.000578512	0	0	0	0	0	0


#	yrange	sparsity	# links	zeta	support at cross	fraction FP	support at cross2	fraction FP2
	0	0	0	0.0107236	0.958	0.333659	0.958	0.333659
	0.014	0	0	0.0107236	0.958	0.333659	0.958	0.333659
